MES_REFERENCIA,DATA,CODIGO_PERFIL_AGENTE,SIGLA_PERFIL_AGENTE,CLASSE_PERFIL_AGENTE,SUBMERCADO,CAPACIDADE_CARGA,CONSUMO_CARGA_ACL
,2023-01-01,48065.0,BASALTEAR CL 514,Consumidor Livre,SUL,12.0,0.104601
,2023-01-02,48065.0,BASALTEAR CL 514,Consumidor Livre,SUL,12.0,0.102892
,2023-01-03,48065.0,BASALTEAR CL 514,Consumidor Livre,SUL,12.0,0.101952
,2023-01-04,48065.0,BASALTEAR CL 514,Consumidor Livre,SUL,12.0,0.103082
,2023-01-05,48065.0,BASALTEAR CL 514,Consumidor Livre,SUL,12.0,0.10112
,2023-01-06,48065.0,BASALTEAR CL 514,Consumidor Livre,SUL,12.0,0.100849
,2023-01-07,48065.0,BASALTEAR CL 514,Consumidor Livre,SUL,12.0,0.114898
,2023-01-08,48065.0,BASALTEAR CL 514,Consumidor Livre,SUL,12.0,0.106117
,2023-01-09,48065.0,BASALTEAR CL 514,Consumidor Livre,SUL,12.0,2.464415
,2023-01-10,48065.0,BASALTEAR CL 514,Consumidor Livre,SUL,12.0,4.624234
,2023-01-11,48065.0,BASALTEAR CL 514,Consumidor Livre,SUL,12.0,4.87056
,2023-01-12,48065.0,BASALTEAR CL 514,Consumidor Livre,SUL,12.0,5.030704
,2023-01-13,48065.0,BASALTEAR CL 514,Consumidor Livre,SUL,12.0,4.536718
,2023-01-14,48065.0,BASALTEAR CL 514,Consumidor Livre,SUL,12.0,3.170375
,2023-01-15,48065.0,BASALTEAR CL 514,Consumidor Livre,SUL,12.0,0.5927560000000001
,2023-01-16,48065.0,BASALTEAR CL 514,Consumidor Livre,SUL,12.0,4.432259
,2023-01-17,48065.0,BASALTEAR CL 514,Consumidor Livre,SUL,12.0,5.569031
,2023-01-18,48065.0,BASALTEAR CL 514,Consumidor Livre,SUL,12.0,6.133594
,2023-01-19,48065.0,BASALTEAR CL 514,Consumidor Livre,SUL,12.0,5.018935
,2023-01-20,48065.0,BASALTEAR CL 514,Consumidor Livre,SUL,12.0,4.955028
,2023-01-21,48065.0,BASALTEAR CL 514,Consumidor Livre,SUL,12.0,2.720268
,2023-01-22,48065.0,BASALTEAR CL 514,Consumidor Livre,SUL,12.0,0.388573
,2023-01-23,48065.0,BASALTEAR CL 514,Consumidor Livre,SUL,12.0,4.976706
,2023-01-24,48065.0,BASALTEAR CL 514,Consumidor Livre,SUL,12.0,4.692325
,2023-01-25,48065.0,BASALTEAR CL 514,Consumidor Livre,SUL,12.0,4.867421
,2023-01-26,48065.0,BASALTEAR CL 514,Consumidor Livre,SUL,12.0,3.31785
,2023-01-27,48065.0,BASALTEAR CL 514,Consumidor Livre,SUL,12.0,2.261339
,2023-01-28,48065.0,BASALTEAR CL 514,Consumidor Livre,SUL,12.0,2.657304
,2023-01-29,48065.0,BASALTEAR CL 514,Consumidor Livre,SUL,12.0,0.223308
,2023-01-30,48065.0,BASALTEAR CL 514,Consumidor Livre,SUL,12.0,4.156559
,2023-01-31,48065.0,BASALTEAR CL 514,Consumidor Livre,SUL,12.0,4.237402
,2023-02-01,48065.0,BASALTEAR CL 514,Consumidor Livre,SUL,12.0,3.544204
,2023-02-02,48065.0,BASALTEAR CL 514,Consumidor Livre,SUL,12.0,3.800348
,2023-02-03,48065.0,BASALTEAR CL 514,Consumidor Livre,SUL,12.0,1.728764
,2023-02-04,48065.0,BASALTEAR CL 514,Consumidor Livre,SUL,12.0,1.64929
,2023-02-05,48065.0,BASALTEAR CL 514,Consumidor Livre,SUL,12.0,0.25346
,2023-02-06,48065.0,BASALTEAR CL 514,Consumidor Livre,SUL,12.0,0.996924
,2023-02-07,48065.0,BASALTEAR CL 514,Consumidor Livre,SUL,12.0,4.396191
,2023-02-08,48065.0,BASALTEAR CL 514,Consumidor Livre,SUL,12.0,4.560308
,2023-02-09,48065.0,BASALTEAR CL 514,Consumidor Livre,SUL,12.0,5.44385
,2023-02-10,48065.0,BASALTEAR CL 514,Consumidor Livre,SUL,12.0,5.061596
,2023-02-11,48065.0,BASALTEAR CL 514,Consumidor Livre,SUL,12.0,2.012336
,2023-02-12,48065.0,BASALTEAR CL 514,Consumidor Livre,SUL,12.0,0.366616
,2023-02-13,48065.0,BASALTEAR CL 514,Consumidor Livre,SUL,12.0,5.468427
,2023-02-14,48065.0,BASALTEAR CL 514,Consumidor Livre,SUL,12.0,5.838158
,2023-02-15,48065.0,BASALTEAR CL 514,Consumidor Livre,SUL,12.0,4.92344
,2023-02-16,48065.0,BASALTEAR CL 514,Consumidor Livre,SUL,12.0,4.998426
,2023-02-17,48065.0,BASALTEAR CL 514,Consumidor Livre,SUL,12.0,5.248566
,2023-02-18,48065.0,BASALTEAR CL 514,Consumidor Livre,SUL,12.0,0.379745
,2023-02-19,48065.0,BASALTEAR CL 514,Consumidor Livre,SUL,12.0,0.139446
,2023-02-20,48065.0,BASALTEAR CL 514,Consumidor Livre,SUL,12.0,0.317503
,2023-02-21,48065.0,BASALTEAR CL 514,Consumidor Livre,SUL,12.0,0.2655309999999999
,2023-02-22,48065.0,BASALTEAR CL 514,Consumidor Livre,SUL,12.0,5.8164370000000005
,2023-02-23,48065.0,BASALTEAR CL 514,Consumidor Livre,SUL,12.0,5.79453
,2023-02-24,48065.0,BASALTEAR CL 514,Consumidor Livre,SUL,12.0,6.043265
,2023-02-25,48065.0,BASALTEAR CL 514,Consumidor Livre,SUL,12.0,2.8455090000000003
,2023-02-26,48065.0,BASALTEAR CL 514,Consumidor Livre,SUL,12.0,0.48428
,2023-02-27,48065.0,BASALTEAR CL 514,Consumidor Livre,SUL,12.0,5.450785
,2023-02-28,48065.0,BASALTEAR CL 514,Consumidor Livre,SUL,12.0,4.716583
,2023-03-01,48065.0,BASALTEAR CL 514,Consumidor Livre,SUL,12.0,5.081432
,2023-03-02,48065.0,BASALTEAR CL 514,Consumidor Livre,SUL,12.0,4.179936
,2023-03-03,48065.0,BASALTEAR CL 514,Consumidor Livre,SUL,12.0,2.963726
,2023-03-04,48065.0,BASALTEAR CL 514,Consumidor Livre,SUL,12.0,1.260956
,2023-03-05,48065.0,BASALTEAR CL 514,Consumidor Livre,SUL,12.0,0.696188
,2023-03-06,48065.0,BASALTEAR CL 514,Consumidor Livre,SUL,12.0,3.446967
,2023-03-07,48065.0,BASALTEAR CL 514,Consumidor Livre,SUL,12.0,3.502484
,2023-03-08,48065.0,BASALTEAR CL 514,Consumidor Livre,SUL,12.0,3.188931
,2023-03-09,48065.0,BASALTEAR CL 514,Consumidor Livre,SUL,12.0,3.773129
,2023-03-10,48065.0,BASALTEAR CL 514,Consumidor Livre,SUL,12.0,4.055284
,2023-03-11,48065.0,BASALTEAR CL 514,Consumidor Livre,SUL,12.0,3.939482
,2023-03-12,48065.0,BASALTEAR CL 514,Consumidor Livre,SUL,12.0,0.451326
,2023-03-13,48065.0,BASALTEAR CL 514,Consumidor Livre,SUL,12.0,4.194208
,2023-03-14,48065.0,BASALTEAR CL 514,Consumidor Livre,SUL,12.0,4.5122480000000005
,2023-03-15,48065.0,BASALTEAR CL 514,Consumidor Livre,SUL,12.0,4.889811
,2023-03-16,48065.0,BASALTEAR CL 514,Consumidor Livre,SUL,12.0,5.450514
,2023-03-17,48065.0,BASALTEAR CL 514,Consumidor Livre,SUL,12.0,4.381229
,2023-03-18,48065.0,BASALTEAR CL 514,Consumidor Livre,SUL,12.0,2.918025
,2023-03-19,48065.0,BASALTEAR CL 514,Consumidor Livre,SUL,12.0,0.148101
,2023-03-20,48065.0,BASALTEAR CL 514,Consumidor Livre,SUL,12.0,4.265995
,2023-03-21,48065.0,BASALTEAR CL 514,Consumidor Livre,SUL,12.0,4.347414
,2023-03-22,48065.0,BASALTEAR CL 514,Consumidor Livre,SUL,12.0,5.723535
,2023-03-23,48065.0,BASALTEAR CL 514,Consumidor Livre,SUL,12.0,5.011703
,2023-03-24,48065.0,BASALTEAR CL 514,Consumidor Livre,SUL,12.0,4.831716
,2023-03-25,48065.0,BASALTEAR CL 514,Consumidor Livre,SUL,12.0,1.754548
,2023-03-26,48065.0,BASALTEAR CL 514,Consumidor Livre,SUL,12.0,0.2566049999999999
,2023-03-27,48065.0,BASALTEAR CL 514,Consumidor Livre,SUL,12.0,3.690891
,2023-03-28,48065.0,BASALTEAR CL 514,Consumidor Livre,SUL,12.0,4.290379
,2023-03-29,48065.0,BASALTEAR CL 514,Consumidor Livre,SUL,12.0,4.303634
,2023-03-30,48065.0,BASALTEAR CL 514,Consumidor Livre,SUL,12.0,5.0677330000000005
,2023-03-31,48065.0,BASALTEAR CL 514,Consumidor Livre,SUL,12.0,5.332921
,2023-04-01,48065.0,BASALTEAR CL 514,Consumidor Livre,SUL,12.0,1.906529
,2023-04-02,48065.0,BASALTEAR CL 514,Consumidor Livre,SUL,12.0,0.220808
,2023-04-03,48065.0,BASALTEAR CL 514,Consumidor Livre,SUL,12.0,2.763609
,2023-04-04,48065.0,BASALTEAR CL 514,Consumidor Livre,SUL,12.0,4.829962
,2023-04-05,48065.0,BASALTEAR CL 514,Consumidor Livre,SUL,12.0,5.142623
,2023-04-06,48065.0,BASALTEAR CL 514,Consumidor Livre,SUL,12.0,3.098528
,2023-04-07,48065.0,BASALTEAR CL 514,Consumidor Livre,SUL,12.0,0.123196
,2023-04-08,48065.0,BASALTEAR CL 514,Consumidor Livre,SUL,12.0,0.1202179999999999
,2023-04-09,48065.0,BASALTEAR CL 514,Consumidor Livre,SUL,12.0,0.286498
,2023-04-10,48065.0,BASALTEAR CL 514,Consumidor Livre,SUL,12.0,4.597352
,2023-04-11,48065.0,BASALTEAR CL 514,Consumidor Livre,SUL,12.0,5.405582
,2023-04-12,48065.0,BASALTEAR CL 514,Consumidor Livre,SUL,12.0,4.223218
,2023-04-13,48065.0,BASALTEAR CL 514,Consumidor Livre,SUL,12.0,4.239121
,2023-04-14,48065.0,BASALTEAR CL 514,Consumidor Livre,SUL,12.0,4.241165
,2023-04-15,48065.0,BASALTEAR CL 514,Consumidor Livre,SUL,12.0,3.475529
,2023-04-16,48065.0,BASALTEAR CL 514,Consumidor Livre,SUL,12.0,0.412108
,2023-04-17,48065.0,BASALTEAR CL 514,Consumidor Livre,SUL,12.0,3.82
,2023-04-18,48065.0,BASALTEAR CL 514,Consumidor Livre,SUL,12.0,4.851159
,2023-04-19,48065.0,BASALTEAR CL 514,Consumidor Livre,SUL,12.0,4.21243
,2023-04-20,48065.0,BASALTEAR CL 514,Consumidor Livre,SUL,12.0,4.424605
,2023-04-21,48065.0,BASALTEAR CL 514,Consumidor Livre,SUL,12.0,4.326315
,2023-04-22,48065.0,BASALTEAR CL 514,Consumidor Livre,SUL,12.0,2.320036
,2023-04-23,48065.0,BASALTEAR CL 514,Consumidor Livre,SUL,12.0,0.248788
,2023-04-24,48065.0,BASALTEAR CL 514,Consumidor Livre,SUL,12.0,4.439224
,2023-04-25,48065.0,BASALTEAR CL 514,Consumidor Livre,SUL,12.0,4.06131
,2023-04-26,48065.0,BASALTEAR CL 514,Consumidor Livre,SUL,12.0,4.339609
,2023-04-27,48065.0,BASALTEAR CL 514,Consumidor Livre,SUL,12.0,4.215542
,2023-04-28,48065.0,BASALTEAR CL 514,Consumidor Livre,SUL,12.0,4.796937
,2023-04-29,48065.0,BASALTEAR CL 514,Consumidor Livre,SUL,12.0,2.194138
,2023-04-30,48065.0,BASALTEAR CL 514,Consumidor Livre,SUL,12.0,0.351213
,2023-05-01,48065.0,BASALTEAR CL 514,Consumidor Livre,SUL,12.0,3.831033
,2023-05-02,48065.0,BASALTEAR CL 514,Consumidor Livre,SUL,12.0,4.646143
,2023-05-03,48065.0,BASALTEAR CL 514,Consumidor Livre,SUL,12.0,4.132994
,2023-05-04,48065.0,BASALTEAR CL 514,Consumidor Livre,SUL,12.0,4.814358
,2023-05-05,48065.0,BASALTEAR CL 514,Consumidor Livre,SUL,12.0,4.602039
,2023-05-06,48065.0,BASALTEAR CL 514,Consumidor Livre,SUL,12.0,2.342359
,2023-05-07,48065.0,BASALTEAR CL 514,Consumidor Livre,SUL,12.0,0.496068
,2023-05-08,48065.0,BASALTEAR CL 514,Consumidor Livre,SUL,12.0,4.393972
,2023-05-09,48065.0,BASALTEAR CL 514,Consumidor Livre,SUL,12.0,4.5227770000000005
,2023-05-10,48065.0,BASALTEAR CL 514,Consumidor Livre,SUL,12.0,4.601597
,2023-05-11,48065.0,BASALTEAR CL 514,Consumidor Livre,SUL,12.0,4.842454
,2023-05-12,48065.0,BASALTEAR CL 514,Consumidor Livre,SUL,12.0,4.181323
,2023-05-13,48065.0,BASALTEAR CL 514,Consumidor Livre,SUL,12.0,1.606388
,2023-05-14,48065.0,BASALTEAR CL 514,Consumidor Livre,SUL,12.0,0.301261
,2023-05-15,48065.0,BASALTEAR CL 514,Consumidor Livre,SUL,12.0,4.502266
,2023-05-16,48065.0,BASALTEAR CL 514,Consumidor Livre,SUL,12.0,3.691997
,2023-05-17,48065.0,BASALTEAR CL 514,Consumidor Livre,SUL,12.0,4.413043
,2023-05-18,48065.0,BASALTEAR CL 514,Consumidor Livre,SUL,12.0,4.733746
,2023-05-19,48065.0,BASALTEAR CL 514,Consumidor Livre,SUL,12.0,4.515198
,2023-05-20,48065.0,BASALTEAR CL 514,Consumidor Livre,SUL,12.0,1.363317
,2023-05-21,48065.0,BASALTEAR CL 514,Consumidor Livre,SUL,12.0,0.605888
,2023-05-22,48065.0,BASALTEAR CL 514,Consumidor Livre,SUL,12.0,5.132549
,2023-05-23,48065.0,BASALTEAR CL 514,Consumidor Livre,SUL,12.0,4.443849
,2023-05-24,48065.0,BASALTEAR CL 514,Consumidor Livre,SUL,12.0,3.936163
,2023-05-25,48065.0,BASALTEAR CL 514,Consumidor Livre,SUL,12.0,4.94887
,2023-05-26,48065.0,BASALTEAR CL 514,Consumidor Livre,SUL,12.0,5.092722
,2023-05-27,48065.0,BASALTEAR CL 514,Consumidor Livre,SUL,12.0,2.500876
,2023-05-28,48065.0,BASALTEAR CL 514,Consumidor Livre,SUL,12.0,0.323138
,2023-05-29,48065.0,BASALTEAR CL 514,Consumidor Livre,SUL,12.0,4.72291
,2023-05-30,48065.0,BASALTEAR CL 514,Consumidor Livre,SUL,12.0,4.321507
,2023-05-31,48065.0,BASALTEAR CL 514,Consumidor Livre,SUL,12.0,2.869822
,2023-06-01,48065.0,BASALTEAR CL 514,Consumidor Livre,SUL,12.0,4.784819
,2023-06-02,48065.0,BASALTEAR CL 514,Consumidor Livre,SUL,12.0,4.707303
,2023-06-03,48065.0,BASALTEAR CL 514,Consumidor Livre,SUL,12.0,2.465914
,2023-06-04,48065.0,BASALTEAR CL 514,Consumidor Livre,SUL,12.0,0.26892
,2023-06-05,48065.0,BASALTEAR CL 514,Consumidor Livre,SUL,12.0,4.952053
,2023-06-06,48065.0,BASALTEAR CL 514,Consumidor Livre,SUL,12.0,5.200741
,2023-06-07,48065.0,BASALTEAR CL 514,Consumidor Livre,SUL,12.0,3.271979
,2023-06-08,48065.0,BASALTEAR CL 514,Consumidor Livre,SUL,12.0,0.132394
,2023-06-09,48065.0,BASALTEAR CL 514,Consumidor Livre,SUL,12.0,0.128697
,2023-06-10,48065.0,BASALTEAR CL 514,Consumidor Livre,SUL,12.0,0.131975
,2023-06-11,48065.0,BASALTEAR CL 514,Consumidor Livre,SUL,12.0,0.194308
,2023-06-12,48065.0,BASALTEAR CL 514,Consumidor Livre,SUL,12.0,4.0468470000000005
,2023-06-13,48065.0,BASALTEAR CL 514,Consumidor Livre,SUL,12.0,4.111961
,2023-06-14,48065.0,BASALTEAR CL 514,Consumidor Livre,SUL,12.0,4.837118
,2023-06-15,48065.0,BASALTEAR CL 514,Consumidor Livre,SUL,12.0,5.136957
,2023-06-16,48065.0,BASALTEAR CL 514,Consumidor Livre,SUL,12.0,5.454992
,2023-06-17,48065.0,BASALTEAR CL 514,Consumidor Livre,SUL,12.0,2.977638
,2023-06-18,48065.0,BASALTEAR CL 514,Consumidor Livre,SUL,12.0,0.448455
,2023-06-19,48065.0,BASALTEAR CL 514,Consumidor Livre,SUL,12.0,5.402885
,2023-06-20,48065.0,BASALTEAR CL 514,Consumidor Livre,SUL,12.0,5.383785
,2023-06-21,48065.0,BASALTEAR CL 514,Consumidor Livre,SUL,12.0,5.866668
,2023-06-22,48065.0,BASALTEAR CL 514,Consumidor Livre,SUL,12.0,5.008673
,2023-06-23,48065.0,BASALTEAR CL 514,Consumidor Livre,SUL,12.0,4.75572
,2023-06-24,48065.0,BASALTEAR CL 514,Consumidor Livre,SUL,12.0,2.20065
,2023-06-25,48065.0,BASALTEAR CL 514,Consumidor Livre,SUL,12.0,0.317791
,2023-06-26,48065.0,BASALTEAR CL 514,Consumidor Livre,SUL,12.0,5.271908
,2023-06-27,48065.0,BASALTEAR CL 514,Consumidor Livre,SUL,12.0,4.794449
,2023-06-28,48065.0,BASALTEAR CL 514,Consumidor Livre,SUL,12.0,4.230854
,2023-06-29,48065.0,BASALTEAR CL 514,Consumidor Livre,SUL,12.0,4.982103
,2023-06-30,48065.0,BASALTEAR CL 514,Consumidor Livre,SUL,12.0,4.19213
,2023-07-01,48065.0,BASALTEAR CL 514,Consumidor Livre,SUL,12.0,1.529194
,2023-07-02,48065.0,BASALTEAR CL 514,Consumidor Livre,SUL,12.0,0.171168
,2023-07-03,48065.0,BASALTEAR CL 514,Consumidor Livre,SUL,12.0,4.415728
,2023-07-04,48065.0,BASALTEAR CL 514,Consumidor Livre,SUL,12.0,5.087748
,2023-07-05,48065.0,BASALTEAR CL 514,Consumidor Livre,SUL,12.0,5.173769
,2023-07-06,48065.0,BASALTEAR CL 514,Consumidor Livre,SUL,12.0,5.105012
,2023-07-07,48065.0,BASALTEAR CL 514,Consumidor Livre,SUL,12.0,4.8074580000000005
,2023-07-08,48065.0,BASALTEAR CL 514,Consumidor Livre,SUL,12.0,1.980414
,2023-07-09,48065.0,BASALTEAR CL 514,Consumidor Livre,SUL,12.0,0.210226
,2023-07-10,48065.0,BASALTEAR CL 514,Consumidor Livre,SUL,12.0,4.559287
,2023-07-11,48065.0,BASALTEAR CL 514,Consumidor Livre,SUL,12.0,5.0253060000000005
,2023-07-12,48065.0,BASALTEAR CL 514,Consumidor Livre,SUL,12.0,5.230749
,2023-07-13,48065.0,BASALTEAR CL 514,Consumidor Livre,SUL,12.0,4.559427
,2023-07-14,48065.0,BASALTEAR CL 514,Consumidor Livre,SUL,12.0,4.720513
,2023-07-15,48065.0,BASALTEAR CL 514,Consumidor Livre,SUL,12.0,3.435278
,2023-07-16,48065.0,BASALTEAR CL 514,Consumidor Livre,SUL,12.0,0.359865
,2023-07-17,48065.0,BASALTEAR CL 514,Consumidor Livre,SUL,12.0,5.1486540000000005
,2023-07-18,48065.0,BASALTEAR CL 514,Consumidor Livre,SUL,12.0,4.731322
,2023-07-19,48065.0,BASALTEAR CL 514,Consumidor Livre,SUL,12.0,3.577121
,2023-07-20,48065.0,BASALTEAR CL 514,Consumidor Livre,SUL,12.0,2.988659
,2023-07-21,48065.0,BASALTEAR CL 514,Consumidor Livre,SUL,12.0,4.212423
,2023-07-22,48065.0,BASALTEAR CL 514,Consumidor Livre,SUL,12.0,1.866076
,2023-07-23,48065.0,BASALTEAR CL 514,Consumidor Livre,SUL,12.0,0.358375
,2023-07-24,48065.0,BASALTEAR CL 514,Consumidor Livre,SUL,12.0,4.170084
,2023-07-25,48065.0,BASALTEAR CL 514,Consumidor Livre,SUL,12.0,4.86522
,2023-07-26,48065.0,BASALTEAR CL 514,Consumidor Livre,SUL,12.0,5.165503
,2023-07-27,48065.0,BASALTEAR CL 514,Consumidor Livre,SUL,12.0,4.256448
,2023-07-28,48065.0,BASALTEAR CL 514,Consumidor Livre,SUL,12.0,2.88896
,2023-07-29,48065.0,BASALTEAR CL 514,Consumidor Livre,SUL,12.0,1.951418
,2023-07-30,48065.0,BASALTEAR CL 514,Consumidor Livre,SUL,12.0,0.398732
,2023-07-31,48065.0,BASALTEAR CL 514,Consumidor Livre,SUL,12.0,2.83166
,2023-08-01,48065.0,BASALTEAR CL 514,Consumidor Livre,SUL,12.0,4.404543
,2023-08-02,48065.0,BASALTEAR CL 514,Consumidor Livre,SUL,12.0,4.692059
,2023-08-03,48065.0,BASALTEAR CL 514,Consumidor Livre,SUL,12.0,4.18996
,2023-08-04,48065.0,BASALTEAR CL 514,Consumidor Livre,SUL,12.0,4.906874
,2023-08-05,48065.0,BASALTEAR CL 514,Consumidor Livre,SUL,12.0,1.909653
,2023-08-06,48065.0,BASALTEAR CL 514,Consumidor Livre,SUL,12.0,0.380021
,2023-08-07,48065.0,BASALTEAR CL 514,Consumidor Livre,SUL,12.0,4.797793
,2023-08-08,48065.0,BASALTEAR CL 514,Consumidor Livre,SUL,12.0,4.868467
,2023-08-09,48065.0,BASALTEAR CL 514,Consumidor Livre,SUL,12.0,4.627822
,2023-08-10,48065.0,BASALTEAR CL 514,Consumidor Livre,SUL,12.0,4.956048
,2023-08-11,48065.0,BASALTEAR CL 514,Consumidor Livre,SUL,12.0,4.826836
,2023-08-12,48065.0,BASALTEAR CL 514,Consumidor Livre,SUL,12.0,1.814109
,2023-08-13,48065.0,BASALTEAR CL 514,Consumidor Livre,SUL,12.0,0.3382469999999999
,2023-08-14,48065.0,BASALTEAR CL 514,Consumidor Livre,SUL,12.0,4.236662
,2023-08-15,48065.0,BASALTEAR CL 514,Consumidor Livre,SUL,12.0,4.568523
,2023-08-16,48065.0,BASALTEAR CL 514,Consumidor Livre,SUL,12.0,4.58496
,2023-08-17,48065.0,BASALTEAR CL 514,Consumidor Livre,SUL,12.0,4.494345
,2023-08-18,48065.0,BASALTEAR CL 514,Consumidor Livre,SUL,12.0,5.539735
,2023-08-19,48065.0,BASALTEAR CL 514,Consumidor Livre,SUL,12.0,1.82134
,2023-08-20,48065.0,BASALTEAR CL 514,Consumidor Livre,SUL,12.0,0.3874539999999999
,2023-08-21,48065.0,BASALTEAR CL 514,Consumidor Livre,SUL,12.0,4.228334
,2023-08-22,48065.0,BASALTEAR CL 514,Consumidor Livre,SUL,12.0,3.778725
,2023-08-23,48065.0,BASALTEAR CL 514,Consumidor Livre,SUL,12.0,3.652286
,2023-08-24,48065.0,BASALTEAR CL 514,Consumidor Livre,SUL,12.0,3.256352
,2023-08-25,48065.0,BASALTEAR CL 514,Consumidor Livre,SUL,12.0,4.383623
,2023-08-26,48065.0,BASALTEAR CL 514,Consumidor Livre,SUL,12.0,2.093718
,2023-08-27,48065.0,BASALTEAR CL 514,Consumidor Livre,SUL,12.0,0.405434
,2023-08-28,48065.0,BASALTEAR CL 514,Consumidor Livre,SUL,12.0,5.068145
,2023-08-29,48065.0,BASALTEAR CL 514,Consumidor Livre,SUL,12.0,5.158345
,2023-08-30,48065.0,BASALTEAR CL 514,Consumidor Livre,SUL,12.0,4.534009
,2023-08-31,48065.0,BASALTEAR CL 514,Consumidor Livre,SUL,12.0,3.170072
,2023-09-01,48065.0,BASALTEAR CL 514,Consumidor Livre,SUL,12.0,4.715067
,2023-09-02,48065.0,BASALTEAR CL 514,Consumidor Livre,SUL,12.0,1.903424
,2023-09-03,48065.0,BASALTEAR CL 514,Consumidor Livre,SUL,12.0,0.268177
,2023-09-04,48065.0,BASALTEAR CL 514,Consumidor Livre,SUL,12.0,2.854185
,2023-09-05,48065.0,BASALTEAR CL 514,Consumidor Livre,SUL,12.0,4.48288
,2023-09-06,48065.0,BASALTEAR CL 514,Consumidor Livre,SUL,12.0,4.722059
,2023-09-07,48065.0,BASALTEAR CL 514,Consumidor Livre,SUL,12.0,3.579599
,2023-09-08,48065.0,BASALTEAR CL 514,Consumidor Livre,SUL,12.0,4.7377460000000005
,2023-09-09,48065.0,BASALTEAR CL 514,Consumidor Livre,SUL,12.0,1.882887
,2023-09-10,48065.0,BASALTEAR CL 514,Consumidor Livre,SUL,12.0,0.352082
,2023-09-11,48065.0,BASALTEAR CL 514,Consumidor Livre,SUL,12.0,4.793483
,2023-09-12,48065.0,BASALTEAR CL 514,Consumidor Livre,SUL,12.0,4.643335
,2023-09-13,48065.0,BASALTEAR CL 514,Consumidor Livre,SUL,12.0,2.937422
,2023-09-14,48065.0,BASALTEAR CL 514,Consumidor Livre,SUL,12.0,4.764991
,2023-09-15,48065.0,BASALTEAR CL 514,Consumidor Livre,SUL,12.0,2.20893
,2023-09-16,48065.0,BASALTEAR CL 514,Consumidor Livre,SUL,12.0,1.699746
,2023-09-17,48065.0,BASALTEAR CL 514,Consumidor Livre,SUL,12.0,0.335338
,2023-09-18,48065.0,BASALTEAR CL 514,Consumidor Livre,SUL,12.0,4.353497
,2023-09-19,48065.0,BASALTEAR CL 514,Consumidor Livre,SUL,12.0,4.950215
,2023-09-20,48065.0,BASALTEAR CL 514,Consumidor Livre,SUL,12.0,3.925577
,2023-09-21,48065.0,BASALTEAR CL 514,Consumidor Livre,SUL,12.0,3.969672
,2023-09-22,48065.0,BASALTEAR CL 514,Consumidor Livre,SUL,12.0,4.565134
,2023-09-23,48065.0,BASALTEAR CL 514,Consumidor Livre,SUL,12.0,2.906685
,2023-09-24,48065.0,BASALTEAR CL 514,Consumidor Livre,SUL,12.0,0.122275
,2023-09-25,48065.0,BASALTEAR CL 514,Consumidor Livre,SUL,12.0,4.325898
,2023-09-26,48065.0,BASALTEAR CL 514,Consumidor Livre,SUL,12.0,4.947499
,2023-09-27,48065.0,BASALTEAR CL 514,Consumidor Livre,SUL,12.0,4.687456
,2023-09-28,48065.0,BASALTEAR CL 514,Consumidor Livre,SUL,12.0,3.741288
,2023-09-29,48065.0,BASALTEAR CL 514,Consumidor Livre,SUL,12.0,4.643495
,2023-09-30,48065.0,BASALTEAR CL 514,Consumidor Livre,SUL,12.0,1.3382
,2023-10-01,48065.0,BASALTEAR CL 514,Consumidor Livre,SUL,12.0,0.266663
,2023-10-02,48065.0,BASALTEAR CL 514,Consumidor Livre,SUL,12.0,4.2999920000000005
,2023-10-03,48065.0,BASALTEAR CL 514,Consumidor Livre,SUL,12.0,5.1394150000000005
,2023-10-04,48065.0,BASALTEAR CL 514,Consumidor Livre,SUL,12.0,4.712027
,2023-10-05,48065.0,BASALTEAR CL 514,Consumidor Livre,SUL,12.0,4.323961
,2023-10-06,48065.0,BASALTEAR CL 514,Consumidor Livre,SUL,12.0,4.345907
,2023-10-07,48065.0,BASALTEAR CL 514,Consumidor Livre,SUL,12.0,1.755844
,2023-10-08,48065.0,BASALTEAR CL 514,Consumidor Livre,SUL,12.0,0.383704
,2023-10-09,48065.0,BASALTEAR CL 514,Consumidor Livre,SUL,12.0,4.724766
,2023-10-10,48065.0,BASALTEAR CL 514,Consumidor Livre,SUL,12.0,4.907561
,2023-10-11,48065.0,BASALTEAR CL 514,Consumidor Livre,SUL,12.0,5.329266
,2023-10-12,48065.0,BASALTEAR CL 514,Consumidor Livre,SUL,12.0,2.492823
,2023-10-13,48065.0,BASALTEAR CL 514,Consumidor Livre,SUL,12.0,4.469121
,2023-10-14,48065.0,BASALTEAR CL 514,Consumidor Livre,SUL,12.0,2.037744
,2023-10-15,48065.0,BASALTEAR CL 514,Consumidor Livre,SUL,12.0,0.176926
,2023-10-16,48065.0,BASALTEAR CL 514,Consumidor Livre,SUL,12.0,4.021402
,2023-10-17,48065.0,BASALTEAR CL 514,Consumidor Livre,SUL,12.0,4.510301
,2023-10-18,48065.0,BASALTEAR CL 514,Consumidor Livre,SUL,12.0,4.758121
,2023-10-19,48065.0,BASALTEAR CL 514,Consumidor Livre,SUL,12.0,4.452137
,2023-10-20,48065.0,BASALTEAR CL 514,Consumidor Livre,SUL,12.0,2.805654
,2023-10-21,48065.0,BASALTEAR CL 514,Consumidor Livre,SUL,12.0,1.726215
,2023-10-22,48065.0,BASALTEAR CL 514,Consumidor Livre,SUL,12.0,0.2425
,2023-10-23,48065.0,BASALTEAR CL 514,Consumidor Livre,SUL,12.0,4.784557
,2023-10-24,48065.0,BASALTEAR CL 514,Consumidor Livre,SUL,12.0,5.136717
,2023-10-25,48065.0,BASALTEAR CL 514,Consumidor Livre,SUL,12.0,5.288688
,2023-10-26,48065.0,BASALTEAR CL 514,Consumidor Livre,SUL,12.0,4.785565
,2023-10-27,48065.0,BASALTEAR CL 514,Consumidor Livre,SUL,12.0,4.834147
,2023-10-28,48065.0,BASALTEAR CL 514,Consumidor Livre,SUL,12.0,2.927711
,2023-10-29,48065.0,BASALTEAR CL 514,Consumidor Livre,SUL,12.0,0.272122
,2023-10-30,48065.0,BASALTEAR CL 514,Consumidor Livre,SUL,12.0,3.19221
,2023-10-31,48065.0,BASALTEAR CL 514,Consumidor Livre,SUL,12.0,4.532005
,2023-11-01,48065.0,BASALTEAR CL 514,Consumidor Livre,SUL,12.0,4.09699
,2023-11-02,48065.0,BASALTEAR CL 514,Consumidor Livre,SUL,12.0,0.132408
,2023-11-03,48065.0,BASALTEAR CL 514,Consumidor Livre,SUL,12.0,3.566739
,2023-11-04,48065.0,BASALTEAR CL 514,Consumidor Livre,SUL,12.0,3.726487
,2023-11-05,48065.0,BASALTEAR CL 514,Consumidor Livre,SUL,12.0,0.279467
,2023-11-06,48065.0,BASALTEAR CL 514,Consumidor Livre,SUL,12.0,2.926808
,2023-11-07,48065.0,BASALTEAR CL 514,Consumidor Livre,SUL,12.0,2.225781
,2023-11-08,48065.0,BASALTEAR CL 514,Consumidor Livre,SUL,12.0,2.553983
,2023-11-09,48065.0,BASALTEAR CL 514,Consumidor Livre,SUL,12.0,3.330703
,2023-11-10,48065.0,BASALTEAR CL 514,Consumidor Livre,SUL,12.0,4.045736
,2023-11-11,48065.0,BASALTEAR CL 514,Consumidor Livre,SUL,12.0,1.55334
,2023-11-12,48065.0,BASALTEAR CL 514,Consumidor Livre,SUL,12.0,0.122758
,2023-11-13,48065.0,BASALTEAR CL 514,Consumidor Livre,SUL,12.0,4.900469
,2023-11-14,48065.0,BASALTEAR CL 514,Consumidor Livre,SUL,12.0,5.422741
,2023-11-15,48065.0,BASALTEAR CL 514,Consumidor Livre,SUL,12.0,3.964545
,2023-11-16,48065.0,BASALTEAR CL 514,Consumidor Livre,SUL,12.0,4.859284
,2023-11-17,48065.0,BASALTEAR CL 514,Consumidor Livre,SUL,12.0,5.493749
,2023-11-18,48065.0,BASALTEAR CL 514,Consumidor Livre,SUL,12.0,1.880532
,2023-11-19,48065.0,BASALTEAR CL 514,Consumidor Livre,SUL,12.0,0.348246
,2023-11-20,48065.0,BASALTEAR CL 514,Consumidor Livre,SUL,12.0,5.120267
,2023-11-21,48065.0,BASALTEAR CL 514,Consumidor Livre,SUL,12.0,2.687729
,2023-11-22,48065.0,BASALTEAR CL 514,Consumidor Livre,SUL,12.0,2.362143
,2023-11-23,48065.0,BASALTEAR CL 514,Consumidor Livre,SUL,12.0,2.964026
,2023-11-24,48065.0,BASALTEAR CL 514,Consumidor Livre,SUL,12.0,4.75796
,2023-11-25,48065.0,BASALTEAR CL 514,Consumidor Livre,SUL,12.0,4.132484
,2023-11-26,48065.0,BASALTEAR CL 514,Consumidor Livre,SUL,12.0,0.362899
,2023-11-27,48065.0,BASALTEAR CL 514,Consumidor Livre,SUL,12.0,5.853063
,2023-11-28,48065.0,BASALTEAR CL 514,Consumidor Livre,SUL,12.0,4.763667
,2023-11-29,48065.0,BASALTEAR CL 514,Consumidor Livre,SUL,12.0,4.612854
,2023-11-30,48065.0,BASALTEAR CL 514,Consumidor Livre,SUL,12.0,5.125883
,2023-12-01,48065.0,BASALTEAR CL 514,Consumidor Livre,SUL,12.0,4.659616
,2023-12-02,48065.0,BASALTEAR CL 514,Consumidor Livre,SUL,12.0,3.670553
,2023-12-03,48065.0,BASALTEAR CL 514,Consumidor Livre,SUL,12.0,0.316714
,2023-12-04,48065.0,BASALTEAR CL 514,Consumidor Livre,SUL,12.0,4.397169
,2023-12-05,48065.0,BASALTEAR CL 514,Consumidor Livre,SUL,12.0,5.54883
,2023-12-06,48065.0,BASALTEAR CL 514,Consumidor Livre,SUL,12.0,4.603461
,2023-12-07,48065.0,BASALTEAR CL 514,Consumidor Livre,SUL,12.0,2.827222
,2023-12-08,48065.0,BASALTEAR CL 514,Consumidor Livre,SUL,12.0,4.937149
,2023-12-09,48065.0,BASALTEAR CL 514,Consumidor Livre,SUL,12.0,3.464114
,2023-12-10,48065.0,BASALTEAR CL 514,Consumidor Livre,SUL,12.0,0.321461
,2023-12-11,48065.0,BASALTEAR CL 514,Consumidor Livre,SUL,12.0,5.127697
,2023-12-12,48065.0,BASALTEAR CL 514,Consumidor Livre,SUL,12.0,5.186513
,2023-12-13,48065.0,BASALTEAR CL 514,Consumidor Livre,SUL,12.0,5.274925
,2023-12-14,48065.0,BASALTEAR CL 514,Consumidor Livre,SUL,12.0,3.755355
,2023-12-15,48065.0,BASALTEAR CL 514,Consumidor Livre,SUL,12.0,4.337526
,2023-12-16,48065.0,BASALTEAR CL 514,Consumidor Livre,SUL,12.0,1.064171
,2023-12-17,48065.0,BASALTEAR CL 514,Consumidor Livre,SUL,12.0,0.127886
,2023-12-18,48065.0,BASALTEAR CL 514,Consumidor Livre,SUL,12.0,0.997431
,2023-12-19,48065.0,BASALTEAR CL 514,Consumidor Livre,SUL,12.0,0.466327
,2023-12-20,48065.0,BASALTEAR CL 514,Consumidor Livre,SUL,12.0,0.1399
,2023-12-21,48065.0,BASALTEAR CL 514,Consumidor Livre,SUL,12.0,0.111595
,2023-12-22,48065.0,BASALTEAR CL 514,Consumidor Livre,SUL,12.0,0.231622
,2023-12-23,48065.0,BASALTEAR CL 514,Consumidor Livre,SUL,12.0,0.162265
,2023-12-24,48065.0,BASALTEAR CL 514,Consumidor Livre,SUL,12.0,0.161874
,2023-12-25,48065.0,BASALTEAR CL 514,Consumidor Livre,SUL,12.0,0.1486029999999999
,2023-12-26,48065.0,BASALTEAR CL 514,Consumidor Livre,SUL,12.0,0.204171
,2023-12-27,48065.0,BASALTEAR CL 514,Consumidor Livre,SUL,12.0,0.19252
,2023-12-28,48065.0,BASALTEAR CL 514,Consumidor Livre,SUL,12.0,0.15646
,2023-12-29,48065.0,BASALTEAR CL 514,Consumidor Livre,SUL,12.0,0.142527
,2023-12-30,48065.0,BASALTEAR CL 514,Consumidor Livre,SUL,12.0,0.097827
,2023-12-31,48065.0,BASALTEAR CL 514,Consumidor Livre,SUL,12.0,0.095714
,2024-01-01,48065.0,BASALTEAR CL 514,Consumidor Livre,SUL,12.0,0.097426
,2024-01-02,48065.0,BASALTEAR CL 514,Consumidor Livre,SUL,12.0,0.094947
,2024-01-03,48065.0,BASALTEAR CL 514,Consumidor Livre,SUL,12.0,0.095133
,2024-01-04,48065.0,BASALTEAR CL 514,Consumidor Livre,SUL,12.0,3.274197
,2024-01-05,48065.0,BASALTEAR CL 514,Consumidor Livre,SUL,12.0,4.020064
,2024-01-06,48065.0,BASALTEAR CL 514,Consumidor Livre,SUL,12.0,2.397275
,2024-01-07,48065.0,BASALTEAR CL 514,Consumidor Livre,SUL,12.0,0.142173
,2024-01-08,48065.0,BASALTEAR CL 514,Consumidor Livre,SUL,12.0,3.307551
,2024-01-09,48065.0,BASALTEAR CL 514,Consumidor Livre,SUL,12.0,4.099778
,2024-01-10,48065.0,BASALTEAR CL 514,Consumidor Livre,SUL,12.0,4.118373
,2024-01-11,48065.0,BASALTEAR CL 514,Consumidor Livre,SUL,12.0,4.364616
,2024-01-12,48065.0,BASALTEAR CL 514,Consumidor Livre,SUL,12.0,4.892957
,2024-01-13,48065.0,BASALTEAR CL 514,Consumidor Livre,SUL,12.0,1.534001
,2024-01-14,48065.0,BASALTEAR CL 514,Consumidor Livre,SUL,12.0,0.366247
,2024-01-15,48065.0,BASALTEAR CL 514,Consumidor Livre,SUL,12.0,3.504628
,2024-01-16,48065.0,BASALTEAR CL 514,Consumidor Livre,SUL,12.0,3.997096
,2024-01-17,48065.0,BASALTEAR CL 514,Consumidor Livre,SUL,12.0,3.841733
,2024-01-18,48065.0,BASALTEAR CL 514,Consumidor Livre,SUL,12.0,4.445397
,2024-01-19,48065.0,BASALTEAR CL 514,Consumidor Livre,SUL,12.0,4.837604
,2024-01-20,48065.0,BASALTEAR CL 514,Consumidor Livre,SUL,12.0,2.08097
,2024-01-21,48065.0,BASALTEAR CL 514,Consumidor Livre,SUL,12.0,0.679924
,2024-01-22,48065.0,BASALTEAR CL 514,Consumidor Livre,SUL,12.0,4.979059
,2024-01-23,48065.0,BASALTEAR CL 514,Consumidor Livre,SUL,12.0,4.806997
,2024-01-24,48065.0,BASALTEAR CL 514,Consumidor Livre,SUL,12.0,4.746939
,2024-01-25,48065.0,BASALTEAR CL 514,Consumidor Livre,SUL,12.0,3.59054
,2024-01-26,48065.0,BASALTEAR CL 514,Consumidor Livre,SUL,12.0,4.37905
,2024-01-27,48065.0,BASALTEAR CL 514,Consumidor Livre,SUL,12.0,1.249747
,2024-01-28,48065.0,BASALTEAR CL 514,Consumidor Livre,SUL,12.0,0.125424
,2024-01-29,48065.0,BASALTEAR CL 514,Consumidor Livre,SUL,12.0,4.16024
,2024-01-30,48065.0,BASALTEAR CL 514,Consumidor Livre,SUL,12.0,4.380465
,2024-01-31,48065.0,BASALTEAR CL 514,Consumidor Livre,SUL,12.0,3.633968
,2024-02-01,48065.0,BASALTEAR CL 514,Consumidor Livre,SUL,12.0,3.82263
,2024-02-02,48065.0,BASALTEAR CL 514,Consumidor Livre,SUL,12.0,4.9994060000000005
,2024-02-03,48065.0,BASALTEAR CL 514,Consumidor Livre,SUL,12.0,1.098336
,2024-02-04,48065.0,BASALTEAR CL 514,Consumidor Livre,SUL,12.0,0.142783
,2024-02-05,48065.0,BASALTEAR CL 514,Consumidor Livre,SUL,12.0,4.485912
,2024-02-06,48065.0,BASALTEAR CL 514,Consumidor Livre,SUL,12.0,5.09503
,2024-02-07,48065.0,BASALTEAR CL 514,Consumidor Livre,SUL,12.0,3.702029
,2024-02-08,48065.0,BASALTEAR CL 514,Consumidor Livre,SUL,12.0,4.535551
,2024-02-09,48065.0,BASALTEAR CL 514,Consumidor Livre,SUL,12.0,3.300965
,2024-02-10,48065.0,BASALTEAR CL 514,Consumidor Livre,SUL,12.0,0.163863
,2024-02-11,48065.0,BASALTEAR CL 514,Consumidor Livre,SUL,12.0,0.099817
,2024-02-12,48065.0,BASALTEAR CL 514,Consumidor Livre,SUL,12.0,0.093379
,2024-02-13,48065.0,BASALTEAR CL 514,Consumidor Livre,SUL,12.0,0.260505
,2024-02-14,48065.0,BASALTEAR CL 514,Consumidor Livre,SUL,12.0,4.702172
,2024-02-15,48065.0,BASALTEAR CL 514,Consumidor Livre,SUL,12.0,4.58556
,2024-02-16,48065.0,BASALTEAR CL 514,Consumidor Livre,SUL,12.0,5.229948
,2024-02-17,48065.0,BASALTEAR CL 514,Consumidor Livre,SUL,12.0,2.586479
,2024-02-18,48065.0,BASALTEAR CL 514,Consumidor Livre,SUL,12.0,0.232727
,2024-02-19,48065.0,BASALTEAR CL 514,Consumidor Livre,SUL,12.0,4.585973
,2024-02-20,48065.0,BASALTEAR CL 514,Consumidor Livre,SUL,12.0,4.446479
,2024-02-21,48065.0,BASALTEAR CL 514,Consumidor Livre,SUL,12.0,4.979606
,2024-02-22,48065.0,BASALTEAR CL 514,Consumidor Livre,SUL,12.0,5.255946
,2024-02-23,48065.0,BASALTEAR CL 514,Consumidor Livre,SUL,12.0,4.448024
,2024-02-24,48065.0,BASALTEAR CL 514,Consumidor Livre,SUL,12.0,1.369708
,2024-02-25,48065.0,BASALTEAR CL 514,Consumidor Livre,SUL,12.0,0.226974
,2024-02-26,48065.0,BASALTEAR CL 514,Consumidor Livre,SUL,12.0,4.249435
,2024-02-27,48065.0,BASALTEAR CL 514,Consumidor Livre,SUL,12.0,3.954987
,2024-02-28,48065.0,BASALTEAR CL 514,Consumidor Livre,SUL,12.0,3.024561
,2024-02-29,48065.0,BASALTEAR CL 514,Consumidor Livre,SUL,12.0,4.215189
202403.0,2024-03-01,48065.0,BASALTEAR CL 514,Consumidor Livre,SUL,12.0,4.053808
202403.0,2024-03-02,48065.0,BASALTEAR CL 514,Consumidor Livre,SUL,12.0,0.730386
202403.0,2024-03-03,48065.0,BASALTEAR CL 514,Consumidor Livre,SUL,12.0,0.311013
202403.0,2024-03-04,48065.0,BASALTEAR CL 514,Consumidor Livre,SUL,12.0,5.034692
202403.0,2024-03-05,48065.0,BASALTEAR CL 514,Consumidor Livre,SUL,12.0,5.296473
202403.0,2024-03-06,48065.0,BASALTEAR CL 514,Consumidor Livre,SUL,12.0,5.517542
202403.0,2024-03-07,48065.0,BASALTEAR CL 514,Consumidor Livre,SUL,12.0,4.459662
202403.0,2024-03-08,48065.0,BASALTEAR CL 514,Consumidor Livre,SUL,12.0,4.11864
202403.0,2024-03-09,48065.0,BASALTEAR CL 514,Consumidor Livre,SUL,12.0,3.366826
202403.0,2024-03-10,48065.0,BASALTEAR CL 514,Consumidor Livre,SUL,12.0,0.130093
202403.0,2024-03-11,48065.0,BASALTEAR CL 514,Consumidor Livre,SUL,12.0,4.562446
202403.0,2024-03-12,48065.0,BASALTEAR CL 514,Consumidor Livre,SUL,12.0,4.44735
202403.0,2024-03-13,48065.0,BASALTEAR CL 514,Consumidor Livre,SUL,12.0,5.301004
202403.0,2024-03-14,48065.0,BASALTEAR CL 514,Consumidor Livre,SUL,12.0,4.659138
202403.0,2024-03-15,48065.0,BASALTEAR CL 514,Consumidor Livre,SUL,12.0,2.989379
202403.0,2024-03-16,48065.0,BASALTEAR CL 514,Consumidor Livre,SUL,12.0,2.491177
202403.0,2024-03-17,48065.0,BASALTEAR CL 514,Consumidor Livre,SUL,12.0,0.274075
202403.0,2024-03-18,48065.0,BASALTEAR CL 514,Consumidor Livre,SUL,12.0,4.452248
202403.0,2024-03-19,48065.0,BASALTEAR CL 514,Consumidor Livre,SUL,12.0,4.402888
202403.0,2024-03-20,48065.0,BASALTEAR CL 514,Consumidor Livre,SUL,12.0,4.201618
202403.0,2024-03-21,48065.0,BASALTEAR CL 514,Consumidor Livre,SUL,12.0,3.548439
202403.0,2024-03-22,48065.0,BASALTEAR CL 514,Consumidor Livre,SUL,12.0,4.904796
202403.0,2024-03-23,48065.0,BASALTEAR CL 514,Consumidor Livre,SUL,12.0,3.103529
202403.0,2024-03-24,48065.0,BASALTEAR CL 514,Consumidor Livre,SUL,12.0,0.294424
202403.0,2024-03-25,48065.0,BASALTEAR CL 514,Consumidor Livre,SUL,12.0,4.221215
202403.0,2024-03-26,48065.0,BASALTEAR CL 514,Consumidor Livre,SUL,12.0,3.785241
202403.0,2024-03-27,48065.0,BASALTEAR CL 514,Consumidor Livre,SUL,12.0,4.977586
202403.0,2024-03-28,48065.0,BASALTEAR CL 514,Consumidor Livre,SUL,12.0,4.424676
202403.0,2024-03-29,48065.0,BASALTEAR CL 514,Consumidor Livre,SUL,12.0,0.133399
202403.0,2024-03-30,48065.0,BASALTEAR CL 514,Consumidor Livre,SUL,12.0,0.183541
202403.0,2024-03-31,48065.0,BASALTEAR CL 514,Consumidor Livre,SUL,12.0,0.204211
202404.0,2024-04-01,48065.0,BASALTEAR CL 514,Consumidor Livre,SUL,12.0,4.922178
202404.0,2024-04-02,48065.0,BASALTEAR CL 514,Consumidor Livre,SUL,12.0,4.816158
202404.0,2024-04-03,48065.0,BASALTEAR CL 514,Consumidor Livre,SUL,12.0,4.6744
202404.0,2024-04-04,48065.0,BASALTEAR CL 514,Consumidor Livre,SUL,12.0,5.336197
202404.0,2024-04-05,48065.0,BASALTEAR CL 514,Consumidor Livre,SUL,12.0,3.858588
202404.0,2024-04-06,48065.0,BASALTEAR CL 514,Consumidor Livre,SUL,12.0,1.7171
202404.0,2024-04-07,48065.0,BASALTEAR CL 514,Consumidor Livre,SUL,12.0,0.2869089999999999
202404.0,2024-04-08,48065.0,BASALTEAR CL 514,Consumidor Livre,SUL,12.0,4.960243
202404.0,2024-04-09,48065.0,BASALTEAR CL 514,Consumidor Livre,SUL,12.0,4.864702
202404.0,2024-04-10,48065.0,BASALTEAR CL 514,Consumidor Livre,SUL,12.0,4.455798
202404.0,2024-04-11,48065.0,BASALTEAR CL 514,Consumidor Livre,SUL,12.0,5.418698
202404.0,2024-04-12,48065.0,BASALTEAR CL 514,Consumidor Livre,SUL,12.0,5.731694
202404.0,2024-04-13,48065.0,BASALTEAR CL 514,Consumidor Livre,SUL,12.0,1.473799
202404.0,2024-04-14,48065.0,BASALTEAR CL 514,Consumidor Livre,SUL,12.0,0.304033
202404.0,2024-04-15,48065.0,BASALTEAR CL 514,Consumidor Livre,SUL,12.0,5.370434
202404.0,2024-04-16,48065.0,BASALTEAR CL 514,Consumidor Livre,SUL,12.0,3.713782
202404.0,2024-04-17,48065.0,BASALTEAR CL 514,Consumidor Livre,SUL,12.0,3.4286600000000003
202404.0,2024-04-18,48065.0,BASALTEAR CL 514,Consumidor Livre,SUL,12.0,4.645443
202404.0,2024-04-19,48065.0,BASALTEAR CL 514,Consumidor Livre,SUL,12.0,5.3857930000000005
202404.0,2024-04-20,48065.0,BASALTEAR CL 514,Consumidor Livre,SUL,12.0,1.647702
202404.0,2024-04-21,48065.0,BASALTEAR CL 514,Consumidor Livre,SUL,12.0,0.375573
202404.0,2024-04-22,48065.0,BASALTEAR CL 514,Consumidor Livre,SUL,12.0,5.85229
202404.0,2024-04-23,48065.0,BASALTEAR CL 514,Consumidor Livre,SUL,12.0,4.68304
202404.0,2024-04-24,48065.0,BASALTEAR CL 514,Consumidor Livre,SUL,12.0,3.351511
202404.0,2024-04-25,48065.0,BASALTEAR CL 514,Consumidor Livre,SUL,12.0,4.584485
202404.0,2024-04-26,48065.0,BASALTEAR CL 514,Consumidor Livre,SUL,12.0,5.630021
202404.0,2024-04-27,48065.0,BASALTEAR CL 514,Consumidor Livre,SUL,12.0,3.56508
202404.0,2024-04-28,48065.0,BASALTEAR CL 514,Consumidor Livre,SUL,12.0,0.298647
202404.0,2024-04-29,48065.0,BASALTEAR CL 514,Consumidor Livre,SUL,12.0,5.05374
202404.0,2024-04-30,48065.0,BASALTEAR CL 514,Consumidor Livre,SUL,12.0,5.303958
202405.0,2024-05-01,48065.0,BASALTEAR CL 514,Consumidor Livre,SUL,12.0,3.522763
202405.0,2024-05-02,48065.0,BASALTEAR CL 514,Consumidor Livre,SUL,12.0,0.228235
202405.0,2024-05-03,48065.0,BASALTEAR CL 514,Consumidor Livre,SUL,12.0,4.407075
202405.0,2024-05-04,48065.0,BASALTEAR CL 514,Consumidor Livre,SUL,12.0,0.997655
202405.0,2024-05-05,48065.0,BASALTEAR CL 514,Consumidor Livre,SUL,12.0,0.329098
202405.0,2024-05-06,48065.0,BASALTEAR CL 514,Consumidor Livre,SUL,12.0,5.218967
202405.0,2024-05-07,48065.0,BASALTEAR CL 514,Consumidor Livre,SUL,12.0,4.953913
202405.0,2024-05-08,48065.0,BASALTEAR CL 514,Consumidor Livre,SUL,12.0,5.078018
202405.0,2024-05-09,48065.0,BASALTEAR CL 514,Consumidor Livre,SUL,12.0,4.70652
202405.0,2024-05-10,48065.0,BASALTEAR CL 514,Consumidor Livre,SUL,12.0,4.212763
202405.0,2024-05-11,48065.0,BASALTEAR CL 514,Consumidor Livre,SUL,12.0,1.091001
202405.0,2024-05-12,48065.0,BASALTEAR CL 514,Consumidor Livre,SUL,12.0,0.223884
202405.0,2024-05-13,48065.0,BASALTEAR CL 514,Consumidor Livre,SUL,12.0,3.847026
202405.0,2024-05-14,48065.0,BASALTEAR CL 514,Consumidor Livre,SUL,12.0,4.573947
202405.0,2024-05-15,48065.0,BASALTEAR CL 514,Consumidor Livre,SUL,12.0,4.766006
202405.0,2024-05-16,48065.0,BASALTEAR CL 514,Consumidor Livre,SUL,12.0,5.632296
202405.0,2024-05-17,48065.0,BASALTEAR CL 514,Consumidor Livre,SUL,12.0,5.576948
202405.0,2024-05-18,48065.0,BASALTEAR CL 514,Consumidor Livre,SUL,12.0,1.216711
202405.0,2024-05-19,48065.0,BASALTEAR CL 514,Consumidor Livre,SUL,12.0,0.391842
202405.0,2024-05-20,48065.0,BASALTEAR CL 514,Consumidor Livre,SUL,12.0,5.179069
202405.0,2024-05-21,48065.0,BASALTEAR CL 514,Consumidor Livre,SUL,12.0,5.385114
202405.0,2024-05-22,48065.0,BASALTEAR CL 514,Consumidor Livre,SUL,12.0,4.590396
202405.0,2024-05-23,48065.0,BASALTEAR CL 514,Consumidor Livre,SUL,12.0,4.052625
202405.0,2024-05-24,48065.0,BASALTEAR CL 514,Consumidor Livre,SUL,12.0,3.752127
202405.0,2024-05-25,48065.0,BASALTEAR CL 514,Consumidor Livre,SUL,12.0,0.645545
202405.0,2024-05-26,48065.0,BASALTEAR CL 514,Consumidor Livre,SUL,12.0,0.252578
202405.0,2024-05-27,48065.0,BASALTEAR CL 514,Consumidor Livre,SUL,12.0,4.416658
202405.0,2024-05-28,48065.0,BASALTEAR CL 514,Consumidor Livre,SUL,12.0,4.733021
202405.0,2024-05-29,48065.0,BASALTEAR CL 514,Consumidor Livre,SUL,12.0,4.80375
202405.0,2024-05-30,48065.0,BASALTEAR CL 514,Consumidor Livre,SUL,12.0,0.39814
202405.0,2024-05-31,48065.0,BASALTEAR CL 514,Consumidor Livre,SUL,12.0,3.380812
202406.0,2024-06-01,48065.0,BASALTEAR CL 514,Consumidor Livre,SUL,12.0,1.651063
202406.0,2024-06-02,48065.0,BASALTEAR CL 514,Consumidor Livre,SUL,12.0,0.368921
202406.0,2024-06-03,48065.0,BASALTEAR CL 514,Consumidor Livre,SUL,12.0,5.497667
202406.0,2024-06-04,48065.0,BASALTEAR CL 514,Consumidor Livre,SUL,12.0,4.958531
202406.0,2024-06-05,48065.0,BASALTEAR CL 514,Consumidor Livre,SUL,12.0,4.699743
202406.0,2024-06-06,48065.0,BASALTEAR CL 514,Consumidor Livre,SUL,12.0,4.950362
202406.0,2024-06-07,48065.0,BASALTEAR CL 514,Consumidor Livre,SUL,12.0,4.070726
202406.0,2024-06-08,48065.0,BASALTEAR CL 514,Consumidor Livre,SUL,12.0,1.410749
202406.0,2024-06-09,48065.0,BASALTEAR CL 514,Consumidor Livre,SUL,12.0,0.385386
202406.0,2024-06-10,48065.0,BASALTEAR CL 514,Consumidor Livre,SUL,12.0,4.601157
202406.0,2024-06-11,48065.0,BASALTEAR CL 514,Consumidor Livre,SUL,12.0,5.006494
202406.0,2024-06-12,48065.0,BASALTEAR CL 514,Consumidor Livre,SUL,12.0,4.561428
202406.0,2024-06-13,48065.0,BASALTEAR CL 514,Consumidor Livre,SUL,12.0,4.359164
202406.0,2024-06-14,48065.0,BASALTEAR CL 514,Consumidor Livre,SUL,12.0,4.24588
202406.0,2024-06-15,48065.0,BASALTEAR CL 514,Consumidor Livre,SUL,12.0,0.98285
202406.0,2024-06-16,48065.0,BASALTEAR CL 514,Consumidor Livre,SUL,12.0,0.415313
202406.0,2024-06-17,48065.0,BASALTEAR CL 514,Consumidor Livre,SUL,12.0,5.28445
202406.0,2024-06-18,48065.0,BASALTEAR CL 514,Consumidor Livre,SUL,12.0,5.278205
202406.0,2024-06-19,48065.0,BASALTEAR CL 514,Consumidor Livre,SUL,12.0,5.018477
202406.0,2024-06-20,48065.0,BASALTEAR CL 514,Consumidor Livre,SUL,12.0,4.458437
202406.0,2024-06-21,48065.0,BASALTEAR CL 514,Consumidor Livre,SUL,12.0,4.188516
202406.0,2024-06-22,48065.0,BASALTEAR CL 514,Consumidor Livre,SUL,12.0,1.487178
202406.0,2024-06-23,48065.0,BASALTEAR CL 514,Consumidor Livre,SUL,12.0,0.343875
202406.0,2024-06-24,48065.0,BASALTEAR CL 514,Consumidor Livre,SUL,12.0,4.715254
202406.0,2024-06-25,48065.0,BASALTEAR CL 514,Consumidor Livre,SUL,12.0,4.468492
202406.0,2024-06-26,48065.0,BASALTEAR CL 514,Consumidor Livre,SUL,12.0,4.421694
202406.0,2024-06-27,48065.0,BASALTEAR CL 514,Consumidor Livre,SUL,12.0,4.650758
202406.0,2024-06-28,48065.0,BASALTEAR CL 514,Consumidor Livre,SUL,12.0,2.624757
202406.0,2024-06-29,48065.0,BASALTEAR CL 514,Consumidor Livre,SUL,12.0,1.208903
202406.0,2024-06-30,48065.0,BASALTEAR CL 514,Consumidor Livre,SUL,12.0,0.698538
202407.0,2024-07-01,48065.0,BASALTEAR CL 514,Consumidor Livre,SUL,12.0,2.758202
202407.0,2024-07-02,48065.0,BASALTEAR CL 514,Consumidor Livre,SUL,12.0,4.267763
202407.0,2024-07-03,48065.0,BASALTEAR CL 514,Consumidor Livre,SUL,12.0,4.383976
202407.0,2024-07-04,48065.0,BASALTEAR CL 514,Consumidor Livre,SUL,12.0,3.706353
202407.0,2024-07-05,48065.0,BASALTEAR CL 514,Consumidor Livre,SUL,12.0,4.382032
202407.0,2024-07-06,48065.0,BASALTEAR CL 514,Consumidor Livre,SUL,12.0,1.11029
202407.0,2024-07-07,48065.0,BASALTEAR CL 514,Consumidor Livre,SUL,12.0,0.375417
202407.0,2024-07-08,48065.0,BASALTEAR CL 514,Consumidor Livre,SUL,12.0,4.666058
202407.0,2024-07-09,48065.0,BASALTEAR CL 514,Consumidor Livre,SUL,12.0,3.409257
202407.0,2024-07-10,48065.0,BASALTEAR CL 514,Consumidor Livre,SUL,12.0,4.300599
202407.0,2024-07-11,48065.0,BASALTEAR CL 514,Consumidor Livre,SUL,12.0,3.888409
202407.0,2024-07-12,48065.0,BASALTEAR CL 514,Consumidor Livre,SUL,12.0,3.066057
202407.0,2024-07-13,48065.0,BASALTEAR CL 514,Consumidor Livre,SUL,12.0,1.318038
202407.0,2024-07-14,48065.0,BASALTEAR CL 514,Consumidor Livre,SUL,12.0,0.327487
202407.0,2024-07-15,48065.0,BASALTEAR CL 514,Consumidor Livre,SUL,12.0,3.873929
202407.0,2024-07-16,48065.0,BASALTEAR CL 514,Consumidor Livre,SUL,12.0,4.040346
202407.0,2024-07-17,48065.0,BASALTEAR CL 514,Consumidor Livre,SUL,12.0,4.502872
202407.0,2024-07-18,48065.0,BASALTEAR CL 514,Consumidor Livre,SUL,12.0,4.797851
202407.0,2024-07-19,48065.0,BASALTEAR CL 514,Consumidor Livre,SUL,12.0,3.429435
202407.0,2024-07-20,48065.0,BASALTEAR CL 514,Consumidor Livre,SUL,12.0,1.493065
202407.0,2024-07-21,48065.0,BASALTEAR CL 514,Consumidor Livre,SUL,12.0,0.255569
202407.0,2024-07-22,48065.0,BASALTEAR CL 514,Consumidor Livre,SUL,12.0,5.383183
202407.0,2024-07-23,48065.0,BASALTEAR CL 514,Consumidor Livre,SUL,12.0,5.327093
202407.0,2024-07-24,48065.0,BASALTEAR CL 514,Consumidor Livre,SUL,12.0,4.903693
202407.0,2024-07-25,48065.0,BASALTEAR CL 514,Consumidor Livre,SUL,12.0,5.560613
202407.0,2024-07-26,48065.0,BASALTEAR CL 514,Consumidor Livre,SUL,12.0,5.750294
202407.0,2024-07-27,48065.0,BASALTEAR CL 514,Consumidor Livre,SUL,12.0,1.739648
202407.0,2024-07-28,48065.0,BASALTEAR CL 514,Consumidor Livre,SUL,12.0,0.106668
202407.0,2024-07-29,48065.0,BASALTEAR CL 514,Consumidor Livre,SUL,12.0,4.138147
202407.0,2024-07-30,48065.0,BASALTEAR CL 514,Consumidor Livre,SUL,12.0,4.99477
202407.0,2024-07-31,48065.0,BASALTEAR CL 514,Consumidor Livre,SUL,12.0,5.113918
202408.0,2024-08-01,48065.0,BASALTEAR CL 514,Consumidor Livre,SUL,12.0,5.684973
202408.0,2024-08-02,48065.0,BASALTEAR CL 514,Consumidor Livre,SUL,12.0,5.173384
202408.0,2024-08-03,48065.0,BASALTEAR CL 514,Consumidor Livre,SUL,12.0,1.33655
202408.0,2024-08-04,48065.0,BASALTEAR CL 514,Consumidor Livre,SUL,12.0,0.267457
202408.0,2024-08-05,48065.0,BASALTEAR CL 514,Consumidor Livre,SUL,12.0,5.326117
202408.0,2024-08-06,48065.0,BASALTEAR CL 514,Consumidor Livre,SUL,12.0,5.716019
202408.0,2024-08-07,48065.0,BASALTEAR CL 514,Consumidor Livre,SUL,12.0,5.936606
202408.0,2024-08-08,48065.0,BASALTEAR CL 514,Consumidor Livre,SUL,12.0,6.392738
202408.0,2024-08-09,48065.0,BASALTEAR CL 514,Consumidor Livre,SUL,12.0,5.734392
202408.0,2024-08-10,48065.0,BASALTEAR CL 514,Consumidor Livre,SUL,12.0,1.297343
202408.0,2024-08-11,48065.0,BASALTEAR CL 514,Consumidor Livre,SUL,12.0,0.38533
202408.0,2024-08-12,48065.0,BASALTEAR CL 514,Consumidor Livre,SUL,12.0,6.057381
202408.0,2024-08-13,48065.0,BASALTEAR CL 514,Consumidor Livre,SUL,12.0,5.482922
202408.0,2024-08-14,48065.0,BASALTEAR CL 514,Consumidor Livre,SUL,12.0,4.625326
202408.0,2024-08-15,48065.0,BASALTEAR CL 514,Consumidor Livre,SUL,12.0,5.010895
202408.0,2024-08-16,48065.0,BASALTEAR CL 514,Consumidor Livre,SUL,12.0,4.293751
202408.0,2024-08-17,48065.0,BASALTEAR CL 514,Consumidor Livre,SUL,12.0,1.028022
202408.0,2024-08-18,48065.0,BASALTEAR CL 514,Consumidor Livre,SUL,12.0,0.407419
202408.0,2024-08-19,48065.0,BASALTEAR CL 514,Consumidor Livre,SUL,12.0,5.241208
202408.0,2024-08-20,48065.0,BASALTEAR CL 514,Consumidor Livre,SUL,12.0,5.407234
202408.0,2024-08-21,48065.0,BASALTEAR CL 514,Consumidor Livre,SUL,12.0,2.191245
202408.0,2024-08-22,48065.0,BASALTEAR CL 514,Consumidor Livre,SUL,12.0,3.849602
202408.0,2024-08-23,48065.0,BASALTEAR CL 514,Consumidor Livre,SUL,12.0,4.666975
202408.0,2024-08-24,48065.0,BASALTEAR CL 514,Consumidor Livre,SUL,12.0,0.989553
202408.0,2024-08-25,48065.0,BASALTEAR CL 514,Consumidor Livre,SUL,12.0,0.12595
202408.0,2024-08-26,48065.0,BASALTEAR CL 514,Consumidor Livre,SUL,12.0,3.933173
202408.0,2024-08-27,48065.0,BASALTEAR CL 514,Consumidor Livre,SUL,12.0,5.232525
202408.0,2024-08-28,48065.0,BASALTEAR CL 514,Consumidor Livre,SUL,12.0,6.214466
202408.0,2024-08-29,48065.0,BASALTEAR CL 514,Consumidor Livre,SUL,12.0,6.276679
202408.0,2024-08-30,48065.0,BASALTEAR CL 514,Consumidor Livre,SUL,12.0,6.413624
202408.0,2024-08-31,48065.0,BASALTEAR CL 514,Consumidor Livre,SUL,12.0,0.898238
202409.0,2024-09-01,48065.0,BASALTEAR CL 514,Consumidor Livre,SUL,12.0,0.443781
202409.0,2024-09-02,48065.0,BASALTEAR CL 514,Consumidor Livre,SUL,12.0,5.461303
202409.0,2024-09-03,48065.0,BASALTEAR CL 514,Consumidor Livre,SUL,12.0,4.8145
202409.0,2024-09-04,48065.0,BASALTEAR CL 514,Consumidor Livre,SUL,12.0,5.852577999999999
202409.0,2024-09-05,48065.0,BASALTEAR CL 514,Consumidor Livre,SUL,12.0,6.274588
202409.0,2024-09-06,48065.0,BASALTEAR CL 514,Consumidor Livre,SUL,12.0,6.228509
202409.0,2024-09-07,48065.0,BASALTEAR CL 514,Consumidor Livre,SUL,12.0,1.118548
202409.0,2024-09-08,48065.0,BASALTEAR CL 514,Consumidor Livre,SUL,12.0,0.131019
202409.0,2024-09-09,48065.0,BASALTEAR CL 514,Consumidor Livre,SUL,12.0,5.409375
202409.0,2024-09-10,48065.0,BASALTEAR CL 514,Consumidor Livre,SUL,12.0,5.863507
202409.0,2024-09-11,48065.0,BASALTEAR CL 514,Consumidor Livre,SUL,12.0,5.676435
202409.0,2024-09-12,48065.0,BASALTEAR CL 514,Consumidor Livre,SUL,12.0,5.22344
202409.0,2024-09-13,48065.0,BASALTEAR CL 514,Consumidor Livre,SUL,12.0,4.771883
202409.0,2024-09-14,48065.0,BASALTEAR CL 514,Consumidor Livre,SUL,12.0,1.554903
202409.0,2024-09-15,48065.0,BASALTEAR CL 514,Consumidor Livre,SUL,12.0,0.420195
202409.0,2024-09-16,48065.0,BASALTEAR CL 514,Consumidor Livre,SUL,12.0,4.658546
202409.0,2024-09-17,48065.0,BASALTEAR CL 514,Consumidor Livre,SUL,12.0,4.701387
202409.0,2024-09-18,48065.0,BASALTEAR CL 514,Consumidor Livre,SUL,12.0,5.714806
202409.0,2024-09-19,48065.0,BASALTEAR CL 514,Consumidor Livre,SUL,12.0,5.063564
202409.0,2024-09-20,48065.0,BASALTEAR CL 514,Consumidor Livre,SUL,12.0,3.212145
202409.0,2024-09-21,48065.0,BASALTEAR CL 514,Consumidor Livre,SUL,12.0,0.957032
202409.0,2024-09-22,48065.0,BASALTEAR CL 514,Consumidor Livre,SUL,12.0,0.338737
202409.0,2024-09-23,48065.0,BASALTEAR CL 514,Consumidor Livre,SUL,12.0,4.982944
202409.0,2024-09-24,48065.0,BASALTEAR CL 514,Consumidor Livre,SUL,12.0,5.390079
202409.0,2024-09-25,48065.0,BASALTEAR CL 514,Consumidor Livre,SUL,12.0,5.243876
202409.0,2024-09-26,48065.0,BASALTEAR CL 514,Consumidor Livre,SUL,12.0,4.056251
202409.0,2024-09-27,48065.0,BASALTEAR CL 514,Consumidor Livre,SUL,12.0,4.452295
202409.0,2024-09-28,48065.0,BASALTEAR CL 514,Consumidor Livre,SUL,12.0,0.790412
202409.0,2024-09-29,48065.0,BASALTEAR CL 514,Consumidor Livre,SUL,12.0,0.168819
202409.0,2024-09-30,48065.0,BASALTEAR CL 514,Consumidor Livre,SUL,12.0,2.360467
202410.0,2024-10-01,48065.0,BASALTEAR CL 514,Consumidor Livre,SUL,12.0,3.281838
202410.0,2024-10-02,48065.0,BASALTEAR CL 514,Consumidor Livre,SUL,12.0,2.834376
202410.0,2024-10-03,48065.0,BASALTEAR CL 514,Consumidor Livre,SUL,12.0,3.530299
202410.0,2024-10-04,48065.0,BASALTEAR CL 514,Consumidor Livre,SUL,12.0,5.035186
202410.0,2024-10-05,48065.0,BASALTEAR CL 514,Consumidor Livre,SUL,12.0,1.207161
202410.0,2024-10-06,48065.0,BASALTEAR CL 514,Consumidor Livre,SUL,12.0,0.425
202410.0,2024-10-07,48065.0,BASALTEAR CL 514,Consumidor Livre,SUL,12.0,4.85459
202410.0,2024-10-08,48065.0,BASALTEAR CL 514,Consumidor Livre,SUL,12.0,4.668931
202410.0,2024-10-09,48065.0,BASALTEAR CL 514,Consumidor Livre,SUL,12.0,3.577567
202410.0,2024-10-10,48065.0,BASALTEAR CL 514,Consumidor Livre,SUL,12.0,4.62802
202410.0,2024-10-11,48065.0,BASALTEAR CL 514,Consumidor Livre,SUL,12.0,5.086498
202410.0,2024-10-12,48065.0,BASALTEAR CL 514,Consumidor Livre,SUL,12.0,1.054028
202410.0,2024-10-13,48065.0,BASALTEAR CL 514,Consumidor Livre,SUL,12.0,0.544662
202410.0,2024-10-14,48065.0,BASALTEAR CL 514,Consumidor Livre,SUL,12.0,5.597819
202410.0,2024-10-15,48065.0,BASALTEAR CL 514,Consumidor Livre,SUL,12.0,5.716127999999999
202410.0,2024-10-16,48065.0,BASALTEAR CL 514,Consumidor Livre,SUL,12.0,5.391865
202410.0,2024-10-17,48065.0,BASALTEAR CL 514,Consumidor Livre,SUL,12.0,4.763114
202410.0,2024-10-18,48065.0,BASALTEAR CL 514,Consumidor Livre,SUL,12.0,5.249364
202410.0,2024-10-19,48065.0,BASALTEAR CL 514,Consumidor Livre,SUL,12.0,1.273641
202410.0,2024-10-20,48065.0,BASALTEAR CL 514,Consumidor Livre,SUL,12.0,0.345946
202410.0,2024-10-21,48065.0,BASALTEAR CL 514,Consumidor Livre,SUL,12.0,4.793088
202410.0,2024-10-22,48065.0,BASALTEAR CL 514,Consumidor Livre,SUL,12.0,4.555573
202410.0,2024-10-23,48065.0,BASALTEAR CL 514,Consumidor Livre,SUL,12.0,5.636915
202410.0,2024-10-24,48065.0,BASALTEAR CL 514,Consumidor Livre,SUL,12.0,5.127201
202410.0,2024-10-25,48065.0,BASALTEAR CL 514,Consumidor Livre,SUL,12.0,4.774144
202410.0,2024-10-26,48065.0,BASALTEAR CL 514,Consumidor Livre,SUL,12.0,0.8139649999999999
202410.0,2024-10-27,48065.0,BASALTEAR CL 514,Consumidor Livre,SUL,12.0,0.153345
202410.0,2024-10-28,48065.0,BASALTEAR CL 514,Consumidor Livre,SUL,12.0,4.604011
202410.0,2024-10-29,48065.0,BASALTEAR CL 514,Consumidor Livre,SUL,12.0,4.813974
202410.0,2024-10-30,48065.0,BASALTEAR CL 514,Consumidor Livre,SUL,12.0,4.924416
202410.0,2024-10-31,48065.0,BASALTEAR CL 514,Consumidor Livre,SUL,12.0,4.424137
202411.0,2024-11-01,48065.0,BASALTEAR CL 514,Consumidor Livre,SUL,12.0,4.16603
202411.0,2024-11-02,48065.0,BASALTEAR CL 514,Consumidor Livre,SUL,12.0,0.205929
202411.0,2024-11-03,48065.0,BASALTEAR CL 514,Consumidor Livre,SUL,12.0,0.460529
202411.0,2024-11-04,48065.0,BASALTEAR CL 514,Consumidor Livre,SUL,12.0,2.959631
202411.0,2024-11-05,48065.0,BASALTEAR CL 514,Consumidor Livre,SUL,12.0,4.724551
202411.0,2024-11-06,48065.0,BASALTEAR CL 514,Consumidor Livre,SUL,12.0,4.850087
202411.0,2024-11-07,48065.0,BASALTEAR CL 514,Consumidor Livre,SUL,12.0,5.307371
202411.0,2024-11-08,48065.0,BASALTEAR CL 514,Consumidor Livre,SUL,12.0,4.768593
202411.0,2024-11-09,48065.0,BASALTEAR CL 514,Consumidor Livre,SUL,12.0,1.10438
202411.0,2024-11-10,48065.0,BASALTEAR CL 514,Consumidor Livre,SUL,12.0,0.392965
202411.0,2024-11-11,48065.0,BASALTEAR CL 514,Consumidor Livre,SUL,12.0,4.430544
202411.0,2024-11-12,48065.0,BASALTEAR CL 514,Consumidor Livre,SUL,12.0,4.288642
202411.0,2024-11-13,48065.0,BASALTEAR CL 514,Consumidor Livre,SUL,12.0,4.327556
202411.0,2024-11-14,48065.0,BASALTEAR CL 514,Consumidor Livre,SUL,12.0,4.727314
202411.0,2024-11-15,48065.0,BASALTEAR CL 514,Consumidor Livre,SUL,12.0,1.072677
202411.0,2024-11-16,48065.0,BASALTEAR CL 514,Consumidor Livre,SUL,12.0,0.548557
202411.0,2024-11-17,48065.0,BASALTEAR CL 514,Consumidor Livre,SUL,12.0,0.145627
202411.0,2024-11-18,48065.0,BASALTEAR CL 514,Consumidor Livre,SUL,12.0,4.951812
202411.0,2024-11-19,48065.0,BASALTEAR CL 514,Consumidor Livre,SUL,12.0,4.931285
202411.0,2024-11-20,48065.0,BASALTEAR CL 514,Consumidor Livre,SUL,12.0,4.678856
202411.0,2024-11-21,48065.0,BASALTEAR CL 514,Consumidor Livre,SUL,12.0,5.115512
202411.0,2024-11-22,48065.0,BASALTEAR CL 514,Consumidor Livre,SUL,12.0,4.687584
202411.0,2024-11-23,48065.0,BASALTEAR CL 514,Consumidor Livre,SUL,12.0,0.677099
202411.0,2024-11-24,48065.0,BASALTEAR CL 514,Consumidor Livre,SUL,12.0,0.128881
202411.0,2024-11-25,48065.0,BASALTEAR CL 514,Consumidor Livre,SUL,12.0,3.930721
202411.0,2024-11-26,48065.0,BASALTEAR CL 514,Consumidor Livre,SUL,12.0,4.776248
202411.0,2024-11-27,48065.0,BASALTEAR CL 514,Consumidor Livre,SUL,12.0,4.92975
202411.0,2024-11-28,48065.0,BASALTEAR CL 514,Consumidor Livre,SUL,12.0,5.136025
202411.0,2024-11-29,48065.0,BASALTEAR CL 514,Consumidor Livre,SUL,12.0,4.2115160000000005
202411.0,2024-11-30,48065.0,BASALTEAR CL 514,Consumidor Livre,SUL,12.0,1.272777
202412.0,2024-12-01,48065.0,BASALTEAR CL 514,Consumidor Livre,SUL,12.0,0.358651
202412.0,2024-12-02,48065.0,BASALTEAR CL 514,Consumidor Livre,SUL,12.0,4.312213
202412.0,2024-12-03,48065.0,BASALTEAR CL 514,Consumidor Livre,SUL,12.0,4.065645
202412.0,2024-12-04,48065.0,BASALTEAR CL 514,Consumidor Livre,SUL,12.0,4.503349
202412.0,2024-12-05,48065.0,BASALTEAR CL 514,Consumidor Livre,SUL,12.0,4.870821
202412.0,2024-12-06,48065.0,BASALTEAR CL 514,Consumidor Livre,SUL,12.0,5.478279
202412.0,2024-12-07,48065.0,BASALTEAR CL 514,Consumidor Livre,SUL,12.0,1.241502
202412.0,2024-12-08,48065.0,BASALTEAR CL 514,Consumidor Livre,SUL,12.0,0.131076
202412.0,2024-12-09,48065.0,BASALTEAR CL 514,Consumidor Livre,SUL,12.0,4.804073
202412.0,2024-12-10,48065.0,BASALTEAR CL 514,Consumidor Livre,SUL,12.0,4.854751
202412.0,2024-12-11,48065.0,BASALTEAR CL 514,Consumidor Livre,SUL,12.0,5.050726
202412.0,2024-12-12,48065.0,BASALTEAR CL 514,Consumidor Livre,SUL,12.0,4.650784
202412.0,2024-12-13,48065.0,BASALTEAR CL 514,Consumidor Livre,SUL,12.0,2.839359
202412.0,2024-12-14,48065.0,BASALTEAR CL 514,Consumidor Livre,SUL,12.0,0.121378
202412.0,2024-12-15,48065.0,BASALTEAR CL 514,Consumidor Livre,SUL,12.0,0.064495
202412.0,2024-12-16,48065.0,BASALTEAR CL 514,Consumidor Livre,SUL,12.0,0.609267
202412.0,2024-12-17,48065.0,BASALTEAR CL 514,Consumidor Livre,SUL,12.0,1.021228
202412.0,2024-12-18,48065.0,BASALTEAR CL 514,Consumidor Livre,SUL,12.0,0.688796
202412.0,2024-12-19,48065.0,BASALTEAR CL 514,Consumidor Livre,SUL,12.0,0.092289
202412.0,2024-12-20,48065.0,BASALTEAR CL 514,Consumidor Livre,SUL,12.0,0.099555
202412.0,2024-12-21,48065.0,BASALTEAR CL 514,Consumidor Livre,SUL,12.0,0.10146
202412.0,2024-12-22,48065.0,BASALTEAR CL 514,Consumidor Livre,SUL,12.0,0.103532
202412.0,2024-12-23,48065.0,BASALTEAR CL 514,Consumidor Livre,SUL,12.0,0.10135
202412.0,2024-12-24,48065.0,BASALTEAR CL 514,Consumidor Livre,SUL,12.0,0.094618
202412.0,2024-12-25,48065.0,BASALTEAR CL 514,Consumidor Livre,SUL,12.0,0.088162
202412.0,2024-12-26,48065.0,BASALTEAR CL 514,Consumidor Livre,SUL,12.0,0.086216
202412.0,2024-12-27,48065.0,BASALTEAR CL 514,Consumidor Livre,SUL,12.0,0.086669
202412.0,2024-12-28,48065.0,BASALTEAR CL 514,Consumidor Livre,SUL,12.0,0.088792
202412.0,2024-12-29,48065.0,BASALTEAR CL 514,Consumidor Livre,SUL,12.0,0.088207
202412.0,2024-12-30,48065.0,BASALTEAR CL 514,Consumidor Livre,SUL,12.0,0.08772
202412.0,2024-12-31,48065.0,BASALTEAR CL 514,Consumidor Livre,SUL,12.0,0.088791
