MES_REFERENCIA,DATA,CODIGO_PERFIL_AGENTE,SIGLA_PERFIL_AGENTE,CLASSE_PERFIL_AGENTE,SUBMERCADO,CAPACIDADE_CARGA,CONSUMO_CARGA_ACL
,2022-09-01,49329.0,BIATEX LAMINADOS CL,Consumidor Livre,SUDESTE,24.0,9.701404
,2022-09-02,49329.0,BIATEX LAMINADOS CL,Consumidor Livre,SUDESTE,24.0,10.238069
,2022-09-03,49329.0,BIATEX LAMINADOS CL,Consumidor Livre,SUDESTE,24.0,6.301194
,2022-09-04,49329.0,BIATEX LAMINADOS CL,Consumidor Livre,SUDESTE,24.0,1.288621
,2022-09-05,49329.0,BIATEX LAMINADOS CL,Consumidor Livre,SUDESTE,24.0,6.786764
,2022-09-06,49329.0,BIATEX LAMINADOS CL,Consumidor Livre,SUDESTE,24.0,9.323665
,2022-09-07,49329.0,BIATEX LAMINADOS CL,Consumidor Livre,SUDESTE,24.0,10.402206
,2022-09-08,49329.0,BIATEX LAMINADOS CL,Consumidor Livre,SUDESTE,24.0,10.530427
,2022-09-09,49329.0,BIATEX LAMINADOS CL,Consumidor Livre,SUDESTE,24.0,9.815937
,2022-09-10,49329.0,BIATEX LAMINADOS CL,Consumidor Livre,SUDESTE,24.0,5.431695
,2022-09-11,49329.0,BIATEX LAMINADOS CL,Consumidor Livre,SUDESTE,24.0,2.22021
,2022-09-12,49329.0,BIATEX LAMINADOS CL,Consumidor Livre,SUDESTE,24.0,6.624579000000001
,2022-09-13,49329.0,BIATEX LAMINADOS CL,Consumidor Livre,SUDESTE,24.0,6.910993
,2022-09-14,49329.0,BIATEX LAMINADOS CL,Consumidor Livre,SUDESTE,24.0,7.884555
,2022-09-15,49329.0,BIATEX LAMINADOS CL,Consumidor Livre,SUDESTE,24.0,8.486369999999999
,2022-09-16,49329.0,BIATEX LAMINADOS CL,Consumidor Livre,SUDESTE,24.0,8.936453
,2022-09-17,49329.0,BIATEX LAMINADOS CL,Consumidor Livre,SUDESTE,24.0,9.735866
,2022-09-18,49329.0,BIATEX LAMINADOS CL,Consumidor Livre,SUDESTE,24.0,1.374097
,2022-09-19,49329.0,BIATEX LAMINADOS CL,Consumidor Livre,SUDESTE,24.0,4.398567
,2022-09-20,49329.0,BIATEX LAMINADOS CL,Consumidor Livre,SUDESTE,24.0,9.699563
,2022-09-21,49329.0,BIATEX LAMINADOS CL,Consumidor Livre,SUDESTE,24.0,10.343587
,2022-09-22,49329.0,BIATEX LAMINADOS CL,Consumidor Livre,SUDESTE,24.0,11.021812
,2022-09-23,49329.0,BIATEX LAMINADOS CL,Consumidor Livre,SUDESTE,24.0,10.140553
,2022-09-24,49329.0,BIATEX LAMINADOS CL,Consumidor Livre,SUDESTE,24.0,5.582163
,2022-09-25,49329.0,BIATEX LAMINADOS CL,Consumidor Livre,SUDESTE,24.0,2.125156
,2022-09-26,49329.0,BIATEX LAMINADOS CL,Consumidor Livre,SUDESTE,24.0,7.286564
,2022-09-27,49329.0,BIATEX LAMINADOS CL,Consumidor Livre,SUDESTE,24.0,10.748878
,2022-09-28,49329.0,BIATEX LAMINADOS CL,Consumidor Livre,SUDESTE,24.0,10.408036
,2022-09-29,49329.0,BIATEX LAMINADOS CL,Consumidor Livre,SUDESTE,24.0,11.664973
,2022-09-30,49329.0,BIATEX LAMINADOS CL,Consumidor Livre,SUDESTE,24.0,11.257117
,2022-10-01,49329.0,BIATEX LAMINADOS CL,Consumidor Livre,SUDESTE,24.0,6.468238
,2022-10-02,49329.0,BIATEX LAMINADOS CL,Consumidor Livre,SUDESTE,24.0,1.292639
,2022-10-03,49329.0,BIATEX LAMINADOS CL,Consumidor Livre,SUDESTE,24.0,8.00415
,2022-10-04,49329.0,BIATEX LAMINADOS CL,Consumidor Livre,SUDESTE,24.0,10.759518
,2022-10-05,49329.0,BIATEX LAMINADOS CL,Consumidor Livre,SUDESTE,24.0,11.428307
,2022-10-06,49329.0,BIATEX LAMINADOS CL,Consumidor Livre,SUDESTE,24.0,10.158261
,2022-10-07,49329.0,BIATEX LAMINADOS CL,Consumidor Livre,SUDESTE,24.0,11.570847
,2022-10-08,49329.0,BIATEX LAMINADOS CL,Consumidor Livre,SUDESTE,24.0,5.671277
,2022-10-09,49329.0,BIATEX LAMINADOS CL,Consumidor Livre,SUDESTE,24.0,2.067377
,2022-10-10,49329.0,BIATEX LAMINADOS CL,Consumidor Livre,SUDESTE,24.0,8.437056
,2022-10-11,49329.0,BIATEX LAMINADOS CL,Consumidor Livre,SUDESTE,24.0,11.131895
,2022-10-12,49329.0,BIATEX LAMINADOS CL,Consumidor Livre,SUDESTE,24.0,10.457282
,2022-10-13,49329.0,BIATEX LAMINADOS CL,Consumidor Livre,SUDESTE,24.0,11.087985
,2022-10-14,49329.0,BIATEX LAMINADOS CL,Consumidor Livre,SUDESTE,24.0,8.888597
,2022-10-15,49329.0,BIATEX LAMINADOS CL,Consumidor Livre,SUDESTE,24.0,5.486765
,2022-10-16,49329.0,BIATEX LAMINADOS CL,Consumidor Livre,SUDESTE,24.0,2.188631
,2022-10-17,49329.0,BIATEX LAMINADOS CL,Consumidor Livre,SUDESTE,24.0,8.705525
,2022-10-18,49329.0,BIATEX LAMINADOS CL,Consumidor Livre,SUDESTE,24.0,11.035854
,2022-10-19,49329.0,BIATEX LAMINADOS CL,Consumidor Livre,SUDESTE,24.0,10.64328
,2022-10-20,49329.0,BIATEX LAMINADOS CL,Consumidor Livre,SUDESTE,24.0,9.872138
,2022-10-21,49329.0,BIATEX LAMINADOS CL,Consumidor Livre,SUDESTE,24.0,12.116854
,2022-10-22,49329.0,BIATEX LAMINADOS CL,Consumidor Livre,SUDESTE,24.0,4.523975
,2022-10-23,49329.0,BIATEX LAMINADOS CL,Consumidor Livre,SUDESTE,24.0,1.393265
,2022-10-24,49329.0,BIATEX LAMINADOS CL,Consumidor Livre,SUDESTE,24.0,9.068275
,2022-10-25,49329.0,BIATEX LAMINADOS CL,Consumidor Livre,SUDESTE,24.0,12.201431
,2022-10-26,49329.0,BIATEX LAMINADOS CL,Consumidor Livre,SUDESTE,24.0,10.873758
,2022-10-27,49329.0,BIATEX LAMINADOS CL,Consumidor Livre,SUDESTE,24.0,11.271479
,2022-10-28,49329.0,BIATEX LAMINADOS CL,Consumidor Livre,SUDESTE,24.0,11.802293
,2022-10-29,49329.0,BIATEX LAMINADOS CL,Consumidor Livre,SUDESTE,24.0,4.5541
,2022-10-30,49329.0,BIATEX LAMINADOS CL,Consumidor Livre,SUDESTE,24.0,1.184469
,2022-10-31,49329.0,BIATEX LAMINADOS CL,Consumidor Livre,SUDESTE,24.0,8.411339
,2022-11-01,49329.0,BIATEX LAMINADOS CL,Consumidor Livre,SUDESTE,24.0,10.389006
,2022-11-02,49329.0,BIATEX LAMINADOS CL,Consumidor Livre,SUDESTE,24.0,9.304035
,2022-11-03,49329.0,BIATEX LAMINADOS CL,Consumidor Livre,SUDESTE,24.0,10.271009
,2022-11-04,49329.0,BIATEX LAMINADOS CL,Consumidor Livre,SUDESTE,24.0,9.621625
,2022-11-05,49329.0,BIATEX LAMINADOS CL,Consumidor Livre,SUDESTE,24.0,0.305039
,2022-11-06,49329.0,BIATEX LAMINADOS CL,Consumidor Livre,SUDESTE,24.0,0.161619
,2022-11-07,49329.0,BIATEX LAMINADOS CL,Consumidor Livre,SUDESTE,24.0,0.545465
,2022-11-08,49329.0,BIATEX LAMINADOS CL,Consumidor Livre,SUDESTE,24.0,12.731885
,2022-11-09,49329.0,BIATEX LAMINADOS CL,Consumidor Livre,SUDESTE,24.0,11.046786
,2022-11-10,49329.0,BIATEX LAMINADOS CL,Consumidor Livre,SUDESTE,24.0,10.354462
,2022-11-11,49329.0,BIATEX LAMINADOS CL,Consumidor Livre,SUDESTE,24.0,9.860156
,2022-11-12,49329.0,BIATEX LAMINADOS CL,Consumidor Livre,SUDESTE,24.0,4.4950090000000005
,2022-11-13,49329.0,BIATEX LAMINADOS CL,Consumidor Livre,SUDESTE,24.0,1.226101
,2022-11-14,49329.0,BIATEX LAMINADOS CL,Consumidor Livre,SUDESTE,24.0,7.326888
,2022-11-15,49329.0,BIATEX LAMINADOS CL,Consumidor Livre,SUDESTE,24.0,11.019457
,2022-11-16,49329.0,BIATEX LAMINADOS CL,Consumidor Livre,SUDESTE,24.0,10.217233
,2022-11-17,49329.0,BIATEX LAMINADOS CL,Consumidor Livre,SUDESTE,24.0,9.169525
,2022-11-18,49329.0,BIATEX LAMINADOS CL,Consumidor Livre,SUDESTE,24.0,9.463185
,2022-11-19,49329.0,BIATEX LAMINADOS CL,Consumidor Livre,SUDESTE,24.0,5.817837
,2022-11-20,49329.0,BIATEX LAMINADOS CL,Consumidor Livre,SUDESTE,24.0,1.237505
,2022-11-21,49329.0,BIATEX LAMINADOS CL,Consumidor Livre,SUDESTE,24.0,6.507933
,2022-11-22,49329.0,BIATEX LAMINADOS CL,Consumidor Livre,SUDESTE,24.0,9.390246
,2022-11-23,49329.0,BIATEX LAMINADOS CL,Consumidor Livre,SUDESTE,24.0,9.829411
,2022-11-24,49329.0,BIATEX LAMINADOS CL,Consumidor Livre,SUDESTE,24.0,7.446279
,2022-11-25,49329.0,BIATEX LAMINADOS CL,Consumidor Livre,SUDESTE,24.0,8.7991
,2022-11-26,49329.0,BIATEX LAMINADOS CL,Consumidor Livre,SUDESTE,24.0,4.669738
,2022-11-27,49329.0,BIATEX LAMINADOS CL,Consumidor Livre,SUDESTE,24.0,1.282138
,2022-11-28,49329.0,BIATEX LAMINADOS CL,Consumidor Livre,SUDESTE,24.0,0.156782
,2022-11-29,49329.0,BIATEX LAMINADOS CL,Consumidor Livre,SUDESTE,24.0,6.374985
,2022-11-30,49329.0,BIATEX LAMINADOS CL,Consumidor Livre,SUDESTE,24.0,8.944148
,2022-12-01,49329.0,BIATEX LAMINADOS CL,Consumidor Livre,SUDESTE,24.0,8.132077
,2022-12-02,49329.0,BIATEX LAMINADOS CL,Consumidor Livre,SUDESTE,24.0,7.427691
,2022-12-03,49329.0,BIATEX LAMINADOS CL,Consumidor Livre,SUDESTE,24.0,4.418545
,2022-12-04,49329.0,BIATEX LAMINADOS CL,Consumidor Livre,SUDESTE,24.0,1.340252
,2022-12-05,49329.0,BIATEX LAMINADOS CL,Consumidor Livre,SUDESTE,24.0,4.030228
,2022-12-06,49329.0,BIATEX LAMINADOS CL,Consumidor Livre,SUDESTE,24.0,7.006005
,2022-12-07,49329.0,BIATEX LAMINADOS CL,Consumidor Livre,SUDESTE,24.0,8.304979
,2022-12-08,49329.0,BIATEX LAMINADOS CL,Consumidor Livre,SUDESTE,24.0,7.056045
,2022-12-09,49329.0,BIATEX LAMINADOS CL,Consumidor Livre,SUDESTE,24.0,4.527869
,2022-12-10,49329.0,BIATEX LAMINADOS CL,Consumidor Livre,SUDESTE,24.0,7.221215
,2022-12-11,49329.0,BIATEX LAMINADOS CL,Consumidor Livre,SUDESTE,24.0,1.202183
,2022-12-12,49329.0,BIATEX LAMINADOS CL,Consumidor Livre,SUDESTE,24.0,5.969333
,2022-12-13,49329.0,BIATEX LAMINADOS CL,Consumidor Livre,SUDESTE,24.0,8.555154
,2022-12-14,49329.0,BIATEX LAMINADOS CL,Consumidor Livre,SUDESTE,24.0,8.184751
,2022-12-15,49329.0,BIATEX LAMINADOS CL,Consumidor Livre,SUDESTE,24.0,7.941336
,2022-12-16,49329.0,BIATEX LAMINADOS CL,Consumidor Livre,SUDESTE,24.0,8.560251
,2022-12-17,49329.0,BIATEX LAMINADOS CL,Consumidor Livre,SUDESTE,24.0,4.520661
,2022-12-18,49329.0,BIATEX LAMINADOS CL,Consumidor Livre,SUDESTE,24.0,1.159635
,2022-12-19,49329.0,BIATEX LAMINADOS CL,Consumidor Livre,SUDESTE,24.0,5.811205
,2022-12-20,49329.0,BIATEX LAMINADOS CL,Consumidor Livre,SUDESTE,24.0,5.392720000000001
,2022-12-21,49329.0,BIATEX LAMINADOS CL,Consumidor Livre,SUDESTE,24.0,0.254932
,2022-12-22,49329.0,BIATEX LAMINADOS CL,Consumidor Livre,SUDESTE,24.0,0.175773
,2022-12-23,49329.0,BIATEX LAMINADOS CL,Consumidor Livre,SUDESTE,24.0,0.156104
,2022-12-24,49329.0,BIATEX LAMINADOS CL,Consumidor Livre,SUDESTE,24.0,0.150912
,2022-12-25,49329.0,BIATEX LAMINADOS CL,Consumidor Livre,SUDESTE,24.0,0.149634
,2022-12-26,49329.0,BIATEX LAMINADOS CL,Consumidor Livre,SUDESTE,24.0,0.18384
,2022-12-27,49329.0,BIATEX LAMINADOS CL,Consumidor Livre,SUDESTE,24.0,0.182782
,2022-12-28,49329.0,BIATEX LAMINADOS CL,Consumidor Livre,SUDESTE,24.0,0.10483
,2022-12-29,49329.0,BIATEX LAMINADOS CL,Consumidor Livre,SUDESTE,24.0,0.1530429999999999
,2022-12-30,49329.0,BIATEX LAMINADOS CL,Consumidor Livre,SUDESTE,24.0,0.152731
,2022-12-31,49329.0,BIATEX LAMINADOS CL,Consumidor Livre,SUDESTE,24.0,0.153408
,2023-01-01,49329.0,BIATEX LAMINADOS CL,Consumidor Livre,SUDESTE,24.0,0.152102
,2023-01-02,49329.0,BIATEX LAMINADOS CL,Consumidor Livre,SUDESTE,24.0,0.154393
,2023-01-03,49329.0,BIATEX LAMINADOS CL,Consumidor Livre,SUDESTE,24.0,0.155058
,2023-01-04,49329.0,BIATEX LAMINADOS CL,Consumidor Livre,SUDESTE,24.0,2.344005
,2023-01-05,49329.0,BIATEX LAMINADOS CL,Consumidor Livre,SUDESTE,24.0,8.020767000000001
,2023-01-06,49329.0,BIATEX LAMINADOS CL,Consumidor Livre,SUDESTE,24.0,7.433999
,2023-01-07,49329.0,BIATEX LAMINADOS CL,Consumidor Livre,SUDESTE,24.0,5.722558
,2023-01-08,49329.0,BIATEX LAMINADOS CL,Consumidor Livre,SUDESTE,24.0,1.240837
,2023-01-09,49329.0,BIATEX LAMINADOS CL,Consumidor Livre,SUDESTE,24.0,6.153531
,2023-01-10,49329.0,BIATEX LAMINADOS CL,Consumidor Livre,SUDESTE,24.0,9.07589
,2023-01-11,49329.0,BIATEX LAMINADOS CL,Consumidor Livre,SUDESTE,24.0,8.766693
,2023-01-12,49329.0,BIATEX LAMINADOS CL,Consumidor Livre,SUDESTE,24.0,7.915179
,2023-01-13,49329.0,BIATEX LAMINADOS CL,Consumidor Livre,SUDESTE,24.0,8.504494
,2023-01-14,49329.0,BIATEX LAMINADOS CL,Consumidor Livre,SUDESTE,24.0,5.5614040000000005
,2023-01-15,49329.0,BIATEX LAMINADOS CL,Consumidor Livre,SUDESTE,24.0,1.299866
,2023-01-16,49329.0,BIATEX LAMINADOS CL,Consumidor Livre,SUDESTE,24.0,5.433192
,2023-01-17,49329.0,BIATEX LAMINADOS CL,Consumidor Livre,SUDESTE,24.0,9.095735
,2023-01-18,49329.0,BIATEX LAMINADOS CL,Consumidor Livre,SUDESTE,24.0,9.772057
,2023-01-19,49329.0,BIATEX LAMINADOS CL,Consumidor Livre,SUDESTE,24.0,8.982405
,2023-01-20,49329.0,BIATEX LAMINADOS CL,Consumidor Livre,SUDESTE,24.0,8.990829
,2023-01-21,49329.0,BIATEX LAMINADOS CL,Consumidor Livre,SUDESTE,24.0,7.38626
,2023-01-22,49329.0,BIATEX LAMINADOS CL,Consumidor Livre,SUDESTE,24.0,0.314353
,2023-01-23,49329.0,BIATEX LAMINADOS CL,Consumidor Livre,SUDESTE,24.0,6.678731
,2023-01-24,49329.0,BIATEX LAMINADOS CL,Consumidor Livre,SUDESTE,24.0,9.177941
,2023-01-25,49329.0,BIATEX LAMINADOS CL,Consumidor Livre,SUDESTE,24.0,9.700294
,2023-01-26,49329.0,BIATEX LAMINADOS CL,Consumidor Livre,SUDESTE,24.0,9.779624
,2023-01-27,49329.0,BIATEX LAMINADOS CL,Consumidor Livre,SUDESTE,24.0,10.313233
,2023-01-28,49329.0,BIATEX LAMINADOS CL,Consumidor Livre,SUDESTE,24.0,7.542868
,2023-01-29,49329.0,BIATEX LAMINADOS CL,Consumidor Livre,SUDESTE,24.0,1.331466
,2023-01-30,49329.0,BIATEX LAMINADOS CL,Consumidor Livre,SUDESTE,24.0,5.772637
,2023-01-31,49329.0,BIATEX LAMINADOS CL,Consumidor Livre,SUDESTE,24.0,9.436894
,2023-02-01,49329.0,BIATEX LAMINADOS CL,Consumidor Livre,SUDESTE,24.0,8.992674
,2023-02-02,49329.0,BIATEX LAMINADOS CL,Consumidor Livre,SUDESTE,24.0,10.162138
,2023-02-03,49329.0,BIATEX LAMINADOS CL,Consumidor Livre,SUDESTE,24.0,10.255589
,2023-02-04,49329.0,BIATEX LAMINADOS CL,Consumidor Livre,SUDESTE,24.0,4.48055
,2023-02-05,49329.0,BIATEX LAMINADOS CL,Consumidor Livre,SUDESTE,24.0,1.279187
,2023-02-06,49329.0,BIATEX LAMINADOS CL,Consumidor Livre,SUDESTE,24.0,7.209794
,2023-02-07,49329.0,BIATEX LAMINADOS CL,Consumidor Livre,SUDESTE,24.0,9.720442
,2023-02-08,49329.0,BIATEX LAMINADOS CL,Consumidor Livre,SUDESTE,24.0,10.468808
,2023-02-09,49329.0,BIATEX LAMINADOS CL,Consumidor Livre,SUDESTE,24.0,9.705306
,2023-02-10,49329.0,BIATEX LAMINADOS CL,Consumidor Livre,SUDESTE,24.0,9.380784
,2023-02-11,49329.0,BIATEX LAMINADOS CL,Consumidor Livre,SUDESTE,24.0,7.983371
,2023-02-12,49329.0,BIATEX LAMINADOS CL,Consumidor Livre,SUDESTE,24.0,1.165689
,2023-02-13,49329.0,BIATEX LAMINADOS CL,Consumidor Livre,SUDESTE,24.0,6.805539
,2023-02-14,49329.0,BIATEX LAMINADOS CL,Consumidor Livre,SUDESTE,24.0,9.867259
,2023-02-15,49329.0,BIATEX LAMINADOS CL,Consumidor Livre,SUDESTE,24.0,9.414969
,2023-02-16,49329.0,BIATEX LAMINADOS CL,Consumidor Livre,SUDESTE,24.0,9.581884
,2023-02-17,49329.0,BIATEX LAMINADOS CL,Consumidor Livre,SUDESTE,24.0,7.999465
,2023-02-18,49329.0,BIATEX LAMINADOS CL,Consumidor Livre,SUDESTE,24.0,0.265284
,2023-02-19,49329.0,BIATEX LAMINADOS CL,Consumidor Livre,SUDESTE,24.0,0.144144
,2023-02-20,49329.0,BIATEX LAMINADOS CL,Consumidor Livre,SUDESTE,24.0,0.145737
,2023-02-21,49329.0,BIATEX LAMINADOS CL,Consumidor Livre,SUDESTE,24.0,0.144705
,2023-02-22,49329.0,BIATEX LAMINADOS CL,Consumidor Livre,SUDESTE,24.0,7.443281
,2023-02-23,49329.0,BIATEX LAMINADOS CL,Consumidor Livre,SUDESTE,24.0,11.797572
,2023-02-24,49329.0,BIATEX LAMINADOS CL,Consumidor Livre,SUDESTE,24.0,11.441873
,2023-02-25,49329.0,BIATEX LAMINADOS CL,Consumidor Livre,SUDESTE,24.0,10.387053
,2023-02-26,49329.0,BIATEX LAMINADOS CL,Consumidor Livre,SUDESTE,24.0,1.973732
,2023-02-27,49329.0,BIATEX LAMINADOS CL,Consumidor Livre,SUDESTE,24.0,9.065167
,2023-02-28,49329.0,BIATEX LAMINADOS CL,Consumidor Livre,SUDESTE,24.0,11.673669
,2023-03-01,49329.0,BIATEX LAMINADOS CL,Consumidor Livre,SUDESTE,24.0,11.887104
,2023-03-02,49329.0,BIATEX LAMINADOS CL,Consumidor Livre,SUDESTE,24.0,10.819383
,2023-03-03,49329.0,BIATEX LAMINADOS CL,Consumidor Livre,SUDESTE,24.0,10.15128
,2023-03-04,49329.0,BIATEX LAMINADOS CL,Consumidor Livre,SUDESTE,24.0,9.915093
,2023-03-05,49329.0,BIATEX LAMINADOS CL,Consumidor Livre,SUDESTE,24.0,1.771747
,2023-03-06,49329.0,BIATEX LAMINADOS CL,Consumidor Livre,SUDESTE,24.0,6.75666
,2023-03-07,49329.0,BIATEX LAMINADOS CL,Consumidor Livre,SUDESTE,24.0,10.119339
,2023-03-08,49329.0,BIATEX LAMINADOS CL,Consumidor Livre,SUDESTE,24.0,9.99073
,2023-03-09,49329.0,BIATEX LAMINADOS CL,Consumidor Livre,SUDESTE,24.0,10.102383
,2023-03-10,49329.0,BIATEX LAMINADOS CL,Consumidor Livre,SUDESTE,24.0,9.366277
,2023-03-11,49329.0,BIATEX LAMINADOS CL,Consumidor Livre,SUDESTE,24.0,9.005327
,2023-03-12,49329.0,BIATEX LAMINADOS CL,Consumidor Livre,SUDESTE,24.0,1.339996
,2023-03-13,49329.0,BIATEX LAMINADOS CL,Consumidor Livre,SUDESTE,24.0,6.475469
,2023-03-14,49329.0,BIATEX LAMINADOS CL,Consumidor Livre,SUDESTE,24.0,8.048475
,2023-03-15,49329.0,BIATEX LAMINADOS CL,Consumidor Livre,SUDESTE,24.0,7.35993
,2023-03-16,49329.0,BIATEX LAMINADOS CL,Consumidor Livre,SUDESTE,24.0,7.377631
,2023-03-17,49329.0,BIATEX LAMINADOS CL,Consumidor Livre,SUDESTE,24.0,7.533806
,2023-03-18,49329.0,BIATEX LAMINADOS CL,Consumidor Livre,SUDESTE,24.0,7.676776999999999
,2023-03-19,49329.0,BIATEX LAMINADOS CL,Consumidor Livre,SUDESTE,24.0,2.27443
,2023-03-20,49329.0,BIATEX LAMINADOS CL,Consumidor Livre,SUDESTE,24.0,4.941782
,2023-03-21,49329.0,BIATEX LAMINADOS CL,Consumidor Livre,SUDESTE,24.0,10.499644
,2023-03-22,49329.0,BIATEX LAMINADOS CL,Consumidor Livre,SUDESTE,24.0,8.725182
,2023-03-23,49329.0,BIATEX LAMINADOS CL,Consumidor Livre,SUDESTE,24.0,8.401024
,2023-03-24,49329.0,BIATEX LAMINADOS CL,Consumidor Livre,SUDESTE,24.0,8.8059
,2023-03-25,49329.0,BIATEX LAMINADOS CL,Consumidor Livre,SUDESTE,24.0,7.729846
,2023-03-26,49329.0,BIATEX LAMINADOS CL,Consumidor Livre,SUDESTE,24.0,1.389878
,2023-03-27,49329.0,BIATEX LAMINADOS CL,Consumidor Livre,SUDESTE,24.0,7.474816000000001
,2023-03-28,49329.0,BIATEX LAMINADOS CL,Consumidor Livre,SUDESTE,24.0,9.286319
,2023-03-29,49329.0,BIATEX LAMINADOS CL,Consumidor Livre,SUDESTE,24.0,9.380553
,2023-03-30,49329.0,BIATEX LAMINADOS CL,Consumidor Livre,SUDESTE,24.0,8.45947
,2023-03-31,49329.0,BIATEX LAMINADOS CL,Consumidor Livre,SUDESTE,24.0,8.319776000000001
,2023-04-01,49329.0,BIATEX LAMINADOS CL,Consumidor Livre,SUDESTE,24.0,8.622592
,2023-04-02,49329.0,BIATEX LAMINADOS CL,Consumidor Livre,SUDESTE,24.0,1.29498
,2023-04-03,49329.0,BIATEX LAMINADOS CL,Consumidor Livre,SUDESTE,24.0,6.102282
,2023-04-04,49329.0,BIATEX LAMINADOS CL,Consumidor Livre,SUDESTE,24.0,9.790745
,2023-04-05,49329.0,BIATEX LAMINADOS CL,Consumidor Livre,SUDESTE,24.0,9.617714
,2023-04-06,49329.0,BIATEX LAMINADOS CL,Consumidor Livre,SUDESTE,24.0,8.526311999999999
,2023-04-07,49329.0,BIATEX LAMINADOS CL,Consumidor Livre,SUDESTE,24.0,8.608095
,2023-04-08,49329.0,BIATEX LAMINADOS CL,Consumidor Livre,SUDESTE,24.0,7.887706
,2023-04-09,49329.0,BIATEX LAMINADOS CL,Consumidor Livre,SUDESTE,24.0,1.359899
,2023-04-10,49329.0,BIATEX LAMINADOS CL,Consumidor Livre,SUDESTE,24.0,6.882882
,2023-04-11,49329.0,BIATEX LAMINADOS CL,Consumidor Livre,SUDESTE,24.0,9.831435
,2023-04-12,49329.0,BIATEX LAMINADOS CL,Consumidor Livre,SUDESTE,24.0,9.594435
,2023-04-13,49329.0,BIATEX LAMINADOS CL,Consumidor Livre,SUDESTE,24.0,8.176046
,2023-04-14,49329.0,BIATEX LAMINADOS CL,Consumidor Livre,SUDESTE,24.0,9.160897
,2023-04-15,49329.0,BIATEX LAMINADOS CL,Consumidor Livre,SUDESTE,24.0,8.279293
,2023-04-16,49329.0,BIATEX LAMINADOS CL,Consumidor Livre,SUDESTE,24.0,1.2999500000000002
,2023-04-17,49329.0,BIATEX LAMINADOS CL,Consumidor Livre,SUDESTE,24.0,5.296981
,2023-04-18,49329.0,BIATEX LAMINADOS CL,Consumidor Livre,SUDESTE,24.0,7.764151
,2023-04-19,49329.0,BIATEX LAMINADOS CL,Consumidor Livre,SUDESTE,24.0,8.243421
,2023-04-20,49329.0,BIATEX LAMINADOS CL,Consumidor Livre,SUDESTE,24.0,7.909855
,2023-04-21,49329.0,BIATEX LAMINADOS CL,Consumidor Livre,SUDESTE,24.0,8.153359
,2023-04-22,49329.0,BIATEX LAMINADOS CL,Consumidor Livre,SUDESTE,24.0,1.488829
,2023-04-23,49329.0,BIATEX LAMINADOS CL,Consumidor Livre,SUDESTE,24.0,0.154145
,2023-04-24,49329.0,BIATEX LAMINADOS CL,Consumidor Livre,SUDESTE,24.0,5.313281
,2023-04-25,49329.0,BIATEX LAMINADOS CL,Consumidor Livre,SUDESTE,24.0,7.839499
,2023-04-26,49329.0,BIATEX LAMINADOS CL,Consumidor Livre,SUDESTE,24.0,7.002157
,2023-04-27,49329.0,BIATEX LAMINADOS CL,Consumidor Livre,SUDESTE,24.0,6.321701
,2023-04-28,49329.0,BIATEX LAMINADOS CL,Consumidor Livre,SUDESTE,24.0,6.309893
,2023-04-29,49329.0,BIATEX LAMINADOS CL,Consumidor Livre,SUDESTE,24.0,6.145549
,2023-04-30,49329.0,BIATEX LAMINADOS CL,Consumidor Livre,SUDESTE,24.0,0.273543
,2023-05-01,49329.0,BIATEX LAMINADOS CL,Consumidor Livre,SUDESTE,24.0,0.153588
,2023-05-02,49329.0,BIATEX LAMINADOS CL,Consumidor Livre,SUDESTE,24.0,4.366366
,2023-05-03,49329.0,BIATEX LAMINADOS CL,Consumidor Livre,SUDESTE,24.0,6.771305
,2023-05-04,49329.0,BIATEX LAMINADOS CL,Consumidor Livre,SUDESTE,24.0,7.079279
,2023-05-05,49329.0,BIATEX LAMINADOS CL,Consumidor Livre,SUDESTE,24.0,6.906905
,2023-05-06,49329.0,BIATEX LAMINADOS CL,Consumidor Livre,SUDESTE,24.0,6.781299
,2023-05-07,49329.0,BIATEX LAMINADOS CL,Consumidor Livre,SUDESTE,24.0,0.192887
,2023-05-08,49329.0,BIATEX LAMINADOS CL,Consumidor Livre,SUDESTE,24.0,4.392203
,2023-05-09,49329.0,BIATEX LAMINADOS CL,Consumidor Livre,SUDESTE,24.0,6.85941
,2023-05-10,49329.0,BIATEX LAMINADOS CL,Consumidor Livre,SUDESTE,24.0,6.104673
,2023-05-11,49329.0,BIATEX LAMINADOS CL,Consumidor Livre,SUDESTE,24.0,6.187349
,2023-05-12,49329.0,BIATEX LAMINADOS CL,Consumidor Livre,SUDESTE,24.0,6.159606
,2023-05-13,49329.0,BIATEX LAMINADOS CL,Consumidor Livre,SUDESTE,24.0,5.969501
,2023-05-14,49329.0,BIATEX LAMINADOS CL,Consumidor Livre,SUDESTE,24.0,1.328214
,2023-05-15,49329.0,BIATEX LAMINADOS CL,Consumidor Livre,SUDESTE,24.0,4.1449750000000005
,2023-05-16,49329.0,BIATEX LAMINADOS CL,Consumidor Livre,SUDESTE,24.0,7.665889
,2023-05-17,49329.0,BIATEX LAMINADOS CL,Consumidor Livre,SUDESTE,24.0,7.329015
,2023-05-18,49329.0,BIATEX LAMINADOS CL,Consumidor Livre,SUDESTE,24.0,7.376903
,2023-05-19,49329.0,BIATEX LAMINADOS CL,Consumidor Livre,SUDESTE,24.0,6.316058
,2023-05-20,49329.0,BIATEX LAMINADOS CL,Consumidor Livre,SUDESTE,24.0,0.149976
,2023-05-21,49329.0,BIATEX LAMINADOS CL,Consumidor Livre,SUDESTE,24.0,0.145009
,2023-05-22,49329.0,BIATEX LAMINADOS CL,Consumidor Livre,SUDESTE,24.0,0.145842
,2023-05-23,49329.0,BIATEX LAMINADOS CL,Consumidor Livre,SUDESTE,24.0,0.146066
,2023-05-24,49329.0,BIATEX LAMINADOS CL,Consumidor Livre,SUDESTE,24.0,2.263466
,2023-05-25,49329.0,BIATEX LAMINADOS CL,Consumidor Livre,SUDESTE,24.0,9.990744
,2023-05-26,49329.0,BIATEX LAMINADOS CL,Consumidor Livre,SUDESTE,24.0,10.746442
,2023-05-27,49329.0,BIATEX LAMINADOS CL,Consumidor Livre,SUDESTE,24.0,10.973811
,2023-05-28,49329.0,BIATEX LAMINADOS CL,Consumidor Livre,SUDESTE,24.0,0.379522
,2023-05-29,49329.0,BIATEX LAMINADOS CL,Consumidor Livre,SUDESTE,24.0,8.458923
,2023-05-30,49329.0,BIATEX LAMINADOS CL,Consumidor Livre,SUDESTE,24.0,10.890022
,2023-05-31,49329.0,BIATEX LAMINADOS CL,Consumidor Livre,SUDESTE,24.0,11.539594
,2023-06-01,49329.0,BIATEX LAMINADOS CL,Consumidor Livre,SUDESTE,24.0,10.69731
,2023-06-02,49329.0,BIATEX LAMINADOS CL,Consumidor Livre,SUDESTE,24.0,9.90128
,2023-06-03,49329.0,BIATEX LAMINADOS CL,Consumidor Livre,SUDESTE,24.0,9.498219
,2023-06-04,49329.0,BIATEX LAMINADOS CL,Consumidor Livre,SUDESTE,24.0,1.441539
,2023-06-05,49329.0,BIATEX LAMINADOS CL,Consumidor Livre,SUDESTE,24.0,6.882269
,2023-06-06,49329.0,BIATEX LAMINADOS CL,Consumidor Livre,SUDESTE,24.0,9.667603
,2023-06-07,49329.0,BIATEX LAMINADOS CL,Consumidor Livre,SUDESTE,24.0,8.495132
,2023-06-08,49329.0,BIATEX LAMINADOS CL,Consumidor Livre,SUDESTE,24.0,8.669754
,2023-06-09,49329.0,BIATEX LAMINADOS CL,Consumidor Livre,SUDESTE,24.0,9.685676
,2023-06-10,49329.0,BIATEX LAMINADOS CL,Consumidor Livre,SUDESTE,24.0,9.196064
,2023-06-11,49329.0,BIATEX LAMINADOS CL,Consumidor Livre,SUDESTE,24.0,1.354559
,2023-06-12,49329.0,BIATEX LAMINADOS CL,Consumidor Livre,SUDESTE,24.0,5.635493
,2023-06-13,49329.0,BIATEX LAMINADOS CL,Consumidor Livre,SUDESTE,24.0,6.752494
,2023-06-14,49329.0,BIATEX LAMINADOS CL,Consumidor Livre,SUDESTE,24.0,6.287075
,2023-06-15,49329.0,BIATEX LAMINADOS CL,Consumidor Livre,SUDESTE,24.0,6.233874
,2023-06-16,49329.0,BIATEX LAMINADOS CL,Consumidor Livre,SUDESTE,24.0,6.902093
,2023-06-17,49329.0,BIATEX LAMINADOS CL,Consumidor Livre,SUDESTE,24.0,6.128877
,2023-06-18,49329.0,BIATEX LAMINADOS CL,Consumidor Livre,SUDESTE,24.0,1.406754
,2023-06-19,49329.0,BIATEX LAMINADOS CL,Consumidor Livre,SUDESTE,24.0,3.783857
,2023-06-20,49329.0,BIATEX LAMINADOS CL,Consumidor Livre,SUDESTE,24.0,8.136824
,2023-06-21,49329.0,BIATEX LAMINADOS CL,Consumidor Livre,SUDESTE,24.0,9.286042
,2023-06-22,49329.0,BIATEX LAMINADOS CL,Consumidor Livre,SUDESTE,24.0,9.250151
,2023-06-23,49329.0,BIATEX LAMINADOS CL,Consumidor Livre,SUDESTE,24.0,8.496292
,2023-06-24,49329.0,BIATEX LAMINADOS CL,Consumidor Livre,SUDESTE,24.0,8.701439
,2023-06-25,49329.0,BIATEX LAMINADOS CL,Consumidor Livre,SUDESTE,24.0,1.22995
,2023-06-26,49329.0,BIATEX LAMINADOS CL,Consumidor Livre,SUDESTE,24.0,6.118178
,2023-06-27,49329.0,BIATEX LAMINADOS CL,Consumidor Livre,SUDESTE,24.0,8.99431
,2023-06-28,49329.0,BIATEX LAMINADOS CL,Consumidor Livre,SUDESTE,24.0,9.311146
,2023-06-29,49329.0,BIATEX LAMINADOS CL,Consumidor Livre,SUDESTE,24.0,9.452432
,2023-06-30,49329.0,BIATEX LAMINADOS CL,Consumidor Livre,SUDESTE,24.0,11.389211
,2023-07-01,49329.0,BIATEX LAMINADOS CL,Consumidor Livre,SUDESTE,24.0,11.219443
,2023-07-02,49329.0,BIATEX LAMINADOS CL,Consumidor Livre,SUDESTE,24.0,2.429514
,2023-07-03,49329.0,BIATEX LAMINADOS CL,Consumidor Livre,SUDESTE,24.0,6.622565
,2023-07-04,49329.0,BIATEX LAMINADOS CL,Consumidor Livre,SUDESTE,24.0,11.498045
,2023-07-05,49329.0,BIATEX LAMINADOS CL,Consumidor Livre,SUDESTE,24.0,10.889932
,2023-07-06,49329.0,BIATEX LAMINADOS CL,Consumidor Livre,SUDESTE,24.0,10.050577
,2023-07-07,49329.0,BIATEX LAMINADOS CL,Consumidor Livre,SUDESTE,24.0,11.619965
,2023-07-08,49329.0,BIATEX LAMINADOS CL,Consumidor Livre,SUDESTE,24.0,11.24173
,2023-07-09,49329.0,BIATEX LAMINADOS CL,Consumidor Livre,SUDESTE,24.0,2.28616
,2023-07-10,49329.0,BIATEX LAMINADOS CL,Consumidor Livre,SUDESTE,24.0,6.2070050000000005
,2023-07-11,49329.0,BIATEX LAMINADOS CL,Consumidor Livre,SUDESTE,24.0,9.074764
,2023-07-12,49329.0,BIATEX LAMINADOS CL,Consumidor Livre,SUDESTE,24.0,10.095691
,2023-07-13,49329.0,BIATEX LAMINADOS CL,Consumidor Livre,SUDESTE,24.0,9.952444
,2023-07-14,49329.0,BIATEX LAMINADOS CL,Consumidor Livre,SUDESTE,24.0,9.56653
,2023-07-15,49329.0,BIATEX LAMINADOS CL,Consumidor Livre,SUDESTE,24.0,9.748427
,2023-07-16,49329.0,BIATEX LAMINADOS CL,Consumidor Livre,SUDESTE,24.0,1.171797
,2023-07-17,49329.0,BIATEX LAMINADOS CL,Consumidor Livre,SUDESTE,24.0,6.542893
,2023-07-18,49329.0,BIATEX LAMINADOS CL,Consumidor Livre,SUDESTE,24.0,9.376755
,2023-07-19,49329.0,BIATEX LAMINADOS CL,Consumidor Livre,SUDESTE,24.0,10.911513
,2023-07-20,49329.0,BIATEX LAMINADOS CL,Consumidor Livre,SUDESTE,24.0,9.666198
,2023-07-21,49329.0,BIATEX LAMINADOS CL,Consumidor Livre,SUDESTE,24.0,7.011075
,2023-07-22,49329.0,BIATEX LAMINADOS CL,Consumidor Livre,SUDESTE,24.0,5.922198
,2023-07-23,49329.0,BIATEX LAMINADOS CL,Consumidor Livre,SUDESTE,24.0,1.322384
,2023-07-24,49329.0,BIATEX LAMINADOS CL,Consumidor Livre,SUDESTE,24.0,6.987917
,2023-07-25,49329.0,BIATEX LAMINADOS CL,Consumidor Livre,SUDESTE,24.0,11.238124
,2023-07-26,49329.0,BIATEX LAMINADOS CL,Consumidor Livre,SUDESTE,24.0,11.292316
,2023-07-27,49329.0,BIATEX LAMINADOS CL,Consumidor Livre,SUDESTE,24.0,12.202133
,2023-07-28,49329.0,BIATEX LAMINADOS CL,Consumidor Livre,SUDESTE,24.0,12.252938
,2023-07-29,49329.0,BIATEX LAMINADOS CL,Consumidor Livre,SUDESTE,24.0,10.091632
,2023-07-30,49329.0,BIATEX LAMINADOS CL,Consumidor Livre,SUDESTE,24.0,1.423927
,2023-07-31,49329.0,BIATEX LAMINADOS CL,Consumidor Livre,SUDESTE,24.0,6.868259
,2023-08-01,49329.0,BIATEX LAMINADOS CL,Consumidor Livre,SUDESTE,24.0,10.183089
,2023-08-02,49329.0,BIATEX LAMINADOS CL,Consumidor Livre,SUDESTE,24.0,11.958204
,2023-08-03,49329.0,BIATEX LAMINADOS CL,Consumidor Livre,SUDESTE,24.0,9.539911
,2023-08-04,49329.0,BIATEX LAMINADOS CL,Consumidor Livre,SUDESTE,24.0,8.865962999999999
,2023-08-05,49329.0,BIATEX LAMINADOS CL,Consumidor Livre,SUDESTE,24.0,8.892570000000001
,2023-08-06,49329.0,BIATEX LAMINADOS CL,Consumidor Livre,SUDESTE,24.0,2.225667
,2023-08-07,49329.0,BIATEX LAMINADOS CL,Consumidor Livre,SUDESTE,24.0,7.533523
,2023-08-08,49329.0,BIATEX LAMINADOS CL,Consumidor Livre,SUDESTE,24.0,11.797121
,2023-08-09,49329.0,BIATEX LAMINADOS CL,Consumidor Livre,SUDESTE,24.0,11.314092
,2023-08-10,49329.0,BIATEX LAMINADOS CL,Consumidor Livre,SUDESTE,24.0,10.655066
,2023-08-11,49329.0,BIATEX LAMINADOS CL,Consumidor Livre,SUDESTE,24.0,9.640512
,2023-08-12,49329.0,BIATEX LAMINADOS CL,Consumidor Livre,SUDESTE,24.0,8.623602
,2023-08-13,49329.0,BIATEX LAMINADOS CL,Consumidor Livre,SUDESTE,24.0,0.983559
,2023-08-14,49329.0,BIATEX LAMINADOS CL,Consumidor Livre,SUDESTE,24.0,7.294627999999999
,2023-08-15,49329.0,BIATEX LAMINADOS CL,Consumidor Livre,SUDESTE,24.0,9.92139
,2023-08-16,49329.0,BIATEX LAMINADOS CL,Consumidor Livre,SUDESTE,24.0,11.656978
,2023-08-17,49329.0,BIATEX LAMINADOS CL,Consumidor Livre,SUDESTE,24.0,10.862604
,2023-08-18,49329.0,BIATEX LAMINADOS CL,Consumidor Livre,SUDESTE,24.0,9.396943
,2023-08-19,49329.0,BIATEX LAMINADOS CL,Consumidor Livre,SUDESTE,24.0,7.600679
,2023-08-20,49329.0,BIATEX LAMINADOS CL,Consumidor Livre,SUDESTE,24.0,2.170296
,2023-08-21,49329.0,BIATEX LAMINADOS CL,Consumidor Livre,SUDESTE,24.0,5.607783
,2023-08-22,49329.0,BIATEX LAMINADOS CL,Consumidor Livre,SUDESTE,24.0,10.420303
,2023-08-23,49329.0,BIATEX LAMINADOS CL,Consumidor Livre,SUDESTE,24.0,9.047856
,2023-08-24,49329.0,BIATEX LAMINADOS CL,Consumidor Livre,SUDESTE,24.0,10.753257
,2023-08-25,49329.0,BIATEX LAMINADOS CL,Consumidor Livre,SUDESTE,24.0,9.512034
,2023-08-26,49329.0,BIATEX LAMINADOS CL,Consumidor Livre,SUDESTE,24.0,8.022802
,2023-08-27,49329.0,BIATEX LAMINADOS CL,Consumidor Livre,SUDESTE,24.0,1.335233
,2023-08-28,49329.0,BIATEX LAMINADOS CL,Consumidor Livre,SUDESTE,24.0,6.782224
,2023-08-29,49329.0,BIATEX LAMINADOS CL,Consumidor Livre,SUDESTE,24.0,10.819895
,2023-08-30,49329.0,BIATEX LAMINADOS CL,Consumidor Livre,SUDESTE,24.0,10.681376
,2023-08-31,49329.0,BIATEX LAMINADOS CL,Consumidor Livre,SUDESTE,24.0,9.665213
,2023-09-01,49329.0,BIATEX LAMINADOS CL,Consumidor Livre,SUDESTE,24.0,9.126789
,2023-09-02,49329.0,BIATEX LAMINADOS CL,Consumidor Livre,SUDESTE,24.0,8.615301
,2023-09-03,49329.0,BIATEX LAMINADOS CL,Consumidor Livre,SUDESTE,24.0,1.301816
,2023-09-04,49329.0,BIATEX LAMINADOS CL,Consumidor Livre,SUDESTE,24.0,6.072912
,2023-09-05,49329.0,BIATEX LAMINADOS CL,Consumidor Livre,SUDESTE,24.0,9.800796
,2023-09-06,49329.0,BIATEX LAMINADOS CL,Consumidor Livre,SUDESTE,24.0,8.486947
,2023-09-07,49329.0,BIATEX LAMINADOS CL,Consumidor Livre,SUDESTE,24.0,9.896526
,2023-09-08,49329.0,BIATEX LAMINADOS CL,Consumidor Livre,SUDESTE,24.0,9.228047
,2023-09-09,49329.0,BIATEX LAMINADOS CL,Consumidor Livre,SUDESTE,24.0,8.848105
,2023-09-10,49329.0,BIATEX LAMINADOS CL,Consumidor Livre,SUDESTE,24.0,1.347998
,2023-09-11,49329.0,BIATEX LAMINADOS CL,Consumidor Livre,SUDESTE,24.0,6.570359
,2023-09-12,49329.0,BIATEX LAMINADOS CL,Consumidor Livre,SUDESTE,24.0,7.873904
,2023-09-13,49329.0,BIATEX LAMINADOS CL,Consumidor Livre,SUDESTE,24.0,7.353866
,2023-09-14,49329.0,BIATEX LAMINADOS CL,Consumidor Livre,SUDESTE,24.0,6.671162
,2023-09-15,49329.0,BIATEX LAMINADOS CL,Consumidor Livre,SUDESTE,24.0,5.313102
,2023-09-16,49329.0,BIATEX LAMINADOS CL,Consumidor Livre,SUDESTE,24.0,0.436204
,2023-09-17,49329.0,BIATEX LAMINADOS CL,Consumidor Livre,SUDESTE,24.0,0.155049
,2023-09-18,49329.0,BIATEX LAMINADOS CL,Consumidor Livre,SUDESTE,24.0,0.155779
,2023-09-19,49329.0,BIATEX LAMINADOS CL,Consumidor Livre,SUDESTE,24.0,3.957164
,2023-09-20,49329.0,BIATEX LAMINADOS CL,Consumidor Livre,SUDESTE,24.0,7.525704
,2023-09-21,49329.0,BIATEX LAMINADOS CL,Consumidor Livre,SUDESTE,24.0,8.797823
,2023-09-22,49329.0,BIATEX LAMINADOS CL,Consumidor Livre,SUDESTE,24.0,9.384603
,2023-09-23,49329.0,BIATEX LAMINADOS CL,Consumidor Livre,SUDESTE,24.0,8.147217
,2023-09-24,49329.0,BIATEX LAMINADOS CL,Consumidor Livre,SUDESTE,24.0,1.301913
,2023-09-25,49329.0,BIATEX LAMINADOS CL,Consumidor Livre,SUDESTE,24.0,5.341932
,2023-09-26,49329.0,BIATEX LAMINADOS CL,Consumidor Livre,SUDESTE,24.0,7.898375
,2023-09-27,49329.0,BIATEX LAMINADOS CL,Consumidor Livre,SUDESTE,24.0,8.766912
,2023-09-28,49329.0,BIATEX LAMINADOS CL,Consumidor Livre,SUDESTE,24.0,8.422864
,2023-09-29,49329.0,BIATEX LAMINADOS CL,Consumidor Livre,SUDESTE,24.0,8.75332
,2023-09-30,49329.0,BIATEX LAMINADOS CL,Consumidor Livre,SUDESTE,24.0,7.695588
,2023-10-01,49329.0,BIATEX LAMINADOS CL,Consumidor Livre,SUDESTE,24.0,1.398486
,2023-10-02,49329.0,BIATEX LAMINADOS CL,Consumidor Livre,SUDESTE,24.0,6.651073
,2023-10-03,49329.0,BIATEX LAMINADOS CL,Consumidor Livre,SUDESTE,24.0,8.901022
,2023-10-04,49329.0,BIATEX LAMINADOS CL,Consumidor Livre,SUDESTE,24.0,7.882402
,2023-10-05,49329.0,BIATEX LAMINADOS CL,Consumidor Livre,SUDESTE,24.0,7.947995
,2023-10-06,49329.0,BIATEX LAMINADOS CL,Consumidor Livre,SUDESTE,24.0,8.548779
,2023-10-07,49329.0,BIATEX LAMINADOS CL,Consumidor Livre,SUDESTE,24.0,6.992409
,2023-10-08,49329.0,BIATEX LAMINADOS CL,Consumidor Livre,SUDESTE,24.0,2.0795820000000003
,2023-10-09,49329.0,BIATEX LAMINADOS CL,Consumidor Livre,SUDESTE,24.0,4.31875
,2023-10-10,49329.0,BIATEX LAMINADOS CL,Consumidor Livre,SUDESTE,24.0,8.013844
,2023-10-11,49329.0,BIATEX LAMINADOS CL,Consumidor Livre,SUDESTE,24.0,8.699188
,2023-10-12,49329.0,BIATEX LAMINADOS CL,Consumidor Livre,SUDESTE,24.0,8.127155
,2023-10-13,49329.0,BIATEX LAMINADOS CL,Consumidor Livre,SUDESTE,24.0,9.253921
,2023-10-14,49329.0,BIATEX LAMINADOS CL,Consumidor Livre,SUDESTE,24.0,8.582556
,2023-10-15,49329.0,BIATEX LAMINADOS CL,Consumidor Livre,SUDESTE,24.0,1.327548
,2023-10-16,49329.0,BIATEX LAMINADOS CL,Consumidor Livre,SUDESTE,24.0,5.357051
,2023-10-17,49329.0,BIATEX LAMINADOS CL,Consumidor Livre,SUDESTE,24.0,7.706346
,2023-10-18,49329.0,BIATEX LAMINADOS CL,Consumidor Livre,SUDESTE,24.0,8.055821
,2023-10-19,49329.0,BIATEX LAMINADOS CL,Consumidor Livre,SUDESTE,24.0,8.699867
,2023-10-20,49329.0,BIATEX LAMINADOS CL,Consumidor Livre,SUDESTE,24.0,8.763382
,2023-10-21,49329.0,BIATEX LAMINADOS CL,Consumidor Livre,SUDESTE,24.0,6.335428
,2023-10-22,49329.0,BIATEX LAMINADOS CL,Consumidor Livre,SUDESTE,24.0,1.19419
,2023-10-23,49329.0,BIATEX LAMINADOS CL,Consumidor Livre,SUDESTE,24.0,4.713023
,2023-10-24,49329.0,BIATEX LAMINADOS CL,Consumidor Livre,SUDESTE,24.0,7.668164
,2023-10-25,49329.0,BIATEX LAMINADOS CL,Consumidor Livre,SUDESTE,24.0,8.194023
,2023-10-26,49329.0,BIATEX LAMINADOS CL,Consumidor Livre,SUDESTE,24.0,9.686753
,2023-10-27,49329.0,BIATEX LAMINADOS CL,Consumidor Livre,SUDESTE,24.0,6.490224
,2023-10-28,49329.0,BIATEX LAMINADOS CL,Consumidor Livre,SUDESTE,24.0,6.443094
,2023-10-29,49329.0,BIATEX LAMINADOS CL,Consumidor Livre,SUDESTE,24.0,1.911023
,2023-10-30,49329.0,BIATEX LAMINADOS CL,Consumidor Livre,SUDESTE,24.0,5.226888
,2023-10-31,49329.0,BIATEX LAMINADOS CL,Consumidor Livre,SUDESTE,24.0,8.736132
,2023-11-01,49329.0,BIATEX LAMINADOS CL,Consumidor Livre,SUDESTE,24.0,7.514354
,2023-11-02,49329.0,BIATEX LAMINADOS CL,Consumidor Livre,SUDESTE,24.0,8.114127
,2023-11-03,49329.0,BIATEX LAMINADOS CL,Consumidor Livre,SUDESTE,24.0,8.088735999999999
,2023-11-04,49329.0,BIATEX LAMINADOS CL,Consumidor Livre,SUDESTE,24.0,0.211808
,2023-11-05,49329.0,BIATEX LAMINADOS CL,Consumidor Livre,SUDESTE,24.0,0.153755
,2023-11-06,49329.0,BIATEX LAMINADOS CL,Consumidor Livre,SUDESTE,24.0,4.336134
,2023-11-07,49329.0,BIATEX LAMINADOS CL,Consumidor Livre,SUDESTE,24.0,8.345695
,2023-11-08,49329.0,BIATEX LAMINADOS CL,Consumidor Livre,SUDESTE,24.0,8.161601
,2023-11-09,49329.0,BIATEX LAMINADOS CL,Consumidor Livre,SUDESTE,24.0,7.338129
,2023-11-10,49329.0,BIATEX LAMINADOS CL,Consumidor Livre,SUDESTE,24.0,7.311664
,2023-11-11,49329.0,BIATEX LAMINADOS CL,Consumidor Livre,SUDESTE,24.0,7.942215
,2023-11-12,49329.0,BIATEX LAMINADOS CL,Consumidor Livre,SUDESTE,24.0,1.299863
,2023-11-13,49329.0,BIATEX LAMINADOS CL,Consumidor Livre,SUDESTE,24.0,4.065669
,2023-11-14,49329.0,BIATEX LAMINADOS CL,Consumidor Livre,SUDESTE,24.0,7.735779
,2023-11-15,49329.0,BIATEX LAMINADOS CL,Consumidor Livre,SUDESTE,24.0,8.139141
,2023-11-16,49329.0,BIATEX LAMINADOS CL,Consumidor Livre,SUDESTE,24.0,5.991106
,2023-11-17,49329.0,BIATEX LAMINADOS CL,Consumidor Livre,SUDESTE,24.0,6.730441
,2023-11-18,49329.0,BIATEX LAMINADOS CL,Consumidor Livre,SUDESTE,24.0,0.305748
,2023-11-19,49329.0,BIATEX LAMINADOS CL,Consumidor Livre,SUDESTE,24.0,0.157147
,2023-11-20,49329.0,BIATEX LAMINADOS CL,Consumidor Livre,SUDESTE,24.0,0.156848
,2023-11-21,49329.0,BIATEX LAMINADOS CL,Consumidor Livre,SUDESTE,24.0,5.178043
,2023-11-22,49329.0,BIATEX LAMINADOS CL,Consumidor Livre,SUDESTE,24.0,7.966708
,2023-11-23,49329.0,BIATEX LAMINADOS CL,Consumidor Livre,SUDESTE,24.0,7.590724
,2023-11-24,49329.0,BIATEX LAMINADOS CL,Consumidor Livre,SUDESTE,24.0,8.135009
,2023-11-25,49329.0,BIATEX LAMINADOS CL,Consumidor Livre,SUDESTE,24.0,4.897038
,2023-11-26,49329.0,BIATEX LAMINADOS CL,Consumidor Livre,SUDESTE,24.0,1.293554
,2023-11-27,49329.0,BIATEX LAMINADOS CL,Consumidor Livre,SUDESTE,24.0,4.464138
,2023-11-28,49329.0,BIATEX LAMINADOS CL,Consumidor Livre,SUDESTE,24.0,6.035478
,2023-11-29,49329.0,BIATEX LAMINADOS CL,Consumidor Livre,SUDESTE,24.0,7.271962
,2023-11-30,49329.0,BIATEX LAMINADOS CL,Consumidor Livre,SUDESTE,24.0,7.875712999999999
,2023-12-01,49329.0,BIATEX LAMINADOS CL,Consumidor Livre,SUDESTE,24.0,7.369184000000001
,2023-12-02,49329.0,BIATEX LAMINADOS CL,Consumidor Livre,SUDESTE,24.0,6.94713
,2023-12-03,49329.0,BIATEX LAMINADOS CL,Consumidor Livre,SUDESTE,24.0,1.288756
,2023-12-04,49329.0,BIATEX LAMINADOS CL,Consumidor Livre,SUDESTE,24.0,4.7193
,2023-12-05,49329.0,BIATEX LAMINADOS CL,Consumidor Livre,SUDESTE,24.0,7.672959
,2023-12-06,49329.0,BIATEX LAMINADOS CL,Consumidor Livre,SUDESTE,24.0,7.645702
,2023-12-07,49329.0,BIATEX LAMINADOS CL,Consumidor Livre,SUDESTE,24.0,7.713727
,2023-12-08,49329.0,BIATEX LAMINADOS CL,Consumidor Livre,SUDESTE,24.0,7.005966
,2023-12-09,49329.0,BIATEX LAMINADOS CL,Consumidor Livre,SUDESTE,24.0,5.805866
,2023-12-10,49329.0,BIATEX LAMINADOS CL,Consumidor Livre,SUDESTE,24.0,0.642696
,2023-12-11,49329.0,BIATEX LAMINADOS CL,Consumidor Livre,SUDESTE,24.0,3.846765
,2023-12-12,49329.0,BIATEX LAMINADOS CL,Consumidor Livre,SUDESTE,24.0,7.856414
,2023-12-13,49329.0,BIATEX LAMINADOS CL,Consumidor Livre,SUDESTE,24.0,7.967034
,2023-12-14,49329.0,BIATEX LAMINADOS CL,Consumidor Livre,SUDESTE,24.0,7.908115
,2023-12-15,49329.0,BIATEX LAMINADOS CL,Consumidor Livre,SUDESTE,24.0,6.490596
,2023-12-16,49329.0,BIATEX LAMINADOS CL,Consumidor Livre,SUDESTE,24.0,7.758381
,2023-12-17,49329.0,BIATEX LAMINADOS CL,Consumidor Livre,SUDESTE,24.0,0.152996
,2023-12-18,49329.0,BIATEX LAMINADOS CL,Consumidor Livre,SUDESTE,24.0,5.347829
,2023-12-19,49329.0,BIATEX LAMINADOS CL,Consumidor Livre,SUDESTE,24.0,5.220167
,2023-12-20,49329.0,BIATEX LAMINADOS CL,Consumidor Livre,SUDESTE,24.0,2.930173
,2023-12-21,49329.0,BIATEX LAMINADOS CL,Consumidor Livre,SUDESTE,24.0,0.158752
,2023-12-22,49329.0,BIATEX LAMINADOS CL,Consumidor Livre,SUDESTE,24.0,0.063597
,2023-12-23,49329.0,BIATEX LAMINADOS CL,Consumidor Livre,SUDESTE,24.0,0.009921
,2023-12-24,49329.0,BIATEX LAMINADOS CL,Consumidor Livre,SUDESTE,24.0,0.010098
,2023-12-25,49329.0,BIATEX LAMINADOS CL,Consumidor Livre,SUDESTE,24.0,0.009995
,2023-12-26,49329.0,BIATEX LAMINADOS CL,Consumidor Livre,SUDESTE,24.0,0.009966
,2023-12-27,49329.0,BIATEX LAMINADOS CL,Consumidor Livre,SUDESTE,24.0,0.010082
,2023-12-28,49329.0,BIATEX LAMINADOS CL,Consumidor Livre,SUDESTE,24.0,0.009982
,2023-12-29,49329.0,BIATEX LAMINADOS CL,Consumidor Livre,SUDESTE,24.0,0.009956
,2023-12-30,49329.0,BIATEX LAMINADOS CL,Consumidor Livre,SUDESTE,24.0,0.01011
,2023-12-31,49329.0,BIATEX LAMINADOS CL,Consumidor Livre,SUDESTE,24.0,0.010109
,2024-01-01,49329.0,BIATEX LAMINADOS CL,Consumidor Livre,SUDESTE,24.0,0.010071
,2024-01-02,49329.0,BIATEX LAMINADOS CL,Consumidor Livre,SUDESTE,24.0,0.010035
,2024-01-03,49329.0,BIATEX LAMINADOS CL,Consumidor Livre,SUDESTE,24.0,0.009978
,2024-01-04,49329.0,BIATEX LAMINADOS CL,Consumidor Livre,SUDESTE,24.0,0.010005
,2024-01-05,49329.0,BIATEX LAMINADOS CL,Consumidor Livre,SUDESTE,24.0,0.009972
,2024-01-06,49329.0,BIATEX LAMINADOS CL,Consumidor Livre,SUDESTE,24.0,0.009963
,2024-01-07,49329.0,BIATEX LAMINADOS CL,Consumidor Livre,SUDESTE,24.0,0.009906
,2024-01-08,49329.0,BIATEX LAMINADOS CL,Consumidor Livre,SUDESTE,24.0,3.095091
,2024-01-09,49329.0,BIATEX LAMINADOS CL,Consumidor Livre,SUDESTE,24.0,5.758907
,2024-01-10,49329.0,BIATEX LAMINADOS CL,Consumidor Livre,SUDESTE,24.0,7.633462
,2024-01-11,49329.0,BIATEX LAMINADOS CL,Consumidor Livre,SUDESTE,24.0,7.1759
,2024-01-12,49329.0,BIATEX LAMINADOS CL,Consumidor Livre,SUDESTE,24.0,8.223273
,2024-01-13,49329.0,BIATEX LAMINADOS CL,Consumidor Livre,SUDESTE,24.0,6.952995
,2024-01-14,49329.0,BIATEX LAMINADOS CL,Consumidor Livre,SUDESTE,24.0,1.360679
,2024-01-15,49329.0,BIATEX LAMINADOS CL,Consumidor Livre,SUDESTE,24.0,4.069678
,2024-01-16,49329.0,BIATEX LAMINADOS CL,Consumidor Livre,SUDESTE,24.0,8.793562
,2024-01-17,49329.0,BIATEX LAMINADOS CL,Consumidor Livre,SUDESTE,24.0,7.846602
,2024-01-18,49329.0,BIATEX LAMINADOS CL,Consumidor Livre,SUDESTE,24.0,8.276928999999999
,2024-01-19,49329.0,BIATEX LAMINADOS CL,Consumidor Livre,SUDESTE,24.0,7.85246
,2024-01-20,49329.0,BIATEX LAMINADOS CL,Consumidor Livre,SUDESTE,24.0,7.84103
,2024-01-21,49329.0,BIATEX LAMINADOS CL,Consumidor Livre,SUDESTE,24.0,2.389655
,2024-01-22,49329.0,BIATEX LAMINADOS CL,Consumidor Livre,SUDESTE,24.0,3.859095
,2024-01-23,49329.0,BIATEX LAMINADOS CL,Consumidor Livre,SUDESTE,24.0,8.627195
,2024-01-24,49329.0,BIATEX LAMINADOS CL,Consumidor Livre,SUDESTE,24.0,7.730823
,2024-01-25,49329.0,BIATEX LAMINADOS CL,Consumidor Livre,SUDESTE,24.0,7.846595
,2024-01-26,49329.0,BIATEX LAMINADOS CL,Consumidor Livre,SUDESTE,24.0,9.659625
,2024-01-27,49329.0,BIATEX LAMINADOS CL,Consumidor Livre,SUDESTE,24.0,7.525476999999999
,2024-01-28,49329.0,BIATEX LAMINADOS CL,Consumidor Livre,SUDESTE,24.0,1.485216
,2024-01-29,49329.0,BIATEX LAMINADOS CL,Consumidor Livre,SUDESTE,24.0,4.646061
,2024-01-30,49329.0,BIATEX LAMINADOS CL,Consumidor Livre,SUDESTE,24.0,8.870535
,2024-01-31,49329.0,BIATEX LAMINADOS CL,Consumidor Livre,SUDESTE,24.0,8.928614
,2024-02-01,49329.0,BIATEX LAMINADOS CL,Consumidor Livre,SUDESTE,24.0,9.422309
,2024-02-02,49329.0,BIATEX LAMINADOS CL,Consumidor Livre,SUDESTE,24.0,9.450831
,2024-02-03,49329.0,BIATEX LAMINADOS CL,Consumidor Livre,SUDESTE,24.0,8.22746
,2024-02-04,49329.0,BIATEX LAMINADOS CL,Consumidor Livre,SUDESTE,24.0,1.473795
,2024-02-05,49329.0,BIATEX LAMINADOS CL,Consumidor Livre,SUDESTE,24.0,5.092262
,2024-02-06,49329.0,BIATEX LAMINADOS CL,Consumidor Livre,SUDESTE,24.0,9.279026
,2024-02-07,49329.0,BIATEX LAMINADOS CL,Consumidor Livre,SUDESTE,24.0,9.802044
,2024-02-08,49329.0,BIATEX LAMINADOS CL,Consumidor Livre,SUDESTE,24.0,7.101698
,2024-02-09,49329.0,BIATEX LAMINADOS CL,Consumidor Livre,SUDESTE,24.0,9.319777
,2024-02-10,49329.0,BIATEX LAMINADOS CL,Consumidor Livre,SUDESTE,24.0,8.735776
,2024-02-11,49329.0,BIATEX LAMINADOS CL,Consumidor Livre,SUDESTE,24.0,0.156941
,2024-02-12,49329.0,BIATEX LAMINADOS CL,Consumidor Livre,SUDESTE,24.0,0.1565679999999999
,2024-02-13,49329.0,BIATEX LAMINADOS CL,Consumidor Livre,SUDESTE,24.0,0.156637
,2024-02-14,49329.0,BIATEX LAMINADOS CL,Consumidor Livre,SUDESTE,24.0,5.366717
,2024-02-15,49329.0,BIATEX LAMINADOS CL,Consumidor Livre,SUDESTE,24.0,8.688391
,2024-02-16,49329.0,BIATEX LAMINADOS CL,Consumidor Livre,SUDESTE,24.0,10.66026
,2024-02-17,49329.0,BIATEX LAMINADOS CL,Consumidor Livre,SUDESTE,24.0,7.673974999999999
,2024-02-18,49329.0,BIATEX LAMINADOS CL,Consumidor Livre,SUDESTE,24.0,1.441711
,2024-02-19,49329.0,BIATEX LAMINADOS CL,Consumidor Livre,SUDESTE,24.0,5.452914
,2024-02-20,49329.0,BIATEX LAMINADOS CL,Consumidor Livre,SUDESTE,24.0,9.267959
,2024-02-21,49329.0,BIATEX LAMINADOS CL,Consumidor Livre,SUDESTE,24.0,7.691116
,2024-02-22,49329.0,BIATEX LAMINADOS CL,Consumidor Livre,SUDESTE,24.0,9.736178
,2024-02-23,49329.0,BIATEX LAMINADOS CL,Consumidor Livre,SUDESTE,24.0,8.977761
,2024-02-24,49329.0,BIATEX LAMINADOS CL,Consumidor Livre,SUDESTE,24.0,9.150148
,2024-02-25,49329.0,BIATEX LAMINADOS CL,Consumidor Livre,SUDESTE,24.0,1.494479
,2024-02-26,49329.0,BIATEX LAMINADOS CL,Consumidor Livre,SUDESTE,24.0,1.221948
,2024-02-27,49329.0,BIATEX LAMINADOS CL,Consumidor Livre,SUDESTE,24.0,8.51455
,2024-02-28,49329.0,BIATEX LAMINADOS CL,Consumidor Livre,SUDESTE,24.0,9.632637
,2024-02-29,49329.0,BIATEX LAMINADOS CL,Consumidor Livre,SUDESTE,24.0,8.538782
202403.0,2024-03-01,49329.0,BIATEX LAMINADOS CL,Consumidor Livre,SUDESTE,24.0,8.119778
202403.0,2024-03-02,49329.0,BIATEX LAMINADOS CL,Consumidor Livre,SUDESTE,24.0,7.171948
202403.0,2024-03-03,49329.0,BIATEX LAMINADOS CL,Consumidor Livre,SUDESTE,24.0,1.417963
202403.0,2024-03-04,49329.0,BIATEX LAMINADOS CL,Consumidor Livre,SUDESTE,24.0,3.399768
202403.0,2024-03-05,49329.0,BIATEX LAMINADOS CL,Consumidor Livre,SUDESTE,24.0,8.644143
202403.0,2024-03-06,49329.0,BIATEX LAMINADOS CL,Consumidor Livre,SUDESTE,24.0,8.367865
202403.0,2024-03-07,49329.0,BIATEX LAMINADOS CL,Consumidor Livre,SUDESTE,24.0,8.033695
202403.0,2024-03-08,49329.0,BIATEX LAMINADOS CL,Consumidor Livre,SUDESTE,24.0,8.191359
202403.0,2024-03-09,49329.0,BIATEX LAMINADOS CL,Consumidor Livre,SUDESTE,24.0,7.968475
202403.0,2024-03-10,49329.0,BIATEX LAMINADOS CL,Consumidor Livre,SUDESTE,24.0,2.513526
202403.0,2024-03-11,49329.0,BIATEX LAMINADOS CL,Consumidor Livre,SUDESTE,24.0,3.375593
202403.0,2024-03-12,49329.0,BIATEX LAMINADOS CL,Consumidor Livre,SUDESTE,24.0,5.754536
202403.0,2024-03-13,49329.0,BIATEX LAMINADOS CL,Consumidor Livre,SUDESTE,24.0,7.581067
202403.0,2024-03-14,49329.0,BIATEX LAMINADOS CL,Consumidor Livre,SUDESTE,24.0,7.042823
202403.0,2024-03-15,49329.0,BIATEX LAMINADOS CL,Consumidor Livre,SUDESTE,24.0,5.10988
202403.0,2024-03-16,49329.0,BIATEX LAMINADOS CL,Consumidor Livre,SUDESTE,24.0,6.184724
202403.0,2024-03-17,49329.0,BIATEX LAMINADOS CL,Consumidor Livre,SUDESTE,24.0,2.432217
202403.0,2024-03-18,49329.0,BIATEX LAMINADOS CL,Consumidor Livre,SUDESTE,24.0,4.231563
202403.0,2024-03-19,49329.0,BIATEX LAMINADOS CL,Consumidor Livre,SUDESTE,24.0,9.011288
202403.0,2024-03-20,49329.0,BIATEX LAMINADOS CL,Consumidor Livre,SUDESTE,24.0,10.10339
202403.0,2024-03-21,49329.0,BIATEX LAMINADOS CL,Consumidor Livre,SUDESTE,24.0,8.387935
202403.0,2024-03-22,49329.0,BIATEX LAMINADOS CL,Consumidor Livre,SUDESTE,24.0,9.235134
202403.0,2024-03-23,49329.0,BIATEX LAMINADOS CL,Consumidor Livre,SUDESTE,24.0,8.952608
202403.0,2024-03-24,49329.0,BIATEX LAMINADOS CL,Consumidor Livre,SUDESTE,24.0,2.410063
202403.0,2024-03-25,49329.0,BIATEX LAMINADOS CL,Consumidor Livre,SUDESTE,24.0,5.51335
202403.0,2024-03-26,49329.0,BIATEX LAMINADOS CL,Consumidor Livre,SUDESTE,24.0,9.614898
202403.0,2024-03-27,49329.0,BIATEX LAMINADOS CL,Consumidor Livre,SUDESTE,24.0,9.764783
202403.0,2024-03-28,49329.0,BIATEX LAMINADOS CL,Consumidor Livre,SUDESTE,24.0,10.311038
202403.0,2024-03-29,49329.0,BIATEX LAMINADOS CL,Consumidor Livre,SUDESTE,24.0,9.422438
202403.0,2024-03-30,49329.0,BIATEX LAMINADOS CL,Consumidor Livre,SUDESTE,24.0,1.311942
202403.0,2024-03-31,49329.0,BIATEX LAMINADOS CL,Consumidor Livre,SUDESTE,24.0,0.160445
202404.0,2024-04-01,49329.0,BIATEX LAMINADOS CL,Consumidor Livre,SUDESTE,24.0,5.875089
202404.0,2024-04-02,49329.0,BIATEX LAMINADOS CL,Consumidor Livre,SUDESTE,24.0,10.442836
202404.0,2024-04-03,49329.0,BIATEX LAMINADOS CL,Consumidor Livre,SUDESTE,24.0,9.296019
202404.0,2024-04-04,49329.0,BIATEX LAMINADOS CL,Consumidor Livre,SUDESTE,24.0,9.594606
202404.0,2024-04-05,49329.0,BIATEX LAMINADOS CL,Consumidor Livre,SUDESTE,24.0,8.929604
202404.0,2024-04-06,49329.0,BIATEX LAMINADOS CL,Consumidor Livre,SUDESTE,24.0,8.387406
202404.0,2024-04-07,49329.0,BIATEX LAMINADOS CL,Consumidor Livre,SUDESTE,24.0,1.418999
202404.0,2024-04-08,49329.0,BIATEX LAMINADOS CL,Consumidor Livre,SUDESTE,24.0,5.456093
202404.0,2024-04-09,49329.0,BIATEX LAMINADOS CL,Consumidor Livre,SUDESTE,24.0,9.830822
202404.0,2024-04-10,49329.0,BIATEX LAMINADOS CL,Consumidor Livre,SUDESTE,24.0,9.691005
202404.0,2024-04-11,49329.0,BIATEX LAMINADOS CL,Consumidor Livre,SUDESTE,24.0,9.330039
202404.0,2024-04-12,49329.0,BIATEX LAMINADOS CL,Consumidor Livre,SUDESTE,24.0,9.741429
202404.0,2024-04-13,49329.0,BIATEX LAMINADOS CL,Consumidor Livre,SUDESTE,24.0,9.211346
202404.0,2024-04-14,49329.0,BIATEX LAMINADOS CL,Consumidor Livre,SUDESTE,24.0,2.288313
202404.0,2024-04-15,49329.0,BIATEX LAMINADOS CL,Consumidor Livre,SUDESTE,24.0,5.557403
202404.0,2024-04-16,49329.0,BIATEX LAMINADOS CL,Consumidor Livre,SUDESTE,24.0,8.905947
202404.0,2024-04-17,49329.0,BIATEX LAMINADOS CL,Consumidor Livre,SUDESTE,24.0,9.539813
202404.0,2024-04-18,49329.0,BIATEX LAMINADOS CL,Consumidor Livre,SUDESTE,24.0,9.553702
202404.0,2024-04-19,49329.0,BIATEX LAMINADOS CL,Consumidor Livre,SUDESTE,24.0,9.837074
202404.0,2024-04-20,49329.0,BIATEX LAMINADOS CL,Consumidor Livre,SUDESTE,24.0,7.888114
202404.0,2024-04-21,49329.0,BIATEX LAMINADOS CL,Consumidor Livre,SUDESTE,24.0,2.437947
202404.0,2024-04-22,49329.0,BIATEX LAMINADOS CL,Consumidor Livre,SUDESTE,24.0,5.899217999999999
202404.0,2024-04-23,49329.0,BIATEX LAMINADOS CL,Consumidor Livre,SUDESTE,24.0,9.74852
202404.0,2024-04-24,49329.0,BIATEX LAMINADOS CL,Consumidor Livre,SUDESTE,24.0,9.580164
202404.0,2024-04-25,49329.0,BIATEX LAMINADOS CL,Consumidor Livre,SUDESTE,24.0,9.106527
202404.0,2024-04-26,49329.0,BIATEX LAMINADOS CL,Consumidor Livre,SUDESTE,24.0,9.050501
202404.0,2024-04-27,49329.0,BIATEX LAMINADOS CL,Consumidor Livre,SUDESTE,24.0,8.713261
202404.0,2024-04-28,49329.0,BIATEX LAMINADOS CL,Consumidor Livre,SUDESTE,24.0,2.452602
202404.0,2024-04-29,49329.0,BIATEX LAMINADOS CL,Consumidor Livre,SUDESTE,24.0,5.759173
202404.0,2024-04-30,49329.0,BIATEX LAMINADOS CL,Consumidor Livre,SUDESTE,24.0,9.982073
202405.0,2024-05-01,49329.0,BIATEX LAMINADOS CL,Consumidor Livre,SUDESTE,24.0,9.877547
202405.0,2024-05-02,49329.0,BIATEX LAMINADOS CL,Consumidor Livre,SUDESTE,24.0,8.390451
202405.0,2024-05-03,49329.0,BIATEX LAMINADOS CL,Consumidor Livre,SUDESTE,24.0,8.3407
202405.0,2024-05-04,49329.0,BIATEX LAMINADOS CL,Consumidor Livre,SUDESTE,24.0,2.247473
202405.0,2024-05-05,49329.0,BIATEX LAMINADOS CL,Consumidor Livre,SUDESTE,24.0,0.161304
202405.0,2024-05-06,49329.0,BIATEX LAMINADOS CL,Consumidor Livre,SUDESTE,24.0,4.746888
202405.0,2024-05-07,49329.0,BIATEX LAMINADOS CL,Consumidor Livre,SUDESTE,24.0,7.870091
202405.0,2024-05-08,49329.0,BIATEX LAMINADOS CL,Consumidor Livre,SUDESTE,24.0,8.805638
202405.0,2024-05-09,49329.0,BIATEX LAMINADOS CL,Consumidor Livre,SUDESTE,24.0,9.324288
202405.0,2024-05-10,49329.0,BIATEX LAMINADOS CL,Consumidor Livre,SUDESTE,24.0,8.944937
202405.0,2024-05-11,49329.0,BIATEX LAMINADOS CL,Consumidor Livre,SUDESTE,24.0,8.565131
202405.0,2024-05-12,49329.0,BIATEX LAMINADOS CL,Consumidor Livre,SUDESTE,24.0,2.213008
202405.0,2024-05-13,49329.0,BIATEX LAMINADOS CL,Consumidor Livre,SUDESTE,24.0,4.145574
202405.0,2024-05-14,49329.0,BIATEX LAMINADOS CL,Consumidor Livre,SUDESTE,24.0,8.011705
202405.0,2024-05-15,49329.0,BIATEX LAMINADOS CL,Consumidor Livre,SUDESTE,24.0,8.28441
202405.0,2024-05-16,49329.0,BIATEX LAMINADOS CL,Consumidor Livre,SUDESTE,24.0,8.031153
202405.0,2024-05-17,49329.0,BIATEX LAMINADOS CL,Consumidor Livre,SUDESTE,24.0,9.155796
202405.0,2024-05-18,49329.0,BIATEX LAMINADOS CL,Consumidor Livre,SUDESTE,24.0,8.921842999999999
202405.0,2024-05-19,49329.0,BIATEX LAMINADOS CL,Consumidor Livre,SUDESTE,24.0,2.163258
202405.0,2024-05-20,49329.0,BIATEX LAMINADOS CL,Consumidor Livre,SUDESTE,24.0,6.633325
202405.0,2024-05-21,49329.0,BIATEX LAMINADOS CL,Consumidor Livre,SUDESTE,24.0,9.968447
202405.0,2024-05-22,49329.0,BIATEX LAMINADOS CL,Consumidor Livre,SUDESTE,24.0,10.214508
202405.0,2024-05-23,49329.0,BIATEX LAMINADOS CL,Consumidor Livre,SUDESTE,24.0,10.433834
202405.0,2024-05-24,49329.0,BIATEX LAMINADOS CL,Consumidor Livre,SUDESTE,24.0,10.5785
202405.0,2024-05-25,49329.0,BIATEX LAMINADOS CL,Consumidor Livre,SUDESTE,24.0,9.475641
202405.0,2024-05-26,49329.0,BIATEX LAMINADOS CL,Consumidor Livre,SUDESTE,24.0,2.466539
202405.0,2024-05-27,49329.0,BIATEX LAMINADOS CL,Consumidor Livre,SUDESTE,24.0,5.194494
202405.0,2024-05-28,49329.0,BIATEX LAMINADOS CL,Consumidor Livre,SUDESTE,24.0,9.069538
202405.0,2024-05-29,49329.0,BIATEX LAMINADOS CL,Consumidor Livre,SUDESTE,24.0,8.931176
202405.0,2024-05-30,49329.0,BIATEX LAMINADOS CL,Consumidor Livre,SUDESTE,24.0,8.732442
202405.0,2024-05-31,49329.0,BIATEX LAMINADOS CL,Consumidor Livre,SUDESTE,24.0,8.972321
202406.0,2024-06-01,49329.0,BIATEX LAMINADOS CL,Consumidor Livre,SUDESTE,24.0,2.362086
202406.0,2024-06-02,49329.0,BIATEX LAMINADOS CL,Consumidor Livre,SUDESTE,24.0,0.163384
202406.0,2024-06-03,49329.0,BIATEX LAMINADOS CL,Consumidor Livre,SUDESTE,24.0,4.875914
202406.0,2024-06-04,49329.0,BIATEX LAMINADOS CL,Consumidor Livre,SUDESTE,24.0,9.046178
202406.0,2024-06-05,49329.0,BIATEX LAMINADOS CL,Consumidor Livre,SUDESTE,24.0,8.876328
202406.0,2024-06-06,49329.0,BIATEX LAMINADOS CL,Consumidor Livre,SUDESTE,24.0,8.542578
202406.0,2024-06-07,49329.0,BIATEX LAMINADOS CL,Consumidor Livre,SUDESTE,24.0,7.660801
202406.0,2024-06-08,49329.0,BIATEX LAMINADOS CL,Consumidor Livre,SUDESTE,24.0,7.402026
202406.0,2024-06-09,49329.0,BIATEX LAMINADOS CL,Consumidor Livre,SUDESTE,24.0,0.281024
202406.0,2024-06-10,49329.0,BIATEX LAMINADOS CL,Consumidor Livre,SUDESTE,24.0,0.205682
202406.0,2024-06-11,49329.0,BIATEX LAMINADOS CL,Consumidor Livre,SUDESTE,24.0,0.165965
202406.0,2024-06-12,49329.0,BIATEX LAMINADOS CL,Consumidor Livre,SUDESTE,24.0,0.15867
202406.0,2024-06-13,49329.0,BIATEX LAMINADOS CL,Consumidor Livre,SUDESTE,24.0,0.16064
202406.0,2024-06-14,49329.0,BIATEX LAMINADOS CL,Consumidor Livre,SUDESTE,24.0,0.158832
202406.0,2024-06-15,49329.0,BIATEX LAMINADOS CL,Consumidor Livre,SUDESTE,24.0,0.160164
202406.0,2024-06-16,49329.0,BIATEX LAMINADOS CL,Consumidor Livre,SUDESTE,24.0,0.156703
202406.0,2024-06-17,49329.0,BIATEX LAMINADOS CL,Consumidor Livre,SUDESTE,24.0,0.159923
202406.0,2024-06-18,49329.0,BIATEX LAMINADOS CL,Consumidor Livre,SUDESTE,24.0,0.089776
202406.0,2024-06-19,49329.0,BIATEX LAMINADOS CL,Consumidor Livre,SUDESTE,24.0,2.462177
202406.0,2024-06-20,49329.0,BIATEX LAMINADOS CL,Consumidor Livre,SUDESTE,24.0,5.220171
202406.0,2024-06-21,49329.0,BIATEX LAMINADOS CL,Consumidor Livre,SUDESTE,24.0,7.706259
202406.0,2024-06-22,49329.0,BIATEX LAMINADOS CL,Consumidor Livre,SUDESTE,24.0,6.333126
202406.0,2024-06-23,49329.0,BIATEX LAMINADOS CL,Consumidor Livre,SUDESTE,24.0,2.03416
202406.0,2024-06-24,49329.0,BIATEX LAMINADOS CL,Consumidor Livre,SUDESTE,24.0,5.319368
202406.0,2024-06-25,49329.0,BIATEX LAMINADOS CL,Consumidor Livre,SUDESTE,24.0,8.215166
202406.0,2024-06-26,49329.0,BIATEX LAMINADOS CL,Consumidor Livre,SUDESTE,24.0,8.50545
202406.0,2024-06-27,49329.0,BIATEX LAMINADOS CL,Consumidor Livre,SUDESTE,24.0,9.514415
202406.0,2024-06-28,49329.0,BIATEX LAMINADOS CL,Consumidor Livre,SUDESTE,24.0,9.196428
202406.0,2024-06-29,49329.0,BIATEX LAMINADOS CL,Consumidor Livre,SUDESTE,24.0,9.015001
202406.0,2024-06-30,49329.0,BIATEX LAMINADOS CL,Consumidor Livre,SUDESTE,24.0,1.345527
202407.0,2024-07-01,49329.0,BIATEX LAMINADOS CL,Consumidor Livre,SUDESTE,24.0,4.936334
202407.0,2024-07-02,49329.0,BIATEX LAMINADOS CL,Consumidor Livre,SUDESTE,24.0,8.692776
202407.0,2024-07-03,49329.0,BIATEX LAMINADOS CL,Consumidor Livre,SUDESTE,24.0,9.031664
202407.0,2024-07-04,49329.0,BIATEX LAMINADOS CL,Consumidor Livre,SUDESTE,24.0,10.319021
202407.0,2024-07-05,49329.0,BIATEX LAMINADOS CL,Consumidor Livre,SUDESTE,24.0,9.618779
202407.0,2024-07-06,49329.0,BIATEX LAMINADOS CL,Consumidor Livre,SUDESTE,24.0,8.833245
202407.0,2024-07-07,49329.0,BIATEX LAMINADOS CL,Consumidor Livre,SUDESTE,24.0,2.566773
202407.0,2024-07-08,49329.0,BIATEX LAMINADOS CL,Consumidor Livre,SUDESTE,24.0,6.546606
202407.0,2024-07-09,49329.0,BIATEX LAMINADOS CL,Consumidor Livre,SUDESTE,24.0,9.545497
202407.0,2024-07-10,49329.0,BIATEX LAMINADOS CL,Consumidor Livre,SUDESTE,24.0,8.295864
202407.0,2024-07-11,49329.0,BIATEX LAMINADOS CL,Consumidor Livre,SUDESTE,24.0,10.574851
202407.0,2024-07-12,49329.0,BIATEX LAMINADOS CL,Consumidor Livre,SUDESTE,24.0,11.717425
202407.0,2024-07-13,49329.0,BIATEX LAMINADOS CL,Consumidor Livre,SUDESTE,24.0,8.937044
202407.0,2024-07-14,49329.0,BIATEX LAMINADOS CL,Consumidor Livre,SUDESTE,24.0,2.550312
202407.0,2024-07-15,49329.0,BIATEX LAMINADOS CL,Consumidor Livre,SUDESTE,24.0,7.03956
202407.0,2024-07-16,49329.0,BIATEX LAMINADOS CL,Consumidor Livre,SUDESTE,24.0,10.241172
202407.0,2024-07-17,49329.0,BIATEX LAMINADOS CL,Consumidor Livre,SUDESTE,24.0,10.953812
202407.0,2024-07-18,49329.0,BIATEX LAMINADOS CL,Consumidor Livre,SUDESTE,24.0,11.153734
202407.0,2024-07-19,49329.0,BIATEX LAMINADOS CL,Consumidor Livre,SUDESTE,24.0,10.629867
202407.0,2024-07-20,49329.0,BIATEX LAMINADOS CL,Consumidor Livre,SUDESTE,24.0,8.797013
202407.0,2024-07-21,49329.0,BIATEX LAMINADOS CL,Consumidor Livre,SUDESTE,24.0,2.387291
202407.0,2024-07-22,49329.0,BIATEX LAMINADOS CL,Consumidor Livre,SUDESTE,24.0,6.149147
202407.0,2024-07-23,49329.0,BIATEX LAMINADOS CL,Consumidor Livre,SUDESTE,24.0,9.940302
202407.0,2024-07-24,49329.0,BIATEX LAMINADOS CL,Consumidor Livre,SUDESTE,24.0,10.23628
202407.0,2024-07-25,49329.0,BIATEX LAMINADOS CL,Consumidor Livre,SUDESTE,24.0,10.986037
202407.0,2024-07-26,49329.0,BIATEX LAMINADOS CL,Consumidor Livre,SUDESTE,24.0,10.91561
202407.0,2024-07-27,49329.0,BIATEX LAMINADOS CL,Consumidor Livre,SUDESTE,24.0,9.126984
202407.0,2024-07-28,49329.0,BIATEX LAMINADOS CL,Consumidor Livre,SUDESTE,24.0,2.357866
202407.0,2024-07-29,49329.0,BIATEX LAMINADOS CL,Consumidor Livre,SUDESTE,24.0,5.817072
202407.0,2024-07-30,49329.0,BIATEX LAMINADOS CL,Consumidor Livre,SUDESTE,24.0,10.178523
202407.0,2024-07-31,49329.0,BIATEX LAMINADOS CL,Consumidor Livre,SUDESTE,24.0,9.595025
202408.0,2024-08-01,49329.0,BIATEX LAMINADOS CL,Consumidor Livre,SUDESTE,24.0,9.917459
202408.0,2024-08-02,49329.0,BIATEX LAMINADOS CL,Consumidor Livre,SUDESTE,24.0,10.721809
202408.0,2024-08-03,49329.0,BIATEX LAMINADOS CL,Consumidor Livre,SUDESTE,24.0,9.198524
202408.0,2024-08-04,49329.0,BIATEX LAMINADOS CL,Consumidor Livre,SUDESTE,24.0,2.273587
202408.0,2024-08-05,49329.0,BIATEX LAMINADOS CL,Consumidor Livre,SUDESTE,24.0,6.8582790000000005
202408.0,2024-08-06,49329.0,BIATEX LAMINADOS CL,Consumidor Livre,SUDESTE,24.0,9.131392
202408.0,2024-08-07,49329.0,BIATEX LAMINADOS CL,Consumidor Livre,SUDESTE,24.0,10.705918
202408.0,2024-08-08,49329.0,BIATEX LAMINADOS CL,Consumidor Livre,SUDESTE,24.0,10.667204
202408.0,2024-08-09,49329.0,BIATEX LAMINADOS CL,Consumidor Livre,SUDESTE,24.0,10.790179
202408.0,2024-08-10,49329.0,BIATEX LAMINADOS CL,Consumidor Livre,SUDESTE,24.0,9.188033
202408.0,2024-08-11,49329.0,BIATEX LAMINADOS CL,Consumidor Livre,SUDESTE,24.0,2.207119
202408.0,2024-08-12,49329.0,BIATEX LAMINADOS CL,Consumidor Livre,SUDESTE,24.0,6.748276
202408.0,2024-08-13,49329.0,BIATEX LAMINADOS CL,Consumidor Livre,SUDESTE,24.0,11.8149
202408.0,2024-08-14,49329.0,BIATEX LAMINADOS CL,Consumidor Livre,SUDESTE,24.0,11.579231
202408.0,2024-08-15,49329.0,BIATEX LAMINADOS CL,Consumidor Livre,SUDESTE,24.0,11.170009
202408.0,2024-08-16,49329.0,BIATEX LAMINADOS CL,Consumidor Livre,SUDESTE,24.0,10.67474
202408.0,2024-08-17,49329.0,BIATEX LAMINADOS CL,Consumidor Livre,SUDESTE,24.0,9.663953
202408.0,2024-08-18,49329.0,BIATEX LAMINADOS CL,Consumidor Livre,SUDESTE,24.0,2.081015
202408.0,2024-08-19,49329.0,BIATEX LAMINADOS CL,Consumidor Livre,SUDESTE,24.0,6.1560250000000005
202408.0,2024-08-20,49329.0,BIATEX LAMINADOS CL,Consumidor Livre,SUDESTE,24.0,10.641661
202408.0,2024-08-21,49329.0,BIATEX LAMINADOS CL,Consumidor Livre,SUDESTE,24.0,10.320055
202408.0,2024-08-22,49329.0,BIATEX LAMINADOS CL,Consumidor Livre,SUDESTE,24.0,10.077071
202408.0,2024-08-23,49329.0,BIATEX LAMINADOS CL,Consumidor Livre,SUDESTE,24.0,9.208352
202408.0,2024-08-24,49329.0,BIATEX LAMINADOS CL,Consumidor Livre,SUDESTE,24.0,9.385233
202408.0,2024-08-25,49329.0,BIATEX LAMINADOS CL,Consumidor Livre,SUDESTE,24.0,2.120455
202408.0,2024-08-26,49329.0,BIATEX LAMINADOS CL,Consumidor Livre,SUDESTE,24.0,6.227061
202408.0,2024-08-27,49329.0,BIATEX LAMINADOS CL,Consumidor Livre,SUDESTE,24.0,11.08595
202408.0,2024-08-28,49329.0,BIATEX LAMINADOS CL,Consumidor Livre,SUDESTE,24.0,11.267631
202408.0,2024-08-29,49329.0,BIATEX LAMINADOS CL,Consumidor Livre,SUDESTE,24.0,11.787187
202408.0,2024-08-30,49329.0,BIATEX LAMINADOS CL,Consumidor Livre,SUDESTE,24.0,11.218925
202408.0,2024-08-31,49329.0,BIATEX LAMINADOS CL,Consumidor Livre,SUDESTE,24.0,9.538274
202409.0,2024-09-01,49329.0,BIATEX LAMINADOS CL,Consumidor Livre,SUDESTE,24.0,1.212677
202409.0,2024-09-02,49329.0,BIATEX LAMINADOS CL,Consumidor Livre,SUDESTE,24.0,6.046635
202409.0,2024-09-03,49329.0,BIATEX LAMINADOS CL,Consumidor Livre,SUDESTE,24.0,10.643991
202409.0,2024-09-04,49329.0,BIATEX LAMINADOS CL,Consumidor Livre,SUDESTE,24.0,10.481767
202409.0,2024-09-05,49329.0,BIATEX LAMINADOS CL,Consumidor Livre,SUDESTE,24.0,11.462804
202409.0,2024-09-06,49329.0,BIATEX LAMINADOS CL,Consumidor Livre,SUDESTE,24.0,11.300496
202409.0,2024-09-07,49329.0,BIATEX LAMINADOS CL,Consumidor Livre,SUDESTE,24.0,8.055891
202409.0,2024-09-08,49329.0,BIATEX LAMINADOS CL,Consumidor Livre,SUDESTE,24.0,0.164095
202409.0,2024-09-09,49329.0,BIATEX LAMINADOS CL,Consumidor Livre,SUDESTE,24.0,7.735063
202409.0,2024-09-10,49329.0,BIATEX LAMINADOS CL,Consumidor Livre,SUDESTE,24.0,11.93671
202409.0,2024-09-11,49329.0,BIATEX LAMINADOS CL,Consumidor Livre,SUDESTE,24.0,11.559377
202409.0,2024-09-12,49329.0,BIATEX LAMINADOS CL,Consumidor Livre,SUDESTE,24.0,11.075639
202409.0,2024-09-13,49329.0,BIATEX LAMINADOS CL,Consumidor Livre,SUDESTE,24.0,10.345305
202409.0,2024-09-14,49329.0,BIATEX LAMINADOS CL,Consumidor Livre,SUDESTE,24.0,8.8448
202409.0,2024-09-15,49329.0,BIATEX LAMINADOS CL,Consumidor Livre,SUDESTE,24.0,2.27199
202409.0,2024-09-16,49329.0,BIATEX LAMINADOS CL,Consumidor Livre,SUDESTE,24.0,7.780392
202409.0,2024-09-17,49329.0,BIATEX LAMINADOS CL,Consumidor Livre,SUDESTE,24.0,8.224638
202409.0,2024-09-18,49329.0,BIATEX LAMINADOS CL,Consumidor Livre,SUDESTE,24.0,7.931318
202409.0,2024-09-19,49329.0,BIATEX LAMINADOS CL,Consumidor Livre,SUDESTE,24.0,7.707757
202409.0,2024-09-20,49329.0,BIATEX LAMINADOS CL,Consumidor Livre,SUDESTE,24.0,7.547523
202409.0,2024-09-21,49329.0,BIATEX LAMINADOS CL,Consumidor Livre,SUDESTE,24.0,1.647032
202409.0,2024-09-22,49329.0,BIATEX LAMINADOS CL,Consumidor Livre,SUDESTE,24.0,0.157017
202409.0,2024-09-23,49329.0,BIATEX LAMINADOS CL,Consumidor Livre,SUDESTE,24.0,0.163815
202409.0,2024-09-24,49329.0,BIATEX LAMINADOS CL,Consumidor Livre,SUDESTE,24.0,7.044695
202409.0,2024-09-25,49329.0,BIATEX LAMINADOS CL,Consumidor Livre,SUDESTE,24.0,9.683779
202409.0,2024-09-26,49329.0,BIATEX LAMINADOS CL,Consumidor Livre,SUDESTE,24.0,11.343624
202409.0,2024-09-27,49329.0,BIATEX LAMINADOS CL,Consumidor Livre,SUDESTE,24.0,10.381373
202409.0,2024-09-28,49329.0,BIATEX LAMINADOS CL,Consumidor Livre,SUDESTE,24.0,9.870487
202409.0,2024-09-29,49329.0,BIATEX LAMINADOS CL,Consumidor Livre,SUDESTE,24.0,1.190295
202409.0,2024-09-30,49329.0,BIATEX LAMINADOS CL,Consumidor Livre,SUDESTE,24.0,7.577814
202410.0,2024-10-01,49329.0,BIATEX LAMINADOS CL,Consumidor Livre,SUDESTE,24.0,10.471052
202410.0,2024-10-02,49329.0,BIATEX LAMINADOS CL,Consumidor Livre,SUDESTE,24.0,9.448686
202410.0,2024-10-03,49329.0,BIATEX LAMINADOS CL,Consumidor Livre,SUDESTE,24.0,9.750171
202410.0,2024-10-04,49329.0,BIATEX LAMINADOS CL,Consumidor Livre,SUDESTE,24.0,11.09133
202410.0,2024-10-05,49329.0,BIATEX LAMINADOS CL,Consumidor Livre,SUDESTE,24.0,9.463514
202410.0,2024-10-06,49329.0,BIATEX LAMINADOS CL,Consumidor Livre,SUDESTE,24.0,1.218653
202410.0,2024-10-07,49329.0,BIATEX LAMINADOS CL,Consumidor Livre,SUDESTE,24.0,6.488959
202410.0,2024-10-08,49329.0,BIATEX LAMINADOS CL,Consumidor Livre,SUDESTE,24.0,10.397837
202410.0,2024-10-09,49329.0,BIATEX LAMINADOS CL,Consumidor Livre,SUDESTE,24.0,10.854133
202410.0,2024-10-10,49329.0,BIATEX LAMINADOS CL,Consumidor Livre,SUDESTE,24.0,9.050792
202410.0,2024-10-11,49329.0,BIATEX LAMINADOS CL,Consumidor Livre,SUDESTE,24.0,8.507015
202410.0,2024-10-12,49329.0,BIATEX LAMINADOS CL,Consumidor Livre,SUDESTE,24.0,1.234349
202410.0,2024-10-13,49329.0,BIATEX LAMINADOS CL,Consumidor Livre,SUDESTE,24.0,0.163336
202410.0,2024-10-14,49329.0,BIATEX LAMINADOS CL,Consumidor Livre,SUDESTE,24.0,6.558473
202410.0,2024-10-15,49329.0,BIATEX LAMINADOS CL,Consumidor Livre,SUDESTE,24.0,11.154243
202410.0,2024-10-16,49329.0,BIATEX LAMINADOS CL,Consumidor Livre,SUDESTE,24.0,10.829356
202410.0,2024-10-17,49329.0,BIATEX LAMINADOS CL,Consumidor Livre,SUDESTE,24.0,9.93894
202410.0,2024-10-18,49329.0,BIATEX LAMINADOS CL,Consumidor Livre,SUDESTE,24.0,9.820737
202410.0,2024-10-19,49329.0,BIATEX LAMINADOS CL,Consumidor Livre,SUDESTE,24.0,9.180919
202410.0,2024-10-20,49329.0,BIATEX LAMINADOS CL,Consumidor Livre,SUDESTE,24.0,2.236958
202410.0,2024-10-21,49329.0,BIATEX LAMINADOS CL,Consumidor Livre,SUDESTE,24.0,6.325818
202410.0,2024-10-22,49329.0,BIATEX LAMINADOS CL,Consumidor Livre,SUDESTE,24.0,9.822445
202410.0,2024-10-23,49329.0,BIATEX LAMINADOS CL,Consumidor Livre,SUDESTE,24.0,10.015043
202410.0,2024-10-24,49329.0,BIATEX LAMINADOS CL,Consumidor Livre,SUDESTE,24.0,10.479461
202410.0,2024-10-25,49329.0,BIATEX LAMINADOS CL,Consumidor Livre,SUDESTE,24.0,10.944317
202410.0,2024-10-26,49329.0,BIATEX LAMINADOS CL,Consumidor Livre,SUDESTE,24.0,8.781416
202410.0,2024-10-27,49329.0,BIATEX LAMINADOS CL,Consumidor Livre,SUDESTE,24.0,1.857042
202410.0,2024-10-28,49329.0,BIATEX LAMINADOS CL,Consumidor Livre,SUDESTE,24.0,6.232687
202410.0,2024-10-29,49329.0,BIATEX LAMINADOS CL,Consumidor Livre,SUDESTE,24.0,10.67323
202410.0,2024-10-30,49329.0,BIATEX LAMINADOS CL,Consumidor Livre,SUDESTE,24.0,9.870208
202410.0,2024-10-31,49329.0,BIATEX LAMINADOS CL,Consumidor Livre,SUDESTE,24.0,9.622407
202411.0,2024-11-01,49329.0,BIATEX LAMINADOS CL,Consumidor Livre,SUDESTE,24.0,9.218813
202411.0,2024-11-02,49329.0,BIATEX LAMINADOS CL,Consumidor Livre,SUDESTE,24.0,1.966241
202411.0,2024-11-03,49329.0,BIATEX LAMINADOS CL,Consumidor Livre,SUDESTE,24.0,0.162155
202411.0,2024-11-04,49329.0,BIATEX LAMINADOS CL,Consumidor Livre,SUDESTE,24.0,5.803766
202411.0,2024-11-05,49329.0,BIATEX LAMINADOS CL,Consumidor Livre,SUDESTE,24.0,10.151119
202411.0,2024-11-06,49329.0,BIATEX LAMINADOS CL,Consumidor Livre,SUDESTE,24.0,10.783157
202411.0,2024-11-07,49329.0,BIATEX LAMINADOS CL,Consumidor Livre,SUDESTE,24.0,9.9149
202411.0,2024-11-08,49329.0,BIATEX LAMINADOS CL,Consumidor Livre,SUDESTE,24.0,5.917603
202411.0,2024-11-09,49329.0,BIATEX LAMINADOS CL,Consumidor Livre,SUDESTE,24.0,7.836065
202411.0,2024-11-10,49329.0,BIATEX LAMINADOS CL,Consumidor Livre,SUDESTE,24.0,2.171948
202411.0,2024-11-11,49329.0,BIATEX LAMINADOS CL,Consumidor Livre,SUDESTE,24.0,5.879659
202411.0,2024-11-12,49329.0,BIATEX LAMINADOS CL,Consumidor Livre,SUDESTE,24.0,9.23679
202411.0,2024-11-13,49329.0,BIATEX LAMINADOS CL,Consumidor Livre,SUDESTE,24.0,8.325021
202411.0,2024-11-14,49329.0,BIATEX LAMINADOS CL,Consumidor Livre,SUDESTE,24.0,8.322842
202411.0,2024-11-15,49329.0,BIATEX LAMINADOS CL,Consumidor Livre,SUDESTE,24.0,8.322401
202411.0,2024-11-16,49329.0,BIATEX LAMINADOS CL,Consumidor Livre,SUDESTE,24.0,7.408626
202411.0,2024-11-17,49329.0,BIATEX LAMINADOS CL,Consumidor Livre,SUDESTE,24.0,2.064996
202411.0,2024-11-18,49329.0,BIATEX LAMINADOS CL,Consumidor Livre,SUDESTE,24.0,5.433814
202411.0,2024-11-19,49329.0,BIATEX LAMINADOS CL,Consumidor Livre,SUDESTE,24.0,6.89105
202411.0,2024-11-20,49329.0,BIATEX LAMINADOS CL,Consumidor Livre,SUDESTE,24.0,7.182239
202411.0,2024-11-21,49329.0,BIATEX LAMINADOS CL,Consumidor Livre,SUDESTE,24.0,7.459149
202411.0,2024-11-22,49329.0,BIATEX LAMINADOS CL,Consumidor Livre,SUDESTE,24.0,7.178044
202411.0,2024-11-23,49329.0,BIATEX LAMINADOS CL,Consumidor Livre,SUDESTE,24.0,8.517537
202411.0,2024-11-24,49329.0,BIATEX LAMINADOS CL,Consumidor Livre,SUDESTE,24.0,2.082195
202411.0,2024-11-25,49329.0,BIATEX LAMINADOS CL,Consumidor Livre,SUDESTE,24.0,5.045367
202411.0,2024-11-26,49329.0,BIATEX LAMINADOS CL,Consumidor Livre,SUDESTE,24.0,7.81374
202411.0,2024-11-27,49329.0,BIATEX LAMINADOS CL,Consumidor Livre,SUDESTE,24.0,7.361697
202411.0,2024-11-28,49329.0,BIATEX LAMINADOS CL,Consumidor Livre,SUDESTE,24.0,7.683488
202411.0,2024-11-29,49329.0,BIATEX LAMINADOS CL,Consumidor Livre,SUDESTE,24.0,8.120209000000001
202411.0,2024-11-30,49329.0,BIATEX LAMINADOS CL,Consumidor Livre,SUDESTE,24.0,6.431176
202412.0,2024-12-01,49329.0,BIATEX LAMINADOS CL,Consumidor Livre,SUDESTE,24.0,2.003782
202412.0,2024-12-02,49329.0,BIATEX LAMINADOS CL,Consumidor Livre,SUDESTE,24.0,4.752235
202412.0,2024-12-03,49329.0,BIATEX LAMINADOS CL,Consumidor Livre,SUDESTE,24.0,8.020607
202412.0,2024-12-04,49329.0,BIATEX LAMINADOS CL,Consumidor Livre,SUDESTE,24.0,7.795922
202412.0,2024-12-05,49329.0,BIATEX LAMINADOS CL,Consumidor Livre,SUDESTE,24.0,7.71146
202412.0,2024-12-06,49329.0,BIATEX LAMINADOS CL,Consumidor Livre,SUDESTE,24.0,6.511409
202412.0,2024-12-07,49329.0,BIATEX LAMINADOS CL,Consumidor Livre,SUDESTE,24.0,8.185186999999999
202412.0,2024-12-08,49329.0,BIATEX LAMINADOS CL,Consumidor Livre,SUDESTE,24.0,1.304284
202412.0,2024-12-09,49329.0,BIATEX LAMINADOS CL,Consumidor Livre,SUDESTE,24.0,4.644691
202412.0,2024-12-10,49329.0,BIATEX LAMINADOS CL,Consumidor Livre,SUDESTE,24.0,6.93444
202412.0,2024-12-11,49329.0,BIATEX LAMINADOS CL,Consumidor Livre,SUDESTE,24.0,6.068131
202412.0,2024-12-12,49329.0,BIATEX LAMINADOS CL,Consumidor Livre,SUDESTE,24.0,5.291798
202412.0,2024-12-13,49329.0,BIATEX LAMINADOS CL,Consumidor Livre,SUDESTE,24.0,6.6105540000000005
202412.0,2024-12-14,49329.0,BIATEX LAMINADOS CL,Consumidor Livre,SUDESTE,24.0,4.844609
202412.0,2024-12-15,49329.0,BIATEX LAMINADOS CL,Consumidor Livre,SUDESTE,24.0,0.147534
202412.0,2024-12-16,49329.0,BIATEX LAMINADOS CL,Consumidor Livre,SUDESTE,24.0,0.148415
202412.0,2024-12-17,49329.0,BIATEX LAMINADOS CL,Consumidor Livre,SUDESTE,24.0,0.146531
202412.0,2024-12-18,49329.0,BIATEX LAMINADOS CL,Consumidor Livre,SUDESTE,24.0,0.147553
202412.0,2024-12-19,49329.0,BIATEX LAMINADOS CL,Consumidor Livre,SUDESTE,24.0,0.149207
202412.0,2024-12-20,49329.0,BIATEX LAMINADOS CL,Consumidor Livre,SUDESTE,24.0,0.139547
202412.0,2024-12-21,49329.0,BIATEX LAMINADOS CL,Consumidor Livre,SUDESTE,24.0,0.146304
202412.0,2024-12-22,49329.0,BIATEX LAMINADOS CL,Consumidor Livre,SUDESTE,24.0,0.371217
202412.0,2024-12-23,49329.0,BIATEX LAMINADOS CL,Consumidor Livre,SUDESTE,24.0,0.622012
202412.0,2024-12-24,49329.0,BIATEX LAMINADOS CL,Consumidor Livre,SUDESTE,24.0,0.533002
202412.0,2024-12-25,49329.0,BIATEX LAMINADOS CL,Consumidor Livre,SUDESTE,24.0,0.514385
202412.0,2024-12-26,49329.0,BIATEX LAMINADOS CL,Consumidor Livre,SUDESTE,24.0,0.620833
202412.0,2024-12-27,49329.0,BIATEX LAMINADOS CL,Consumidor Livre,SUDESTE,24.0,0.644158
202412.0,2024-12-28,49329.0,BIATEX LAMINADOS CL,Consumidor Livre,SUDESTE,24.0,0.670437
202412.0,2024-12-29,49329.0,BIATEX LAMINADOS CL,Consumidor Livre,SUDESTE,24.0,0.658424
202412.0,2024-12-30,49329.0,BIATEX LAMINADOS CL,Consumidor Livre,SUDESTE,24.0,0.666479
202412.0,2024-12-31,49329.0,BIATEX LAMINADOS CL,Consumidor Livre,SUDESTE,24.0,0.560119
202501.0,2025-01-01,49329.0,BIATEX LAMINADOS CL,Consumidor Livre,SUDESTE,24.0,0.579406
202501.0,2025-01-02,49329.0,BIATEX LAMINADOS CL,Consumidor Livre,SUDESTE,24.0,0.6560630000000001
202501.0,2025-01-03,49329.0,BIATEX LAMINADOS CL,Consumidor Livre,SUDESTE,24.0,0.672133
202501.0,2025-01-04,49329.0,BIATEX LAMINADOS CL,Consumidor Livre,SUDESTE,24.0,0.6350169999999999
202501.0,2025-01-05,49329.0,BIATEX LAMINADOS CL,Consumidor Livre,SUDESTE,24.0,0.786115
202501.0,2025-01-06,49329.0,BIATEX LAMINADOS CL,Consumidor Livre,SUDESTE,24.0,3.878148
202501.0,2025-01-07,49329.0,BIATEX LAMINADOS CL,Consumidor Livre,SUDESTE,24.0,8.812382
202501.0,2025-01-08,49329.0,BIATEX LAMINADOS CL,Consumidor Livre,SUDESTE,24.0,12.084566
202501.0,2025-01-09,49329.0,BIATEX LAMINADOS CL,Consumidor Livre,SUDESTE,24.0,13.807196
202501.0,2025-01-10,49329.0,BIATEX LAMINADOS CL,Consumidor Livre,SUDESTE,24.0,12.009782
202501.0,2025-01-11,49329.0,BIATEX LAMINADOS CL,Consumidor Livre,SUDESTE,24.0,8.7077
202501.0,2025-01-12,49329.0,BIATEX LAMINADOS CL,Consumidor Livre,SUDESTE,24.0,3.746781
202501.0,2025-01-13,49329.0,BIATEX LAMINADOS CL,Consumidor Livre,SUDESTE,24.0,11.683537
202501.0,2025-01-14,49329.0,BIATEX LAMINADOS CL,Consumidor Livre,SUDESTE,24.0,14.541377
202501.0,2025-01-15,49329.0,BIATEX LAMINADOS CL,Consumidor Livre,SUDESTE,24.0,13.286933
202501.0,2025-01-16,49329.0,BIATEX LAMINADOS CL,Consumidor Livre,SUDESTE,24.0,14.971103
202501.0,2025-01-17,49329.0,BIATEX LAMINADOS CL,Consumidor Livre,SUDESTE,24.0,13.712622
202501.0,2025-01-18,49329.0,BIATEX LAMINADOS CL,Consumidor Livre,SUDESTE,24.0,10.277546
202501.0,2025-01-19,49329.0,BIATEX LAMINADOS CL,Consumidor Livre,SUDESTE,24.0,3.73392
202501.0,2025-01-20,49329.0,BIATEX LAMINADOS CL,Consumidor Livre,SUDESTE,24.0,11.261837
202501.0,2025-01-21,49329.0,BIATEX LAMINADOS CL,Consumidor Livre,SUDESTE,24.0,14.95729
202501.0,2025-01-22,49329.0,BIATEX LAMINADOS CL,Consumidor Livre,SUDESTE,24.0,14.976334
202501.0,2025-01-23,49329.0,BIATEX LAMINADOS CL,Consumidor Livre,SUDESTE,24.0,13.783734
202501.0,2025-01-24,49329.0,BIATEX LAMINADOS CL,Consumidor Livre,SUDESTE,24.0,13.162214
202501.0,2025-01-25,49329.0,BIATEX LAMINADOS CL,Consumidor Livre,SUDESTE,24.0,9.33144
202501.0,2025-01-26,49329.0,BIATEX LAMINADOS CL,Consumidor Livre,SUDESTE,24.0,2.353111
202501.0,2025-01-27,49329.0,BIATEX LAMINADOS CL,Consumidor Livre,SUDESTE,24.0,11.037975
202501.0,2025-01-28,49329.0,BIATEX LAMINADOS CL,Consumidor Livre,SUDESTE,24.0,14.868023
202501.0,2025-01-29,49329.0,BIATEX LAMINADOS CL,Consumidor Livre,SUDESTE,24.0,15.146157
202501.0,2025-01-30,49329.0,BIATEX LAMINADOS CL,Consumidor Livre,SUDESTE,24.0,14.221773
202501.0,2025-01-31,49329.0,BIATEX LAMINADOS CL,Consumidor Livre,SUDESTE,24.0,14.7713
202502.0,2025-02-01,49329.0,BIATEX LAMINADOS CL,Consumidor Livre,SUDESTE,24.0,12.245169
202502.0,2025-02-02,49329.0,BIATEX LAMINADOS CL,Consumidor Livre,SUDESTE,24.0,3.281682
202502.0,2025-02-03,49329.0,BIATEX LAMINADOS CL,Consumidor Livre,SUDESTE,24.0,12.537113
202502.0,2025-02-04,49329.0,BIATEX LAMINADOS CL,Consumidor Livre,SUDESTE,24.0,15.900172
202502.0,2025-02-05,49329.0,BIATEX LAMINADOS CL,Consumidor Livre,SUDESTE,24.0,14.985611
202502.0,2025-02-06,49329.0,BIATEX LAMINADOS CL,Consumidor Livre,SUDESTE,24.0,14.268564
202502.0,2025-02-07,49329.0,BIATEX LAMINADOS CL,Consumidor Livre,SUDESTE,24.0,15.229458
202502.0,2025-02-08,49329.0,BIATEX LAMINADOS CL,Consumidor Livre,SUDESTE,24.0,11.641964
202502.0,2025-02-09,49329.0,BIATEX LAMINADOS CL,Consumidor Livre,SUDESTE,24.0,2.774872
202502.0,2025-02-10,49329.0,BIATEX LAMINADOS CL,Consumidor Livre,SUDESTE,24.0,13.241069
202502.0,2025-02-11,49329.0,BIATEX LAMINADOS CL,Consumidor Livre,SUDESTE,24.0,15.755233
202502.0,2025-02-12,49329.0,BIATEX LAMINADOS CL,Consumidor Livre,SUDESTE,24.0,14.857719
202502.0,2025-02-13,49329.0,BIATEX LAMINADOS CL,Consumidor Livre,SUDESTE,24.0,15.013274
202502.0,2025-02-14,49329.0,BIATEX LAMINADOS CL,Consumidor Livre,SUDESTE,24.0,14.711423
202502.0,2025-02-15,49329.0,BIATEX LAMINADOS CL,Consumidor Livre,SUDESTE,24.0,12.938539
202502.0,2025-02-16,49329.0,BIATEX LAMINADOS CL,Consumidor Livre,SUDESTE,24.0,2.679502
202502.0,2025-02-17,49329.0,BIATEX LAMINADOS CL,Consumidor Livre,SUDESTE,24.0,12.502877
202502.0,2025-02-18,49329.0,BIATEX LAMINADOS CL,Consumidor Livre,SUDESTE,24.0,16.245346
202502.0,2025-02-19,49329.0,BIATEX LAMINADOS CL,Consumidor Livre,SUDESTE,24.0,16.764051
202502.0,2025-02-20,49329.0,BIATEX LAMINADOS CL,Consumidor Livre,SUDESTE,24.0,16.258236
202502.0,2025-02-21,49329.0,BIATEX LAMINADOS CL,Consumidor Livre,SUDESTE,24.0,14.856941
202502.0,2025-02-22,49329.0,BIATEX LAMINADOS CL,Consumidor Livre,SUDESTE,24.0,13.795289
202502.0,2025-02-23,49329.0,BIATEX LAMINADOS CL,Consumidor Livre,SUDESTE,24.0,2.627588
202502.0,2025-02-24,49329.0,BIATEX LAMINADOS CL,Consumidor Livre,SUDESTE,24.0,14.311596
202502.0,2025-02-25,49329.0,BIATEX LAMINADOS CL,Consumidor Livre,SUDESTE,24.0,16.806767
202502.0,2025-02-26,49329.0,BIATEX LAMINADOS CL,Consumidor Livre,SUDESTE,24.0,16.970712
202502.0,2025-02-27,49329.0,BIATEX LAMINADOS CL,Consumidor Livre,SUDESTE,24.0,15.878341
202502.0,2025-02-28,49329.0,BIATEX LAMINADOS CL,Consumidor Livre,SUDESTE,24.0,17.280564
202503.0,2025-03-01,49329.0,BIATEX LAMINADOS CL,Consumidor Livre,SUDESTE,24.0,11.001918
202503.0,2025-03-02,49329.0,BIATEX LAMINADOS CL,Consumidor Livre,SUDESTE,24.0,0.488432
202503.0,2025-03-03,49329.0,BIATEX LAMINADOS CL,Consumidor Livre,SUDESTE,24.0,2.50078
202503.0,2025-03-04,49329.0,BIATEX LAMINADOS CL,Consumidor Livre,SUDESTE,24.0,0.1332279999999999
202503.0,2025-03-05,49329.0,BIATEX LAMINADOS CL,Consumidor Livre,SUDESTE,24.0,0.00961
202503.0,2025-03-06,49329.0,BIATEX LAMINADOS CL,Consumidor Livre,SUDESTE,24.0,0.009563
202503.0,2025-03-07,49329.0,BIATEX LAMINADOS CL,Consumidor Livre,SUDESTE,24.0,0.00961
202503.0,2025-03-08,49329.0,BIATEX LAMINADOS CL,Consumidor Livre,SUDESTE,24.0,0.009561
202503.0,2025-03-09,49329.0,BIATEX LAMINADOS CL,Consumidor Livre,SUDESTE,24.0,0.009511
202503.0,2025-03-10,49329.0,BIATEX LAMINADOS CL,Consumidor Livre,SUDESTE,24.0,0.009584
202503.0,2025-03-11,49329.0,BIATEX LAMINADOS CL,Consumidor Livre,SUDESTE,24.0,0.009606
202503.0,2025-03-12,49329.0,BIATEX LAMINADOS CL,Consumidor Livre,SUDESTE,24.0,0.009565
202503.0,2025-03-13,49329.0,BIATEX LAMINADOS CL,Consumidor Livre,SUDESTE,24.0,0.00962
202503.0,2025-03-14,49329.0,BIATEX LAMINADOS CL,Consumidor Livre,SUDESTE,24.0,0.009553
202503.0,2025-03-15,49329.0,BIATEX LAMINADOS CL,Consumidor Livre,SUDESTE,24.0,0.009519
202503.0,2025-03-16,49329.0,BIATEX LAMINADOS CL,Consumidor Livre,SUDESTE,24.0,0.009608
202503.0,2025-03-17,49329.0,BIATEX LAMINADOS CL,Consumidor Livre,SUDESTE,24.0,0.009552
202503.0,2025-03-18,49329.0,BIATEX LAMINADOS CL,Consumidor Livre,SUDESTE,24.0,0.052716
202503.0,2025-03-19,49329.0,BIATEX LAMINADOS CL,Consumidor Livre,SUDESTE,24.0,0.009607
202503.0,2025-03-20,49329.0,BIATEX LAMINADOS CL,Consumidor Livre,SUDESTE,24.0,0.009621
202503.0,2025-03-21,49329.0,BIATEX LAMINADOS CL,Consumidor Livre,SUDESTE,24.0,0.009596
202503.0,2025-03-22,49329.0,BIATEX LAMINADOS CL,Consumidor Livre,SUDESTE,24.0,0.009532
202503.0,2025-03-23,49329.0,BIATEX LAMINADOS CL,Consumidor Livre,SUDESTE,24.0,0.009697
202503.0,2025-03-24,49329.0,BIATEX LAMINADOS CL,Consumidor Livre,SUDESTE,24.0,0.044344
202503.0,2025-03-25,49329.0,BIATEX LAMINADOS CL,Consumidor Livre,SUDESTE,24.0,0.07696
202503.0,2025-03-26,49329.0,BIATEX LAMINADOS CL,Consumidor Livre,SUDESTE,24.0,0.11643
202503.0,2025-03-27,49329.0,BIATEX LAMINADOS CL,Consumidor Livre,SUDESTE,24.0,0.157266
202503.0,2025-03-28,49329.0,BIATEX LAMINADOS CL,Consumidor Livre,SUDESTE,24.0,0.155693
202503.0,2025-03-29,49329.0,BIATEX LAMINADOS CL,Consumidor Livre,SUDESTE,24.0,0.152225
202503.0,2025-03-30,49329.0,BIATEX LAMINADOS CL,Consumidor Livre,SUDESTE,24.0,0.151469
202503.0,2025-03-31,49329.0,BIATEX LAMINADOS CL,Consumidor Livre,SUDESTE,24.0,3.589549
202504.0,2025-04-01,49329.0,BIATEX LAMINADOS CL,Consumidor Livre,SUDESTE,24.0,5.324722
202504.0,2025-04-02,49329.0,BIATEX LAMINADOS CL,Consumidor Livre,SUDESTE,24.0,6.687048
202504.0,2025-04-03,49329.0,BIATEX LAMINADOS CL,Consumidor Livre,SUDESTE,24.0,6.24504
202504.0,2025-04-04,49329.0,BIATEX LAMINADOS CL,Consumidor Livre,SUDESTE,24.0,6.697661
202504.0,2025-04-05,49329.0,BIATEX LAMINADOS CL,Consumidor Livre,SUDESTE,24.0,5.129394
202504.0,2025-04-06,49329.0,BIATEX LAMINADOS CL,Consumidor Livre,SUDESTE,24.0,0.274422
202504.0,2025-04-07,49329.0,BIATEX LAMINADOS CL,Consumidor Livre,SUDESTE,24.0,4.422572
202504.0,2025-04-08,49329.0,BIATEX LAMINADOS CL,Consumidor Livre,SUDESTE,24.0,6.41838
202504.0,2025-04-09,49329.0,BIATEX LAMINADOS CL,Consumidor Livre,SUDESTE,24.0,5.536626
202504.0,2025-04-10,49329.0,BIATEX LAMINADOS CL,Consumidor Livre,SUDESTE,24.0,5.852555
202504.0,2025-04-11,49329.0,BIATEX LAMINADOS CL,Consumidor Livre,SUDESTE,24.0,6.4487820000000005
202504.0,2025-04-12,49329.0,BIATEX LAMINADOS CL,Consumidor Livre,SUDESTE,24.0,5.6155990000000005
202504.0,2025-04-13,49329.0,BIATEX LAMINADOS CL,Consumidor Livre,SUDESTE,24.0,0.321468
202504.0,2025-04-14,49329.0,BIATEX LAMINADOS CL,Consumidor Livre,SUDESTE,24.0,4.285968
202504.0,2025-04-15,49329.0,BIATEX LAMINADOS CL,Consumidor Livre,SUDESTE,24.0,5.65438
202504.0,2025-04-16,49329.0,BIATEX LAMINADOS CL,Consumidor Livre,SUDESTE,24.0,6.848274
202504.0,2025-04-17,49329.0,BIATEX LAMINADOS CL,Consumidor Livre,SUDESTE,24.0,6.121358
202504.0,2025-04-18,49329.0,BIATEX LAMINADOS CL,Consumidor Livre,SUDESTE,24.0,0.227815
202504.0,2025-04-19,49329.0,BIATEX LAMINADOS CL,Consumidor Livre,SUDESTE,24.0,0.176607
202504.0,2025-04-20,49329.0,BIATEX LAMINADOS CL,Consumidor Livre,SUDESTE,24.0,0.18648
202504.0,2025-04-21,49329.0,BIATEX LAMINADOS CL,Consumidor Livre,SUDESTE,24.0,0.490021
202504.0,2025-04-22,49329.0,BIATEX LAMINADOS CL,Consumidor Livre,SUDESTE,24.0,4.661513
202504.0,2025-04-23,49329.0,BIATEX LAMINADOS CL,Consumidor Livre,SUDESTE,24.0,5.846282
202504.0,2025-04-24,49329.0,BIATEX LAMINADOS CL,Consumidor Livre,SUDESTE,24.0,6.824325
202504.0,2025-04-25,49329.0,BIATEX LAMINADOS CL,Consumidor Livre,SUDESTE,24.0,5.813627
202504.0,2025-04-26,49329.0,BIATEX LAMINADOS CL,Consumidor Livre,SUDESTE,24.0,5.606085
202504.0,2025-04-27,49329.0,BIATEX LAMINADOS CL,Consumidor Livre,SUDESTE,24.0,1.929421
202504.0,2025-04-28,49329.0,BIATEX LAMINADOS CL,Consumidor Livre,SUDESTE,24.0,4.386759
202504.0,2025-04-29,49329.0,BIATEX LAMINADOS CL,Consumidor Livre,SUDESTE,24.0,6.180105
202504.0,2025-04-30,49329.0,BIATEX LAMINADOS CL,Consumidor Livre,SUDESTE,24.0,6.200483
202505.0,2025-05-01,49329.0,BIATEX LAMINADOS CL,Consumidor Livre,SUDESTE,24.0,6.287086
202505.0,2025-05-02,49329.0,BIATEX LAMINADOS CL,Consumidor Livre,SUDESTE,24.0,5.784683
202505.0,2025-05-03,49329.0,BIATEX LAMINADOS CL,Consumidor Livre,SUDESTE,24.0,1.36269
202505.0,2025-05-04,49329.0,BIATEX LAMINADOS CL,Consumidor Livre,SUDESTE,24.0,0.184954
202505.0,2025-05-05,49329.0,BIATEX LAMINADOS CL,Consumidor Livre,SUDESTE,24.0,3.894575
202505.0,2025-05-06,49329.0,BIATEX LAMINADOS CL,Consumidor Livre,SUDESTE,24.0,6.490344
202505.0,2025-05-07,49329.0,BIATEX LAMINADOS CL,Consumidor Livre,SUDESTE,24.0,5.293075
202505.0,2025-05-08,49329.0,BIATEX LAMINADOS CL,Consumidor Livre,SUDESTE,24.0,5.531859
202505.0,2025-05-09,49329.0,BIATEX LAMINADOS CL,Consumidor Livre,SUDESTE,24.0,5.583394
202505.0,2025-05-10,49329.0,BIATEX LAMINADOS CL,Consumidor Livre,SUDESTE,24.0,5.679527
202505.0,2025-05-11,49329.0,BIATEX LAMINADOS CL,Consumidor Livre,SUDESTE,24.0,1.289966
202505.0,2025-05-12,49329.0,BIATEX LAMINADOS CL,Consumidor Livre,SUDESTE,24.0,4.389614
202505.0,2025-05-13,49329.0,BIATEX LAMINADOS CL,Consumidor Livre,SUDESTE,24.0,5.750525
202505.0,2025-05-14,49329.0,BIATEX LAMINADOS CL,Consumidor Livre,SUDESTE,24.0,4.653575
202505.0,2025-05-15,49329.0,BIATEX LAMINADOS CL,Consumidor Livre,SUDESTE,24.0,5.8335550000000005
202505.0,2025-05-16,49329.0,BIATEX LAMINADOS CL,Consumidor Livre,SUDESTE,24.0,6.716983
202505.0,2025-05-17,49329.0,BIATEX LAMINADOS CL,Consumidor Livre,SUDESTE,24.0,4.181892
202505.0,2025-05-18,49329.0,BIATEX LAMINADOS CL,Consumidor Livre,SUDESTE,24.0,0.335276
202505.0,2025-05-19,49329.0,BIATEX LAMINADOS CL,Consumidor Livre,SUDESTE,24.0,4.276706
202505.0,2025-05-20,49329.0,BIATEX LAMINADOS CL,Consumidor Livre,SUDESTE,24.0,6.130422
202505.0,2025-05-21,49329.0,BIATEX LAMINADOS CL,Consumidor Livre,SUDESTE,24.0,5.896235
202505.0,2025-05-22,49329.0,BIATEX LAMINADOS CL,Consumidor Livre,SUDESTE,24.0,5.708183
202505.0,2025-05-23,49329.0,BIATEX LAMINADOS CL,Consumidor Livre,SUDESTE,24.0,6.027825
202505.0,2025-05-24,49329.0,BIATEX LAMINADOS CL,Consumidor Livre,SUDESTE,24.0,4.153237
202505.0,2025-05-25,49329.0,BIATEX LAMINADOS CL,Consumidor Livre,SUDESTE,24.0,1.277613
202505.0,2025-05-26,49329.0,BIATEX LAMINADOS CL,Consumidor Livre,SUDESTE,24.0,4.215146
202505.0,2025-05-27,49329.0,BIATEX LAMINADOS CL,Consumidor Livre,SUDESTE,24.0,5.704649
202505.0,2025-05-28,49329.0,BIATEX LAMINADOS CL,Consumidor Livre,SUDESTE,24.0,7.523124
202505.0,2025-05-29,49329.0,BIATEX LAMINADOS CL,Consumidor Livre,SUDESTE,24.0,8.26518
202505.0,2025-05-30,49329.0,BIATEX LAMINADOS CL,Consumidor Livre,SUDESTE,24.0,7.035977
202505.0,2025-05-31,49329.0,BIATEX LAMINADOS CL,Consumidor Livre,SUDESTE,24.0,7.685696
202506.0,2025-06-01,49329.0,BIATEX LAMINADOS CL,Consumidor Livre,SUDESTE,24.0,1.483685
202506.0,2025-06-02,49329.0,BIATEX LAMINADOS CL,Consumidor Livre,SUDESTE,24.0,4.481394
202506.0,2025-06-03,49329.0,BIATEX LAMINADOS CL,Consumidor Livre,SUDESTE,24.0,7.833692
202506.0,2025-06-04,49329.0,BIATEX LAMINADOS CL,Consumidor Livre,SUDESTE,24.0,6.796328
202506.0,2025-06-05,49329.0,BIATEX LAMINADOS CL,Consumidor Livre,SUDESTE,24.0,6.50663
202506.0,2025-06-06,49329.0,BIATEX LAMINADOS CL,Consumidor Livre,SUDESTE,24.0,8.090921
202506.0,2025-06-07,49329.0,BIATEX LAMINADOS CL,Consumidor Livre,SUDESTE,24.0,6.513924
202506.0,2025-06-08,49329.0,BIATEX LAMINADOS CL,Consumidor Livre,SUDESTE,24.0,1.595532
202506.0,2025-06-09,49329.0,BIATEX LAMINADOS CL,Consumidor Livre,SUDESTE,24.0,5.1583440000000005
202506.0,2025-06-10,49329.0,BIATEX LAMINADOS CL,Consumidor Livre,SUDESTE,24.0,8.644774
202506.0,2025-06-11,49329.0,BIATEX LAMINADOS CL,Consumidor Livre,SUDESTE,24.0,7.792794
202506.0,2025-06-12,49329.0,BIATEX LAMINADOS CL,Consumidor Livre,SUDESTE,24.0,7.387583
202506.0,2025-06-13,49329.0,BIATEX LAMINADOS CL,Consumidor Livre,SUDESTE,24.0,8.427371
202506.0,2025-06-14,49329.0,BIATEX LAMINADOS CL,Consumidor Livre,SUDESTE,24.0,7.902903
202506.0,2025-06-15,49329.0,BIATEX LAMINADOS CL,Consumidor Livre,SUDESTE,24.0,2.690099
202506.0,2025-06-16,49329.0,BIATEX LAMINADOS CL,Consumidor Livre,SUDESTE,24.0,4.904815
202506.0,2025-06-17,49329.0,BIATEX LAMINADOS CL,Consumidor Livre,SUDESTE,24.0,7.27611
202506.0,2025-06-18,49329.0,BIATEX LAMINADOS CL,Consumidor Livre,SUDESTE,24.0,7.523005
202506.0,2025-06-19,49329.0,BIATEX LAMINADOS CL,Consumidor Livre,SUDESTE,24.0,7.563468
202506.0,2025-06-20,49329.0,BIATEX LAMINADOS CL,Consumidor Livre,SUDESTE,24.0,7.254018999999999
202506.0,2025-06-21,49329.0,BIATEX LAMINADOS CL,Consumidor Livre,SUDESTE,24.0,5.173824
202506.0,2025-06-22,49329.0,BIATEX LAMINADOS CL,Consumidor Livre,SUDESTE,24.0,1.684597
202506.0,2025-06-23,49329.0,BIATEX LAMINADOS CL,Consumidor Livre,SUDESTE,24.0,4.6292670000000005
202506.0,2025-06-24,49329.0,BIATEX LAMINADOS CL,Consumidor Livre,SUDESTE,24.0,7.566244
202506.0,2025-06-25,49329.0,BIATEX LAMINADOS CL,Consumidor Livre,SUDESTE,24.0,6.984271
202506.0,2025-06-26,49329.0,BIATEX LAMINADOS CL,Consumidor Livre,SUDESTE,24.0,8.157682
202506.0,2025-06-27,49329.0,BIATEX LAMINADOS CL,Consumidor Livre,SUDESTE,24.0,8.060116
202506.0,2025-06-28,49329.0,BIATEX LAMINADOS CL,Consumidor Livre,SUDESTE,24.0,7.504574
202506.0,2025-06-29,49329.0,BIATEX LAMINADOS CL,Consumidor Livre,SUDESTE,24.0,2.926853
202506.0,2025-06-30,49329.0,BIATEX LAMINADOS CL,Consumidor Livre,SUDESTE,24.0,6.082063
202507.0,2025-07-01,49329.0,BIATEX LAMINADOS CL,Consumidor Livre,SUDESTE,24.0,8.04705
202507.0,2025-07-02,49329.0,BIATEX LAMINADOS CL,Consumidor Livre,SUDESTE,24.0,8.04929
202507.0,2025-07-03,49329.0,BIATEX LAMINADOS CL,Consumidor Livre,SUDESTE,24.0,8.57528
202507.0,2025-07-04,49329.0,BIATEX LAMINADOS CL,Consumidor Livre,SUDESTE,24.0,9.281318
202507.0,2025-07-05,49329.0,BIATEX LAMINADOS CL,Consumidor Livre,SUDESTE,24.0,7.114396
202507.0,2025-07-06,49329.0,BIATEX LAMINADOS CL,Consumidor Livre,SUDESTE,24.0,1.853472
202507.0,2025-07-07,49329.0,BIATEX LAMINADOS CL,Consumidor Livre,SUDESTE,24.0,7.140665
202507.0,2025-07-08,49329.0,BIATEX LAMINADOS CL,Consumidor Livre,SUDESTE,24.0,8.580075
202507.0,2025-07-09,49329.0,BIATEX LAMINADOS CL,Consumidor Livre,SUDESTE,24.0,7.882457
202507.0,2025-07-10,49329.0,BIATEX LAMINADOS CL,Consumidor Livre,SUDESTE,24.0,8.39054
202507.0,2025-07-11,49329.0,BIATEX LAMINADOS CL,Consumidor Livre,SUDESTE,24.0,9.180905
202507.0,2025-07-12,49329.0,BIATEX LAMINADOS CL,Consumidor Livre,SUDESTE,24.0,7.567923
202507.0,2025-07-13,49329.0,BIATEX LAMINADOS CL,Consumidor Livre,SUDESTE,24.0,1.740612
202507.0,2025-07-14,49329.0,BIATEX LAMINADOS CL,Consumidor Livre,SUDESTE,24.0,6.878062
202507.0,2025-07-15,49329.0,BIATEX LAMINADOS CL,Consumidor Livre,SUDESTE,24.0,10.234541
202507.0,2025-07-16,49329.0,BIATEX LAMINADOS CL,Consumidor Livre,SUDESTE,24.0,8.304457
202507.0,2025-07-17,49329.0,BIATEX LAMINADOS CL,Consumidor Livre,SUDESTE,24.0,9.375984
202507.0,2025-07-18,49329.0,BIATEX LAMINADOS CL,Consumidor Livre,SUDESTE,24.0,9.584766
202507.0,2025-07-19,49329.0,BIATEX LAMINADOS CL,Consumidor Livre,SUDESTE,24.0,7.719052
202507.0,2025-07-20,49329.0,BIATEX LAMINADOS CL,Consumidor Livre,SUDESTE,24.0,1.699189
202507.0,2025-07-21,49329.0,BIATEX LAMINADOS CL,Consumidor Livre,SUDESTE,24.0,6.329387
202507.0,2025-07-22,49329.0,BIATEX LAMINADOS CL,Consumidor Livre,SUDESTE,24.0,9.858546
202507.0,2025-07-23,49329.0,BIATEX LAMINADOS CL,Consumidor Livre,SUDESTE,24.0,10.023066
202507.0,2025-07-24,49329.0,BIATEX LAMINADOS CL,Consumidor Livre,SUDESTE,24.0,10.121775
202507.0,2025-07-25,49329.0,BIATEX LAMINADOS CL,Consumidor Livre,SUDESTE,24.0,9.296984
202507.0,2025-07-26,49329.0,BIATEX LAMINADOS CL,Consumidor Livre,SUDESTE,24.0,7.440096
202507.0,2025-07-27,49329.0,BIATEX LAMINADOS CL,Consumidor Livre,SUDESTE,24.0,2.331777
202507.0,2025-07-28,49329.0,BIATEX LAMINADOS CL,Consumidor Livre,SUDESTE,24.0,7.851166
202507.0,2025-07-29,49329.0,BIATEX LAMINADOS CL,Consumidor Livre,SUDESTE,24.0,9.300277
202507.0,2025-07-30,49329.0,BIATEX LAMINADOS CL,Consumidor Livre,SUDESTE,24.0,9.902792
202507.0,2025-07-31,49329.0,BIATEX LAMINADOS CL,Consumidor Livre,SUDESTE,24.0,8.997727
202508.0,2025-08-01,49329.0,BIATEX LAMINADOS CL,Consumidor Livre,SUDESTE,24.0,9.103264
202508.0,2025-08-02,49329.0,BIATEX LAMINADOS CL,Consumidor Livre,SUDESTE,24.0,7.529367
202508.0,2025-08-03,49329.0,BIATEX LAMINADOS CL,Consumidor Livre,SUDESTE,24.0,2.326719
202508.0,2025-08-04,49329.0,BIATEX LAMINADOS CL,Consumidor Livre,SUDESTE,24.0,8.497095
202508.0,2025-08-05,49329.0,BIATEX LAMINADOS CL,Consumidor Livre,SUDESTE,24.0,10.12629
202508.0,2025-08-06,49329.0,BIATEX LAMINADOS CL,Consumidor Livre,SUDESTE,24.0,7.174207
202508.0,2025-08-07,49329.0,BIATEX LAMINADOS CL,Consumidor Livre,SUDESTE,24.0,9.278212
202508.0,2025-08-08,49329.0,BIATEX LAMINADOS CL,Consumidor Livre,SUDESTE,24.0,9.908962
202508.0,2025-08-09,49329.0,BIATEX LAMINADOS CL,Consumidor Livre,SUDESTE,24.0,7.018587
202508.0,2025-08-10,49329.0,BIATEX LAMINADOS CL,Consumidor Livre,SUDESTE,24.0,2.265322
202508.0,2025-08-11,49329.0,BIATEX LAMINADOS CL,Consumidor Livre,SUDESTE,24.0,7.362395
202508.0,2025-08-12,49329.0,BIATEX LAMINADOS CL,Consumidor Livre,SUDESTE,24.0,9.364626
202508.0,2025-08-13,49329.0,BIATEX LAMINADOS CL,Consumidor Livre,SUDESTE,24.0,9.982416
202508.0,2025-08-14,49329.0,BIATEX LAMINADOS CL,Consumidor Livre,SUDESTE,24.0,10.422839
202508.0,2025-08-15,49329.0,BIATEX LAMINADOS CL,Consumidor Livre,SUDESTE,24.0,7.347986
202508.0,2025-08-16,49329.0,BIATEX LAMINADOS CL,Consumidor Livre,SUDESTE,24.0,1.897005
202508.0,2025-08-17,49329.0,BIATEX LAMINADOS CL,Consumidor Livre,SUDESTE,24.0,1.742791
202508.0,2025-08-18,49329.0,BIATEX LAMINADOS CL,Consumidor Livre,SUDESTE,24.0,8.706495
202508.0,2025-08-19,49329.0,BIATEX LAMINADOS CL,Consumidor Livre,SUDESTE,24.0,8.870073
202508.0,2025-08-20,49329.0,BIATEX LAMINADOS CL,Consumidor Livre,SUDESTE,24.0,10.965753
202508.0,2025-08-21,49329.0,BIATEX LAMINADOS CL,Consumidor Livre,SUDESTE,24.0,10.84183
202508.0,2025-08-22,49329.0,BIATEX LAMINADOS CL,Consumidor Livre,SUDESTE,24.0,10.608617
202508.0,2025-08-23,49329.0,BIATEX LAMINADOS CL,Consumidor Livre,SUDESTE,24.0,9.026265
202508.0,2025-08-24,49329.0,BIATEX LAMINADOS CL,Consumidor Livre,SUDESTE,24.0,2.979252
202508.0,2025-08-25,49329.0,BIATEX LAMINADOS CL,Consumidor Livre,SUDESTE,24.0,9.143748
202508.0,2025-08-26,49329.0,BIATEX LAMINADOS CL,Consumidor Livre,SUDESTE,24.0,11.384413
202508.0,2025-08-27,49329.0,BIATEX LAMINADOS CL,Consumidor Livre,SUDESTE,24.0,11.939974
202508.0,2025-08-28,49329.0,BIATEX LAMINADOS CL,Consumidor Livre,SUDESTE,24.0,10.827785
202508.0,2025-08-29,49329.0,BIATEX LAMINADOS CL,Consumidor Livre,SUDESTE,24.0,11.610593
202508.0,2025-08-30,49329.0,BIATEX LAMINADOS CL,Consumidor Livre,SUDESTE,24.0,8.691948
202508.0,2025-08-31,49329.0,BIATEX LAMINADOS CL,Consumidor Livre,SUDESTE,24.0,2.585303
