MES_REFERENCIA,DATA,CODIGO_PERFIL_AGENTE,SIGLA_PERFIL_AGENTE,CLASSE_PERFIL_AGENTE,SUBMERCADO,CAPACIDADE_CARGA,CONSUMO_CARGA_ACL
,2022-01-01,32309.0,CELLERA CL 514,Consumidor Livre,SUDESTE,27.6,11.211158
,2022-01-02,32309.0,CELLERA CL 514,Consumidor Livre,SUDESTE,27.6,11.283973
,2022-01-03,32309.0,CELLERA CL 514,Consumidor Livre,SUDESTE,27.6,12.944058
,2022-01-04,32309.0,CELLERA CL 514,Consumidor Livre,SUDESTE,27.6,12.096708
,2022-01-05,32309.0,CELLERA CL 514,Consumidor Livre,SUDESTE,27.6,12.162475
,2022-01-06,32309.0,CELLERA CL 514,Consumidor Livre,SUDESTE,27.6,14.071034
,2022-01-07,32309.0,CELLERA CL 514,Consumidor Livre,SUDESTE,27.6,13.934406
,2022-01-08,32309.0,CELLERA CL 514,Consumidor Livre,SUDESTE,27.6,13.515832
,2022-01-09,32309.0,CELLERA CL 514,Consumidor Livre,SUDESTE,27.6,12.98182
,2022-01-10,32309.0,CELLERA CL 514,Consumidor Livre,SUDESTE,27.6,14.335663
,2022-01-11,32309.0,CELLERA CL 514,Consumidor Livre,SUDESTE,27.6,15.334969
,2022-01-12,32309.0,CELLERA CL 514,Consumidor Livre,SUDESTE,27.6,15.962239
,2022-01-13,32309.0,CELLERA CL 514,Consumidor Livre,SUDESTE,27.6,16.479263
,2022-01-14,32309.0,CELLERA CL 514,Consumidor Livre,SUDESTE,27.6,17.013707
,2022-01-15,32309.0,CELLERA CL 514,Consumidor Livre,SUDESTE,27.6,15.65883
,2022-01-16,32309.0,CELLERA CL 514,Consumidor Livre,SUDESTE,27.6,15.482689
,2022-01-17,32309.0,CELLERA CL 514,Consumidor Livre,SUDESTE,27.6,17.383041
,2022-01-18,32309.0,CELLERA CL 514,Consumidor Livre,SUDESTE,27.6,17.840063999999998
,2022-01-19,32309.0,CELLERA CL 514,Consumidor Livre,SUDESTE,27.6,17.843321
,2022-01-20,32309.0,CELLERA CL 514,Consumidor Livre,SUDESTE,27.6,17.847518
,2022-01-21,32309.0,CELLERA CL 514,Consumidor Livre,SUDESTE,27.6,17.613558
,2022-01-22,32309.0,CELLERA CL 514,Consumidor Livre,SUDESTE,27.6,16.338509
,2022-01-23,32309.0,CELLERA CL 514,Consumidor Livre,SUDESTE,27.6,16.038926
,2022-01-24,32309.0,CELLERA CL 514,Consumidor Livre,SUDESTE,27.6,18.389033
,2022-01-25,32309.0,CELLERA CL 514,Consumidor Livre,SUDESTE,27.6,18.307012
,2022-01-26,32309.0,CELLERA CL 514,Consumidor Livre,SUDESTE,27.6,18.025742
,2022-01-27,32309.0,CELLERA CL 514,Consumidor Livre,SUDESTE,27.6,18.108395
,2022-01-28,32309.0,CELLERA CL 514,Consumidor Livre,SUDESTE,27.6,16.719122
,2022-01-29,32309.0,CELLERA CL 514,Consumidor Livre,SUDESTE,27.6,14.971894
,2022-01-30,32309.0,CELLERA CL 514,Consumidor Livre,SUDESTE,27.6,12.606841
,2022-01-31,32309.0,CELLERA CL 514,Consumidor Livre,SUDESTE,27.6,15.793936
,2022-02-01,32309.0,CELLERA CL 514,Consumidor Livre,SUDESTE,27.6,15.952067
,2022-02-02,32309.0,CELLERA CL 514,Consumidor Livre,SUDESTE,27.6,14.652446
,2022-02-03,32309.0,CELLERA CL 514,Consumidor Livre,SUDESTE,27.6,16.132628
,2022-02-04,32309.0,CELLERA CL 514,Consumidor Livre,SUDESTE,27.6,16.451599
,2022-02-05,32309.0,CELLERA CL 514,Consumidor Livre,SUDESTE,27.6,14.742387
,2022-02-06,32309.0,CELLERA CL 514,Consumidor Livre,SUDESTE,27.6,13.947572
,2022-02-07,32309.0,CELLERA CL 514,Consumidor Livre,SUDESTE,27.6,15.616138
,2022-02-08,32309.0,CELLERA CL 514,Consumidor Livre,SUDESTE,27.6,16.164907
,2022-02-09,32309.0,CELLERA CL 514,Consumidor Livre,SUDESTE,27.6,16.062611
,2022-02-10,32309.0,CELLERA CL 514,Consumidor Livre,SUDESTE,27.6,16.503886
,2022-02-11,32309.0,CELLERA CL 514,Consumidor Livre,SUDESTE,27.6,16.746738
,2022-02-12,32309.0,CELLERA CL 514,Consumidor Livre,SUDESTE,27.6,15.325257
,2022-02-13,32309.0,CELLERA CL 514,Consumidor Livre,SUDESTE,27.6,13.965326
,2022-02-14,32309.0,CELLERA CL 514,Consumidor Livre,SUDESTE,27.6,17.181317
,2022-02-15,32309.0,CELLERA CL 514,Consumidor Livre,SUDESTE,27.6,17.347747000000002
,2022-02-16,32309.0,CELLERA CL 514,Consumidor Livre,SUDESTE,27.6,17.118241
,2022-02-17,32309.0,CELLERA CL 514,Consumidor Livre,SUDESTE,27.6,17.217758
,2022-02-18,32309.0,CELLERA CL 514,Consumidor Livre,SUDESTE,27.6,16.787408
,2022-02-19,32309.0,CELLERA CL 514,Consumidor Livre,SUDESTE,27.6,15.165718
,2022-02-20,32309.0,CELLERA CL 514,Consumidor Livre,SUDESTE,27.6,15.301745
,2022-02-21,32309.0,CELLERA CL 514,Consumidor Livre,SUDESTE,27.6,17.909321
,2022-02-22,32309.0,CELLERA CL 514,Consumidor Livre,SUDESTE,27.6,18.042733
,2022-02-23,32309.0,CELLERA CL 514,Consumidor Livre,SUDESTE,27.6,17.02821
,2022-02-24,32309.0,CELLERA CL 514,Consumidor Livre,SUDESTE,27.6,17.923274
,2022-02-25,32309.0,CELLERA CL 514,Consumidor Livre,SUDESTE,27.6,17.258422
,2022-02-26,32309.0,CELLERA CL 514,Consumidor Livre,SUDESTE,27.6,14.464867
,2022-02-27,32309.0,CELLERA CL 514,Consumidor Livre,SUDESTE,27.6,13.613264
,2022-02-28,32309.0,CELLERA CL 514,Consumidor Livre,SUDESTE,27.6,16.849924
,2022-03-01,32309.0,CELLERA CL 514,Consumidor Livre,SUDESTE,27.6,16.685081
,2022-03-02,32309.0,CELLERA CL 514,Consumidor Livre,SUDESTE,27.6,16.740812
,2022-03-03,32309.0,CELLERA CL 514,Consumidor Livre,SUDESTE,27.6,18.025129
,2022-03-04,32309.0,CELLERA CL 514,Consumidor Livre,SUDESTE,27.6,17.150031
,2022-03-05,32309.0,CELLERA CL 514,Consumidor Livre,SUDESTE,27.6,15.167286
,2022-03-06,32309.0,CELLERA CL 514,Consumidor Livre,SUDESTE,27.6,14.532627
,2022-03-07,32309.0,CELLERA CL 514,Consumidor Livre,SUDESTE,27.6,17.462347
,2022-03-08,32309.0,CELLERA CL 514,Consumidor Livre,SUDESTE,27.6,17.514184
,2022-03-09,32309.0,CELLERA CL 514,Consumidor Livre,SUDESTE,27.6,18.040991
,2022-03-10,32309.0,CELLERA CL 514,Consumidor Livre,SUDESTE,27.6,18.598836
,2022-03-11,32309.0,CELLERA CL 514,Consumidor Livre,SUDESTE,27.6,17.025879
,2022-03-12,32309.0,CELLERA CL 514,Consumidor Livre,SUDESTE,27.6,15.52126
,2022-03-13,32309.0,CELLERA CL 514,Consumidor Livre,SUDESTE,27.6,14.701135
,2022-03-14,32309.0,CELLERA CL 514,Consumidor Livre,SUDESTE,27.6,17.255724999999998
,2022-03-15,32309.0,CELLERA CL 514,Consumidor Livre,SUDESTE,27.6,17.475413
,2022-03-16,32309.0,CELLERA CL 514,Consumidor Livre,SUDESTE,27.6,17.316997
,2022-03-17,32309.0,CELLERA CL 514,Consumidor Livre,SUDESTE,27.6,18.407435
,2022-03-18,32309.0,CELLERA CL 514,Consumidor Livre,SUDESTE,27.6,18.651683
,2022-03-19,32309.0,CELLERA CL 514,Consumidor Livre,SUDESTE,27.6,15.804674
,2022-03-20,32309.0,CELLERA CL 514,Consumidor Livre,SUDESTE,27.6,13.055684
,2022-03-21,32309.0,CELLERA CL 514,Consumidor Livre,SUDESTE,27.6,15.777648
,2022-03-22,32309.0,CELLERA CL 514,Consumidor Livre,SUDESTE,27.6,15.646132
,2022-03-23,32309.0,CELLERA CL 514,Consumidor Livre,SUDESTE,27.6,16.264427
,2022-03-24,32309.0,CELLERA CL 514,Consumidor Livre,SUDESTE,27.6,17.352472
,2022-03-25,32309.0,CELLERA CL 514,Consumidor Livre,SUDESTE,27.6,18.252275
,2022-03-26,32309.0,CELLERA CL 514,Consumidor Livre,SUDESTE,27.6,14.833512
,2022-03-27,32309.0,CELLERA CL 514,Consumidor Livre,SUDESTE,27.6,12.584287
,2022-03-28,32309.0,CELLERA CL 514,Consumidor Livre,SUDESTE,27.6,15.663164
,2022-03-29,32309.0,CELLERA CL 514,Consumidor Livre,SUDESTE,27.6,16.280095
,2022-03-30,32309.0,CELLERA CL 514,Consumidor Livre,SUDESTE,27.6,15.967033
,2022-03-31,32309.0,CELLERA CL 514,Consumidor Livre,SUDESTE,27.6,15.228276
,2022-04-01,32309.0,CELLERA CL 514,Consumidor Livre,SUDESTE,27.6,14.625624
,2022-04-02,32309.0,CELLERA CL 514,Consumidor Livre,SUDESTE,27.6,13.236354
,2022-04-03,32309.0,CELLERA CL 514,Consumidor Livre,SUDESTE,27.6,12.976844
,2022-04-04,32309.0,CELLERA CL 514,Consumidor Livre,SUDESTE,27.6,16.018981
,2022-04-05,32309.0,CELLERA CL 514,Consumidor Livre,SUDESTE,27.6,16.580917
,2022-04-06,32309.0,CELLERA CL 514,Consumidor Livre,SUDESTE,27.6,16.062233
,2022-04-07,32309.0,CELLERA CL 514,Consumidor Livre,SUDESTE,27.6,15.975943
,2022-04-08,32309.0,CELLERA CL 514,Consumidor Livre,SUDESTE,27.6,15.681937
,2022-04-09,32309.0,CELLERA CL 514,Consumidor Livre,SUDESTE,27.6,13.454956
,2022-04-10,32309.0,CELLERA CL 514,Consumidor Livre,SUDESTE,27.6,11.29828
,2022-04-11,32309.0,CELLERA CL 514,Consumidor Livre,SUDESTE,27.6,14.201703
,2022-04-12,32309.0,CELLERA CL 514,Consumidor Livre,SUDESTE,27.6,15.355848
,2022-04-13,32309.0,CELLERA CL 514,Consumidor Livre,SUDESTE,27.6,15.732522
,2022-04-14,32309.0,CELLERA CL 514,Consumidor Livre,SUDESTE,27.6,15.812733
,2022-04-15,32309.0,CELLERA CL 514,Consumidor Livre,SUDESTE,27.6,12.297116
,2022-04-16,32309.0,CELLERA CL 514,Consumidor Livre,SUDESTE,27.6,11.595614
,2022-04-17,32309.0,CELLERA CL 514,Consumidor Livre,SUDESTE,27.6,11.314431
,2022-04-18,32309.0,CELLERA CL 514,Consumidor Livre,SUDESTE,27.6,14.212758
,2022-04-19,32309.0,CELLERA CL 514,Consumidor Livre,SUDESTE,27.6,14.764922
,2022-04-20,32309.0,CELLERA CL 514,Consumidor Livre,SUDESTE,27.6,14.693365
,2022-04-21,32309.0,CELLERA CL 514,Consumidor Livre,SUDESTE,27.6,12.906518
,2022-04-22,32309.0,CELLERA CL 514,Consumidor Livre,SUDESTE,27.6,12.956372
,2022-04-23,32309.0,CELLERA CL 514,Consumidor Livre,SUDESTE,27.6,12.24111
,2022-04-24,32309.0,CELLERA CL 514,Consumidor Livre,SUDESTE,27.6,12.38092
,2022-04-25,32309.0,CELLERA CL 514,Consumidor Livre,SUDESTE,27.6,15.103977
,2022-04-26,32309.0,CELLERA CL 514,Consumidor Livre,SUDESTE,27.6,16.190365
,2022-04-27,32309.0,CELLERA CL 514,Consumidor Livre,SUDESTE,27.6,17.234347
,2022-04-28,32309.0,CELLERA CL 514,Consumidor Livre,SUDESTE,27.6,15.764155
,2022-04-29,32309.0,CELLERA CL 514,Consumidor Livre,SUDESTE,27.6,15.599251
,2022-04-30,32309.0,CELLERA CL 514,Consumidor Livre,SUDESTE,27.6,14.69637
,2022-05-01,32309.0,CELLERA CL 514,Consumidor Livre,SUDESTE,27.6,13.564397
,2022-05-02,32309.0,CELLERA CL 514,Consumidor Livre,SUDESTE,27.6,15.325273
,2022-05-03,32309.0,CELLERA CL 514,Consumidor Livre,SUDESTE,27.6,15.47723
,2022-05-04,32309.0,CELLERA CL 514,Consumidor Livre,SUDESTE,27.6,14.423711
,2022-05-05,32309.0,CELLERA CL 514,Consumidor Livre,SUDESTE,27.6,14.199215
,2022-05-06,32309.0,CELLERA CL 514,Consumidor Livre,SUDESTE,27.6,13.92922
,2022-05-07,32309.0,CELLERA CL 514,Consumidor Livre,SUDESTE,27.6,12.704951
,2022-05-08,32309.0,CELLERA CL 514,Consumidor Livre,SUDESTE,27.6,12.103552
,2022-05-09,32309.0,CELLERA CL 514,Consumidor Livre,SUDESTE,27.6,14.225461
,2022-05-10,32309.0,CELLERA CL 514,Consumidor Livre,SUDESTE,27.6,14.568112
,2022-05-11,32309.0,CELLERA CL 514,Consumidor Livre,SUDESTE,27.6,14.363755
,2022-05-12,32309.0,CELLERA CL 514,Consumidor Livre,SUDESTE,27.6,16.009108
,2022-05-13,32309.0,CELLERA CL 514,Consumidor Livre,SUDESTE,27.6,17.20053
,2022-05-14,32309.0,CELLERA CL 514,Consumidor Livre,SUDESTE,27.6,15.952733
,2022-05-15,32309.0,CELLERA CL 514,Consumidor Livre,SUDESTE,27.6,14.407902
,2022-05-16,32309.0,CELLERA CL 514,Consumidor Livre,SUDESTE,27.6,16.552344
,2022-05-17,32309.0,CELLERA CL 514,Consumidor Livre,SUDESTE,27.6,14.827816
,2022-05-18,32309.0,CELLERA CL 514,Consumidor Livre,SUDESTE,27.6,14.057481
,2022-05-19,32309.0,CELLERA CL 514,Consumidor Livre,SUDESTE,27.6,13.847533
,2022-05-20,32309.0,CELLERA CL 514,Consumidor Livre,SUDESTE,27.6,13.483692
,2022-05-21,32309.0,CELLERA CL 514,Consumidor Livre,SUDESTE,27.6,12.240175
,2022-05-22,32309.0,CELLERA CL 514,Consumidor Livre,SUDESTE,27.6,11.226208
,2022-05-23,32309.0,CELLERA CL 514,Consumidor Livre,SUDESTE,27.6,13.51401
,2022-05-24,32309.0,CELLERA CL 514,Consumidor Livre,SUDESTE,27.6,13.678077
,2022-05-25,32309.0,CELLERA CL 514,Consumidor Livre,SUDESTE,27.6,14.681945
,2022-05-26,32309.0,CELLERA CL 514,Consumidor Livre,SUDESTE,27.6,14.989944
,2022-05-27,32309.0,CELLERA CL 514,Consumidor Livre,SUDESTE,27.6,15.467651
,2022-05-28,32309.0,CELLERA CL 514,Consumidor Livre,SUDESTE,27.6,14.805067
,2022-05-29,32309.0,CELLERA CL 514,Consumidor Livre,SUDESTE,27.6,14.130046
,2022-05-30,32309.0,CELLERA CL 514,Consumidor Livre,SUDESTE,27.6,15.774257
,2022-05-31,32309.0,CELLERA CL 514,Consumidor Livre,SUDESTE,27.6,15.671807
,2022-06-01,32309.0,CELLERA CL 514,Consumidor Livre,SUDESTE,27.6,15.821683
,2022-06-02,32309.0,CELLERA CL 514,Consumidor Livre,SUDESTE,27.6,15.349026
,2022-06-03,32309.0,CELLERA CL 514,Consumidor Livre,SUDESTE,27.6,14.377977
,2022-06-04,32309.0,CELLERA CL 514,Consumidor Livre,SUDESTE,27.6,12.880263
,2022-06-05,32309.0,CELLERA CL 514,Consumidor Livre,SUDESTE,27.6,12.132451
,2022-06-06,32309.0,CELLERA CL 514,Consumidor Livre,SUDESTE,27.6,13.876084
,2022-06-07,32309.0,CELLERA CL 514,Consumidor Livre,SUDESTE,27.6,13.839449
,2022-06-08,32309.0,CELLERA CL 514,Consumidor Livre,SUDESTE,27.6,14.508632
,2022-06-09,32309.0,CELLERA CL 514,Consumidor Livre,SUDESTE,27.6,14.229451
,2022-06-10,32309.0,CELLERA CL 514,Consumidor Livre,SUDESTE,27.6,14.003287
,2022-06-11,32309.0,CELLERA CL 514,Consumidor Livre,SUDESTE,27.6,12.374297
,2022-06-12,32309.0,CELLERA CL 514,Consumidor Livre,SUDESTE,27.6,10.531068
,2022-06-13,32309.0,CELLERA CL 514,Consumidor Livre,SUDESTE,27.6,12.448215
,2022-06-14,32309.0,CELLERA CL 514,Consumidor Livre,SUDESTE,27.6,13.711783
,2022-06-15,32309.0,CELLERA CL 514,Consumidor Livre,SUDESTE,27.6,13.370537
,2022-06-16,32309.0,CELLERA CL 514,Consumidor Livre,SUDESTE,27.6,11.885265
,2022-06-17,32309.0,CELLERA CL 514,Consumidor Livre,SUDESTE,27.6,10.78432
,2022-06-18,32309.0,CELLERA CL 514,Consumidor Livre,SUDESTE,27.6,10.241674
,2022-06-19,32309.0,CELLERA CL 514,Consumidor Livre,SUDESTE,27.6,8.370681
,2022-06-20,32309.0,CELLERA CL 514,Consumidor Livre,SUDESTE,27.6,12.088413
,2022-06-21,32309.0,CELLERA CL 514,Consumidor Livre,SUDESTE,27.6,14.403924
,2022-06-22,32309.0,CELLERA CL 514,Consumidor Livre,SUDESTE,27.6,14.51401
,2022-06-23,32309.0,CELLERA CL 514,Consumidor Livre,SUDESTE,27.6,14.755624
,2022-06-24,32309.0,CELLERA CL 514,Consumidor Livre,SUDESTE,27.6,14.178366
,2022-06-25,32309.0,CELLERA CL 514,Consumidor Livre,SUDESTE,27.6,12.659837
,2022-06-26,32309.0,CELLERA CL 514,Consumidor Livre,SUDESTE,27.6,11.899012
,2022-06-27,32309.0,CELLERA CL 514,Consumidor Livre,SUDESTE,27.6,12.979578
,2022-06-28,32309.0,CELLERA CL 514,Consumidor Livre,SUDESTE,27.6,13.203763
,2022-06-29,32309.0,CELLERA CL 514,Consumidor Livre,SUDESTE,27.6,13.915556
,2022-06-30,32309.0,CELLERA CL 514,Consumidor Livre,SUDESTE,27.6,14.261779
,2022-07-01,32309.0,CELLERA CL 514,Consumidor Livre,SUDESTE,27.6,13.721815
,2022-07-02,32309.0,CELLERA CL 514,Consumidor Livre,SUDESTE,27.6,12.071567
,2022-07-03,32309.0,CELLERA CL 514,Consumidor Livre,SUDESTE,27.6,9.415214
,2022-07-04,32309.0,CELLERA CL 514,Consumidor Livre,SUDESTE,27.6,12.812507
,2022-07-05,32309.0,CELLERA CL 514,Consumidor Livre,SUDESTE,27.6,13.351491
,2022-07-06,32309.0,CELLERA CL 514,Consumidor Livre,SUDESTE,27.6,13.23314
,2022-07-07,32309.0,CELLERA CL 514,Consumidor Livre,SUDESTE,27.6,13.118558
,2022-07-08,32309.0,CELLERA CL 514,Consumidor Livre,SUDESTE,27.6,13.793841
,2022-07-09,32309.0,CELLERA CL 514,Consumidor Livre,SUDESTE,27.6,12.81471
,2022-07-10,32309.0,CELLERA CL 514,Consumidor Livre,SUDESTE,27.6,12.367422
,2022-07-11,32309.0,CELLERA CL 514,Consumidor Livre,SUDESTE,27.6,13.802936
,2022-07-12,32309.0,CELLERA CL 514,Consumidor Livre,SUDESTE,27.6,13.370135
,2022-07-13,32309.0,CELLERA CL 514,Consumidor Livre,SUDESTE,27.6,13.484023
,2022-07-14,32309.0,CELLERA CL 514,Consumidor Livre,SUDESTE,27.6,13.662468
,2022-07-15,32309.0,CELLERA CL 514,Consumidor Livre,SUDESTE,27.6,13.882101
,2022-07-16,32309.0,CELLERA CL 514,Consumidor Livre,SUDESTE,27.6,12.857014
,2022-07-17,32309.0,CELLERA CL 514,Consumidor Livre,SUDESTE,27.6,12.518815
,2022-07-18,32309.0,CELLERA CL 514,Consumidor Livre,SUDESTE,27.6,13.944214
,2022-07-19,32309.0,CELLERA CL 514,Consumidor Livre,SUDESTE,27.6,14.320958
,2022-07-20,32309.0,CELLERA CL 514,Consumidor Livre,SUDESTE,27.6,14.240091
,2022-07-21,32309.0,CELLERA CL 514,Consumidor Livre,SUDESTE,27.6,13.981028
,2022-07-22,32309.0,CELLERA CL 514,Consumidor Livre,SUDESTE,27.6,13.58602
,2022-07-23,32309.0,CELLERA CL 514,Consumidor Livre,SUDESTE,27.6,12.84238
,2022-07-24,32309.0,CELLERA CL 514,Consumidor Livre,SUDESTE,27.6,12.425454
,2022-07-25,32309.0,CELLERA CL 514,Consumidor Livre,SUDESTE,27.6,13.858156
,2022-07-26,32309.0,CELLERA CL 514,Consumidor Livre,SUDESTE,27.6,14.035226
,2022-07-27,32309.0,CELLERA CL 514,Consumidor Livre,SUDESTE,27.6,13.955386
,2022-07-28,32309.0,CELLERA CL 514,Consumidor Livre,SUDESTE,27.6,13.615078
,2022-07-29,32309.0,CELLERA CL 514,Consumidor Livre,SUDESTE,27.6,12.732617
,2022-07-30,32309.0,CELLERA CL 514,Consumidor Livre,SUDESTE,27.6,11.649209
,2022-07-31,32309.0,CELLERA CL 514,Consumidor Livre,SUDESTE,27.6,11.206669
,2022-08-01,32309.0,CELLERA CL 514,Consumidor Livre,SUDESTE,27.6,12.825272
,2022-08-02,32309.0,CELLERA CL 514,Consumidor Livre,SUDESTE,27.6,13.01994
,2022-08-03,32309.0,CELLERA CL 514,Consumidor Livre,SUDESTE,27.6,13.005164
,2022-08-04,32309.0,CELLERA CL 514,Consumidor Livre,SUDESTE,27.6,13.593881
,2022-08-05,32309.0,CELLERA CL 514,Consumidor Livre,SUDESTE,27.6,13.367309
,2022-08-06,32309.0,CELLERA CL 514,Consumidor Livre,SUDESTE,27.6,12.025642
,2022-08-07,32309.0,CELLERA CL 514,Consumidor Livre,SUDESTE,27.6,10.031829
,2022-08-08,32309.0,CELLERA CL 514,Consumidor Livre,SUDESTE,27.6,12.839039
,2022-08-09,32309.0,CELLERA CL 514,Consumidor Livre,SUDESTE,27.6,13.606934
,2022-08-10,32309.0,CELLERA CL 514,Consumidor Livre,SUDESTE,27.6,12.620006
,2022-08-11,32309.0,CELLERA CL 514,Consumidor Livre,SUDESTE,27.6,12.445504
,2022-08-12,32309.0,CELLERA CL 514,Consumidor Livre,SUDESTE,27.6,13.742957
,2022-08-13,32309.0,CELLERA CL 514,Consumidor Livre,SUDESTE,27.6,10.500661
,2022-08-14,32309.0,CELLERA CL 514,Consumidor Livre,SUDESTE,27.6,10.430212
,2022-08-15,32309.0,CELLERA CL 514,Consumidor Livre,SUDESTE,27.6,14.268374
,2022-08-16,32309.0,CELLERA CL 514,Consumidor Livre,SUDESTE,27.6,16.059678
,2022-08-17,32309.0,CELLERA CL 514,Consumidor Livre,SUDESTE,27.6,14.606719
,2022-08-18,32309.0,CELLERA CL 514,Consumidor Livre,SUDESTE,27.6,14.787035
,2022-08-19,32309.0,CELLERA CL 514,Consumidor Livre,SUDESTE,27.6,13.694639
,2022-08-20,32309.0,CELLERA CL 514,Consumidor Livre,SUDESTE,27.6,12.306121
,2022-08-21,32309.0,CELLERA CL 514,Consumidor Livre,SUDESTE,27.6,11.36945
,2022-08-22,32309.0,CELLERA CL 514,Consumidor Livre,SUDESTE,27.6,13.356707
,2022-08-23,32309.0,CELLERA CL 514,Consumidor Livre,SUDESTE,27.6,13.807979
,2022-08-24,32309.0,CELLERA CL 514,Consumidor Livre,SUDESTE,27.6,15.686767
,2022-08-25,32309.0,CELLERA CL 514,Consumidor Livre,SUDESTE,27.6,15.91644
,2022-08-26,32309.0,CELLERA CL 514,Consumidor Livre,SUDESTE,27.6,14.461231
,2022-08-27,32309.0,CELLERA CL 514,Consumidor Livre,SUDESTE,27.6,13.15785
,2022-08-28,32309.0,CELLERA CL 514,Consumidor Livre,SUDESTE,27.6,12.321404
,2022-08-29,32309.0,CELLERA CL 514,Consumidor Livre,SUDESTE,27.6,13.705372
,2022-08-30,32309.0,CELLERA CL 514,Consumidor Livre,SUDESTE,27.6,13.740945
,2022-08-31,32309.0,CELLERA CL 514,Consumidor Livre,SUDESTE,27.6,13.94591
,2022-09-01,32309.0,CELLERA CL 514,Consumidor Livre,SUDESTE,27.6,14.598622
,2022-09-02,32309.0,CELLERA CL 514,Consumidor Livre,SUDESTE,27.6,15.446814
,2022-09-03,32309.0,CELLERA CL 514,Consumidor Livre,SUDESTE,27.6,13.679718
,2022-09-04,32309.0,CELLERA CL 514,Consumidor Livre,SUDESTE,27.6,8.536066
,2022-09-05,32309.0,CELLERA CL 514,Consumidor Livre,SUDESTE,27.6,13.201673
,2022-09-06,32309.0,CELLERA CL 514,Consumidor Livre,SUDESTE,27.6,14.161172
,2022-09-07,32309.0,CELLERA CL 514,Consumidor Livre,SUDESTE,27.6,10.597812
,2022-09-08,32309.0,CELLERA CL 514,Consumidor Livre,SUDESTE,27.6,14.227413
,2022-09-09,32309.0,CELLERA CL 514,Consumidor Livre,SUDESTE,27.6,15.468854
,2022-09-10,32309.0,CELLERA CL 514,Consumidor Livre,SUDESTE,27.6,13.122219
,2022-09-11,32309.0,CELLERA CL 514,Consumidor Livre,SUDESTE,27.6,10.646893
,2022-09-12,32309.0,CELLERA CL 514,Consumidor Livre,SUDESTE,27.6,13.857262
,2022-09-13,32309.0,CELLERA CL 514,Consumidor Livre,SUDESTE,27.6,13.632775
,2022-09-14,32309.0,CELLERA CL 514,Consumidor Livre,SUDESTE,27.6,13.618657
,2022-09-15,32309.0,CELLERA CL 514,Consumidor Livre,SUDESTE,27.6,14.06828
,2022-09-16,32309.0,CELLERA CL 514,Consumidor Livre,SUDESTE,27.6,13.535841
,2022-09-17,32309.0,CELLERA CL 514,Consumidor Livre,SUDESTE,27.6,12.08149
,2022-09-18,32309.0,CELLERA CL 514,Consumidor Livre,SUDESTE,27.6,11.32671
,2022-09-19,32309.0,CELLERA CL 514,Consumidor Livre,SUDESTE,27.6,14.323661
,2022-09-20,32309.0,CELLERA CL 514,Consumidor Livre,SUDESTE,27.6,15.270998
,2022-09-21,32309.0,CELLERA CL 514,Consumidor Livre,SUDESTE,27.6,15.274173
,2022-09-22,32309.0,CELLERA CL 514,Consumidor Livre,SUDESTE,27.6,15.28242
,2022-09-23,32309.0,CELLERA CL 514,Consumidor Livre,SUDESTE,27.6,14.442692
,2022-09-24,32309.0,CELLERA CL 514,Consumidor Livre,SUDESTE,27.6,12.043406
,2022-09-25,32309.0,CELLERA CL 514,Consumidor Livre,SUDESTE,27.6,11.581322
,2022-09-26,32309.0,CELLERA CL 514,Consumidor Livre,SUDESTE,27.6,13.987919
,2022-09-27,32309.0,CELLERA CL 514,Consumidor Livre,SUDESTE,27.6,14.744191
,2022-09-28,32309.0,CELLERA CL 514,Consumidor Livre,SUDESTE,27.6,14.188837
,2022-09-29,32309.0,CELLERA CL 514,Consumidor Livre,SUDESTE,27.6,13.937396
,2022-09-30,32309.0,CELLERA CL 514,Consumidor Livre,SUDESTE,27.6,14.119786
,2022-10-01,32309.0,CELLERA CL 514,Consumidor Livre,SUDESTE,27.6,12.957098
,2022-10-02,32309.0,CELLERA CL 514,Consumidor Livre,SUDESTE,27.6,12.1868
,2022-10-03,32309.0,CELLERA CL 514,Consumidor Livre,SUDESTE,27.6,14.580095
,2022-10-04,32309.0,CELLERA CL 514,Consumidor Livre,SUDESTE,27.6,16.239157
,2022-10-05,32309.0,CELLERA CL 514,Consumidor Livre,SUDESTE,27.6,15.931786
,2022-10-06,32309.0,CELLERA CL 514,Consumidor Livre,SUDESTE,27.6,15.686862
,2022-10-07,32309.0,CELLERA CL 514,Consumidor Livre,SUDESTE,27.6,14.288712
,2022-10-08,32309.0,CELLERA CL 514,Consumidor Livre,SUDESTE,27.6,12.846901
,2022-10-09,32309.0,CELLERA CL 514,Consumidor Livre,SUDESTE,27.6,11.981705
,2022-10-10,32309.0,CELLERA CL 514,Consumidor Livre,SUDESTE,27.6,13.781512
,2022-10-11,32309.0,CELLERA CL 514,Consumidor Livre,SUDESTE,27.6,14.862931
,2022-10-12,32309.0,CELLERA CL 514,Consumidor Livre,SUDESTE,27.6,10.09057
,2022-10-13,32309.0,CELLERA CL 514,Consumidor Livre,SUDESTE,27.6,14.907396
,2022-10-14,32309.0,CELLERA CL 514,Consumidor Livre,SUDESTE,27.6,14.92818
,2022-10-15,32309.0,CELLERA CL 514,Consumidor Livre,SUDESTE,27.6,13.031949
,2022-10-16,32309.0,CELLERA CL 514,Consumidor Livre,SUDESTE,27.6,11.790416
,2022-10-17,32309.0,CELLERA CL 514,Consumidor Livre,SUDESTE,27.6,15.04178
,2022-10-18,32309.0,CELLERA CL 514,Consumidor Livre,SUDESTE,27.6,14.297421
,2022-10-19,32309.0,CELLERA CL 514,Consumidor Livre,SUDESTE,27.6,15.273132
,2022-10-20,32309.0,CELLERA CL 514,Consumidor Livre,SUDESTE,27.6,15.364081
,2022-10-21,32309.0,CELLERA CL 514,Consumidor Livre,SUDESTE,27.6,15.231209
,2022-10-22,32309.0,CELLERA CL 514,Consumidor Livre,SUDESTE,27.6,14.084206
,2022-10-23,32309.0,CELLERA CL 514,Consumidor Livre,SUDESTE,27.6,12.918509
,2022-10-24,32309.0,CELLERA CL 514,Consumidor Livre,SUDESTE,27.6,15.427427
,2022-10-25,32309.0,CELLERA CL 514,Consumidor Livre,SUDESTE,27.6,15.578254
,2022-10-26,32309.0,CELLERA CL 514,Consumidor Livre,SUDESTE,27.6,15.866279
,2022-10-27,32309.0,CELLERA CL 514,Consumidor Livre,SUDESTE,27.6,16.637813
,2022-10-28,32309.0,CELLERA CL 514,Consumidor Livre,SUDESTE,27.6,17.14205
,2022-10-29,32309.0,CELLERA CL 514,Consumidor Livre,SUDESTE,27.6,14.93354
,2022-10-30,32309.0,CELLERA CL 514,Consumidor Livre,SUDESTE,27.6,14.406289
,2022-10-31,32309.0,CELLERA CL 514,Consumidor Livre,SUDESTE,27.6,15.424376
,2022-11-01,32309.0,CELLERA CL 514,Consumidor Livre,SUDESTE,27.6,14.418391
,2022-11-02,32309.0,CELLERA CL 514,Consumidor Livre,SUDESTE,27.6,11.72428
,2022-11-03,32309.0,CELLERA CL 514,Consumidor Livre,SUDESTE,27.6,13.119119
,2022-11-04,32309.0,CELLERA CL 514,Consumidor Livre,SUDESTE,27.6,13.786449
,2022-11-05,32309.0,CELLERA CL 514,Consumidor Livre,SUDESTE,27.6,13.076865
,2022-11-06,32309.0,CELLERA CL 514,Consumidor Livre,SUDESTE,27.6,12.158173
,2022-11-07,32309.0,CELLERA CL 514,Consumidor Livre,SUDESTE,27.6,13.607225
,2022-11-08,32309.0,CELLERA CL 514,Consumidor Livre,SUDESTE,27.6,13.589705
,2022-11-09,32309.0,CELLERA CL 514,Consumidor Livre,SUDESTE,27.6,14.6974
,2022-11-10,32309.0,CELLERA CL 514,Consumidor Livre,SUDESTE,27.6,15.829142
,2022-11-11,32309.0,CELLERA CL 514,Consumidor Livre,SUDESTE,27.6,15.115723
,2022-11-12,32309.0,CELLERA CL 514,Consumidor Livre,SUDESTE,27.6,13.174524
,2022-11-13,32309.0,CELLERA CL 514,Consumidor Livre,SUDESTE,27.6,13.797378
,2022-11-14,32309.0,CELLERA CL 514,Consumidor Livre,SUDESTE,27.6,13.73433
,2022-11-15,32309.0,CELLERA CL 514,Consumidor Livre,SUDESTE,27.6,14.016592
,2022-11-16,32309.0,CELLERA CL 514,Consumidor Livre,SUDESTE,27.6,14.878217
,2022-11-17,32309.0,CELLERA CL 514,Consumidor Livre,SUDESTE,27.6,16.868904
,2022-11-18,32309.0,CELLERA CL 514,Consumidor Livre,SUDESTE,27.6,16.321699
,2022-11-19,32309.0,CELLERA CL 514,Consumidor Livre,SUDESTE,27.6,9.726809
,2022-11-20,32309.0,CELLERA CL 514,Consumidor Livre,SUDESTE,27.6,12.64855
,2022-11-21,32309.0,CELLERA CL 514,Consumidor Livre,SUDESTE,27.6,15.378012
,2022-11-22,32309.0,CELLERA CL 514,Consumidor Livre,SUDESTE,27.6,16.157229
,2022-11-23,32309.0,CELLERA CL 514,Consumidor Livre,SUDESTE,27.6,17.243522
,2022-11-24,32309.0,CELLERA CL 514,Consumidor Livre,SUDESTE,27.6,16.534239
,2022-11-25,32309.0,CELLERA CL 514,Consumidor Livre,SUDESTE,27.6,15.850965
,2022-11-26,32309.0,CELLERA CL 514,Consumidor Livre,SUDESTE,27.6,15.446539
,2022-11-27,32309.0,CELLERA CL 514,Consumidor Livre,SUDESTE,27.6,15.831484
,2022-11-28,32309.0,CELLERA CL 514,Consumidor Livre,SUDESTE,27.6,17.378423
,2022-11-29,32309.0,CELLERA CL 514,Consumidor Livre,SUDESTE,27.6,18.170853
,2022-11-30,32309.0,CELLERA CL 514,Consumidor Livre,SUDESTE,27.6,17.935989
,2022-12-01,32309.0,CELLERA CL 514,Consumidor Livre,SUDESTE,27.6,18.617019
,2022-12-02,32309.0,CELLERA CL 514,Consumidor Livre,SUDESTE,27.6,18.61864
,2022-12-03,32309.0,CELLERA CL 514,Consumidor Livre,SUDESTE,27.6,14.498172
,2022-12-04,32309.0,CELLERA CL 514,Consumidor Livre,SUDESTE,27.6,14.435141
,2022-12-05,32309.0,CELLERA CL 514,Consumidor Livre,SUDESTE,27.6,15.335205
,2022-12-06,32309.0,CELLERA CL 514,Consumidor Livre,SUDESTE,27.6,16.327412
,2022-12-07,32309.0,CELLERA CL 514,Consumidor Livre,SUDESTE,27.6,17.628335
,2022-12-08,32309.0,CELLERA CL 514,Consumidor Livre,SUDESTE,27.6,18.090491
,2022-12-09,32309.0,CELLERA CL 514,Consumidor Livre,SUDESTE,27.6,17.751937
,2022-12-10,32309.0,CELLERA CL 514,Consumidor Livre,SUDESTE,27.6,17.574577
,2022-12-11,32309.0,CELLERA CL 514,Consumidor Livre,SUDESTE,27.6,16.728774
,2022-12-12,32309.0,CELLERA CL 514,Consumidor Livre,SUDESTE,27.6,17.786735
,2022-12-13,32309.0,CELLERA CL 514,Consumidor Livre,SUDESTE,27.6,17.780572
,2022-12-14,32309.0,CELLERA CL 514,Consumidor Livre,SUDESTE,27.6,16.548367
,2022-12-15,32309.0,CELLERA CL 514,Consumidor Livre,SUDESTE,27.6,17.044027
,2022-12-16,32309.0,CELLERA CL 514,Consumidor Livre,SUDESTE,27.6,15.212803
,2022-12-17,32309.0,CELLERA CL 514,Consumidor Livre,SUDESTE,27.6,13.719098
,2022-12-18,32309.0,CELLERA CL 514,Consumidor Livre,SUDESTE,27.6,13.531038
,2022-12-19,32309.0,CELLERA CL 514,Consumidor Livre,SUDESTE,27.6,14.336189
,2022-12-20,32309.0,CELLERA CL 514,Consumidor Livre,SUDESTE,27.6,14.929587
,2022-12-21,32309.0,CELLERA CL 514,Consumidor Livre,SUDESTE,27.6,12.848328
,2022-12-22,32309.0,CELLERA CL 514,Consumidor Livre,SUDESTE,27.6,10.819135
,2022-12-23,32309.0,CELLERA CL 514,Consumidor Livre,SUDESTE,27.6,12.301277
,2022-12-24,32309.0,CELLERA CL 514,Consumidor Livre,SUDESTE,27.6,12.209392
,2022-12-25,32309.0,CELLERA CL 514,Consumidor Livre,SUDESTE,27.6,11.502236
,2022-12-26,32309.0,CELLERA CL 514,Consumidor Livre,SUDESTE,27.6,12.719599
,2022-12-27,32309.0,CELLERA CL 514,Consumidor Livre,SUDESTE,27.6,13.715355
,2022-12-28,32309.0,CELLERA CL 514,Consumidor Livre,SUDESTE,27.6,12.814824
,2022-12-29,32309.0,CELLERA CL 514,Consumidor Livre,SUDESTE,27.6,12.352907
,2022-12-30,32309.0,CELLERA CL 514,Consumidor Livre,SUDESTE,27.6,11.503252
,2022-12-31,32309.0,CELLERA CL 514,Consumidor Livre,SUDESTE,27.6,12.087137
,2023-01-01,32309.0,CELLERA CL 514,Consumidor Livre,SUDESTE,27.6,11.81741
,2023-01-02,32309.0,CELLERA CL 514,Consumidor Livre,SUDESTE,27.6,13.806336
,2023-01-03,32309.0,CELLERA CL 514,Consumidor Livre,SUDESTE,27.6,15.232085
,2023-01-04,32309.0,CELLERA CL 514,Consumidor Livre,SUDESTE,27.6,14.869223
,2023-01-05,32309.0,CELLERA CL 514,Consumidor Livre,SUDESTE,27.6,13.732725
,2023-01-06,32309.0,CELLERA CL 514,Consumidor Livre,SUDESTE,27.6,12.572223
,2023-01-07,32309.0,CELLERA CL 514,Consumidor Livre,SUDESTE,27.6,11.553124
,2023-01-08,32309.0,CELLERA CL 514,Consumidor Livre,SUDESTE,27.6,11.894171
,2023-01-09,32309.0,CELLERA CL 514,Consumidor Livre,SUDESTE,27.6,14.221825
,2023-01-10,32309.0,CELLERA CL 514,Consumidor Livre,SUDESTE,27.6,14.142081
,2023-01-11,32309.0,CELLERA CL 514,Consumidor Livre,SUDESTE,27.6,15.17655
,2023-01-12,32309.0,CELLERA CL 514,Consumidor Livre,SUDESTE,27.6,17.626285
,2023-01-13,32309.0,CELLERA CL 514,Consumidor Livre,SUDESTE,27.6,17.793325
,2023-01-14,32309.0,CELLERA CL 514,Consumidor Livre,SUDESTE,27.6,17.291238
,2023-01-15,32309.0,CELLERA CL 514,Consumidor Livre,SUDESTE,27.6,16.739742
,2023-01-16,32309.0,CELLERA CL 514,Consumidor Livre,SUDESTE,27.6,17.961659
,2023-01-17,32309.0,CELLERA CL 514,Consumidor Livre,SUDESTE,27.6,18.748201
,2023-01-18,32309.0,CELLERA CL 514,Consumidor Livre,SUDESTE,27.6,18.331505
,2023-01-19,32309.0,CELLERA CL 514,Consumidor Livre,SUDESTE,27.6,16.505132
,2023-01-20,32309.0,CELLERA CL 514,Consumidor Livre,SUDESTE,27.6,16.922805
,2023-01-21,32309.0,CELLERA CL 514,Consumidor Livre,SUDESTE,27.6,15.447894
,2023-01-22,32309.0,CELLERA CL 514,Consumidor Livre,SUDESTE,27.6,15.644346
,2023-01-23,32309.0,CELLERA CL 514,Consumidor Livre,SUDESTE,27.6,18.439959
,2023-01-24,32309.0,CELLERA CL 514,Consumidor Livre,SUDESTE,27.6,18.531396
,2023-01-25,32309.0,CELLERA CL 514,Consumidor Livre,SUDESTE,27.6,17.925942
,2023-01-26,32309.0,CELLERA CL 514,Consumidor Livre,SUDESTE,27.6,18.689991
,2023-01-27,32309.0,CELLERA CL 514,Consumidor Livre,SUDESTE,27.6,18.618844
,2023-01-28,32309.0,CELLERA CL 514,Consumidor Livre,SUDESTE,27.6,16.715786
,2023-01-29,32309.0,CELLERA CL 514,Consumidor Livre,SUDESTE,27.6,15.034795
,2023-01-30,32309.0,CELLERA CL 514,Consumidor Livre,SUDESTE,27.6,16.968739
,2023-01-31,32309.0,CELLERA CL 514,Consumidor Livre,SUDESTE,27.6,18.440006
,2023-02-01,32309.0,CELLERA CL 514,Consumidor Livre,SUDESTE,27.6,19.025265
,2023-02-02,32309.0,CELLERA CL 514,Consumidor Livre,SUDESTE,27.6,19.328755
,2023-02-03,32309.0,CELLERA CL 514,Consumidor Livre,SUDESTE,27.6,18.781489
,2023-02-04,32309.0,CELLERA CL 514,Consumidor Livre,SUDESTE,27.6,15.554572
,2023-02-05,32309.0,CELLERA CL 514,Consumidor Livre,SUDESTE,27.6,13.216096
,2023-02-06,32309.0,CELLERA CL 514,Consumidor Livre,SUDESTE,27.6,16.637512
,2023-02-07,32309.0,CELLERA CL 514,Consumidor Livre,SUDESTE,27.6,18.067535
,2023-02-08,32309.0,CELLERA CL 514,Consumidor Livre,SUDESTE,27.6,18.691007
,2023-02-09,32309.0,CELLERA CL 514,Consumidor Livre,SUDESTE,27.6,19.363121
,2023-02-10,32309.0,CELLERA CL 514,Consumidor Livre,SUDESTE,27.6,18.269484
,2023-02-11,32309.0,CELLERA CL 514,Consumidor Livre,SUDESTE,27.6,16.534914
,2023-02-12,32309.0,CELLERA CL 514,Consumidor Livre,SUDESTE,27.6,11.612491
,2023-02-13,32309.0,CELLERA CL 514,Consumidor Livre,SUDESTE,27.6,16.489076
,2023-02-14,32309.0,CELLERA CL 514,Consumidor Livre,SUDESTE,27.6,18.774464
,2023-02-15,32309.0,CELLERA CL 514,Consumidor Livre,SUDESTE,27.6,18.822161
,2023-02-16,32309.0,CELLERA CL 514,Consumidor Livre,SUDESTE,27.6,18.578902
,2023-02-17,32309.0,CELLERA CL 514,Consumidor Livre,SUDESTE,27.6,18.502372
,2023-02-18,32309.0,CELLERA CL 514,Consumidor Livre,SUDESTE,27.6,14.723548
,2023-02-19,32309.0,CELLERA CL 514,Consumidor Livre,SUDESTE,27.6,12.568483
,2023-02-20,32309.0,CELLERA CL 514,Consumidor Livre,SUDESTE,27.6,14.377974
,2023-02-21,32309.0,CELLERA CL 514,Consumidor Livre,SUDESTE,27.6,13.883549
,2023-02-22,32309.0,CELLERA CL 514,Consumidor Livre,SUDESTE,27.6,17.668262
,2023-02-23,32309.0,CELLERA CL 514,Consumidor Livre,SUDESTE,27.6,18.231602
,2023-02-24,32309.0,CELLERA CL 514,Consumidor Livre,SUDESTE,27.6,18.708462
,2023-02-25,32309.0,CELLERA CL 514,Consumidor Livre,SUDESTE,27.6,16.152312000000002
,2023-02-26,32309.0,CELLERA CL 514,Consumidor Livre,SUDESTE,27.6,15.258617
,2023-02-27,32309.0,CELLERA CL 514,Consumidor Livre,SUDESTE,27.6,19.381808
,2023-02-28,32309.0,CELLERA CL 514,Consumidor Livre,SUDESTE,27.6,18.615329
,2023-03-01,32309.0,CELLERA CL 514,Consumidor Livre,SUDESTE,27.6,18.483673
,2023-03-02,32309.0,CELLERA CL 514,Consumidor Livre,SUDESTE,27.6,19.561309
,2023-03-03,32309.0,CELLERA CL 514,Consumidor Livre,SUDESTE,27.6,19.652559
,2023-03-04,32309.0,CELLERA CL 514,Consumidor Livre,SUDESTE,27.6,17.288883
,2023-03-05,32309.0,CELLERA CL 514,Consumidor Livre,SUDESTE,27.6,15.851324
,2023-03-06,32309.0,CELLERA CL 514,Consumidor Livre,SUDESTE,27.6,18.125345
,2023-03-07,32309.0,CELLERA CL 514,Consumidor Livre,SUDESTE,27.6,18.405092
,2023-03-08,32309.0,CELLERA CL 514,Consumidor Livre,SUDESTE,27.6,18.634583
,2023-03-09,32309.0,CELLERA CL 514,Consumidor Livre,SUDESTE,27.6,17.667366
,2023-03-10,32309.0,CELLERA CL 514,Consumidor Livre,SUDESTE,27.6,18.192678
,2023-03-11,32309.0,CELLERA CL 514,Consumidor Livre,SUDESTE,27.6,15.128457
,2023-03-12,32309.0,CELLERA CL 514,Consumidor Livre,SUDESTE,27.6,12.227939
,2023-03-13,32309.0,CELLERA CL 514,Consumidor Livre,SUDESTE,27.6,17.077602
,2023-03-14,32309.0,CELLERA CL 514,Consumidor Livre,SUDESTE,27.6,17.410457
,2023-03-15,32309.0,CELLERA CL 514,Consumidor Livre,SUDESTE,27.6,17.897588
,2023-03-16,32309.0,CELLERA CL 514,Consumidor Livre,SUDESTE,27.6,16.995198
,2023-03-17,32309.0,CELLERA CL 514,Consumidor Livre,SUDESTE,27.6,17.406869
,2023-03-18,32309.0,CELLERA CL 514,Consumidor Livre,SUDESTE,27.6,16.710901
,2023-03-19,32309.0,CELLERA CL 514,Consumidor Livre,SUDESTE,27.6,15.987776
,2023-03-20,32309.0,CELLERA CL 514,Consumidor Livre,SUDESTE,27.6,18.643781
,2023-03-21,32309.0,CELLERA CL 514,Consumidor Livre,SUDESTE,27.6,18.308771
,2023-03-22,32309.0,CELLERA CL 514,Consumidor Livre,SUDESTE,27.6,18.562571
,2023-03-23,32309.0,CELLERA CL 514,Consumidor Livre,SUDESTE,27.6,18.748165
,2023-03-24,32309.0,CELLERA CL 514,Consumidor Livre,SUDESTE,27.6,18.823332
,2023-03-25,32309.0,CELLERA CL 514,Consumidor Livre,SUDESTE,27.6,16.606198
,2023-03-26,32309.0,CELLERA CL 514,Consumidor Livre,SUDESTE,27.6,16.393992
,2023-03-27,32309.0,CELLERA CL 514,Consumidor Livre,SUDESTE,27.6,18.297643
,2023-03-28,32309.0,CELLERA CL 514,Consumidor Livre,SUDESTE,27.6,18.132674
,2023-03-29,32309.0,CELLERA CL 514,Consumidor Livre,SUDESTE,27.6,17.789468
,2023-03-30,32309.0,CELLERA CL 514,Consumidor Livre,SUDESTE,27.6,17.424109
,2023-03-31,32309.0,CELLERA CL 514,Consumidor Livre,SUDESTE,27.6,19.967575
,2023-04-01,32309.0,CELLERA CL 514,Consumidor Livre,SUDESTE,27.6,16.273833
,2023-04-02,32309.0,CELLERA CL 514,Consumidor Livre,SUDESTE,27.6,13.985855
,2023-04-03,32309.0,CELLERA CL 514,Consumidor Livre,SUDESTE,27.6,16.923082
,2023-04-04,32309.0,CELLERA CL 514,Consumidor Livre,SUDESTE,27.6,18.256183
,2023-04-05,32309.0,CELLERA CL 514,Consumidor Livre,SUDESTE,27.6,18.496158
,2023-04-06,32309.0,CELLERA CL 514,Consumidor Livre,SUDESTE,27.6,17.764257
,2023-04-07,32309.0,CELLERA CL 514,Consumidor Livre,SUDESTE,27.6,14.055153
,2023-04-08,32309.0,CELLERA CL 514,Consumidor Livre,SUDESTE,27.6,13.476183
,2023-04-09,32309.0,CELLERA CL 514,Consumidor Livre,SUDESTE,27.6,12.423082
,2023-04-10,32309.0,CELLERA CL 514,Consumidor Livre,SUDESTE,27.6,15.925088
,2023-04-11,32309.0,CELLERA CL 514,Consumidor Livre,SUDESTE,27.6,16.201391
,2023-04-12,32309.0,CELLERA CL 514,Consumidor Livre,SUDESTE,27.6,17.01152
,2023-04-13,32309.0,CELLERA CL 514,Consumidor Livre,SUDESTE,27.6,17.583892
,2023-04-14,32309.0,CELLERA CL 514,Consumidor Livre,SUDESTE,27.6,16.285688
,2023-04-15,32309.0,CELLERA CL 514,Consumidor Livre,SUDESTE,27.6,15.254971
,2023-04-16,32309.0,CELLERA CL 514,Consumidor Livre,SUDESTE,27.6,14.275679
,2023-04-17,32309.0,CELLERA CL 514,Consumidor Livre,SUDESTE,27.6,16.612936
,2023-04-18,32309.0,CELLERA CL 514,Consumidor Livre,SUDESTE,27.6,16.517868
,2023-04-19,32309.0,CELLERA CL 514,Consumidor Livre,SUDESTE,27.6,16.586887
,2023-04-20,32309.0,CELLERA CL 514,Consumidor Livre,SUDESTE,27.6,15.527199
,2023-04-21,32309.0,CELLERA CL 514,Consumidor Livre,SUDESTE,27.6,12.946145
,2023-04-22,32309.0,CELLERA CL 514,Consumidor Livre,SUDESTE,27.6,12.788202
,2023-04-23,32309.0,CELLERA CL 514,Consumidor Livre,SUDESTE,27.6,12.770061
,2023-04-24,32309.0,CELLERA CL 514,Consumidor Livre,SUDESTE,27.6,14.83056
,2023-04-25,32309.0,CELLERA CL 514,Consumidor Livre,SUDESTE,27.6,15.046257
,2023-04-26,32309.0,CELLERA CL 514,Consumidor Livre,SUDESTE,27.6,14.795374
,2023-04-27,32309.0,CELLERA CL 514,Consumidor Livre,SUDESTE,27.6,14.548056
,2023-04-28,32309.0,CELLERA CL 514,Consumidor Livre,SUDESTE,27.6,14.679246
,2023-04-29,32309.0,CELLERA CL 514,Consumidor Livre,SUDESTE,27.6,12.995271
,2023-04-30,32309.0,CELLERA CL 514,Consumidor Livre,SUDESTE,27.6,12.769385
,2023-05-01,32309.0,CELLERA CL 514,Consumidor Livre,SUDESTE,27.6,12.893668
,2023-05-02,32309.0,CELLERA CL 514,Consumidor Livre,SUDESTE,27.6,14.913569
,2023-05-03,32309.0,CELLERA CL 514,Consumidor Livre,SUDESTE,27.6,13.890492
,2023-05-04,32309.0,CELLERA CL 514,Consumidor Livre,SUDESTE,27.6,15.303714
,2023-05-05,32309.0,CELLERA CL 514,Consumidor Livre,SUDESTE,27.6,15.707056
,2023-05-06,32309.0,CELLERA CL 514,Consumidor Livre,SUDESTE,27.6,13.733566
,2023-05-07,32309.0,CELLERA CL 514,Consumidor Livre,SUDESTE,27.6,12.740826
,2023-05-08,32309.0,CELLERA CL 514,Consumidor Livre,SUDESTE,27.6,16.016403
,2023-05-09,32309.0,CELLERA CL 514,Consumidor Livre,SUDESTE,27.6,16.486622
,2023-05-10,32309.0,CELLERA CL 514,Consumidor Livre,SUDESTE,27.6,16.139471
,2023-05-11,32309.0,CELLERA CL 514,Consumidor Livre,SUDESTE,27.6,15.662931
,2023-05-12,32309.0,CELLERA CL 514,Consumidor Livre,SUDESTE,27.6,14.791483
,2023-05-13,32309.0,CELLERA CL 514,Consumidor Livre,SUDESTE,27.6,12.48733
,2023-05-14,32309.0,CELLERA CL 514,Consumidor Livre,SUDESTE,27.6,11.549821
,2023-05-15,32309.0,CELLERA CL 514,Consumidor Livre,SUDESTE,27.6,13.693474
,2023-05-16,32309.0,CELLERA CL 514,Consumidor Livre,SUDESTE,27.6,13.38046
,2023-05-17,32309.0,CELLERA CL 514,Consumidor Livre,SUDESTE,27.6,13.527075
,2023-05-18,32309.0,CELLERA CL 514,Consumidor Livre,SUDESTE,27.6,13.504442
,2023-05-19,32309.0,CELLERA CL 514,Consumidor Livre,SUDESTE,27.6,13.800772
,2023-05-20,32309.0,CELLERA CL 514,Consumidor Livre,SUDESTE,27.6,12.439388
,2023-05-21,32309.0,CELLERA CL 514,Consumidor Livre,SUDESTE,27.6,12.025867
,2023-05-22,32309.0,CELLERA CL 514,Consumidor Livre,SUDESTE,27.6,13.972889
,2023-05-23,32309.0,CELLERA CL 514,Consumidor Livre,SUDESTE,27.6,13.945637
,2023-05-24,32309.0,CELLERA CL 514,Consumidor Livre,SUDESTE,27.6,14.25543
,2023-05-25,32309.0,CELLERA CL 514,Consumidor Livre,SUDESTE,27.6,14.559582
,2023-05-26,32309.0,CELLERA CL 514,Consumidor Livre,SUDESTE,27.6,14.419908
,2023-05-27,32309.0,CELLERA CL 514,Consumidor Livre,SUDESTE,27.6,12.249368
,2023-05-28,32309.0,CELLERA CL 514,Consumidor Livre,SUDESTE,27.6,12.101829
,2023-05-29,32309.0,CELLERA CL 514,Consumidor Livre,SUDESTE,27.6,13.722214
,2023-05-30,32309.0,CELLERA CL 514,Consumidor Livre,SUDESTE,27.6,13.934886
,2023-05-31,32309.0,CELLERA CL 514,Consumidor Livre,SUDESTE,27.6,13.676105
,2023-06-01,32309.0,CELLERA CL 514,Consumidor Livre,SUDESTE,27.6,13.311086
,2023-06-02,32309.0,CELLERA CL 514,Consumidor Livre,SUDESTE,27.6,13.416183
,2023-06-03,32309.0,CELLERA CL 514,Consumidor Livre,SUDESTE,27.6,12.663296
,2023-06-04,32309.0,CELLERA CL 514,Consumidor Livre,SUDESTE,27.6,11.242315
,2023-06-05,32309.0,CELLERA CL 514,Consumidor Livre,SUDESTE,27.6,13.288719
,2023-06-06,32309.0,CELLERA CL 514,Consumidor Livre,SUDESTE,27.6,13.320518
,2023-06-07,32309.0,CELLERA CL 514,Consumidor Livre,SUDESTE,27.6,13.835249
,2023-06-08,32309.0,CELLERA CL 514,Consumidor Livre,SUDESTE,27.6,12.863761
,2023-06-09,32309.0,CELLERA CL 514,Consumidor Livre,SUDESTE,27.6,10.354769
,2023-06-10,32309.0,CELLERA CL 514,Consumidor Livre,SUDESTE,27.6,10.341535
,2023-06-11,32309.0,CELLERA CL 514,Consumidor Livre,SUDESTE,27.6,10.912171
,2023-06-12,32309.0,CELLERA CL 514,Consumidor Livre,SUDESTE,27.6,13.508685
,2023-06-13,32309.0,CELLERA CL 514,Consumidor Livre,SUDESTE,27.6,13.164297
,2023-06-14,32309.0,CELLERA CL 514,Consumidor Livre,SUDESTE,27.6,13.205669
,2023-06-15,32309.0,CELLERA CL 514,Consumidor Livre,SUDESTE,27.6,13.460029
,2023-06-16,32309.0,CELLERA CL 514,Consumidor Livre,SUDESTE,27.6,12.411372
,2023-06-17,32309.0,CELLERA CL 514,Consumidor Livre,SUDESTE,27.6,11.248897
,2023-06-18,32309.0,CELLERA CL 514,Consumidor Livre,SUDESTE,27.6,10.339952
,2023-06-19,32309.0,CELLERA CL 514,Consumidor Livre,SUDESTE,27.6,12.976589
,2023-06-20,32309.0,CELLERA CL 514,Consumidor Livre,SUDESTE,27.6,13.106784
,2023-06-21,32309.0,CELLERA CL 514,Consumidor Livre,SUDESTE,27.6,12.949749
,2023-06-22,32309.0,CELLERA CL 514,Consumidor Livre,SUDESTE,27.6,13.395465
,2023-06-23,32309.0,CELLERA CL 514,Consumidor Livre,SUDESTE,27.6,13.561205
,2023-06-24,32309.0,CELLERA CL 514,Consumidor Livre,SUDESTE,27.6,13.102096
,2023-06-25,32309.0,CELLERA CL 514,Consumidor Livre,SUDESTE,27.6,12.121683
,2023-06-26,32309.0,CELLERA CL 514,Consumidor Livre,SUDESTE,27.6,13.826514
,2023-06-27,32309.0,CELLERA CL 514,Consumidor Livre,SUDESTE,27.6,13.902568
,2023-06-28,32309.0,CELLERA CL 514,Consumidor Livre,SUDESTE,27.6,14.256111
,2023-06-29,32309.0,CELLERA CL 514,Consumidor Livre,SUDESTE,27.6,14.07566
,2023-06-30,32309.0,CELLERA CL 514,Consumidor Livre,SUDESTE,27.6,13.752097
,2023-07-01,32309.0,CELLERA CL 514,Consumidor Livre,SUDESTE,27.6,12.54776
,2023-07-02,32309.0,CELLERA CL 514,Consumidor Livre,SUDESTE,27.6,11.273898
,2023-07-03,32309.0,CELLERA CL 514,Consumidor Livre,SUDESTE,27.6,12.997995
,2023-07-04,32309.0,CELLERA CL 514,Consumidor Livre,SUDESTE,27.6,12.916669
,2023-07-05,32309.0,CELLERA CL 514,Consumidor Livre,SUDESTE,27.6,12.480289
,2023-07-06,32309.0,CELLERA CL 514,Consumidor Livre,SUDESTE,27.6,12.588575
,2023-07-07,32309.0,CELLERA CL 514,Consumidor Livre,SUDESTE,27.6,10.362362
,2023-07-08,32309.0,CELLERA CL 514,Consumidor Livre,SUDESTE,27.6,10.705815
,2023-07-09,32309.0,CELLERA CL 514,Consumidor Livre,SUDESTE,27.6,10.279738
,2023-07-10,32309.0,CELLERA CL 514,Consumidor Livre,SUDESTE,27.6,12.567654
,2023-07-11,32309.0,CELLERA CL 514,Consumidor Livre,SUDESTE,27.6,13.464948
,2023-07-12,32309.0,CELLERA CL 514,Consumidor Livre,SUDESTE,27.6,14.579539
,2023-07-13,32309.0,CELLERA CL 514,Consumidor Livre,SUDESTE,27.6,14.345932
,2023-07-14,32309.0,CELLERA CL 514,Consumidor Livre,SUDESTE,27.6,13.012262
,2023-07-15,32309.0,CELLERA CL 514,Consumidor Livre,SUDESTE,27.6,11.102046
,2023-07-16,32309.0,CELLERA CL 514,Consumidor Livre,SUDESTE,27.6,10.786369
,2023-07-17,32309.0,CELLERA CL 514,Consumidor Livre,SUDESTE,27.6,12.958143
,2023-07-18,32309.0,CELLERA CL 514,Consumidor Livre,SUDESTE,27.6,12.987708
,2023-07-19,32309.0,CELLERA CL 514,Consumidor Livre,SUDESTE,27.6,12.848237
,2023-07-20,32309.0,CELLERA CL 514,Consumidor Livre,SUDESTE,27.6,13.065842
,2023-07-21,32309.0,CELLERA CL 514,Consumidor Livre,SUDESTE,27.6,12.534845
,2023-07-22,32309.0,CELLERA CL 514,Consumidor Livre,SUDESTE,27.6,11.146132
,2023-07-23,32309.0,CELLERA CL 514,Consumidor Livre,SUDESTE,27.6,11.090817
,2023-07-24,32309.0,CELLERA CL 514,Consumidor Livre,SUDESTE,27.6,12.757154
,2023-07-25,32309.0,CELLERA CL 514,Consumidor Livre,SUDESTE,27.6,13.32019
,2023-07-26,32309.0,CELLERA CL 514,Consumidor Livre,SUDESTE,27.6,12.877976
,2023-07-27,32309.0,CELLERA CL 514,Consumidor Livre,SUDESTE,27.6,13.952311
,2023-07-28,32309.0,CELLERA CL 514,Consumidor Livre,SUDESTE,27.6,14.628711
,2023-07-29,32309.0,CELLERA CL 514,Consumidor Livre,SUDESTE,27.6,12.038058
,2023-07-30,32309.0,CELLERA CL 514,Consumidor Livre,SUDESTE,27.6,10.932035
,2023-07-31,32309.0,CELLERA CL 514,Consumidor Livre,SUDESTE,27.6,13.563355
,2023-08-01,32309.0,CELLERA CL 514,Consumidor Livre,SUDESTE,27.6,14.1435
,2023-08-02,32309.0,CELLERA CL 514,Consumidor Livre,SUDESTE,27.6,13.948798
,2023-08-03,32309.0,CELLERA CL 514,Consumidor Livre,SUDESTE,27.6,14.610801
,2023-08-04,32309.0,CELLERA CL 514,Consumidor Livre,SUDESTE,27.6,14.528231
,2023-08-05,32309.0,CELLERA CL 514,Consumidor Livre,SUDESTE,27.6,11.895842
,2023-08-06,32309.0,CELLERA CL 514,Consumidor Livre,SUDESTE,27.6,11.808917
,2023-08-07,32309.0,CELLERA CL 514,Consumidor Livre,SUDESTE,27.6,14.819555
,2023-08-08,32309.0,CELLERA CL 514,Consumidor Livre,SUDESTE,27.6,15.521376
,2023-08-09,32309.0,CELLERA CL 514,Consumidor Livre,SUDESTE,27.6,15.412777
,2023-08-10,32309.0,CELLERA CL 514,Consumidor Livre,SUDESTE,27.6,16.015524
,2023-08-11,32309.0,CELLERA CL 514,Consumidor Livre,SUDESTE,27.6,15.058318
,2023-08-12,32309.0,CELLERA CL 514,Consumidor Livre,SUDESTE,27.6,12.941506
,2023-08-13,32309.0,CELLERA CL 514,Consumidor Livre,SUDESTE,27.6,11.63254
,2023-08-14,32309.0,CELLERA CL 514,Consumidor Livre,SUDESTE,27.6,14.800719
,2023-08-15,32309.0,CELLERA CL 514,Consumidor Livre,SUDESTE,27.6,14.867023
,2023-08-16,32309.0,CELLERA CL 514,Consumidor Livre,SUDESTE,27.6,15.281943
,2023-08-17,32309.0,CELLERA CL 514,Consumidor Livre,SUDESTE,27.6,15.482357
,2023-08-18,32309.0,CELLERA CL 514,Consumidor Livre,SUDESTE,27.6,15.982149
,2023-08-19,32309.0,CELLERA CL 514,Consumidor Livre,SUDESTE,27.6,13.265219
,2023-08-20,32309.0,CELLERA CL 514,Consumidor Livre,SUDESTE,27.6,13.091006
,2023-08-21,32309.0,CELLERA CL 514,Consumidor Livre,SUDESTE,27.6,15.281613
,2023-08-22,32309.0,CELLERA CL 514,Consumidor Livre,SUDESTE,27.6,15.883726
,2023-08-23,32309.0,CELLERA CL 514,Consumidor Livre,SUDESTE,27.6,16.701642
,2023-08-24,32309.0,CELLERA CL 514,Consumidor Livre,SUDESTE,27.6,16.064965
,2023-08-25,32309.0,CELLERA CL 514,Consumidor Livre,SUDESTE,27.6,15.015683
,2023-08-26,32309.0,CELLERA CL 514,Consumidor Livre,SUDESTE,27.6,12.022263
,2023-08-27,32309.0,CELLERA CL 514,Consumidor Livre,SUDESTE,27.6,11.232563
,2023-08-28,32309.0,CELLERA CL 514,Consumidor Livre,SUDESTE,27.6,13.20104
,2023-08-29,32309.0,CELLERA CL 514,Consumidor Livre,SUDESTE,27.6,13.222176
,2023-08-30,32309.0,CELLERA CL 514,Consumidor Livre,SUDESTE,27.6,13.487357
,2023-08-31,32309.0,CELLERA CL 514,Consumidor Livre,SUDESTE,27.6,14.114023
,2023-09-01,32309.0,CELLERA CL 514,Consumidor Livre,SUDESTE,27.6,14.598484
,2023-09-02,32309.0,CELLERA CL 514,Consumidor Livre,SUDESTE,27.6,13.356824
,2023-09-03,32309.0,CELLERA CL 514,Consumidor Livre,SUDESTE,27.6,11.784629
,2023-09-04,32309.0,CELLERA CL 514,Consumidor Livre,SUDESTE,27.6,15.714349
,2023-09-05,32309.0,CELLERA CL 514,Consumidor Livre,SUDESTE,27.6,15.944259
,2023-09-06,32309.0,CELLERA CL 514,Consumidor Livre,SUDESTE,27.6,14.468101
,2023-09-07,32309.0,CELLERA CL 514,Consumidor Livre,SUDESTE,27.6,13.530311
,2023-09-08,32309.0,CELLERA CL 514,Consumidor Livre,SUDESTE,27.6,11.983366
,2023-09-09,32309.0,CELLERA CL 514,Consumidor Livre,SUDESTE,27.6,11.508604
,2023-09-10,32309.0,CELLERA CL 514,Consumidor Livre,SUDESTE,27.6,11.142121
,2023-09-11,32309.0,CELLERA CL 514,Consumidor Livre,SUDESTE,27.6,14.789462
,2023-09-12,32309.0,CELLERA CL 514,Consumidor Livre,SUDESTE,27.6,15.430109
,2023-09-13,32309.0,CELLERA CL 514,Consumidor Livre,SUDESTE,27.6,16.503697
,2023-09-14,32309.0,CELLERA CL 514,Consumidor Livre,SUDESTE,27.6,15.080208
,2023-09-15,32309.0,CELLERA CL 514,Consumidor Livre,SUDESTE,27.6,14.164893
,2023-09-16,32309.0,CELLERA CL 514,Consumidor Livre,SUDESTE,27.6,12.460027
,2023-09-17,32309.0,CELLERA CL 514,Consumidor Livre,SUDESTE,27.6,11.995646
,2023-09-18,32309.0,CELLERA CL 514,Consumidor Livre,SUDESTE,27.6,16.163397
,2023-09-19,32309.0,CELLERA CL 514,Consumidor Livre,SUDESTE,27.6,16.692402
,2023-09-20,32309.0,CELLERA CL 514,Consumidor Livre,SUDESTE,27.6,16.277553
,2023-09-21,32309.0,CELLERA CL 514,Consumidor Livre,SUDESTE,27.6,16.247965
,2023-09-22,32309.0,CELLERA CL 514,Consumidor Livre,SUDESTE,27.6,16.979435
,2023-09-23,32309.0,CELLERA CL 514,Consumidor Livre,SUDESTE,27.6,15.600759
,2023-09-24,32309.0,CELLERA CL 514,Consumidor Livre,SUDESTE,27.6,13.384872
,2023-09-25,32309.0,CELLERA CL 514,Consumidor Livre,SUDESTE,27.6,17.878449
,2023-09-26,32309.0,CELLERA CL 514,Consumidor Livre,SUDESTE,27.6,17.979512
,2023-09-27,32309.0,CELLERA CL 514,Consumidor Livre,SUDESTE,27.6,18.540398
,2023-09-28,32309.0,CELLERA CL 514,Consumidor Livre,SUDESTE,27.6,15.439131
,2023-09-29,32309.0,CELLERA CL 514,Consumidor Livre,SUDESTE,27.6,15.389762
,2023-09-30,32309.0,CELLERA CL 514,Consumidor Livre,SUDESTE,27.6,14.489261
,2023-10-01,32309.0,CELLERA CL 514,Consumidor Livre,SUDESTE,27.6,11.212894
,2023-10-02,32309.0,CELLERA CL 514,Consumidor Livre,SUDESTE,27.6,14.155436
,2023-10-03,32309.0,CELLERA CL 514,Consumidor Livre,SUDESTE,27.6,15.190159
,2023-10-04,32309.0,CELLERA CL 514,Consumidor Livre,SUDESTE,27.6,16.281677
,2023-10-05,32309.0,CELLERA CL 514,Consumidor Livre,SUDESTE,27.6,16.744599
,2023-10-06,32309.0,CELLERA CL 514,Consumidor Livre,SUDESTE,27.6,17.809845
,2023-10-07,32309.0,CELLERA CL 514,Consumidor Livre,SUDESTE,27.6,14.579849
,2023-10-08,32309.0,CELLERA CL 514,Consumidor Livre,SUDESTE,27.6,11.942419
,2023-10-09,32309.0,CELLERA CL 514,Consumidor Livre,SUDESTE,27.6,15.017652
,2023-10-10,32309.0,CELLERA CL 514,Consumidor Livre,SUDESTE,27.6,15.60133
,2023-10-11,32309.0,CELLERA CL 514,Consumidor Livre,SUDESTE,27.6,16.896716
,2023-10-12,32309.0,CELLERA CL 514,Consumidor Livre,SUDESTE,27.6,12.122672
,2023-10-13,32309.0,CELLERA CL 514,Consumidor Livre,SUDESTE,27.6,12.019837
,2023-10-14,32309.0,CELLERA CL 514,Consumidor Livre,SUDESTE,27.6,11.457717
,2023-10-15,32309.0,CELLERA CL 514,Consumidor Livre,SUDESTE,27.6,11.48942
,2023-10-16,32309.0,CELLERA CL 514,Consumidor Livre,SUDESTE,27.6,15.74885
,2023-10-17,32309.0,CELLERA CL 514,Consumidor Livre,SUDESTE,27.6,9.868512
,2023-10-18,32309.0,CELLERA CL 514,Consumidor Livre,SUDESTE,27.6,15.105053
,2023-10-19,32309.0,CELLERA CL 514,Consumidor Livre,SUDESTE,27.6,14.737303
,2023-10-20,32309.0,CELLERA CL 514,Consumidor Livre,SUDESTE,27.6,14.819674
,2023-10-21,32309.0,CELLERA CL 514,Consumidor Livre,SUDESTE,27.6,12.995248
,2023-10-22,32309.0,CELLERA CL 514,Consumidor Livre,SUDESTE,27.6,11.737589
,2023-10-23,32309.0,CELLERA CL 514,Consumidor Livre,SUDESTE,27.6,15.754369
,2023-10-24,32309.0,CELLERA CL 514,Consumidor Livre,SUDESTE,27.6,16.842061
,2023-10-25,32309.0,CELLERA CL 514,Consumidor Livre,SUDESTE,27.6,16.032588
,2023-10-26,32309.0,CELLERA CL 514,Consumidor Livre,SUDESTE,27.6,15.632192
,2023-10-27,32309.0,CELLERA CL 514,Consumidor Livre,SUDESTE,27.6,15.442744
,2023-10-28,32309.0,CELLERA CL 514,Consumidor Livre,SUDESTE,27.6,13.93648
,2023-10-29,32309.0,CELLERA CL 514,Consumidor Livre,SUDESTE,27.6,10.450988
,2023-10-30,32309.0,CELLERA CL 514,Consumidor Livre,SUDESTE,27.6,15.014042
,2023-10-31,32309.0,CELLERA CL 514,Consumidor Livre,SUDESTE,27.6,16.07638
,2023-11-01,32309.0,CELLERA CL 514,Consumidor Livre,SUDESTE,27.6,15.364763
,2023-11-02,32309.0,CELLERA CL 514,Consumidor Livre,SUDESTE,27.6,14.847575
,2023-11-03,32309.0,CELLERA CL 514,Consumidor Livre,SUDESTE,27.6,11.982276
,2023-11-04,32309.0,CELLERA CL 514,Consumidor Livre,SUDESTE,27.6,10.423543
,2023-11-05,32309.0,CELLERA CL 514,Consumidor Livre,SUDESTE,27.6,7.222731
,2023-11-06,32309.0,CELLERA CL 514,Consumidor Livre,SUDESTE,27.6,13.07977
,2023-11-07,32309.0,CELLERA CL 514,Consumidor Livre,SUDESTE,27.6,14.385177
,2023-11-08,32309.0,CELLERA CL 514,Consumidor Livre,SUDESTE,27.6,15.050228
,2023-11-09,32309.0,CELLERA CL 514,Consumidor Livre,SUDESTE,27.6,15.919675
,2023-11-10,32309.0,CELLERA CL 514,Consumidor Livre,SUDESTE,27.6,17.122549
,2023-11-11,32309.0,CELLERA CL 514,Consumidor Livre,SUDESTE,27.6,15.265782
,2023-11-12,32309.0,CELLERA CL 514,Consumidor Livre,SUDESTE,27.6,12.708154
,2023-11-13,32309.0,CELLERA CL 514,Consumidor Livre,SUDESTE,27.6,13.115423
,2023-11-14,32309.0,CELLERA CL 514,Consumidor Livre,SUDESTE,27.6,17.498087
,2023-11-15,32309.0,CELLERA CL 514,Consumidor Livre,SUDESTE,27.6,17.526889999999998
,2023-11-16,32309.0,CELLERA CL 514,Consumidor Livre,SUDESTE,27.6,17.146653
,2023-11-17,32309.0,CELLERA CL 514,Consumidor Livre,SUDESTE,27.6,18.610208
,2023-11-18,32309.0,CELLERA CL 514,Consumidor Livre,SUDESTE,27.6,16.890067
,2023-11-19,32309.0,CELLERA CL 514,Consumidor Livre,SUDESTE,27.6,13.362204
,2023-11-20,32309.0,CELLERA CL 514,Consumidor Livre,SUDESTE,27.6,13.553448
,2023-11-21,32309.0,CELLERA CL 514,Consumidor Livre,SUDESTE,27.6,16.109107
,2023-11-22,32309.0,CELLERA CL 514,Consumidor Livre,SUDESTE,27.6,17.491379
,2023-11-23,32309.0,CELLERA CL 514,Consumidor Livre,SUDESTE,27.6,16.303582
,2023-11-24,32309.0,CELLERA CL 514,Consumidor Livre,SUDESTE,27.6,14.46452
,2023-11-25,32309.0,CELLERA CL 514,Consumidor Livre,SUDESTE,27.6,13.113197
,2023-11-26,32309.0,CELLERA CL 514,Consumidor Livre,SUDESTE,27.6,12.256335
,2023-11-27,32309.0,CELLERA CL 514,Consumidor Livre,SUDESTE,27.6,15.485401
,2023-11-28,32309.0,CELLERA CL 514,Consumidor Livre,SUDESTE,27.6,16.495818
,2023-11-29,32309.0,CELLERA CL 514,Consumidor Livre,SUDESTE,27.6,15.885244
,2023-11-30,32309.0,CELLERA CL 514,Consumidor Livre,SUDESTE,27.6,16.79724
,2023-12-01,32309.0,CELLERA CL 514,Consumidor Livre,SUDESTE,27.6,16.585435
,2023-12-02,32309.0,CELLERA CL 514,Consumidor Livre,SUDESTE,27.6,15.471666
,2023-12-03,32309.0,CELLERA CL 514,Consumidor Livre,SUDESTE,27.6,14.860399
,2023-12-04,32309.0,CELLERA CL 514,Consumidor Livre,SUDESTE,27.6,18.210421
,2023-12-05,32309.0,CELLERA CL 514,Consumidor Livre,SUDESTE,27.6,17.668312
,2023-12-06,32309.0,CELLERA CL 514,Consumidor Livre,SUDESTE,27.6,18.61591
,2023-12-07,32309.0,CELLERA CL 514,Consumidor Livre,SUDESTE,27.6,19.071796
,2023-12-08,32309.0,CELLERA CL 514,Consumidor Livre,SUDESTE,27.6,17.552989
,2023-12-09,32309.0,CELLERA CL 514,Consumidor Livre,SUDESTE,27.6,14.772106
,2023-12-10,32309.0,CELLERA CL 514,Consumidor Livre,SUDESTE,27.6,13.637553
,2023-12-11,32309.0,CELLERA CL 514,Consumidor Livre,SUDESTE,27.6,15.695542
,2023-12-12,32309.0,CELLERA CL 514,Consumidor Livre,SUDESTE,27.6,16.089807
,2023-12-13,32309.0,CELLERA CL 514,Consumidor Livre,SUDESTE,27.6,15.021976
,2023-12-14,32309.0,CELLERA CL 514,Consumidor Livre,SUDESTE,27.6,16.080271
,2023-12-15,32309.0,CELLERA CL 514,Consumidor Livre,SUDESTE,27.6,16.631792
,2023-12-16,32309.0,CELLERA CL 514,Consumidor Livre,SUDESTE,27.6,15.143633
,2023-12-17,32309.0,CELLERA CL 514,Consumidor Livre,SUDESTE,27.6,14.295144
,2023-12-18,32309.0,CELLERA CL 514,Consumidor Livre,SUDESTE,27.6,15.999567
,2023-12-19,32309.0,CELLERA CL 514,Consumidor Livre,SUDESTE,27.6,15.702381
,2023-12-20,32309.0,CELLERA CL 514,Consumidor Livre,SUDESTE,27.6,15.070329
,2023-12-21,32309.0,CELLERA CL 514,Consumidor Livre,SUDESTE,27.6,12.947886
,2023-12-22,32309.0,CELLERA CL 514,Consumidor Livre,SUDESTE,27.6,14.31747
,2023-12-23,32309.0,CELLERA CL 514,Consumidor Livre,SUDESTE,27.6,12.242025
,2023-12-24,32309.0,CELLERA CL 514,Consumidor Livre,SUDESTE,27.6,10.970108
,2023-12-25,32309.0,CELLERA CL 514,Consumidor Livre,SUDESTE,27.6,11.800172
,2023-12-26,32309.0,CELLERA CL 514,Consumidor Livre,SUDESTE,27.6,11.866415
,2023-12-27,32309.0,CELLERA CL 514,Consumidor Livre,SUDESTE,27.6,10.521677
,2023-12-28,32309.0,CELLERA CL 514,Consumidor Livre,SUDESTE,27.6,10.364247
,2023-12-29,32309.0,CELLERA CL 514,Consumidor Livre,SUDESTE,27.6,10.81334
,2023-12-30,32309.0,CELLERA CL 514,Consumidor Livre,SUDESTE,27.6,8.998179
,2023-12-31,32309.0,CELLERA CL 514,Consumidor Livre,SUDESTE,27.6,8.826306
,2024-01-01,32309.0,CELLERA CL 514,Consumidor Livre,SUDESTE,27.6,9.196861
,2024-01-02,32309.0,CELLERA CL 514,Consumidor Livre,SUDESTE,27.6,13.029835
,2024-01-03,32309.0,CELLERA CL 514,Consumidor Livre,SUDESTE,27.6,14.548794
,2024-01-04,32309.0,CELLERA CL 514,Consumidor Livre,SUDESTE,27.6,14.196083
,2024-01-05,32309.0,CELLERA CL 514,Consumidor Livre,SUDESTE,27.6,14.6343
,2024-01-06,32309.0,CELLERA CL 514,Consumidor Livre,SUDESTE,27.6,13.087228
,2024-01-07,32309.0,CELLERA CL 514,Consumidor Livre,SUDESTE,27.6,12.667181
,2024-01-08,32309.0,CELLERA CL 514,Consumidor Livre,SUDESTE,27.6,15.608904
,2024-01-09,32309.0,CELLERA CL 514,Consumidor Livre,SUDESTE,27.6,16.388468
,2024-01-10,32309.0,CELLERA CL 514,Consumidor Livre,SUDESTE,27.6,16.609245
,2024-01-11,32309.0,CELLERA CL 514,Consumidor Livre,SUDESTE,27.6,16.762815
,2024-01-12,32309.0,CELLERA CL 514,Consumidor Livre,SUDESTE,27.6,15.685063
,2024-01-13,32309.0,CELLERA CL 514,Consumidor Livre,SUDESTE,27.6,12.807066
,2024-01-14,32309.0,CELLERA CL 514,Consumidor Livre,SUDESTE,27.6,12.479391
,2024-01-15,32309.0,CELLERA CL 514,Consumidor Livre,SUDESTE,27.6,15.556158
,2024-01-16,32309.0,CELLERA CL 514,Consumidor Livre,SUDESTE,27.6,16.8159
,2024-01-17,32309.0,CELLERA CL 514,Consumidor Livre,SUDESTE,27.6,17.431159
,2024-01-18,32309.0,CELLERA CL 514,Consumidor Livre,SUDESTE,27.6,16.476259
,2024-01-19,32309.0,CELLERA CL 514,Consumidor Livre,SUDESTE,27.6,15.112214
,2024-01-20,32309.0,CELLERA CL 514,Consumidor Livre,SUDESTE,27.6,13.392779
,2024-01-21,32309.0,CELLERA CL 514,Consumidor Livre,SUDESTE,27.6,12.071039
,2024-01-22,32309.0,CELLERA CL 514,Consumidor Livre,SUDESTE,27.6,14.136213
,2024-01-23,32309.0,CELLERA CL 514,Consumidor Livre,SUDESTE,27.6,13.231028
,2024-01-24,32309.0,CELLERA CL 514,Consumidor Livre,SUDESTE,27.6,13.899097
,2024-01-25,32309.0,CELLERA CL 514,Consumidor Livre,SUDESTE,27.6,13.963047
,2024-01-26,32309.0,CELLERA CL 514,Consumidor Livre,SUDESTE,27.6,14.25405
,2024-01-27,32309.0,CELLERA CL 514,Consumidor Livre,SUDESTE,27.6,13.263387
,2024-01-28,32309.0,CELLERA CL 514,Consumidor Livre,SUDESTE,27.6,11.470256
,2024-01-29,32309.0,CELLERA CL 514,Consumidor Livre,SUDESTE,27.6,14.36663
,2024-01-30,32309.0,CELLERA CL 514,Consumidor Livre,SUDESTE,27.6,16.129611999999998
,2024-01-31,32309.0,CELLERA CL 514,Consumidor Livre,SUDESTE,27.6,15.522834
,2024-02-01,32309.0,CELLERA CL 514,Consumidor Livre,SUDESTE,27.6,14.891424
,2024-02-02,32309.0,CELLERA CL 514,Consumidor Livre,SUDESTE,27.6,13.112806
,2024-02-03,32309.0,CELLERA CL 514,Consumidor Livre,SUDESTE,27.6,11.333822
,2024-02-04,32309.0,CELLERA CL 514,Consumidor Livre,SUDESTE,27.6,11.641735
,2024-02-05,32309.0,CELLERA CL 514,Consumidor Livre,SUDESTE,27.6,14.702226
,2024-02-06,32309.0,CELLERA CL 514,Consumidor Livre,SUDESTE,27.6,15.657168
,2024-02-07,32309.0,CELLERA CL 514,Consumidor Livre,SUDESTE,27.6,15.378731
,2024-02-08,32309.0,CELLERA CL 514,Consumidor Livre,SUDESTE,27.6,15.728285
,2024-02-09,32309.0,CELLERA CL 514,Consumidor Livre,SUDESTE,27.6,15.949066
,2024-02-10,32309.0,CELLERA CL 514,Consumidor Livre,SUDESTE,27.6,13.966865
,2024-02-11,32309.0,CELLERA CL 514,Consumidor Livre,SUDESTE,27.6,13.253966
,2024-02-12,32309.0,CELLERA CL 514,Consumidor Livre,SUDESTE,27.6,13.363566
,2024-02-13,32309.0,CELLERA CL 514,Consumidor Livre,SUDESTE,27.6,13.021407
,2024-02-14,32309.0,CELLERA CL 514,Consumidor Livre,SUDESTE,27.6,13.334506
,2024-02-15,32309.0,CELLERA CL 514,Consumidor Livre,SUDESTE,27.6,14.519684
,2024-02-16,32309.0,CELLERA CL 514,Consumidor Livre,SUDESTE,27.6,14.29158
,2024-02-17,32309.0,CELLERA CL 514,Consumidor Livre,SUDESTE,27.6,12.414335
,2024-02-18,32309.0,CELLERA CL 514,Consumidor Livre,SUDESTE,27.6,11.527112
,2024-02-19,32309.0,CELLERA CL 514,Consumidor Livre,SUDESTE,27.6,15.221109
,2024-02-20,32309.0,CELLERA CL 514,Consumidor Livre,SUDESTE,27.6,15.545617
,2024-02-21,32309.0,CELLERA CL 514,Consumidor Livre,SUDESTE,27.6,15.718731
,2024-02-22,32309.0,CELLERA CL 514,Consumidor Livre,SUDESTE,27.6,15.567981
,2024-02-23,32309.0,CELLERA CL 514,Consumidor Livre,SUDESTE,27.6,15.912671
,2024-02-24,32309.0,CELLERA CL 514,Consumidor Livre,SUDESTE,27.6,13.952131
,2024-02-25,32309.0,CELLERA CL 514,Consumidor Livre,SUDESTE,27.6,12.96636
,2024-02-26,32309.0,CELLERA CL 514,Consumidor Livre,SUDESTE,27.6,15.412691
,2024-02-27,32309.0,CELLERA CL 514,Consumidor Livre,SUDESTE,27.6,17.632474
,2024-02-28,32309.0,CELLERA CL 514,Consumidor Livre,SUDESTE,27.6,17.901295
,2024-02-29,32309.0,CELLERA CL 514,Consumidor Livre,SUDESTE,27.6,17.220226
202403.0,2024-03-01,32309.0,CELLERA CL 514,Consumidor Livre,SUDESTE,27.6,15.25481
202403.0,2024-03-02,32309.0,CELLERA CL 514,Consumidor Livre,SUDESTE,27.6,13.171084
202403.0,2024-03-03,32309.0,CELLERA CL 514,Consumidor Livre,SUDESTE,27.6,13.028129
202403.0,2024-03-04,32309.0,CELLERA CL 514,Consumidor Livre,SUDESTE,27.6,15.460574
202403.0,2024-03-05,32309.0,CELLERA CL 514,Consumidor Livre,SUDESTE,27.6,15.57739
202403.0,2024-03-06,32309.0,CELLERA CL 514,Consumidor Livre,SUDESTE,27.6,14.231046
202403.0,2024-03-07,32309.0,CELLERA CL 514,Consumidor Livre,SUDESTE,27.6,14.910696
202403.0,2024-03-08,32309.0,CELLERA CL 514,Consumidor Livre,SUDESTE,27.6,15.4164
202403.0,2024-03-09,32309.0,CELLERA CL 514,Consumidor Livre,SUDESTE,27.6,13.500988
202403.0,2024-03-10,32309.0,CELLERA CL 514,Consumidor Livre,SUDESTE,27.6,12.560151
202403.0,2024-03-11,32309.0,CELLERA CL 514,Consumidor Livre,SUDESTE,27.6,14.540733
202403.0,2024-03-12,32309.0,CELLERA CL 514,Consumidor Livre,SUDESTE,27.6,15.237764
202403.0,2024-03-13,32309.0,CELLERA CL 514,Consumidor Livre,SUDESTE,27.6,15.965619
202403.0,2024-03-14,32309.0,CELLERA CL 514,Consumidor Livre,SUDESTE,27.6,16.543214
202403.0,2024-03-15,32309.0,CELLERA CL 514,Consumidor Livre,SUDESTE,27.6,16.700872
202403.0,2024-03-16,32309.0,CELLERA CL 514,Consumidor Livre,SUDESTE,27.6,15.401673
202403.0,2024-03-17,32309.0,CELLERA CL 514,Consumidor Livre,SUDESTE,27.6,14.600003
202403.0,2024-03-18,32309.0,CELLERA CL 514,Consumidor Livre,SUDESTE,27.6,16.106485
202403.0,2024-03-19,32309.0,CELLERA CL 514,Consumidor Livre,SUDESTE,27.6,16.368219
202403.0,2024-03-20,32309.0,CELLERA CL 514,Consumidor Livre,SUDESTE,27.6,16.486434
202403.0,2024-03-21,32309.0,CELLERA CL 514,Consumidor Livre,SUDESTE,27.6,16.809668
202403.0,2024-03-22,32309.0,CELLERA CL 514,Consumidor Livre,SUDESTE,27.6,14.568628
202403.0,2024-03-23,32309.0,CELLERA CL 514,Consumidor Livre,SUDESTE,27.6,12.446553
202403.0,2024-03-24,32309.0,CELLERA CL 514,Consumidor Livre,SUDESTE,27.6,11.045767
202403.0,2024-03-25,32309.0,CELLERA CL 514,Consumidor Livre,SUDESTE,27.6,14.010362
202403.0,2024-03-26,32309.0,CELLERA CL 514,Consumidor Livre,SUDESTE,27.6,14.677483
202403.0,2024-03-27,32309.0,CELLERA CL 514,Consumidor Livre,SUDESTE,27.6,13.650268
202403.0,2024-03-28,32309.0,CELLERA CL 514,Consumidor Livre,SUDESTE,27.6,12.069682
202403.0,2024-03-29,32309.0,CELLERA CL 514,Consumidor Livre,SUDESTE,27.6,10.77678
202403.0,2024-03-30,32309.0,CELLERA CL 514,Consumidor Livre,SUDESTE,27.6,10.712068
202403.0,2024-03-31,32309.0,CELLERA CL 514,Consumidor Livre,SUDESTE,27.6,9.900231
202404.0,2024-04-01,32309.0,CELLERA CL 514,Consumidor Livre,SUDESTE,27.6,10.355136
202404.0,2024-04-02,32309.0,CELLERA CL 514,Consumidor Livre,SUDESTE,27.6,10.643105
202404.0,2024-04-03,32309.0,CELLERA CL 514,Consumidor Livre,SUDESTE,27.6,10.031391
202404.0,2024-04-04,32309.0,CELLERA CL 514,Consumidor Livre,SUDESTE,27.6,11.906423
202404.0,2024-04-05,32309.0,CELLERA CL 514,Consumidor Livre,SUDESTE,27.6,11.818321
202404.0,2024-04-06,32309.0,CELLERA CL 514,Consumidor Livre,SUDESTE,27.6,10.176551
202404.0,2024-04-07,32309.0,CELLERA CL 514,Consumidor Livre,SUDESTE,27.6,10.011616
202404.0,2024-04-08,32309.0,CELLERA CL 514,Consumidor Livre,SUDESTE,27.6,11.151808
202404.0,2024-04-09,32309.0,CELLERA CL 514,Consumidor Livre,SUDESTE,27.6,11.59439
202404.0,2024-04-10,32309.0,CELLERA CL 514,Consumidor Livre,SUDESTE,27.6,11.868617
202404.0,2024-04-11,32309.0,CELLERA CL 514,Consumidor Livre,SUDESTE,27.6,11.800169
202404.0,2024-04-12,32309.0,CELLERA CL 514,Consumidor Livre,SUDESTE,27.6,10.82528
202404.0,2024-04-13,32309.0,CELLERA CL 514,Consumidor Livre,SUDESTE,27.6,7.068812
202404.0,2024-04-14,32309.0,CELLERA CL 514,Consumidor Livre,SUDESTE,27.6,8.075748
202404.0,2024-04-15,32309.0,CELLERA CL 514,Consumidor Livre,SUDESTE,27.6,10.638
202404.0,2024-04-16,32309.0,CELLERA CL 514,Consumidor Livre,SUDESTE,27.6,11.798364
202404.0,2024-04-17,32309.0,CELLERA CL 514,Consumidor Livre,SUDESTE,27.6,11.548419
202404.0,2024-04-18,32309.0,CELLERA CL 514,Consumidor Livre,SUDESTE,27.6,10.082642
202404.0,2024-04-19,32309.0,CELLERA CL 514,Consumidor Livre,SUDESTE,27.6,9.494779
202404.0,2024-04-20,32309.0,CELLERA CL 514,Consumidor Livre,SUDESTE,27.6,9.000752
202404.0,2024-04-21,32309.0,CELLERA CL 514,Consumidor Livre,SUDESTE,27.6,9.093201
202404.0,2024-04-22,32309.0,CELLERA CL 514,Consumidor Livre,SUDESTE,27.6,11.615346
202404.0,2024-04-23,32309.0,CELLERA CL 514,Consumidor Livre,SUDESTE,27.6,12.316673
202404.0,2024-04-24,32309.0,CELLERA CL 514,Consumidor Livre,SUDESTE,27.6,12.426292
202404.0,2024-04-25,32309.0,CELLERA CL 514,Consumidor Livre,SUDESTE,27.6,12.784933
202404.0,2024-04-26,32309.0,CELLERA CL 514,Consumidor Livre,SUDESTE,27.6,13.602753
202404.0,2024-04-27,32309.0,CELLERA CL 514,Consumidor Livre,SUDESTE,27.6,12.199545
202404.0,2024-04-28,32309.0,CELLERA CL 514,Consumidor Livre,SUDESTE,27.6,11.758996
202404.0,2024-04-29,32309.0,CELLERA CL 514,Consumidor Livre,SUDESTE,27.6,14.082219
202404.0,2024-04-30,32309.0,CELLERA CL 514,Consumidor Livre,SUDESTE,27.6,13.688792
202405.0,2024-05-01,32309.0,CELLERA CL 514,Consumidor Livre,SUDESTE,27.6,13.001679
202405.0,2024-05-02,32309.0,CELLERA CL 514,Consumidor Livre,SUDESTE,27.6,14.01915
202405.0,2024-05-03,32309.0,CELLERA CL 514,Consumidor Livre,SUDESTE,27.6,13.712224
202405.0,2024-05-04,32309.0,CELLERA CL 514,Consumidor Livre,SUDESTE,27.6,12.378142
202405.0,2024-05-05,32309.0,CELLERA CL 514,Consumidor Livre,SUDESTE,27.6,11.096441
202405.0,2024-05-06,32309.0,CELLERA CL 514,Consumidor Livre,SUDESTE,27.6,13.186694
202405.0,2024-05-07,32309.0,CELLERA CL 514,Consumidor Livre,SUDESTE,27.6,13.31379
202405.0,2024-05-08,32309.0,CELLERA CL 514,Consumidor Livre,SUDESTE,27.6,13.529296
202405.0,2024-05-09,32309.0,CELLERA CL 514,Consumidor Livre,SUDESTE,27.6,13.288503
202405.0,2024-05-10,32309.0,CELLERA CL 514,Consumidor Livre,SUDESTE,27.6,13.690478
202405.0,2024-05-11,32309.0,CELLERA CL 514,Consumidor Livre,SUDESTE,27.6,12.372061
202405.0,2024-05-12,32309.0,CELLERA CL 514,Consumidor Livre,SUDESTE,27.6,11.058165
202405.0,2024-05-13,32309.0,CELLERA CL 514,Consumidor Livre,SUDESTE,27.6,13.593104
202405.0,2024-05-14,32309.0,CELLERA CL 514,Consumidor Livre,SUDESTE,27.6,12.98375
202405.0,2024-05-15,32309.0,CELLERA CL 514,Consumidor Livre,SUDESTE,27.6,12.451595
202405.0,2024-05-16,32309.0,CELLERA CL 514,Consumidor Livre,SUDESTE,27.6,13.969541
202405.0,2024-05-17,32309.0,CELLERA CL 514,Consumidor Livre,SUDESTE,27.6,14.638182
202405.0,2024-05-18,32309.0,CELLERA CL 514,Consumidor Livre,SUDESTE,27.6,13.132951
202405.0,2024-05-19,32309.0,CELLERA CL 514,Consumidor Livre,SUDESTE,27.6,11.732664
202405.0,2024-05-20,32309.0,CELLERA CL 514,Consumidor Livre,SUDESTE,27.6,13.643682
202405.0,2024-05-21,32309.0,CELLERA CL 514,Consumidor Livre,SUDESTE,27.6,13.607056
202405.0,2024-05-22,32309.0,CELLERA CL 514,Consumidor Livre,SUDESTE,27.6,13.673641
202405.0,2024-05-23,32309.0,CELLERA CL 514,Consumidor Livre,SUDESTE,27.6,13.175722
202405.0,2024-05-24,32309.0,CELLERA CL 514,Consumidor Livre,SUDESTE,27.6,12.998696
202405.0,2024-05-25,32309.0,CELLERA CL 514,Consumidor Livre,SUDESTE,27.6,11.382747
202405.0,2024-05-26,32309.0,CELLERA CL 514,Consumidor Livre,SUDESTE,27.6,10.350267
202405.0,2024-05-27,32309.0,CELLERA CL 514,Consumidor Livre,SUDESTE,27.6,11.977377
202405.0,2024-05-28,32309.0,CELLERA CL 514,Consumidor Livre,SUDESTE,27.6,11.79164
202405.0,2024-05-29,32309.0,CELLERA CL 514,Consumidor Livre,SUDESTE,27.6,11.758538
202405.0,2024-05-30,32309.0,CELLERA CL 514,Consumidor Livre,SUDESTE,27.6,11.530077
202405.0,2024-05-31,32309.0,CELLERA CL 514,Consumidor Livre,SUDESTE,27.6,10.65019
202406.0,2024-06-01,32309.0,CELLERA CL 514,Consumidor Livre,SUDESTE,27.6,9.94491
202406.0,2024-06-02,32309.0,CELLERA CL 514,Consumidor Livre,SUDESTE,27.6,9.674083
202406.0,2024-06-03,32309.0,CELLERA CL 514,Consumidor Livre,SUDESTE,27.6,11.971578
202406.0,2024-06-04,32309.0,CELLERA CL 514,Consumidor Livre,SUDESTE,27.6,11.714121
202406.0,2024-06-05,32309.0,CELLERA CL 514,Consumidor Livre,SUDESTE,27.6,8.858636
202406.0,2024-06-06,32309.0,CELLERA CL 514,Consumidor Livre,SUDESTE,27.6,12.106757
202406.0,2024-06-07,32309.0,CELLERA CL 514,Consumidor Livre,SUDESTE,27.6,12.382325
202406.0,2024-06-08,32309.0,CELLERA CL 514,Consumidor Livre,SUDESTE,27.6,11.255038
202406.0,2024-06-09,32309.0,CELLERA CL 514,Consumidor Livre,SUDESTE,27.6,11.169659
202406.0,2024-06-10,32309.0,CELLERA CL 514,Consumidor Livre,SUDESTE,27.6,12.10083
202406.0,2024-06-11,32309.0,CELLERA CL 514,Consumidor Livre,SUDESTE,27.6,12.081095
202406.0,2024-06-12,32309.0,CELLERA CL 514,Consumidor Livre,SUDESTE,27.6,12.338336
202406.0,2024-06-13,32309.0,CELLERA CL 514,Consumidor Livre,SUDESTE,27.6,11.864509
202406.0,2024-06-14,32309.0,CELLERA CL 514,Consumidor Livre,SUDESTE,27.6,12.216445
202406.0,2024-06-15,32309.0,CELLERA CL 514,Consumidor Livre,SUDESTE,27.6,11.166857
202406.0,2024-06-16,32309.0,CELLERA CL 514,Consumidor Livre,SUDESTE,27.6,10.21319
202406.0,2024-06-17,32309.0,CELLERA CL 514,Consumidor Livre,SUDESTE,27.6,12.03578
202406.0,2024-06-18,32309.0,CELLERA CL 514,Consumidor Livre,SUDESTE,27.6,12.231537
202406.0,2024-06-19,32309.0,CELLERA CL 514,Consumidor Livre,SUDESTE,27.6,13.306632
202406.0,2024-06-20,32309.0,CELLERA CL 514,Consumidor Livre,SUDESTE,27.6,12.862952
202406.0,2024-06-21,32309.0,CELLERA CL 514,Consumidor Livre,SUDESTE,27.6,12.252075
202406.0,2024-06-22,32309.0,CELLERA CL 514,Consumidor Livre,SUDESTE,27.6,11.274968
202406.0,2024-06-23,32309.0,CELLERA CL 514,Consumidor Livre,SUDESTE,27.6,10.166576
202406.0,2024-06-24,32309.0,CELLERA CL 514,Consumidor Livre,SUDESTE,27.6,12.32621
202406.0,2024-06-25,32309.0,CELLERA CL 514,Consumidor Livre,SUDESTE,27.6,12.571313
202406.0,2024-06-26,32309.0,CELLERA CL 514,Consumidor Livre,SUDESTE,27.6,12.791135
202406.0,2024-06-27,32309.0,CELLERA CL 514,Consumidor Livre,SUDESTE,27.6,12.689429
202406.0,2024-06-28,32309.0,CELLERA CL 514,Consumidor Livre,SUDESTE,27.6,12.605563
202406.0,2024-06-29,32309.0,CELLERA CL 514,Consumidor Livre,SUDESTE,27.6,12.294581
202406.0,2024-06-30,32309.0,CELLERA CL 514,Consumidor Livre,SUDESTE,27.6,11.196139
202407.0,2024-07-01,32309.0,CELLERA CL 514,Consumidor Livre,SUDESTE,27.6,11.44767
202407.0,2024-07-02,32309.0,CELLERA CL 514,Consumidor Livre,SUDESTE,27.6,12.226599
202407.0,2024-07-03,32309.0,CELLERA CL 514,Consumidor Livre,SUDESTE,27.6,12.383414
202407.0,2024-07-04,32309.0,CELLERA CL 514,Consumidor Livre,SUDESTE,27.6,12.483773
202407.0,2024-07-05,32309.0,CELLERA CL 514,Consumidor Livre,SUDESTE,27.6,11.262509
202407.0,2024-07-06,32309.0,CELLERA CL 514,Consumidor Livre,SUDESTE,27.6,10.799805
202407.0,2024-07-07,32309.0,CELLERA CL 514,Consumidor Livre,SUDESTE,27.6,10.430967
202407.0,2024-07-08,32309.0,CELLERA CL 514,Consumidor Livre,SUDESTE,27.6,9.679427
202407.0,2024-07-09,32309.0,CELLERA CL 514,Consumidor Livre,SUDESTE,27.6,10.981497
202407.0,2024-07-10,32309.0,CELLERA CL 514,Consumidor Livre,SUDESTE,27.6,12.076482
202407.0,2024-07-11,32309.0,CELLERA CL 514,Consumidor Livre,SUDESTE,27.6,12.239912
202407.0,2024-07-12,32309.0,CELLERA CL 514,Consumidor Livre,SUDESTE,27.6,12.294461
202407.0,2024-07-13,32309.0,CELLERA CL 514,Consumidor Livre,SUDESTE,27.6,11.494219
202407.0,2024-07-14,32309.0,CELLERA CL 514,Consumidor Livre,SUDESTE,27.6,10.651332
202407.0,2024-07-15,32309.0,CELLERA CL 514,Consumidor Livre,SUDESTE,27.6,12.499276
202407.0,2024-07-16,32309.0,CELLERA CL 514,Consumidor Livre,SUDESTE,27.6,12.545703
202407.0,2024-07-17,32309.0,CELLERA CL 514,Consumidor Livre,SUDESTE,27.6,12.28851
202407.0,2024-07-18,32309.0,CELLERA CL 514,Consumidor Livre,SUDESTE,27.6,12.481176
202407.0,2024-07-19,32309.0,CELLERA CL 514,Consumidor Livre,SUDESTE,27.6,12.202264
202407.0,2024-07-20,32309.0,CELLERA CL 514,Consumidor Livre,SUDESTE,27.6,11.04966
202407.0,2024-07-21,32309.0,CELLERA CL 514,Consumidor Livre,SUDESTE,27.6,10.5555
202407.0,2024-07-22,32309.0,CELLERA CL 514,Consumidor Livre,SUDESTE,27.6,12.018626
202407.0,2024-07-23,32309.0,CELLERA CL 514,Consumidor Livre,SUDESTE,27.6,12.738745
202407.0,2024-07-24,32309.0,CELLERA CL 514,Consumidor Livre,SUDESTE,27.6,12.987663
202407.0,2024-07-25,32309.0,CELLERA CL 514,Consumidor Livre,SUDESTE,27.6,12.564252
202407.0,2024-07-26,32309.0,CELLERA CL 514,Consumidor Livre,SUDESTE,27.6,12.717602
202407.0,2024-07-27,32309.0,CELLERA CL 514,Consumidor Livre,SUDESTE,27.6,11.423969
202407.0,2024-07-28,32309.0,CELLERA CL 514,Consumidor Livre,SUDESTE,27.6,11.578772
202407.0,2024-07-29,32309.0,CELLERA CL 514,Consumidor Livre,SUDESTE,27.6,12.374632
202407.0,2024-07-30,32309.0,CELLERA CL 514,Consumidor Livre,SUDESTE,27.6,12.399415
202407.0,2024-07-31,32309.0,CELLERA CL 514,Consumidor Livre,SUDESTE,27.6,12.75352
202408.0,2024-08-01,32309.0,CELLERA CL 514,Consumidor Livre,SUDESTE,27.6,12.881572
202408.0,2024-08-02,32309.0,CELLERA CL 514,Consumidor Livre,SUDESTE,27.6,12.536261
202408.0,2024-08-03,32309.0,CELLERA CL 514,Consumidor Livre,SUDESTE,27.6,11.365941
202408.0,2024-08-04,32309.0,CELLERA CL 514,Consumidor Livre,SUDESTE,27.6,10.614002
202408.0,2024-08-05,32309.0,CELLERA CL 514,Consumidor Livre,SUDESTE,27.6,13.665408
202408.0,2024-08-06,32309.0,CELLERA CL 514,Consumidor Livre,SUDESTE,27.6,13.292691
202408.0,2024-08-07,32309.0,CELLERA CL 514,Consumidor Livre,SUDESTE,27.6,13.026781
202408.0,2024-08-08,32309.0,CELLERA CL 514,Consumidor Livre,SUDESTE,27.6,13.39488
202408.0,2024-08-09,32309.0,CELLERA CL 514,Consumidor Livre,SUDESTE,27.6,12.157085
202408.0,2024-08-10,32309.0,CELLERA CL 514,Consumidor Livre,SUDESTE,27.6,10.679623
202408.0,2024-08-11,32309.0,CELLERA CL 514,Consumidor Livre,SUDESTE,27.6,9.493299
202408.0,2024-08-12,32309.0,CELLERA CL 514,Consumidor Livre,SUDESTE,27.6,11.156494
202408.0,2024-08-13,32309.0,CELLERA CL 514,Consumidor Livre,SUDESTE,27.6,11.3849
202408.0,2024-08-14,32309.0,CELLERA CL 514,Consumidor Livre,SUDESTE,27.6,11.615711
202408.0,2024-08-15,32309.0,CELLERA CL 514,Consumidor Livre,SUDESTE,27.6,12.322312
202408.0,2024-08-16,32309.0,CELLERA CL 514,Consumidor Livre,SUDESTE,27.6,12.650324
202408.0,2024-08-17,32309.0,CELLERA CL 514,Consumidor Livre,SUDESTE,27.6,11.723758
202408.0,2024-08-18,32309.0,CELLERA CL 514,Consumidor Livre,SUDESTE,27.6,11.140964
202408.0,2024-08-19,32309.0,CELLERA CL 514,Consumidor Livre,SUDESTE,27.6,13.521777
202408.0,2024-08-20,32309.0,CELLERA CL 514,Consumidor Livre,SUDESTE,27.6,13.2362
202408.0,2024-08-21,32309.0,CELLERA CL 514,Consumidor Livre,SUDESTE,27.6,13.363492
202408.0,2024-08-22,32309.0,CELLERA CL 514,Consumidor Livre,SUDESTE,27.6,13.397829
202408.0,2024-08-23,32309.0,CELLERA CL 514,Consumidor Livre,SUDESTE,27.6,13.692478
202408.0,2024-08-24,32309.0,CELLERA CL 514,Consumidor Livre,SUDESTE,27.6,11.132399
202408.0,2024-08-25,32309.0,CELLERA CL 514,Consumidor Livre,SUDESTE,27.6,9.230457
202408.0,2024-08-26,32309.0,CELLERA CL 514,Consumidor Livre,SUDESTE,27.6,11.329302
202408.0,2024-08-27,32309.0,CELLERA CL 514,Consumidor Livre,SUDESTE,27.6,11.56913
202408.0,2024-08-28,32309.0,CELLERA CL 514,Consumidor Livre,SUDESTE,27.6,12.030573
202408.0,2024-08-29,32309.0,CELLERA CL 514,Consumidor Livre,SUDESTE,27.6,12.776486
202408.0,2024-08-30,32309.0,CELLERA CL 514,Consumidor Livre,SUDESTE,27.6,13.417012
202408.0,2024-08-31,32309.0,CELLERA CL 514,Consumidor Livre,SUDESTE,27.6,12.403028
202409.0,2024-09-01,32309.0,CELLERA CL 514,Consumidor Livre,SUDESTE,27.6,11.128628
202409.0,2024-09-02,32309.0,CELLERA CL 514,Consumidor Livre,SUDESTE,27.6,13.017739
202409.0,2024-09-03,32309.0,CELLERA CL 514,Consumidor Livre,SUDESTE,27.6,13.690449
202409.0,2024-09-04,32309.0,CELLERA CL 514,Consumidor Livre,SUDESTE,27.6,14.317784
202409.0,2024-09-05,32309.0,CELLERA CL 514,Consumidor Livre,SUDESTE,27.6,13.619819
202409.0,2024-09-06,32309.0,CELLERA CL 514,Consumidor Livre,SUDESTE,27.6,13.469818
202409.0,2024-09-07,32309.0,CELLERA CL 514,Consumidor Livre,SUDESTE,27.6,10.572912
202409.0,2024-09-08,32309.0,CELLERA CL 514,Consumidor Livre,SUDESTE,27.6,10.981625
202409.0,2024-09-09,32309.0,CELLERA CL 514,Consumidor Livre,SUDESTE,27.6,14.039669
202409.0,2024-09-10,32309.0,CELLERA CL 514,Consumidor Livre,SUDESTE,27.6,14.612765
202409.0,2024-09-11,32309.0,CELLERA CL 514,Consumidor Livre,SUDESTE,27.6,15.348617
202409.0,2024-09-12,32309.0,CELLERA CL 514,Consumidor Livre,SUDESTE,27.6,16.276212
202409.0,2024-09-13,32309.0,CELLERA CL 514,Consumidor Livre,SUDESTE,27.6,14.80726
202409.0,2024-09-14,32309.0,CELLERA CL 514,Consumidor Livre,SUDESTE,27.6,13.005305
202409.0,2024-09-15,32309.0,CELLERA CL 514,Consumidor Livre,SUDESTE,27.6,11.846603
202409.0,2024-09-16,32309.0,CELLERA CL 514,Consumidor Livre,SUDESTE,27.6,12.320481
202409.0,2024-09-17,32309.0,CELLERA CL 514,Consumidor Livre,SUDESTE,27.6,12.391523
202409.0,2024-09-18,32309.0,CELLERA CL 514,Consumidor Livre,SUDESTE,27.6,12.937557
202409.0,2024-09-19,32309.0,CELLERA CL 514,Consumidor Livre,SUDESTE,27.6,13.803638
202409.0,2024-09-20,32309.0,CELLERA CL 514,Consumidor Livre,SUDESTE,27.6,14.554801
202409.0,2024-09-21,32309.0,CELLERA CL 514,Consumidor Livre,SUDESTE,27.6,12.176976
202409.0,2024-09-22,32309.0,CELLERA CL 514,Consumidor Livre,SUDESTE,27.6,12.132174
202409.0,2024-09-23,32309.0,CELLERA CL 514,Consumidor Livre,SUDESTE,27.6,15.434797
202409.0,2024-09-24,32309.0,CELLERA CL 514,Consumidor Livre,SUDESTE,27.6,15.905521
202409.0,2024-09-25,32309.0,CELLERA CL 514,Consumidor Livre,SUDESTE,27.6,16.617062
202409.0,2024-09-26,32309.0,CELLERA CL 514,Consumidor Livre,SUDESTE,27.6,16.226405
202409.0,2024-09-27,32309.0,CELLERA CL 514,Consumidor Livre,SUDESTE,27.6,14.971392
202409.0,2024-09-28,32309.0,CELLERA CL 514,Consumidor Livre,SUDESTE,27.6,12.667595
202409.0,2024-09-29,32309.0,CELLERA CL 514,Consumidor Livre,SUDESTE,27.6,12.105759
202409.0,2024-09-30,32309.0,CELLERA CL 514,Consumidor Livre,SUDESTE,27.6,14.800621
202410.0,2024-10-01,32309.0,CELLERA CL 514,Consumidor Livre,SUDESTE,27.6,16.274226
202410.0,2024-10-02,32309.0,CELLERA CL 514,Consumidor Livre,SUDESTE,27.6,16.46584
202410.0,2024-10-03,32309.0,CELLERA CL 514,Consumidor Livre,SUDESTE,27.6,14.986544
202410.0,2024-10-04,32309.0,CELLERA CL 514,Consumidor Livre,SUDESTE,27.6,13.29724
202410.0,2024-10-05,32309.0,CELLERA CL 514,Consumidor Livre,SUDESTE,27.6,12.129527
202410.0,2024-10-06,32309.0,CELLERA CL 514,Consumidor Livre,SUDESTE,27.6,11.433866
202410.0,2024-10-07,32309.0,CELLERA CL 514,Consumidor Livre,SUDESTE,27.6,13.830757
202410.0,2024-10-08,32309.0,CELLERA CL 514,Consumidor Livre,SUDESTE,27.6,14.817916
202410.0,2024-10-09,32309.0,CELLERA CL 514,Consumidor Livre,SUDESTE,27.6,14.306066
202410.0,2024-10-10,32309.0,CELLERA CL 514,Consumidor Livre,SUDESTE,27.6,14.460896
202410.0,2024-10-11,32309.0,CELLERA CL 514,Consumidor Livre,SUDESTE,27.6,14.36215
202410.0,2024-10-12,32309.0,CELLERA CL 514,Consumidor Livre,SUDESTE,27.6,12.133161
202410.0,2024-10-13,32309.0,CELLERA CL 514,Consumidor Livre,SUDESTE,27.6,11.471554
202410.0,2024-10-14,32309.0,CELLERA CL 514,Consumidor Livre,SUDESTE,27.6,14.714617
202410.0,2024-10-15,32309.0,CELLERA CL 514,Consumidor Livre,SUDESTE,27.6,15.193687
202410.0,2024-10-16,32309.0,CELLERA CL 514,Consumidor Livre,SUDESTE,27.6,15.129878
202410.0,2024-10-17,32309.0,CELLERA CL 514,Consumidor Livre,SUDESTE,27.6,15.542846
202410.0,2024-10-18,32309.0,CELLERA CL 514,Consumidor Livre,SUDESTE,27.6,14.356036
202410.0,2024-10-19,32309.0,CELLERA CL 514,Consumidor Livre,SUDESTE,27.6,13.01762
202410.0,2024-10-20,32309.0,CELLERA CL 514,Consumidor Livre,SUDESTE,27.6,10.942276
202410.0,2024-10-21,32309.0,CELLERA CL 514,Consumidor Livre,SUDESTE,27.6,15.080029
202410.0,2024-10-22,32309.0,CELLERA CL 514,Consumidor Livre,SUDESTE,27.6,15.855644
202410.0,2024-10-23,32309.0,CELLERA CL 514,Consumidor Livre,SUDESTE,27.6,14.905488
202410.0,2024-10-24,32309.0,CELLERA CL 514,Consumidor Livre,SUDESTE,27.6,14.092291
202410.0,2024-10-25,32309.0,CELLERA CL 514,Consumidor Livre,SUDESTE,27.6,15.342941
202410.0,2024-10-26,32309.0,CELLERA CL 514,Consumidor Livre,SUDESTE,27.6,14.474855
202410.0,2024-10-27,32309.0,CELLERA CL 514,Consumidor Livre,SUDESTE,27.6,11.777514
202410.0,2024-10-28,32309.0,CELLERA CL 514,Consumidor Livre,SUDESTE,27.6,14.546364
202410.0,2024-10-29,32309.0,CELLERA CL 514,Consumidor Livre,SUDESTE,27.6,15.226158
202410.0,2024-10-30,32309.0,CELLERA CL 514,Consumidor Livre,SUDESTE,27.6,15.069881
202410.0,2024-10-31,32309.0,CELLERA CL 514,Consumidor Livre,SUDESTE,27.6,14.899267
202411.0,2024-11-01,32309.0,CELLERA CL 514,Consumidor Livre,SUDESTE,27.6,14.516172
202411.0,2024-11-02,32309.0,CELLERA CL 514,Consumidor Livre,SUDESTE,27.6,11.836289
202411.0,2024-11-03,32309.0,CELLERA CL 514,Consumidor Livre,SUDESTE,27.6,10.512357
202411.0,2024-11-04,32309.0,CELLERA CL 514,Consumidor Livre,SUDESTE,27.6,13.297812
202411.0,2024-11-05,32309.0,CELLERA CL 514,Consumidor Livre,SUDESTE,27.6,15.747691
202411.0,2024-11-06,32309.0,CELLERA CL 514,Consumidor Livre,SUDESTE,27.6,16.133211
202411.0,2024-11-07,32309.0,CELLERA CL 514,Consumidor Livre,SUDESTE,27.6,15.248444
202411.0,2024-11-08,32309.0,CELLERA CL 514,Consumidor Livre,SUDESTE,27.6,14.401338
202411.0,2024-11-09,32309.0,CELLERA CL 514,Consumidor Livre,SUDESTE,27.6,13.396383
202411.0,2024-11-10,32309.0,CELLERA CL 514,Consumidor Livre,SUDESTE,27.6,11.196647
202411.0,2024-11-11,32309.0,CELLERA CL 514,Consumidor Livre,SUDESTE,27.6,12.360428
202411.0,2024-11-12,32309.0,CELLERA CL 514,Consumidor Livre,SUDESTE,27.6,14.92769
202411.0,2024-11-13,32309.0,CELLERA CL 514,Consumidor Livre,SUDESTE,27.6,14.311514
202411.0,2024-11-14,32309.0,CELLERA CL 514,Consumidor Livre,SUDESTE,27.6,14.531869
202411.0,2024-11-15,32309.0,CELLERA CL 514,Consumidor Livre,SUDESTE,27.6,13.492541
202411.0,2024-11-16,32309.0,CELLERA CL 514,Consumidor Livre,SUDESTE,27.6,12.510522
202411.0,2024-11-17,32309.0,CELLERA CL 514,Consumidor Livre,SUDESTE,27.6,12.172348
202411.0,2024-11-18,32309.0,CELLERA CL 514,Consumidor Livre,SUDESTE,27.6,15.706824
202411.0,2024-11-19,32309.0,CELLERA CL 514,Consumidor Livre,SUDESTE,27.6,16.128323
202411.0,2024-11-20,32309.0,CELLERA CL 514,Consumidor Livre,SUDESTE,27.6,15.82592
202411.0,2024-11-21,32309.0,CELLERA CL 514,Consumidor Livre,SUDESTE,27.6,15.595017
202411.0,2024-11-22,32309.0,CELLERA CL 514,Consumidor Livre,SUDESTE,27.6,14.41737
202411.0,2024-11-23,32309.0,CELLERA CL 514,Consumidor Livre,SUDESTE,27.6,13.330585
202411.0,2024-11-24,32309.0,CELLERA CL 514,Consumidor Livre,SUDESTE,27.6,11.721901
202411.0,2024-11-25,32309.0,CELLERA CL 514,Consumidor Livre,SUDESTE,27.6,14.476879
202411.0,2024-11-26,32309.0,CELLERA CL 514,Consumidor Livre,SUDESTE,27.6,16.164694
202411.0,2024-11-27,32309.0,CELLERA CL 514,Consumidor Livre,SUDESTE,27.6,16.73162
202411.0,2024-11-28,32309.0,CELLERA CL 514,Consumidor Livre,SUDESTE,27.6,16.604115
202411.0,2024-11-29,32309.0,CELLERA CL 514,Consumidor Livre,SUDESTE,27.6,15.109971
202411.0,2024-11-30,32309.0,CELLERA CL 514,Consumidor Livre,SUDESTE,27.6,13.87838
202412.0,2024-12-01,32309.0,CELLERA CL 514,Consumidor Livre,SUDESTE,27.6,12.372744
202412.0,2024-12-02,32309.0,CELLERA CL 514,Consumidor Livre,SUDESTE,27.6,14.900667
202412.0,2024-12-03,32309.0,CELLERA CL 514,Consumidor Livre,SUDESTE,27.6,15.183298
202412.0,2024-12-04,32309.0,CELLERA CL 514,Consumidor Livre,SUDESTE,27.6,14.50546
202412.0,2024-12-05,32309.0,CELLERA CL 514,Consumidor Livre,SUDESTE,27.6,14.759482
202412.0,2024-12-06,32309.0,CELLERA CL 514,Consumidor Livre,SUDESTE,27.6,15.972807
202412.0,2024-12-07,32309.0,CELLERA CL 514,Consumidor Livre,SUDESTE,27.6,14.426699
202412.0,2024-12-08,32309.0,CELLERA CL 514,Consumidor Livre,SUDESTE,27.6,12.244706
202412.0,2024-12-09,32309.0,CELLERA CL 514,Consumidor Livre,SUDESTE,27.6,14.879354
202412.0,2024-12-10,32309.0,CELLERA CL 514,Consumidor Livre,SUDESTE,27.6,15.408468
202412.0,2024-12-11,32309.0,CELLERA CL 514,Consumidor Livre,SUDESTE,27.6,15.031422
202412.0,2024-12-12,32309.0,CELLERA CL 514,Consumidor Livre,SUDESTE,27.6,15.689881
202412.0,2024-12-13,32309.0,CELLERA CL 514,Consumidor Livre,SUDESTE,27.6,15.79165
202412.0,2024-12-14,32309.0,CELLERA CL 514,Consumidor Livre,SUDESTE,27.6,13.80082
202412.0,2024-12-15,32309.0,CELLERA CL 514,Consumidor Livre,SUDESTE,27.6,12.830861
202412.0,2024-12-16,32309.0,CELLERA CL 514,Consumidor Livre,SUDESTE,27.6,15.664358
202412.0,2024-12-17,32309.0,CELLERA CL 514,Consumidor Livre,SUDESTE,27.6,15.619193
202412.0,2024-12-18,32309.0,CELLERA CL 514,Consumidor Livre,SUDESTE,27.6,15.786454
202412.0,2024-12-19,32309.0,CELLERA CL 514,Consumidor Livre,SUDESTE,27.6,16.152441
202412.0,2024-12-20,32309.0,CELLERA CL 514,Consumidor Livre,SUDESTE,27.6,15.174317
202412.0,2024-12-21,32309.0,CELLERA CL 514,Consumidor Livre,SUDESTE,27.6,11.961076
202412.0,2024-12-22,32309.0,CELLERA CL 514,Consumidor Livre,SUDESTE,27.6,11.84
202412.0,2024-12-23,32309.0,CELLERA CL 514,Consumidor Livre,SUDESTE,27.6,12.885983
202412.0,2024-12-24,32309.0,CELLERA CL 514,Consumidor Livre,SUDESTE,27.6,12.538955
202412.0,2024-12-25,32309.0,CELLERA CL 514,Consumidor Livre,SUDESTE,27.6,12.490951
202412.0,2024-12-26,32309.0,CELLERA CL 514,Consumidor Livre,SUDESTE,27.6,11.211295
202412.0,2024-12-27,32309.0,CELLERA CL 514,Consumidor Livre,SUDESTE,27.6,5.055538
202412.0,2024-12-28,32309.0,CELLERA CL 514,Consumidor Livre,SUDESTE,27.6,11.645344
202412.0,2024-12-29,32309.0,CELLERA CL 514,Consumidor Livre,SUDESTE,27.6,11.464089
202412.0,2024-12-30,32309.0,CELLERA CL 514,Consumidor Livre,SUDESTE,27.6,11.962815
202412.0,2024-12-31,32309.0,CELLERA CL 514,Consumidor Livre,SUDESTE,27.6,11.41641
202501.0,2025-01-01,32309.0,CELLERA CL 514,Consumidor Livre,SUDESTE,27.6,11.388249
202501.0,2025-01-02,32309.0,CELLERA CL 514,Consumidor Livre,SUDESTE,27.6,12.461153
202501.0,2025-01-03,32309.0,CELLERA CL 514,Consumidor Livre,SUDESTE,27.6,11.786087
202501.0,2025-01-04,32309.0,CELLERA CL 514,Consumidor Livre,SUDESTE,27.6,11.3615
202501.0,2025-01-05,32309.0,CELLERA CL 514,Consumidor Livre,SUDESTE,27.6,11.472826
202501.0,2025-01-06,32309.0,CELLERA CL 514,Consumidor Livre,SUDESTE,27.6,12.791269
202501.0,2025-01-07,32309.0,CELLERA CL 514,Consumidor Livre,SUDESTE,27.6,12.688848
202501.0,2025-01-08,32309.0,CELLERA CL 514,Consumidor Livre,SUDESTE,27.6,14.461736
202501.0,2025-01-09,32309.0,CELLERA CL 514,Consumidor Livre,SUDESTE,27.6,15.251372
202501.0,2025-01-10,32309.0,CELLERA CL 514,Consumidor Livre,SUDESTE,27.6,15.452916
202501.0,2025-01-11,32309.0,CELLERA CL 514,Consumidor Livre,SUDESTE,27.6,14.429052
202501.0,2025-01-12,32309.0,CELLERA CL 514,Consumidor Livre,SUDESTE,27.6,11.585735
202501.0,2025-01-13,32309.0,CELLERA CL 514,Consumidor Livre,SUDESTE,27.6,14.860016
202501.0,2025-01-14,32309.0,CELLERA CL 514,Consumidor Livre,SUDESTE,27.6,15.178252
202501.0,2025-01-15,32309.0,CELLERA CL 514,Consumidor Livre,SUDESTE,27.6,15.473955
202501.0,2025-01-16,32309.0,CELLERA CL 514,Consumidor Livre,SUDESTE,27.6,15.340744
202501.0,2025-01-17,32309.0,CELLERA CL 514,Consumidor Livre,SUDESTE,27.6,15.794611
202501.0,2025-01-18,32309.0,CELLERA CL 514,Consumidor Livre,SUDESTE,27.6,14.300534
202501.0,2025-01-19,32309.0,CELLERA CL 514,Consumidor Livre,SUDESTE,27.6,12.920329
202501.0,2025-01-20,32309.0,CELLERA CL 514,Consumidor Livre,SUDESTE,27.6,16.334648
202501.0,2025-01-21,32309.0,CELLERA CL 514,Consumidor Livre,SUDESTE,27.6,16.558499
202501.0,2025-01-22,32309.0,CELLERA CL 514,Consumidor Livre,SUDESTE,27.6,17.293638
202501.0,2025-01-23,32309.0,CELLERA CL 514,Consumidor Livre,SUDESTE,27.6,16.383605
202501.0,2025-01-24,32309.0,CELLERA CL 514,Consumidor Livre,SUDESTE,27.6,15.828878
202501.0,2025-01-25,32309.0,CELLERA CL 514,Consumidor Livre,SUDESTE,27.6,15.008395
202501.0,2025-01-26,32309.0,CELLERA CL 514,Consumidor Livre,SUDESTE,27.6,13.528837
202501.0,2025-01-27,32309.0,CELLERA CL 514,Consumidor Livre,SUDESTE,27.6,15.50009
202501.0,2025-01-28,32309.0,CELLERA CL 514,Consumidor Livre,SUDESTE,27.6,16.231123
202501.0,2025-01-29,32309.0,CELLERA CL 514,Consumidor Livre,SUDESTE,27.6,16.342808
202501.0,2025-01-30,32309.0,CELLERA CL 514,Consumidor Livre,SUDESTE,27.6,15.779742
202501.0,2025-01-31,32309.0,CELLERA CL 514,Consumidor Livre,SUDESTE,27.6,15.690134
202502.0,2025-02-01,32309.0,CELLERA CL 514,Consumidor Livre,SUDESTE,27.6,14.519486
202502.0,2025-02-02,32309.0,CELLERA CL 514,Consumidor Livre,SUDESTE,27.6,13.75643
202502.0,2025-02-03,32309.0,CELLERA CL 514,Consumidor Livre,SUDESTE,27.6,16.311057
202502.0,2025-02-04,32309.0,CELLERA CL 514,Consumidor Livre,SUDESTE,27.6,16.859271
202502.0,2025-02-05,32309.0,CELLERA CL 514,Consumidor Livre,SUDESTE,27.6,16.381482
202502.0,2025-02-06,32309.0,CELLERA CL 514,Consumidor Livre,SUDESTE,27.6,17.023127
202502.0,2025-02-07,32309.0,CELLERA CL 514,Consumidor Livre,SUDESTE,27.6,16.039188
202502.0,2025-02-08,32309.0,CELLERA CL 514,Consumidor Livre,SUDESTE,27.6,14.21752
202502.0,2025-02-09,32309.0,CELLERA CL 514,Consumidor Livre,SUDESTE,27.6,13.3244
202502.0,2025-02-10,32309.0,CELLERA CL 514,Consumidor Livre,SUDESTE,27.6,16.719332
202502.0,2025-02-11,32309.0,CELLERA CL 514,Consumidor Livre,SUDESTE,27.6,17.859598
202502.0,2025-02-12,32309.0,CELLERA CL 514,Consumidor Livre,SUDESTE,27.6,17.841514
202502.0,2025-02-13,32309.0,CELLERA CL 514,Consumidor Livre,SUDESTE,27.6,17.280764
202502.0,2025-02-14,32309.0,CELLERA CL 514,Consumidor Livre,SUDESTE,27.6,17.21052
202502.0,2025-02-15,32309.0,CELLERA CL 514,Consumidor Livre,SUDESTE,27.6,15.805967
202502.0,2025-02-16,32309.0,CELLERA CL 514,Consumidor Livre,SUDESTE,27.6,15.133604
202502.0,2025-02-17,32309.0,CELLERA CL 514,Consumidor Livre,SUDESTE,27.6,18.024275
202502.0,2025-02-18,32309.0,CELLERA CL 514,Consumidor Livre,SUDESTE,27.6,17.794708
202502.0,2025-02-19,32309.0,CELLERA CL 514,Consumidor Livre,SUDESTE,27.6,17.792655
202502.0,2025-02-20,32309.0,CELLERA CL 514,Consumidor Livre,SUDESTE,27.6,17.926119
202502.0,2025-02-21,32309.0,CELLERA CL 514,Consumidor Livre,SUDESTE,27.6,17.2869
202502.0,2025-02-22,32309.0,CELLERA CL 514,Consumidor Livre,SUDESTE,27.6,15.522544
202502.0,2025-02-23,32309.0,CELLERA CL 514,Consumidor Livre,SUDESTE,27.6,13.879582
202502.0,2025-02-24,32309.0,CELLERA CL 514,Consumidor Livre,SUDESTE,27.6,17.292503
202502.0,2025-02-25,32309.0,CELLERA CL 514,Consumidor Livre,SUDESTE,27.6,18.268657
202502.0,2025-02-26,32309.0,CELLERA CL 514,Consumidor Livre,SUDESTE,27.6,18.676962
202502.0,2025-02-27,32309.0,CELLERA CL 514,Consumidor Livre,SUDESTE,27.6,18.221915
202502.0,2025-02-28,32309.0,CELLERA CL 514,Consumidor Livre,SUDESTE,27.6,17.881662
202503.0,2025-03-01,32309.0,CELLERA CL 514,Consumidor Livre,SUDESTE,27.6,15.433636
202503.0,2025-03-02,32309.0,CELLERA CL 514,Consumidor Livre,SUDESTE,27.6,15.091789
202503.0,2025-03-03,32309.0,CELLERA CL 514,Consumidor Livre,SUDESTE,27.6,15.33011
202503.0,2025-03-04,32309.0,CELLERA CL 514,Consumidor Livre,SUDESTE,27.6,15.144794
202503.0,2025-03-05,32309.0,CELLERA CL 514,Consumidor Livre,SUDESTE,27.6,17.059064
202503.0,2025-03-06,32309.0,CELLERA CL 514,Consumidor Livre,SUDESTE,27.6,17.439242
202503.0,2025-03-07,32309.0,CELLERA CL 514,Consumidor Livre,SUDESTE,27.6,17.630352
202503.0,2025-03-08,32309.0,CELLERA CL 514,Consumidor Livre,SUDESTE,27.6,16.310913
202503.0,2025-03-09,32309.0,CELLERA CL 514,Consumidor Livre,SUDESTE,27.6,15.28857
202503.0,2025-03-10,32309.0,CELLERA CL 514,Consumidor Livre,SUDESTE,27.6,17.513572
202503.0,2025-03-11,32309.0,CELLERA CL 514,Consumidor Livre,SUDESTE,27.6,18.53154
202503.0,2025-03-12,32309.0,CELLERA CL 514,Consumidor Livre,SUDESTE,27.6,18.082156
202503.0,2025-03-13,32309.0,CELLERA CL 514,Consumidor Livre,SUDESTE,27.6,18.96642
202503.0,2025-03-14,32309.0,CELLERA CL 514,Consumidor Livre,SUDESTE,27.6,19.442293
202503.0,2025-03-15,32309.0,CELLERA CL 514,Consumidor Livre,SUDESTE,27.6,18.392104
202503.0,2025-03-16,32309.0,CELLERA CL 514,Consumidor Livre,SUDESTE,27.6,16.57535
202503.0,2025-03-17,32309.0,CELLERA CL 514,Consumidor Livre,SUDESTE,27.6,20.637036
202503.0,2025-03-18,32309.0,CELLERA CL 514,Consumidor Livre,SUDESTE,27.6,20.552741
202503.0,2025-03-19,32309.0,CELLERA CL 514,Consumidor Livre,SUDESTE,27.6,19.116631
202503.0,2025-03-20,32309.0,CELLERA CL 514,Consumidor Livre,SUDESTE,27.6,19.30944
202503.0,2025-03-21,32309.0,CELLERA CL 514,Consumidor Livre,SUDESTE,27.6,19.677332
202503.0,2025-03-22,32309.0,CELLERA CL 514,Consumidor Livre,SUDESTE,27.6,19.32074
202503.0,2025-03-23,32309.0,CELLERA CL 514,Consumidor Livre,SUDESTE,27.6,16.347443
202503.0,2025-03-24,32309.0,CELLERA CL 514,Consumidor Livre,SUDESTE,27.6,18.175272
202503.0,2025-03-25,32309.0,CELLERA CL 514,Consumidor Livre,SUDESTE,27.6,19.405003
202503.0,2025-03-26,32309.0,CELLERA CL 514,Consumidor Livre,SUDESTE,27.6,19.454886
202503.0,2025-03-27,32309.0,CELLERA CL 514,Consumidor Livre,SUDESTE,27.6,19.494718
202503.0,2025-03-28,32309.0,CELLERA CL 514,Consumidor Livre,SUDESTE,27.6,20.158352
202503.0,2025-03-29,32309.0,CELLERA CL 514,Consumidor Livre,SUDESTE,27.6,18.490983
202503.0,2025-03-30,32309.0,CELLERA CL 514,Consumidor Livre,SUDESTE,27.6,17.73179
202503.0,2025-03-31,32309.0,CELLERA CL 514,Consumidor Livre,SUDESTE,27.6,18.432638
202504.0,2025-04-01,32309.0,CELLERA CL 514,Consumidor Livre,SUDESTE,27.6,19.049478
202504.0,2025-04-02,32309.0,CELLERA CL 514,Consumidor Livre,SUDESTE,27.6,20.612457
202504.0,2025-04-03,32309.0,CELLERA CL 514,Consumidor Livre,SUDESTE,27.6,19.804317
202504.0,2025-04-04,32309.0,CELLERA CL 514,Consumidor Livre,SUDESTE,27.6,18.14601
202504.0,2025-04-05,32309.0,CELLERA CL 514,Consumidor Livre,SUDESTE,27.6,16.228824
202504.0,2025-04-06,32309.0,CELLERA CL 514,Consumidor Livre,SUDESTE,27.6,14.483034
202504.0,2025-04-07,32309.0,CELLERA CL 514,Consumidor Livre,SUDESTE,27.6,16.295649
202504.0,2025-04-08,32309.0,CELLERA CL 514,Consumidor Livre,SUDESTE,27.6,16.936574
202504.0,2025-04-09,32309.0,CELLERA CL 514,Consumidor Livre,SUDESTE,27.6,16.946725
202504.0,2025-04-10,32309.0,CELLERA CL 514,Consumidor Livre,SUDESTE,27.6,16.820353
202504.0,2025-04-11,32309.0,CELLERA CL 514,Consumidor Livre,SUDESTE,27.6,16.548394000000002
202504.0,2025-04-12,32309.0,CELLERA CL 514,Consumidor Livre,SUDESTE,27.6,15.886973
202504.0,2025-04-13,32309.0,CELLERA CL 514,Consumidor Livre,SUDESTE,27.6,14.84714
202504.0,2025-04-14,32309.0,CELLERA CL 514,Consumidor Livre,SUDESTE,27.6,17.220936
202504.0,2025-04-15,32309.0,CELLERA CL 514,Consumidor Livre,SUDESTE,27.6,16.782526
202504.0,2025-04-16,32309.0,CELLERA CL 514,Consumidor Livre,SUDESTE,27.6,17.051048
202504.0,2025-04-17,32309.0,CELLERA CL 514,Consumidor Livre,SUDESTE,27.6,16.922838
202504.0,2025-04-18,32309.0,CELLERA CL 514,Consumidor Livre,SUDESTE,27.6,15.753911
202504.0,2025-04-19,32309.0,CELLERA CL 514,Consumidor Livre,SUDESTE,27.6,15.316792
202504.0,2025-04-20,32309.0,CELLERA CL 514,Consumidor Livre,SUDESTE,27.6,14.442842
202504.0,2025-04-21,32309.0,CELLERA CL 514,Consumidor Livre,SUDESTE,27.6,14.952445
202504.0,2025-04-22,32309.0,CELLERA CL 514,Consumidor Livre,SUDESTE,27.6,16.002318
202504.0,2025-04-23,32309.0,CELLERA CL 514,Consumidor Livre,SUDESTE,27.6,16.894662
202504.0,2025-04-24,32309.0,CELLERA CL 514,Consumidor Livre,SUDESTE,27.6,17.06411
202504.0,2025-04-25,32309.0,CELLERA CL 514,Consumidor Livre,SUDESTE,27.6,16.667808
202504.0,2025-04-26,32309.0,CELLERA CL 514,Consumidor Livre,SUDESTE,27.6,15.978137
202504.0,2025-04-27,32309.0,CELLERA CL 514,Consumidor Livre,SUDESTE,27.6,15.070057
202504.0,2025-04-28,32309.0,CELLERA CL 514,Consumidor Livre,SUDESTE,27.6,16.873037
202504.0,2025-04-29,32309.0,CELLERA CL 514,Consumidor Livre,SUDESTE,27.6,16.622277
202504.0,2025-04-30,32309.0,CELLERA CL 514,Consumidor Livre,SUDESTE,27.6,16.354468
202505.0,2025-05-01,32309.0,CELLERA CL 514,Consumidor Livre,SUDESTE,27.6,16.359713
202505.0,2025-05-02,32309.0,CELLERA CL 514,Consumidor Livre,SUDESTE,27.6,16.041323
202505.0,2025-05-03,32309.0,CELLERA CL 514,Consumidor Livre,SUDESTE,27.6,14.163239
202505.0,2025-05-04,32309.0,CELLERA CL 514,Consumidor Livre,SUDESTE,27.6,13.773523
202505.0,2025-05-05,32309.0,CELLERA CL 514,Consumidor Livre,SUDESTE,27.6,16.356264
202505.0,2025-05-06,32309.0,CELLERA CL 514,Consumidor Livre,SUDESTE,27.6,16.567721
202505.0,2025-05-07,32309.0,CELLERA CL 514,Consumidor Livre,SUDESTE,27.6,17.349125
202505.0,2025-05-08,32309.0,CELLERA CL 514,Consumidor Livre,SUDESTE,27.6,17.478676
202505.0,2025-05-09,32309.0,CELLERA CL 514,Consumidor Livre,SUDESTE,27.6,18.113199
202505.0,2025-05-10,32309.0,CELLERA CL 514,Consumidor Livre,SUDESTE,27.6,15.741183
202505.0,2025-05-11,32309.0,CELLERA CL 514,Consumidor Livre,SUDESTE,27.6,13.409934
202505.0,2025-05-12,32309.0,CELLERA CL 514,Consumidor Livre,SUDESTE,27.6,15.719977
202505.0,2025-05-13,32309.0,CELLERA CL 514,Consumidor Livre,SUDESTE,27.6,15.892547
202505.0,2025-05-14,32309.0,CELLERA CL 514,Consumidor Livre,SUDESTE,27.6,15.662635
202505.0,2025-05-15,32309.0,CELLERA CL 514,Consumidor Livre,SUDESTE,27.6,15.65713
202505.0,2025-05-16,32309.0,CELLERA CL 514,Consumidor Livre,SUDESTE,27.6,15.993585
202505.0,2025-05-17,32309.0,CELLERA CL 514,Consumidor Livre,SUDESTE,27.6,14.906596
202505.0,2025-05-18,32309.0,CELLERA CL 514,Consumidor Livre,SUDESTE,27.6,13.834147
202505.0,2025-05-19,32309.0,CELLERA CL 514,Consumidor Livre,SUDESTE,27.6,16.249328
202505.0,2025-05-20,32309.0,CELLERA CL 514,Consumidor Livre,SUDESTE,27.6,16.730085
202505.0,2025-05-21,32309.0,CELLERA CL 514,Consumidor Livre,SUDESTE,27.6,17.175817
202505.0,2025-05-22,32309.0,CELLERA CL 514,Consumidor Livre,SUDESTE,27.6,17.148711
202505.0,2025-05-23,32309.0,CELLERA CL 514,Consumidor Livre,SUDESTE,27.6,16.576656
202505.0,2025-05-24,32309.0,CELLERA CL 514,Consumidor Livre,SUDESTE,27.6,15.254549
202505.0,2025-05-25,32309.0,CELLERA CL 514,Consumidor Livre,SUDESTE,27.6,14.202784
202505.0,2025-05-26,32309.0,CELLERA CL 514,Consumidor Livre,SUDESTE,27.6,16.214032
202505.0,2025-05-27,32309.0,CELLERA CL 514,Consumidor Livre,SUDESTE,27.6,16.042502
202505.0,2025-05-28,32309.0,CELLERA CL 514,Consumidor Livre,SUDESTE,27.6,16.176275
202505.0,2025-05-29,32309.0,CELLERA CL 514,Consumidor Livre,SUDESTE,27.6,15.483213
202505.0,2025-05-30,32309.0,CELLERA CL 514,Consumidor Livre,SUDESTE,27.6,14.362838
202505.0,2025-05-31,32309.0,CELLERA CL 514,Consumidor Livre,SUDESTE,27.6,13.782617
202506.0,2025-06-01,32309.0,CELLERA CL 514,Consumidor Livre,SUDESTE,27.6,13.408813
202506.0,2025-06-02,32309.0,CELLERA CL 514,Consumidor Livre,SUDESTE,27.6,15.095908
202506.0,2025-06-03,32309.0,CELLERA CL 514,Consumidor Livre,SUDESTE,27.6,15.19882
202506.0,2025-06-04,32309.0,CELLERA CL 514,Consumidor Livre,SUDESTE,27.6,15.64025
202506.0,2025-06-05,32309.0,CELLERA CL 514,Consumidor Livre,SUDESTE,27.6,15.92682
202506.0,2025-06-06,32309.0,CELLERA CL 514,Consumidor Livre,SUDESTE,27.6,15.191811
202506.0,2025-06-07,32309.0,CELLERA CL 514,Consumidor Livre,SUDESTE,27.6,14.495019
202506.0,2025-06-08,32309.0,CELLERA CL 514,Consumidor Livre,SUDESTE,27.6,13.225338
202506.0,2025-06-09,32309.0,CELLERA CL 514,Consumidor Livre,SUDESTE,27.6,15.017253
202506.0,2025-06-10,32309.0,CELLERA CL 514,Consumidor Livre,SUDESTE,27.6,15.053159
202506.0,2025-06-11,32309.0,CELLERA CL 514,Consumidor Livre,SUDESTE,27.6,14.559153
202506.0,2025-06-12,32309.0,CELLERA CL 514,Consumidor Livre,SUDESTE,27.6,14.419429
202506.0,2025-06-13,32309.0,CELLERA CL 514,Consumidor Livre,SUDESTE,27.6,15.104337
202506.0,2025-06-14,32309.0,CELLERA CL 514,Consumidor Livre,SUDESTE,27.6,13.848618
202506.0,2025-06-15,32309.0,CELLERA CL 514,Consumidor Livre,SUDESTE,27.6,12.911551
202506.0,2025-06-16,32309.0,CELLERA CL 514,Consumidor Livre,SUDESTE,27.6,14.676798
202506.0,2025-06-17,32309.0,CELLERA CL 514,Consumidor Livre,SUDESTE,27.6,15.252398
202506.0,2025-06-18,32309.0,CELLERA CL 514,Consumidor Livre,SUDESTE,27.6,16.15732
202506.0,2025-06-19,32309.0,CELLERA CL 514,Consumidor Livre,SUDESTE,27.6,14.92271
202506.0,2025-06-20,32309.0,CELLERA CL 514,Consumidor Livre,SUDESTE,27.6,15.455806
202506.0,2025-06-21,32309.0,CELLERA CL 514,Consumidor Livre,SUDESTE,27.6,14.132122
202506.0,2025-06-22,32309.0,CELLERA CL 514,Consumidor Livre,SUDESTE,27.6,9.076213
202506.0,2025-06-23,32309.0,CELLERA CL 514,Consumidor Livre,SUDESTE,27.6,14.428249
202506.0,2025-06-24,32309.0,CELLERA CL 514,Consumidor Livre,SUDESTE,27.6,13.800677
202506.0,2025-06-25,32309.0,CELLERA CL 514,Consumidor Livre,SUDESTE,27.6,13.311965
202506.0,2025-06-26,32309.0,CELLERA CL 514,Consumidor Livre,SUDESTE,27.6,14.185797
202506.0,2025-06-27,32309.0,CELLERA CL 514,Consumidor Livre,SUDESTE,27.6,14.539554
202506.0,2025-06-28,32309.0,CELLERA CL 514,Consumidor Livre,SUDESTE,27.6,13.25682
202506.0,2025-06-29,32309.0,CELLERA CL 514,Consumidor Livre,SUDESTE,27.6,12.89512
202506.0,2025-06-30,32309.0,CELLERA CL 514,Consumidor Livre,SUDESTE,27.6,14.877198
202507.0,2025-07-01,32309.0,CELLERA CL 514,Consumidor Livre,SUDESTE,27.6,15.185371
202507.0,2025-07-02,32309.0,CELLERA CL 514,Consumidor Livre,SUDESTE,27.6,15.126883
202507.0,2025-07-03,32309.0,CELLERA CL 514,Consumidor Livre,SUDESTE,27.6,15.20624
202507.0,2025-07-04,32309.0,CELLERA CL 514,Consumidor Livre,SUDESTE,27.6,13.685053
202507.0,2025-07-05,32309.0,CELLERA CL 514,Consumidor Livre,SUDESTE,27.6,12.60685
202507.0,2025-07-06,32309.0,CELLERA CL 514,Consumidor Livre,SUDESTE,27.6,12.371164
202507.0,2025-07-07,32309.0,CELLERA CL 514,Consumidor Livre,SUDESTE,27.6,14.47715
202507.0,2025-07-08,32309.0,CELLERA CL 514,Consumidor Livre,SUDESTE,27.6,14.858405
202507.0,2025-07-09,32309.0,CELLERA CL 514,Consumidor Livre,SUDESTE,27.6,15.274366
202507.0,2025-07-10,32309.0,CELLERA CL 514,Consumidor Livre,SUDESTE,27.6,15.576508
202507.0,2025-07-11,32309.0,CELLERA CL 514,Consumidor Livre,SUDESTE,27.6,15.89343
202507.0,2025-07-12,32309.0,CELLERA CL 514,Consumidor Livre,SUDESTE,27.6,14.431841
202507.0,2025-07-13,32309.0,CELLERA CL 514,Consumidor Livre,SUDESTE,27.6,13.947443
202507.0,2025-07-14,32309.0,CELLERA CL 514,Consumidor Livre,SUDESTE,27.6,15.813869
202507.0,2025-07-15,32309.0,CELLERA CL 514,Consumidor Livre,SUDESTE,27.6,16.023872
202507.0,2025-07-16,32309.0,CELLERA CL 514,Consumidor Livre,SUDESTE,27.6,15.638067
202507.0,2025-07-17,32309.0,CELLERA CL 514,Consumidor Livre,SUDESTE,27.6,15.796423
202507.0,2025-07-18,32309.0,CELLERA CL 514,Consumidor Livre,SUDESTE,27.6,16.257359
202507.0,2025-07-19,32309.0,CELLERA CL 514,Consumidor Livre,SUDESTE,27.6,14.768205
202507.0,2025-07-20,32309.0,CELLERA CL 514,Consumidor Livre,SUDESTE,27.6,14.038119
202507.0,2025-07-21,32309.0,CELLERA CL 514,Consumidor Livre,SUDESTE,27.6,15.550455
202507.0,2025-07-22,32309.0,CELLERA CL 514,Consumidor Livre,SUDESTE,27.6,15.389091
202507.0,2025-07-23,32309.0,CELLERA CL 514,Consumidor Livre,SUDESTE,27.6,15.275695
202507.0,2025-07-24,32309.0,CELLERA CL 514,Consumidor Livre,SUDESTE,27.6,15.780503
202507.0,2025-07-25,32309.0,CELLERA CL 514,Consumidor Livre,SUDESTE,27.6,15.723864
202507.0,2025-07-26,32309.0,CELLERA CL 514,Consumidor Livre,SUDESTE,27.6,14.300495
202507.0,2025-07-27,32309.0,CELLERA CL 514,Consumidor Livre,SUDESTE,27.6,13.511051
202507.0,2025-07-28,32309.0,CELLERA CL 514,Consumidor Livre,SUDESTE,27.6,15.845505
202507.0,2025-07-29,32309.0,CELLERA CL 514,Consumidor Livre,SUDESTE,27.6,15.987174
202507.0,2025-07-30,32309.0,CELLERA CL 514,Consumidor Livre,SUDESTE,27.6,15.641055
202507.0,2025-07-31,32309.0,CELLERA CL 514,Consumidor Livre,SUDESTE,27.6,15.532233
202508.0,2025-08-01,32309.0,CELLERA CL 514,Consumidor Livre,SUDESTE,27.6,15.638132
202508.0,2025-08-02,32309.0,CELLERA CL 514,Consumidor Livre,SUDESTE,27.6,14.829824
202508.0,2025-08-03,32309.0,CELLERA CL 514,Consumidor Livre,SUDESTE,27.6,13.463828
202508.0,2025-08-04,32309.0,CELLERA CL 514,Consumidor Livre,SUDESTE,27.6,15.211859
202508.0,2025-08-05,32309.0,CELLERA CL 514,Consumidor Livre,SUDESTE,27.6,15.211556
202508.0,2025-08-06,32309.0,CELLERA CL 514,Consumidor Livre,SUDESTE,27.6,14.873295
202508.0,2025-08-07,32309.0,CELLERA CL 514,Consumidor Livre,SUDESTE,27.6,15.398161
202508.0,2025-08-08,32309.0,CELLERA CL 514,Consumidor Livre,SUDESTE,27.6,15.061375
202508.0,2025-08-09,32309.0,CELLERA CL 514,Consumidor Livre,SUDESTE,27.6,13.435659
202508.0,2025-08-10,32309.0,CELLERA CL 514,Consumidor Livre,SUDESTE,27.6,12.599709
202508.0,2025-08-11,32309.0,CELLERA CL 514,Consumidor Livre,SUDESTE,27.6,14.698288
202508.0,2025-08-12,32309.0,CELLERA CL 514,Consumidor Livre,SUDESTE,27.6,14.453031
202508.0,2025-08-13,32309.0,CELLERA CL 514,Consumidor Livre,SUDESTE,27.6,15.039083
202508.0,2025-08-14,32309.0,CELLERA CL 514,Consumidor Livre,SUDESTE,27.6,15.077411
202508.0,2025-08-15,32309.0,CELLERA CL 514,Consumidor Livre,SUDESTE,27.6,14.742927
202508.0,2025-08-16,32309.0,CELLERA CL 514,Consumidor Livre,SUDESTE,27.6,14.214248
202508.0,2025-08-17,32309.0,CELLERA CL 514,Consumidor Livre,SUDESTE,27.6,13.973067
202508.0,2025-08-18,32309.0,CELLERA CL 514,Consumidor Livre,SUDESTE,27.6,15.56514
202508.0,2025-08-19,32309.0,CELLERA CL 514,Consumidor Livre,SUDESTE,27.6,15.624199
202508.0,2025-08-20,32309.0,CELLERA CL 514,Consumidor Livre,SUDESTE,27.6,16.422875
202508.0,2025-08-21,32309.0,CELLERA CL 514,Consumidor Livre,SUDESTE,27.6,17.136906
202508.0,2025-08-22,32309.0,CELLERA CL 514,Consumidor Livre,SUDESTE,27.6,17.394452
202508.0,2025-08-23,32309.0,CELLERA CL 514,Consumidor Livre,SUDESTE,27.6,15.919672
202508.0,2025-08-24,32309.0,CELLERA CL 514,Consumidor Livre,SUDESTE,27.6,14.253625
202508.0,2025-08-25,32309.0,CELLERA CL 514,Consumidor Livre,SUDESTE,27.6,16.173431
202508.0,2025-08-26,32309.0,CELLERA CL 514,Consumidor Livre,SUDESTE,27.6,15.980597
202508.0,2025-08-27,32309.0,CELLERA CL 514,Consumidor Livre,SUDESTE,27.6,16.391272
202508.0,2025-08-28,32309.0,CELLERA CL 514,Consumidor Livre,SUDESTE,27.6,16.89563
202508.0,2025-08-29,32309.0,CELLERA CL 514,Consumidor Livre,SUDESTE,27.6,16.670703
202508.0,2025-08-30,32309.0,CELLERA CL 514,Consumidor Livre,SUDESTE,27.6,15.010843
202508.0,2025-08-31,32309.0,CELLERA CL 514,Consumidor Livre,SUDESTE,27.6,14.545197
