MES_REFERENCIA,DATA,CODIGO_PERFIL_AGENTE,SIGLA_PERFIL_AGENTE,CLASSE_PERFIL_AGENTE,SUBMERCADO,CAPACIDADE_CARGA,CONSUMO_CARGA_ACL
,2023-03-01,54474,CONFOR,Consumidor Livre,SUDESTE,12.0,2.662156
,2023-03-02,54474,CONFOR,Consumidor Livre,SUDESTE,12.0,3.047296
,2023-03-03,54474,CONFOR,Consumidor Livre,SUDESTE,12.0,2.105376
,2023-03-04,54474,CONFOR,Consumidor Livre,SUDESTE,12.0,0.68465
,2023-03-05,54474,CONFOR,Consumidor Livre,SUDESTE,12.0,0.285917
,2023-03-06,54474,CONFOR,Consumidor Livre,SUDESTE,12.0,3.119124
,2023-03-07,54474,CONFOR,Consumidor Livre,SUDESTE,12.0,2.930804
,2023-03-08,54474,CONFOR,Consumidor Livre,SUDESTE,12.0,2.852647
,2023-03-09,54474,CONFOR,Consumidor Livre,SUDESTE,12.0,3.01229
,2023-03-10,54474,CONFOR,Consumidor Livre,SUDESTE,12.0,3.133442
,2023-03-11,54474,CONFOR,Consumidor Livre,SUDESTE,12.0,0.99763
,2023-03-12,54474,CONFOR,Consumidor Livre,SUDESTE,12.0,0.289414
,2023-03-13,54474,CONFOR,Consumidor Livre,SUDESTE,12.0,2.82393
,2023-03-14,54474,CONFOR,Consumidor Livre,SUDESTE,12.0,2.889755
,2023-03-15,54474,CONFOR,Consumidor Livre,SUDESTE,12.0,3.178306
,2023-03-16,54474,CONFOR,Consumidor Livre,SUDESTE,12.0,3.033937
,2023-03-17,54474,CONFOR,Consumidor Livre,SUDESTE,12.0,2.407328
,2023-03-18,54474,CONFOR,Consumidor Livre,SUDESTE,12.0,0.688325
,2023-03-19,54474,CONFOR,Consumidor Livre,SUDESTE,12.0,0.35896
,2023-03-20,54474,CONFOR,Consumidor Livre,SUDESTE,12.0,2.958166
,2023-03-21,54474,CONFOR,Consumidor Livre,SUDESTE,12.0,3.59385
,2023-03-22,54474,CONFOR,Consumidor Livre,SUDESTE,12.0,3.753452
,2023-03-23,54474,CONFOR,Consumidor Livre,SUDESTE,12.0,3.138143
,2023-03-24,54474,CONFOR,Consumidor Livre,SUDESTE,12.0,2.523375
,2023-03-25,54474,CONFOR,Consumidor Livre,SUDESTE,12.0,0.92763
,2023-03-26,54474,CONFOR,Consumidor Livre,SUDESTE,12.0,0.281558
,2023-03-27,54474,CONFOR,Consumidor Livre,SUDESTE,12.0,3.351852
,2023-03-28,54474,CONFOR,Consumidor Livre,SUDESTE,12.0,2.877992
,2023-03-29,54474,CONFOR,Consumidor Livre,SUDESTE,12.0,3.481358
,2023-03-30,54474,CONFOR,Consumidor Livre,SUDESTE,12.0,1.778398
,2023-03-31,54474,CONFOR,Consumidor Livre,SUDESTE,12.0,3.237639
,2023-04-01,54474,CONFOR,Consumidor Livre,SUDESTE,12.0,1.388331
,2023-04-02,54474,CONFOR,Consumidor Livre,SUDESTE,12.0,0.275385
,2023-04-03,54474,CONFOR,Consumidor Livre,SUDESTE,12.0,3.170399
,2023-04-04,54474,CONFOR,Consumidor Livre,SUDESTE,12.0,3.103965
,2023-04-05,54474,CONFOR,Consumidor Livre,SUDESTE,12.0,3.52957
,2023-04-06,54474,CONFOR,Consumidor Livre,SUDESTE,12.0,3.468427
,2023-04-07,54474,CONFOR,Consumidor Livre,SUDESTE,12.0,0.293427
,2023-04-08,54474,CONFOR,Consumidor Livre,SUDESTE,12.0,1.169003
,2023-04-09,54474,CONFOR,Consumidor Livre,SUDESTE,12.0,0.252096
,2023-04-10,54474,CONFOR,Consumidor Livre,SUDESTE,12.0,3.194521
,2023-04-11,54474,CONFOR,Consumidor Livre,SUDESTE,12.0,3.364491
,2023-04-12,54474,CONFOR,Consumidor Livre,SUDESTE,12.0,3.611519
,2023-04-13,54474,CONFOR,Consumidor Livre,SUDESTE,12.0,3.532422
,2023-04-14,54474,CONFOR,Consumidor Livre,SUDESTE,12.0,3.179064
,2023-04-15,54474,CONFOR,Consumidor Livre,SUDESTE,12.0,0.938151
,2023-04-16,54474,CONFOR,Consumidor Livre,SUDESTE,12.0,0.296027
,2023-04-17,54474,CONFOR,Consumidor Livre,SUDESTE,12.0,3.32433
,2023-04-18,54474,CONFOR,Consumidor Livre,SUDESTE,12.0,3.377955
,2023-04-19,54474,CONFOR,Consumidor Livre,SUDESTE,12.0,3.176228
,2023-04-20,54474,CONFOR,Consumidor Livre,SUDESTE,12.0,3.008348
,2023-04-21,54474,CONFOR,Consumidor Livre,SUDESTE,12.0,0.289215
,2023-04-22,54474,CONFOR,Consumidor Livre,SUDESTE,12.0,0.661002
,2023-04-23,54474,CONFOR,Consumidor Livre,SUDESTE,12.0,0.285228
,2023-04-24,54474,CONFOR,Consumidor Livre,SUDESTE,12.0,3.373593
,2023-04-25,54474,CONFOR,Consumidor Livre,SUDESTE,12.0,3.624211
,2023-04-26,54474,CONFOR,Consumidor Livre,SUDESTE,12.0,3.0161
,2023-04-27,54474,CONFOR,Consumidor Livre,SUDESTE,12.0,1.61593
,2023-04-28,54474,CONFOR,Consumidor Livre,SUDESTE,12.0,2.611966
,2023-04-29,54474,CONFOR,Consumidor Livre,SUDESTE,12.0,1.076076
,2023-04-30,54474,CONFOR,Consumidor Livre,SUDESTE,12.0,0.483777
,2023-05-01,54474,CONFOR,Consumidor Livre,SUDESTE,12.0,0.359451
,2023-05-02,54474,CONFOR,Consumidor Livre,SUDESTE,12.0,3.355808
,2023-05-03,54474,CONFOR,Consumidor Livre,SUDESTE,12.0,3.106549
,2023-05-04,54474,CONFOR,Consumidor Livre,SUDESTE,12.0,3.712045
,2023-05-05,54474,CONFOR,Consumidor Livre,SUDESTE,12.0,3.355854
,2023-05-06,54474,CONFOR,Consumidor Livre,SUDESTE,12.0,1.384423
,2023-05-07,54474,CONFOR,Consumidor Livre,SUDESTE,12.0,0.29256
,2023-05-08,54474,CONFOR,Consumidor Livre,SUDESTE,12.0,3.506223
,2023-05-09,54474,CONFOR,Consumidor Livre,SUDESTE,12.0,3.161828
,2023-05-10,54474,CONFOR,Consumidor Livre,SUDESTE,12.0,3.402274
,2023-05-11,54474,CONFOR,Consumidor Livre,SUDESTE,12.0,3.295968
,2023-05-12,54474,CONFOR,Consumidor Livre,SUDESTE,12.0,3.074325
,2023-05-13,54474,CONFOR,Consumidor Livre,SUDESTE,12.0,0.311354
,2023-05-14,54474,CONFOR,Consumidor Livre,SUDESTE,12.0,0.276451
,2023-05-15,54474,CONFOR,Consumidor Livre,SUDESTE,12.0,2.966023
,2023-05-16,54474,CONFOR,Consumidor Livre,SUDESTE,12.0,2.715657
,2023-05-17,54474,CONFOR,Consumidor Livre,SUDESTE,12.0,3.54364
,2023-05-18,54474,CONFOR,Consumidor Livre,SUDESTE,12.0,3.286979
,2023-05-19,54474,CONFOR,Consumidor Livre,SUDESTE,12.0,3.36731
,2023-05-20,54474,CONFOR,Consumidor Livre,SUDESTE,12.0,0.876553
,2023-05-21,54474,CONFOR,Consumidor Livre,SUDESTE,12.0,0.267569
,2023-05-22,54474,CONFOR,Consumidor Livre,SUDESTE,12.0,3.510708
,2023-05-23,54474,CONFOR,Consumidor Livre,SUDESTE,12.0,3.357278
,2023-05-24,54474,CONFOR,Consumidor Livre,SUDESTE,12.0,3.426152
,2023-05-25,54474,CONFOR,Consumidor Livre,SUDESTE,12.0,3.183383
,2023-05-26,54474,CONFOR,Consumidor Livre,SUDESTE,12.0,2.598199
,2023-05-27,54474,CONFOR,Consumidor Livre,SUDESTE,12.0,0.791378
,2023-05-28,54474,CONFOR,Consumidor Livre,SUDESTE,12.0,0.313937
,2023-05-29,54474,CONFOR,Consumidor Livre,SUDESTE,12.0,3.302421
,2023-05-30,54474,CONFOR,Consumidor Livre,SUDESTE,12.0,3.159226
,2023-05-31,54474,CONFOR,Consumidor Livre,SUDESTE,12.0,3.094888
,2023-06-01,54474,CONFOR,Consumidor Livre,SUDESTE,12.0,2.688249
,2023-06-02,54474,CONFOR,Consumidor Livre,SUDESTE,12.0,2.915374
,2023-06-03,54474,CONFOR,Consumidor Livre,SUDESTE,12.0,0.717536
,2023-06-04,54474,CONFOR,Consumidor Livre,SUDESTE,12.0,0.297489
,2023-06-05,54474,CONFOR,Consumidor Livre,SUDESTE,12.0,3.018647
,2023-06-06,54474,CONFOR,Consumidor Livre,SUDESTE,12.0,1.698248
,2023-06-07,54474,CONFOR,Consumidor Livre,SUDESTE,12.0,3.125978
,2023-06-08,54474,CONFOR,Consumidor Livre,SUDESTE,12.0,0.313952
,2023-06-09,54474,CONFOR,Consumidor Livre,SUDESTE,12.0,0.788856
,2023-06-10,54474,CONFOR,Consumidor Livre,SUDESTE,12.0,0.275211
,2023-06-11,54474,CONFOR,Consumidor Livre,SUDESTE,12.0,0.29122
,2023-06-12,54474,CONFOR,Consumidor Livre,SUDESTE,12.0,3.27125
,2023-06-13,54474,CONFOR,Consumidor Livre,SUDESTE,12.0,3.427148
,2023-06-14,54474,CONFOR,Consumidor Livre,SUDESTE,12.0,3.607975
,2023-06-15,54474,CONFOR,Consumidor Livre,SUDESTE,12.0,3.727665
,2023-06-16,54474,CONFOR,Consumidor Livre,SUDESTE,12.0,3.363133
,2023-06-17,54474,CONFOR,Consumidor Livre,SUDESTE,12.0,0.304949
,2023-06-18,54474,CONFOR,Consumidor Livre,SUDESTE,12.0,0.315983
,2023-06-19,54474,CONFOR,Consumidor Livre,SUDESTE,12.0,3.381184
,2023-06-20,54474,CONFOR,Consumidor Livre,SUDESTE,12.0,3.803815
,2023-06-21,54474,CONFOR,Consumidor Livre,SUDESTE,12.0,3.44693
,2023-06-22,54474,CONFOR,Consumidor Livre,SUDESTE,12.0,3.355766
,2023-06-23,54474,CONFOR,Consumidor Livre,SUDESTE,12.0,2.717017
,2023-06-24,54474,CONFOR,Consumidor Livre,SUDESTE,12.0,0.536421
,2023-06-25,54474,CONFOR,Consumidor Livre,SUDESTE,12.0,0.286992
,2023-06-26,54474,CONFOR,Consumidor Livre,SUDESTE,12.0,3.469755
,2023-06-27,54474,CONFOR,Consumidor Livre,SUDESTE,12.0,3.674494
,2023-06-28,54474,CONFOR,Consumidor Livre,SUDESTE,12.0,3.696684
,2023-06-29,54474,CONFOR,Consumidor Livre,SUDESTE,12.0,3.20039
,2023-06-30,54474,CONFOR,Consumidor Livre,SUDESTE,12.0,3.261942
,2023-07-01,54474,CONFOR,Consumidor Livre,SUDESTE,12.0,0.388583
,2023-07-02,54474,CONFOR,Consumidor Livre,SUDESTE,12.0,0.376493
,2023-07-03,54474,CONFOR,Consumidor Livre,SUDESTE,12.0,3.224962
,2023-07-04,54474,CONFOR,Consumidor Livre,SUDESTE,12.0,3.738726
,2023-07-05,54474,CONFOR,Consumidor Livre,SUDESTE,12.0,3.704166
,2023-07-06,54474,CONFOR,Consumidor Livre,SUDESTE,12.0,3.52047
,2023-07-07,54474,CONFOR,Consumidor Livre,SUDESTE,12.0,3.274032
,2023-07-08,54474,CONFOR,Consumidor Livre,SUDESTE,12.0,0.878656
,2023-07-09,54474,CONFOR,Consumidor Livre,SUDESTE,12.0,0.415879
,2023-07-10,54474,CONFOR,Consumidor Livre,SUDESTE,12.0,3.757727
,2023-07-11,54474,CONFOR,Consumidor Livre,SUDESTE,12.0,3.228678
,2023-07-12,54474,CONFOR,Consumidor Livre,SUDESTE,12.0,2.865499
,2023-07-13,54474,CONFOR,Consumidor Livre,SUDESTE,12.0,3.370887
,2023-07-14,54474,CONFOR,Consumidor Livre,SUDESTE,12.0,3.236748
,2023-07-15,54474,CONFOR,Consumidor Livre,SUDESTE,12.0,0.784884
,2023-07-16,54474,CONFOR,Consumidor Livre,SUDESTE,12.0,0.496242
,2023-07-17,54474,CONFOR,Consumidor Livre,SUDESTE,12.0,3.171978
,2023-07-18,54474,CONFOR,Consumidor Livre,SUDESTE,12.0,3.720272
,2023-07-19,54474,CONFOR,Consumidor Livre,SUDESTE,12.0,3.513717
,2023-07-20,54474,CONFOR,Consumidor Livre,SUDESTE,12.0,3.080128
,2023-07-21,54474,CONFOR,Consumidor Livre,SUDESTE,12.0,3.255567
,2023-07-22,54474,CONFOR,Consumidor Livre,SUDESTE,12.0,0.977994
,2023-07-23,54474,CONFOR,Consumidor Livre,SUDESTE,12.0,0.376545
,2023-07-24,54474,CONFOR,Consumidor Livre,SUDESTE,12.0,3.664778
,2023-07-25,54474,CONFOR,Consumidor Livre,SUDESTE,12.0,3.303246
,2023-07-26,54474,CONFOR,Consumidor Livre,SUDESTE,12.0,2.608986
,2023-07-27,54474,CONFOR,Consumidor Livre,SUDESTE,12.0,2.662842
,2023-07-28,54474,CONFOR,Consumidor Livre,SUDESTE,12.0,2.25812
,2023-07-29,54474,CONFOR,Consumidor Livre,SUDESTE,12.0,0.778852
,2023-07-30,54474,CONFOR,Consumidor Livre,SUDESTE,12.0,0.495429
,2023-07-31,54474,CONFOR,Consumidor Livre,SUDESTE,12.0,2.578099
,2023-08-01,54474,CONFOR,Consumidor Livre,SUDESTE,12.0,2.643579
,2023-08-02,54474,CONFOR,Consumidor Livre,SUDESTE,12.0,2.998754
,2023-08-03,54474,CONFOR,Consumidor Livre,SUDESTE,12.0,2.830225
,2023-08-04,54474,CONFOR,Consumidor Livre,SUDESTE,12.0,2.310372
,2023-08-05,54474,CONFOR,Consumidor Livre,SUDESTE,12.0,0.769846
,2023-08-06,54474,CONFOR,Consumidor Livre,SUDESTE,12.0,0.52239
,2023-08-07,54474,CONFOR,Consumidor Livre,SUDESTE,12.0,2.954951
,2023-08-08,54474,CONFOR,Consumidor Livre,SUDESTE,12.0,3.647992
,2023-08-09,54474,CONFOR,Consumidor Livre,SUDESTE,12.0,3.466203
,2023-08-10,54474,CONFOR,Consumidor Livre,SUDESTE,12.0,3.199805
,2023-08-11,54474,CONFOR,Consumidor Livre,SUDESTE,12.0,2.678308
,2023-08-12,54474,CONFOR,Consumidor Livre,SUDESTE,12.0,0.817705
,2023-08-13,54474,CONFOR,Consumidor Livre,SUDESTE,12.0,0.379436
,2023-08-14,54474,CONFOR,Consumidor Livre,SUDESTE,12.0,3.435941
,2023-08-15,54474,CONFOR,Consumidor Livre,SUDESTE,12.0,3.210496
,2023-08-16,54474,CONFOR,Consumidor Livre,SUDESTE,12.0,3.009196
,2023-08-17,54474,CONFOR,Consumidor Livre,SUDESTE,12.0,2.669336
,2023-08-18,54474,CONFOR,Consumidor Livre,SUDESTE,12.0,2.689537
,2023-08-19,54474,CONFOR,Consumidor Livre,SUDESTE,12.0,0.719175
,2023-08-20,54474,CONFOR,Consumidor Livre,SUDESTE,12.0,0.378896
,2023-08-21,54474,CONFOR,Consumidor Livre,SUDESTE,12.0,2.62284
,2023-08-22,54474,CONFOR,Consumidor Livre,SUDESTE,12.0,2.861375
,2023-08-23,54474,CONFOR,Consumidor Livre,SUDESTE,12.0,3.091178
,2023-08-24,54474,CONFOR,Consumidor Livre,SUDESTE,12.0,2.667151
,2023-08-25,54474,CONFOR,Consumidor Livre,SUDESTE,12.0,2.880844
,2023-08-26,54474,CONFOR,Consumidor Livre,SUDESTE,12.0,0.447704
,2023-08-27,54474,CONFOR,Consumidor Livre,SUDESTE,12.0,0.404193
,2023-08-28,54474,CONFOR,Consumidor Livre,SUDESTE,12.0,3.459017
,2023-08-29,54474,CONFOR,Consumidor Livre,SUDESTE,12.0,2.656816
,2023-08-30,54474,CONFOR,Consumidor Livre,SUDESTE,12.0,2.606538
,2023-08-31,54474,CONFOR,Consumidor Livre,SUDESTE,12.0,3.200537
,2023-09-01,54474,CONFOR,Consumidor Livre,SUDESTE,12.0,2.614727
,2023-09-02,54474,CONFOR,Consumidor Livre,SUDESTE,12.0,0.40834
,2023-09-03,54474,CONFOR,Consumidor Livre,SUDESTE,12.0,0.429747
,2023-09-04,54474,CONFOR,Consumidor Livre,SUDESTE,12.0,2.750071
,2023-09-05,54474,CONFOR,Consumidor Livre,SUDESTE,12.0,2.587342
,2023-09-06,54474,CONFOR,Consumidor Livre,SUDESTE,12.0,2.507637
,2023-09-07,54474,CONFOR,Consumidor Livre,SUDESTE,12.0,0.458788
,2023-09-08,54474,CONFOR,Consumidor Livre,SUDESTE,12.0,0.4648299999999999
,2023-09-09,54474,CONFOR,Consumidor Livre,SUDESTE,12.0,0.441524
,2023-09-10,54474,CONFOR,Consumidor Livre,SUDESTE,12.0,0.4718799999999999
,2023-09-11,54474,CONFOR,Consumidor Livre,SUDESTE,12.0,3.123161
,2023-09-12,54474,CONFOR,Consumidor Livre,SUDESTE,12.0,3.258839
,2023-09-13,54474,CONFOR,Consumidor Livre,SUDESTE,12.0,2.791636
,2023-09-14,54474,CONFOR,Consumidor Livre,SUDESTE,12.0,3.4873760000000003
,2023-09-15,54474,CONFOR,Consumidor Livre,SUDESTE,12.0,2.684163
,2023-09-16,54474,CONFOR,Consumidor Livre,SUDESTE,12.0,0.437003
,2023-09-17,54474,CONFOR,Consumidor Livre,SUDESTE,12.0,0.465364
,2023-09-18,54474,CONFOR,Consumidor Livre,SUDESTE,12.0,3.322618
,2023-09-19,54474,CONFOR,Consumidor Livre,SUDESTE,12.0,2.549512
,2023-09-20,54474,CONFOR,Consumidor Livre,SUDESTE,12.0,3.210411
,2023-09-21,54474,CONFOR,Consumidor Livre,SUDESTE,12.0,2.822122
,2023-09-22,54474,CONFOR,Consumidor Livre,SUDESTE,12.0,2.597115
,2023-09-23,54474,CONFOR,Consumidor Livre,SUDESTE,12.0,0.543765
,2023-09-24,54474,CONFOR,Consumidor Livre,SUDESTE,12.0,0.514511
,2023-09-25,54474,CONFOR,Consumidor Livre,SUDESTE,12.0,3.211414
,2023-09-26,54474,CONFOR,Consumidor Livre,SUDESTE,12.0,2.617224
,2023-09-27,54474,CONFOR,Consumidor Livre,SUDESTE,12.0,2.813436
,2023-09-28,54474,CONFOR,Consumidor Livre,SUDESTE,12.0,3.01915
,2023-09-29,54474,CONFOR,Consumidor Livre,SUDESTE,12.0,2.657051
,2023-09-30,54474,CONFOR,Consumidor Livre,SUDESTE,12.0,0.489187
,2023-10-01,54474,CONFOR,Consumidor Livre,SUDESTE,12.0,0.495018
,2023-10-02,54474,CONFOR,Consumidor Livre,SUDESTE,12.0,2.772732
,2023-10-03,54474,CONFOR,Consumidor Livre,SUDESTE,12.0,3.066938
,2023-10-04,54474,CONFOR,Consumidor Livre,SUDESTE,12.0,3.385985
,2023-10-05,54474,CONFOR,Consumidor Livre,SUDESTE,12.0,2.644532
,2023-10-06,54474,CONFOR,Consumidor Livre,SUDESTE,12.0,2.315695
,2023-10-07,54474,CONFOR,Consumidor Livre,SUDESTE,12.0,0.425656
,2023-10-08,54474,CONFOR,Consumidor Livre,SUDESTE,12.0,0.442334
,2023-10-09,54474,CONFOR,Consumidor Livre,SUDESTE,12.0,2.356768
,2023-10-10,54474,CONFOR,Consumidor Livre,SUDESTE,12.0,2.114655
,2023-10-11,54474,CONFOR,Consumidor Livre,SUDESTE,12.0,0.925078
,2023-10-12,54474,CONFOR,Consumidor Livre,SUDESTE,12.0,0.434122
,2023-10-13,54474,CONFOR,Consumidor Livre,SUDESTE,12.0,0.396903
,2023-10-14,54474,CONFOR,Consumidor Livre,SUDESTE,12.0,0.376978
,2023-10-15,54474,CONFOR,Consumidor Livre,SUDESTE,12.0,0.406779
,2023-10-16,54474,CONFOR,Consumidor Livre,SUDESTE,12.0,3.037691
,2023-10-17,54474,CONFOR,Consumidor Livre,SUDESTE,12.0,3.061224
,2023-10-18,54474,CONFOR,Consumidor Livre,SUDESTE,12.0,2.765476
,2023-10-19,54474,CONFOR,Consumidor Livre,SUDESTE,12.0,3.446128
,2023-10-20,54474,CONFOR,Consumidor Livre,SUDESTE,12.0,2.92526
,2023-10-21,54474,CONFOR,Consumidor Livre,SUDESTE,12.0,0.412062
,2023-10-22,54474,CONFOR,Consumidor Livre,SUDESTE,12.0,0.430402
,2023-10-23,54474,CONFOR,Consumidor Livre,SUDESTE,12.0,3.09407
,2023-10-24,54474,CONFOR,Consumidor Livre,SUDESTE,12.0,2.667326
,2023-10-25,54474,CONFOR,Consumidor Livre,SUDESTE,12.0,2.733816
,2023-10-26,54474,CONFOR,Consumidor Livre,SUDESTE,12.0,3.130045
,2023-10-27,54474,CONFOR,Consumidor Livre,SUDESTE,12.0,2.167354
,2023-10-28,54474,CONFOR,Consumidor Livre,SUDESTE,12.0,0.43954
,2023-10-29,54474,CONFOR,Consumidor Livre,SUDESTE,12.0,0.378234
,2023-10-30,54474,CONFOR,Consumidor Livre,SUDESTE,12.0,2.466725
,2023-10-31,54474,CONFOR,Consumidor Livre,SUDESTE,12.0,3.211644
,2023-11-01,54474,CONFOR,Consumidor Livre,SUDESTE,12.0,2.737745
,2023-11-02,54474,CONFOR,Consumidor Livre,SUDESTE,12.0,0.415831
,2023-11-03,54474,CONFOR,Consumidor Livre,SUDESTE,12.0,0.44012
,2023-11-04,54474,CONFOR,Consumidor Livre,SUDESTE,12.0,0.446477
,2023-11-05,54474,CONFOR,Consumidor Livre,SUDESTE,12.0,0.4622449999999999
,2023-11-06,54474,CONFOR,Consumidor Livre,SUDESTE,12.0,2.93039
,2023-11-07,54474,CONFOR,Consumidor Livre,SUDESTE,12.0,2.372647
,2023-11-08,54474,CONFOR,Consumidor Livre,SUDESTE,12.0,2.456975
,2023-11-09,54474,CONFOR,Consumidor Livre,SUDESTE,12.0,2.429578
,2023-11-10,54474,CONFOR,Consumidor Livre,SUDESTE,12.0,2.286594
,2023-11-11,54474,CONFOR,Consumidor Livre,SUDESTE,12.0,0.399431
,2023-11-12,54474,CONFOR,Consumidor Livre,SUDESTE,12.0,0.39878
,2023-11-13,54474,CONFOR,Consumidor Livre,SUDESTE,12.0,2.668769
,2023-11-14,54474,CONFOR,Consumidor Livre,SUDESTE,12.0,3.137083
,2023-11-15,54474,CONFOR,Consumidor Livre,SUDESTE,12.0,2.896086
,2023-11-16,54474,CONFOR,Consumidor Livre,SUDESTE,12.0,2.631301
,2023-11-17,54474,CONFOR,Consumidor Livre,SUDESTE,12.0,2.8095790000000003
,2023-11-18,54474,CONFOR,Consumidor Livre,SUDESTE,12.0,0.433117
,2023-11-19,54474,CONFOR,Consumidor Livre,SUDESTE,12.0,0.399156
,2023-11-20,54474,CONFOR,Consumidor Livre,SUDESTE,12.0,0.368874
,2023-11-21,54474,CONFOR,Consumidor Livre,SUDESTE,12.0,2.968789
,2023-11-22,54474,CONFOR,Consumidor Livre,SUDESTE,12.0,3.3315900000000003
,2023-11-23,54474,CONFOR,Consumidor Livre,SUDESTE,12.0,3.086446
,2023-11-24,54474,CONFOR,Consumidor Livre,SUDESTE,12.0,2.515138
,2023-11-25,54474,CONFOR,Consumidor Livre,SUDESTE,12.0,0.698749
,2023-11-26,54474,CONFOR,Consumidor Livre,SUDESTE,12.0,0.414687
,2023-11-27,54474,CONFOR,Consumidor Livre,SUDESTE,12.0,2.986007
,2023-11-28,54474,CONFOR,Consumidor Livre,SUDESTE,12.0,3.297202
,2023-11-29,54474,CONFOR,Consumidor Livre,SUDESTE,12.0,3.663734
,2023-11-30,54474,CONFOR,Consumidor Livre,SUDESTE,12.0,3.591234
,2023-12-01,54474,CONFOR,Consumidor Livre,SUDESTE,12.0,2.791469
,2023-12-02,54474,CONFOR,Consumidor Livre,SUDESTE,12.0,0.439307
,2023-12-03,54474,CONFOR,Consumidor Livre,SUDESTE,12.0,0.432126
,2023-12-04,54474,CONFOR,Consumidor Livre,SUDESTE,12.0,2.979547
,2023-12-05,54474,CONFOR,Consumidor Livre,SUDESTE,12.0,2.645712
,2023-12-06,54474,CONFOR,Consumidor Livre,SUDESTE,12.0,2.692965
,2023-12-07,54474,CONFOR,Consumidor Livre,SUDESTE,12.0,2.881853
,2023-12-08,54474,CONFOR,Consumidor Livre,SUDESTE,12.0,2.741956
,2023-12-09,54474,CONFOR,Consumidor Livre,SUDESTE,12.0,0.515032
,2023-12-10,54474,CONFOR,Consumidor Livre,SUDESTE,12.0,0.389413
,2023-12-11,54474,CONFOR,Consumidor Livre,SUDESTE,12.0,3.131669
,2023-12-12,54474,CONFOR,Consumidor Livre,SUDESTE,12.0,2.898735
,2023-12-13,54474,CONFOR,Consumidor Livre,SUDESTE,12.0,2.886777
,2023-12-14,54474,CONFOR,Consumidor Livre,SUDESTE,12.0,3.187202
,2023-12-15,54474,CONFOR,Consumidor Livre,SUDESTE,12.0,2.920069
,2023-12-16,54474,CONFOR,Consumidor Livre,SUDESTE,12.0,0.790652
,2023-12-17,54474,CONFOR,Consumidor Livre,SUDESTE,12.0,0.420793
,2023-12-18,54474,CONFOR,Consumidor Livre,SUDESTE,12.0,2.723977
,2023-12-19,54474,CONFOR,Consumidor Livre,SUDESTE,12.0,3.217938
,2023-12-20,54474,CONFOR,Consumidor Livre,SUDESTE,12.0,3.510038
,2023-12-21,54474,CONFOR,Consumidor Livre,SUDESTE,12.0,3.242908
,2023-12-22,54474,CONFOR,Consumidor Livre,SUDESTE,12.0,2.286842
,2023-12-23,54474,CONFOR,Consumidor Livre,SUDESTE,12.0,0.751826
,2023-12-24,54474,CONFOR,Consumidor Livre,SUDESTE,12.0,0.4419619999999999
,2023-12-25,54474,CONFOR,Consumidor Livre,SUDESTE,12.0,0.397897
,2023-12-26,54474,CONFOR,Consumidor Livre,SUDESTE,12.0,3.138907
,2023-12-27,54474,CONFOR,Consumidor Livre,SUDESTE,12.0,3.090206
,2023-12-28,54474,CONFOR,Consumidor Livre,SUDESTE,12.0,2.637332
,2023-12-29,54474,CONFOR,Consumidor Livre,SUDESTE,12.0,1.076797
,2023-12-30,54474,CONFOR,Consumidor Livre,SUDESTE,12.0,0.462726
,2023-12-31,54474,CONFOR,Consumidor Livre,SUDESTE,12.0,0.451109
,2024-01-01,54474,CONFOR,Consumidor Livre,SUDESTE,12.0,0.425771
,2024-01-02,54474,CONFOR,Consumidor Livre,SUDESTE,12.0,1.154527
,2024-01-03,54474,CONFOR,Consumidor Livre,SUDESTE,12.0,3.095483
,2024-01-04,54474,CONFOR,Consumidor Livre,SUDESTE,12.0,2.869945
,2024-01-05,54474,CONFOR,Consumidor Livre,SUDESTE,12.0,2.427683
,2024-01-06,54474,CONFOR,Consumidor Livre,SUDESTE,12.0,0.723185
,2024-01-07,54474,CONFOR,Consumidor Livre,SUDESTE,12.0,0.4856459999999999
,2024-01-08,54474,CONFOR,Consumidor Livre,SUDESTE,12.0,3.100006
,2024-01-09,54474,CONFOR,Consumidor Livre,SUDESTE,12.0,3.697251
,2024-01-10,54474,CONFOR,Consumidor Livre,SUDESTE,12.0,3.470092
,2024-01-11,54474,CONFOR,Consumidor Livre,SUDESTE,12.0,2.962517
,2024-01-12,54474,CONFOR,Consumidor Livre,SUDESTE,12.0,2.764549
,2024-01-13,54474,CONFOR,Consumidor Livre,SUDESTE,12.0,0.454698
,2024-01-14,54474,CONFOR,Consumidor Livre,SUDESTE,12.0,0.434079
,2024-01-15,54474,CONFOR,Consumidor Livre,SUDESTE,12.0,3.710296
,2024-01-16,54474,CONFOR,Consumidor Livre,SUDESTE,12.0,3.06927
,2024-01-17,54474,CONFOR,Consumidor Livre,SUDESTE,12.0,3.517561
,2024-01-18,54474,CONFOR,Consumidor Livre,SUDESTE,12.0,3.514839
,2024-01-19,54474,CONFOR,Consumidor Livre,SUDESTE,12.0,2.974806
,2024-01-20,54474,CONFOR,Consumidor Livre,SUDESTE,12.0,0.442823
,2024-01-21,54474,CONFOR,Consumidor Livre,SUDESTE,12.0,0.434912
,2024-01-22,54474,CONFOR,Consumidor Livre,SUDESTE,12.0,3.002411
,2024-01-23,54474,CONFOR,Consumidor Livre,SUDESTE,12.0,3.985734
,2024-01-24,54474,CONFOR,Consumidor Livre,SUDESTE,12.0,2.958816
,2024-01-25,54474,CONFOR,Consumidor Livre,SUDESTE,12.0,3.657806
,2024-01-26,54474,CONFOR,Consumidor Livre,SUDESTE,12.0,2.91769
,2024-01-27,54474,CONFOR,Consumidor Livre,SUDESTE,12.0,0.377227
,2024-01-28,54474,CONFOR,Consumidor Livre,SUDESTE,12.0,0.395086
,2024-01-29,54474,CONFOR,Consumidor Livre,SUDESTE,12.0,3.218503
,2024-01-30,54474,CONFOR,Consumidor Livre,SUDESTE,12.0,3.014679
,2024-01-31,54474,CONFOR,Consumidor Livre,SUDESTE,12.0,3.106357
,2024-02-01,54474,CONFOR,Consumidor Livre,SUDESTE,12.0,2.76459
,2024-02-02,54474,CONFOR,Consumidor Livre,SUDESTE,12.0,2.677677
,2024-02-03,54474,CONFOR,Consumidor Livre,SUDESTE,12.0,0.573428
,2024-02-04,54474,CONFOR,Consumidor Livre,SUDESTE,12.0,0.436667
,2024-02-05,54474,CONFOR,Consumidor Livre,SUDESTE,12.0,3.127062
,2024-02-06,54474,CONFOR,Consumidor Livre,SUDESTE,12.0,2.842555
,2024-02-07,54474,CONFOR,Consumidor Livre,SUDESTE,12.0,3.596496
,2024-02-08,54474,CONFOR,Consumidor Livre,SUDESTE,12.0,3.802973
,2024-02-09,54474,CONFOR,Consumidor Livre,SUDESTE,12.0,2.828001
,2024-02-10,54474,CONFOR,Consumidor Livre,SUDESTE,12.0,0.591688
,2024-02-11,54474,CONFOR,Consumidor Livre,SUDESTE,12.0,0.390267
,2024-02-12,54474,CONFOR,Consumidor Livre,SUDESTE,12.0,0.617024
,2024-02-13,54474,CONFOR,Consumidor Livre,SUDESTE,12.0,0.753923
,2024-02-14,54474,CONFOR,Consumidor Livre,SUDESTE,12.0,3.010527
,2024-02-15,54474,CONFOR,Consumidor Livre,SUDESTE,12.0,3.68607
,2024-02-16,54474,CONFOR,Consumidor Livre,SUDESTE,12.0,2.883315
,2024-02-17,54474,CONFOR,Consumidor Livre,SUDESTE,12.0,0.748911
,2024-02-18,54474,CONFOR,Consumidor Livre,SUDESTE,12.0,0.437895
,2024-02-19,54474,CONFOR,Consumidor Livre,SUDESTE,12.0,3.006004
,2024-02-20,54474,CONFOR,Consumidor Livre,SUDESTE,12.0,3.045717
,2024-02-21,54474,CONFOR,Consumidor Livre,SUDESTE,12.0,2.95007
,2024-02-22,54474,CONFOR,Consumidor Livre,SUDESTE,12.0,3.10444
,2024-02-23,54474,CONFOR,Consumidor Livre,SUDESTE,12.0,2.5196460000000003
,2024-02-24,54474,CONFOR,Consumidor Livre,SUDESTE,12.0,0.453636
,2024-02-25,54474,CONFOR,Consumidor Livre,SUDESTE,12.0,0.449571
,2024-02-26,54474,CONFOR,Consumidor Livre,SUDESTE,12.0,3.038459
,2024-02-27,54474,CONFOR,Consumidor Livre,SUDESTE,12.0,2.482691
,2024-02-28,54474,CONFOR,Consumidor Livre,SUDESTE,12.0,3.358394
,2024-02-29,54474,CONFOR,Consumidor Livre,SUDESTE,12.0,3.304248
202403.0,2024-03-01,54474,CONFOR,Consumidor Livre,SUDESTE,12.0,3.080797
202403.0,2024-03-02,54474,CONFOR,Consumidor Livre,SUDESTE,12.0,0.410658
202403.0,2024-03-03,54474,CONFOR,Consumidor Livre,SUDESTE,12.0,0.460299
202403.0,2024-03-04,54474,CONFOR,Consumidor Livre,SUDESTE,12.0,3.126913
202403.0,2024-03-05,54474,CONFOR,Consumidor Livre,SUDESTE,12.0,3.641256
202403.0,2024-03-06,54474,CONFOR,Consumidor Livre,SUDESTE,12.0,3.392778
202403.0,2024-03-07,54474,CONFOR,Consumidor Livre,SUDESTE,12.0,2.722266
202403.0,2024-03-08,54474,CONFOR,Consumidor Livre,SUDESTE,12.0,2.767249
202403.0,2024-03-09,54474,CONFOR,Consumidor Livre,SUDESTE,12.0,0.424589
202403.0,2024-03-10,54474,CONFOR,Consumidor Livre,SUDESTE,12.0,0.365717
202403.0,2024-03-11,54474,CONFOR,Consumidor Livre,SUDESTE,12.0,3.486017
202403.0,2024-03-12,54474,CONFOR,Consumidor Livre,SUDESTE,12.0,2.93314
202403.0,2024-03-13,54474,CONFOR,Consumidor Livre,SUDESTE,12.0,3.249536
202403.0,2024-03-14,54474,CONFOR,Consumidor Livre,SUDESTE,12.0,3.432042
202403.0,2024-03-15,54474,CONFOR,Consumidor Livre,SUDESTE,12.0,2.3659280000000003
202403.0,2024-03-16,54474,CONFOR,Consumidor Livre,SUDESTE,12.0,0.39569
202403.0,2024-03-17,54474,CONFOR,Consumidor Livre,SUDESTE,12.0,0.409943
202403.0,2024-03-18,54474,CONFOR,Consumidor Livre,SUDESTE,12.0,2.96354
202403.0,2024-03-19,54474,CONFOR,Consumidor Livre,SUDESTE,12.0,2.626078
202403.0,2024-03-20,54474,CONFOR,Consumidor Livre,SUDESTE,12.0,3.082593
202403.0,2024-03-21,54474,CONFOR,Consumidor Livre,SUDESTE,12.0,3.452709
202403.0,2024-03-22,54474,CONFOR,Consumidor Livre,SUDESTE,12.0,2.432361
202403.0,2024-03-23,54474,CONFOR,Consumidor Livre,SUDESTE,12.0,0.3518799999999999
202403.0,2024-03-24,54474,CONFOR,Consumidor Livre,SUDESTE,12.0,0.331064
202403.0,2024-03-25,54474,CONFOR,Consumidor Livre,SUDESTE,12.0,3.221055
202403.0,2024-03-26,54474,CONFOR,Consumidor Livre,SUDESTE,12.0,3.097906
202403.0,2024-03-27,54474,CONFOR,Consumidor Livre,SUDESTE,12.0,3.510631
202403.0,2024-03-28,54474,CONFOR,Consumidor Livre,SUDESTE,12.0,2.664745
202403.0,2024-03-29,54474,CONFOR,Consumidor Livre,SUDESTE,12.0,0.424129
202403.0,2024-03-30,54474,CONFOR,Consumidor Livre,SUDESTE,12.0,0.672146
202403.0,2024-03-31,54474,CONFOR,Consumidor Livre,SUDESTE,12.0,0.411734
202404.0,2024-04-01,54474,CONFOR,Consumidor Livre,SUDESTE,12.0,2.518739
202404.0,2024-04-02,54474,CONFOR,Consumidor Livre,SUDESTE,12.0,2.520539
202404.0,2024-04-03,54474,CONFOR,Consumidor Livre,SUDESTE,12.0,2.485354
202404.0,2024-04-04,54474,CONFOR,Consumidor Livre,SUDESTE,12.0,2.490836
202404.0,2024-04-05,54474,CONFOR,Consumidor Livre,SUDESTE,12.0,2.589202
202404.0,2024-04-06,54474,CONFOR,Consumidor Livre,SUDESTE,12.0,0.329694
202404.0,2024-04-07,54474,CONFOR,Consumidor Livre,SUDESTE,12.0,0.358328
202404.0,2024-04-08,54474,CONFOR,Consumidor Livre,SUDESTE,12.0,3.346781
202404.0,2024-04-09,54474,CONFOR,Consumidor Livre,SUDESTE,12.0,2.770001
202404.0,2024-04-10,54474,CONFOR,Consumidor Livre,SUDESTE,12.0,3.493866
202404.0,2024-04-11,54474,CONFOR,Consumidor Livre,SUDESTE,12.0,3.0726590000000003
202404.0,2024-04-12,54474,CONFOR,Consumidor Livre,SUDESTE,12.0,2.210049
202404.0,2024-04-13,54474,CONFOR,Consumidor Livre,SUDESTE,12.0,0.380817
202404.0,2024-04-14,54474,CONFOR,Consumidor Livre,SUDESTE,12.0,0.372807
202404.0,2024-04-15,54474,CONFOR,Consumidor Livre,SUDESTE,12.0,2.81065
202404.0,2024-04-16,54474,CONFOR,Consumidor Livre,SUDESTE,12.0,3.298938
202404.0,2024-04-17,54474,CONFOR,Consumidor Livre,SUDESTE,12.0,3.023008
202404.0,2024-04-18,54474,CONFOR,Consumidor Livre,SUDESTE,12.0,3.451478
202404.0,2024-04-19,54474,CONFOR,Consumidor Livre,SUDESTE,12.0,2.740719
202404.0,2024-04-20,54474,CONFOR,Consumidor Livre,SUDESTE,12.0,0.370073
202404.0,2024-04-21,54474,CONFOR,Consumidor Livre,SUDESTE,12.0,0.332224
202404.0,2024-04-22,54474,CONFOR,Consumidor Livre,SUDESTE,12.0,3.437334
202404.0,2024-04-23,54474,CONFOR,Consumidor Livre,SUDESTE,12.0,3.372037
202404.0,2024-04-24,54474,CONFOR,Consumidor Livre,SUDESTE,12.0,3.030209
202404.0,2024-04-25,54474,CONFOR,Consumidor Livre,SUDESTE,12.0,3.147813
202404.0,2024-04-26,54474,CONFOR,Consumidor Livre,SUDESTE,12.0,2.625991
202404.0,2024-04-27,54474,CONFOR,Consumidor Livre,SUDESTE,12.0,0.363976
202404.0,2024-04-28,54474,CONFOR,Consumidor Livre,SUDESTE,12.0,0.384307
202404.0,2024-04-29,54474,CONFOR,Consumidor Livre,SUDESTE,12.0,2.333981
202404.0,2024-04-30,54474,CONFOR,Consumidor Livre,SUDESTE,12.0,3.161455
202405.0,2024-05-01,54474,CONFOR,Consumidor Livre,SUDESTE,12.0,0.37639
202405.0,2024-05-02,54474,CONFOR,Consumidor Livre,SUDESTE,12.0,3.471463
202405.0,2024-05-03,54474,CONFOR,Consumidor Livre,SUDESTE,12.0,2.485043
202405.0,2024-05-04,54474,CONFOR,Consumidor Livre,SUDESTE,12.0,0.342754
202405.0,2024-05-05,54474,CONFOR,Consumidor Livre,SUDESTE,12.0,0.323694
202405.0,2024-05-06,54474,CONFOR,Consumidor Livre,SUDESTE,12.0,2.930793
202405.0,2024-05-07,54474,CONFOR,Consumidor Livre,SUDESTE,12.0,3.04649
202405.0,2024-05-08,54474,CONFOR,Consumidor Livre,SUDESTE,12.0,3.194629
202405.0,2024-05-09,54474,CONFOR,Consumidor Livre,SUDESTE,12.0,2.484821
202405.0,2024-05-10,54474,CONFOR,Consumidor Livre,SUDESTE,12.0,2.801437
202405.0,2024-05-11,54474,CONFOR,Consumidor Livre,SUDESTE,12.0,0.34464
202405.0,2024-05-12,54474,CONFOR,Consumidor Livre,SUDESTE,12.0,0.373475
202405.0,2024-05-13,54474,CONFOR,Consumidor Livre,SUDESTE,12.0,0.37794
202405.0,2024-05-14,54474,CONFOR,Consumidor Livre,SUDESTE,12.0,3.114456
202405.0,2024-05-15,54474,CONFOR,Consumidor Livre,SUDESTE,12.0,3.267913
202405.0,2024-05-16,54474,CONFOR,Consumidor Livre,SUDESTE,12.0,3.110837
202405.0,2024-05-17,54474,CONFOR,Consumidor Livre,SUDESTE,12.0,2.685436
202405.0,2024-05-18,54474,CONFOR,Consumidor Livre,SUDESTE,12.0,0.407104
202405.0,2024-05-19,54474,CONFOR,Consumidor Livre,SUDESTE,12.0,0.412032
202405.0,2024-05-20,54474,CONFOR,Consumidor Livre,SUDESTE,12.0,2.776718
202405.0,2024-05-21,54474,CONFOR,Consumidor Livre,SUDESTE,12.0,2.503476
202405.0,2024-05-22,54474,CONFOR,Consumidor Livre,SUDESTE,12.0,3.417659
202405.0,2024-05-23,54474,CONFOR,Consumidor Livre,SUDESTE,12.0,3.045992
202405.0,2024-05-24,54474,CONFOR,Consumidor Livre,SUDESTE,12.0,2.9306140000000003
202405.0,2024-05-25,54474,CONFOR,Consumidor Livre,SUDESTE,12.0,0.370518
202405.0,2024-05-26,54474,CONFOR,Consumidor Livre,SUDESTE,12.0,0.358239
202405.0,2024-05-27,54474,CONFOR,Consumidor Livre,SUDESTE,12.0,3.218927
202405.0,2024-05-28,54474,CONFOR,Consumidor Livre,SUDESTE,12.0,3.23873
202405.0,2024-05-29,54474,CONFOR,Consumidor Livre,SUDESTE,12.0,3.227579
202405.0,2024-05-30,54474,CONFOR,Consumidor Livre,SUDESTE,12.0,0.335237
202405.0,2024-05-31,54474,CONFOR,Consumidor Livre,SUDESTE,12.0,0.340983
202406.0,2024-06-01,54474,CONFOR,Consumidor Livre,SUDESTE,12.0,0.321652
202406.0,2024-06-02,54474,CONFOR,Consumidor Livre,SUDESTE,12.0,0.352335
202406.0,2024-06-03,54474,CONFOR,Consumidor Livre,SUDESTE,12.0,2.975862
202406.0,2024-06-04,54474,CONFOR,Consumidor Livre,SUDESTE,12.0,3.407059
202406.0,2024-06-05,54474,CONFOR,Consumidor Livre,SUDESTE,12.0,2.713538
202406.0,2024-06-06,54474,CONFOR,Consumidor Livre,SUDESTE,12.0,3.346972
202406.0,2024-06-07,54474,CONFOR,Consumidor Livre,SUDESTE,12.0,2.807878
202406.0,2024-06-08,54474,CONFOR,Consumidor Livre,SUDESTE,12.0,0.349467
202406.0,2024-06-09,54474,CONFOR,Consumidor Livre,SUDESTE,12.0,0.334516
202406.0,2024-06-10,54474,CONFOR,Consumidor Livre,SUDESTE,12.0,3.154612
202406.0,2024-06-11,54474,CONFOR,Consumidor Livre,SUDESTE,12.0,3.115147
202406.0,2024-06-12,54474,CONFOR,Consumidor Livre,SUDESTE,12.0,3.242567
202406.0,2024-06-13,54474,CONFOR,Consumidor Livre,SUDESTE,12.0,2.897011
202406.0,2024-06-14,54474,CONFOR,Consumidor Livre,SUDESTE,12.0,3.140282
202406.0,2024-06-15,54474,CONFOR,Consumidor Livre,SUDESTE,12.0,0.330085
202406.0,2024-06-16,54474,CONFOR,Consumidor Livre,SUDESTE,12.0,0.32328
202406.0,2024-06-17,54474,CONFOR,Consumidor Livre,SUDESTE,12.0,3.045463
202406.0,2024-06-18,54474,CONFOR,Consumidor Livre,SUDESTE,12.0,3.344137
202406.0,2024-06-19,54474,CONFOR,Consumidor Livre,SUDESTE,12.0,3.23938
202406.0,2024-06-20,54474,CONFOR,Consumidor Livre,SUDESTE,12.0,2.911572
202406.0,2024-06-21,54474,CONFOR,Consumidor Livre,SUDESTE,12.0,3.056044
202406.0,2024-06-22,54474,CONFOR,Consumidor Livre,SUDESTE,12.0,0.495583
202406.0,2024-06-23,54474,CONFOR,Consumidor Livre,SUDESTE,12.0,0.340704
202406.0,2024-06-24,54474,CONFOR,Consumidor Livre,SUDESTE,12.0,3.031204
202406.0,2024-06-25,54474,CONFOR,Consumidor Livre,SUDESTE,12.0,2.853858
202406.0,2024-06-26,54474,CONFOR,Consumidor Livre,SUDESTE,12.0,3.283752
202406.0,2024-06-27,54474,CONFOR,Consumidor Livre,SUDESTE,12.0,3.229274
202406.0,2024-06-28,54474,CONFOR,Consumidor Livre,SUDESTE,12.0,2.812546
202406.0,2024-06-29,54474,CONFOR,Consumidor Livre,SUDESTE,12.0,0.809602
202406.0,2024-06-30,54474,CONFOR,Consumidor Livre,SUDESTE,12.0,0.624292
202407.0,2024-07-01,54474,CONFOR,Consumidor Livre,SUDESTE,12.0,3.62659
202407.0,2024-07-02,54474,CONFOR,Consumidor Livre,SUDESTE,12.0,3.331785
202407.0,2024-07-03,54474,CONFOR,Consumidor Livre,SUDESTE,12.0,3.52826
202407.0,2024-07-04,54474,CONFOR,Consumidor Livre,SUDESTE,12.0,3.376003
202407.0,2024-07-05,54474,CONFOR,Consumidor Livre,SUDESTE,12.0,2.983707
202407.0,2024-07-06,54474,CONFOR,Consumidor Livre,SUDESTE,12.0,0.335063
202407.0,2024-07-07,54474,CONFOR,Consumidor Livre,SUDESTE,12.0,0.303714
202407.0,2024-07-08,54474,CONFOR,Consumidor Livre,SUDESTE,12.0,0.945746
202407.0,2024-07-09,54474,CONFOR,Consumidor Livre,SUDESTE,12.0,0.353902
202407.0,2024-07-10,54474,CONFOR,Consumidor Livre,SUDESTE,12.0,3.591328
202407.0,2024-07-11,54474,CONFOR,Consumidor Livre,SUDESTE,12.0,3.443167
202407.0,2024-07-12,54474,CONFOR,Consumidor Livre,SUDESTE,12.0,2.719692
202407.0,2024-07-13,54474,CONFOR,Consumidor Livre,SUDESTE,12.0,0.566363
202407.0,2024-07-14,54474,CONFOR,Consumidor Livre,SUDESTE,12.0,0.33979
202407.0,2024-07-15,54474,CONFOR,Consumidor Livre,SUDESTE,12.0,3.289366
202407.0,2024-07-16,54474,CONFOR,Consumidor Livre,SUDESTE,12.0,3.188446
202407.0,2024-07-17,54474,CONFOR,Consumidor Livre,SUDESTE,12.0,3.474254
202407.0,2024-07-18,54474,CONFOR,Consumidor Livre,SUDESTE,12.0,2.997155
202407.0,2024-07-19,54474,CONFOR,Consumidor Livre,SUDESTE,12.0,2.442007
202407.0,2024-07-20,54474,CONFOR,Consumidor Livre,SUDESTE,12.0,0.338415
202407.0,2024-07-21,54474,CONFOR,Consumidor Livre,SUDESTE,12.0,0.324853
202407.0,2024-07-22,54474,CONFOR,Consumidor Livre,SUDESTE,12.0,2.853462
202407.0,2024-07-23,54474,CONFOR,Consumidor Livre,SUDESTE,12.0,3.804748
202407.0,2024-07-24,54474,CONFOR,Consumidor Livre,SUDESTE,12.0,3.4008
202407.0,2024-07-25,54474,CONFOR,Consumidor Livre,SUDESTE,12.0,3.617168
202407.0,2024-07-26,54474,CONFOR,Consumidor Livre,SUDESTE,12.0,3.259815
202407.0,2024-07-27,54474,CONFOR,Consumidor Livre,SUDESTE,12.0,0.594452
202407.0,2024-07-28,54474,CONFOR,Consumidor Livre,SUDESTE,12.0,0.317058
202407.0,2024-07-29,54474,CONFOR,Consumidor Livre,SUDESTE,12.0,3.556056
202407.0,2024-07-30,54474,CONFOR,Consumidor Livre,SUDESTE,12.0,3.045879
202407.0,2024-07-31,54474,CONFOR,Consumidor Livre,SUDESTE,12.0,3.621463
202408.0,2024-08-01,54474,CONFOR,Consumidor Livre,SUDESTE,12.0,3.173984
202408.0,2024-08-02,54474,CONFOR,Consumidor Livre,SUDESTE,12.0,3.1450970000000003
202408.0,2024-08-03,54474,CONFOR,Consumidor Livre,SUDESTE,12.0,0.610375
202408.0,2024-08-04,54474,CONFOR,Consumidor Livre,SUDESTE,12.0,0.321624
202408.0,2024-08-05,54474,CONFOR,Consumidor Livre,SUDESTE,12.0,3.556554
202408.0,2024-08-06,54474,CONFOR,Consumidor Livre,SUDESTE,12.0,3.545672
202408.0,2024-08-07,54474,CONFOR,Consumidor Livre,SUDESTE,12.0,3.25409
202408.0,2024-08-08,54474,CONFOR,Consumidor Livre,SUDESTE,12.0,3.381723
202408.0,2024-08-09,54474,CONFOR,Consumidor Livre,SUDESTE,12.0,2.618887
202408.0,2024-08-10,54474,CONFOR,Consumidor Livre,SUDESTE,12.0,0.335765
202408.0,2024-08-11,54474,CONFOR,Consumidor Livre,SUDESTE,12.0,0.27641
202408.0,2024-08-12,54474,CONFOR,Consumidor Livre,SUDESTE,12.0,3.343912
202408.0,2024-08-13,54474,CONFOR,Consumidor Livre,SUDESTE,12.0,3.422092
202408.0,2024-08-14,54474,CONFOR,Consumidor Livre,SUDESTE,12.0,3.717979
202408.0,2024-08-15,54474,CONFOR,Consumidor Livre,SUDESTE,12.0,3.067129
202408.0,2024-08-16,54474,CONFOR,Consumidor Livre,SUDESTE,12.0,3.057056
202408.0,2024-08-17,54474,CONFOR,Consumidor Livre,SUDESTE,12.0,0.328229
202408.0,2024-08-18,54474,CONFOR,Consumidor Livre,SUDESTE,12.0,0.321015
202408.0,2024-08-19,54474,CONFOR,Consumidor Livre,SUDESTE,12.0,3.181368
202408.0,2024-08-20,54474,CONFOR,Consumidor Livre,SUDESTE,12.0,2.988262
202408.0,2024-08-21,54474,CONFOR,Consumidor Livre,SUDESTE,12.0,2.837192
202408.0,2024-08-22,54474,CONFOR,Consumidor Livre,SUDESTE,12.0,2.913017
202408.0,2024-08-23,54474,CONFOR,Consumidor Livre,SUDESTE,12.0,1.985675
202408.0,2024-08-24,54474,CONFOR,Consumidor Livre,SUDESTE,12.0,0.48596
202408.0,2024-08-25,54474,CONFOR,Consumidor Livre,SUDESTE,12.0,0.292143
202408.0,2024-08-26,54474,CONFOR,Consumidor Livre,SUDESTE,12.0,3.233886
202408.0,2024-08-27,54474,CONFOR,Consumidor Livre,SUDESTE,12.0,2.884331
202408.0,2024-08-28,54474,CONFOR,Consumidor Livre,SUDESTE,12.0,2.933509
202408.0,2024-08-29,54474,CONFOR,Consumidor Livre,SUDESTE,12.0,2.823498
202408.0,2024-08-30,54474,CONFOR,Consumidor Livre,SUDESTE,12.0,2.354003
202408.0,2024-08-31,54474,CONFOR,Consumidor Livre,SUDESTE,12.0,0.300392
202409.0,2024-09-01,54474,CONFOR,Consumidor Livre,SUDESTE,12.0,0.275875
202409.0,2024-09-02,54474,CONFOR,Consumidor Livre,SUDESTE,12.0,2.769901
202409.0,2024-09-03,54474,CONFOR,Consumidor Livre,SUDESTE,12.0,3.492966
202409.0,2024-09-04,54474,CONFOR,Consumidor Livre,SUDESTE,12.0,2.569559
202409.0,2024-09-05,54474,CONFOR,Consumidor Livre,SUDESTE,12.0,2.476961
202409.0,2024-09-06,54474,CONFOR,Consumidor Livre,SUDESTE,12.0,3.279266
202409.0,2024-09-07,54474,CONFOR,Consumidor Livre,SUDESTE,12.0,0.323278
202409.0,2024-09-08,54474,CONFOR,Consumidor Livre,SUDESTE,12.0,0.321424
202409.0,2024-09-09,54474,CONFOR,Consumidor Livre,SUDESTE,12.0,3.296753
202409.0,2024-09-10,54474,CONFOR,Consumidor Livre,SUDESTE,12.0,2.925908
202409.0,2024-09-11,54474,CONFOR,Consumidor Livre,SUDESTE,12.0,3.110048
202409.0,2024-09-12,54474,CONFOR,Consumidor Livre,SUDESTE,12.0,3.182861
202409.0,2024-09-13,54474,CONFOR,Consumidor Livre,SUDESTE,12.0,2.766457
202409.0,2024-09-14,54474,CONFOR,Consumidor Livre,SUDESTE,12.0,0.503366
202409.0,2024-09-15,54474,CONFOR,Consumidor Livre,SUDESTE,12.0,0.31829
202409.0,2024-09-16,54474,CONFOR,Consumidor Livre,SUDESTE,12.0,3.069295
202409.0,2024-09-17,54474,CONFOR,Consumidor Livre,SUDESTE,12.0,3.047332
202409.0,2024-09-18,54474,CONFOR,Consumidor Livre,SUDESTE,12.0,2.637086
202409.0,2024-09-19,54474,CONFOR,Consumidor Livre,SUDESTE,12.0,2.806357
202409.0,2024-09-20,54474,CONFOR,Consumidor Livre,SUDESTE,12.0,3.04254
202409.0,2024-09-21,54474,CONFOR,Consumidor Livre,SUDESTE,12.0,0.303778
202409.0,2024-09-22,54474,CONFOR,Consumidor Livre,SUDESTE,12.0,0.320253
202409.0,2024-09-23,54474,CONFOR,Consumidor Livre,SUDESTE,12.0,3.213897
202409.0,2024-09-24,54474,CONFOR,Consumidor Livre,SUDESTE,12.0,3.006982
202409.0,2024-09-25,54474,CONFOR,Consumidor Livre,SUDESTE,12.0,3.073331
202409.0,2024-09-26,54474,CONFOR,Consumidor Livre,SUDESTE,12.0,3.372228
202409.0,2024-09-27,54474,CONFOR,Consumidor Livre,SUDESTE,12.0,2.868435
202409.0,2024-09-28,54474,CONFOR,Consumidor Livre,SUDESTE,12.0,0.359964
202409.0,2024-09-29,54474,CONFOR,Consumidor Livre,SUDESTE,12.0,0.299141
202409.0,2024-09-30,54474,CONFOR,Consumidor Livre,SUDESTE,12.0,3.230655
202410.0,2024-10-01,54474,CONFOR,Consumidor Livre,SUDESTE,12.0,3.024083
202410.0,2024-10-02,54474,CONFOR,Consumidor Livre,SUDESTE,12.0,3.177031
202410.0,2024-10-03,54474,CONFOR,Consumidor Livre,SUDESTE,12.0,3.012147
202410.0,2024-10-04,54474,CONFOR,Consumidor Livre,SUDESTE,12.0,1.518337
202410.0,2024-10-05,54474,CONFOR,Consumidor Livre,SUDESTE,12.0,0.295802
202410.0,2024-10-06,54474,CONFOR,Consumidor Livre,SUDESTE,12.0,0.279048
202410.0,2024-10-07,54474,CONFOR,Consumidor Livre,SUDESTE,12.0,2.929509
202410.0,2024-10-08,54474,CONFOR,Consumidor Livre,SUDESTE,12.0,2.667938
202410.0,2024-10-09,54474,CONFOR,Consumidor Livre,SUDESTE,12.0,3.240881
202410.0,2024-10-10,54474,CONFOR,Consumidor Livre,SUDESTE,12.0,2.916755
202410.0,2024-10-11,54474,CONFOR,Consumidor Livre,SUDESTE,12.0,2.94344
202410.0,2024-10-12,54474,CONFOR,Consumidor Livre,SUDESTE,12.0,0.293436
202410.0,2024-10-13,54474,CONFOR,Consumidor Livre,SUDESTE,12.0,0.283597
202410.0,2024-10-14,54474,CONFOR,Consumidor Livre,SUDESTE,12.0,3.242133
202410.0,2024-10-15,54474,CONFOR,Consumidor Livre,SUDESTE,12.0,3.228001
202410.0,2024-10-16,54474,CONFOR,Consumidor Livre,SUDESTE,12.0,3.29974
202410.0,2024-10-17,54474,CONFOR,Consumidor Livre,SUDESTE,12.0,3.421141
202410.0,2024-10-18,54474,CONFOR,Consumidor Livre,SUDESTE,12.0,2.482743
202410.0,2024-10-19,54474,CONFOR,Consumidor Livre,SUDESTE,12.0,0.341218
202410.0,2024-10-20,54474,CONFOR,Consumidor Livre,SUDESTE,12.0,0.319375
202410.0,2024-10-21,54474,CONFOR,Consumidor Livre,SUDESTE,12.0,3.479941
202410.0,2024-10-22,54474,CONFOR,Consumidor Livre,SUDESTE,12.0,3.364549
202410.0,2024-10-23,54474,CONFOR,Consumidor Livre,SUDESTE,12.0,2.79039
202410.0,2024-10-24,54474,CONFOR,Consumidor Livre,SUDESTE,12.0,0.745128
202410.0,2024-10-25,54474,CONFOR,Consumidor Livre,SUDESTE,12.0,0.619194
202410.0,2024-10-26,54474,CONFOR,Consumidor Livre,SUDESTE,12.0,0.28677
202410.0,2024-10-27,54474,CONFOR,Consumidor Livre,SUDESTE,12.0,0.258605
202410.0,2024-10-28,54474,CONFOR,Consumidor Livre,SUDESTE,12.0,3.248836
202410.0,2024-10-29,54474,CONFOR,Consumidor Livre,SUDESTE,12.0,3.826648
202410.0,2024-10-30,54474,CONFOR,Consumidor Livre,SUDESTE,12.0,2.888714
202410.0,2024-10-31,54474,CONFOR,Consumidor Livre,SUDESTE,12.0,2.745757
202411.0,2024-11-01,54474,CONFOR,Consumidor Livre,SUDESTE,12.0,2.95149
202411.0,2024-11-02,54474,CONFOR,Consumidor Livre,SUDESTE,12.0,0.273207
202411.0,2024-11-03,54474,CONFOR,Consumidor Livre,SUDESTE,12.0,0.279665
202411.0,2024-11-04,54474,CONFOR,Consumidor Livre,SUDESTE,12.0,3.852606
202411.0,2024-11-05,54474,CONFOR,Consumidor Livre,SUDESTE,12.0,3.2582560000000003
202411.0,2024-11-06,54474,CONFOR,Consumidor Livre,SUDESTE,12.0,3.620345
202411.0,2024-11-07,54474,CONFOR,Consumidor Livre,SUDESTE,12.0,3.757736
202411.0,2024-11-08,54474,CONFOR,Consumidor Livre,SUDESTE,12.0,2.741168
202411.0,2024-11-09,54474,CONFOR,Consumidor Livre,SUDESTE,12.0,0.299572
202411.0,2024-11-10,54474,CONFOR,Consumidor Livre,SUDESTE,12.0,0.26072
202411.0,2024-11-11,54474,CONFOR,Consumidor Livre,SUDESTE,12.0,2.958115
202411.0,2024-11-12,54474,CONFOR,Consumidor Livre,SUDESTE,12.0,3.852023
202411.0,2024-11-13,54474,CONFOR,Consumidor Livre,SUDESTE,12.0,3.468411
202411.0,2024-11-14,54474,CONFOR,Consumidor Livre,SUDESTE,12.0,3.634891
202411.0,2024-11-15,54474,CONFOR,Consumidor Livre,SUDESTE,12.0,0.291227
202411.0,2024-11-16,54474,CONFOR,Consumidor Livre,SUDESTE,12.0,0.269056
202411.0,2024-11-17,54474,CONFOR,Consumidor Livre,SUDESTE,12.0,0.264648
202411.0,2024-11-18,54474,CONFOR,Consumidor Livre,SUDESTE,12.0,3.251769
202411.0,2024-11-19,54474,CONFOR,Consumidor Livre,SUDESTE,12.0,3.715311
202411.0,2024-11-20,54474,CONFOR,Consumidor Livre,SUDESTE,12.0,0.273417
202411.0,2024-11-21,54474,CONFOR,Consumidor Livre,SUDESTE,12.0,3.527958
202411.0,2024-11-22,54474,CONFOR,Consumidor Livre,SUDESTE,12.0,2.960473
202411.0,2024-11-23,54474,CONFOR,Consumidor Livre,SUDESTE,12.0,0.308692
202411.0,2024-11-24,54474,CONFOR,Consumidor Livre,SUDESTE,12.0,0.267798
202411.0,2024-11-25,54474,CONFOR,Consumidor Livre,SUDESTE,12.0,2.909271
202411.0,2024-11-26,54474,CONFOR,Consumidor Livre,SUDESTE,12.0,2.95514
202411.0,2024-11-27,54474,CONFOR,Consumidor Livre,SUDESTE,12.0,2.902247
202411.0,2024-11-28,54474,CONFOR,Consumidor Livre,SUDESTE,12.0,2.897607
202411.0,2024-11-29,54474,CONFOR,Consumidor Livre,SUDESTE,12.0,2.568068
202411.0,2024-11-30,54474,CONFOR,Consumidor Livre,SUDESTE,12.0,0.307063
202412.0,2024-12-01,54474,CONFOR,Consumidor Livre,SUDESTE,12.0,0.297176
202412.0,2024-12-02,54474,CONFOR,Consumidor Livre,SUDESTE,12.0,3.351923
202412.0,2024-12-03,54474,CONFOR,Consumidor Livre,SUDESTE,12.0,3.624731
202412.0,2024-12-04,54474,CONFOR,Consumidor Livre,SUDESTE,12.0,3.529381
202412.0,2024-12-05,54474,CONFOR,Consumidor Livre,SUDESTE,12.0,4.007038
202412.0,2024-12-06,54474,CONFOR,Consumidor Livre,SUDESTE,12.0,3.435501
202412.0,2024-12-07,54474,CONFOR,Consumidor Livre,SUDESTE,12.0,0.304247
202412.0,2024-12-08,54474,CONFOR,Consumidor Livre,SUDESTE,12.0,0.275994
202412.0,2024-12-09,54474,CONFOR,Consumidor Livre,SUDESTE,12.0,2.859862
202412.0,2024-12-10,54474,CONFOR,Consumidor Livre,SUDESTE,12.0,3.720118
202412.0,2024-12-11,54474,CONFOR,Consumidor Livre,SUDESTE,12.0,3.326757
202412.0,2024-12-12,54474,CONFOR,Consumidor Livre,SUDESTE,12.0,3.557316
202412.0,2024-12-13,54474,CONFOR,Consumidor Livre,SUDESTE,12.0,3.5485420000000003
202412.0,2024-12-14,54474,CONFOR,Consumidor Livre,SUDESTE,12.0,0.32565
202412.0,2024-12-15,54474,CONFOR,Consumidor Livre,SUDESTE,12.0,0.259631
202412.0,2024-12-16,54474,CONFOR,Consumidor Livre,SUDESTE,12.0,3.615981
202412.0,2024-12-17,54474,CONFOR,Consumidor Livre,SUDESTE,12.0,3.477905
202412.0,2024-12-18,54474,CONFOR,Consumidor Livre,SUDESTE,12.0,2.771067
202412.0,2024-12-19,54474,CONFOR,Consumidor Livre,SUDESTE,12.0,3.126637
202412.0,2024-12-20,54474,CONFOR,Consumidor Livre,SUDESTE,12.0,2.170292
202412.0,2024-12-21,54474,CONFOR,Consumidor Livre,SUDESTE,12.0,0.321131
202412.0,2024-12-22,54474,CONFOR,Consumidor Livre,SUDESTE,12.0,0.269273
202412.0,2024-12-23,54474,CONFOR,Consumidor Livre,SUDESTE,12.0,0.567071
202412.0,2024-12-24,54474,CONFOR,Consumidor Livre,SUDESTE,12.0,0.276675
202412.0,2024-12-25,54474,CONFOR,Consumidor Livre,SUDESTE,12.0,0.263463
202412.0,2024-12-26,54474,CONFOR,Consumidor Livre,SUDESTE,12.0,1.874007
202412.0,2024-12-27,54474,CONFOR,Consumidor Livre,SUDESTE,12.0,1.446871
202412.0,2024-12-28,54474,CONFOR,Consumidor Livre,SUDESTE,12.0,0.290957
202412.0,2024-12-29,54474,CONFOR,Consumidor Livre,SUDESTE,12.0,0.283379
202412.0,2024-12-30,54474,CONFOR,Consumidor Livre,SUDESTE,12.0,0.456813
202412.0,2024-12-31,54474,CONFOR,Consumidor Livre,SUDESTE,12.0,0.3048929999999999
202501.0,2025-01-01,54474,CONFOR,Consumidor Livre,SUDESTE,12.0,0.284859
202501.0,2025-01-02,54474,CONFOR,Consumidor Livre,SUDESTE,12.0,1.57295
202501.0,2025-01-03,54474,CONFOR,Consumidor Livre,SUDESTE,12.0,1.368079
202501.0,2025-01-04,54474,CONFOR,Consumidor Livre,SUDESTE,12.0,0.347354
202501.0,2025-01-05,54474,CONFOR,Consumidor Livre,SUDESTE,12.0,0.264021
202501.0,2025-01-06,54474,CONFOR,Consumidor Livre,SUDESTE,12.0,3.086915
202501.0,2025-01-07,54474,CONFOR,Consumidor Livre,SUDESTE,12.0,2.902929
202501.0,2025-01-08,54474,CONFOR,Consumidor Livre,SUDESTE,12.0,3.068491
202501.0,2025-01-09,54474,CONFOR,Consumidor Livre,SUDESTE,12.0,3.684885
202501.0,2025-01-10,54474,CONFOR,Consumidor Livre,SUDESTE,12.0,3.295933
202501.0,2025-01-11,54474,CONFOR,Consumidor Livre,SUDESTE,12.0,0.277877
202501.0,2025-01-12,54474,CONFOR,Consumidor Livre,SUDESTE,12.0,0.28104
202501.0,2025-01-13,54474,CONFOR,Consumidor Livre,SUDESTE,12.0,3.390887
202501.0,2025-01-14,54474,CONFOR,Consumidor Livre,SUDESTE,12.0,3.985477
202501.0,2025-01-15,54474,CONFOR,Consumidor Livre,SUDESTE,12.0,4.056075
202501.0,2025-01-16,54474,CONFOR,Consumidor Livre,SUDESTE,12.0,3.626299
202501.0,2025-01-17,54474,CONFOR,Consumidor Livre,SUDESTE,12.0,2.730466
202501.0,2025-01-18,54474,CONFOR,Consumidor Livre,SUDESTE,12.0,0.497353
202501.0,2025-01-19,54474,CONFOR,Consumidor Livre,SUDESTE,12.0,0.265003
202501.0,2025-01-20,54474,CONFOR,Consumidor Livre,SUDESTE,12.0,3.498828
202501.0,2025-01-21,54474,CONFOR,Consumidor Livre,SUDESTE,12.0,3.614172
202501.0,2025-01-22,54474,CONFOR,Consumidor Livre,SUDESTE,12.0,3.476639
202501.0,2025-01-23,54474,CONFOR,Consumidor Livre,SUDESTE,12.0,3.835152
202501.0,2025-01-24,54474,CONFOR,Consumidor Livre,SUDESTE,12.0,3.267943
202501.0,2025-01-25,54474,CONFOR,Consumidor Livre,SUDESTE,12.0,0.781011
202501.0,2025-01-26,54474,CONFOR,Consumidor Livre,SUDESTE,12.0,0.271445
202501.0,2025-01-27,54474,CONFOR,Consumidor Livre,SUDESTE,12.0,3.515222
202501.0,2025-01-28,54474,CONFOR,Consumidor Livre,SUDESTE,12.0,4.14035
202501.0,2025-01-29,54474,CONFOR,Consumidor Livre,SUDESTE,12.0,3.403363
202501.0,2025-01-30,54474,CONFOR,Consumidor Livre,SUDESTE,12.0,3.914049
202501.0,2025-01-31,54474,CONFOR,Consumidor Livre,SUDESTE,12.0,3.415564
202502.0,2025-02-01,54474,CONFOR,Consumidor Livre,SUDESTE,12.0,0.747316
202502.0,2025-02-02,54474,CONFOR,Consumidor Livre,SUDESTE,12.0,0.245167
202502.0,2025-02-03,54474,CONFOR,Consumidor Livre,SUDESTE,12.0,3.277732
202502.0,2025-02-04,54474,CONFOR,Consumidor Livre,SUDESTE,12.0,3.876641
202502.0,2025-02-05,54474,CONFOR,Consumidor Livre,SUDESTE,12.0,3.624505
202502.0,2025-02-06,54474,CONFOR,Consumidor Livre,SUDESTE,12.0,3.43818
202502.0,2025-02-07,54474,CONFOR,Consumidor Livre,SUDESTE,12.0,3.0042
202502.0,2025-02-08,54474,CONFOR,Consumidor Livre,SUDESTE,12.0,0.235364
202502.0,2025-02-09,54474,CONFOR,Consumidor Livre,SUDESTE,12.0,0.236139
202502.0,2025-02-10,54474,CONFOR,Consumidor Livre,SUDESTE,12.0,3.673994
202502.0,2025-02-11,54474,CONFOR,Consumidor Livre,SUDESTE,12.0,3.672274
202502.0,2025-02-12,54474,CONFOR,Consumidor Livre,SUDESTE,12.0,3.486587
202502.0,2025-02-13,54474,CONFOR,Consumidor Livre,SUDESTE,12.0,3.929752
202502.0,2025-02-14,54474,CONFOR,Consumidor Livre,SUDESTE,12.0,3.722987
202502.0,2025-02-15,54474,CONFOR,Consumidor Livre,SUDESTE,12.0,0.613026
202502.0,2025-02-16,54474,CONFOR,Consumidor Livre,SUDESTE,12.0,0.289116
202502.0,2025-02-17,54474,CONFOR,Consumidor Livre,SUDESTE,12.0,3.401393
202502.0,2025-02-18,54474,CONFOR,Consumidor Livre,SUDESTE,12.0,3.694674
202502.0,2025-02-19,54474,CONFOR,Consumidor Livre,SUDESTE,12.0,3.759223
202502.0,2025-02-20,54474,CONFOR,Consumidor Livre,SUDESTE,12.0,1.75133
202502.0,2025-02-21,54474,CONFOR,Consumidor Livre,SUDESTE,12.0,3.342561
202502.0,2025-02-22,54474,CONFOR,Consumidor Livre,SUDESTE,12.0,0.893218
202502.0,2025-02-23,54474,CONFOR,Consumidor Livre,SUDESTE,12.0,0.274959
202502.0,2025-02-24,54474,CONFOR,Consumidor Livre,SUDESTE,12.0,3.102069
202502.0,2025-02-25,54474,CONFOR,Consumidor Livre,SUDESTE,12.0,3.84491
202502.0,2025-02-26,54474,CONFOR,Consumidor Livre,SUDESTE,12.0,3.347273
202502.0,2025-02-27,54474,CONFOR,Consumidor Livre,SUDESTE,12.0,3.351036
202502.0,2025-02-28,54474,CONFOR,Consumidor Livre,SUDESTE,12.0,3.370565
202503.0,2025-03-01,54474,CONFOR,Consumidor Livre,SUDESTE,12.0,0.373818
202503.0,2025-03-02,54474,CONFOR,Consumidor Livre,SUDESTE,12.0,0.3354789999999999
202503.0,2025-03-03,54474,CONFOR,Consumidor Livre,SUDESTE,12.0,0.292286
202503.0,2025-03-04,54474,CONFOR,Consumidor Livre,SUDESTE,12.0,0.52579
202503.0,2025-03-05,54474,CONFOR,Consumidor Livre,SUDESTE,12.0,3.493354
202503.0,2025-03-06,54474,CONFOR,Consumidor Livre,SUDESTE,12.0,3.594797
202503.0,2025-03-07,54474,CONFOR,Consumidor Livre,SUDESTE,12.0,3.070079
202503.0,2025-03-08,54474,CONFOR,Consumidor Livre,SUDESTE,12.0,0.296747
202503.0,2025-03-09,54474,CONFOR,Consumidor Livre,SUDESTE,12.0,0.323379
202503.0,2025-03-10,54474,CONFOR,Consumidor Livre,SUDESTE,12.0,3.448028
202503.0,2025-03-11,54474,CONFOR,Consumidor Livre,SUDESTE,12.0,3.770742
202503.0,2025-03-12,54474,CONFOR,Consumidor Livre,SUDESTE,12.0,3.679144
202503.0,2025-03-13,54474,CONFOR,Consumidor Livre,SUDESTE,12.0,3.902092
202503.0,2025-03-14,54474,CONFOR,Consumidor Livre,SUDESTE,12.0,3.451347
202503.0,2025-03-15,54474,CONFOR,Consumidor Livre,SUDESTE,12.0,0.72596
202503.0,2025-03-16,54474,CONFOR,Consumidor Livre,SUDESTE,12.0,0.289198
202503.0,2025-03-17,54474,CONFOR,Consumidor Livre,SUDESTE,12.0,3.4178870000000003
202503.0,2025-03-18,54474,CONFOR,Consumidor Livre,SUDESTE,12.0,3.782098
202503.0,2025-03-19,54474,CONFOR,Consumidor Livre,SUDESTE,12.0,3.792085
202503.0,2025-03-20,54474,CONFOR,Consumidor Livre,SUDESTE,12.0,3.560878
202503.0,2025-03-21,54474,CONFOR,Consumidor Livre,SUDESTE,12.0,3.106996
202503.0,2025-03-22,54474,CONFOR,Consumidor Livre,SUDESTE,12.0,0.765955
202503.0,2025-03-23,54474,CONFOR,Consumidor Livre,SUDESTE,12.0,0.246623
202503.0,2025-03-24,54474,CONFOR,Consumidor Livre,SUDESTE,12.0,3.665293
202503.0,2025-03-25,54474,CONFOR,Consumidor Livre,SUDESTE,12.0,3.834534
202503.0,2025-03-26,54474,CONFOR,Consumidor Livre,SUDESTE,12.0,3.832518
202503.0,2025-03-27,54474,CONFOR,Consumidor Livre,SUDESTE,12.0,3.620004
202503.0,2025-03-28,54474,CONFOR,Consumidor Livre,SUDESTE,12.0,3.889942
202503.0,2025-03-29,54474,CONFOR,Consumidor Livre,SUDESTE,12.0,0.810306
202503.0,2025-03-30,54474,CONFOR,Consumidor Livre,SUDESTE,12.0,0.348011
202503.0,2025-03-31,54474,CONFOR,Consumidor Livre,SUDESTE,12.0,3.660837
202504.0,2025-04-01,54474,CONFOR,Consumidor Livre,SUDESTE,12.0,4.397012
202504.0,2025-04-02,54474,CONFOR,Consumidor Livre,SUDESTE,12.0,3.786769
202504.0,2025-04-03,54474,CONFOR,Consumidor Livre,SUDESTE,12.0,3.885508
202504.0,2025-04-04,54474,CONFOR,Consumidor Livre,SUDESTE,12.0,3.654381
202504.0,2025-04-05,54474,CONFOR,Consumidor Livre,SUDESTE,12.0,0.970545
202504.0,2025-04-06,54474,CONFOR,Consumidor Livre,SUDESTE,12.0,0.34382
202504.0,2025-04-07,54474,CONFOR,Consumidor Livre,SUDESTE,12.0,3.588459
202504.0,2025-04-08,54474,CONFOR,Consumidor Livre,SUDESTE,12.0,3.359017
202504.0,2025-04-09,54474,CONFOR,Consumidor Livre,SUDESTE,12.0,3.728027
202504.0,2025-04-10,54474,CONFOR,Consumidor Livre,SUDESTE,12.0,4.120156
202504.0,2025-04-11,54474,CONFOR,Consumidor Livre,SUDESTE,12.0,3.3050770000000003
202504.0,2025-04-12,54474,CONFOR,Consumidor Livre,SUDESTE,12.0,0.810519
202504.0,2025-04-13,54474,CONFOR,Consumidor Livre,SUDESTE,12.0,0.299269
202504.0,2025-04-14,54474,CONFOR,Consumidor Livre,SUDESTE,12.0,3.693672
202504.0,2025-04-15,54474,CONFOR,Consumidor Livre,SUDESTE,12.0,3.631832
202504.0,2025-04-16,54474,CONFOR,Consumidor Livre,SUDESTE,12.0,3.614703
202504.0,2025-04-17,54474,CONFOR,Consumidor Livre,SUDESTE,12.0,4.255868
202504.0,2025-04-18,54474,CONFOR,Consumidor Livre,SUDESTE,12.0,0.358055
202504.0,2025-04-19,54474,CONFOR,Consumidor Livre,SUDESTE,12.0,0.333832
202504.0,2025-04-20,54474,CONFOR,Consumidor Livre,SUDESTE,12.0,0.342972
202504.0,2025-04-21,54474,CONFOR,Consumidor Livre,SUDESTE,12.0,0.3251819999999999
202504.0,2025-04-22,54474,CONFOR,Consumidor Livre,SUDESTE,12.0,2.956467
202504.0,2025-04-23,54474,CONFOR,Consumidor Livre,SUDESTE,12.0,4.25816
202504.0,2025-04-24,54474,CONFOR,Consumidor Livre,SUDESTE,12.0,3.805875
202504.0,2025-04-25,54474,CONFOR,Consumidor Livre,SUDESTE,12.0,3.75948
202504.0,2025-04-26,54474,CONFOR,Consumidor Livre,SUDESTE,12.0,0.241846
202504.0,2025-04-27,54474,CONFOR,Consumidor Livre,SUDESTE,12.0,0.287546
202504.0,2025-04-28,54474,CONFOR,Consumidor Livre,SUDESTE,12.0,3.675436
202504.0,2025-04-29,54474,CONFOR,Consumidor Livre,SUDESTE,12.0,4.102123
202504.0,2025-04-30,54474,CONFOR,Consumidor Livre,SUDESTE,12.0,3.215467
202505.0,2025-05-01,54474,CONFOR,Consumidor Livre,SUDESTE,12.0,1.004756
202505.0,2025-05-02,54474,CONFOR,Consumidor Livre,SUDESTE,12.0,0.320548
202505.0,2025-05-03,54474,CONFOR,Consumidor Livre,SUDESTE,12.0,0.238477
202505.0,2025-05-04,54474,CONFOR,Consumidor Livre,SUDESTE,12.0,0.334254
202505.0,2025-05-05,54474,CONFOR,Consumidor Livre,SUDESTE,12.0,3.0378920000000003
202505.0,2025-05-06,54474,CONFOR,Consumidor Livre,SUDESTE,12.0,3.526905
202505.0,2025-05-07,54474,CONFOR,Consumidor Livre,SUDESTE,12.0,3.721647
202505.0,2025-05-08,54474,CONFOR,Consumidor Livre,SUDESTE,12.0,3.959917
202505.0,2025-05-09,54474,CONFOR,Consumidor Livre,SUDESTE,12.0,3.332436
202505.0,2025-05-10,54474,CONFOR,Consumidor Livre,SUDESTE,12.0,0.768651
202505.0,2025-05-11,54474,CONFOR,Consumidor Livre,SUDESTE,12.0,0.272719
202505.0,2025-05-12,54474,CONFOR,Consumidor Livre,SUDESTE,12.0,3.346801
202505.0,2025-05-13,54474,CONFOR,Consumidor Livre,SUDESTE,12.0,3.004038
202505.0,2025-05-14,54474,CONFOR,Consumidor Livre,SUDESTE,12.0,3.208667
202505.0,2025-05-15,54474,CONFOR,Consumidor Livre,SUDESTE,12.0,4.274974
202505.0,2025-05-16,54474,CONFOR,Consumidor Livre,SUDESTE,12.0,3.337651
202505.0,2025-05-17,54474,CONFOR,Consumidor Livre,SUDESTE,12.0,0.661919
202505.0,2025-05-18,54474,CONFOR,Consumidor Livre,SUDESTE,12.0,0.280766
202505.0,2025-05-19,54474,CONFOR,Consumidor Livre,SUDESTE,12.0,4.00639
202505.0,2025-05-20,54474,CONFOR,Consumidor Livre,SUDESTE,12.0,4.240808
202505.0,2025-05-21,54474,CONFOR,Consumidor Livre,SUDESTE,12.0,4.370254
202505.0,2025-05-22,54474,CONFOR,Consumidor Livre,SUDESTE,12.0,3.97391
202505.0,2025-05-23,54474,CONFOR,Consumidor Livre,SUDESTE,12.0,3.285616
202505.0,2025-05-24,54474,CONFOR,Consumidor Livre,SUDESTE,12.0,0.668436
202505.0,2025-05-25,54474,CONFOR,Consumidor Livre,SUDESTE,12.0,0.267039
202505.0,2025-05-26,54474,CONFOR,Consumidor Livre,SUDESTE,12.0,3.556271
202505.0,2025-05-27,54474,CONFOR,Consumidor Livre,SUDESTE,12.0,3.78222
202505.0,2025-05-28,54474,CONFOR,Consumidor Livre,SUDESTE,12.0,3.356772
202505.0,2025-05-29,54474,CONFOR,Consumidor Livre,SUDESTE,12.0,4.212362
202505.0,2025-05-30,54474,CONFOR,Consumidor Livre,SUDESTE,12.0,3.583117
202505.0,2025-05-31,54474,CONFOR,Consumidor Livre,SUDESTE,12.0,0.71904
202506.0,2025-06-01,54474,CONFOR,Consumidor Livre,SUDESTE,12.0,0.218682
202506.0,2025-06-02,54474,CONFOR,Consumidor Livre,SUDESTE,12.0,4.136535
202506.0,2025-06-03,54474,CONFOR,Consumidor Livre,SUDESTE,12.0,3.4948330000000003
202506.0,2025-06-04,54474,CONFOR,Consumidor Livre,SUDESTE,12.0,4.084195
202506.0,2025-06-05,54474,CONFOR,Consumidor Livre,SUDESTE,12.0,4.03808
202506.0,2025-06-06,54474,CONFOR,Consumidor Livre,SUDESTE,12.0,3.656966
202506.0,2025-06-07,54474,CONFOR,Consumidor Livre,SUDESTE,12.0,0.739394
202506.0,2025-06-08,54474,CONFOR,Consumidor Livre,SUDESTE,12.0,0.23617
202506.0,2025-06-09,54474,CONFOR,Consumidor Livre,SUDESTE,12.0,3.168162
202506.0,2025-06-10,54474,CONFOR,Consumidor Livre,SUDESTE,12.0,3.90434
202506.0,2025-06-11,54474,CONFOR,Consumidor Livre,SUDESTE,12.0,4.348902
202506.0,2025-06-12,54474,CONFOR,Consumidor Livre,SUDESTE,12.0,3.506259
202506.0,2025-06-13,54474,CONFOR,Consumidor Livre,SUDESTE,12.0,3.666539
202506.0,2025-06-14,54474,CONFOR,Consumidor Livre,SUDESTE,12.0,0.292335
202506.0,2025-06-15,54474,CONFOR,Consumidor Livre,SUDESTE,12.0,0.227316
202506.0,2025-06-16,54474,CONFOR,Consumidor Livre,SUDESTE,12.0,3.898872
202506.0,2025-06-17,54474,CONFOR,Consumidor Livre,SUDESTE,12.0,3.983273
202506.0,2025-06-18,54474,CONFOR,Consumidor Livre,SUDESTE,12.0,4.04631
202506.0,2025-06-19,54474,CONFOR,Consumidor Livre,SUDESTE,12.0,0.423931
202506.0,2025-06-20,54474,CONFOR,Consumidor Livre,SUDESTE,12.0,0.377491
202506.0,2025-06-21,54474,CONFOR,Consumidor Livre,SUDESTE,12.0,0.326984
202506.0,2025-06-22,54474,CONFOR,Consumidor Livre,SUDESTE,12.0,0.31166
202506.0,2025-06-23,54474,CONFOR,Consumidor Livre,SUDESTE,12.0,3.573847
202506.0,2025-06-24,54474,CONFOR,Consumidor Livre,SUDESTE,12.0,3.498887
202506.0,2025-06-25,54474,CONFOR,Consumidor Livre,SUDESTE,12.0,3.756187
202506.0,2025-06-26,54474,CONFOR,Consumidor Livre,SUDESTE,12.0,3.881962
202506.0,2025-06-27,54474,CONFOR,Consumidor Livre,SUDESTE,12.0,3.652159
202506.0,2025-06-28,54474,CONFOR,Consumidor Livre,SUDESTE,12.0,0.680364
202506.0,2025-06-29,54474,CONFOR,Consumidor Livre,SUDESTE,12.0,0.325207
202506.0,2025-06-30,54474,CONFOR,Consumidor Livre,SUDESTE,12.0,3.621163
202507.0,2025-07-01,54474,CONFOR,Consumidor Livre,SUDESTE,12.0,3.921168
202507.0,2025-07-02,54474,CONFOR,Consumidor Livre,SUDESTE,12.0,4.200904
202507.0,2025-07-03,54474,CONFOR,Consumidor Livre,SUDESTE,12.0,3.730011
202507.0,2025-07-04,54474,CONFOR,Consumidor Livre,SUDESTE,12.0,3.851201
202507.0,2025-07-05,54474,CONFOR,Consumidor Livre,SUDESTE,12.0,0.350856
202507.0,2025-07-06,54474,CONFOR,Consumidor Livre,SUDESTE,12.0,0.384016
202507.0,2025-07-07,54474,CONFOR,Consumidor Livre,SUDESTE,12.0,4.080935
202507.0,2025-07-08,54474,CONFOR,Consumidor Livre,SUDESTE,12.0,3.502383
202507.0,2025-07-09,54474,CONFOR,Consumidor Livre,SUDESTE,12.0,3.841802
202507.0,2025-07-10,54474,CONFOR,Consumidor Livre,SUDESTE,12.0,3.809834
202507.0,2025-07-11,54474,CONFOR,Consumidor Livre,SUDESTE,12.0,3.377804
202507.0,2025-07-12,54474,CONFOR,Consumidor Livre,SUDESTE,12.0,0.45983
202507.0,2025-07-13,54474,CONFOR,Consumidor Livre,SUDESTE,12.0,0.346894
202507.0,2025-07-14,54474,CONFOR,Consumidor Livre,SUDESTE,12.0,4.031107
202507.0,2025-07-15,54474,CONFOR,Consumidor Livre,SUDESTE,12.0,4.3142700000000005
202507.0,2025-07-16,54474,CONFOR,Consumidor Livre,SUDESTE,12.0,3.873846
202507.0,2025-07-17,54474,CONFOR,Consumidor Livre,SUDESTE,12.0,4.040843
202507.0,2025-07-18,54474,CONFOR,Consumidor Livre,SUDESTE,12.0,3.343008
202507.0,2025-07-19,54474,CONFOR,Consumidor Livre,SUDESTE,12.0,0.447178
202507.0,2025-07-20,54474,CONFOR,Consumidor Livre,SUDESTE,12.0,0.313823
202507.0,2025-07-21,54474,CONFOR,Consumidor Livre,SUDESTE,12.0,3.62739
202507.0,2025-07-22,54474,CONFOR,Consumidor Livre,SUDESTE,12.0,3.81979
202507.0,2025-07-23,54474,CONFOR,Consumidor Livre,SUDESTE,12.0,3.677081
202507.0,2025-07-24,54474,CONFOR,Consumidor Livre,SUDESTE,12.0,4.007139
202507.0,2025-07-25,54474,CONFOR,Consumidor Livre,SUDESTE,12.0,3.504035
202507.0,2025-07-26,54474,CONFOR,Consumidor Livre,SUDESTE,12.0,0.344807
202507.0,2025-07-27,54474,CONFOR,Consumidor Livre,SUDESTE,12.0,0.341081
202507.0,2025-07-28,54474,CONFOR,Consumidor Livre,SUDESTE,12.0,4.122101
202507.0,2025-07-29,54474,CONFOR,Consumidor Livre,SUDESTE,12.0,3.489739
202507.0,2025-07-30,54474,CONFOR,Consumidor Livre,SUDESTE,12.0,3.454925
202507.0,2025-07-31,54474,CONFOR,Consumidor Livre,SUDESTE,12.0,3.976939
202508.0,2025-08-01,54474,CONFOR,Consumidor Livre,SUDESTE,12.0,3.258655
202508.0,2025-08-02,54474,CONFOR,Consumidor Livre,SUDESTE,12.0,0.63115
202508.0,2025-08-03,54474,CONFOR,Consumidor Livre,SUDESTE,12.0,0.321723
202508.0,2025-08-04,54474,CONFOR,Consumidor Livre,SUDESTE,12.0,3.776185
202508.0,2025-08-05,54474,CONFOR,Consumidor Livre,SUDESTE,12.0,3.860052
202508.0,2025-08-06,54474,CONFOR,Consumidor Livre,SUDESTE,12.0,3.64034
202508.0,2025-08-07,54474,CONFOR,Consumidor Livre,SUDESTE,12.0,3.349846
202508.0,2025-08-08,54474,CONFOR,Consumidor Livre,SUDESTE,12.0,3.094963
202508.0,2025-08-09,54474,CONFOR,Consumidor Livre,SUDESTE,12.0,0.3739
202508.0,2025-08-10,54474,CONFOR,Consumidor Livre,SUDESTE,12.0,0.345499
202508.0,2025-08-11,54474,CONFOR,Consumidor Livre,SUDESTE,12.0,3.720874
202508.0,2025-08-12,54474,CONFOR,Consumidor Livre,SUDESTE,12.0,3.492055
202508.0,2025-08-13,54474,CONFOR,Consumidor Livre,SUDESTE,12.0,3.925845
202508.0,2025-08-14,54474,CONFOR,Consumidor Livre,SUDESTE,12.0,3.892575
202508.0,2025-08-15,54474,CONFOR,Consumidor Livre,SUDESTE,12.0,3.114671
202508.0,2025-08-16,54474,CONFOR,Consumidor Livre,SUDESTE,12.0,0.395152
202508.0,2025-08-17,54474,CONFOR,Consumidor Livre,SUDESTE,12.0,0.332265
202508.0,2025-08-18,54474,CONFOR,Consumidor Livre,SUDESTE,12.0,4.014737
202508.0,2025-08-19,54474,CONFOR,Consumidor Livre,SUDESTE,12.0,3.96059
202508.0,2025-08-20,54474,CONFOR,Consumidor Livre,SUDESTE,12.0,3.966898
202508.0,2025-08-21,54474,CONFOR,Consumidor Livre,SUDESTE,12.0,4.225409
202508.0,2025-08-22,54474,CONFOR,Consumidor Livre,SUDESTE,12.0,3.471431
202508.0,2025-08-23,54474,CONFOR,Consumidor Livre,SUDESTE,12.0,0.43903
202508.0,2025-08-24,54474,CONFOR,Consumidor Livre,SUDESTE,12.0,0.308441
202508.0,2025-08-25,54474,CONFOR,Consumidor Livre,SUDESTE,12.0,3.657003
202508.0,2025-08-26,54474,CONFOR,Consumidor Livre,SUDESTE,12.0,3.933574
202508.0,2025-08-27,54474,CONFOR,Consumidor Livre,SUDESTE,12.0,4.244448
202508.0,2025-08-28,54474,CONFOR,Consumidor Livre,SUDESTE,12.0,3.326165
202508.0,2025-08-29,54474,CONFOR,Consumidor Livre,SUDESTE,12.0,3.342819
202508.0,2025-08-30,54474,CONFOR,Consumidor Livre,SUDESTE,12.0,0.365305
202508.0,2025-08-31,54474,CONFOR,Consumidor Livre,SUDESTE,12.0,0.343192
