MES_REFERENCIA,DATA,CODIGO_PERFIL_AGENTE,SIGLA_PERFIL_AGENTE,CLASSE_PERFIL_AGENTE,SUBMERCADO,CAPACIDADE_CARGA,CONSUMO_CARGA_ACL
,2023-01-01,54670,EXCLUSIVE GRAMADO CL,Consumidor Livre,SUL,12.0,4.250291
,2023-01-02,54670,EXCLUSIVE GRAMADO CL,Consumidor Livre,SUL,12.0,3.869228
,2023-01-03,54670,EXCLUSIVE GRAMADO CL,Consumidor Livre,SUL,12.0,3.771356
,2023-01-04,54670,EXCLUSIVE GRAMADO CL,Consumidor Livre,SUL,12.0,3.496285
,2023-01-05,54670,EXCLUSIVE GRAMADO CL,Consumidor Livre,SUL,12.0,3.432517
,2023-01-06,54670,EXCLUSIVE GRAMADO CL,Consumidor Livre,SUL,12.0,3.317031
,2023-01-07,54670,EXCLUSIVE GRAMADO CL,Consumidor Livre,SUL,12.0,3.298854
,2023-01-08,54670,EXCLUSIVE GRAMADO CL,Consumidor Livre,SUL,12.0,3.082437
,2023-01-09,54670,EXCLUSIVE GRAMADO CL,Consumidor Livre,SUL,12.0,3.325919
,2023-01-10,54670,EXCLUSIVE GRAMADO CL,Consumidor Livre,SUL,12.0,3.178617
,2023-01-11,54670,EXCLUSIVE GRAMADO CL,Consumidor Livre,SUL,12.0,3.14693
,2023-01-12,54670,EXCLUSIVE GRAMADO CL,Consumidor Livre,SUL,12.0,3.560608
,2023-01-13,54670,EXCLUSIVE GRAMADO CL,Consumidor Livre,SUL,12.0,3.430921
,2023-01-14,54670,EXCLUSIVE GRAMADO CL,Consumidor Livre,SUL,12.0,3.553397
,2023-01-15,54670,EXCLUSIVE GRAMADO CL,Consumidor Livre,SUL,12.0,3.360547
,2023-01-16,54670,EXCLUSIVE GRAMADO CL,Consumidor Livre,SUL,12.0,3.375744
,2023-01-17,54670,EXCLUSIVE GRAMADO CL,Consumidor Livre,SUL,12.0,3.644926
,2023-01-18,54670,EXCLUSIVE GRAMADO CL,Consumidor Livre,SUL,12.0,3.588361
,2023-01-19,54670,EXCLUSIVE GRAMADO CL,Consumidor Livre,SUL,12.0,3.482242
,2023-01-20,54670,EXCLUSIVE GRAMADO CL,Consumidor Livre,SUL,12.0,3.429816
,2023-01-21,54670,EXCLUSIVE GRAMADO CL,Consumidor Livre,SUL,12.0,3.544135
,2023-01-22,54670,EXCLUSIVE GRAMADO CL,Consumidor Livre,SUL,12.0,3.355071
,2023-01-23,54670,EXCLUSIVE GRAMADO CL,Consumidor Livre,SUL,12.0,3.660056
,2023-01-24,54670,EXCLUSIVE GRAMADO CL,Consumidor Livre,SUL,12.0,3.654002
,2023-01-25,54670,EXCLUSIVE GRAMADO CL,Consumidor Livre,SUL,12.0,3.937025
,2023-01-26,54670,EXCLUSIVE GRAMADO CL,Consumidor Livre,SUL,12.0,3.989716
,2023-01-27,54670,EXCLUSIVE GRAMADO CL,Consumidor Livre,SUL,12.0,4.0809
,2023-01-28,54670,EXCLUSIVE GRAMADO CL,Consumidor Livre,SUL,12.0,4.106965
,2023-01-29,54670,EXCLUSIVE GRAMADO CL,Consumidor Livre,SUL,12.0,3.283427
,2023-01-30,54670,EXCLUSIVE GRAMADO CL,Consumidor Livre,SUL,12.0,3.121337
,2023-01-31,54670,EXCLUSIVE GRAMADO CL,Consumidor Livre,SUL,12.0,2.934055
,2023-02-01,54670,EXCLUSIVE GRAMADO CL,Consumidor Livre,SUL,12.0,3.245506
,2023-02-02,54670,EXCLUSIVE GRAMADO CL,Consumidor Livre,SUL,12.0,3.412126
,2023-02-03,54670,EXCLUSIVE GRAMADO CL,Consumidor Livre,SUL,12.0,3.458845
,2023-02-04,54670,EXCLUSIVE GRAMADO CL,Consumidor Livre,SUL,12.0,3.391469
,2023-02-05,54670,EXCLUSIVE GRAMADO CL,Consumidor Livre,SUL,12.0,3.094072
,2023-02-06,54670,EXCLUSIVE GRAMADO CL,Consumidor Livre,SUL,12.0,2.917011
,2023-02-07,54670,EXCLUSIVE GRAMADO CL,Consumidor Livre,SUL,12.0,3.168532
,2023-02-08,54670,EXCLUSIVE GRAMADO CL,Consumidor Livre,SUL,12.0,3.251444
,2023-02-09,54670,EXCLUSIVE GRAMADO CL,Consumidor Livre,SUL,12.0,3.060074
,2023-02-10,54670,EXCLUSIVE GRAMADO CL,Consumidor Livre,SUL,12.0,3.255791
,2023-02-11,54670,EXCLUSIVE GRAMADO CL,Consumidor Livre,SUL,12.0,3.691586
,2023-02-12,54670,EXCLUSIVE GRAMADO CL,Consumidor Livre,SUL,12.0,3.405109
,2023-02-13,54670,EXCLUSIVE GRAMADO CL,Consumidor Livre,SUL,12.0,3.376015
,2023-02-14,54670,EXCLUSIVE GRAMADO CL,Consumidor Livre,SUL,12.0,3.154436
,2023-02-15,54670,EXCLUSIVE GRAMADO CL,Consumidor Livre,SUL,12.0,2.953488
,2023-02-16,54670,EXCLUSIVE GRAMADO CL,Consumidor Livre,SUL,12.0,2.787815
,2023-02-17,54670,EXCLUSIVE GRAMADO CL,Consumidor Livre,SUL,12.0,2.77321
,2023-02-18,54670,EXCLUSIVE GRAMADO CL,Consumidor Livre,SUL,12.0,2.6661
,2023-02-19,54670,EXCLUSIVE GRAMADO CL,Consumidor Livre,SUL,12.0,2.792794
,2023-02-20,54670,EXCLUSIVE GRAMADO CL,Consumidor Livre,SUL,12.0,3.05035
,2023-02-21,54670,EXCLUSIVE GRAMADO CL,Consumidor Livre,SUL,12.0,2.875042
,2023-02-22,54670,EXCLUSIVE GRAMADO CL,Consumidor Livre,SUL,12.0,2.921628
,2023-02-23,54670,EXCLUSIVE GRAMADO CL,Consumidor Livre,SUL,12.0,2.630107
,2023-02-24,54670,EXCLUSIVE GRAMADO CL,Consumidor Livre,SUL,12.0,2.637939
,2023-02-25,54670,EXCLUSIVE GRAMADO CL,Consumidor Livre,SUL,12.0,2.772311
,2023-02-26,54670,EXCLUSIVE GRAMADO CL,Consumidor Livre,SUL,12.0,2.582068
,2023-02-27,54670,EXCLUSIVE GRAMADO CL,Consumidor Livre,SUL,12.0,2.500928
,2023-02-28,54670,EXCLUSIVE GRAMADO CL,Consumidor Livre,SUL,12.0,2.346361
,2023-03-01,54670,EXCLUSIVE GRAMADO CL,Consumidor Livre,SUL,12.0,2.315935
,2023-03-02,54670,EXCLUSIVE GRAMADO CL,Consumidor Livre,SUL,12.0,2.568007
,2023-03-03,54670,EXCLUSIVE GRAMADO CL,Consumidor Livre,SUL,12.0,2.706816
,2023-03-04,54670,EXCLUSIVE GRAMADO CL,Consumidor Livre,SUL,12.0,3.124439
,2023-03-05,54670,EXCLUSIVE GRAMADO CL,Consumidor Livre,SUL,12.0,3.003421
,2023-03-06,54670,EXCLUSIVE GRAMADO CL,Consumidor Livre,SUL,12.0,2.696415
,2023-03-07,54670,EXCLUSIVE GRAMADO CL,Consumidor Livre,SUL,12.0,2.55203
,2023-03-08,54670,EXCLUSIVE GRAMADO CL,Consumidor Livre,SUL,12.0,2.654379
,2023-03-09,54670,EXCLUSIVE GRAMADO CL,Consumidor Livre,SUL,12.0,2.739498
,2023-03-10,54670,EXCLUSIVE GRAMADO CL,Consumidor Livre,SUL,12.0,3.020305
,2023-03-11,54670,EXCLUSIVE GRAMADO CL,Consumidor Livre,SUL,12.0,3.369497
,2023-03-12,54670,EXCLUSIVE GRAMADO CL,Consumidor Livre,SUL,12.0,3.312719
,2023-03-13,54670,EXCLUSIVE GRAMADO CL,Consumidor Livre,SUL,12.0,3.00788
,2023-03-14,54670,EXCLUSIVE GRAMADO CL,Consumidor Livre,SUL,12.0,2.866827
,2023-03-15,54670,EXCLUSIVE GRAMADO CL,Consumidor Livre,SUL,12.0,2.815286
,2023-03-16,54670,EXCLUSIVE GRAMADO CL,Consumidor Livre,SUL,12.0,3.017247
,2023-03-17,54670,EXCLUSIVE GRAMADO CL,Consumidor Livre,SUL,12.0,3.213087
,2023-03-18,54670,EXCLUSIVE GRAMADO CL,Consumidor Livre,SUL,12.0,3.552187
,2023-03-19,54670,EXCLUSIVE GRAMADO CL,Consumidor Livre,SUL,12.0,3.321888
,2023-03-20,54670,EXCLUSIVE GRAMADO CL,Consumidor Livre,SUL,12.0,3.139231
,2023-03-21,54670,EXCLUSIVE GRAMADO CL,Consumidor Livre,SUL,12.0,3.049873
,2023-03-22,54670,EXCLUSIVE GRAMADO CL,Consumidor Livre,SUL,12.0,3.1447320000000003
,2023-03-23,54670,EXCLUSIVE GRAMADO CL,Consumidor Livre,SUL,12.0,3.152035
,2023-03-24,54670,EXCLUSIVE GRAMADO CL,Consumidor Livre,SUL,12.0,3.070713
,2023-03-25,54670,EXCLUSIVE GRAMADO CL,Consumidor Livre,SUL,12.0,3.115661
,2023-03-26,54670,EXCLUSIVE GRAMADO CL,Consumidor Livre,SUL,12.0,2.801602
,2023-03-27,54670,EXCLUSIVE GRAMADO CL,Consumidor Livre,SUL,12.0,2.50336
,2023-03-28,54670,EXCLUSIVE GRAMADO CL,Consumidor Livre,SUL,12.0,2.464374
,2023-03-29,54670,EXCLUSIVE GRAMADO CL,Consumidor Livre,SUL,12.0,2.851582
,2023-03-30,54670,EXCLUSIVE GRAMADO CL,Consumidor Livre,SUL,12.0,2.636033
,2023-03-31,54670,EXCLUSIVE GRAMADO CL,Consumidor Livre,SUL,12.0,2.835448
,2023-04-01,54670,EXCLUSIVE GRAMADO CL,Consumidor Livre,SUL,12.0,2.765583
,2023-04-02,54670,EXCLUSIVE GRAMADO CL,Consumidor Livre,SUL,12.0,2.591922
,2023-04-03,54670,EXCLUSIVE GRAMADO CL,Consumidor Livre,SUL,12.0,2.494267
,2023-04-04,54670,EXCLUSIVE GRAMADO CL,Consumidor Livre,SUL,12.0,2.522397
,2023-04-05,54670,EXCLUSIVE GRAMADO CL,Consumidor Livre,SUL,12.0,2.582333
,2023-04-06,54670,EXCLUSIVE GRAMADO CL,Consumidor Livre,SUL,12.0,2.610368
,2023-04-07,54670,EXCLUSIVE GRAMADO CL,Consumidor Livre,SUL,12.0,2.691497
,2023-04-08,54670,EXCLUSIVE GRAMADO CL,Consumidor Livre,SUL,12.0,2.790753
,2023-04-09,54670,EXCLUSIVE GRAMADO CL,Consumidor Livre,SUL,12.0,2.592455
,2023-04-10,54670,EXCLUSIVE GRAMADO CL,Consumidor Livre,SUL,12.0,2.524023
,2023-04-11,54670,EXCLUSIVE GRAMADO CL,Consumidor Livre,SUL,12.0,2.50816
,2023-04-12,54670,EXCLUSIVE GRAMADO CL,Consumidor Livre,SUL,12.0,2.662399
,2023-04-13,54670,EXCLUSIVE GRAMADO CL,Consumidor Livre,SUL,12.0,2.629444
,2023-04-14,54670,EXCLUSIVE GRAMADO CL,Consumidor Livre,SUL,12.0,2.558336
,2023-04-15,54670,EXCLUSIVE GRAMADO CL,Consumidor Livre,SUL,12.0,2.578663
,2023-04-16,54670,EXCLUSIVE GRAMADO CL,Consumidor Livre,SUL,12.0,2.586369
,2023-04-17,54670,EXCLUSIVE GRAMADO CL,Consumidor Livre,SUL,12.0,2.42627
,2023-04-18,54670,EXCLUSIVE GRAMADO CL,Consumidor Livre,SUL,12.0,2.383527
,2023-04-19,54670,EXCLUSIVE GRAMADO CL,Consumidor Livre,SUL,12.0,2.522373
,2023-04-20,54670,EXCLUSIVE GRAMADO CL,Consumidor Livre,SUL,12.0,2.903916
,2023-04-21,54670,EXCLUSIVE GRAMADO CL,Consumidor Livre,SUL,12.0,2.82205
,2023-04-22,54670,EXCLUSIVE GRAMADO CL,Consumidor Livre,SUL,12.0,2.767043
,2023-04-23,54670,EXCLUSIVE GRAMADO CL,Consumidor Livre,SUL,12.0,2.53951
,2023-04-24,54670,EXCLUSIVE GRAMADO CL,Consumidor Livre,SUL,12.0,2.561591
,2023-04-25,54670,EXCLUSIVE GRAMADO CL,Consumidor Livre,SUL,12.0,2.531709
,2023-04-26,54670,EXCLUSIVE GRAMADO CL,Consumidor Livre,SUL,12.0,2.560891
,2023-04-27,54670,EXCLUSIVE GRAMADO CL,Consumidor Livre,SUL,12.0,2.543521
,2023-04-28,54670,EXCLUSIVE GRAMADO CL,Consumidor Livre,SUL,12.0,2.745012
,2023-04-29,54670,EXCLUSIVE GRAMADO CL,Consumidor Livre,SUL,12.0,2.726637
,2023-04-30,54670,EXCLUSIVE GRAMADO CL,Consumidor Livre,SUL,12.0,2.884586
,2023-05-01,54670,EXCLUSIVE GRAMADO CL,Consumidor Livre,SUL,12.0,2.704151
,2023-05-02,54670,EXCLUSIVE GRAMADO CL,Consumidor Livre,SUL,12.0,2.341421
,2023-05-03,54670,EXCLUSIVE GRAMADO CL,Consumidor Livre,SUL,12.0,2.304568
,2023-05-04,54670,EXCLUSIVE GRAMADO CL,Consumidor Livre,SUL,12.0,2.357009
,2023-05-05,54670,EXCLUSIVE GRAMADO CL,Consumidor Livre,SUL,12.0,2.558437
,2023-05-06,54670,EXCLUSIVE GRAMADO CL,Consumidor Livre,SUL,12.0,2.818036
,2023-05-07,54670,EXCLUSIVE GRAMADO CL,Consumidor Livre,SUL,12.0,2.935886
,2023-05-08,54670,EXCLUSIVE GRAMADO CL,Consumidor Livre,SUL,12.0,2.57004
,2023-05-09,54670,EXCLUSIVE GRAMADO CL,Consumidor Livre,SUL,12.0,2.331691
,2023-05-10,54670,EXCLUSIVE GRAMADO CL,Consumidor Livre,SUL,12.0,2.367238
,2023-05-11,54670,EXCLUSIVE GRAMADO CL,Consumidor Livre,SUL,12.0,2.258761
,2023-05-12,54670,EXCLUSIVE GRAMADO CL,Consumidor Livre,SUL,12.0,2.236771
,2023-05-13,54670,EXCLUSIVE GRAMADO CL,Consumidor Livre,SUL,12.0,2.56666
,2023-05-14,54670,EXCLUSIVE GRAMADO CL,Consumidor Livre,SUL,12.0,2.754872
,2023-05-15,54670,EXCLUSIVE GRAMADO CL,Consumidor Livre,SUL,12.0,2.165417
,2023-05-16,54670,EXCLUSIVE GRAMADO CL,Consumidor Livre,SUL,12.0,2.160787
,2023-05-17,54670,EXCLUSIVE GRAMADO CL,Consumidor Livre,SUL,12.0,2.328258
,2023-05-18,54670,EXCLUSIVE GRAMADO CL,Consumidor Livre,SUL,12.0,2.501693
,2023-05-19,54670,EXCLUSIVE GRAMADO CL,Consumidor Livre,SUL,12.0,2.615899
,2023-05-20,54670,EXCLUSIVE GRAMADO CL,Consumidor Livre,SUL,12.0,2.730973
,2023-05-21,54670,EXCLUSIVE GRAMADO CL,Consumidor Livre,SUL,12.0,2.717865
,2023-05-22,54670,EXCLUSIVE GRAMADO CL,Consumidor Livre,SUL,12.0,2.706468
,2023-05-23,54670,EXCLUSIVE GRAMADO CL,Consumidor Livre,SUL,12.0,2.97583
,2023-05-24,54670,EXCLUSIVE GRAMADO CL,Consumidor Livre,SUL,12.0,2.999511
,2023-05-25,54670,EXCLUSIVE GRAMADO CL,Consumidor Livre,SUL,12.0,2.952598
,2023-05-26,54670,EXCLUSIVE GRAMADO CL,Consumidor Livre,SUL,12.0,3.125193
,2023-05-27,54670,EXCLUSIVE GRAMADO CL,Consumidor Livre,SUL,12.0,3.244715
,2023-05-28,54670,EXCLUSIVE GRAMADO CL,Consumidor Livre,SUL,12.0,2.91694
,2023-05-29,54670,EXCLUSIVE GRAMADO CL,Consumidor Livre,SUL,12.0,3.003968
,2023-05-30,54670,EXCLUSIVE GRAMADO CL,Consumidor Livre,SUL,12.0,2.718406
,2023-05-31,54670,EXCLUSIVE GRAMADO CL,Consumidor Livre,SUL,12.0,2.694335
,2023-06-01,54670,EXCLUSIVE GRAMADO CL,Consumidor Livre,SUL,12.0,2.63727
,2023-06-02,54670,EXCLUSIVE GRAMADO CL,Consumidor Livre,SUL,12.0,2.710223
,2023-06-03,54670,EXCLUSIVE GRAMADO CL,Consumidor Livre,SUL,12.0,2.778729
,2023-06-04,54670,EXCLUSIVE GRAMADO CL,Consumidor Livre,SUL,12.0,2.798149
,2023-06-05,54670,EXCLUSIVE GRAMADO CL,Consumidor Livre,SUL,12.0,2.698598
,2023-06-06,54670,EXCLUSIVE GRAMADO CL,Consumidor Livre,SUL,12.0,2.690345
,2023-06-07,54670,EXCLUSIVE GRAMADO CL,Consumidor Livre,SUL,12.0,2.610465
,2023-06-08,54670,EXCLUSIVE GRAMADO CL,Consumidor Livre,SUL,12.0,2.933848
,2023-06-09,54670,EXCLUSIVE GRAMADO CL,Consumidor Livre,SUL,12.0,3.118028
,2023-06-10,54670,EXCLUSIVE GRAMADO CL,Consumidor Livre,SUL,12.0,3.308983
,2023-06-11,54670,EXCLUSIVE GRAMADO CL,Consumidor Livre,SUL,12.0,2.928064
,2023-06-12,54670,EXCLUSIVE GRAMADO CL,Consumidor Livre,SUL,12.0,3.560602
,2023-06-13,54670,EXCLUSIVE GRAMADO CL,Consumidor Livre,SUL,12.0,3.848036
,2023-06-14,54670,EXCLUSIVE GRAMADO CL,Consumidor Livre,SUL,12.0,3.635995
,2023-06-15,54670,EXCLUSIVE GRAMADO CL,Consumidor Livre,SUL,12.0,3.54326
,2023-06-16,54670,EXCLUSIVE GRAMADO CL,Consumidor Livre,SUL,12.0,3.466456
,2023-06-17,54670,EXCLUSIVE GRAMADO CL,Consumidor Livre,SUL,12.0,3.471569
,2023-06-18,54670,EXCLUSIVE GRAMADO CL,Consumidor Livre,SUL,12.0,3.596819
,2023-06-19,54670,EXCLUSIVE GRAMADO CL,Consumidor Livre,SUL,12.0,3.3009500000000003
,2023-06-20,54670,EXCLUSIVE GRAMADO CL,Consumidor Livre,SUL,12.0,3.020267
,2023-06-21,54670,EXCLUSIVE GRAMADO CL,Consumidor Livre,SUL,12.0,2.853215
,2023-06-22,54670,EXCLUSIVE GRAMADO CL,Consumidor Livre,SUL,12.0,2.773616
,2023-06-23,54670,EXCLUSIVE GRAMADO CL,Consumidor Livre,SUL,12.0,2.909728
,2023-06-24,54670,EXCLUSIVE GRAMADO CL,Consumidor Livre,SUL,12.0,2.932204
,2023-06-25,54670,EXCLUSIVE GRAMADO CL,Consumidor Livre,SUL,12.0,2.945154
,2023-06-26,54670,EXCLUSIVE GRAMADO CL,Consumidor Livre,SUL,12.0,2.676168
,2023-06-27,54670,EXCLUSIVE GRAMADO CL,Consumidor Livre,SUL,12.0,2.488003
,2023-06-28,54670,EXCLUSIVE GRAMADO CL,Consumidor Livre,SUL,12.0,2.643649
,2023-06-29,54670,EXCLUSIVE GRAMADO CL,Consumidor Livre,SUL,12.0,3.086061
,2023-06-30,54670,EXCLUSIVE GRAMADO CL,Consumidor Livre,SUL,12.0,2.942821
,2023-07-01,54670,EXCLUSIVE GRAMADO CL,Consumidor Livre,SUL,12.0,2.694684
,2023-07-02,54670,EXCLUSIVE GRAMADO CL,Consumidor Livre,SUL,12.0,2.649598
,2023-07-03,54670,EXCLUSIVE GRAMADO CL,Consumidor Livre,SUL,12.0,2.426181
,2023-07-04,54670,EXCLUSIVE GRAMADO CL,Consumidor Livre,SUL,12.0,2.605322
,2023-07-05,54670,EXCLUSIVE GRAMADO CL,Consumidor Livre,SUL,12.0,2.480846
,2023-07-06,54670,EXCLUSIVE GRAMADO CL,Consumidor Livre,SUL,12.0,2.560349
,2023-07-07,54670,EXCLUSIVE GRAMADO CL,Consumidor Livre,SUL,12.0,2.684146
,2023-07-08,54670,EXCLUSIVE GRAMADO CL,Consumidor Livre,SUL,12.0,2.659866
,2023-07-09,54670,EXCLUSIVE GRAMADO CL,Consumidor Livre,SUL,12.0,2.619185
,2023-07-10,54670,EXCLUSIVE GRAMADO CL,Consumidor Livre,SUL,12.0,2.664121
,2023-07-11,54670,EXCLUSIVE GRAMADO CL,Consumidor Livre,SUL,12.0,3.05059
,2023-07-12,54670,EXCLUSIVE GRAMADO CL,Consumidor Livre,SUL,12.0,2.776072
,2023-07-13,54670,EXCLUSIVE GRAMADO CL,Consumidor Livre,SUL,12.0,2.759014
,2023-07-14,54670,EXCLUSIVE GRAMADO CL,Consumidor Livre,SUL,12.0,3.632906
,2023-07-15,54670,EXCLUSIVE GRAMADO CL,Consumidor Livre,SUL,12.0,3.558132
,2023-07-16,54670,EXCLUSIVE GRAMADO CL,Consumidor Livre,SUL,12.0,3.264004
,2023-07-17,54670,EXCLUSIVE GRAMADO CL,Consumidor Livre,SUL,12.0,3.358948
,2023-07-18,54670,EXCLUSIVE GRAMADO CL,Consumidor Livre,SUL,12.0,3.832352
,2023-07-19,54670,EXCLUSIVE GRAMADO CL,Consumidor Livre,SUL,12.0,3.843271
,2023-07-20,54670,EXCLUSIVE GRAMADO CL,Consumidor Livre,SUL,12.0,2.981616
,2023-07-21,54670,EXCLUSIVE GRAMADO CL,Consumidor Livre,SUL,12.0,2.697673
,2023-07-22,54670,EXCLUSIVE GRAMADO CL,Consumidor Livre,SUL,12.0,2.760209
,2023-07-23,54670,EXCLUSIVE GRAMADO CL,Consumidor Livre,SUL,12.0,2.736718
,2023-07-24,54670,EXCLUSIVE GRAMADO CL,Consumidor Livre,SUL,12.0,2.766276
,2023-07-25,54670,EXCLUSIVE GRAMADO CL,Consumidor Livre,SUL,12.0,2.724896
,2023-07-26,54670,EXCLUSIVE GRAMADO CL,Consumidor Livre,SUL,12.0,2.788039
,2023-07-27,54670,EXCLUSIVE GRAMADO CL,Consumidor Livre,SUL,12.0,2.505279
,2023-07-28,54670,EXCLUSIVE GRAMADO CL,Consumidor Livre,SUL,12.0,2.897841
,2023-07-29,54670,EXCLUSIVE GRAMADO CL,Consumidor Livre,SUL,12.0,3.530228
,2023-07-30,54670,EXCLUSIVE GRAMADO CL,Consumidor Livre,SUL,12.0,2.936203
,2023-07-31,54670,EXCLUSIVE GRAMADO CL,Consumidor Livre,SUL,12.0,2.298744
,2023-08-01,54670,EXCLUSIVE GRAMADO CL,Consumidor Livre,SUL,12.0,2.322601
,2023-08-02,54670,EXCLUSIVE GRAMADO CL,Consumidor Livre,SUL,12.0,2.459449
,2023-08-03,54670,EXCLUSIVE GRAMADO CL,Consumidor Livre,SUL,12.0,1.836688
,2023-08-04,54670,EXCLUSIVE GRAMADO CL,Consumidor Livre,SUL,12.0,2.447396
,2023-08-05,54670,EXCLUSIVE GRAMADO CL,Consumidor Livre,SUL,12.0,2.774518
,2023-08-06,54670,EXCLUSIVE GRAMADO CL,Consumidor Livre,SUL,12.0,2.725069
,2023-08-07,54670,EXCLUSIVE GRAMADO CL,Consumidor Livre,SUL,12.0,2.460292
,2023-08-08,54670,EXCLUSIVE GRAMADO CL,Consumidor Livre,SUL,12.0,2.19285
,2023-08-09,54670,EXCLUSIVE GRAMADO CL,Consumidor Livre,SUL,12.0,2.205567
,2023-08-10,54670,EXCLUSIVE GRAMADO CL,Consumidor Livre,SUL,12.0,2.36395
,2023-08-11,54670,EXCLUSIVE GRAMADO CL,Consumidor Livre,SUL,12.0,2.435616
,2023-08-12,54670,EXCLUSIVE GRAMADO CL,Consumidor Livre,SUL,12.0,2.610998
,2023-08-13,54670,EXCLUSIVE GRAMADO CL,Consumidor Livre,SUL,12.0,2.657923
,2023-08-14,54670,EXCLUSIVE GRAMADO CL,Consumidor Livre,SUL,12.0,2.738285
,2023-08-15,54670,EXCLUSIVE GRAMADO CL,Consumidor Livre,SUL,12.0,2.477797
,2023-08-16,54670,EXCLUSIVE GRAMADO CL,Consumidor Livre,SUL,12.0,2.450267
,2023-08-17,54670,EXCLUSIVE GRAMADO CL,Consumidor Livre,SUL,12.0,2.794868
,2023-08-18,54670,EXCLUSIVE GRAMADO CL,Consumidor Livre,SUL,12.0,2.899442
,2023-08-19,54670,EXCLUSIVE GRAMADO CL,Consumidor Livre,SUL,12.0,2.74611
,2023-08-20,54670,EXCLUSIVE GRAMADO CL,Consumidor Livre,SUL,12.0,2.466475
,2023-08-21,54670,EXCLUSIVE GRAMADO CL,Consumidor Livre,SUL,12.0,2.345069
,2023-08-22,54670,EXCLUSIVE GRAMADO CL,Consumidor Livre,SUL,12.0,2.298458
,2023-08-23,54670,EXCLUSIVE GRAMADO CL,Consumidor Livre,SUL,12.0,2.4512270000000003
,2023-08-24,54670,EXCLUSIVE GRAMADO CL,Consumidor Livre,SUL,12.0,2.377767
,2023-08-25,54670,EXCLUSIVE GRAMADO CL,Consumidor Livre,SUL,12.0,2.477814
,2023-08-26,54670,EXCLUSIVE GRAMADO CL,Consumidor Livre,SUL,12.0,3.159783
,2023-08-27,54670,EXCLUSIVE GRAMADO CL,Consumidor Livre,SUL,12.0,3.114965
,2023-08-28,54670,EXCLUSIVE GRAMADO CL,Consumidor Livre,SUL,12.0,3.111138
,2023-08-29,54670,EXCLUSIVE GRAMADO CL,Consumidor Livre,SUL,12.0,2.677558
,2023-08-30,54670,EXCLUSIVE GRAMADO CL,Consumidor Livre,SUL,12.0,2.21858
,2023-08-31,54670,EXCLUSIVE GRAMADO CL,Consumidor Livre,SUL,12.0,2.203095
,2023-09-01,54670,EXCLUSIVE GRAMADO CL,Consumidor Livre,SUL,12.0,2.302979
,2023-09-02,54670,EXCLUSIVE GRAMADO CL,Consumidor Livre,SUL,12.0,2.57261
,2023-09-03,54670,EXCLUSIVE GRAMADO CL,Consumidor Livre,SUL,12.0,2.620485
,2023-09-04,54670,EXCLUSIVE GRAMADO CL,Consumidor Livre,SUL,12.0,2.51836
,2023-09-05,54670,EXCLUSIVE GRAMADO CL,Consumidor Livre,SUL,12.0,2.098171
,2023-09-06,54670,EXCLUSIVE GRAMADO CL,Consumidor Livre,SUL,12.0,1.993091
,2023-09-07,54670,EXCLUSIVE GRAMADO CL,Consumidor Livre,SUL,12.0,2.254536
,2023-09-08,54670,EXCLUSIVE GRAMADO CL,Consumidor Livre,SUL,12.0,2.472374
,2023-09-09,54670,EXCLUSIVE GRAMADO CL,Consumidor Livre,SUL,12.0,2.542344
,2023-09-10,54670,EXCLUSIVE GRAMADO CL,Consumidor Livre,SUL,12.0,2.363194
,2023-09-11,54670,EXCLUSIVE GRAMADO CL,Consumidor Livre,SUL,12.0,2.524542
,2023-09-12,54670,EXCLUSIVE GRAMADO CL,Consumidor Livre,SUL,12.0,2.511502
,2023-09-13,54670,EXCLUSIVE GRAMADO CL,Consumidor Livre,SUL,12.0,2.432844
,2023-09-14,54670,EXCLUSIVE GRAMADO CL,Consumidor Livre,SUL,12.0,2.540263
,2023-09-15,54670,EXCLUSIVE GRAMADO CL,Consumidor Livre,SUL,12.0,2.913772
,2023-09-16,54670,EXCLUSIVE GRAMADO CL,Consumidor Livre,SUL,12.0,2.450805
,2023-09-17,54670,EXCLUSIVE GRAMADO CL,Consumidor Livre,SUL,12.0,2.858319
,2023-09-18,54670,EXCLUSIVE GRAMADO CL,Consumidor Livre,SUL,12.0,2.986822
,2023-09-19,54670,EXCLUSIVE GRAMADO CL,Consumidor Livre,SUL,12.0,2.699276
,2023-09-20,54670,EXCLUSIVE GRAMADO CL,Consumidor Livre,SUL,12.0,2.900551
,2023-09-21,54670,EXCLUSIVE GRAMADO CL,Consumidor Livre,SUL,12.0,3.149111
,2023-09-22,54670,EXCLUSIVE GRAMADO CL,Consumidor Livre,SUL,12.0,2.9998400000000003
,2023-09-23,54670,EXCLUSIVE GRAMADO CL,Consumidor Livre,SUL,12.0,2.882887
,2023-09-24,54670,EXCLUSIVE GRAMADO CL,Consumidor Livre,SUL,12.0,2.735051
,2023-09-25,54670,EXCLUSIVE GRAMADO CL,Consumidor Livre,SUL,12.0,2.384619
,2023-09-26,54670,EXCLUSIVE GRAMADO CL,Consumidor Livre,SUL,12.0,2.346834
,2023-09-27,54670,EXCLUSIVE GRAMADO CL,Consumidor Livre,SUL,12.0,2.338094
,2023-09-28,54670,EXCLUSIVE GRAMADO CL,Consumidor Livre,SUL,12.0,2.930555
,2023-09-29,54670,EXCLUSIVE GRAMADO CL,Consumidor Livre,SUL,12.0,2.622438
,2023-09-30,54670,EXCLUSIVE GRAMADO CL,Consumidor Livre,SUL,12.0,2.580585
,2023-10-01,54670,EXCLUSIVE GRAMADO CL,Consumidor Livre,SUL,12.0,2.295075
,2023-10-02,54670,EXCLUSIVE GRAMADO CL,Consumidor Livre,SUL,12.0,2.007718
,2023-10-03,54670,EXCLUSIVE GRAMADO CL,Consumidor Livre,SUL,12.0,2.083806
,2023-10-04,54670,EXCLUSIVE GRAMADO CL,Consumidor Livre,SUL,12.0,2.110427
,2023-10-05,54670,EXCLUSIVE GRAMADO CL,Consumidor Livre,SUL,12.0,2.227402
,2023-10-06,54670,EXCLUSIVE GRAMADO CL,Consumidor Livre,SUL,12.0,2.265039
,2023-10-07,54670,EXCLUSIVE GRAMADO CL,Consumidor Livre,SUL,12.0,2.4232
,2023-10-08,54670,EXCLUSIVE GRAMADO CL,Consumidor Livre,SUL,12.0,2.183946
,2023-10-09,54670,EXCLUSIVE GRAMADO CL,Consumidor Livre,SUL,12.0,2.019169
,2023-10-10,54670,EXCLUSIVE GRAMADO CL,Consumidor Livre,SUL,12.0,2.196771
,2023-10-11,54670,EXCLUSIVE GRAMADO CL,Consumidor Livre,SUL,12.0,2.327693
,2023-10-12,54670,EXCLUSIVE GRAMADO CL,Consumidor Livre,SUL,12.0,2.576087
,2023-10-13,54670,EXCLUSIVE GRAMADO CL,Consumidor Livre,SUL,12.0,3.218854
,2023-10-14,54670,EXCLUSIVE GRAMADO CL,Consumidor Livre,SUL,12.0,2.45353
,2023-10-15,54670,EXCLUSIVE GRAMADO CL,Consumidor Livre,SUL,12.0,2.370709
,2023-10-16,54670,EXCLUSIVE GRAMADO CL,Consumidor Livre,SUL,12.0,2.271288
,2023-10-17,54670,EXCLUSIVE GRAMADO CL,Consumidor Livre,SUL,12.0,2.240523
,2023-10-18,54670,EXCLUSIVE GRAMADO CL,Consumidor Livre,SUL,12.0,2.061183
,2023-10-19,54670,EXCLUSIVE GRAMADO CL,Consumidor Livre,SUL,12.0,2.054507
,2023-10-20,54670,EXCLUSIVE GRAMADO CL,Consumidor Livre,SUL,12.0,2.219236
,2023-10-21,54670,EXCLUSIVE GRAMADO CL,Consumidor Livre,SUL,12.0,2.573134
,2023-10-22,54670,EXCLUSIVE GRAMADO CL,Consumidor Livre,SUL,12.0,2.736603
,2023-10-23,54670,EXCLUSIVE GRAMADO CL,Consumidor Livre,SUL,12.0,2.670313
,2023-10-24,54670,EXCLUSIVE GRAMADO CL,Consumidor Livre,SUL,12.0,2.982286
,2023-10-25,54670,EXCLUSIVE GRAMADO CL,Consumidor Livre,SUL,12.0,2.521346
,2023-10-26,54670,EXCLUSIVE GRAMADO CL,Consumidor Livre,SUL,12.0,2.469437
,2023-10-27,54670,EXCLUSIVE GRAMADO CL,Consumidor Livre,SUL,12.0,2.723303
,2023-10-28,54670,EXCLUSIVE GRAMADO CL,Consumidor Livre,SUL,12.0,3.050679
,2023-10-29,54670,EXCLUSIVE GRAMADO CL,Consumidor Livre,SUL,12.0,3.118669
,2023-10-30,54670,EXCLUSIVE GRAMADO CL,Consumidor Livre,SUL,12.0,2.95316
,2023-10-31,54670,EXCLUSIVE GRAMADO CL,Consumidor Livre,SUL,12.0,2.641232
,2023-11-01,54670,EXCLUSIVE GRAMADO CL,Consumidor Livre,SUL,12.0,2.511736
,2023-11-02,54670,EXCLUSIVE GRAMADO CL,Consumidor Livre,SUL,12.0,2.675414
,2023-11-03,54670,EXCLUSIVE GRAMADO CL,Consumidor Livre,SUL,12.0,2.754353
,2023-11-04,54670,EXCLUSIVE GRAMADO CL,Consumidor Livre,SUL,12.0,2.483431
,2023-11-05,54670,EXCLUSIVE GRAMADO CL,Consumidor Livre,SUL,12.0,2.312748
,2023-11-06,54670,EXCLUSIVE GRAMADO CL,Consumidor Livre,SUL,12.0,2.326909
,2023-11-07,54670,EXCLUSIVE GRAMADO CL,Consumidor Livre,SUL,12.0,2.534762
,2023-11-08,54670,EXCLUSIVE GRAMADO CL,Consumidor Livre,SUL,12.0,2.840356
,2023-11-09,54670,EXCLUSIVE GRAMADO CL,Consumidor Livre,SUL,12.0,2.702325
,2023-11-10,54670,EXCLUSIVE GRAMADO CL,Consumidor Livre,SUL,12.0,2.929512
,2023-11-11,54670,EXCLUSIVE GRAMADO CL,Consumidor Livre,SUL,12.0,3.535983
,2023-11-12,54670,EXCLUSIVE GRAMADO CL,Consumidor Livre,SUL,12.0,3.210862
,2023-11-13,54670,EXCLUSIVE GRAMADO CL,Consumidor Livre,SUL,12.0,2.890346
,2023-11-14,54670,EXCLUSIVE GRAMADO CL,Consumidor Livre,SUL,12.0,2.715935
,2023-11-15,54670,EXCLUSIVE GRAMADO CL,Consumidor Livre,SUL,12.0,2.811026
,2023-11-16,54670,EXCLUSIVE GRAMADO CL,Consumidor Livre,SUL,12.0,2.826305
,2023-11-17,54670,EXCLUSIVE GRAMADO CL,Consumidor Livre,SUL,12.0,2.738832
,2023-11-18,54670,EXCLUSIVE GRAMADO CL,Consumidor Livre,SUL,12.0,2.857962
,2023-11-19,54670,EXCLUSIVE GRAMADO CL,Consumidor Livre,SUL,12.0,2.4761
,2023-11-20,54670,EXCLUSIVE GRAMADO CL,Consumidor Livre,SUL,12.0,2.517682
,2023-11-21,54670,EXCLUSIVE GRAMADO CL,Consumidor Livre,SUL,12.0,2.780436
,2023-11-22,54670,EXCLUSIVE GRAMADO CL,Consumidor Livre,SUL,12.0,2.968742
,2023-11-23,54670,EXCLUSIVE GRAMADO CL,Consumidor Livre,SUL,12.0,2.80294
,2023-11-24,54670,EXCLUSIVE GRAMADO CL,Consumidor Livre,SUL,12.0,2.864544
,2023-11-25,54670,EXCLUSIVE GRAMADO CL,Consumidor Livre,SUL,12.0,2.811138
,2023-11-26,54670,EXCLUSIVE GRAMADO CL,Consumidor Livre,SUL,12.0,2.86749
,2023-11-27,54670,EXCLUSIVE GRAMADO CL,Consumidor Livre,SUL,12.0,2.99929
,2023-11-28,54670,EXCLUSIVE GRAMADO CL,Consumidor Livre,SUL,12.0,2.857627
,2023-11-29,54670,EXCLUSIVE GRAMADO CL,Consumidor Livre,SUL,12.0,2.844945
,2023-11-30,54670,EXCLUSIVE GRAMADO CL,Consumidor Livre,SUL,12.0,3.222852
,2023-12-01,54670,EXCLUSIVE GRAMADO CL,Consumidor Livre,SUL,12.0,3.898899
,2023-12-02,54670,EXCLUSIVE GRAMADO CL,Consumidor Livre,SUL,12.0,4.271408
,2023-12-03,54670,EXCLUSIVE GRAMADO CL,Consumidor Livre,SUL,12.0,3.542198
,2023-12-04,54670,EXCLUSIVE GRAMADO CL,Consumidor Livre,SUL,12.0,2.819303
,2023-12-05,54670,EXCLUSIVE GRAMADO CL,Consumidor Livre,SUL,12.0,2.500208
,2023-12-06,54670,EXCLUSIVE GRAMADO CL,Consumidor Livre,SUL,12.0,3.057725
,2023-12-07,54670,EXCLUSIVE GRAMADO CL,Consumidor Livre,SUL,12.0,3.088963
,2023-12-08,54670,EXCLUSIVE GRAMADO CL,Consumidor Livre,SUL,12.0,2.762623
,2023-12-09,54670,EXCLUSIVE GRAMADO CL,Consumidor Livre,SUL,12.0,2.696304
,2023-12-10,54670,EXCLUSIVE GRAMADO CL,Consumidor Livre,SUL,12.0,2.798684
,2023-12-11,54670,EXCLUSIVE GRAMADO CL,Consumidor Livre,SUL,12.0,2.7500590000000003
,2023-12-12,54670,EXCLUSIVE GRAMADO CL,Consumidor Livre,SUL,12.0,3.042203
,2023-12-13,54670,EXCLUSIVE GRAMADO CL,Consumidor Livre,SUL,12.0,3.383852
,2023-12-14,54670,EXCLUSIVE GRAMADO CL,Consumidor Livre,SUL,12.0,3.951175
,2023-12-15,54670,EXCLUSIVE GRAMADO CL,Consumidor Livre,SUL,12.0,4.605823
,2023-12-16,54670,EXCLUSIVE GRAMADO CL,Consumidor Livre,SUL,12.0,4.663071
,2023-12-17,54670,EXCLUSIVE GRAMADO CL,Consumidor Livre,SUL,12.0,4.7368
,2023-12-18,54670,EXCLUSIVE GRAMADO CL,Consumidor Livre,SUL,12.0,5.192421
,2023-12-19,54670,EXCLUSIVE GRAMADO CL,Consumidor Livre,SUL,12.0,4.185258
,2023-12-20,54670,EXCLUSIVE GRAMADO CL,Consumidor Livre,SUL,12.0,3.822506
,2023-12-21,54670,EXCLUSIVE GRAMADO CL,Consumidor Livre,SUL,12.0,3.846619
,2023-12-22,54670,EXCLUSIVE GRAMADO CL,Consumidor Livre,SUL,12.0,4.267718
,2023-12-23,54670,EXCLUSIVE GRAMADO CL,Consumidor Livre,SUL,12.0,4.022721
,2023-12-24,54670,EXCLUSIVE GRAMADO CL,Consumidor Livre,SUL,12.0,4.578165
,2023-12-25,54670,EXCLUSIVE GRAMADO CL,Consumidor Livre,SUL,12.0,3.87845
,2023-12-26,54670,EXCLUSIVE GRAMADO CL,Consumidor Livre,SUL,12.0,3.219573
,2023-12-27,54670,EXCLUSIVE GRAMADO CL,Consumidor Livre,SUL,12.0,3.355308
,2023-12-28,54670,EXCLUSIVE GRAMADO CL,Consumidor Livre,SUL,12.0,3.908507
,2023-12-29,54670,EXCLUSIVE GRAMADO CL,Consumidor Livre,SUL,12.0,3.932925
,2023-12-30,54670,EXCLUSIVE GRAMADO CL,Consumidor Livre,SUL,12.0,3.484512
,2023-12-31,54670,EXCLUSIVE GRAMADO CL,Consumidor Livre,SUL,12.0,3.44954
,2024-01-01,54670,EXCLUSIVE GRAMADO CL,Consumidor Livre,SUL,12.0,3.73042
,2024-01-02,54670,EXCLUSIVE GRAMADO CL,Consumidor Livre,SUL,12.0,3.53406
,2024-01-03,54670,EXCLUSIVE GRAMADO CL,Consumidor Livre,SUL,12.0,3.483328
,2024-01-04,54670,EXCLUSIVE GRAMADO CL,Consumidor Livre,SUL,12.0,3.5352
,2024-01-05,54670,EXCLUSIVE GRAMADO CL,Consumidor Livre,SUL,12.0,3.60562
,2024-01-06,54670,EXCLUSIVE GRAMADO CL,Consumidor Livre,SUL,12.0,3.98837
,2024-01-07,54670,EXCLUSIVE GRAMADO CL,Consumidor Livre,SUL,12.0,4.060786
,2024-01-08,54670,EXCLUSIVE GRAMADO CL,Consumidor Livre,SUL,12.0,4.020256
,2024-01-09,54670,EXCLUSIVE GRAMADO CL,Consumidor Livre,SUL,12.0,4.014441
,2024-01-10,54670,EXCLUSIVE GRAMADO CL,Consumidor Livre,SUL,12.0,3.817139
,2024-01-11,54670,EXCLUSIVE GRAMADO CL,Consumidor Livre,SUL,12.0,3.799384
,2024-01-12,54670,EXCLUSIVE GRAMADO CL,Consumidor Livre,SUL,12.0,3.499378
,2024-01-13,54670,EXCLUSIVE GRAMADO CL,Consumidor Livre,SUL,12.0,3.606646
,2024-01-14,54670,EXCLUSIVE GRAMADO CL,Consumidor Livre,SUL,12.0,4.127699
,2024-01-15,54670,EXCLUSIVE GRAMADO CL,Consumidor Livre,SUL,12.0,3.805097
,2024-01-16,54670,EXCLUSIVE GRAMADO CL,Consumidor Livre,SUL,12.0,3.838366
,2024-01-17,54670,EXCLUSIVE GRAMADO CL,Consumidor Livre,SUL,12.0,3.696156
,2024-01-18,54670,EXCLUSIVE GRAMADO CL,Consumidor Livre,SUL,12.0,3.673934
,2024-01-19,54670,EXCLUSIVE GRAMADO CL,Consumidor Livre,SUL,12.0,3.892415
,2024-01-20,54670,EXCLUSIVE GRAMADO CL,Consumidor Livre,SUL,12.0,3.861656
,2024-01-21,54670,EXCLUSIVE GRAMADO CL,Consumidor Livre,SUL,12.0,3.212713
,2024-01-22,54670,EXCLUSIVE GRAMADO CL,Consumidor Livre,SUL,12.0,2.820187
,2024-01-23,54670,EXCLUSIVE GRAMADO CL,Consumidor Livre,SUL,12.0,2.798935
,2024-01-24,54670,EXCLUSIVE GRAMADO CL,Consumidor Livre,SUL,12.0,2.627808
,2024-01-25,54670,EXCLUSIVE GRAMADO CL,Consumidor Livre,SUL,12.0,2.614216
,2024-01-26,54670,EXCLUSIVE GRAMADO CL,Consumidor Livre,SUL,12.0,2.629607
,2024-01-27,54670,EXCLUSIVE GRAMADO CL,Consumidor Livre,SUL,12.0,2.635643
,2024-01-28,54670,EXCLUSIVE GRAMADO CL,Consumidor Livre,SUL,12.0,2.742092
,2024-01-29,54670,EXCLUSIVE GRAMADO CL,Consumidor Livre,SUL,12.0,2.616939
,2024-01-30,54670,EXCLUSIVE GRAMADO CL,Consumidor Livre,SUL,12.0,2.862268
,2024-01-31,54670,EXCLUSIVE GRAMADO CL,Consumidor Livre,SUL,12.0,2.933419
,2024-02-01,54670,EXCLUSIVE GRAMADO CL,Consumidor Livre,SUL,12.0,3.046595
,2024-02-02,54670,EXCLUSIVE GRAMADO CL,Consumidor Livre,SUL,12.0,3.298625
,2024-02-03,54670,EXCLUSIVE GRAMADO CL,Consumidor Livre,SUL,12.0,3.783843
,2024-02-04,54670,EXCLUSIVE GRAMADO CL,Consumidor Livre,SUL,12.0,4.140749
,2024-02-05,54670,EXCLUSIVE GRAMADO CL,Consumidor Livre,SUL,12.0,3.93486
,2024-02-06,54670,EXCLUSIVE GRAMADO CL,Consumidor Livre,SUL,12.0,3.950398
,2024-02-07,54670,EXCLUSIVE GRAMADO CL,Consumidor Livre,SUL,12.0,3.982925
,2024-02-08,54670,EXCLUSIVE GRAMADO CL,Consumidor Livre,SUL,12.0,3.619205
,2024-02-09,54670,EXCLUSIVE GRAMADO CL,Consumidor Livre,SUL,12.0,4.34807
,2024-02-10,54670,EXCLUSIVE GRAMADO CL,Consumidor Livre,SUL,12.0,5.320294
,2024-02-11,54670,EXCLUSIVE GRAMADO CL,Consumidor Livre,SUL,12.0,5.567001
,2024-02-12,54670,EXCLUSIVE GRAMADO CL,Consumidor Livre,SUL,12.0,5.348157
,2024-02-13,54670,EXCLUSIVE GRAMADO CL,Consumidor Livre,SUL,12.0,4.077314
,2024-02-14,54670,EXCLUSIVE GRAMADO CL,Consumidor Livre,SUL,12.0,2.583839
,2024-02-15,54670,EXCLUSIVE GRAMADO CL,Consumidor Livre,SUL,12.0,2.490996
,2024-02-16,54670,EXCLUSIVE GRAMADO CL,Consumidor Livre,SUL,12.0,2.639306
,2024-02-17,54670,EXCLUSIVE GRAMADO CL,Consumidor Livre,SUL,12.0,2.997223
,2024-02-18,54670,EXCLUSIVE GRAMADO CL,Consumidor Livre,SUL,12.0,2.815758
,2024-02-19,54670,EXCLUSIVE GRAMADO CL,Consumidor Livre,SUL,12.0,2.693993
,2024-02-20,54670,EXCLUSIVE GRAMADO CL,Consumidor Livre,SUL,12.0,2.44874
,2024-02-21,54670,EXCLUSIVE GRAMADO CL,Consumidor Livre,SUL,12.0,2.418399
,2024-02-22,54670,EXCLUSIVE GRAMADO CL,Consumidor Livre,SUL,12.0,2.463566
,2024-02-23,54670,EXCLUSIVE GRAMADO CL,Consumidor Livre,SUL,12.0,2.921361
,2024-02-24,54670,EXCLUSIVE GRAMADO CL,Consumidor Livre,SUL,12.0,3.951038
,2024-02-25,54670,EXCLUSIVE GRAMADO CL,Consumidor Livre,SUL,12.0,3.558321
,2024-02-26,54670,EXCLUSIVE GRAMADO CL,Consumidor Livre,SUL,12.0,3.13738
,2024-02-27,54670,EXCLUSIVE GRAMADO CL,Consumidor Livre,SUL,12.0,3.005452
,2024-02-28,54670,EXCLUSIVE GRAMADO CL,Consumidor Livre,SUL,12.0,3.141139
,2024-02-29,54670,EXCLUSIVE GRAMADO CL,Consumidor Livre,SUL,12.0,3.152516
202403.0,2024-03-01,54670,EXCLUSIVE GRAMADO CL,Consumidor Livre,SUL,12.0,3.716392
202403.0,2024-03-02,54670,EXCLUSIVE GRAMADO CL,Consumidor Livre,SUL,12.0,4.573353
202403.0,2024-03-03,54670,EXCLUSIVE GRAMADO CL,Consumidor Livre,SUL,12.0,4.028468
202403.0,2024-03-04,54670,EXCLUSIVE GRAMADO CL,Consumidor Livre,SUL,12.0,2.995927
202403.0,2024-03-05,54670,EXCLUSIVE GRAMADO CL,Consumidor Livre,SUL,12.0,2.790765
202403.0,2024-03-06,54670,EXCLUSIVE GRAMADO CL,Consumidor Livre,SUL,12.0,2.710337
202403.0,2024-03-07,54670,EXCLUSIVE GRAMADO CL,Consumidor Livre,SUL,12.0,3.1057
202403.0,2024-03-08,54670,EXCLUSIVE GRAMADO CL,Consumidor Livre,SUL,12.0,3.260904
202403.0,2024-03-09,54670,EXCLUSIVE GRAMADO CL,Consumidor Livre,SUL,12.0,3.587049
202403.0,2024-03-10,54670,EXCLUSIVE GRAMADO CL,Consumidor Livre,SUL,12.0,3.3492
202403.0,2024-03-11,54670,EXCLUSIVE GRAMADO CL,Consumidor Livre,SUL,12.0,3.079458
202403.0,2024-03-12,54670,EXCLUSIVE GRAMADO CL,Consumidor Livre,SUL,12.0,3.258415
202403.0,2024-03-13,54670,EXCLUSIVE GRAMADO CL,Consumidor Livre,SUL,12.0,3.418213
202403.0,2024-03-14,54670,EXCLUSIVE GRAMADO CL,Consumidor Livre,SUL,12.0,3.556813
202403.0,2024-03-15,54670,EXCLUSIVE GRAMADO CL,Consumidor Livre,SUL,12.0,3.684135
202403.0,2024-03-16,54670,EXCLUSIVE GRAMADO CL,Consumidor Livre,SUL,12.0,4.159646
202403.0,2024-03-17,54670,EXCLUSIVE GRAMADO CL,Consumidor Livre,SUL,12.0,3.562042
202403.0,2024-03-18,54670,EXCLUSIVE GRAMADO CL,Consumidor Livre,SUL,12.0,3.45152
202403.0,2024-03-19,54670,EXCLUSIVE GRAMADO CL,Consumidor Livre,SUL,12.0,3.454474
202403.0,2024-03-20,54670,EXCLUSIVE GRAMADO CL,Consumidor Livre,SUL,12.0,3.568291
202403.0,2024-03-21,54670,EXCLUSIVE GRAMADO CL,Consumidor Livre,SUL,12.0,3.255102
202403.0,2024-03-22,54670,EXCLUSIVE GRAMADO CL,Consumidor Livre,SUL,12.0,2.856267
202403.0,2024-03-23,54670,EXCLUSIVE GRAMADO CL,Consumidor Livre,SUL,12.0,3.007538
202403.0,2024-03-24,54670,EXCLUSIVE GRAMADO CL,Consumidor Livre,SUL,12.0,2.961408
202403.0,2024-03-25,54670,EXCLUSIVE GRAMADO CL,Consumidor Livre,SUL,12.0,2.743478
202403.0,2024-03-26,54670,EXCLUSIVE GRAMADO CL,Consumidor Livre,SUL,12.0,2.72083
202403.0,2024-03-27,54670,EXCLUSIVE GRAMADO CL,Consumidor Livre,SUL,12.0,2.935899
202403.0,2024-03-28,54670,EXCLUSIVE GRAMADO CL,Consumidor Livre,SUL,12.0,3.270542
202403.0,2024-03-29,54670,EXCLUSIVE GRAMADO CL,Consumidor Livre,SUL,12.0,3.800218
202403.0,2024-03-30,54670,EXCLUSIVE GRAMADO CL,Consumidor Livre,SUL,12.0,3.700978
202403.0,2024-03-31,54670,EXCLUSIVE GRAMADO CL,Consumidor Livre,SUL,12.0,3.644318
202404.0,2024-04-01,54670,EXCLUSIVE GRAMADO CL,Consumidor Livre,SUL,12.0,3.127046
202404.0,2024-04-02,54670,EXCLUSIVE GRAMADO CL,Consumidor Livre,SUL,12.0,2.754193
202404.0,2024-04-03,54670,EXCLUSIVE GRAMADO CL,Consumidor Livre,SUL,12.0,2.820782
202404.0,2024-04-04,54670,EXCLUSIVE GRAMADO CL,Consumidor Livre,SUL,12.0,2.865175
202404.0,2024-04-05,54670,EXCLUSIVE GRAMADO CL,Consumidor Livre,SUL,12.0,2.8946
202404.0,2024-04-06,54670,EXCLUSIVE GRAMADO CL,Consumidor Livre,SUL,12.0,2.869307
202404.0,2024-04-07,54670,EXCLUSIVE GRAMADO CL,Consumidor Livre,SUL,12.0,2.807818
202404.0,2024-04-08,54670,EXCLUSIVE GRAMADO CL,Consumidor Livre,SUL,12.0,2.719042
202404.0,2024-04-09,54670,EXCLUSIVE GRAMADO CL,Consumidor Livre,SUL,12.0,2.917587
202404.0,2024-04-10,54670,EXCLUSIVE GRAMADO CL,Consumidor Livre,SUL,12.0,2.955845
202404.0,2024-04-11,54670,EXCLUSIVE GRAMADO CL,Consumidor Livre,SUL,12.0,2.820234
202404.0,2024-04-12,54670,EXCLUSIVE GRAMADO CL,Consumidor Livre,SUL,12.0,2.771904
202404.0,2024-04-13,54670,EXCLUSIVE GRAMADO CL,Consumidor Livre,SUL,12.0,2.999114
202404.0,2024-04-14,54670,EXCLUSIVE GRAMADO CL,Consumidor Livre,SUL,12.0,2.963559
202404.0,2024-04-15,54670,EXCLUSIVE GRAMADO CL,Consumidor Livre,SUL,12.0,2.883721
202404.0,2024-04-16,54670,EXCLUSIVE GRAMADO CL,Consumidor Livre,SUL,12.0,2.842951
202404.0,2024-04-17,54670,EXCLUSIVE GRAMADO CL,Consumidor Livre,SUL,12.0,2.650067
202404.0,2024-04-18,54670,EXCLUSIVE GRAMADO CL,Consumidor Livre,SUL,12.0,2.599807
202404.0,2024-04-19,54670,EXCLUSIVE GRAMADO CL,Consumidor Livre,SUL,12.0,2.706131
202404.0,2024-04-20,54670,EXCLUSIVE GRAMADO CL,Consumidor Livre,SUL,12.0,2.879351
202404.0,2024-04-21,54670,EXCLUSIVE GRAMADO CL,Consumidor Livre,SUL,12.0,2.766085
202404.0,2024-04-22,54670,EXCLUSIVE GRAMADO CL,Consumidor Livre,SUL,12.0,2.655858
202404.0,2024-04-23,54670,EXCLUSIVE GRAMADO CL,Consumidor Livre,SUL,12.0,2.775182
202404.0,2024-04-24,54670,EXCLUSIVE GRAMADO CL,Consumidor Livre,SUL,12.0,2.672369
202404.0,2024-04-25,54670,EXCLUSIVE GRAMADO CL,Consumidor Livre,SUL,12.0,2.483098
202404.0,2024-04-26,54670,EXCLUSIVE GRAMADO CL,Consumidor Livre,SUL,12.0,2.780817
202404.0,2024-04-27,54670,EXCLUSIVE GRAMADO CL,Consumidor Livre,SUL,12.0,3.070035
202404.0,2024-04-28,54670,EXCLUSIVE GRAMADO CL,Consumidor Livre,SUL,12.0,2.808071
202404.0,2024-04-29,54670,EXCLUSIVE GRAMADO CL,Consumidor Livre,SUL,12.0,2.625739
202404.0,2024-04-30,54670,EXCLUSIVE GRAMADO CL,Consumidor Livre,SUL,12.0,2.540867
202405.0,2024-05-01,54670,EXCLUSIVE GRAMADO CL,Consumidor Livre,SUL,12.0,2.615162
202405.0,2024-05-02,54670,EXCLUSIVE GRAMADO CL,Consumidor Livre,SUL,12.0,0.0
202405.0,2024-05-03,54670,EXCLUSIVE GRAMADO CL,Consumidor Livre,SUL,12.0,1.126248
202405.0,2024-05-04,54670,EXCLUSIVE GRAMADO CL,Consumidor Livre,SUL,12.0,2.40361
202405.0,2024-05-05,54670,EXCLUSIVE GRAMADO CL,Consumidor Livre,SUL,12.0,2.300535
202405.0,2024-05-06,54670,EXCLUSIVE GRAMADO CL,Consumidor Livre,SUL,12.0,2.287116
202405.0,2024-05-07,54670,EXCLUSIVE GRAMADO CL,Consumidor Livre,SUL,12.0,2.455051
202405.0,2024-05-08,54670,EXCLUSIVE GRAMADO CL,Consumidor Livre,SUL,12.0,2.46199
202405.0,2024-05-09,54670,EXCLUSIVE GRAMADO CL,Consumidor Livre,SUL,12.0,2.196376
202405.0,2024-05-10,54670,EXCLUSIVE GRAMADO CL,Consumidor Livre,SUL,12.0,2.112191
202405.0,2024-05-11,54670,EXCLUSIVE GRAMADO CL,Consumidor Livre,SUL,12.0,2.221257
202405.0,2024-05-12,54670,EXCLUSIVE GRAMADO CL,Consumidor Livre,SUL,12.0,2.19874
202405.0,2024-05-13,54670,EXCLUSIVE GRAMADO CL,Consumidor Livre,SUL,12.0,1.981555
202405.0,2024-05-14,54670,EXCLUSIVE GRAMADO CL,Consumidor Livre,SUL,12.0,1.864445
202405.0,2024-05-15,54670,EXCLUSIVE GRAMADO CL,Consumidor Livre,SUL,12.0,2.487442
202405.0,2024-05-16,54670,EXCLUSIVE GRAMADO CL,Consumidor Livre,SUL,12.0,2.386967
202405.0,2024-05-17,54670,EXCLUSIVE GRAMADO CL,Consumidor Livre,SUL,12.0,2.430671
202405.0,2024-05-18,54670,EXCLUSIVE GRAMADO CL,Consumidor Livre,SUL,12.0,2.719507
202405.0,2024-05-19,54670,EXCLUSIVE GRAMADO CL,Consumidor Livre,SUL,12.0,2.62286
202405.0,2024-05-20,54670,EXCLUSIVE GRAMADO CL,Consumidor Livre,SUL,12.0,2.440708
202405.0,2024-05-21,54670,EXCLUSIVE GRAMADO CL,Consumidor Livre,SUL,12.0,2.360565
202405.0,2024-05-22,54670,EXCLUSIVE GRAMADO CL,Consumidor Livre,SUL,12.0,2.171476
202405.0,2024-05-23,54670,EXCLUSIVE GRAMADO CL,Consumidor Livre,SUL,12.0,1.973901
202405.0,2024-05-24,54670,EXCLUSIVE GRAMADO CL,Consumidor Livre,SUL,12.0,1.999307
202405.0,2024-05-25,54670,EXCLUSIVE GRAMADO CL,Consumidor Livre,SUL,12.0,2.81692
202405.0,2024-05-26,54670,EXCLUSIVE GRAMADO CL,Consumidor Livre,SUL,12.0,3.376183
202405.0,2024-05-27,54670,EXCLUSIVE GRAMADO CL,Consumidor Livre,SUL,12.0,2.66756
202405.0,2024-05-28,54670,EXCLUSIVE GRAMADO CL,Consumidor Livre,SUL,12.0,2.935964
202405.0,2024-05-29,54670,EXCLUSIVE GRAMADO CL,Consumidor Livre,SUL,12.0,2.894973
202405.0,2024-05-30,54670,EXCLUSIVE GRAMADO CL,Consumidor Livre,SUL,12.0,3.012961
202405.0,2024-05-31,54670,EXCLUSIVE GRAMADO CL,Consumidor Livre,SUL,12.0,3.355009
202406.0,2024-06-01,54670,EXCLUSIVE GRAMADO CL,Consumidor Livre,SUL,12.0,3.25167
202406.0,2024-06-02,54670,EXCLUSIVE GRAMADO CL,Consumidor Livre,SUL,12.0,2.766296
202406.0,2024-06-03,54670,EXCLUSIVE GRAMADO CL,Consumidor Livre,SUL,12.0,2.572173
202406.0,2024-06-04,54670,EXCLUSIVE GRAMADO CL,Consumidor Livre,SUL,12.0,2.84902
202406.0,2024-06-05,54670,EXCLUSIVE GRAMADO CL,Consumidor Livre,SUL,12.0,2.647335
202406.0,2024-06-06,54670,EXCLUSIVE GRAMADO CL,Consumidor Livre,SUL,12.0,2.330435
202406.0,2024-06-07,54670,EXCLUSIVE GRAMADO CL,Consumidor Livre,SUL,12.0,2.277909
202406.0,2024-06-08,54670,EXCLUSIVE GRAMADO CL,Consumidor Livre,SUL,12.0,2.471926
202406.0,2024-06-09,54670,EXCLUSIVE GRAMADO CL,Consumidor Livre,SUL,12.0,2.505161
202406.0,2024-06-10,54670,EXCLUSIVE GRAMADO CL,Consumidor Livre,SUL,12.0,2.401802
202406.0,2024-06-11,54670,EXCLUSIVE GRAMADO CL,Consumidor Livre,SUL,12.0,2.515915
202406.0,2024-06-12,54670,EXCLUSIVE GRAMADO CL,Consumidor Livre,SUL,12.0,2.654575
202406.0,2024-06-13,54670,EXCLUSIVE GRAMADO CL,Consumidor Livre,SUL,12.0,2.87694
202406.0,2024-06-14,54670,EXCLUSIVE GRAMADO CL,Consumidor Livre,SUL,12.0,2.726849
202406.0,2024-06-15,54670,EXCLUSIVE GRAMADO CL,Consumidor Livre,SUL,12.0,3.020132
202406.0,2024-06-16,54670,EXCLUSIVE GRAMADO CL,Consumidor Livre,SUL,12.0,2.930959
202406.0,2024-06-17,54670,EXCLUSIVE GRAMADO CL,Consumidor Livre,SUL,12.0,2.656122
202406.0,2024-06-18,54670,EXCLUSIVE GRAMADO CL,Consumidor Livre,SUL,12.0,2.281756
202406.0,2024-06-19,54670,EXCLUSIVE GRAMADO CL,Consumidor Livre,SUL,12.0,2.327472
202406.0,2024-06-20,54670,EXCLUSIVE GRAMADO CL,Consumidor Livre,SUL,12.0,2.558851
202406.0,2024-06-21,54670,EXCLUSIVE GRAMADO CL,Consumidor Livre,SUL,12.0,2.385198
202406.0,2024-06-22,54670,EXCLUSIVE GRAMADO CL,Consumidor Livre,SUL,12.0,2.831613
202406.0,2024-06-23,54670,EXCLUSIVE GRAMADO CL,Consumidor Livre,SUL,12.0,2.892535
202406.0,2024-06-24,54670,EXCLUSIVE GRAMADO CL,Consumidor Livre,SUL,12.0,3.004947
202406.0,2024-06-25,54670,EXCLUSIVE GRAMADO CL,Consumidor Livre,SUL,12.0,3.233843
202406.0,2024-06-26,54670,EXCLUSIVE GRAMADO CL,Consumidor Livre,SUL,12.0,3.107178
202406.0,2024-06-27,54670,EXCLUSIVE GRAMADO CL,Consumidor Livre,SUL,12.0,3.245372
202406.0,2024-06-28,54670,EXCLUSIVE GRAMADO CL,Consumidor Livre,SUL,12.0,3.255602
202406.0,2024-06-29,54670,EXCLUSIVE GRAMADO CL,Consumidor Livre,SUL,12.0,5.065421
202406.0,2024-06-30,54670,EXCLUSIVE GRAMADO CL,Consumidor Livre,SUL,12.0,5.181577
202407.0,2024-07-01,54670,EXCLUSIVE GRAMADO CL,Consumidor Livre,SUL,12.0,4.235096
202407.0,2024-07-02,54670,EXCLUSIVE GRAMADO CL,Consumidor Livre,SUL,12.0,3.279845
202407.0,2024-07-03,54670,EXCLUSIVE GRAMADO CL,Consumidor Livre,SUL,12.0,3.238459
202407.0,2024-07-04,54670,EXCLUSIVE GRAMADO CL,Consumidor Livre,SUL,12.0,3.194823
202407.0,2024-07-05,54670,EXCLUSIVE GRAMADO CL,Consumidor Livre,SUL,12.0,3.913276
202407.0,2024-07-06,54670,EXCLUSIVE GRAMADO CL,Consumidor Livre,SUL,12.0,4.908155
202407.0,2024-07-07,54670,EXCLUSIVE GRAMADO CL,Consumidor Livre,SUL,12.0,5.090558
202407.0,2024-07-08,54670,EXCLUSIVE GRAMADO CL,Consumidor Livre,SUL,12.0,4.891523
202407.0,2024-07-09,54670,EXCLUSIVE GRAMADO CL,Consumidor Livre,SUL,12.0,5.230293
202407.0,2024-07-10,54670,EXCLUSIVE GRAMADO CL,Consumidor Livre,SUL,12.0,4.921118
202407.0,2024-07-11,54670,EXCLUSIVE GRAMADO CL,Consumidor Livre,SUL,12.0,4.518805
202407.0,2024-07-12,54670,EXCLUSIVE GRAMADO CL,Consumidor Livre,SUL,12.0,4.100128
202407.0,2024-07-13,54670,EXCLUSIVE GRAMADO CL,Consumidor Livre,SUL,12.0,4.210354
202407.0,2024-07-14,54670,EXCLUSIVE GRAMADO CL,Consumidor Livre,SUL,12.0,4.63308
202407.0,2024-07-15,54670,EXCLUSIVE GRAMADO CL,Consumidor Livre,SUL,12.0,3.591378
202407.0,2024-07-16,54670,EXCLUSIVE GRAMADO CL,Consumidor Livre,SUL,12.0,3.086921
202407.0,2024-07-17,54670,EXCLUSIVE GRAMADO CL,Consumidor Livre,SUL,12.0,3.2775
202407.0,2024-07-18,54670,EXCLUSIVE GRAMADO CL,Consumidor Livre,SUL,12.0,3.209906
202407.0,2024-07-19,54670,EXCLUSIVE GRAMADO CL,Consumidor Livre,SUL,12.0,3.606178
202407.0,2024-07-20,54670,EXCLUSIVE GRAMADO CL,Consumidor Livre,SUL,12.0,3.204337
202407.0,2024-07-21,54670,EXCLUSIVE GRAMADO CL,Consumidor Livre,SUL,12.0,2.786646
202407.0,2024-07-22,54670,EXCLUSIVE GRAMADO CL,Consumidor Livre,SUL,12.0,3.053752
202407.0,2024-07-23,54670,EXCLUSIVE GRAMADO CL,Consumidor Livre,SUL,12.0,3.381105
202407.0,2024-07-24,54670,EXCLUSIVE GRAMADO CL,Consumidor Livre,SUL,12.0,3.318577
202407.0,2024-07-25,54670,EXCLUSIVE GRAMADO CL,Consumidor Livre,SUL,12.0,3.664568
202407.0,2024-07-26,54670,EXCLUSIVE GRAMADO CL,Consumidor Livre,SUL,12.0,3.516666
202407.0,2024-07-27,54670,EXCLUSIVE GRAMADO CL,Consumidor Livre,SUL,12.0,3.49369
202407.0,2024-07-28,54670,EXCLUSIVE GRAMADO CL,Consumidor Livre,SUL,12.0,3.30101
202407.0,2024-07-29,54670,EXCLUSIVE GRAMADO CL,Consumidor Livre,SUL,12.0,3.39919
202407.0,2024-07-30,54670,EXCLUSIVE GRAMADO CL,Consumidor Livre,SUL,12.0,3.837708
202407.0,2024-07-31,54670,EXCLUSIVE GRAMADO CL,Consumidor Livre,SUL,12.0,2.868788
202408.0,2024-08-01,54670,EXCLUSIVE GRAMADO CL,Consumidor Livre,SUL,12.0,3.123528
202408.0,2024-08-02,54670,EXCLUSIVE GRAMADO CL,Consumidor Livre,SUL,12.0,3.238393
202408.0,2024-08-03,54670,EXCLUSIVE GRAMADO CL,Consumidor Livre,SUL,12.0,3.388049
202408.0,2024-08-04,54670,EXCLUSIVE GRAMADO CL,Consumidor Livre,SUL,12.0,3.116397
202408.0,2024-08-05,54670,EXCLUSIVE GRAMADO CL,Consumidor Livre,SUL,12.0,2.846575
202408.0,2024-08-06,54670,EXCLUSIVE GRAMADO CL,Consumidor Livre,SUL,12.0,2.756844
202408.0,2024-08-07,54670,EXCLUSIVE GRAMADO CL,Consumidor Livre,SUL,12.0,2.603452
202408.0,2024-08-08,54670,EXCLUSIVE GRAMADO CL,Consumidor Livre,SUL,12.0,2.625391
202408.0,2024-08-09,54670,EXCLUSIVE GRAMADO CL,Consumidor Livre,SUL,12.0,3.150894
202408.0,2024-08-10,54670,EXCLUSIVE GRAMADO CL,Consumidor Livre,SUL,12.0,3.841397
202408.0,2024-08-11,54670,EXCLUSIVE GRAMADO CL,Consumidor Livre,SUL,12.0,3.791183
202408.0,2024-08-12,54670,EXCLUSIVE GRAMADO CL,Consumidor Livre,SUL,12.0,3.791988
202408.0,2024-08-13,54670,EXCLUSIVE GRAMADO CL,Consumidor Livre,SUL,12.0,3.61444
202408.0,2024-08-14,54670,EXCLUSIVE GRAMADO CL,Consumidor Livre,SUL,12.0,3.294244
202408.0,2024-08-15,54670,EXCLUSIVE GRAMADO CL,Consumidor Livre,SUL,12.0,2.96941
202408.0,2024-08-16,54670,EXCLUSIVE GRAMADO CL,Consumidor Livre,SUL,12.0,2.905073
202408.0,2024-08-17,54670,EXCLUSIVE GRAMADO CL,Consumidor Livre,SUL,12.0,3.062175
202408.0,2024-08-18,54670,EXCLUSIVE GRAMADO CL,Consumidor Livre,SUL,12.0,3.353285
202408.0,2024-08-19,54670,EXCLUSIVE GRAMADO CL,Consumidor Livre,SUL,12.0,3.223473
202408.0,2024-08-20,54670,EXCLUSIVE GRAMADO CL,Consumidor Livre,SUL,12.0,2.97077
202408.0,2024-08-21,54670,EXCLUSIVE GRAMADO CL,Consumidor Livre,SUL,12.0,2.889288
202408.0,2024-08-22,54670,EXCLUSIVE GRAMADO CL,Consumidor Livre,SUL,12.0,2.749244
202408.0,2024-08-23,54670,EXCLUSIVE GRAMADO CL,Consumidor Livre,SUL,12.0,2.900168
202408.0,2024-08-24,54670,EXCLUSIVE GRAMADO CL,Consumidor Livre,SUL,12.0,3.674522
202408.0,2024-08-25,54670,EXCLUSIVE GRAMADO CL,Consumidor Livre,SUL,12.0,3.824095
202408.0,2024-08-26,54670,EXCLUSIVE GRAMADO CL,Consumidor Livre,SUL,12.0,3.586155
202408.0,2024-08-27,54670,EXCLUSIVE GRAMADO CL,Consumidor Livre,SUL,12.0,3.225308
202408.0,2024-08-28,54670,EXCLUSIVE GRAMADO CL,Consumidor Livre,SUL,12.0,3.188045
202408.0,2024-08-29,54670,EXCLUSIVE GRAMADO CL,Consumidor Livre,SUL,12.0,2.707548
202408.0,2024-08-30,54670,EXCLUSIVE GRAMADO CL,Consumidor Livre,SUL,12.0,2.980465
202408.0,2024-08-31,54670,EXCLUSIVE GRAMADO CL,Consumidor Livre,SUL,12.0,3.350371
202409.0,2024-09-01,54670,EXCLUSIVE GRAMADO CL,Consumidor Livre,SUL,12.0,3.012273
202409.0,2024-09-02,54670,EXCLUSIVE GRAMADO CL,Consumidor Livre,SUL,12.0,2.693082
202409.0,2024-09-03,54670,EXCLUSIVE GRAMADO CL,Consumidor Livre,SUL,12.0,2.640589
202409.0,2024-09-04,54670,EXCLUSIVE GRAMADO CL,Consumidor Livre,SUL,12.0,2.610181
202409.0,2024-09-05,54670,EXCLUSIVE GRAMADO CL,Consumidor Livre,SUL,12.0,2.414749
202409.0,2024-09-06,54670,EXCLUSIVE GRAMADO CL,Consumidor Livre,SUL,12.0,2.547058
202409.0,2024-09-07,54670,EXCLUSIVE GRAMADO CL,Consumidor Livre,SUL,12.0,2.884746
202409.0,2024-09-08,54670,EXCLUSIVE GRAMADO CL,Consumidor Livre,SUL,12.0,3.010245
202409.0,2024-09-09,54670,EXCLUSIVE GRAMADO CL,Consumidor Livre,SUL,12.0,2.918273
202409.0,2024-09-10,54670,EXCLUSIVE GRAMADO CL,Consumidor Livre,SUL,12.0,3.432484
202409.0,2024-09-11,54670,EXCLUSIVE GRAMADO CL,Consumidor Livre,SUL,12.0,3.347119
202409.0,2024-09-12,54670,EXCLUSIVE GRAMADO CL,Consumidor Livre,SUL,12.0,2.965317
202409.0,2024-09-13,54670,EXCLUSIVE GRAMADO CL,Consumidor Livre,SUL,12.0,3.013712
202409.0,2024-09-14,54670,EXCLUSIVE GRAMADO CL,Consumidor Livre,SUL,12.0,2.984152
202409.0,2024-09-15,54670,EXCLUSIVE GRAMADO CL,Consumidor Livre,SUL,12.0,2.839344
202409.0,2024-09-16,54670,EXCLUSIVE GRAMADO CL,Consumidor Livre,SUL,12.0,2.842651
202409.0,2024-09-17,54670,EXCLUSIVE GRAMADO CL,Consumidor Livre,SUL,12.0,2.618924
202409.0,2024-09-18,54670,EXCLUSIVE GRAMADO CL,Consumidor Livre,SUL,12.0,2.509176
202409.0,2024-09-19,54670,EXCLUSIVE GRAMADO CL,Consumidor Livre,SUL,12.0,2.898156
202409.0,2024-09-20,54670,EXCLUSIVE GRAMADO CL,Consumidor Livre,SUL,12.0,3.079735
202409.0,2024-09-21,54670,EXCLUSIVE GRAMADO CL,Consumidor Livre,SUL,12.0,3.369924
202409.0,2024-09-22,54670,EXCLUSIVE GRAMADO CL,Consumidor Livre,SUL,12.0,3.422691
202409.0,2024-09-23,54670,EXCLUSIVE GRAMADO CL,Consumidor Livre,SUL,12.0,3.241591
202409.0,2024-09-24,54670,EXCLUSIVE GRAMADO CL,Consumidor Livre,SUL,12.0,3.037414
202409.0,2024-09-25,54670,EXCLUSIVE GRAMADO CL,Consumidor Livre,SUL,12.0,2.899507
202409.0,2024-09-26,54670,EXCLUSIVE GRAMADO CL,Consumidor Livre,SUL,12.0,2.734769
202409.0,2024-09-27,54670,EXCLUSIVE GRAMADO CL,Consumidor Livre,SUL,12.0,2.617708
202409.0,2024-09-28,54670,EXCLUSIVE GRAMADO CL,Consumidor Livre,SUL,12.0,2.791232
202409.0,2024-09-29,54670,EXCLUSIVE GRAMADO CL,Consumidor Livre,SUL,12.0,2.882309
202409.0,2024-09-30,54670,EXCLUSIVE GRAMADO CL,Consumidor Livre,SUL,12.0,2.802485
202410.0,2024-10-01,54670,EXCLUSIVE GRAMADO CL,Consumidor Livre,SUL,12.0,2.829816
202410.0,2024-10-02,54670,EXCLUSIVE GRAMADO CL,Consumidor Livre,SUL,12.0,2.542311
202410.0,2024-10-03,54670,EXCLUSIVE GRAMADO CL,Consumidor Livre,SUL,12.0,1.451655
202410.0,2024-10-04,54670,EXCLUSIVE GRAMADO CL,Consumidor Livre,SUL,12.0,2.213608
202410.0,2024-10-05,54670,EXCLUSIVE GRAMADO CL,Consumidor Livre,SUL,12.0,2.467604
202410.0,2024-10-06,54670,EXCLUSIVE GRAMADO CL,Consumidor Livre,SUL,12.0,2.490782
202410.0,2024-10-07,54670,EXCLUSIVE GRAMADO CL,Consumidor Livre,SUL,12.0,2.289286
202410.0,2024-10-08,54670,EXCLUSIVE GRAMADO CL,Consumidor Livre,SUL,12.0,2.455866
202410.0,2024-10-09,54670,EXCLUSIVE GRAMADO CL,Consumidor Livre,SUL,12.0,2.607578
202410.0,2024-10-10,54670,EXCLUSIVE GRAMADO CL,Consumidor Livre,SUL,12.0,2.45898
202410.0,2024-10-11,54670,EXCLUSIVE GRAMADO CL,Consumidor Livre,SUL,12.0,2.818745
202410.0,2024-10-12,54670,EXCLUSIVE GRAMADO CL,Consumidor Livre,SUL,12.0,2.925569
202410.0,2024-10-13,54670,EXCLUSIVE GRAMADO CL,Consumidor Livre,SUL,12.0,2.84561
202410.0,2024-10-14,54670,EXCLUSIVE GRAMADO CL,Consumidor Livre,SUL,12.0,2.901932
202410.0,2024-10-15,54670,EXCLUSIVE GRAMADO CL,Consumidor Livre,SUL,12.0,2.855767
202410.0,2024-10-16,54670,EXCLUSIVE GRAMADO CL,Consumidor Livre,SUL,12.0,2.774964
202410.0,2024-10-17,54670,EXCLUSIVE GRAMADO CL,Consumidor Livre,SUL,12.0,2.620894
202410.0,2024-10-18,54670,EXCLUSIVE GRAMADO CL,Consumidor Livre,SUL,12.0,2.713602
202410.0,2024-10-19,54670,EXCLUSIVE GRAMADO CL,Consumidor Livre,SUL,12.0,2.62232
202410.0,2024-10-20,54670,EXCLUSIVE GRAMADO CL,Consumidor Livre,SUL,12.0,2.826963
202410.0,2024-10-21,54670,EXCLUSIVE GRAMADO CL,Consumidor Livre,SUL,12.0,2.905188
202410.0,2024-10-22,54670,EXCLUSIVE GRAMADO CL,Consumidor Livre,SUL,12.0,3.57608
202410.0,2024-10-23,54670,EXCLUSIVE GRAMADO CL,Consumidor Livre,SUL,12.0,3.58366
202410.0,2024-10-24,54670,EXCLUSIVE GRAMADO CL,Consumidor Livre,SUL,12.0,2.7878920000000003
202410.0,2024-10-25,54670,EXCLUSIVE GRAMADO CL,Consumidor Livre,SUL,12.0,3.276297
202410.0,2024-10-26,54670,EXCLUSIVE GRAMADO CL,Consumidor Livre,SUL,12.0,3.15473
202410.0,2024-10-27,54670,EXCLUSIVE GRAMADO CL,Consumidor Livre,SUL,12.0,2.922434
202410.0,2024-10-28,54670,EXCLUSIVE GRAMADO CL,Consumidor Livre,SUL,12.0,3.083
202410.0,2024-10-29,54670,EXCLUSIVE GRAMADO CL,Consumidor Livre,SUL,12.0,3.221103
202410.0,2024-10-30,54670,EXCLUSIVE GRAMADO CL,Consumidor Livre,SUL,12.0,3.410818
202410.0,2024-10-31,54670,EXCLUSIVE GRAMADO CL,Consumidor Livre,SUL,12.0,3.517164
202411.0,2024-11-01,54670,EXCLUSIVE GRAMADO CL,Consumidor Livre,SUL,12.0,3.450854
202411.0,2024-11-02,54670,EXCLUSIVE GRAMADO CL,Consumidor Livre,SUL,12.0,4.041678
202411.0,2024-11-03,54670,EXCLUSIVE GRAMADO CL,Consumidor Livre,SUL,12.0,3.710606
202411.0,2024-11-04,54670,EXCLUSIVE GRAMADO CL,Consumidor Livre,SUL,12.0,3.65144
202411.0,2024-11-05,54670,EXCLUSIVE GRAMADO CL,Consumidor Livre,SUL,12.0,3.805165
202411.0,2024-11-06,54670,EXCLUSIVE GRAMADO CL,Consumidor Livre,SUL,12.0,3.800163
202411.0,2024-11-07,54670,EXCLUSIVE GRAMADO CL,Consumidor Livre,SUL,12.0,3.927254
202411.0,2024-11-08,54670,EXCLUSIVE GRAMADO CL,Consumidor Livre,SUL,12.0,3.292457
202411.0,2024-11-09,54670,EXCLUSIVE GRAMADO CL,Consumidor Livre,SUL,12.0,3.163003
202411.0,2024-11-10,54670,EXCLUSIVE GRAMADO CL,Consumidor Livre,SUL,12.0,3.136042
202411.0,2024-11-11,54670,EXCLUSIVE GRAMADO CL,Consumidor Livre,SUL,12.0,3.125196
202411.0,2024-11-12,54670,EXCLUSIVE GRAMADO CL,Consumidor Livre,SUL,12.0,2.988549
202411.0,2024-11-13,54670,EXCLUSIVE GRAMADO CL,Consumidor Livre,SUL,12.0,2.855869
202411.0,2024-11-14,54670,EXCLUSIVE GRAMADO CL,Consumidor Livre,SUL,12.0,2.913746
202411.0,2024-11-15,54670,EXCLUSIVE GRAMADO CL,Consumidor Livre,SUL,12.0,3.399357
202411.0,2024-11-16,54670,EXCLUSIVE GRAMADO CL,Consumidor Livre,SUL,12.0,4.117449
202411.0,2024-11-17,54670,EXCLUSIVE GRAMADO CL,Consumidor Livre,SUL,12.0,4.15368
202411.0,2024-11-18,54670,EXCLUSIVE GRAMADO CL,Consumidor Livre,SUL,12.0,4.114873
202411.0,2024-11-19,54670,EXCLUSIVE GRAMADO CL,Consumidor Livre,SUL,12.0,3.476063
202411.0,2024-11-20,54670,EXCLUSIVE GRAMADO CL,Consumidor Livre,SUL,12.0,3.09516
202411.0,2024-11-21,54670,EXCLUSIVE GRAMADO CL,Consumidor Livre,SUL,12.0,2.957145
202411.0,2024-11-22,54670,EXCLUSIVE GRAMADO CL,Consumidor Livre,SUL,12.0,3.118163
202411.0,2024-11-23,54670,EXCLUSIVE GRAMADO CL,Consumidor Livre,SUL,12.0,3.382474
202411.0,2024-11-24,54670,EXCLUSIVE GRAMADO CL,Consumidor Livre,SUL,12.0,3.278251
202411.0,2024-11-25,54670,EXCLUSIVE GRAMADO CL,Consumidor Livre,SUL,12.0,3.322216
202411.0,2024-11-26,54670,EXCLUSIVE GRAMADO CL,Consumidor Livre,SUL,12.0,3.464453
202411.0,2024-11-27,54670,EXCLUSIVE GRAMADO CL,Consumidor Livre,SUL,12.0,3.851964
202411.0,2024-11-28,54670,EXCLUSIVE GRAMADO CL,Consumidor Livre,SUL,12.0,3.523509
202411.0,2024-11-29,54670,EXCLUSIVE GRAMADO CL,Consumidor Livre,SUL,12.0,3.480602
202411.0,2024-11-30,54670,EXCLUSIVE GRAMADO CL,Consumidor Livre,SUL,12.0,3.711286
202412.0,2024-12-01,54670,EXCLUSIVE GRAMADO CL,Consumidor Livre,SUL,12.0,3.619395
202412.0,2024-12-02,54670,EXCLUSIVE GRAMADO CL,Consumidor Livre,SUL,12.0,3.609658
202412.0,2024-12-03,54670,EXCLUSIVE GRAMADO CL,Consumidor Livre,SUL,12.0,3.115843
202412.0,2024-12-04,54670,EXCLUSIVE GRAMADO CL,Consumidor Livre,SUL,12.0,3.189333
202412.0,2024-12-05,54670,EXCLUSIVE GRAMADO CL,Consumidor Livre,SUL,12.0,3.406402
202412.0,2024-12-06,54670,EXCLUSIVE GRAMADO CL,Consumidor Livre,SUL,12.0,3.621219
202412.0,2024-12-07,54670,EXCLUSIVE GRAMADO CL,Consumidor Livre,SUL,12.0,3.263917
202412.0,2024-12-08,54670,EXCLUSIVE GRAMADO CL,Consumidor Livre,SUL,12.0,2.806583
202412.0,2024-12-09,54670,EXCLUSIVE GRAMADO CL,Consumidor Livre,SUL,12.0,2.834701
202412.0,2024-12-10,54670,EXCLUSIVE GRAMADO CL,Consumidor Livre,SUL,12.0,3.051592
202412.0,2024-12-11,54670,EXCLUSIVE GRAMADO CL,Consumidor Livre,SUL,12.0,3.005604
202412.0,2024-12-12,54670,EXCLUSIVE GRAMADO CL,Consumidor Livre,SUL,12.0,3.493308
202412.0,2024-12-13,54670,EXCLUSIVE GRAMADO CL,Consumidor Livre,SUL,12.0,3.34175
202412.0,2024-12-14,54670,EXCLUSIVE GRAMADO CL,Consumidor Livre,SUL,12.0,3.522922
202412.0,2024-12-15,54670,EXCLUSIVE GRAMADO CL,Consumidor Livre,SUL,12.0,3.148987
202412.0,2024-12-16,54670,EXCLUSIVE GRAMADO CL,Consumidor Livre,SUL,12.0,3.23956
202412.0,2024-12-17,54670,EXCLUSIVE GRAMADO CL,Consumidor Livre,SUL,12.0,2.957815
202412.0,2024-12-18,54670,EXCLUSIVE GRAMADO CL,Consumidor Livre,SUL,12.0,3.19415
202412.0,2024-12-19,54670,EXCLUSIVE GRAMADO CL,Consumidor Livre,SUL,12.0,3.19809
202412.0,2024-12-20,54670,EXCLUSIVE GRAMADO CL,Consumidor Livre,SUL,12.0,3.698953
202412.0,2024-12-21,54670,EXCLUSIVE GRAMADO CL,Consumidor Livre,SUL,12.0,3.75586
202412.0,2024-12-22,54670,EXCLUSIVE GRAMADO CL,Consumidor Livre,SUL,12.0,3.200255
202412.0,2024-12-23,54670,EXCLUSIVE GRAMADO CL,Consumidor Livre,SUL,12.0,3.121181
202412.0,2024-12-24,54670,EXCLUSIVE GRAMADO CL,Consumidor Livre,SUL,12.0,3.779279
202412.0,2024-12-25,54670,EXCLUSIVE GRAMADO CL,Consumidor Livre,SUL,12.0,3.57412
202412.0,2024-12-26,54670,EXCLUSIVE GRAMADO CL,Consumidor Livre,SUL,12.0,3.657579
202412.0,2024-12-27,54670,EXCLUSIVE GRAMADO CL,Consumidor Livre,SUL,12.0,3.831831
202412.0,2024-12-28,54670,EXCLUSIVE GRAMADO CL,Consumidor Livre,SUL,12.0,3.901677
202412.0,2024-12-29,54670,EXCLUSIVE GRAMADO CL,Consumidor Livre,SUL,12.0,3.724
202412.0,2024-12-30,54670,EXCLUSIVE GRAMADO CL,Consumidor Livre,SUL,12.0,3.779617
202412.0,2024-12-31,54670,EXCLUSIVE GRAMADO CL,Consumidor Livre,SUL,12.0,3.943563
202501.0,2025-01-01,54670,EXCLUSIVE GRAMADO CL,Consumidor Livre,SUL,12.0,3.960675
202501.0,2025-01-02,54670,EXCLUSIVE GRAMADO CL,Consumidor Livre,SUL,12.0,4.158052
202501.0,2025-01-03,54670,EXCLUSIVE GRAMADO CL,Consumidor Livre,SUL,12.0,4.320875
202501.0,2025-01-04,54670,EXCLUSIVE GRAMADO CL,Consumidor Livre,SUL,12.0,4.00201
202501.0,2025-01-05,54670,EXCLUSIVE GRAMADO CL,Consumidor Livre,SUL,12.0,3.630976
202501.0,2025-01-06,54670,EXCLUSIVE GRAMADO CL,Consumidor Livre,SUL,12.0,3.710951
202501.0,2025-01-07,54670,EXCLUSIVE GRAMADO CL,Consumidor Livre,SUL,12.0,3.624462
202501.0,2025-01-08,54670,EXCLUSIVE GRAMADO CL,Consumidor Livre,SUL,12.0,3.658211
202501.0,2025-01-09,54670,EXCLUSIVE GRAMADO CL,Consumidor Livre,SUL,12.0,3.902344
202501.0,2025-01-10,54670,EXCLUSIVE GRAMADO CL,Consumidor Livre,SUL,12.0,4.001606
202501.0,2025-01-11,54670,EXCLUSIVE GRAMADO CL,Consumidor Livre,SUL,12.0,3.697165
202501.0,2025-01-12,54670,EXCLUSIVE GRAMADO CL,Consumidor Livre,SUL,12.0,3.546406
202501.0,2025-01-13,54670,EXCLUSIVE GRAMADO CL,Consumidor Livre,SUL,12.0,3.497246
202501.0,2025-01-14,54670,EXCLUSIVE GRAMADO CL,Consumidor Livre,SUL,12.0,3.640517
202501.0,2025-01-15,54670,EXCLUSIVE GRAMADO CL,Consumidor Livre,SUL,12.0,4.014062
202501.0,2025-01-16,54670,EXCLUSIVE GRAMADO CL,Consumidor Livre,SUL,12.0,4.167198
202501.0,2025-01-17,54670,EXCLUSIVE GRAMADO CL,Consumidor Livre,SUL,12.0,4.662319
202501.0,2025-01-18,54670,EXCLUSIVE GRAMADO CL,Consumidor Livre,SUL,12.0,4.918102
202501.0,2025-01-19,54670,EXCLUSIVE GRAMADO CL,Consumidor Livre,SUL,12.0,4.898413
202501.0,2025-01-20,54670,EXCLUSIVE GRAMADO CL,Consumidor Livre,SUL,12.0,4.577262
202501.0,2025-01-21,54670,EXCLUSIVE GRAMADO CL,Consumidor Livre,SUL,12.0,3.978271
202501.0,2025-01-22,54670,EXCLUSIVE GRAMADO CL,Consumidor Livre,SUL,12.0,4.318102
202501.0,2025-01-23,54670,EXCLUSIVE GRAMADO CL,Consumidor Livre,SUL,12.0,4.37027
202501.0,2025-01-24,54670,EXCLUSIVE GRAMADO CL,Consumidor Livre,SUL,12.0,4.18756
202501.0,2025-01-25,54670,EXCLUSIVE GRAMADO CL,Consumidor Livre,SUL,12.0,4.10914
202501.0,2025-01-26,54670,EXCLUSIVE GRAMADO CL,Consumidor Livre,SUL,12.0,3.640096
202501.0,2025-01-27,54670,EXCLUSIVE GRAMADO CL,Consumidor Livre,SUL,12.0,3.486494
202501.0,2025-01-28,54670,EXCLUSIVE GRAMADO CL,Consumidor Livre,SUL,12.0,3.27595
202501.0,2025-01-29,54670,EXCLUSIVE GRAMADO CL,Consumidor Livre,SUL,12.0,3.180955
202501.0,2025-01-30,54670,EXCLUSIVE GRAMADO CL,Consumidor Livre,SUL,12.0,2.72799
202501.0,2025-01-31,54670,EXCLUSIVE GRAMADO CL,Consumidor Livre,SUL,12.0,3.110017
202502.0,2025-02-01,54670,EXCLUSIVE GRAMADO CL,Consumidor Livre,SUL,12.0,3.347381
202502.0,2025-02-02,54670,EXCLUSIVE GRAMADO CL,Consumidor Livre,SUL,12.0,3.873974
202502.0,2025-02-03,54670,EXCLUSIVE GRAMADO CL,Consumidor Livre,SUL,12.0,3.853392
202502.0,2025-02-04,54670,EXCLUSIVE GRAMADO CL,Consumidor Livre,SUL,12.0,4.136347
202502.0,2025-02-05,54670,EXCLUSIVE GRAMADO CL,Consumidor Livre,SUL,12.0,4.616217
202502.0,2025-02-06,54670,EXCLUSIVE GRAMADO CL,Consumidor Livre,SUL,12.0,4.72124
202502.0,2025-02-07,54670,EXCLUSIVE GRAMADO CL,Consumidor Livre,SUL,12.0,4.289405
202502.0,2025-02-08,54670,EXCLUSIVE GRAMADO CL,Consumidor Livre,SUL,12.0,4.816285
202502.0,2025-02-09,54670,EXCLUSIVE GRAMADO CL,Consumidor Livre,SUL,12.0,4.83081
202502.0,2025-02-10,54670,EXCLUSIVE GRAMADO CL,Consumidor Livre,SUL,12.0,4.595796
202502.0,2025-02-11,54670,EXCLUSIVE GRAMADO CL,Consumidor Livre,SUL,12.0,5.048857
202502.0,2025-02-12,54670,EXCLUSIVE GRAMADO CL,Consumidor Livre,SUL,12.0,4.37131
202502.0,2025-02-13,54670,EXCLUSIVE GRAMADO CL,Consumidor Livre,SUL,12.0,3.735809
202502.0,2025-02-14,54670,EXCLUSIVE GRAMADO CL,Consumidor Livre,SUL,12.0,3.483164
202502.0,2025-02-15,54670,EXCLUSIVE GRAMADO CL,Consumidor Livre,SUL,12.0,4.464235
202502.0,2025-02-16,54670,EXCLUSIVE GRAMADO CL,Consumidor Livre,SUL,12.0,4.397797
202502.0,2025-02-17,54670,EXCLUSIVE GRAMADO CL,Consumidor Livre,SUL,12.0,3.614952
202502.0,2025-02-18,54670,EXCLUSIVE GRAMADO CL,Consumidor Livre,SUL,12.0,3.384631
202502.0,2025-02-19,54670,EXCLUSIVE GRAMADO CL,Consumidor Livre,SUL,12.0,3.317335
202502.0,2025-02-20,54670,EXCLUSIVE GRAMADO CL,Consumidor Livre,SUL,12.0,3.546524
202502.0,2025-02-21,54670,EXCLUSIVE GRAMADO CL,Consumidor Livre,SUL,12.0,3.894836
202502.0,2025-02-22,54670,EXCLUSIVE GRAMADO CL,Consumidor Livre,SUL,12.0,4.529211
202502.0,2025-02-23,54670,EXCLUSIVE GRAMADO CL,Consumidor Livre,SUL,12.0,4.413339
202502.0,2025-02-24,54670,EXCLUSIVE GRAMADO CL,Consumidor Livre,SUL,12.0,3.87116
202502.0,2025-02-25,54670,EXCLUSIVE GRAMADO CL,Consumidor Livre,SUL,12.0,4.595514
202502.0,2025-02-26,54670,EXCLUSIVE GRAMADO CL,Consumidor Livre,SUL,12.0,5.232267
202502.0,2025-02-27,54670,EXCLUSIVE GRAMADO CL,Consumidor Livre,SUL,12.0,5.050956
202502.0,2025-02-28,54670,EXCLUSIVE GRAMADO CL,Consumidor Livre,SUL,12.0,4.605763
202503.0,2025-03-01,54670,EXCLUSIVE GRAMADO CL,Consumidor Livre,SUL,12.0,5.022915
202503.0,2025-03-02,54670,EXCLUSIVE GRAMADO CL,Consumidor Livre,SUL,12.0,5.914036
202503.0,2025-03-03,54670,EXCLUSIVE GRAMADO CL,Consumidor Livre,SUL,12.0,5.72243
202503.0,2025-03-04,54670,EXCLUSIVE GRAMADO CL,Consumidor Livre,SUL,12.0,5.762872
202503.0,2025-03-05,54670,EXCLUSIVE GRAMADO CL,Consumidor Livre,SUL,12.0,4.606518
202503.0,2025-03-06,54670,EXCLUSIVE GRAMADO CL,Consumidor Livre,SUL,12.0,4.722723
202503.0,2025-03-07,54670,EXCLUSIVE GRAMADO CL,Consumidor Livre,SUL,12.0,4.898883
202503.0,2025-03-08,54670,EXCLUSIVE GRAMADO CL,Consumidor Livre,SUL,12.0,5.157208
202503.0,2025-03-09,54670,EXCLUSIVE GRAMADO CL,Consumidor Livre,SUL,12.0,3.990764
202503.0,2025-03-10,54670,EXCLUSIVE GRAMADO CL,Consumidor Livre,SUL,12.0,3.371368
202503.0,2025-03-11,54670,EXCLUSIVE GRAMADO CL,Consumidor Livre,SUL,12.0,3.459691
202503.0,2025-03-12,54670,EXCLUSIVE GRAMADO CL,Consumidor Livre,SUL,12.0,3.246443
202503.0,2025-03-13,54670,EXCLUSIVE GRAMADO CL,Consumidor Livre,SUL,12.0,3.31825
202503.0,2025-03-14,54670,EXCLUSIVE GRAMADO CL,Consumidor Livre,SUL,12.0,3.582041
202503.0,2025-03-15,54670,EXCLUSIVE GRAMADO CL,Consumidor Livre,SUL,12.0,3.458514
202503.0,2025-03-16,54670,EXCLUSIVE GRAMADO CL,Consumidor Livre,SUL,12.0,3.490084
202503.0,2025-03-17,54670,EXCLUSIVE GRAMADO CL,Consumidor Livre,SUL,12.0,3.600053
202503.0,2025-03-18,54670,EXCLUSIVE GRAMADO CL,Consumidor Livre,SUL,12.0,3.513224
202503.0,2025-03-19,54670,EXCLUSIVE GRAMADO CL,Consumidor Livre,SUL,12.0,3.392961
202503.0,2025-03-20,54670,EXCLUSIVE GRAMADO CL,Consumidor Livre,SUL,12.0,3.342676
202503.0,2025-03-21,54670,EXCLUSIVE GRAMADO CL,Consumidor Livre,SUL,12.0,3.425635
202503.0,2025-03-22,54670,EXCLUSIVE GRAMADO CL,Consumidor Livre,SUL,12.0,3.660501
202503.0,2025-03-23,54670,EXCLUSIVE GRAMADO CL,Consumidor Livre,SUL,12.0,3.744901
202503.0,2025-03-24,54670,EXCLUSIVE GRAMADO CL,Consumidor Livre,SUL,12.0,3.845279
202503.0,2025-03-25,54670,EXCLUSIVE GRAMADO CL,Consumidor Livre,SUL,12.0,3.606829
202503.0,2025-03-26,54670,EXCLUSIVE GRAMADO CL,Consumidor Livre,SUL,12.0,3.488468
202503.0,2025-03-27,54670,EXCLUSIVE GRAMADO CL,Consumidor Livre,SUL,12.0,3.87799
202503.0,2025-03-28,54670,EXCLUSIVE GRAMADO CL,Consumidor Livre,SUL,12.0,4.140062
202503.0,2025-03-29,54670,EXCLUSIVE GRAMADO CL,Consumidor Livre,SUL,12.0,4.262061
202503.0,2025-03-30,54670,EXCLUSIVE GRAMADO CL,Consumidor Livre,SUL,12.0,4.117538
202503.0,2025-03-31,54670,EXCLUSIVE GRAMADO CL,Consumidor Livre,SUL,12.0,3.869089
202504.0,2025-04-01,54670,EXCLUSIVE GRAMADO CL,Consumidor Livre,SUL,12.0,3.186575
202504.0,2025-04-02,54670,EXCLUSIVE GRAMADO CL,Consumidor Livre,SUL,12.0,3.29272
202504.0,2025-04-03,54670,EXCLUSIVE GRAMADO CL,Consumidor Livre,SUL,12.0,3.148181
202504.0,2025-04-04,54670,EXCLUSIVE GRAMADO CL,Consumidor Livre,SUL,12.0,2.800154
202504.0,2025-04-05,54670,EXCLUSIVE GRAMADO CL,Consumidor Livre,SUL,12.0,3.198451
202504.0,2025-04-06,54670,EXCLUSIVE GRAMADO CL,Consumidor Livre,SUL,12.0,3.255546
202504.0,2025-04-07,54670,EXCLUSIVE GRAMADO CL,Consumidor Livre,SUL,12.0,2.926225
202504.0,2025-04-08,54670,EXCLUSIVE GRAMADO CL,Consumidor Livre,SUL,12.0,2.93915
202504.0,2025-04-09,54670,EXCLUSIVE GRAMADO CL,Consumidor Livre,SUL,12.0,3.020212
202504.0,2025-04-10,54670,EXCLUSIVE GRAMADO CL,Consumidor Livre,SUL,12.0,3.291242
202504.0,2025-04-11,54670,EXCLUSIVE GRAMADO CL,Consumidor Livre,SUL,12.0,3.329673
202504.0,2025-04-12,54670,EXCLUSIVE GRAMADO CL,Consumidor Livre,SUL,12.0,3.636386
202504.0,2025-04-13,54670,EXCLUSIVE GRAMADO CL,Consumidor Livre,SUL,12.0,3.627684
202504.0,2025-04-14,54670,EXCLUSIVE GRAMADO CL,Consumidor Livre,SUL,12.0,3.277515
202504.0,2025-04-15,54670,EXCLUSIVE GRAMADO CL,Consumidor Livre,SUL,12.0,3.234707
202504.0,2025-04-16,54670,EXCLUSIVE GRAMADO CL,Consumidor Livre,SUL,12.0,3.320315
202504.0,2025-04-17,54670,EXCLUSIVE GRAMADO CL,Consumidor Livre,SUL,12.0,3.495507
202504.0,2025-04-18,54670,EXCLUSIVE GRAMADO CL,Consumidor Livre,SUL,12.0,4.075303
202504.0,2025-04-19,54670,EXCLUSIVE GRAMADO CL,Consumidor Livre,SUL,12.0,3.824803
202504.0,2025-04-20,54670,EXCLUSIVE GRAMADO CL,Consumidor Livre,SUL,12.0,3.344051
202504.0,2025-04-21,54670,EXCLUSIVE GRAMADO CL,Consumidor Livre,SUL,12.0,3.437999
202504.0,2025-04-22,54670,EXCLUSIVE GRAMADO CL,Consumidor Livre,SUL,12.0,3.140652
202504.0,2025-04-23,54670,EXCLUSIVE GRAMADO CL,Consumidor Livre,SUL,12.0,3.163094
202504.0,2025-04-24,54670,EXCLUSIVE GRAMADO CL,Consumidor Livre,SUL,12.0,3.177087
202504.0,2025-04-25,54670,EXCLUSIVE GRAMADO CL,Consumidor Livre,SUL,12.0,3.167299
202504.0,2025-04-26,54670,EXCLUSIVE GRAMADO CL,Consumidor Livre,SUL,12.0,3.447055
202504.0,2025-04-27,54670,EXCLUSIVE GRAMADO CL,Consumidor Livre,SUL,12.0,3.573318
202504.0,2025-04-28,54670,EXCLUSIVE GRAMADO CL,Consumidor Livre,SUL,12.0,3.070702
202504.0,2025-04-29,54670,EXCLUSIVE GRAMADO CL,Consumidor Livre,SUL,12.0,2.86231
202504.0,2025-04-30,54670,EXCLUSIVE GRAMADO CL,Consumidor Livre,SUL,12.0,2.929682
202505.0,2025-05-01,54670,EXCLUSIVE GRAMADO CL,Consumidor Livre,SUL,12.0,3.071197
202505.0,2025-05-02,54670,EXCLUSIVE GRAMADO CL,Consumidor Livre,SUL,12.0,3.129971
202505.0,2025-05-03,54670,EXCLUSIVE GRAMADO CL,Consumidor Livre,SUL,12.0,3.348216
202505.0,2025-05-04,54670,EXCLUSIVE GRAMADO CL,Consumidor Livre,SUL,12.0,3.308447
202505.0,2025-05-05,54670,EXCLUSIVE GRAMADO CL,Consumidor Livre,SUL,12.0,2.907614
202505.0,2025-05-06,54670,EXCLUSIVE GRAMADO CL,Consumidor Livre,SUL,12.0,3.115159
202505.0,2025-05-07,54670,EXCLUSIVE GRAMADO CL,Consumidor Livre,SUL,12.0,3.153635
202505.0,2025-05-08,54670,EXCLUSIVE GRAMADO CL,Consumidor Livre,SUL,12.0,3.259164
202505.0,2025-05-09,54670,EXCLUSIVE GRAMADO CL,Consumidor Livre,SUL,12.0,3.47422
202505.0,2025-05-10,54670,EXCLUSIVE GRAMADO CL,Consumidor Livre,SUL,12.0,3.350194
202505.0,2025-05-11,54670,EXCLUSIVE GRAMADO CL,Consumidor Livre,SUL,12.0,2.90173
202505.0,2025-05-12,54670,EXCLUSIVE GRAMADO CL,Consumidor Livre,SUL,12.0,2.845995
202505.0,2025-05-13,54670,EXCLUSIVE GRAMADO CL,Consumidor Livre,SUL,12.0,3.042905
202505.0,2025-05-14,54670,EXCLUSIVE GRAMADO CL,Consumidor Livre,SUL,12.0,3.131129
202505.0,2025-05-15,54670,EXCLUSIVE GRAMADO CL,Consumidor Livre,SUL,12.0,3.0483480000000003
202505.0,2025-05-16,54670,EXCLUSIVE GRAMADO CL,Consumidor Livre,SUL,12.0,3.254474
202505.0,2025-05-17,54670,EXCLUSIVE GRAMADO CL,Consumidor Livre,SUL,12.0,3.364463
202505.0,2025-05-18,54670,EXCLUSIVE GRAMADO CL,Consumidor Livre,SUL,12.0,3.343314
202505.0,2025-05-19,54670,EXCLUSIVE GRAMADO CL,Consumidor Livre,SUL,12.0,3.076694
202505.0,2025-05-20,54670,EXCLUSIVE GRAMADO CL,Consumidor Livre,SUL,12.0,3.125048
202505.0,2025-05-21,54670,EXCLUSIVE GRAMADO CL,Consumidor Livre,SUL,12.0,2.815365
202505.0,2025-05-22,54670,EXCLUSIVE GRAMADO CL,Consumidor Livre,SUL,12.0,2.67474
202505.0,2025-05-23,54670,EXCLUSIVE GRAMADO CL,Consumidor Livre,SUL,12.0,3.223116
202505.0,2025-05-24,54670,EXCLUSIVE GRAMADO CL,Consumidor Livre,SUL,12.0,3.584405
202505.0,2025-05-25,54670,EXCLUSIVE GRAMADO CL,Consumidor Livre,SUL,12.0,3.238226
202505.0,2025-05-26,54670,EXCLUSIVE GRAMADO CL,Consumidor Livre,SUL,12.0,2.959224
202505.0,2025-05-27,54670,EXCLUSIVE GRAMADO CL,Consumidor Livre,SUL,12.0,2.934432
202505.0,2025-05-28,54670,EXCLUSIVE GRAMADO CL,Consumidor Livre,SUL,12.0,3.195005
202505.0,2025-05-29,54670,EXCLUSIVE GRAMADO CL,Consumidor Livre,SUL,12.0,3.858513
202505.0,2025-05-30,54670,EXCLUSIVE GRAMADO CL,Consumidor Livre,SUL,12.0,4.110584
202505.0,2025-05-31,54670,EXCLUSIVE GRAMADO CL,Consumidor Livre,SUL,12.0,4.266397
202506.0,2025-06-01,54670,EXCLUSIVE GRAMADO CL,Consumidor Livre,SUL,12.0,4.191499
202506.0,2025-06-02,54670,EXCLUSIVE GRAMADO CL,Consumidor Livre,SUL,12.0,3.868967
202506.0,2025-06-03,54670,EXCLUSIVE GRAMADO CL,Consumidor Livre,SUL,12.0,3.263612
202506.0,2025-06-04,54670,EXCLUSIVE GRAMADO CL,Consumidor Livre,SUL,12.0,3.201325
202506.0,2025-06-05,54670,EXCLUSIVE GRAMADO CL,Consumidor Livre,SUL,12.0,3.451688
202506.0,2025-06-06,54670,EXCLUSIVE GRAMADO CL,Consumidor Livre,SUL,12.0,3.522567
202506.0,2025-06-07,54670,EXCLUSIVE GRAMADO CL,Consumidor Livre,SUL,12.0,3.772547
202506.0,2025-06-08,54670,EXCLUSIVE GRAMADO CL,Consumidor Livre,SUL,12.0,3.840417
202506.0,2025-06-09,54670,EXCLUSIVE GRAMADO CL,Consumidor Livre,SUL,12.0,3.973476
202506.0,2025-06-10,54670,EXCLUSIVE GRAMADO CL,Consumidor Livre,SUL,12.0,3.585025
202506.0,2025-06-11,54670,EXCLUSIVE GRAMADO CL,Consumidor Livre,SUL,12.0,4.03006
202506.0,2025-06-12,54670,EXCLUSIVE GRAMADO CL,Consumidor Livre,SUL,12.0,3.905348
202506.0,2025-06-13,54670,EXCLUSIVE GRAMADO CL,Consumidor Livre,SUL,12.0,3.887034
202506.0,2025-06-14,54670,EXCLUSIVE GRAMADO CL,Consumidor Livre,SUL,12.0,3.993754
202506.0,2025-06-15,54670,EXCLUSIVE GRAMADO CL,Consumidor Livre,SUL,12.0,3.509792
202506.0,2025-06-16,54670,EXCLUSIVE GRAMADO CL,Consumidor Livre,SUL,12.0,3.162967
202506.0,2025-06-17,54670,EXCLUSIVE GRAMADO CL,Consumidor Livre,SUL,12.0,3.283036
202506.0,2025-06-18,54670,EXCLUSIVE GRAMADO CL,Consumidor Livre,SUL,12.0,3.493772
202506.0,2025-06-19,54670,EXCLUSIVE GRAMADO CL,Consumidor Livre,SUL,12.0,3.733584
202506.0,2025-06-20,54670,EXCLUSIVE GRAMADO CL,Consumidor Livre,SUL,12.0,3.75793
202506.0,2025-06-21,54670,EXCLUSIVE GRAMADO CL,Consumidor Livre,SUL,12.0,3.678522
202506.0,2025-06-22,54670,EXCLUSIVE GRAMADO CL,Consumidor Livre,SUL,12.0,3.760634
202506.0,2025-06-23,54670,EXCLUSIVE GRAMADO CL,Consumidor Livre,SUL,12.0,3.504587
202506.0,2025-06-24,54670,EXCLUSIVE GRAMADO CL,Consumidor Livre,SUL,12.0,4.149486
202506.0,2025-06-25,54670,EXCLUSIVE GRAMADO CL,Consumidor Livre,SUL,12.0,3.985463
202506.0,2025-06-26,54670,EXCLUSIVE GRAMADO CL,Consumidor Livre,SUL,12.0,4.278942
202506.0,2025-06-27,54670,EXCLUSIVE GRAMADO CL,Consumidor Livre,SUL,12.0,4.471498
202506.0,2025-06-28,54670,EXCLUSIVE GRAMADO CL,Consumidor Livre,SUL,12.0,4.336365
202506.0,2025-06-29,54670,EXCLUSIVE GRAMADO CL,Consumidor Livre,SUL,12.0,3.825883
202506.0,2025-06-30,54670,EXCLUSIVE GRAMADO CL,Consumidor Livre,SUL,12.0,4.289844
202507.0,2025-07-01,54670,EXCLUSIVE GRAMADO CL,Consumidor Livre,SUL,12.0,4.647678
202507.0,2025-07-02,54670,EXCLUSIVE GRAMADO CL,Consumidor Livre,SUL,12.0,4.761436
202507.0,2025-07-03,54670,EXCLUSIVE GRAMADO CL,Consumidor Livre,SUL,12.0,4.332177
202507.0,2025-07-04,54670,EXCLUSIVE GRAMADO CL,Consumidor Livre,SUL,12.0,4.042582
202507.0,2025-07-05,54670,EXCLUSIVE GRAMADO CL,Consumidor Livre,SUL,12.0,3.812352
202507.0,2025-07-06,54670,EXCLUSIVE GRAMADO CL,Consumidor Livre,SUL,12.0,3.466312
202507.0,2025-07-07,54670,EXCLUSIVE GRAMADO CL,Consumidor Livre,SUL,12.0,3.245129
202507.0,2025-07-08,54670,EXCLUSIVE GRAMADO CL,Consumidor Livre,SUL,12.0,3.142128
202507.0,2025-07-09,54670,EXCLUSIVE GRAMADO CL,Consumidor Livre,SUL,12.0,3.389269
202507.0,2025-07-10,54670,EXCLUSIVE GRAMADO CL,Consumidor Livre,SUL,12.0,3.472095
202507.0,2025-07-11,54670,EXCLUSIVE GRAMADO CL,Consumidor Livre,SUL,12.0,3.404086
202507.0,2025-07-12,54670,EXCLUSIVE GRAMADO CL,Consumidor Livre,SUL,12.0,3.34574
202507.0,2025-07-13,54670,EXCLUSIVE GRAMADO CL,Consumidor Livre,SUL,12.0,3.54041
202507.0,2025-07-14,54670,EXCLUSIVE GRAMADO CL,Consumidor Livre,SUL,12.0,3.319489
202507.0,2025-07-15,54670,EXCLUSIVE GRAMADO CL,Consumidor Livre,SUL,12.0,3.555518
202507.0,2025-07-16,54670,EXCLUSIVE GRAMADO CL,Consumidor Livre,SUL,12.0,3.472284
202507.0,2025-07-17,54670,EXCLUSIVE GRAMADO CL,Consumidor Livre,SUL,12.0,3.437269
202507.0,2025-07-18,54670,EXCLUSIVE GRAMADO CL,Consumidor Livre,SUL,12.0,3.632988
202507.0,2025-07-19,54670,EXCLUSIVE GRAMADO CL,Consumidor Livre,SUL,12.0,3.857282
202507.0,2025-07-20,54670,EXCLUSIVE GRAMADO CL,Consumidor Livre,SUL,12.0,3.563864
202507.0,2025-07-21,54670,EXCLUSIVE GRAMADO CL,Consumidor Livre,SUL,12.0,3.442166
202507.0,2025-07-22,54670,EXCLUSIVE GRAMADO CL,Consumidor Livre,SUL,12.0,3.397094
202507.0,2025-07-23,54670,EXCLUSIVE GRAMADO CL,Consumidor Livre,SUL,12.0,3.735969
202507.0,2025-07-24,54670,EXCLUSIVE GRAMADO CL,Consumidor Livre,SUL,12.0,3.929304
202507.0,2025-07-25,54670,EXCLUSIVE GRAMADO CL,Consumidor Livre,SUL,12.0,3.775913
202507.0,2025-07-26,54670,EXCLUSIVE GRAMADO CL,Consumidor Livre,SUL,12.0,3.557809
202507.0,2025-07-27,54670,EXCLUSIVE GRAMADO CL,Consumidor Livre,SUL,12.0,3.488517
202507.0,2025-07-28,54670,EXCLUSIVE GRAMADO CL,Consumidor Livre,SUL,12.0,3.840821
202507.0,2025-07-29,54670,EXCLUSIVE GRAMADO CL,Consumidor Livre,SUL,12.0,4.293058
202507.0,2025-07-30,54670,EXCLUSIVE GRAMADO CL,Consumidor Livre,SUL,12.0,4.124733
202507.0,2025-07-31,54670,EXCLUSIVE GRAMADO CL,Consumidor Livre,SUL,12.0,3.586625
202508.0,2025-08-01,54670,EXCLUSIVE GRAMADO CL,Consumidor Livre,SUL,12.0,3.208262
202508.0,2025-08-02,54670,EXCLUSIVE GRAMADO CL,Consumidor Livre,SUL,12.0,3.443695
202508.0,2025-08-03,54670,EXCLUSIVE GRAMADO CL,Consumidor Livre,SUL,12.0,3.4015
202508.0,2025-08-04,54670,EXCLUSIVE GRAMADO CL,Consumidor Livre,SUL,12.0,3.014506
202508.0,2025-08-05,54670,EXCLUSIVE GRAMADO CL,Consumidor Livre,SUL,12.0,3.166672
202508.0,2025-08-06,54670,EXCLUSIVE GRAMADO CL,Consumidor Livre,SUL,12.0,3.567926
202508.0,2025-08-07,54670,EXCLUSIVE GRAMADO CL,Consumidor Livre,SUL,12.0,3.293571
202508.0,2025-08-08,54670,EXCLUSIVE GRAMADO CL,Consumidor Livre,SUL,12.0,3.520921
202508.0,2025-08-09,54670,EXCLUSIVE GRAMADO CL,Consumidor Livre,SUL,12.0,3.722623
202508.0,2025-08-10,54670,EXCLUSIVE GRAMADO CL,Consumidor Livre,SUL,12.0,3.760045
202508.0,2025-08-11,54670,EXCLUSIVE GRAMADO CL,Consumidor Livre,SUL,12.0,3.707801
202508.0,2025-08-12,54670,EXCLUSIVE GRAMADO CL,Consumidor Livre,SUL,12.0,3.450032
202508.0,2025-08-13,54670,EXCLUSIVE GRAMADO CL,Consumidor Livre,SUL,12.0,3.334979
202508.0,2025-08-14,54670,EXCLUSIVE GRAMADO CL,Consumidor Livre,SUL,12.0,3.788062
202508.0,2025-08-15,54670,EXCLUSIVE GRAMADO CL,Consumidor Livre,SUL,12.0,3.844061
202508.0,2025-08-16,54670,EXCLUSIVE GRAMADO CL,Consumidor Livre,SUL,12.0,3.932137
202508.0,2025-08-17,54670,EXCLUSIVE GRAMADO CL,Consumidor Livre,SUL,12.0,3.369363
202508.0,2025-08-18,54670,EXCLUSIVE GRAMADO CL,Consumidor Livre,SUL,12.0,3.288564
202508.0,2025-08-19,54670,EXCLUSIVE GRAMADO CL,Consumidor Livre,SUL,12.0,3.340788
202508.0,2025-08-20,54670,EXCLUSIVE GRAMADO CL,Consumidor Livre,SUL,12.0,3.216977
202508.0,2025-08-21,54670,EXCLUSIVE GRAMADO CL,Consumidor Livre,SUL,12.0,3.409606
202508.0,2025-08-22,54670,EXCLUSIVE GRAMADO CL,Consumidor Livre,SUL,12.0,3.99915
202508.0,2025-08-23,54670,EXCLUSIVE GRAMADO CL,Consumidor Livre,SUL,12.0,3.919381
202508.0,2025-08-24,54670,EXCLUSIVE GRAMADO CL,Consumidor Livre,SUL,12.0,3.802533
202508.0,2025-08-25,54670,EXCLUSIVE GRAMADO CL,Consumidor Livre,SUL,12.0,3.735927
202508.0,2025-08-26,54670,EXCLUSIVE GRAMADO CL,Consumidor Livre,SUL,12.0,3.325124
202508.0,2025-08-27,54670,EXCLUSIVE GRAMADO CL,Consumidor Livre,SUL,12.0,2.937326
202508.0,2025-08-28,54670,EXCLUSIVE GRAMADO CL,Consumidor Livre,SUL,12.0,3.056839
202508.0,2025-08-29,54670,EXCLUSIVE GRAMADO CL,Consumidor Livre,SUL,12.0,3.009401
202508.0,2025-08-30,54670,EXCLUSIVE GRAMADO CL,Consumidor Livre,SUL,12.0,3.29968
202508.0,2025-08-31,54670,EXCLUSIVE GRAMADO CL,Consumidor Livre,SUL,12.0,3.151045
