MES_REFERENCIA,DATA,CODIGO_PERFIL_AGENTE,SIGLA_PERFIL_AGENTE,CLASSE_PERFIL_AGENTE,SUBMERCADO,CAPACIDADE_CARGA,CONSUMO_CARGA_ACL
,2022-06-01,37303.0,LOJA 259 - MONTES CLAROS 2,Consumidor Especial,SUDESTE,7.199999999999999,4.578222
,2022-06-02,37303.0,LOJA 259 - MONTES CLAROS 2,Consumidor Especial,SUDESTE,7.199999999999999,4.691166
,2022-06-03,37303.0,LOJA 259 - MONTES CLAROS 2,Consumidor Especial,SUDESTE,7.199999999999999,3.882443
,2022-06-04,37303.0,LOJA 259 - MONTES CLAROS 2,Consumidor Especial,SUDESTE,7.199999999999999,4.323732
,2022-06-05,37303.0,LOJA 259 - MONTES CLAROS 2,Consumidor Especial,SUDESTE,7.199999999999999,3.813816
,2022-06-06,37303.0,LOJA 259 - MONTES CLAROS 2,Consumidor Especial,SUDESTE,7.199999999999999,3.877357
,2022-06-07,37303.0,LOJA 259 - MONTES CLAROS 2,Consumidor Especial,SUDESTE,7.199999999999999,3.783285
,2022-06-08,37303.0,LOJA 259 - MONTES CLAROS 2,Consumidor Especial,SUDESTE,7.199999999999999,3.694806
,2022-06-09,37303.0,LOJA 259 - MONTES CLAROS 2,Consumidor Especial,SUDESTE,7.199999999999999,4.008923
,2022-06-10,37303.0,LOJA 259 - MONTES CLAROS 2,Consumidor Especial,SUDESTE,7.199999999999999,4.005063
,2022-06-11,37303.0,LOJA 259 - MONTES CLAROS 2,Consumidor Especial,SUDESTE,7.199999999999999,4.051672
,2022-06-12,37303.0,LOJA 259 - MONTES CLAROS 2,Consumidor Especial,SUDESTE,7.199999999999999,4.007514
,2022-06-13,37303.0,LOJA 259 - MONTES CLAROS 2,Consumidor Especial,SUDESTE,7.199999999999999,4.334383
,2022-06-14,37303.0,LOJA 259 - MONTES CLAROS 2,Consumidor Especial,SUDESTE,7.199999999999999,4.183237
,2022-06-15,37303.0,LOJA 259 - MONTES CLAROS 2,Consumidor Especial,SUDESTE,7.199999999999999,3.773557
,2022-06-16,37303.0,LOJA 259 - MONTES CLAROS 2,Consumidor Especial,SUDESTE,7.199999999999999,3.713248
,2022-06-17,37303.0,LOJA 259 - MONTES CLAROS 2,Consumidor Especial,SUDESTE,7.199999999999999,3.834521
,2022-06-18,37303.0,LOJA 259 - MONTES CLAROS 2,Consumidor Especial,SUDESTE,7.199999999999999,3.949127
,2022-06-19,37303.0,LOJA 259 - MONTES CLAROS 2,Consumidor Especial,SUDESTE,7.199999999999999,3.367684
,2022-06-20,37303.0,LOJA 259 - MONTES CLAROS 2,Consumidor Especial,SUDESTE,7.199999999999999,4.016828
,2022-06-21,37303.0,LOJA 259 - MONTES CLAROS 2,Consumidor Especial,SUDESTE,7.199999999999999,3.901898
,2022-06-22,37303.0,LOJA 259 - MONTES CLAROS 2,Consumidor Especial,SUDESTE,7.199999999999999,3.357269
,2022-06-23,37303.0,LOJA 259 - MONTES CLAROS 2,Consumidor Especial,SUDESTE,7.199999999999999,3.98456
,2022-06-24,37303.0,LOJA 259 - MONTES CLAROS 2,Consumidor Especial,SUDESTE,7.199999999999999,3.849701
,2022-06-25,37303.0,LOJA 259 - MONTES CLAROS 2,Consumidor Especial,SUDESTE,7.199999999999999,3.982116
,2022-06-26,37303.0,LOJA 259 - MONTES CLAROS 2,Consumidor Especial,SUDESTE,7.199999999999999,3.474502
,2022-06-27,37303.0,LOJA 259 - MONTES CLAROS 2,Consumidor Especial,SUDESTE,7.199999999999999,3.616872
,2022-06-28,37303.0,LOJA 259 - MONTES CLAROS 2,Consumidor Especial,SUDESTE,7.199999999999999,3.64148
,2022-06-29,37303.0,LOJA 259 - MONTES CLAROS 2,Consumidor Especial,SUDESTE,7.199999999999999,3.472055
,2022-06-30,37303.0,LOJA 259 - MONTES CLAROS 2,Consumidor Especial,SUDESTE,7.199999999999999,3.773344
,2022-07-01,37303.0,LOJA 259 - MONTES CLAROS 2,Consumidor Especial,SUDESTE,7.199999999999999,3.834165
,2022-07-02,37303.0,LOJA 259 - MONTES CLAROS 2,Consumidor Especial,SUDESTE,7.199999999999999,3.887038
,2022-07-03,37303.0,LOJA 259 - MONTES CLAROS 2,Consumidor Especial,SUDESTE,7.199999999999999,3.496643
,2022-07-04,37303.0,LOJA 259 - MONTES CLAROS 2,Consumidor Especial,SUDESTE,7.199999999999999,3.700366
,2022-07-05,37303.0,LOJA 259 - MONTES CLAROS 2,Consumidor Especial,SUDESTE,7.199999999999999,3.7012
,2022-07-06,37303.0,LOJA 259 - MONTES CLAROS 2,Consumidor Especial,SUDESTE,7.199999999999999,3.668013
,2022-07-07,37303.0,LOJA 259 - MONTES CLAROS 2,Consumidor Especial,SUDESTE,7.199999999999999,3.721805
,2022-07-08,37303.0,LOJA 259 - MONTES CLAROS 2,Consumidor Especial,SUDESTE,7.199999999999999,3.793982
,2022-07-09,37303.0,LOJA 259 - MONTES CLAROS 2,Consumidor Especial,SUDESTE,7.199999999999999,3.823121
,2022-07-10,37303.0,LOJA 259 - MONTES CLAROS 2,Consumidor Especial,SUDESTE,7.199999999999999,3.452178
,2022-07-11,37303.0,LOJA 259 - MONTES CLAROS 2,Consumidor Especial,SUDESTE,7.199999999999999,3.740812
,2022-07-12,37303.0,LOJA 259 - MONTES CLAROS 2,Consumidor Especial,SUDESTE,7.199999999999999,3.795291
,2022-07-13,37303.0,LOJA 259 - MONTES CLAROS 2,Consumidor Especial,SUDESTE,7.199999999999999,3.686608
,2022-07-14,37303.0,LOJA 259 - MONTES CLAROS 2,Consumidor Especial,SUDESTE,7.199999999999999,3.879656
,2022-07-15,37303.0,LOJA 259 - MONTES CLAROS 2,Consumidor Especial,SUDESTE,7.199999999999999,3.831598
,2022-07-16,37303.0,LOJA 259 - MONTES CLAROS 2,Consumidor Especial,SUDESTE,7.199999999999999,4.016898
,2022-07-17,37303.0,LOJA 259 - MONTES CLAROS 2,Consumidor Especial,SUDESTE,7.199999999999999,3.311464
,2022-07-18,37303.0,LOJA 259 - MONTES CLAROS 2,Consumidor Especial,SUDESTE,7.199999999999999,3.850956
,2022-07-19,37303.0,LOJA 259 - MONTES CLAROS 2,Consumidor Especial,SUDESTE,7.199999999999999,3.817483
,2022-07-20,37303.0,LOJA 259 - MONTES CLAROS 2,Consumidor Especial,SUDESTE,7.199999999999999,3.760032
,2022-07-21,37303.0,LOJA 259 - MONTES CLAROS 2,Consumidor Especial,SUDESTE,7.199999999999999,3.789903
,2022-07-22,37303.0,LOJA 259 - MONTES CLAROS 2,Consumidor Especial,SUDESTE,7.199999999999999,3.759115
,2022-07-23,37303.0,LOJA 259 - MONTES CLAROS 2,Consumidor Especial,SUDESTE,7.199999999999999,3.821418
,2022-07-24,37303.0,LOJA 259 - MONTES CLAROS 2,Consumidor Especial,SUDESTE,7.199999999999999,3.316306
,2022-07-25,37303.0,LOJA 259 - MONTES CLAROS 2,Consumidor Especial,SUDESTE,7.199999999999999,3.755016
,2022-07-26,37303.0,LOJA 259 - MONTES CLAROS 2,Consumidor Especial,SUDESTE,7.199999999999999,3.861555
,2022-07-27,37303.0,LOJA 259 - MONTES CLAROS 2,Consumidor Especial,SUDESTE,7.199999999999999,3.640942
,2022-07-28,37303.0,LOJA 259 - MONTES CLAROS 2,Consumidor Especial,SUDESTE,7.199999999999999,3.671212
,2022-07-29,37303.0,LOJA 259 - MONTES CLAROS 2,Consumidor Especial,SUDESTE,7.199999999999999,3.971906
,2022-07-30,37303.0,LOJA 259 - MONTES CLAROS 2,Consumidor Especial,SUDESTE,7.199999999999999,3.930625
,2022-07-31,37303.0,LOJA 259 - MONTES CLAROS 2,Consumidor Especial,SUDESTE,7.199999999999999,3.770911
,2022-08-01,37303.0,LOJA 259 - MONTES CLAROS 2,Consumidor Especial,SUDESTE,7.199999999999999,4.102831
,2022-08-02,37303.0,LOJA 259 - MONTES CLAROS 2,Consumidor Especial,SUDESTE,7.199999999999999,4.109747
,2022-08-03,37303.0,LOJA 259 - MONTES CLAROS 2,Consumidor Especial,SUDESTE,7.199999999999999,3.758969
,2022-08-04,37303.0,LOJA 259 - MONTES CLAROS 2,Consumidor Especial,SUDESTE,7.199999999999999,3.889035
,2022-08-05,37303.0,LOJA 259 - MONTES CLAROS 2,Consumidor Especial,SUDESTE,7.199999999999999,4.001712
,2022-08-06,37303.0,LOJA 259 - MONTES CLAROS 2,Consumidor Especial,SUDESTE,7.199999999999999,4.221438
,2022-08-07,37303.0,LOJA 259 - MONTES CLAROS 2,Consumidor Especial,SUDESTE,7.199999999999999,3.916134
,2022-08-08,37303.0,LOJA 259 - MONTES CLAROS 2,Consumidor Especial,SUDESTE,7.199999999999999,4.181575
,2022-08-09,37303.0,LOJA 259 - MONTES CLAROS 2,Consumidor Especial,SUDESTE,7.199999999999999,4.194165
,2022-08-10,37303.0,LOJA 259 - MONTES CLAROS 2,Consumidor Especial,SUDESTE,7.199999999999999,4.054248
,2022-08-11,37303.0,LOJA 259 - MONTES CLAROS 2,Consumidor Especial,SUDESTE,7.199999999999999,3.957468
,2022-08-12,37303.0,LOJA 259 - MONTES CLAROS 2,Consumidor Especial,SUDESTE,7.199999999999999,4.061387
,2022-08-13,37303.0,LOJA 259 - MONTES CLAROS 2,Consumidor Especial,SUDESTE,7.199999999999999,3.986157
,2022-08-14,37303.0,LOJA 259 - MONTES CLAROS 2,Consumidor Especial,SUDESTE,7.199999999999999,3.406342
,2022-08-15,37303.0,LOJA 259 - MONTES CLAROS 2,Consumidor Especial,SUDESTE,7.199999999999999,3.858218
,2022-08-16,37303.0,LOJA 259 - MONTES CLAROS 2,Consumidor Especial,SUDESTE,7.199999999999999,4.091407
,2022-08-17,37303.0,LOJA 259 - MONTES CLAROS 2,Consumidor Especial,SUDESTE,7.199999999999999,3.771986
,2022-08-18,37303.0,LOJA 259 - MONTES CLAROS 2,Consumidor Especial,SUDESTE,7.199999999999999,3.984929
,2022-08-19,37303.0,LOJA 259 - MONTES CLAROS 2,Consumidor Especial,SUDESTE,7.199999999999999,4.150348
,2022-08-20,37303.0,LOJA 259 - MONTES CLAROS 2,Consumidor Especial,SUDESTE,7.199999999999999,4.059365
,2022-08-21,37303.0,LOJA 259 - MONTES CLAROS 2,Consumidor Especial,SUDESTE,7.199999999999999,3.585108
,2022-08-22,37303.0,LOJA 259 - MONTES CLAROS 2,Consumidor Especial,SUDESTE,7.199999999999999,3.899982
,2022-08-23,37303.0,LOJA 259 - MONTES CLAROS 2,Consumidor Especial,SUDESTE,7.199999999999999,4.031803
,2022-08-24,37303.0,LOJA 259 - MONTES CLAROS 2,Consumidor Especial,SUDESTE,7.199999999999999,3.776932
,2022-08-25,37303.0,LOJA 259 - MONTES CLAROS 2,Consumidor Especial,SUDESTE,7.199999999999999,3.936496
,2022-08-26,37303.0,LOJA 259 - MONTES CLAROS 2,Consumidor Especial,SUDESTE,7.199999999999999,4.048403
,2022-08-27,37303.0,LOJA 259 - MONTES CLAROS 2,Consumidor Especial,SUDESTE,7.199999999999999,4.088213
,2022-08-28,37303.0,LOJA 259 - MONTES CLAROS 2,Consumidor Especial,SUDESTE,7.199999999999999,3.675333
,2022-08-29,37303.0,LOJA 259 - MONTES CLAROS 2,Consumidor Especial,SUDESTE,7.199999999999999,4.121729
,2022-08-30,37303.0,LOJA 259 - MONTES CLAROS 2,Consumidor Especial,SUDESTE,7.199999999999999,3.885589
,2022-08-31,37303.0,LOJA 259 - MONTES CLAROS 2,Consumidor Especial,SUDESTE,7.199999999999999,3.578992
,2022-09-01,37303.0,LOJA 259 - MONTES CLAROS 2,Consumidor Especial,SUDESTE,7.199999999999999,3.87379
,2022-09-02,37303.0,LOJA 259 - MONTES CLAROS 2,Consumidor Especial,SUDESTE,7.199999999999999,3.972375
,2022-09-03,37303.0,LOJA 259 - MONTES CLAROS 2,Consumidor Especial,SUDESTE,7.199999999999999,3.969844
,2022-09-04,37303.0,LOJA 259 - MONTES CLAROS 2,Consumidor Especial,SUDESTE,7.199999999999999,3.262412
,2022-09-05,37303.0,LOJA 259 - MONTES CLAROS 2,Consumidor Especial,SUDESTE,7.199999999999999,4.116984
,2022-09-06,37303.0,LOJA 259 - MONTES CLAROS 2,Consumidor Especial,SUDESTE,7.199999999999999,3.995434
,2022-09-07,37303.0,LOJA 259 - MONTES CLAROS 2,Consumidor Especial,SUDESTE,7.199999999999999,3.687025
,2022-09-08,37303.0,LOJA 259 - MONTES CLAROS 2,Consumidor Especial,SUDESTE,7.199999999999999,3.947165
,2022-09-09,37303.0,LOJA 259 - MONTES CLAROS 2,Consumidor Especial,SUDESTE,7.199999999999999,4.085814
,2022-09-10,37303.0,LOJA 259 - MONTES CLAROS 2,Consumidor Especial,SUDESTE,7.199999999999999,4.09071
,2022-09-11,37303.0,LOJA 259 - MONTES CLAROS 2,Consumidor Especial,SUDESTE,7.199999999999999,3.838462
,2022-09-12,37303.0,LOJA 259 - MONTES CLAROS 2,Consumidor Especial,SUDESTE,7.199999999999999,4.38845
,2022-09-13,37303.0,LOJA 259 - MONTES CLAROS 2,Consumidor Especial,SUDESTE,7.199999999999999,4.175236
,2022-09-14,37303.0,LOJA 259 - MONTES CLAROS 2,Consumidor Especial,SUDESTE,7.199999999999999,3.943701
,2022-09-15,37303.0,LOJA 259 - MONTES CLAROS 2,Consumidor Especial,SUDESTE,7.199999999999999,4.46529
,2022-09-16,37303.0,LOJA 259 - MONTES CLAROS 2,Consumidor Especial,SUDESTE,7.199999999999999,4.531817
,2022-09-17,37303.0,LOJA 259 - MONTES CLAROS 2,Consumidor Especial,SUDESTE,7.199999999999999,4.595223
,2022-09-18,37303.0,LOJA 259 - MONTES CLAROS 2,Consumidor Especial,SUDESTE,7.199999999999999,3.632476
,2022-09-19,37303.0,LOJA 259 - MONTES CLAROS 2,Consumidor Especial,SUDESTE,7.199999999999999,4.24853
,2022-09-20,37303.0,LOJA 259 - MONTES CLAROS 2,Consumidor Especial,SUDESTE,7.199999999999999,4.544523
,2022-09-21,37303.0,LOJA 259 - MONTES CLAROS 2,Consumidor Especial,SUDESTE,7.199999999999999,4.365303
,2022-09-22,37303.0,LOJA 259 - MONTES CLAROS 2,Consumidor Especial,SUDESTE,7.199999999999999,4.575994
,2022-09-23,37303.0,LOJA 259 - MONTES CLAROS 2,Consumidor Especial,SUDESTE,7.199999999999999,4.596849
,2022-09-24,37303.0,LOJA 259 - MONTES CLAROS 2,Consumidor Especial,SUDESTE,7.199999999999999,4.795619
,2022-09-25,37303.0,LOJA 259 - MONTES CLAROS 2,Consumidor Especial,SUDESTE,7.199999999999999,3.895392
,2022-09-26,37303.0,LOJA 259 - MONTES CLAROS 2,Consumidor Especial,SUDESTE,7.199999999999999,4.382246
,2022-09-27,37303.0,LOJA 259 - MONTES CLAROS 2,Consumidor Especial,SUDESTE,7.199999999999999,4.690755
,2022-09-28,37303.0,LOJA 259 - MONTES CLAROS 2,Consumidor Especial,SUDESTE,7.199999999999999,4.464293
,2022-09-29,37303.0,LOJA 259 - MONTES CLAROS 2,Consumidor Especial,SUDESTE,7.199999999999999,4.723604
,2022-09-30,37303.0,LOJA 259 - MONTES CLAROS 2,Consumidor Especial,SUDESTE,7.199999999999999,4.766752
,2022-10-01,37303.0,LOJA 259 - MONTES CLAROS 2,Consumidor Especial,SUDESTE,7.199999999999999,4.635712
,2022-10-02,37303.0,LOJA 259 - MONTES CLAROS 2,Consumidor Especial,SUDESTE,7.199999999999999,3.849554
,2022-10-03,37303.0,LOJA 259 - MONTES CLAROS 2,Consumidor Especial,SUDESTE,7.199999999999999,4.671563
,2022-10-04,37303.0,LOJA 259 - MONTES CLAROS 2,Consumidor Especial,SUDESTE,7.199999999999999,4.392011
,2022-10-05,37303.0,LOJA 259 - MONTES CLAROS 2,Consumidor Especial,SUDESTE,7.199999999999999,4.312871
,2022-10-06,37303.0,LOJA 259 - MONTES CLAROS 2,Consumidor Especial,SUDESTE,7.199999999999999,4.628862
,2022-10-07,37303.0,LOJA 259 - MONTES CLAROS 2,Consumidor Especial,SUDESTE,7.199999999999999,4.745157
,2022-10-08,37303.0,LOJA 259 - MONTES CLAROS 2,Consumidor Especial,SUDESTE,7.199999999999999,4.794366
,2022-10-09,37303.0,LOJA 259 - MONTES CLAROS 2,Consumidor Especial,SUDESTE,7.199999999999999,3.909623
,2022-10-10,37303.0,LOJA 259 - MONTES CLAROS 2,Consumidor Especial,SUDESTE,7.199999999999999,4.843336
,2022-10-11,37303.0,LOJA 259 - MONTES CLAROS 2,Consumidor Especial,SUDESTE,7.199999999999999,4.67509
,2022-10-12,37303.0,LOJA 259 - MONTES CLAROS 2,Consumidor Especial,SUDESTE,7.199999999999999,4.184236
,2022-10-13,37303.0,LOJA 259 - MONTES CLAROS 2,Consumidor Especial,SUDESTE,7.199999999999999,4.570586
,2022-10-14,37303.0,LOJA 259 - MONTES CLAROS 2,Consumidor Especial,SUDESTE,7.199999999999999,4.510509
,2022-10-15,37303.0,LOJA 259 - MONTES CLAROS 2,Consumidor Especial,SUDESTE,7.199999999999999,4.546613
,2022-10-16,37303.0,LOJA 259 - MONTES CLAROS 2,Consumidor Especial,SUDESTE,7.199999999999999,3.713011
,2022-10-17,37303.0,LOJA 259 - MONTES CLAROS 2,Consumidor Especial,SUDESTE,7.199999999999999,4.562051
,2022-10-18,37303.0,LOJA 259 - MONTES CLAROS 2,Consumidor Especial,SUDESTE,7.199999999999999,4.747394
,2022-10-19,37303.0,LOJA 259 - MONTES CLAROS 2,Consumidor Especial,SUDESTE,7.199999999999999,4.50857
,2022-10-20,37303.0,LOJA 259 - MONTES CLAROS 2,Consumidor Especial,SUDESTE,7.199999999999999,5.112381
,2022-10-21,37303.0,LOJA 259 - MONTES CLAROS 2,Consumidor Especial,SUDESTE,7.199999999999999,4.697255
,2022-10-22,37303.0,LOJA 259 - MONTES CLAROS 2,Consumidor Especial,SUDESTE,7.199999999999999,4.669621
,2022-10-23,37303.0,LOJA 259 - MONTES CLAROS 2,Consumidor Especial,SUDESTE,7.199999999999999,2.516766
,2022-10-24,37303.0,LOJA 259 - MONTES CLAROS 2,Consumidor Especial,SUDESTE,7.199999999999999,4.379709
,2022-10-25,37303.0,LOJA 259 - MONTES CLAROS 2,Consumidor Especial,SUDESTE,7.199999999999999,4.429964
,2022-10-26,37303.0,LOJA 259 - MONTES CLAROS 2,Consumidor Especial,SUDESTE,7.199999999999999,4.254404
,2022-10-27,37303.0,LOJA 259 - MONTES CLAROS 2,Consumidor Especial,SUDESTE,7.199999999999999,4.611825
,2022-10-28,37303.0,LOJA 259 - MONTES CLAROS 2,Consumidor Especial,SUDESTE,7.199999999999999,4.691668
,2022-10-29,37303.0,LOJA 259 - MONTES CLAROS 2,Consumidor Especial,SUDESTE,7.199999999999999,4.60185
,2022-10-30,37303.0,LOJA 259 - MONTES CLAROS 2,Consumidor Especial,SUDESTE,7.199999999999999,3.951144
,2022-10-31,37303.0,LOJA 259 - MONTES CLAROS 2,Consumidor Especial,SUDESTE,7.199999999999999,4.633415
,2022-11-01,37303.0,LOJA 259 - MONTES CLAROS 2,Consumidor Especial,SUDESTE,7.199999999999999,4.599915
,2022-11-02,37303.0,LOJA 259 - MONTES CLAROS 2,Consumidor Especial,SUDESTE,7.199999999999999,4.3857740000000005
,2022-11-03,37303.0,LOJA 259 - MONTES CLAROS 2,Consumidor Especial,SUDESTE,7.199999999999999,3.812909
,2022-11-04,37303.0,LOJA 259 - MONTES CLAROS 2,Consumidor Especial,SUDESTE,7.199999999999999,3.918598
,2022-11-05,37303.0,LOJA 259 - MONTES CLAROS 2,Consumidor Especial,SUDESTE,7.199999999999999,3.959496
,2022-11-06,37303.0,LOJA 259 - MONTES CLAROS 2,Consumidor Especial,SUDESTE,7.199999999999999,3.505992
,2022-11-07,37303.0,LOJA 259 - MONTES CLAROS 2,Consumidor Especial,SUDESTE,7.199999999999999,4.386408
,2022-11-08,37303.0,LOJA 259 - MONTES CLAROS 2,Consumidor Especial,SUDESTE,7.199999999999999,4.669495
,2022-11-09,37303.0,LOJA 259 - MONTES CLAROS 2,Consumidor Especial,SUDESTE,7.199999999999999,4.434113
,2022-11-10,37303.0,LOJA 259 - MONTES CLAROS 2,Consumidor Especial,SUDESTE,7.199999999999999,4.35271
,2022-11-11,37303.0,LOJA 259 - MONTES CLAROS 2,Consumidor Especial,SUDESTE,7.199999999999999,4.818798
,2022-11-12,37303.0,LOJA 259 - MONTES CLAROS 2,Consumidor Especial,SUDESTE,7.199999999999999,4.703978
,2022-11-13,37303.0,LOJA 259 - MONTES CLAROS 2,Consumidor Especial,SUDESTE,7.199999999999999,4.030638
,2022-11-14,37303.0,LOJA 259 - MONTES CLAROS 2,Consumidor Especial,SUDESTE,7.199999999999999,4.805931
,2022-11-15,37303.0,LOJA 259 - MONTES CLAROS 2,Consumidor Especial,SUDESTE,7.199999999999999,4.697267
,2022-11-16,37303.0,LOJA 259 - MONTES CLAROS 2,Consumidor Especial,SUDESTE,7.199999999999999,4.321616
,2022-11-17,37303.0,LOJA 259 - MONTES CLAROS 2,Consumidor Especial,SUDESTE,7.199999999999999,4.604776
,2022-11-18,37303.0,LOJA 259 - MONTES CLAROS 2,Consumidor Especial,SUDESTE,7.199999999999999,4.689793
,2022-11-19,37303.0,LOJA 259 - MONTES CLAROS 2,Consumidor Especial,SUDESTE,7.199999999999999,4.627131
,2022-11-20,37303.0,LOJA 259 - MONTES CLAROS 2,Consumidor Especial,SUDESTE,7.199999999999999,3.89006
,2022-11-21,37303.0,LOJA 259 - MONTES CLAROS 2,Consumidor Especial,SUDESTE,7.199999999999999,4.709102
,2022-11-22,37303.0,LOJA 259 - MONTES CLAROS 2,Consumidor Especial,SUDESTE,7.199999999999999,4.738381
,2022-11-23,37303.0,LOJA 259 - MONTES CLAROS 2,Consumidor Especial,SUDESTE,7.199999999999999,4.749884
,2022-11-24,37303.0,LOJA 259 - MONTES CLAROS 2,Consumidor Especial,SUDESTE,7.199999999999999,4.637284
,2022-11-25,37303.0,LOJA 259 - MONTES CLAROS 2,Consumidor Especial,SUDESTE,7.199999999999999,4.662378
,2022-11-26,37303.0,LOJA 259 - MONTES CLAROS 2,Consumidor Especial,SUDESTE,7.199999999999999,4.555859
,2022-11-27,37303.0,LOJA 259 - MONTES CLAROS 2,Consumidor Especial,SUDESTE,7.199999999999999,3.950758
,2022-11-28,37303.0,LOJA 259 - MONTES CLAROS 2,Consumidor Especial,SUDESTE,7.199999999999999,4.513177
,2022-11-29,37303.0,LOJA 259 - MONTES CLAROS 2,Consumidor Especial,SUDESTE,7.199999999999999,4.723014
,2022-11-30,37303.0,LOJA 259 - MONTES CLAROS 2,Consumidor Especial,SUDESTE,7.199999999999999,3.816069
,2022-12-01,37303.0,LOJA 259 - MONTES CLAROS 2,Consumidor Especial,SUDESTE,7.199999999999999,4.596831
,2022-12-02,37303.0,LOJA 259 - MONTES CLAROS 2,Consumidor Especial,SUDESTE,7.199999999999999,4.576381
,2022-12-03,37303.0,LOJA 259 - MONTES CLAROS 2,Consumidor Especial,SUDESTE,7.199999999999999,4.61794
,2022-12-04,37303.0,LOJA 259 - MONTES CLAROS 2,Consumidor Especial,SUDESTE,7.199999999999999,4.219324
,2022-12-05,37303.0,LOJA 259 - MONTES CLAROS 2,Consumidor Especial,SUDESTE,7.199999999999999,4.646834
,2022-12-06,37303.0,LOJA 259 - MONTES CLAROS 2,Consumidor Especial,SUDESTE,7.199999999999999,4.646956
,2022-12-07,37303.0,LOJA 259 - MONTES CLAROS 2,Consumidor Especial,SUDESTE,7.199999999999999,4.481729
,2022-12-08,37303.0,LOJA 259 - MONTES CLAROS 2,Consumidor Especial,SUDESTE,7.199999999999999,4.616267
,2022-12-09,37303.0,LOJA 259 - MONTES CLAROS 2,Consumidor Especial,SUDESTE,7.199999999999999,4.575259
,2022-12-10,37303.0,LOJA 259 - MONTES CLAROS 2,Consumidor Especial,SUDESTE,7.199999999999999,4.576261
,2022-12-11,37303.0,LOJA 259 - MONTES CLAROS 2,Consumidor Especial,SUDESTE,7.199999999999999,4.025212
,2022-12-12,37303.0,LOJA 259 - MONTES CLAROS 2,Consumidor Especial,SUDESTE,7.199999999999999,4.723672
,2022-12-13,37303.0,LOJA 259 - MONTES CLAROS 2,Consumidor Especial,SUDESTE,7.199999999999999,4.626658
,2022-12-14,37303.0,LOJA 259 - MONTES CLAROS 2,Consumidor Especial,SUDESTE,7.199999999999999,3.83938
,2022-12-15,37303.0,LOJA 259 - MONTES CLAROS 2,Consumidor Especial,SUDESTE,7.199999999999999,3.937983
,2022-12-16,37303.0,LOJA 259 - MONTES CLAROS 2,Consumidor Especial,SUDESTE,7.199999999999999,4.165095
,2022-12-17,37303.0,LOJA 259 - MONTES CLAROS 2,Consumidor Especial,SUDESTE,7.199999999999999,4.400708
,2022-12-18,37303.0,LOJA 259 - MONTES CLAROS 2,Consumidor Especial,SUDESTE,7.199999999999999,3.981116
,2022-12-19,37303.0,LOJA 259 - MONTES CLAROS 2,Consumidor Especial,SUDESTE,7.199999999999999,4.565513
,2022-12-20,37303.0,LOJA 259 - MONTES CLAROS 2,Consumidor Especial,SUDESTE,7.199999999999999,4.533479
,2022-12-21,37303.0,LOJA 259 - MONTES CLAROS 2,Consumidor Especial,SUDESTE,7.199999999999999,4.425558
,2022-12-22,37303.0,LOJA 259 - MONTES CLAROS 2,Consumidor Especial,SUDESTE,7.199999999999999,4.627763
,2022-12-23,37303.0,LOJA 259 - MONTES CLAROS 2,Consumidor Especial,SUDESTE,7.199999999999999,4.586441
,2022-12-24,37303.0,LOJA 259 - MONTES CLAROS 2,Consumidor Especial,SUDESTE,7.199999999999999,4.259333
,2022-12-25,37303.0,LOJA 259 - MONTES CLAROS 2,Consumidor Especial,SUDESTE,7.199999999999999,2.835838
,2022-12-26,37303.0,LOJA 259 - MONTES CLAROS 2,Consumidor Especial,SUDESTE,7.199999999999999,4.578499
,2022-12-27,37303.0,LOJA 259 - MONTES CLAROS 2,Consumidor Especial,SUDESTE,7.199999999999999,4.701693
,2022-12-28,37303.0,LOJA 259 - MONTES CLAROS 2,Consumidor Especial,SUDESTE,7.199999999999999,4.815146
,2022-12-29,37303.0,LOJA 259 - MONTES CLAROS 2,Consumidor Especial,SUDESTE,7.199999999999999,4.777682
,2022-12-30,37303.0,LOJA 259 - MONTES CLAROS 2,Consumidor Especial,SUDESTE,7.199999999999999,4.843652
,2022-12-31,37303.0,LOJA 259 - MONTES CLAROS 2,Consumidor Especial,SUDESTE,7.199999999999999,4.505355
,2023-01-01,37303.0,LOJA 259 - MONTES CLAROS 2,Consumidor Especial,SUDESTE,7.199999999999999,3.068405
,2023-01-02,37303.0,LOJA 259 - MONTES CLAROS 2,Consumidor Especial,SUDESTE,7.199999999999999,4.668708
,2023-01-03,37303.0,LOJA 259 - MONTES CLAROS 2,Consumidor Especial,SUDESTE,7.199999999999999,4.492651
,2023-01-04,37303.0,LOJA 259 - MONTES CLAROS 2,Consumidor Especial,SUDESTE,7.199999999999999,4.529223
,2023-01-05,37303.0,LOJA 259 - MONTES CLAROS 2,Consumidor Especial,SUDESTE,7.199999999999999,4.616439
,2023-01-06,37303.0,LOJA 259 - MONTES CLAROS 2,Consumidor Especial,SUDESTE,7.199999999999999,4.51934
,2023-01-07,37303.0,LOJA 259 - MONTES CLAROS 2,Consumidor Especial,SUDESTE,7.199999999999999,4.694376
,2023-01-08,37303.0,LOJA 259 - MONTES CLAROS 2,Consumidor Especial,SUDESTE,7.199999999999999,3.954205
,2023-01-09,37303.0,LOJA 259 - MONTES CLAROS 2,Consumidor Especial,SUDESTE,7.199999999999999,4.702783
,2023-01-10,37303.0,LOJA 259 - MONTES CLAROS 2,Consumidor Especial,SUDESTE,7.199999999999999,4.806144
,2023-01-11,37303.0,LOJA 259 - MONTES CLAROS 2,Consumidor Especial,SUDESTE,7.199999999999999,4.774105
,2023-01-12,37303.0,LOJA 259 - MONTES CLAROS 2,Consumidor Especial,SUDESTE,7.199999999999999,4.845251
,2023-01-13,37303.0,LOJA 259 - MONTES CLAROS 2,Consumidor Especial,SUDESTE,7.199999999999999,5.16026
,2023-01-14,37303.0,LOJA 259 - MONTES CLAROS 2,Consumidor Especial,SUDESTE,7.199999999999999,5.172934
,2023-01-15,37303.0,LOJA 259 - MONTES CLAROS 2,Consumidor Especial,SUDESTE,7.199999999999999,4.205105
,2023-01-16,37303.0,LOJA 259 - MONTES CLAROS 2,Consumidor Especial,SUDESTE,7.199999999999999,4.847267
,2023-01-17,37303.0,LOJA 259 - MONTES CLAROS 2,Consumidor Especial,SUDESTE,7.199999999999999,5.185938
,2023-01-18,37303.0,LOJA 259 - MONTES CLAROS 2,Consumidor Especial,SUDESTE,7.199999999999999,4.619847
,2023-01-19,37303.0,LOJA 259 - MONTES CLAROS 2,Consumidor Especial,SUDESTE,7.199999999999999,4.752275
,2023-01-20,37303.0,LOJA 259 - MONTES CLAROS 2,Consumidor Especial,SUDESTE,7.199999999999999,4.727298
,2023-01-21,37303.0,LOJA 259 - MONTES CLAROS 2,Consumidor Especial,SUDESTE,7.199999999999999,4.595452
,2023-01-22,37303.0,LOJA 259 - MONTES CLAROS 2,Consumidor Especial,SUDESTE,7.199999999999999,3.163736
,2023-01-23,37303.0,LOJA 259 - MONTES CLAROS 2,Consumidor Especial,SUDESTE,7.199999999999999,4.477159
,2023-01-24,37303.0,LOJA 259 - MONTES CLAROS 2,Consumidor Especial,SUDESTE,7.199999999999999,4.767365
,2023-01-25,37303.0,LOJA 259 - MONTES CLAROS 2,Consumidor Especial,SUDESTE,7.199999999999999,4.515626
,2023-01-26,37303.0,LOJA 259 - MONTES CLAROS 2,Consumidor Especial,SUDESTE,7.199999999999999,4.430963
,2023-01-27,37303.0,LOJA 259 - MONTES CLAROS 2,Consumidor Especial,SUDESTE,7.199999999999999,4.784443
,2023-01-28,37303.0,LOJA 259 - MONTES CLAROS 2,Consumidor Especial,SUDESTE,7.199999999999999,4.805199
,2023-01-29,37303.0,LOJA 259 - MONTES CLAROS 2,Consumidor Especial,SUDESTE,7.199999999999999,4.3187750000000005
,2023-01-30,37303.0,LOJA 259 - MONTES CLAROS 2,Consumidor Especial,SUDESTE,7.199999999999999,4.472111
,2023-01-31,37303.0,LOJA 259 - MONTES CLAROS 2,Consumidor Especial,SUDESTE,7.199999999999999,4.949078
,2023-02-01,37303.0,LOJA 259 - MONTES CLAROS 2,Consumidor Especial,SUDESTE,7.199999999999999,4.651245
,2023-02-02,37303.0,LOJA 259 - MONTES CLAROS 2,Consumidor Especial,SUDESTE,7.199999999999999,4.523376
,2023-02-03,37303.0,LOJA 259 - MONTES CLAROS 2,Consumidor Especial,SUDESTE,7.199999999999999,4.703924
,2023-02-04,37303.0,LOJA 259 - MONTES CLAROS 2,Consumidor Especial,SUDESTE,7.199999999999999,5.106355
,2023-02-05,37303.0,LOJA 259 - MONTES CLAROS 2,Consumidor Especial,SUDESTE,7.199999999999999,4.423489
,2023-02-06,37303.0,LOJA 259 - MONTES CLAROS 2,Consumidor Especial,SUDESTE,7.199999999999999,4.624002
,2023-02-07,37303.0,LOJA 259 - MONTES CLAROS 2,Consumidor Especial,SUDESTE,7.199999999999999,5.4678830000000005
,2023-02-08,37303.0,LOJA 259 - MONTES CLAROS 2,Consumidor Especial,SUDESTE,7.199999999999999,5.273025
,2023-02-09,37303.0,LOJA 259 - MONTES CLAROS 2,Consumidor Especial,SUDESTE,7.199999999999999,5.193025
,2023-02-10,37303.0,LOJA 259 - MONTES CLAROS 2,Consumidor Especial,SUDESTE,7.199999999999999,5.114713
,2023-02-11,37303.0,LOJA 259 - MONTES CLAROS 2,Consumidor Especial,SUDESTE,7.199999999999999,5.094154
,2023-02-12,37303.0,LOJA 259 - MONTES CLAROS 2,Consumidor Especial,SUDESTE,7.199999999999999,4.282815
,2023-02-13,37303.0,LOJA 259 - MONTES CLAROS 2,Consumidor Especial,SUDESTE,7.199999999999999,5.096301
,2023-02-14,37303.0,LOJA 259 - MONTES CLAROS 2,Consumidor Especial,SUDESTE,7.199999999999999,5.01871
,2023-02-15,37303.0,LOJA 259 - MONTES CLAROS 2,Consumidor Especial,SUDESTE,7.199999999999999,4.930147
,2023-02-16,37303.0,LOJA 259 - MONTES CLAROS 2,Consumidor Especial,SUDESTE,7.199999999999999,5.090158
,2023-02-17,37303.0,LOJA 259 - MONTES CLAROS 2,Consumidor Especial,SUDESTE,7.199999999999999,5.152296
,2023-02-18,37303.0,LOJA 259 - MONTES CLAROS 2,Consumidor Especial,SUDESTE,7.199999999999999,4.920114
,2023-02-19,37303.0,LOJA 259 - MONTES CLAROS 2,Consumidor Especial,SUDESTE,7.199999999999999,4.15385
,2023-02-20,37303.0,LOJA 259 - MONTES CLAROS 2,Consumidor Especial,SUDESTE,7.199999999999999,4.773766
,2023-02-21,37303.0,LOJA 259 - MONTES CLAROS 2,Consumidor Especial,SUDESTE,7.199999999999999,4.791118
,2023-02-22,37303.0,LOJA 259 - MONTES CLAROS 2,Consumidor Especial,SUDESTE,7.199999999999999,4.669563
,2023-02-23,37303.0,LOJA 259 - MONTES CLAROS 2,Consumidor Especial,SUDESTE,7.199999999999999,4.649502
,2023-02-24,37303.0,LOJA 259 - MONTES CLAROS 2,Consumidor Especial,SUDESTE,7.199999999999999,4.802229
,2023-02-25,37303.0,LOJA 259 - MONTES CLAROS 2,Consumidor Especial,SUDESTE,7.199999999999999,4.676489
,2023-02-26,37303.0,LOJA 259 - MONTES CLAROS 2,Consumidor Especial,SUDESTE,7.199999999999999,4.039428
,2023-02-27,37303.0,LOJA 259 - MONTES CLAROS 2,Consumidor Especial,SUDESTE,7.199999999999999,4.926468
,2023-02-28,37303.0,LOJA 259 - MONTES CLAROS 2,Consumidor Especial,SUDESTE,7.199999999999999,5.066189
,2023-03-01,37303.0,LOJA 259 - MONTES CLAROS 2,Consumidor Especial,SUDESTE,7.199999999999999,4.85994
,2023-03-02,37303.0,LOJA 259 - MONTES CLAROS 2,Consumidor Especial,SUDESTE,7.199999999999999,5.0701920000000005
,2023-03-03,37303.0,LOJA 259 - MONTES CLAROS 2,Consumidor Especial,SUDESTE,7.199999999999999,5.091156
,2023-03-04,37303.0,LOJA 259 - MONTES CLAROS 2,Consumidor Especial,SUDESTE,7.199999999999999,5.044632
,2023-03-05,37303.0,LOJA 259 - MONTES CLAROS 2,Consumidor Especial,SUDESTE,7.199999999999999,3.934349
,2023-03-06,37303.0,LOJA 259 - MONTES CLAROS 2,Consumidor Especial,SUDESTE,7.199999999999999,5.077345
,2023-03-07,37303.0,LOJA 259 - MONTES CLAROS 2,Consumidor Especial,SUDESTE,7.199999999999999,5.164074
,2023-03-08,37303.0,LOJA 259 - MONTES CLAROS 2,Consumidor Especial,SUDESTE,7.199999999999999,4.785784
,2023-03-09,37303.0,LOJA 259 - MONTES CLAROS 2,Consumidor Especial,SUDESTE,7.199999999999999,5.183973
,2023-03-10,37303.0,LOJA 259 - MONTES CLAROS 2,Consumidor Especial,SUDESTE,7.199999999999999,5.511631
,2023-03-11,37303.0,LOJA 259 - MONTES CLAROS 2,Consumidor Especial,SUDESTE,7.199999999999999,5.487951
,2023-03-12,37303.0,LOJA 259 - MONTES CLAROS 2,Consumidor Especial,SUDESTE,7.199999999999999,4.499402
,2023-03-13,37303.0,LOJA 259 - MONTES CLAROS 2,Consumidor Especial,SUDESTE,7.199999999999999,4.972609
,2023-03-14,37303.0,LOJA 259 - MONTES CLAROS 2,Consumidor Especial,SUDESTE,7.199999999999999,4.200521
,2023-03-15,37303.0,LOJA 259 - MONTES CLAROS 2,Consumidor Especial,SUDESTE,7.199999999999999,4.664882
,2023-03-16,37303.0,LOJA 259 - MONTES CLAROS 2,Consumidor Especial,SUDESTE,7.199999999999999,4.988429
,2023-03-17,37303.0,LOJA 259 - MONTES CLAROS 2,Consumidor Especial,SUDESTE,7.199999999999999,4.778017
,2023-03-18,37303.0,LOJA 259 - MONTES CLAROS 2,Consumidor Especial,SUDESTE,7.199999999999999,4.78399
,2023-03-19,37303.0,LOJA 259 - MONTES CLAROS 2,Consumidor Especial,SUDESTE,7.199999999999999,3.820692
,2023-03-20,37303.0,LOJA 259 - MONTES CLAROS 2,Consumidor Especial,SUDESTE,7.199999999999999,4.8530560000000005
,2023-03-21,37303.0,LOJA 259 - MONTES CLAROS 2,Consumidor Especial,SUDESTE,7.199999999999999,4.813472
,2023-03-22,37303.0,LOJA 259 - MONTES CLAROS 2,Consumidor Especial,SUDESTE,7.199999999999999,4.704177
,2023-03-23,37303.0,LOJA 259 - MONTES CLAROS 2,Consumidor Especial,SUDESTE,7.199999999999999,4.814469
,2023-03-24,37303.0,LOJA 259 - MONTES CLAROS 2,Consumidor Especial,SUDESTE,7.199999999999999,4.716004
,2023-03-25,37303.0,LOJA 259 - MONTES CLAROS 2,Consumidor Especial,SUDESTE,7.199999999999999,4.658015
,2023-03-26,37303.0,LOJA 259 - MONTES CLAROS 2,Consumidor Especial,SUDESTE,7.199999999999999,3.90096
,2023-03-27,37303.0,LOJA 259 - MONTES CLAROS 2,Consumidor Especial,SUDESTE,7.199999999999999,4.783126
,2023-03-28,37303.0,LOJA 259 - MONTES CLAROS 2,Consumidor Especial,SUDESTE,7.199999999999999,4.713002
,2023-03-29,37303.0,LOJA 259 - MONTES CLAROS 2,Consumidor Especial,SUDESTE,7.199999999999999,4.399268
,2023-03-30,37303.0,LOJA 259 - MONTES CLAROS 2,Consumidor Especial,SUDESTE,7.199999999999999,4.658071
,2023-03-31,37303.0,LOJA 259 - MONTES CLAROS 2,Consumidor Especial,SUDESTE,7.199999999999999,4.69109
,2023-04-01,37303.0,LOJA 259 - MONTES CLAROS 2,Consumidor Especial,SUDESTE,7.199999999999999,4.641048
,2023-04-02,37303.0,LOJA 259 - MONTES CLAROS 2,Consumidor Especial,SUDESTE,7.199999999999999,3.993393
,2023-04-03,37303.0,LOJA 259 - MONTES CLAROS 2,Consumidor Especial,SUDESTE,7.199999999999999,4.671925
,2023-04-04,37303.0,LOJA 259 - MONTES CLAROS 2,Consumidor Especial,SUDESTE,7.199999999999999,4.404971
,2023-04-05,37303.0,LOJA 259 - MONTES CLAROS 2,Consumidor Especial,SUDESTE,7.199999999999999,4.522048
,2023-04-06,37303.0,LOJA 259 - MONTES CLAROS 2,Consumidor Especial,SUDESTE,7.199999999999999,4.813113
,2023-04-07,37303.0,LOJA 259 - MONTES CLAROS 2,Consumidor Especial,SUDESTE,7.199999999999999,4.622143
,2023-04-08,37303.0,LOJA 259 - MONTES CLAROS 2,Consumidor Especial,SUDESTE,7.199999999999999,4.7807960000000005
,2023-04-09,37303.0,LOJA 259 - MONTES CLAROS 2,Consumidor Especial,SUDESTE,7.199999999999999,4.127206
,2023-04-10,37303.0,LOJA 259 - MONTES CLAROS 2,Consumidor Especial,SUDESTE,7.199999999999999,4.63044
,2023-04-11,37303.0,LOJA 259 - MONTES CLAROS 2,Consumidor Especial,SUDESTE,7.199999999999999,4.643499
,2023-04-12,37303.0,LOJA 259 - MONTES CLAROS 2,Consumidor Especial,SUDESTE,7.199999999999999,4.421824
,2023-04-13,37303.0,LOJA 259 - MONTES CLAROS 2,Consumidor Especial,SUDESTE,7.199999999999999,4.730738
,2023-04-14,37303.0,LOJA 259 - MONTES CLAROS 2,Consumidor Especial,SUDESTE,7.199999999999999,4.780178
,2023-04-15,37303.0,LOJA 259 - MONTES CLAROS 2,Consumidor Especial,SUDESTE,7.199999999999999,4.948499
,2023-04-16,37303.0,LOJA 259 - MONTES CLAROS 2,Consumidor Especial,SUDESTE,7.199999999999999,4.037116
,2023-04-17,37303.0,LOJA 259 - MONTES CLAROS 2,Consumidor Especial,SUDESTE,7.199999999999999,4.634317
,2023-04-18,37303.0,LOJA 259 - MONTES CLAROS 2,Consumidor Especial,SUDESTE,7.199999999999999,4.834799
,2023-04-19,37303.0,LOJA 259 - MONTES CLAROS 2,Consumidor Especial,SUDESTE,7.199999999999999,4.648989
,2023-04-20,37303.0,LOJA 259 - MONTES CLAROS 2,Consumidor Especial,SUDESTE,7.199999999999999,4.904166
,2023-04-21,37303.0,LOJA 259 - MONTES CLAROS 2,Consumidor Especial,SUDESTE,7.199999999999999,4.675769
,2023-04-22,37303.0,LOJA 259 - MONTES CLAROS 2,Consumidor Especial,SUDESTE,7.199999999999999,4.382786
,2023-04-23,37303.0,LOJA 259 - MONTES CLAROS 2,Consumidor Especial,SUDESTE,7.199999999999999,3.680282
,2023-04-24,37303.0,LOJA 259 - MONTES CLAROS 2,Consumidor Especial,SUDESTE,7.199999999999999,4.54441
,2023-04-25,37303.0,LOJA 259 - MONTES CLAROS 2,Consumidor Especial,SUDESTE,7.199999999999999,3.865694
,2023-04-26,37303.0,LOJA 259 - MONTES CLAROS 2,Consumidor Especial,SUDESTE,7.199999999999999,4.324992
,2023-04-27,37303.0,LOJA 259 - MONTES CLAROS 2,Consumidor Especial,SUDESTE,7.199999999999999,4.518982
,2023-04-28,37303.0,LOJA 259 - MONTES CLAROS 2,Consumidor Especial,SUDESTE,7.199999999999999,4.656529
,2023-04-29,37303.0,LOJA 259 - MONTES CLAROS 2,Consumidor Especial,SUDESTE,7.199999999999999,4.621127
,2023-04-30,37303.0,LOJA 259 - MONTES CLAROS 2,Consumidor Especial,SUDESTE,7.199999999999999,3.882194
,2023-05-01,37303.0,LOJA 259 - MONTES CLAROS 2,Consumidor Especial,SUDESTE,7.199999999999999,4.503923
,2023-05-02,37303.0,LOJA 259 - MONTES CLAROS 2,Consumidor Especial,SUDESTE,7.199999999999999,4.518709
,2023-05-03,37303.0,LOJA 259 - MONTES CLAROS 2,Consumidor Especial,SUDESTE,7.199999999999999,4.2656
,2023-05-04,37303.0,LOJA 259 - MONTES CLAROS 2,Consumidor Especial,SUDESTE,7.199999999999999,4.601743
,2023-05-05,37303.0,LOJA 259 - MONTES CLAROS 2,Consumidor Especial,SUDESTE,7.199999999999999,4.626333
,2023-05-06,37303.0,LOJA 259 - MONTES CLAROS 2,Consumidor Especial,SUDESTE,7.199999999999999,4.465956
,2023-05-07,37303.0,LOJA 259 - MONTES CLAROS 2,Consumidor Especial,SUDESTE,7.199999999999999,3.554083
,2023-05-08,37303.0,LOJA 259 - MONTES CLAROS 2,Consumidor Especial,SUDESTE,7.199999999999999,4.602528
,2023-05-09,37303.0,LOJA 259 - MONTES CLAROS 2,Consumidor Especial,SUDESTE,7.199999999999999,4.421862
,2023-05-10,37303.0,LOJA 259 - MONTES CLAROS 2,Consumidor Especial,SUDESTE,7.199999999999999,4.195519
,2023-05-11,37303.0,LOJA 259 - MONTES CLAROS 2,Consumidor Especial,SUDESTE,7.199999999999999,4.505786
,2023-05-12,37303.0,LOJA 259 - MONTES CLAROS 2,Consumidor Especial,SUDESTE,7.199999999999999,4.536842
,2023-05-13,37303.0,LOJA 259 - MONTES CLAROS 2,Consumidor Especial,SUDESTE,7.199999999999999,4.630645
,2023-05-14,37303.0,LOJA 259 - MONTES CLAROS 2,Consumidor Especial,SUDESTE,7.199999999999999,3.84481
,2023-05-15,37303.0,LOJA 259 - MONTES CLAROS 2,Consumidor Especial,SUDESTE,7.199999999999999,4.589874
,2023-05-16,37303.0,LOJA 259 - MONTES CLAROS 2,Consumidor Especial,SUDESTE,7.199999999999999,3.93433
,2023-05-17,37303.0,LOJA 259 - MONTES CLAROS 2,Consumidor Especial,SUDESTE,7.199999999999999,3.769345
,2023-05-18,37303.0,LOJA 259 - MONTES CLAROS 2,Consumidor Especial,SUDESTE,7.199999999999999,4.492952
,2023-05-19,37303.0,LOJA 259 - MONTES CLAROS 2,Consumidor Especial,SUDESTE,7.199999999999999,4.578238
,2023-05-20,37303.0,LOJA 259 - MONTES CLAROS 2,Consumidor Especial,SUDESTE,7.199999999999999,4.30061
,2023-05-21,37303.0,LOJA 259 - MONTES CLAROS 2,Consumidor Especial,SUDESTE,7.199999999999999,3.466354
,2023-05-22,37303.0,LOJA 259 - MONTES CLAROS 2,Consumidor Especial,SUDESTE,7.199999999999999,4.2009300000000005
,2023-05-23,37303.0,LOJA 259 - MONTES CLAROS 2,Consumidor Especial,SUDESTE,7.199999999999999,4.119332
,2023-05-24,37303.0,LOJA 259 - MONTES CLAROS 2,Consumidor Especial,SUDESTE,7.199999999999999,3.849227
,2023-05-25,37303.0,LOJA 259 - MONTES CLAROS 2,Consumidor Especial,SUDESTE,7.199999999999999,4.101666
,2023-05-26,37303.0,LOJA 259 - MONTES CLAROS 2,Consumidor Especial,SUDESTE,7.199999999999999,3.979938
,2023-05-27,37303.0,LOJA 259 - MONTES CLAROS 2,Consumidor Especial,SUDESTE,7.199999999999999,3.965049
,2023-05-28,37303.0,LOJA 259 - MONTES CLAROS 2,Consumidor Especial,SUDESTE,7.199999999999999,3.6015
,2023-05-29,37303.0,LOJA 259 - MONTES CLAROS 2,Consumidor Especial,SUDESTE,7.199999999999999,4.148515
,2023-05-30,37303.0,LOJA 259 - MONTES CLAROS 2,Consumidor Especial,SUDESTE,7.199999999999999,3.993854
,2023-05-31,37303.0,LOJA 259 - MONTES CLAROS 2,Consumidor Especial,SUDESTE,7.199999999999999,3.895267
,2023-06-01,37303.0,LOJA 259 - MONTES CLAROS 2,Consumidor Especial,SUDESTE,7.199999999999999,4.202385
,2023-06-02,37303.0,LOJA 259 - MONTES CLAROS 2,Consumidor Especial,SUDESTE,7.199999999999999,4.168272
,2023-06-03,37303.0,LOJA 259 - MONTES CLAROS 2,Consumidor Especial,SUDESTE,7.199999999999999,4.03009
,2023-06-04,37303.0,LOJA 259 - MONTES CLAROS 2,Consumidor Especial,SUDESTE,7.199999999999999,3.238508
,2023-06-05,37303.0,LOJA 259 - MONTES CLAROS 2,Consumidor Especial,SUDESTE,7.199999999999999,3.821401
,2023-06-06,37303.0,LOJA 259 - MONTES CLAROS 2,Consumidor Especial,SUDESTE,7.199999999999999,3.70057
,2023-06-07,37303.0,LOJA 259 - MONTES CLAROS 2,Consumidor Especial,SUDESTE,7.199999999999999,3.611316
,2023-06-08,37303.0,LOJA 259 - MONTES CLAROS 2,Consumidor Especial,SUDESTE,7.199999999999999,3.720341
,2023-06-09,37303.0,LOJA 259 - MONTES CLAROS 2,Consumidor Especial,SUDESTE,7.199999999999999,3.913431
,2023-06-10,37303.0,LOJA 259 - MONTES CLAROS 2,Consumidor Especial,SUDESTE,7.199999999999999,4.067706
,2023-06-11,37303.0,LOJA 259 - MONTES CLAROS 2,Consumidor Especial,SUDESTE,7.199999999999999,3.388239
,2023-06-12,37303.0,LOJA 259 - MONTES CLAROS 2,Consumidor Especial,SUDESTE,7.199999999999999,4.215169
,2023-06-13,37303.0,LOJA 259 - MONTES CLAROS 2,Consumidor Especial,SUDESTE,7.199999999999999,4.049419
,2023-06-14,37303.0,LOJA 259 - MONTES CLAROS 2,Consumidor Especial,SUDESTE,7.199999999999999,3.733593
,2023-06-15,37303.0,LOJA 259 - MONTES CLAROS 2,Consumidor Especial,SUDESTE,7.199999999999999,3.954252
,2023-06-16,37303.0,LOJA 259 - MONTES CLAROS 2,Consumidor Especial,SUDESTE,7.199999999999999,3.98874
,2023-06-17,37303.0,LOJA 259 - MONTES CLAROS 2,Consumidor Especial,SUDESTE,7.199999999999999,3.967766
,2023-06-18,37303.0,LOJA 259 - MONTES CLAROS 2,Consumidor Especial,SUDESTE,7.199999999999999,3.389429
,2023-06-19,37303.0,LOJA 259 - MONTES CLAROS 2,Consumidor Especial,SUDESTE,7.199999999999999,3.894959
,2023-06-20,37303.0,LOJA 259 - MONTES CLAROS 2,Consumidor Especial,SUDESTE,7.199999999999999,3.773794
,2023-06-21,37303.0,LOJA 259 - MONTES CLAROS 2,Consumidor Especial,SUDESTE,7.199999999999999,3.468286
,2023-06-22,37303.0,LOJA 259 - MONTES CLAROS 2,Consumidor Especial,SUDESTE,7.199999999999999,3.725226
,2023-06-23,37303.0,LOJA 259 - MONTES CLAROS 2,Consumidor Especial,SUDESTE,7.199999999999999,3.81225
,2023-06-24,37303.0,LOJA 259 - MONTES CLAROS 2,Consumidor Especial,SUDESTE,7.199999999999999,3.747275
,2023-06-25,37303.0,LOJA 259 - MONTES CLAROS 2,Consumidor Especial,SUDESTE,7.199999999999999,3.289261
,2023-06-26,37303.0,LOJA 259 - MONTES CLAROS 2,Consumidor Especial,SUDESTE,7.199999999999999,3.783408
,2023-06-27,37303.0,LOJA 259 - MONTES CLAROS 2,Consumidor Especial,SUDESTE,7.199999999999999,3.689369
,2023-06-28,37303.0,LOJA 259 - MONTES CLAROS 2,Consumidor Especial,SUDESTE,7.199999999999999,3.494617
,2023-06-29,37303.0,LOJA 259 - MONTES CLAROS 2,Consumidor Especial,SUDESTE,7.199999999999999,3.806335
,2023-06-30,37303.0,LOJA 259 - MONTES CLAROS 2,Consumidor Especial,SUDESTE,7.199999999999999,3.918967
,2023-07-01,37303.0,LOJA 259 - MONTES CLAROS 2,Consumidor Especial,SUDESTE,7.199999999999999,3.860548
,2023-07-02,37303.0,LOJA 259 - MONTES CLAROS 2,Consumidor Especial,SUDESTE,7.199999999999999,3.068659
,2023-07-03,37303.0,LOJA 259 - MONTES CLAROS 2,Consumidor Especial,SUDESTE,7.199999999999999,3.758082
,2023-07-04,37303.0,LOJA 259 - MONTES CLAROS 2,Consumidor Especial,SUDESTE,7.199999999999999,3.988623
,2023-07-05,37303.0,LOJA 259 - MONTES CLAROS 2,Consumidor Especial,SUDESTE,7.199999999999999,3.694326
,2023-07-06,37303.0,LOJA 259 - MONTES CLAROS 2,Consumidor Especial,SUDESTE,7.199999999999999,3.837046
,2023-07-07,37303.0,LOJA 259 - MONTES CLAROS 2,Consumidor Especial,SUDESTE,7.199999999999999,3.711151
,2023-07-08,37303.0,LOJA 259 - MONTES CLAROS 2,Consumidor Especial,SUDESTE,7.199999999999999,3.736624
,2023-07-09,37303.0,LOJA 259 - MONTES CLAROS 2,Consumidor Especial,SUDESTE,7.199999999999999,3.220583
,2023-07-10,37303.0,LOJA 259 - MONTES CLAROS 2,Consumidor Especial,SUDESTE,7.199999999999999,3.888033
,2023-07-11,37303.0,LOJA 259 - MONTES CLAROS 2,Consumidor Especial,SUDESTE,7.199999999999999,4.153564
,2023-07-12,37303.0,LOJA 259 - MONTES CLAROS 2,Consumidor Especial,SUDESTE,7.199999999999999,3.787058
,2023-07-13,37303.0,LOJA 259 - MONTES CLAROS 2,Consumidor Especial,SUDESTE,7.199999999999999,4.030467
,2023-07-14,37303.0,LOJA 259 - MONTES CLAROS 2,Consumidor Especial,SUDESTE,7.199999999999999,4.338175
,2023-07-15,37303.0,LOJA 259 - MONTES CLAROS 2,Consumidor Especial,SUDESTE,7.199999999999999,4.113356
,2023-07-16,37303.0,LOJA 259 - MONTES CLAROS 2,Consumidor Especial,SUDESTE,7.199999999999999,3.339512
,2023-07-17,37303.0,LOJA 259 - MONTES CLAROS 2,Consumidor Especial,SUDESTE,7.199999999999999,3.562104
,2023-07-18,37303.0,LOJA 259 - MONTES CLAROS 2,Consumidor Especial,SUDESTE,7.199999999999999,4.170783
,2023-07-19,37303.0,LOJA 259 - MONTES CLAROS 2,Consumidor Especial,SUDESTE,7.199999999999999,2.417324
,2023-07-20,37303.0,LOJA 259 - MONTES CLAROS 2,Consumidor Especial,SUDESTE,7.199999999999999,3.994595
,2023-07-21,37303.0,LOJA 259 - MONTES CLAROS 2,Consumidor Especial,SUDESTE,7.199999999999999,3.288014
,2023-07-22,37303.0,LOJA 259 - MONTES CLAROS 2,Consumidor Especial,SUDESTE,7.199999999999999,3.8704
,2023-07-23,37303.0,LOJA 259 - MONTES CLAROS 2,Consumidor Especial,SUDESTE,7.199999999999999,3.225694
,2023-07-24,37303.0,LOJA 259 - MONTES CLAROS 2,Consumidor Especial,SUDESTE,7.199999999999999,3.847207
,2023-07-25,37303.0,LOJA 259 - MONTES CLAROS 2,Consumidor Especial,SUDESTE,7.199999999999999,3.903046
,2023-07-26,37303.0,LOJA 259 - MONTES CLAROS 2,Consumidor Especial,SUDESTE,7.199999999999999,3.867322
,2023-07-27,37303.0,LOJA 259 - MONTES CLAROS 2,Consumidor Especial,SUDESTE,7.199999999999999,4.142092
,2023-07-28,37303.0,LOJA 259 - MONTES CLAROS 2,Consumidor Especial,SUDESTE,7.199999999999999,4.160753
,2023-07-29,37303.0,LOJA 259 - MONTES CLAROS 2,Consumidor Especial,SUDESTE,7.199999999999999,4.076985
,2023-07-30,37303.0,LOJA 259 - MONTES CLAROS 2,Consumidor Especial,SUDESTE,7.199999999999999,3.435152
,2023-07-31,37303.0,LOJA 259 - MONTES CLAROS 2,Consumidor Especial,SUDESTE,7.199999999999999,4.118944
,2023-08-01,37303.0,LOJA 259 - MONTES CLAROS 2,Consumidor Especial,SUDESTE,7.199999999999999,3.987438
,2023-08-02,37303.0,LOJA 259 - MONTES CLAROS 2,Consumidor Especial,SUDESTE,7.199999999999999,3.806091
,2023-08-03,37303.0,LOJA 259 - MONTES CLAROS 2,Consumidor Especial,SUDESTE,7.199999999999999,3.9657
,2023-08-04,37303.0,LOJA 259 - MONTES CLAROS 2,Consumidor Especial,SUDESTE,7.199999999999999,4.079191
,2023-08-05,37303.0,LOJA 259 - MONTES CLAROS 2,Consumidor Especial,SUDESTE,7.199999999999999,4.191294
,2023-08-06,37303.0,LOJA 259 - MONTES CLAROS 2,Consumidor Especial,SUDESTE,7.199999999999999,3.304368
,2023-08-07,37303.0,LOJA 259 - MONTES CLAROS 2,Consumidor Especial,SUDESTE,7.199999999999999,4.039625
,2023-08-08,37303.0,LOJA 259 - MONTES CLAROS 2,Consumidor Especial,SUDESTE,7.199999999999999,4.161832
,2023-08-09,37303.0,LOJA 259 - MONTES CLAROS 2,Consumidor Especial,SUDESTE,7.199999999999999,3.883414
,2023-08-10,37303.0,LOJA 259 - MONTES CLAROS 2,Consumidor Especial,SUDESTE,7.199999999999999,4.087475
,2023-08-11,37303.0,LOJA 259 - MONTES CLAROS 2,Consumidor Especial,SUDESTE,7.199999999999999,4.053949
,2023-08-12,37303.0,LOJA 259 - MONTES CLAROS 2,Consumidor Especial,SUDESTE,7.199999999999999,4.038307
,2023-08-13,37303.0,LOJA 259 - MONTES CLAROS 2,Consumidor Especial,SUDESTE,7.199999999999999,3.471126
,2023-08-14,37303.0,LOJA 259 - MONTES CLAROS 2,Consumidor Especial,SUDESTE,7.199999999999999,4.085202
,2023-08-15,37303.0,LOJA 259 - MONTES CLAROS 2,Consumidor Especial,SUDESTE,7.199999999999999,3.990223
,2023-08-16,37303.0,LOJA 259 - MONTES CLAROS 2,Consumidor Especial,SUDESTE,7.199999999999999,3.692286
,2023-08-17,37303.0,LOJA 259 - MONTES CLAROS 2,Consumidor Especial,SUDESTE,7.199999999999999,3.958464
,2023-08-18,37303.0,LOJA 259 - MONTES CLAROS 2,Consumidor Especial,SUDESTE,7.199999999999999,3.96994
,2023-08-19,37303.0,LOJA 259 - MONTES CLAROS 2,Consumidor Especial,SUDESTE,7.199999999999999,4.288589
,2023-08-20,37303.0,LOJA 259 - MONTES CLAROS 2,Consumidor Especial,SUDESTE,7.199999999999999,3.666254
,2023-08-21,37303.0,LOJA 259 - MONTES CLAROS 2,Consumidor Especial,SUDESTE,7.199999999999999,4.209523
,2023-08-22,37303.0,LOJA 259 - MONTES CLAROS 2,Consumidor Especial,SUDESTE,7.199999999999999,4.144202
,2023-08-23,37303.0,LOJA 259 - MONTES CLAROS 2,Consumidor Especial,SUDESTE,7.199999999999999,4.173845
,2023-08-24,37303.0,LOJA 259 - MONTES CLAROS 2,Consumidor Especial,SUDESTE,7.199999999999999,2.768255
,2023-08-25,37303.0,LOJA 259 - MONTES CLAROS 2,Consumidor Especial,SUDESTE,7.199999999999999,3.486805
,2023-08-26,37303.0,LOJA 259 - MONTES CLAROS 2,Consumidor Especial,SUDESTE,7.199999999999999,4.405833
,2023-08-27,37303.0,LOJA 259 - MONTES CLAROS 2,Consumidor Especial,SUDESTE,7.199999999999999,3.960608
,2023-08-28,37303.0,LOJA 259 - MONTES CLAROS 2,Consumidor Especial,SUDESTE,7.199999999999999,4.41088
,2023-08-29,37303.0,LOJA 259 - MONTES CLAROS 2,Consumidor Especial,SUDESTE,7.199999999999999,4.077113
,2023-08-30,37303.0,LOJA 259 - MONTES CLAROS 2,Consumidor Especial,SUDESTE,7.199999999999999,4.009277
,2023-08-31,37303.0,LOJA 259 - MONTES CLAROS 2,Consumidor Especial,SUDESTE,7.199999999999999,4.495756
,2023-09-01,37303.0,LOJA 259 - MONTES CLAROS 2,Consumidor Especial,SUDESTE,7.199999999999999,4.39708
,2023-09-02,37303.0,LOJA 259 - MONTES CLAROS 2,Consumidor Especial,SUDESTE,7.199999999999999,4.48397
,2023-09-03,37303.0,LOJA 259 - MONTES CLAROS 2,Consumidor Especial,SUDESTE,7.199999999999999,3.768769
,2023-09-04,37303.0,LOJA 259 - MONTES CLAROS 2,Consumidor Especial,SUDESTE,7.199999999999999,4.565752
,2023-09-05,37303.0,LOJA 259 - MONTES CLAROS 2,Consumidor Especial,SUDESTE,7.199999999999999,4.519116
,2023-09-06,37303.0,LOJA 259 - MONTES CLAROS 2,Consumidor Especial,SUDESTE,7.199999999999999,4.152744
,2023-09-07,37303.0,LOJA 259 - MONTES CLAROS 2,Consumidor Especial,SUDESTE,7.199999999999999,4.090844
,2023-09-08,37303.0,LOJA 259 - MONTES CLAROS 2,Consumidor Especial,SUDESTE,7.199999999999999,4.0217730000000005
,2023-09-09,37303.0,LOJA 259 - MONTES CLAROS 2,Consumidor Especial,SUDESTE,7.199999999999999,4.111845
,2023-09-10,37303.0,LOJA 259 - MONTES CLAROS 2,Consumidor Especial,SUDESTE,7.199999999999999,3.455337
,2023-09-11,37303.0,LOJA 259 - MONTES CLAROS 2,Consumidor Especial,SUDESTE,7.199999999999999,4.08534
,2023-09-12,37303.0,LOJA 259 - MONTES CLAROS 2,Consumidor Especial,SUDESTE,7.199999999999999,4.263353
,2023-09-13,37303.0,LOJA 259 - MONTES CLAROS 2,Consumidor Especial,SUDESTE,7.199999999999999,4.222572
,2023-09-14,37303.0,LOJA 259 - MONTES CLAROS 2,Consumidor Especial,SUDESTE,7.199999999999999,4.562773
,2023-09-15,37303.0,LOJA 259 - MONTES CLAROS 2,Consumidor Especial,SUDESTE,7.199999999999999,4.55635
,2023-09-16,37303.0,LOJA 259 - MONTES CLAROS 2,Consumidor Especial,SUDESTE,7.199999999999999,4.444487
,2023-09-17,37303.0,LOJA 259 - MONTES CLAROS 2,Consumidor Especial,SUDESTE,7.199999999999999,3.738655
,2023-09-18,37303.0,LOJA 259 - MONTES CLAROS 2,Consumidor Especial,SUDESTE,7.199999999999999,4.464686
,2023-09-19,37303.0,LOJA 259 - MONTES CLAROS 2,Consumidor Especial,SUDESTE,7.199999999999999,4.459161
,2023-09-20,37303.0,LOJA 259 - MONTES CLAROS 2,Consumidor Especial,SUDESTE,7.199999999999999,4.287749
,2023-09-21,37303.0,LOJA 259 - MONTES CLAROS 2,Consumidor Especial,SUDESTE,7.199999999999999,4.414357
,2023-09-22,37303.0,LOJA 259 - MONTES CLAROS 2,Consumidor Especial,SUDESTE,7.199999999999999,4.380343
,2023-09-23,37303.0,LOJA 259 - MONTES CLAROS 2,Consumidor Especial,SUDESTE,7.199999999999999,4.564472
,2023-09-24,37303.0,LOJA 259 - MONTES CLAROS 2,Consumidor Especial,SUDESTE,7.199999999999999,4.181951
,2023-09-25,37303.0,LOJA 259 - MONTES CLAROS 2,Consumidor Especial,SUDESTE,7.199999999999999,4.7840110000000005
,2023-09-26,37303.0,LOJA 259 - MONTES CLAROS 2,Consumidor Especial,SUDESTE,7.199999999999999,4.84664
,2023-09-27,37303.0,LOJA 259 - MONTES CLAROS 2,Consumidor Especial,SUDESTE,7.199999999999999,4.707501
,2023-09-28,37303.0,LOJA 259 - MONTES CLAROS 2,Consumidor Especial,SUDESTE,7.199999999999999,5.002418
,2023-09-29,37303.0,LOJA 259 - MONTES CLAROS 2,Consumidor Especial,SUDESTE,7.199999999999999,4.670928
,2023-09-30,37303.0,LOJA 259 - MONTES CLAROS 2,Consumidor Especial,SUDESTE,7.199999999999999,4.667104
,2023-10-01,37303.0,LOJA 259 - MONTES CLAROS 2,Consumidor Especial,SUDESTE,7.199999999999999,4.221467
,2023-10-02,37303.0,LOJA 259 - MONTES CLAROS 2,Consumidor Especial,SUDESTE,7.199999999999999,4.359569
,2023-10-03,37303.0,LOJA 259 - MONTES CLAROS 2,Consumidor Especial,SUDESTE,7.199999999999999,4.529949
,2023-10-04,37303.0,LOJA 259 - MONTES CLAROS 2,Consumidor Especial,SUDESTE,7.199999999999999,4.490062
,2023-10-05,37303.0,LOJA 259 - MONTES CLAROS 2,Consumidor Especial,SUDESTE,7.199999999999999,4.405023
,2023-10-06,37303.0,LOJA 259 - MONTES CLAROS 2,Consumidor Especial,SUDESTE,7.199999999999999,4.832437
,2023-10-07,37303.0,LOJA 259 - MONTES CLAROS 2,Consumidor Especial,SUDESTE,7.199999999999999,4.953069
,2023-10-08,37303.0,LOJA 259 - MONTES CLAROS 2,Consumidor Especial,SUDESTE,7.199999999999999,4.188628
,2023-10-09,37303.0,LOJA 259 - MONTES CLAROS 2,Consumidor Especial,SUDESTE,7.199999999999999,4.941934
,2023-10-10,37303.0,LOJA 259 - MONTES CLAROS 2,Consumidor Especial,SUDESTE,7.199999999999999,5.120893000000001
,2023-10-11,37303.0,LOJA 259 - MONTES CLAROS 2,Consumidor Especial,SUDESTE,7.199999999999999,4.593372
,2023-10-12,37303.0,LOJA 259 - MONTES CLAROS 2,Consumidor Especial,SUDESTE,7.199999999999999,4.801502
,2023-10-13,37303.0,LOJA 259 - MONTES CLAROS 2,Consumidor Especial,SUDESTE,7.199999999999999,4.965067
,2023-10-14,37303.0,LOJA 259 - MONTES CLAROS 2,Consumidor Especial,SUDESTE,7.199999999999999,4.93552
,2023-10-15,37303.0,LOJA 259 - MONTES CLAROS 2,Consumidor Especial,SUDESTE,7.199999999999999,4.04158
,2023-10-16,37303.0,LOJA 259 - MONTES CLAROS 2,Consumidor Especial,SUDESTE,7.199999999999999,4.622619
,2023-10-17,37303.0,LOJA 259 - MONTES CLAROS 2,Consumidor Especial,SUDESTE,7.199999999999999,4.804324
,2023-10-18,37303.0,LOJA 259 - MONTES CLAROS 2,Consumidor Especial,SUDESTE,7.199999999999999,4.545674
,2023-10-19,37303.0,LOJA 259 - MONTES CLAROS 2,Consumidor Especial,SUDESTE,7.199999999999999,4.870922
,2023-10-20,37303.0,LOJA 259 - MONTES CLAROS 2,Consumidor Especial,SUDESTE,7.199999999999999,4.783579
,2023-10-21,37303.0,LOJA 259 - MONTES CLAROS 2,Consumidor Especial,SUDESTE,7.199999999999999,4.723499
,2023-10-22,37303.0,LOJA 259 - MONTES CLAROS 2,Consumidor Especial,SUDESTE,7.199999999999999,4.027913
,2023-10-23,37303.0,LOJA 259 - MONTES CLAROS 2,Consumidor Especial,SUDESTE,7.199999999999999,4.765504
,2023-10-24,37303.0,LOJA 259 - MONTES CLAROS 2,Consumidor Especial,SUDESTE,7.199999999999999,4.9334620000000005
,2023-10-25,37303.0,LOJA 259 - MONTES CLAROS 2,Consumidor Especial,SUDESTE,7.199999999999999,4.684572
,2023-10-26,37303.0,LOJA 259 - MONTES CLAROS 2,Consumidor Especial,SUDESTE,7.199999999999999,4.798795
,2023-10-27,37303.0,LOJA 259 - MONTES CLAROS 2,Consumidor Especial,SUDESTE,7.199999999999999,4.968519
,2023-10-28,37303.0,LOJA 259 - MONTES CLAROS 2,Consumidor Especial,SUDESTE,7.199999999999999,5.164392
,2023-10-29,37303.0,LOJA 259 - MONTES CLAROS 2,Consumidor Especial,SUDESTE,7.199999999999999,4.520572
,2023-10-30,37303.0,LOJA 259 - MONTES CLAROS 2,Consumidor Especial,SUDESTE,7.199999999999999,5.122528
,2023-10-31,37303.0,LOJA 259 - MONTES CLAROS 2,Consumidor Especial,SUDESTE,7.199999999999999,5.021638
,2023-11-01,37303.0,LOJA 259 - MONTES CLAROS 2,Consumidor Especial,SUDESTE,7.199999999999999,4.754033
,2023-11-02,37303.0,LOJA 259 - MONTES CLAROS 2,Consumidor Especial,SUDESTE,7.199999999999999,5.003646
,2023-11-03,37303.0,LOJA 259 - MONTES CLAROS 2,Consumidor Especial,SUDESTE,7.199999999999999,4.673255
,2023-11-04,37303.0,LOJA 259 - MONTES CLAROS 2,Consumidor Especial,SUDESTE,7.199999999999999,4.666666
,2023-11-05,37303.0,LOJA 259 - MONTES CLAROS 2,Consumidor Especial,SUDESTE,7.199999999999999,4.243096
,2023-11-06,37303.0,LOJA 259 - MONTES CLAROS 2,Consumidor Especial,SUDESTE,7.199999999999999,4.82892
,2023-11-07,37303.0,LOJA 259 - MONTES CLAROS 2,Consumidor Especial,SUDESTE,7.199999999999999,4.839632
,2023-11-08,37303.0,LOJA 259 - MONTES CLAROS 2,Consumidor Especial,SUDESTE,7.199999999999999,4.409053
,2023-11-09,37303.0,LOJA 259 - MONTES CLAROS 2,Consumidor Especial,SUDESTE,7.199999999999999,4.748541
,2023-11-10,37303.0,LOJA 259 - MONTES CLAROS 2,Consumidor Especial,SUDESTE,7.199999999999999,4.958659
,2023-11-11,37303.0,LOJA 259 - MONTES CLAROS 2,Consumidor Especial,SUDESTE,7.199999999999999,4.97051
,2023-11-12,37303.0,LOJA 259 - MONTES CLAROS 2,Consumidor Especial,SUDESTE,7.199999999999999,4.223521
,2023-11-13,37303.0,LOJA 259 - MONTES CLAROS 2,Consumidor Especial,SUDESTE,7.199999999999999,5.014276
,2023-11-14,37303.0,LOJA 259 - MONTES CLAROS 2,Consumidor Especial,SUDESTE,7.199999999999999,5.053845
,2023-11-15,37303.0,LOJA 259 - MONTES CLAROS 2,Consumidor Especial,SUDESTE,7.199999999999999,4.757506
,2023-11-16,37303.0,LOJA 259 - MONTES CLAROS 2,Consumidor Especial,SUDESTE,7.199999999999999,5.111169
,2023-11-17,37303.0,LOJA 259 - MONTES CLAROS 2,Consumidor Especial,SUDESTE,7.199999999999999,5.121234
,2023-11-18,37303.0,LOJA 259 - MONTES CLAROS 2,Consumidor Especial,SUDESTE,7.199999999999999,5.240144
,2023-11-19,37303.0,LOJA 259 - MONTES CLAROS 2,Consumidor Especial,SUDESTE,7.199999999999999,4.3176760000000005
,2023-11-20,37303.0,LOJA 259 - MONTES CLAROS 2,Consumidor Especial,SUDESTE,7.199999999999999,4.843587
,2023-11-21,37303.0,LOJA 259 - MONTES CLAROS 2,Consumidor Especial,SUDESTE,7.199999999999999,4.896465
,2023-11-22,37303.0,LOJA 259 - MONTES CLAROS 2,Consumidor Especial,SUDESTE,7.199999999999999,4.726386
,2023-11-23,37303.0,LOJA 259 - MONTES CLAROS 2,Consumidor Especial,SUDESTE,7.199999999999999,4.952326
,2023-11-24,37303.0,LOJA 259 - MONTES CLAROS 2,Consumidor Especial,SUDESTE,7.199999999999999,5.141477
,2023-11-25,37303.0,LOJA 259 - MONTES CLAROS 2,Consumidor Especial,SUDESTE,7.199999999999999,5.194788
,2023-11-26,37303.0,LOJA 259 - MONTES CLAROS 2,Consumidor Especial,SUDESTE,7.199999999999999,4.14326
,2023-11-27,37303.0,LOJA 259 - MONTES CLAROS 2,Consumidor Especial,SUDESTE,7.199999999999999,4.877102
,2023-11-28,37303.0,LOJA 259 - MONTES CLAROS 2,Consumidor Especial,SUDESTE,7.199999999999999,4.969464
,2023-11-29,37303.0,LOJA 259 - MONTES CLAROS 2,Consumidor Especial,SUDESTE,7.199999999999999,4.719532
,2023-11-30,37303.0,LOJA 259 - MONTES CLAROS 2,Consumidor Especial,SUDESTE,7.199999999999999,5.220777
,2023-12-01,37303.0,LOJA 259 - MONTES CLAROS 2,Consumidor Especial,SUDESTE,7.199999999999999,5.369537
,2023-12-02,37303.0,LOJA 259 - MONTES CLAROS 2,Consumidor Especial,SUDESTE,7.199999999999999,4.937085
,2023-12-03,37303.0,LOJA 259 - MONTES CLAROS 2,Consumidor Especial,SUDESTE,7.199999999999999,4.488654
,2023-12-04,37303.0,LOJA 259 - MONTES CLAROS 2,Consumidor Especial,SUDESTE,7.199999999999999,5.070035
,2023-12-05,37303.0,LOJA 259 - MONTES CLAROS 2,Consumidor Especial,SUDESTE,7.199999999999999,4.965532
,2023-12-06,37303.0,LOJA 259 - MONTES CLAROS 2,Consumidor Especial,SUDESTE,7.199999999999999,4.76803
,2023-12-07,37303.0,LOJA 259 - MONTES CLAROS 2,Consumidor Especial,SUDESTE,7.199999999999999,4.765347
,2023-12-08,37303.0,LOJA 259 - MONTES CLAROS 2,Consumidor Especial,SUDESTE,7.199999999999999,4.857325
,2023-12-09,37303.0,LOJA 259 - MONTES CLAROS 2,Consumidor Especial,SUDESTE,7.199999999999999,4.995693
,2023-12-10,37303.0,LOJA 259 - MONTES CLAROS 2,Consumidor Especial,SUDESTE,7.199999999999999,4.084781
,2023-12-11,37303.0,LOJA 259 - MONTES CLAROS 2,Consumidor Especial,SUDESTE,7.199999999999999,4.815139
,2023-12-12,37303.0,LOJA 259 - MONTES CLAROS 2,Consumidor Especial,SUDESTE,7.199999999999999,4.932857
,2023-12-13,37303.0,LOJA 259 - MONTES CLAROS 2,Consumidor Especial,SUDESTE,7.199999999999999,4.561192
,2023-12-14,37303.0,LOJA 259 - MONTES CLAROS 2,Consumidor Especial,SUDESTE,7.199999999999999,4.801408
,2023-12-15,37303.0,LOJA 259 - MONTES CLAROS 2,Consumidor Especial,SUDESTE,7.199999999999999,4.728682
,2023-12-16,37303.0,LOJA 259 - MONTES CLAROS 2,Consumidor Especial,SUDESTE,7.199999999999999,4.860879
,2023-12-17,37303.0,LOJA 259 - MONTES CLAROS 2,Consumidor Especial,SUDESTE,7.199999999999999,4.569979
,2023-12-18,37303.0,LOJA 259 - MONTES CLAROS 2,Consumidor Especial,SUDESTE,7.199999999999999,5.053639
,2023-12-19,37303.0,LOJA 259 - MONTES CLAROS 2,Consumidor Especial,SUDESTE,7.199999999999999,4.889652
,2023-12-20,37303.0,LOJA 259 - MONTES CLAROS 2,Consumidor Especial,SUDESTE,7.199999999999999,4.460228
,2023-12-21,37303.0,LOJA 259 - MONTES CLAROS 2,Consumidor Especial,SUDESTE,7.199999999999999,4.744085
,2023-12-22,37303.0,LOJA 259 - MONTES CLAROS 2,Consumidor Especial,SUDESTE,7.199999999999999,4.773762
,2023-12-23,37303.0,LOJA 259 - MONTES CLAROS 2,Consumidor Especial,SUDESTE,7.199999999999999,4.9480450000000005
,2023-12-24,37303.0,LOJA 259 - MONTES CLAROS 2,Consumidor Especial,SUDESTE,7.199999999999999,4.654933
,2023-12-25,37303.0,LOJA 259 - MONTES CLAROS 2,Consumidor Especial,SUDESTE,7.199999999999999,3.906837
,2023-12-26,37303.0,LOJA 259 - MONTES CLAROS 2,Consumidor Especial,SUDESTE,7.199999999999999,5.207023
,2023-12-27,37303.0,LOJA 259 - MONTES CLAROS 2,Consumidor Especial,SUDESTE,7.199999999999999,4.962418
,2023-12-28,37303.0,LOJA 259 - MONTES CLAROS 2,Consumidor Especial,SUDESTE,7.199999999999999,5.28347
,2023-12-29,37303.0,LOJA 259 - MONTES CLAROS 2,Consumidor Especial,SUDESTE,7.199999999999999,5.171366
,2023-12-30,37303.0,LOJA 259 - MONTES CLAROS 2,Consumidor Especial,SUDESTE,7.199999999999999,5.074783
,2023-12-31,37303.0,LOJA 259 - MONTES CLAROS 2,Consumidor Especial,SUDESTE,7.199999999999999,4.367026
,2024-01-01,37303.0,LOJA 259 - MONTES CLAROS 2,Consumidor Especial,SUDESTE,7.199999999999999,3.456417
,2024-01-02,37303.0,LOJA 259 - MONTES CLAROS 2,Consumidor Especial,SUDESTE,7.199999999999999,4.779742
,2024-01-03,37303.0,LOJA 259 - MONTES CLAROS 2,Consumidor Especial,SUDESTE,7.199999999999999,4.477533
,2024-01-04,37303.0,LOJA 259 - MONTES CLAROS 2,Consumidor Especial,SUDESTE,7.199999999999999,4.665637
,2024-01-05,37303.0,LOJA 259 - MONTES CLAROS 2,Consumidor Especial,SUDESTE,7.199999999999999,4.624757
,2024-01-06,37303.0,LOJA 259 - MONTES CLAROS 2,Consumidor Especial,SUDESTE,7.199999999999999,4.667168
,2024-01-07,37303.0,LOJA 259 - MONTES CLAROS 2,Consumidor Especial,SUDESTE,7.199999999999999,3.839849
,2024-01-08,37303.0,LOJA 259 - MONTES CLAROS 2,Consumidor Especial,SUDESTE,7.199999999999999,4.54275
,2024-01-09,37303.0,LOJA 259 - MONTES CLAROS 2,Consumidor Especial,SUDESTE,7.199999999999999,4.7952
,2024-01-10,37303.0,LOJA 259 - MONTES CLAROS 2,Consumidor Especial,SUDESTE,7.199999999999999,4.586643
,2024-01-11,37303.0,LOJA 259 - MONTES CLAROS 2,Consumidor Especial,SUDESTE,7.199999999999999,4.830143
,2024-01-12,37303.0,LOJA 259 - MONTES CLAROS 2,Consumidor Especial,SUDESTE,7.199999999999999,4.809223
,2024-01-13,37303.0,LOJA 259 - MONTES CLAROS 2,Consumidor Especial,SUDESTE,7.199999999999999,4.874831
,2024-01-14,37303.0,LOJA 259 - MONTES CLAROS 2,Consumidor Especial,SUDESTE,7.199999999999999,4.114889
,2024-01-15,37303.0,LOJA 259 - MONTES CLAROS 2,Consumidor Especial,SUDESTE,7.199999999999999,4.622295
,2024-01-16,37303.0,LOJA 259 - MONTES CLAROS 2,Consumidor Especial,SUDESTE,7.199999999999999,4.867542
,2024-01-17,37303.0,LOJA 259 - MONTES CLAROS 2,Consumidor Especial,SUDESTE,7.199999999999999,4.694907
,2024-01-18,37303.0,LOJA 259 - MONTES CLAROS 2,Consumidor Especial,SUDESTE,7.199999999999999,4.883351
,2024-01-19,37303.0,LOJA 259 - MONTES CLAROS 2,Consumidor Especial,SUDESTE,7.199999999999999,4.928206
,2024-01-20,37303.0,LOJA 259 - MONTES CLAROS 2,Consumidor Especial,SUDESTE,7.199999999999999,5.059424
,2024-01-21,37303.0,LOJA 259 - MONTES CLAROS 2,Consumidor Especial,SUDESTE,7.199999999999999,4.523256
,2024-01-22,37303.0,LOJA 259 - MONTES CLAROS 2,Consumidor Especial,SUDESTE,7.199999999999999,4.733963
,2024-01-23,37303.0,LOJA 259 - MONTES CLAROS 2,Consumidor Especial,SUDESTE,7.199999999999999,4.754331
,2024-01-24,37303.0,LOJA 259 - MONTES CLAROS 2,Consumidor Especial,SUDESTE,7.199999999999999,4.261527
,2024-01-25,37303.0,LOJA 259 - MONTES CLAROS 2,Consumidor Especial,SUDESTE,7.199999999999999,4.708049
,2024-01-26,37303.0,LOJA 259 - MONTES CLAROS 2,Consumidor Especial,SUDESTE,7.199999999999999,4.539208
,2024-01-27,37303.0,LOJA 259 - MONTES CLAROS 2,Consumidor Especial,SUDESTE,7.199999999999999,4.475858
,2024-01-28,37303.0,LOJA 259 - MONTES CLAROS 2,Consumidor Especial,SUDESTE,7.199999999999999,3.802776
,2024-01-29,37303.0,LOJA 259 - MONTES CLAROS 2,Consumidor Especial,SUDESTE,7.199999999999999,4.370612
,2024-01-30,37303.0,LOJA 259 - MONTES CLAROS 2,Consumidor Especial,SUDESTE,7.199999999999999,4.659091
,2024-01-31,37303.0,LOJA 259 - MONTES CLAROS 2,Consumidor Especial,SUDESTE,7.199999999999999,4.420589
,2024-02-01,37303.0,LOJA 259 - MONTES CLAROS 2,Consumidor Especial,SUDESTE,7.199999999999999,4.891814
,2024-02-02,37303.0,LOJA 259 - MONTES CLAROS 2,Consumidor Especial,SUDESTE,7.199999999999999,4.830471
,2024-02-03,37303.0,LOJA 259 - MONTES CLAROS 2,Consumidor Especial,SUDESTE,7.199999999999999,4.732559
,2024-02-04,37303.0,LOJA 259 - MONTES CLAROS 2,Consumidor Especial,SUDESTE,7.199999999999999,4.009786
,2024-02-05,37303.0,LOJA 259 - MONTES CLAROS 2,Consumidor Especial,SUDESTE,7.199999999999999,4.866539
,2024-02-06,37303.0,LOJA 259 - MONTES CLAROS 2,Consumidor Especial,SUDESTE,7.199999999999999,4.8822980000000005
,2024-02-07,37303.0,LOJA 259 - MONTES CLAROS 2,Consumidor Especial,SUDESTE,7.199999999999999,4.511237
,2024-02-08,37303.0,LOJA 259 - MONTES CLAROS 2,Consumidor Especial,SUDESTE,7.199999999999999,4.698735
,2024-02-09,37303.0,LOJA 259 - MONTES CLAROS 2,Consumidor Especial,SUDESTE,7.199999999999999,4.381027
,2024-02-10,37303.0,LOJA 259 - MONTES CLAROS 2,Consumidor Especial,SUDESTE,7.199999999999999,4.506241
,2024-02-11,37303.0,LOJA 259 - MONTES CLAROS 2,Consumidor Especial,SUDESTE,7.199999999999999,3.745694
,2024-02-12,37303.0,LOJA 259 - MONTES CLAROS 2,Consumidor Especial,SUDESTE,7.199999999999999,4.591791
,2024-02-13,37303.0,LOJA 259 - MONTES CLAROS 2,Consumidor Especial,SUDESTE,7.199999999999999,4.638572
,2024-02-14,37303.0,LOJA 259 - MONTES CLAROS 2,Consumidor Especial,SUDESTE,7.199999999999999,4.590599
,2024-02-15,37303.0,LOJA 259 - MONTES CLAROS 2,Consumidor Especial,SUDESTE,7.199999999999999,4.957394
,2024-02-16,37303.0,LOJA 259 - MONTES CLAROS 2,Consumidor Especial,SUDESTE,7.199999999999999,4.509072
,2024-02-17,37303.0,LOJA 259 - MONTES CLAROS 2,Consumidor Especial,SUDESTE,7.199999999999999,4.687194
,2024-02-18,37303.0,LOJA 259 - MONTES CLAROS 2,Consumidor Especial,SUDESTE,7.199999999999999,3.917403
,2024-02-19,37303.0,LOJA 259 - MONTES CLAROS 2,Consumidor Especial,SUDESTE,7.199999999999999,4.527611
,2024-02-20,37303.0,LOJA 259 - MONTES CLAROS 2,Consumidor Especial,SUDESTE,7.199999999999999,4.323402
,2024-02-21,37303.0,LOJA 259 - MONTES CLAROS 2,Consumidor Especial,SUDESTE,7.199999999999999,4.116792
,2024-02-22,37303.0,LOJA 259 - MONTES CLAROS 2,Consumidor Especial,SUDESTE,7.199999999999999,4.430776
,2024-02-23,37303.0,LOJA 259 - MONTES CLAROS 2,Consumidor Especial,SUDESTE,7.199999999999999,4.535008
,2024-02-24,37303.0,LOJA 259 - MONTES CLAROS 2,Consumidor Especial,SUDESTE,7.199999999999999,4.651064
,2024-02-25,37303.0,LOJA 259 - MONTES CLAROS 2,Consumidor Especial,SUDESTE,7.199999999999999,3.997348
,2024-02-26,37303.0,LOJA 259 - MONTES CLAROS 2,Consumidor Especial,SUDESTE,7.199999999999999,4.518725
,2024-02-27,37303.0,LOJA 259 - MONTES CLAROS 2,Consumidor Especial,SUDESTE,7.199999999999999,4.645775
,2024-02-28,37303.0,LOJA 259 - MONTES CLAROS 2,Consumidor Especial,SUDESTE,7.199999999999999,4.5536
,2024-02-29,37303.0,LOJA 259 - MONTES CLAROS 2,Consumidor Especial,SUDESTE,7.199999999999999,5.13443
202403.0,2024-03-01,37303.0,LOJA 259 - MONTES CLAROS 2,Consumidor Especial,SUDESTE,7.199999999999999,5.020871
202403.0,2024-03-02,37303.0,LOJA 259 - MONTES CLAROS 2,Consumidor Especial,SUDESTE,7.199999999999999,5.012752
202403.0,2024-03-03,37303.0,LOJA 259 - MONTES CLAROS 2,Consumidor Especial,SUDESTE,7.199999999999999,4.159166
202403.0,2024-03-04,37303.0,LOJA 259 - MONTES CLAROS 2,Consumidor Especial,SUDESTE,7.199999999999999,4.881018
202403.0,2024-03-05,37303.0,LOJA 259 - MONTES CLAROS 2,Consumidor Especial,SUDESTE,7.199999999999999,5.182947
202403.0,2024-03-06,37303.0,LOJA 259 - MONTES CLAROS 2,Consumidor Especial,SUDESTE,7.199999999999999,5.145382
202403.0,2024-03-07,37303.0,LOJA 259 - MONTES CLAROS 2,Consumidor Especial,SUDESTE,7.199999999999999,5.487886
202403.0,2024-03-08,37303.0,LOJA 259 - MONTES CLAROS 2,Consumidor Especial,SUDESTE,7.199999999999999,5.277696
202403.0,2024-03-09,37303.0,LOJA 259 - MONTES CLAROS 2,Consumidor Especial,SUDESTE,7.199999999999999,5.1665920000000005
202403.0,2024-03-10,37303.0,LOJA 259 - MONTES CLAROS 2,Consumidor Especial,SUDESTE,7.199999999999999,4.30371
202403.0,2024-03-11,37303.0,LOJA 259 - MONTES CLAROS 2,Consumidor Especial,SUDESTE,7.199999999999999,5.087475
202403.0,2024-03-12,37303.0,LOJA 259 - MONTES CLAROS 2,Consumidor Especial,SUDESTE,7.199999999999999,4.957353
202403.0,2024-03-13,37303.0,LOJA 259 - MONTES CLAROS 2,Consumidor Especial,SUDESTE,7.199999999999999,4.71861
202403.0,2024-03-14,37303.0,LOJA 259 - MONTES CLAROS 2,Consumidor Especial,SUDESTE,7.199999999999999,4.904414
202403.0,2024-03-15,37303.0,LOJA 259 - MONTES CLAROS 2,Consumidor Especial,SUDESTE,7.199999999999999,5.022614
202403.0,2024-03-16,37303.0,LOJA 259 - MONTES CLAROS 2,Consumidor Especial,SUDESTE,7.199999999999999,5.059371
202403.0,2024-03-17,37303.0,LOJA 259 - MONTES CLAROS 2,Consumidor Especial,SUDESTE,7.199999999999999,4.475146
202403.0,2024-03-18,37303.0,LOJA 259 - MONTES CLAROS 2,Consumidor Especial,SUDESTE,7.199999999999999,4.991842
202403.0,2024-03-19,37303.0,LOJA 259 - MONTES CLAROS 2,Consumidor Especial,SUDESTE,7.199999999999999,5.172301
202403.0,2024-03-20,37303.0,LOJA 259 - MONTES CLAROS 2,Consumidor Especial,SUDESTE,7.199999999999999,4.865713
202403.0,2024-03-21,37303.0,LOJA 259 - MONTES CLAROS 2,Consumidor Especial,SUDESTE,7.199999999999999,5.147802
202403.0,2024-03-22,37303.0,LOJA 259 - MONTES CLAROS 2,Consumidor Especial,SUDESTE,7.199999999999999,5.011831
202403.0,2024-03-23,37303.0,LOJA 259 - MONTES CLAROS 2,Consumidor Especial,SUDESTE,7.199999999999999,4.869824
202403.0,2024-03-24,37303.0,LOJA 259 - MONTES CLAROS 2,Consumidor Especial,SUDESTE,7.199999999999999,4.152886
202403.0,2024-03-25,37303.0,LOJA 259 - MONTES CLAROS 2,Consumidor Especial,SUDESTE,7.199999999999999,4.601068
202403.0,2024-03-26,37303.0,LOJA 259 - MONTES CLAROS 2,Consumidor Especial,SUDESTE,7.199999999999999,4.783428
202403.0,2024-03-27,37303.0,LOJA 259 - MONTES CLAROS 2,Consumidor Especial,SUDESTE,7.199999999999999,4.634844
202403.0,2024-03-28,37303.0,LOJA 259 - MONTES CLAROS 2,Consumidor Especial,SUDESTE,7.199999999999999,4.989128
202403.0,2024-03-29,37303.0,LOJA 259 - MONTES CLAROS 2,Consumidor Especial,SUDESTE,7.199999999999999,4.755916
202403.0,2024-03-30,37303.0,LOJA 259 - MONTES CLAROS 2,Consumidor Especial,SUDESTE,7.199999999999999,4.785171
202403.0,2024-03-31,37303.0,LOJA 259 - MONTES CLAROS 2,Consumidor Especial,SUDESTE,7.199999999999999,4.073272
202404.0,2024-04-01,37303.0,LOJA 259 - MONTES CLAROS 2,Consumidor Especial,SUDESTE,7.199999999999999,4.665902
202404.0,2024-04-02,37303.0,LOJA 259 - MONTES CLAROS 2,Consumidor Especial,SUDESTE,7.199999999999999,4.485003
202404.0,2024-04-03,37303.0,LOJA 259 - MONTES CLAROS 2,Consumidor Especial,SUDESTE,7.199999999999999,4.471284
202404.0,2024-04-04,37303.0,LOJA 259 - MONTES CLAROS 2,Consumidor Especial,SUDESTE,7.199999999999999,4.73079
202404.0,2024-04-05,37303.0,LOJA 259 - MONTES CLAROS 2,Consumidor Especial,SUDESTE,7.199999999999999,4.538354
202404.0,2024-04-06,37303.0,LOJA 259 - MONTES CLAROS 2,Consumidor Especial,SUDESTE,7.199999999999999,4.73198
202404.0,2024-04-07,37303.0,LOJA 259 - MONTES CLAROS 2,Consumidor Especial,SUDESTE,7.199999999999999,3.82478
202404.0,2024-04-08,37303.0,LOJA 259 - MONTES CLAROS 2,Consumidor Especial,SUDESTE,7.199999999999999,4.390005
202404.0,2024-04-09,37303.0,LOJA 259 - MONTES CLAROS 2,Consumidor Especial,SUDESTE,7.199999999999999,4.588862
202404.0,2024-04-10,37303.0,LOJA 259 - MONTES CLAROS 2,Consumidor Especial,SUDESTE,7.199999999999999,4.401915
202404.0,2024-04-11,37303.0,LOJA 259 - MONTES CLAROS 2,Consumidor Especial,SUDESTE,7.199999999999999,4.748398
202404.0,2024-04-12,37303.0,LOJA 259 - MONTES CLAROS 2,Consumidor Especial,SUDESTE,7.199999999999999,4.591398
202404.0,2024-04-13,37303.0,LOJA 259 - MONTES CLAROS 2,Consumidor Especial,SUDESTE,7.199999999999999,4.599614
202404.0,2024-04-14,37303.0,LOJA 259 - MONTES CLAROS 2,Consumidor Especial,SUDESTE,7.199999999999999,3.915885
202404.0,2024-04-15,37303.0,LOJA 259 - MONTES CLAROS 2,Consumidor Especial,SUDESTE,7.199999999999999,4.550487
202404.0,2024-04-16,37303.0,LOJA 259 - MONTES CLAROS 2,Consumidor Especial,SUDESTE,7.199999999999999,4.586058
202404.0,2024-04-17,37303.0,LOJA 259 - MONTES CLAROS 2,Consumidor Especial,SUDESTE,7.199999999999999,4.368529
202404.0,2024-04-18,37303.0,LOJA 259 - MONTES CLAROS 2,Consumidor Especial,SUDESTE,7.199999999999999,4.485259
202404.0,2024-04-19,37303.0,LOJA 259 - MONTES CLAROS 2,Consumidor Especial,SUDESTE,7.199999999999999,4.607972
202404.0,2024-04-20,37303.0,LOJA 259 - MONTES CLAROS 2,Consumidor Especial,SUDESTE,7.199999999999999,4.603674
202404.0,2024-04-21,37303.0,LOJA 259 - MONTES CLAROS 2,Consumidor Especial,SUDESTE,7.199999999999999,3.853777
202404.0,2024-04-22,37303.0,LOJA 259 - MONTES CLAROS 2,Consumidor Especial,SUDESTE,7.199999999999999,4.426076
202404.0,2024-04-23,37303.0,LOJA 259 - MONTES CLAROS 2,Consumidor Especial,SUDESTE,7.199999999999999,4.660046
202404.0,2024-04-24,37303.0,LOJA 259 - MONTES CLAROS 2,Consumidor Especial,SUDESTE,7.199999999999999,4.504906
202404.0,2024-04-25,37303.0,LOJA 259 - MONTES CLAROS 2,Consumidor Especial,SUDESTE,7.199999999999999,4.753134
202404.0,2024-04-26,37303.0,LOJA 259 - MONTES CLAROS 2,Consumidor Especial,SUDESTE,7.199999999999999,4.692426
202404.0,2024-04-27,37303.0,LOJA 259 - MONTES CLAROS 2,Consumidor Especial,SUDESTE,7.199999999999999,4.662061
202404.0,2024-04-28,37303.0,LOJA 259 - MONTES CLAROS 2,Consumidor Especial,SUDESTE,7.199999999999999,4.07366
202404.0,2024-04-29,37303.0,LOJA 259 - MONTES CLAROS 2,Consumidor Especial,SUDESTE,7.199999999999999,4.737513
202404.0,2024-04-30,37303.0,LOJA 259 - MONTES CLAROS 2,Consumidor Especial,SUDESTE,7.199999999999999,4.753097
202405.0,2024-05-01,37303.0,LOJA 259 - MONTES CLAROS 2,Consumidor Especial,SUDESTE,7.199999999999999,4.386797
202405.0,2024-05-02,37303.0,LOJA 259 - MONTES CLAROS 2,Consumidor Especial,SUDESTE,7.199999999999999,4.634908
202405.0,2024-05-03,37303.0,LOJA 259 - MONTES CLAROS 2,Consumidor Especial,SUDESTE,7.199999999999999,4.422251
202405.0,2024-05-04,37303.0,LOJA 259 - MONTES CLAROS 2,Consumidor Especial,SUDESTE,7.199999999999999,4.60196
202405.0,2024-05-05,37303.0,LOJA 259 - MONTES CLAROS 2,Consumidor Especial,SUDESTE,7.199999999999999,3.897651
202405.0,2024-05-06,37303.0,LOJA 259 - MONTES CLAROS 2,Consumidor Especial,SUDESTE,7.199999999999999,4.538406
202405.0,2024-05-07,37303.0,LOJA 259 - MONTES CLAROS 2,Consumidor Especial,SUDESTE,7.199999999999999,4.537237
202405.0,2024-05-08,37303.0,LOJA 259 - MONTES CLAROS 2,Consumidor Especial,SUDESTE,7.199999999999999,4.40807
202405.0,2024-05-09,37303.0,LOJA 259 - MONTES CLAROS 2,Consumidor Especial,SUDESTE,7.199999999999999,4.555451
202405.0,2024-05-10,37303.0,LOJA 259 - MONTES CLAROS 2,Consumidor Especial,SUDESTE,7.199999999999999,4.62527
202405.0,2024-05-11,37303.0,LOJA 259 - MONTES CLAROS 2,Consumidor Especial,SUDESTE,7.199999999999999,4.69364
202405.0,2024-05-12,37303.0,LOJA 259 - MONTES CLAROS 2,Consumidor Especial,SUDESTE,7.199999999999999,4.224043
202405.0,2024-05-13,37303.0,LOJA 259 - MONTES CLAROS 2,Consumidor Especial,SUDESTE,7.199999999999999,4.977277
202405.0,2024-05-14,37303.0,LOJA 259 - MONTES CLAROS 2,Consumidor Especial,SUDESTE,7.199999999999999,4.810774
202405.0,2024-05-15,37303.0,LOJA 259 - MONTES CLAROS 2,Consumidor Especial,SUDESTE,7.199999999999999,4.443544
202405.0,2024-05-16,37303.0,LOJA 259 - MONTES CLAROS 2,Consumidor Especial,SUDESTE,7.199999999999999,4.590323
202405.0,2024-05-17,37303.0,LOJA 259 - MONTES CLAROS 2,Consumidor Especial,SUDESTE,7.199999999999999,4.550099
202405.0,2024-05-18,37303.0,LOJA 259 - MONTES CLAROS 2,Consumidor Especial,SUDESTE,7.199999999999999,4.560357
202405.0,2024-05-19,37303.0,LOJA 259 - MONTES CLAROS 2,Consumidor Especial,SUDESTE,7.199999999999999,3.929906
202405.0,2024-05-20,37303.0,LOJA 259 - MONTES CLAROS 2,Consumidor Especial,SUDESTE,7.199999999999999,4.576662
202405.0,2024-05-21,37303.0,LOJA 259 - MONTES CLAROS 2,Consumidor Especial,SUDESTE,7.199999999999999,4.568211
202405.0,2024-05-22,37303.0,LOJA 259 - MONTES CLAROS 2,Consumidor Especial,SUDESTE,7.199999999999999,2.840297
202405.0,2024-05-23,37303.0,LOJA 259 - MONTES CLAROS 2,Consumidor Especial,SUDESTE,7.199999999999999,4.532721
202405.0,2024-05-24,37303.0,LOJA 259 - MONTES CLAROS 2,Consumidor Especial,SUDESTE,7.199999999999999,4.430607
202405.0,2024-05-25,37303.0,LOJA 259 - MONTES CLAROS 2,Consumidor Especial,SUDESTE,7.199999999999999,4.40353
202405.0,2024-05-26,37303.0,LOJA 259 - MONTES CLAROS 2,Consumidor Especial,SUDESTE,7.199999999999999,3.748959
202405.0,2024-05-27,37303.0,LOJA 259 - MONTES CLAROS 2,Consumidor Especial,SUDESTE,7.199999999999999,4.386778
202405.0,2024-05-28,37303.0,LOJA 259 - MONTES CLAROS 2,Consumidor Especial,SUDESTE,7.199999999999999,4.451467
202405.0,2024-05-29,37303.0,LOJA 259 - MONTES CLAROS 2,Consumidor Especial,SUDESTE,7.199999999999999,4.264128
202405.0,2024-05-30,37303.0,LOJA 259 - MONTES CLAROS 2,Consumidor Especial,SUDESTE,7.199999999999999,4.487569
202405.0,2024-05-31,37303.0,LOJA 259 - MONTES CLAROS 2,Consumidor Especial,SUDESTE,7.199999999999999,4.422753
202406.0,2024-06-01,37303.0,LOJA 259 - MONTES CLAROS 2,Consumidor Especial,SUDESTE,7.199999999999999,4.281638
202406.0,2024-06-02,37303.0,LOJA 259 - MONTES CLAROS 2,Consumidor Especial,SUDESTE,7.199999999999999,3.586169
202406.0,2024-06-03,37303.0,LOJA 259 - MONTES CLAROS 2,Consumidor Especial,SUDESTE,7.199999999999999,4.3403
202406.0,2024-06-04,37303.0,LOJA 259 - MONTES CLAROS 2,Consumidor Especial,SUDESTE,7.199999999999999,4.405965
202406.0,2024-06-05,37303.0,LOJA 259 - MONTES CLAROS 2,Consumidor Especial,SUDESTE,7.199999999999999,4.111373
202406.0,2024-06-06,37303.0,LOJA 259 - MONTES CLAROS 2,Consumidor Especial,SUDESTE,7.199999999999999,4.297015
202406.0,2024-06-07,37303.0,LOJA 259 - MONTES CLAROS 2,Consumidor Especial,SUDESTE,7.199999999999999,4.208975
202406.0,2024-06-08,37303.0,LOJA 259 - MONTES CLAROS 2,Consumidor Especial,SUDESTE,7.199999999999999,4.292806
202406.0,2024-06-09,37303.0,LOJA 259 - MONTES CLAROS 2,Consumidor Especial,SUDESTE,7.199999999999999,3.507302
202406.0,2024-06-10,37303.0,LOJA 259 - MONTES CLAROS 2,Consumidor Especial,SUDESTE,7.199999999999999,4.3081
202406.0,2024-06-11,37303.0,LOJA 259 - MONTES CLAROS 2,Consumidor Especial,SUDESTE,7.199999999999999,4.258907
202406.0,2024-06-12,37303.0,LOJA 259 - MONTES CLAROS 2,Consumidor Especial,SUDESTE,7.199999999999999,3.863133
202406.0,2024-06-13,37303.0,LOJA 259 - MONTES CLAROS 2,Consumidor Especial,SUDESTE,7.199999999999999,3.859043
202406.0,2024-06-14,37303.0,LOJA 259 - MONTES CLAROS 2,Consumidor Especial,SUDESTE,7.199999999999999,4.156468
202406.0,2024-06-15,37303.0,LOJA 259 - MONTES CLAROS 2,Consumidor Especial,SUDESTE,7.199999999999999,4.059184
202406.0,2024-06-16,37303.0,LOJA 259 - MONTES CLAROS 2,Consumidor Especial,SUDESTE,7.199999999999999,3.612383
202406.0,2024-06-17,37303.0,LOJA 259 - MONTES CLAROS 2,Consumidor Especial,SUDESTE,7.199999999999999,3.850352
202406.0,2024-06-18,37303.0,LOJA 259 - MONTES CLAROS 2,Consumidor Especial,SUDESTE,7.199999999999999,3.896716
202406.0,2024-06-19,37303.0,LOJA 259 - MONTES CLAROS 2,Consumidor Especial,SUDESTE,7.199999999999999,3.901288
202406.0,2024-06-20,37303.0,LOJA 259 - MONTES CLAROS 2,Consumidor Especial,SUDESTE,7.199999999999999,3.989928
202406.0,2024-06-21,37303.0,LOJA 259 - MONTES CLAROS 2,Consumidor Especial,SUDESTE,7.199999999999999,4.097149
202406.0,2024-06-22,37303.0,LOJA 259 - MONTES CLAROS 2,Consumidor Especial,SUDESTE,7.199999999999999,4.189221
202406.0,2024-06-23,37303.0,LOJA 259 - MONTES CLAROS 2,Consumidor Especial,SUDESTE,7.199999999999999,3.703517
202406.0,2024-06-24,37303.0,LOJA 259 - MONTES CLAROS 2,Consumidor Especial,SUDESTE,7.199999999999999,4.22531
202406.0,2024-06-25,37303.0,LOJA 259 - MONTES CLAROS 2,Consumidor Especial,SUDESTE,7.199999999999999,4.375503
202406.0,2024-06-26,37303.0,LOJA 259 - MONTES CLAROS 2,Consumidor Especial,SUDESTE,7.199999999999999,4.41668
202406.0,2024-06-27,37303.0,LOJA 259 - MONTES CLAROS 2,Consumidor Especial,SUDESTE,7.199999999999999,4.56614
202406.0,2024-06-28,37303.0,LOJA 259 - MONTES CLAROS 2,Consumidor Especial,SUDESTE,7.199999999999999,4.782479
202406.0,2024-06-29,37303.0,LOJA 259 - MONTES CLAROS 2,Consumidor Especial,SUDESTE,7.199999999999999,4.704281
202406.0,2024-06-30,37303.0,LOJA 259 - MONTES CLAROS 2,Consumidor Especial,SUDESTE,7.199999999999999,4.131267
202407.0,2024-07-01,37303.0,LOJA 259 - MONTES CLAROS 2,Consumidor Especial,SUDESTE,7.199999999999999,4.673429
202407.0,2024-07-02,37303.0,LOJA 259 - MONTES CLAROS 2,Consumidor Especial,SUDESTE,7.199999999999999,4.467262
202407.0,2024-07-03,37303.0,LOJA 259 - MONTES CLAROS 2,Consumidor Especial,SUDESTE,7.199999999999999,4.217888
202407.0,2024-07-04,37303.0,LOJA 259 - MONTES CLAROS 2,Consumidor Especial,SUDESTE,7.199999999999999,4.576426
202407.0,2024-07-05,37303.0,LOJA 259 - MONTES CLAROS 2,Consumidor Especial,SUDESTE,7.199999999999999,4.535114
202407.0,2024-07-06,37303.0,LOJA 259 - MONTES CLAROS 2,Consumidor Especial,SUDESTE,7.199999999999999,4.595287
202407.0,2024-07-07,37303.0,LOJA 259 - MONTES CLAROS 2,Consumidor Especial,SUDESTE,7.199999999999999,3.93972
202407.0,2024-07-08,37303.0,LOJA 259 - MONTES CLAROS 2,Consumidor Especial,SUDESTE,7.199999999999999,4.423796
202407.0,2024-07-09,37303.0,LOJA 259 - MONTES CLAROS 2,Consumidor Especial,SUDESTE,7.199999999999999,4.553866
202407.0,2024-07-10,37303.0,LOJA 259 - MONTES CLAROS 2,Consumidor Especial,SUDESTE,7.199999999999999,4.536762
202407.0,2024-07-11,37303.0,LOJA 259 - MONTES CLAROS 2,Consumidor Especial,SUDESTE,7.199999999999999,4.715234
202407.0,2024-07-12,37303.0,LOJA 259 - MONTES CLAROS 2,Consumidor Especial,SUDESTE,7.199999999999999,4.749001
202407.0,2024-07-13,37303.0,LOJA 259 - MONTES CLAROS 2,Consumidor Especial,SUDESTE,7.199999999999999,5.028371
202407.0,2024-07-14,37303.0,LOJA 259 - MONTES CLAROS 2,Consumidor Especial,SUDESTE,7.199999999999999,4.140417
202407.0,2024-07-15,37303.0,LOJA 259 - MONTES CLAROS 2,Consumidor Especial,SUDESTE,7.199999999999999,4.544104
202407.0,2024-07-16,37303.0,LOJA 259 - MONTES CLAROS 2,Consumidor Especial,SUDESTE,7.199999999999999,4.797274
202407.0,2024-07-17,37303.0,LOJA 259 - MONTES CLAROS 2,Consumidor Especial,SUDESTE,7.199999999999999,4.072596
202407.0,2024-07-18,37303.0,LOJA 259 - MONTES CLAROS 2,Consumidor Especial,SUDESTE,7.199999999999999,4.625989
202407.0,2024-07-19,37303.0,LOJA 259 - MONTES CLAROS 2,Consumidor Especial,SUDESTE,7.199999999999999,4.582073
202407.0,2024-07-20,37303.0,LOJA 259 - MONTES CLAROS 2,Consumidor Especial,SUDESTE,7.199999999999999,4.508567
202407.0,2024-07-21,37303.0,LOJA 259 - MONTES CLAROS 2,Consumidor Especial,SUDESTE,7.199999999999999,3.660406
202407.0,2024-07-22,37303.0,LOJA 259 - MONTES CLAROS 2,Consumidor Especial,SUDESTE,7.199999999999999,4.522745
202407.0,2024-07-23,37303.0,LOJA 259 - MONTES CLAROS 2,Consumidor Especial,SUDESTE,7.199999999999999,4.381993
202407.0,2024-07-24,37303.0,LOJA 259 - MONTES CLAROS 2,Consumidor Especial,SUDESTE,7.199999999999999,4.043071
202407.0,2024-07-25,37303.0,LOJA 259 - MONTES CLAROS 2,Consumidor Especial,SUDESTE,7.199999999999999,4.247933
202407.0,2024-07-26,37303.0,LOJA 259 - MONTES CLAROS 2,Consumidor Especial,SUDESTE,7.199999999999999,4.230102
202407.0,2024-07-27,37303.0,LOJA 259 - MONTES CLAROS 2,Consumidor Especial,SUDESTE,7.199999999999999,4.596357
202407.0,2024-07-28,37303.0,LOJA 259 - MONTES CLAROS 2,Consumidor Especial,SUDESTE,7.199999999999999,3.686909
202407.0,2024-07-29,37303.0,LOJA 259 - MONTES CLAROS 2,Consumidor Especial,SUDESTE,7.199999999999999,4.438903
202407.0,2024-07-30,37303.0,LOJA 259 - MONTES CLAROS 2,Consumidor Especial,SUDESTE,7.199999999999999,4.508197
202407.0,2024-07-31,37303.0,LOJA 259 - MONTES CLAROS 2,Consumidor Especial,SUDESTE,7.199999999999999,4.211666
