MES_REFERENCIA,DATA,CODIGO_PERFIL_AGENTE,SIGLA_PERFIL_AGENTE,CLASSE_PERFIL_AGENTE,SUBMERCADO,CAPACIDADE_CARGA,CONSUMO_CARGA_ACL
,2023-01-01,46844.0,MACRON CL 514,Consumidor Livre,SUDESTE,14.4,0.522734
,2023-01-02,46844.0,MACRON CL 514,Consumidor Livre,SUDESTE,14.4,7.390087
,2023-01-03,46844.0,MACRON CL 514,Consumidor Livre,SUDESTE,14.4,9.13278
,2023-01-04,46844.0,MACRON CL 514,Consumidor Livre,SUDESTE,14.4,8.681792
,2023-01-05,46844.0,MACRON CL 514,Consumidor Livre,SUDESTE,14.4,8.984034
,2023-01-06,46844.0,MACRON CL 514,Consumidor Livre,SUDESTE,14.4,9.632536
,2023-01-07,46844.0,MACRON CL 514,Consumidor Livre,SUDESTE,14.4,6.476416
,2023-01-08,46844.0,MACRON CL 514,Consumidor Livre,SUDESTE,14.4,0.673287
,2023-01-09,46844.0,MACRON CL 514,Consumidor Livre,SUDESTE,14.4,7.446566
,2023-01-10,46844.0,MACRON CL 514,Consumidor Livre,SUDESTE,14.4,9.936069
,2023-01-11,46844.0,MACRON CL 514,Consumidor Livre,SUDESTE,14.4,10.02128
,2023-01-12,46844.0,MACRON CL 514,Consumidor Livre,SUDESTE,14.4,9.929335
,2023-01-13,46844.0,MACRON CL 514,Consumidor Livre,SUDESTE,14.4,9.347618
,2023-01-14,46844.0,MACRON CL 514,Consumidor Livre,SUDESTE,14.4,5.996694
,2023-01-15,46844.0,MACRON CL 514,Consumidor Livre,SUDESTE,14.4,1.034913
,2023-01-16,46844.0,MACRON CL 514,Consumidor Livre,SUDESTE,14.4,7.471294
,2023-01-17,46844.0,MACRON CL 514,Consumidor Livre,SUDESTE,14.4,9.615607
,2023-01-18,46844.0,MACRON CL 514,Consumidor Livre,SUDESTE,14.4,9.297637
,2023-01-19,46844.0,MACRON CL 514,Consumidor Livre,SUDESTE,14.4,9.094674
,2023-01-20,46844.0,MACRON CL 514,Consumidor Livre,SUDESTE,14.4,9.614979
,2023-01-21,46844.0,MACRON CL 514,Consumidor Livre,SUDESTE,14.4,7.584583
,2023-01-22,46844.0,MACRON CL 514,Consumidor Livre,SUDESTE,14.4,5.815417
,2023-01-23,46844.0,MACRON CL 514,Consumidor Livre,SUDESTE,14.4,8.394691
,2023-01-24,46844.0,MACRON CL 514,Consumidor Livre,SUDESTE,14.4,9.694061
,2023-01-25,46844.0,MACRON CL 514,Consumidor Livre,SUDESTE,14.4,9.028146
,2023-01-26,46844.0,MACRON CL 514,Consumidor Livre,SUDESTE,14.4,9.150188
,2023-01-27,46844.0,MACRON CL 514,Consumidor Livre,SUDESTE,14.4,9.30188
,2023-01-28,46844.0,MACRON CL 514,Consumidor Livre,SUDESTE,14.4,7.646959
,2023-01-29,46844.0,MACRON CL 514,Consumidor Livre,SUDESTE,14.4,4.995814
,2023-01-30,46844.0,MACRON CL 514,Consumidor Livre,SUDESTE,14.4,8.582094
,2023-01-31,46844.0,MACRON CL 514,Consumidor Livre,SUDESTE,14.4,10.401968
,2023-02-01,46844.0,MACRON CL 514,Consumidor Livre,SUDESTE,14.4,9.592349
,2023-02-02,46844.0,MACRON CL 514,Consumidor Livre,SUDESTE,14.4,8.907992
,2023-02-03,46844.0,MACRON CL 514,Consumidor Livre,SUDESTE,14.4,9.154098
,2023-02-04,46844.0,MACRON CL 514,Consumidor Livre,SUDESTE,14.4,7.936847999999999
,2023-02-05,46844.0,MACRON CL 514,Consumidor Livre,SUDESTE,14.4,7.17077
,2023-02-06,46844.0,MACRON CL 514,Consumidor Livre,SUDESTE,14.4,8.711806
,2023-02-07,46844.0,MACRON CL 514,Consumidor Livre,SUDESTE,14.4,8.633136
,2023-02-08,46844.0,MACRON CL 514,Consumidor Livre,SUDESTE,14.4,9.32072
,2023-02-09,46844.0,MACRON CL 514,Consumidor Livre,SUDESTE,14.4,9.445402
,2023-02-10,46844.0,MACRON CL 514,Consumidor Livre,SUDESTE,14.4,9.477754
,2023-02-11,46844.0,MACRON CL 514,Consumidor Livre,SUDESTE,14.4,8.670677
,2023-02-12,46844.0,MACRON CL 514,Consumidor Livre,SUDESTE,14.4,6.379347
,2023-02-13,46844.0,MACRON CL 514,Consumidor Livre,SUDESTE,14.4,8.756285
,2023-02-14,46844.0,MACRON CL 514,Consumidor Livre,SUDESTE,14.4,10.320364
,2023-02-15,46844.0,MACRON CL 514,Consumidor Livre,SUDESTE,14.4,9.668574
,2023-02-16,46844.0,MACRON CL 514,Consumidor Livre,SUDESTE,14.4,9.709841
,2023-02-17,46844.0,MACRON CL 514,Consumidor Livre,SUDESTE,14.4,9.48821
,2023-02-18,46844.0,MACRON CL 514,Consumidor Livre,SUDESTE,14.4,7.629195
,2023-02-19,46844.0,MACRON CL 514,Consumidor Livre,SUDESTE,14.4,3.543242
,2023-02-20,46844.0,MACRON CL 514,Consumidor Livre,SUDESTE,14.4,7.605529
,2023-02-21,46844.0,MACRON CL 514,Consumidor Livre,SUDESTE,14.4,8.918936
,2023-02-22,46844.0,MACRON CL 514,Consumidor Livre,SUDESTE,14.4,9.212842
,2023-02-23,46844.0,MACRON CL 514,Consumidor Livre,SUDESTE,14.4,8.731527
,2023-02-24,46844.0,MACRON CL 514,Consumidor Livre,SUDESTE,14.4,9.023676
,2023-02-25,46844.0,MACRON CL 514,Consumidor Livre,SUDESTE,14.4,7.919193
,2023-02-26,46844.0,MACRON CL 514,Consumidor Livre,SUDESTE,14.4,5.721763
,2023-02-27,46844.0,MACRON CL 514,Consumidor Livre,SUDESTE,14.4,8.346394
,2023-02-28,46844.0,MACRON CL 514,Consumidor Livre,SUDESTE,14.4,9.735417
,2023-03-01,46844.0,MACRON CL 514,Consumidor Livre,SUDESTE,14.4,11.069944
,2023-03-02,46844.0,MACRON CL 514,Consumidor Livre,SUDESTE,14.4,10.094304
,2023-03-03,46844.0,MACRON CL 514,Consumidor Livre,SUDESTE,14.4,10.061942
,2023-03-04,46844.0,MACRON CL 514,Consumidor Livre,SUDESTE,14.4,6.091168
,2023-03-05,46844.0,MACRON CL 514,Consumidor Livre,SUDESTE,14.4,1.128174
,2023-03-06,46844.0,MACRON CL 514,Consumidor Livre,SUDESTE,14.4,8.36639
,2023-03-07,46844.0,MACRON CL 514,Consumidor Livre,SUDESTE,14.4,10.169921
,2023-03-08,46844.0,MACRON CL 514,Consumidor Livre,SUDESTE,14.4,9.475841
,2023-03-09,46844.0,MACRON CL 514,Consumidor Livre,SUDESTE,14.4,10.048848
,2023-03-10,46844.0,MACRON CL 514,Consumidor Livre,SUDESTE,14.4,9.241131
,2023-03-11,46844.0,MACRON CL 514,Consumidor Livre,SUDESTE,14.4,6.22702
,2023-03-12,46844.0,MACRON CL 514,Consumidor Livre,SUDESTE,14.4,1.063256
,2023-03-13,46844.0,MACRON CL 514,Consumidor Livre,SUDESTE,14.4,7.607711
,2023-03-14,46844.0,MACRON CL 514,Consumidor Livre,SUDESTE,14.4,8.94027
,2023-03-15,46844.0,MACRON CL 514,Consumidor Livre,SUDESTE,14.4,9.44148
,2023-03-16,46844.0,MACRON CL 514,Consumidor Livre,SUDESTE,14.4,10.4858
,2023-03-17,46844.0,MACRON CL 514,Consumidor Livre,SUDESTE,14.4,10.452331
,2023-03-18,46844.0,MACRON CL 514,Consumidor Livre,SUDESTE,14.4,9.546957
,2023-03-19,46844.0,MACRON CL 514,Consumidor Livre,SUDESTE,14.4,7.602062
,2023-03-20,46844.0,MACRON CL 514,Consumidor Livre,SUDESTE,14.4,9.268092
,2023-03-21,46844.0,MACRON CL 514,Consumidor Livre,SUDESTE,14.4,9.617022
,2023-03-22,46844.0,MACRON CL 514,Consumidor Livre,SUDESTE,14.4,9.96336
,2023-03-23,46844.0,MACRON CL 514,Consumidor Livre,SUDESTE,14.4,9.930996
,2023-03-24,46844.0,MACRON CL 514,Consumidor Livre,SUDESTE,14.4,10.698865
,2023-03-25,46844.0,MACRON CL 514,Consumidor Livre,SUDESTE,14.4,7.980759
,2023-03-26,46844.0,MACRON CL 514,Consumidor Livre,SUDESTE,14.4,4.201447
,2023-03-27,46844.0,MACRON CL 514,Consumidor Livre,SUDESTE,14.4,8.938962
,2023-03-28,46844.0,MACRON CL 514,Consumidor Livre,SUDESTE,14.4,10.068692
,2023-03-29,46844.0,MACRON CL 514,Consumidor Livre,SUDESTE,14.4,10.86022
,2023-03-30,46844.0,MACRON CL 514,Consumidor Livre,SUDESTE,14.4,10.99284
,2023-03-31,46844.0,MACRON CL 514,Consumidor Livre,SUDESTE,14.4,9.448048
,2023-04-01,46844.0,MACRON CL 514,Consumidor Livre,SUDESTE,14.4,6.829795
,2023-04-02,46844.0,MACRON CL 514,Consumidor Livre,SUDESTE,14.4,4.200059
,2023-04-03,46844.0,MACRON CL 514,Consumidor Livre,SUDESTE,14.4,8.212404
,2023-04-04,46844.0,MACRON CL 514,Consumidor Livre,SUDESTE,14.4,9.595405
,2023-04-05,46844.0,MACRON CL 514,Consumidor Livre,SUDESTE,14.4,9.827437
,2023-04-06,46844.0,MACRON CL 514,Consumidor Livre,SUDESTE,14.4,9.320987
,2023-04-07,46844.0,MACRON CL 514,Consumidor Livre,SUDESTE,14.4,3.290638
,2023-04-08,46844.0,MACRON CL 514,Consumidor Livre,SUDESTE,14.4,5.270351
,2023-04-09,46844.0,MACRON CL 514,Consumidor Livre,SUDESTE,14.4,5.839747
,2023-04-10,46844.0,MACRON CL 514,Consumidor Livre,SUDESTE,14.4,7.571672
,2023-04-11,46844.0,MACRON CL 514,Consumidor Livre,SUDESTE,14.4,9.278226
,2023-04-12,46844.0,MACRON CL 514,Consumidor Livre,SUDESTE,14.4,9.626093
,2023-04-13,46844.0,MACRON CL 514,Consumidor Livre,SUDESTE,14.4,9.036734
,2023-04-14,46844.0,MACRON CL 514,Consumidor Livre,SUDESTE,14.4,9.308501
,2023-04-15,46844.0,MACRON CL 514,Consumidor Livre,SUDESTE,14.4,7.345611
,2023-04-16,46844.0,MACRON CL 514,Consumidor Livre,SUDESTE,14.4,4.705433
,2023-04-17,46844.0,MACRON CL 514,Consumidor Livre,SUDESTE,14.4,8.307573
,2023-04-18,46844.0,MACRON CL 514,Consumidor Livre,SUDESTE,14.4,9.537185
,2023-04-19,46844.0,MACRON CL 514,Consumidor Livre,SUDESTE,14.4,8.696546
,2023-04-20,46844.0,MACRON CL 514,Consumidor Livre,SUDESTE,14.4,9.056266
,2023-04-21,46844.0,MACRON CL 514,Consumidor Livre,SUDESTE,14.4,9.534565
,2023-04-22,46844.0,MACRON CL 514,Consumidor Livre,SUDESTE,14.4,8.551674
,2023-04-23,46844.0,MACRON CL 514,Consumidor Livre,SUDESTE,14.4,6.653615
,2023-04-24,46844.0,MACRON CL 514,Consumidor Livre,SUDESTE,14.4,9.332496
,2023-04-25,46844.0,MACRON CL 514,Consumidor Livre,SUDESTE,14.4,10.791172
,2023-04-26,46844.0,MACRON CL 514,Consumidor Livre,SUDESTE,14.4,10.364868
,2023-04-27,46844.0,MACRON CL 514,Consumidor Livre,SUDESTE,14.4,9.504981
,2023-04-28,46844.0,MACRON CL 514,Consumidor Livre,SUDESTE,14.4,9.366338
,2023-04-29,46844.0,MACRON CL 514,Consumidor Livre,SUDESTE,14.4,8.931447
,2023-04-30,46844.0,MACRON CL 514,Consumidor Livre,SUDESTE,14.4,8.098403
,2023-05-01,46844.0,MACRON CL 514,Consumidor Livre,SUDESTE,14.4,6.470195
,2023-05-02,46844.0,MACRON CL 514,Consumidor Livre,SUDESTE,14.4,8.502797
,2023-05-03,46844.0,MACRON CL 514,Consumidor Livre,SUDESTE,14.4,9.662979
,2023-05-04,46844.0,MACRON CL 514,Consumidor Livre,SUDESTE,14.4,9.34444
,2023-05-05,46844.0,MACRON CL 514,Consumidor Livre,SUDESTE,14.4,9.012708
,2023-05-06,46844.0,MACRON CL 514,Consumidor Livre,SUDESTE,14.4,8.119002
,2023-05-07,46844.0,MACRON CL 514,Consumidor Livre,SUDESTE,14.4,7.362872
,2023-05-08,46844.0,MACRON CL 514,Consumidor Livre,SUDESTE,14.4,9.913514
,2023-05-09,46844.0,MACRON CL 514,Consumidor Livre,SUDESTE,14.4,9.297255
,2023-05-10,46844.0,MACRON CL 514,Consumidor Livre,SUDESTE,14.4,9.524386
,2023-05-11,46844.0,MACRON CL 514,Consumidor Livre,SUDESTE,14.4,9.967811
,2023-05-12,46844.0,MACRON CL 514,Consumidor Livre,SUDESTE,14.4,10.302151
,2023-05-13,46844.0,MACRON CL 514,Consumidor Livre,SUDESTE,14.4,8.450803
,2023-05-14,46844.0,MACRON CL 514,Consumidor Livre,SUDESTE,14.4,8.254716
,2023-05-15,46844.0,MACRON CL 514,Consumidor Livre,SUDESTE,14.4,8.20916
,2023-05-16,46844.0,MACRON CL 514,Consumidor Livre,SUDESTE,14.4,9.464808
,2023-05-17,46844.0,MACRON CL 514,Consumidor Livre,SUDESTE,14.4,11.106406
,2023-05-18,46844.0,MACRON CL 514,Consumidor Livre,SUDESTE,14.4,9.521685
,2023-05-19,46844.0,MACRON CL 514,Consumidor Livre,SUDESTE,14.4,9.999302
,2023-05-20,46844.0,MACRON CL 514,Consumidor Livre,SUDESTE,14.4,9.03628
,2023-05-21,46844.0,MACRON CL 514,Consumidor Livre,SUDESTE,14.4,6.880523999999999
,2023-05-22,46844.0,MACRON CL 514,Consumidor Livre,SUDESTE,14.4,8.156858
,2023-05-23,46844.0,MACRON CL 514,Consumidor Livre,SUDESTE,14.4,10.183371
,2023-05-24,46844.0,MACRON CL 514,Consumidor Livre,SUDESTE,14.4,9.634028
,2023-05-25,46844.0,MACRON CL 514,Consumidor Livre,SUDESTE,14.4,9.739625
,2023-05-26,46844.0,MACRON CL 514,Consumidor Livre,SUDESTE,14.4,10.376002
,2023-05-27,46844.0,MACRON CL 514,Consumidor Livre,SUDESTE,14.4,9.782376
,2023-05-28,46844.0,MACRON CL 514,Consumidor Livre,SUDESTE,14.4,7.730434
,2023-05-29,46844.0,MACRON CL 514,Consumidor Livre,SUDESTE,14.4,9.653337
,2023-05-30,46844.0,MACRON CL 514,Consumidor Livre,SUDESTE,14.4,9.960968
,2023-05-31,46844.0,MACRON CL 514,Consumidor Livre,SUDESTE,14.4,9.886089
,2023-06-01,46844.0,MACRON CL 514,Consumidor Livre,SUDESTE,14.4,10.594336
,2023-06-02,46844.0,MACRON CL 514,Consumidor Livre,SUDESTE,14.4,9.978846
,2023-06-03,46844.0,MACRON CL 514,Consumidor Livre,SUDESTE,14.4,9.992958
,2023-06-04,46844.0,MACRON CL 514,Consumidor Livre,SUDESTE,14.4,8.064807
,2023-06-05,46844.0,MACRON CL 514,Consumidor Livre,SUDESTE,14.4,8.655572
,2023-06-06,46844.0,MACRON CL 514,Consumidor Livre,SUDESTE,14.4,8.96986
,2023-06-07,46844.0,MACRON CL 514,Consumidor Livre,SUDESTE,14.4,9.752037
,2023-06-08,46844.0,MACRON CL 514,Consumidor Livre,SUDESTE,14.4,9.039988
,2023-06-09,46844.0,MACRON CL 514,Consumidor Livre,SUDESTE,14.4,8.734262
,2023-06-10,46844.0,MACRON CL 514,Consumidor Livre,SUDESTE,14.4,6.916621
,2023-06-11,46844.0,MACRON CL 514,Consumidor Livre,SUDESTE,14.4,1.975599
,2023-06-12,46844.0,MACRON CL 514,Consumidor Livre,SUDESTE,14.4,8.132819
,2023-06-13,46844.0,MACRON CL 514,Consumidor Livre,SUDESTE,14.4,9.480965
,2023-06-14,46844.0,MACRON CL 514,Consumidor Livre,SUDESTE,14.4,9.178095
,2023-06-15,46844.0,MACRON CL 514,Consumidor Livre,SUDESTE,14.4,9.905375
,2023-06-16,46844.0,MACRON CL 514,Consumidor Livre,SUDESTE,14.4,9.7705
,2023-06-17,46844.0,MACRON CL 514,Consumidor Livre,SUDESTE,14.4,8.763094
,2023-06-18,46844.0,MACRON CL 514,Consumidor Livre,SUDESTE,14.4,6.106409
,2023-06-19,46844.0,MACRON CL 514,Consumidor Livre,SUDESTE,14.4,7.738123
,2023-06-20,46844.0,MACRON CL 514,Consumidor Livre,SUDESTE,14.4,9.293546
,2023-06-21,46844.0,MACRON CL 514,Consumidor Livre,SUDESTE,14.4,9.628065
,2023-06-22,46844.0,MACRON CL 514,Consumidor Livre,SUDESTE,14.4,9.911036
,2023-06-23,46844.0,MACRON CL 514,Consumidor Livre,SUDESTE,14.4,9.106048
,2023-06-24,46844.0,MACRON CL 514,Consumidor Livre,SUDESTE,14.4,8.734566
,2023-06-25,46844.0,MACRON CL 514,Consumidor Livre,SUDESTE,14.4,7.775348
,2023-06-26,46844.0,MACRON CL 514,Consumidor Livre,SUDESTE,14.4,9.807863
,2023-06-27,46844.0,MACRON CL 514,Consumidor Livre,SUDESTE,14.4,9.574662
,2023-06-28,46844.0,MACRON CL 514,Consumidor Livre,SUDESTE,14.4,9.650076
,2023-06-29,46844.0,MACRON CL 514,Consumidor Livre,SUDESTE,14.4,8.958674
,2023-06-30,46844.0,MACRON CL 514,Consumidor Livre,SUDESTE,14.4,9.947516
,2023-07-01,46844.0,MACRON CL 514,Consumidor Livre,SUDESTE,14.4,8.801878
,2023-07-02,46844.0,MACRON CL 514,Consumidor Livre,SUDESTE,14.4,6.069792
,2023-07-03,46844.0,MACRON CL 514,Consumidor Livre,SUDESTE,14.4,9.792651
,2023-07-04,46844.0,MACRON CL 514,Consumidor Livre,SUDESTE,14.4,9.960252
,2023-07-05,46844.0,MACRON CL 514,Consumidor Livre,SUDESTE,14.4,10.180025
,2023-07-06,46844.0,MACRON CL 514,Consumidor Livre,SUDESTE,14.4,9.397877
,2023-07-07,46844.0,MACRON CL 514,Consumidor Livre,SUDESTE,14.4,8.924726
,2023-07-08,46844.0,MACRON CL 514,Consumidor Livre,SUDESTE,14.4,9.823109
,2023-07-09,46844.0,MACRON CL 514,Consumidor Livre,SUDESTE,14.4,4.353557
,2023-07-10,46844.0,MACRON CL 514,Consumidor Livre,SUDESTE,14.4,8.00338
,2023-07-11,46844.0,MACRON CL 514,Consumidor Livre,SUDESTE,14.4,9.447542
,2023-07-12,46844.0,MACRON CL 514,Consumidor Livre,SUDESTE,14.4,9.941971
,2023-07-13,46844.0,MACRON CL 514,Consumidor Livre,SUDESTE,14.4,8.754908
,2023-07-14,46844.0,MACRON CL 514,Consumidor Livre,SUDESTE,14.4,9.733265
,2023-07-15,46844.0,MACRON CL 514,Consumidor Livre,SUDESTE,14.4,9.440781
,2023-07-16,46844.0,MACRON CL 514,Consumidor Livre,SUDESTE,14.4,7.031833
,2023-07-17,46844.0,MACRON CL 514,Consumidor Livre,SUDESTE,14.4,8.04502
,2023-07-18,46844.0,MACRON CL 514,Consumidor Livre,SUDESTE,14.4,9.795068
,2023-07-19,46844.0,MACRON CL 514,Consumidor Livre,SUDESTE,14.4,8.954665
,2023-07-20,46844.0,MACRON CL 514,Consumidor Livre,SUDESTE,14.4,9.553491
,2023-07-21,46844.0,MACRON CL 514,Consumidor Livre,SUDESTE,14.4,9.376556
,2023-07-22,46844.0,MACRON CL 514,Consumidor Livre,SUDESTE,14.4,8.29753
,2023-07-23,46844.0,MACRON CL 514,Consumidor Livre,SUDESTE,14.4,6.587813
,2023-07-24,46844.0,MACRON CL 514,Consumidor Livre,SUDESTE,14.4,8.584494
,2023-07-25,46844.0,MACRON CL 514,Consumidor Livre,SUDESTE,14.4,9.357935
,2023-07-26,46844.0,MACRON CL 514,Consumidor Livre,SUDESTE,14.4,10.637775
,2023-07-27,46844.0,MACRON CL 514,Consumidor Livre,SUDESTE,14.4,11.021787
,2023-07-28,46844.0,MACRON CL 514,Consumidor Livre,SUDESTE,14.4,9.510665
,2023-07-29,46844.0,MACRON CL 514,Consumidor Livre,SUDESTE,14.4,9.027713
,2023-07-30,46844.0,MACRON CL 514,Consumidor Livre,SUDESTE,14.4,6.802342
,2023-07-31,46844.0,MACRON CL 514,Consumidor Livre,SUDESTE,14.4,8.207177
,2023-08-01,46844.0,MACRON CL 514,Consumidor Livre,SUDESTE,14.4,9.161801
,2023-08-02,46844.0,MACRON CL 514,Consumidor Livre,SUDESTE,14.4,10.139067
,2023-08-03,46844.0,MACRON CL 514,Consumidor Livre,SUDESTE,14.4,9.598754
,2023-08-04,46844.0,MACRON CL 514,Consumidor Livre,SUDESTE,14.4,9.536106
,2023-08-05,46844.0,MACRON CL 514,Consumidor Livre,SUDESTE,14.4,8.000735
,2023-08-06,46844.0,MACRON CL 514,Consumidor Livre,SUDESTE,14.4,4.999159
,2023-08-07,46844.0,MACRON CL 514,Consumidor Livre,SUDESTE,14.4,8.213797
,2023-08-08,46844.0,MACRON CL 514,Consumidor Livre,SUDESTE,14.4,9.043763
,2023-08-09,46844.0,MACRON CL 514,Consumidor Livre,SUDESTE,14.4,8.869231
,2023-08-10,46844.0,MACRON CL 514,Consumidor Livre,SUDESTE,14.4,9.056715
,2023-08-11,46844.0,MACRON CL 514,Consumidor Livre,SUDESTE,14.4,9.525296
,2023-08-12,46844.0,MACRON CL 514,Consumidor Livre,SUDESTE,14.4,9.154037
,2023-08-13,46844.0,MACRON CL 514,Consumidor Livre,SUDESTE,14.4,7.38014
,2023-08-14,46844.0,MACRON CL 514,Consumidor Livre,SUDESTE,14.4,8.692002
,2023-08-15,46844.0,MACRON CL 514,Consumidor Livre,SUDESTE,14.4,9.818777
,2023-08-16,46844.0,MACRON CL 514,Consumidor Livre,SUDESTE,14.4,8.908694
,2023-08-17,46844.0,MACRON CL 514,Consumidor Livre,SUDESTE,14.4,9.037822
,2023-08-18,46844.0,MACRON CL 514,Consumidor Livre,SUDESTE,14.4,8.84024
,2023-08-19,46844.0,MACRON CL 514,Consumidor Livre,SUDESTE,14.4,8.476243
,2023-08-20,46844.0,MACRON CL 514,Consumidor Livre,SUDESTE,14.4,1.658319
,2023-08-21,46844.0,MACRON CL 514,Consumidor Livre,SUDESTE,14.4,8.332466
,2023-08-22,46844.0,MACRON CL 514,Consumidor Livre,SUDESTE,14.4,9.701894
,2023-08-23,46844.0,MACRON CL 514,Consumidor Livre,SUDESTE,14.4,8.295194
,2023-08-24,46844.0,MACRON CL 514,Consumidor Livre,SUDESTE,14.4,8.358152
,2023-08-25,46844.0,MACRON CL 514,Consumidor Livre,SUDESTE,14.4,7.756966
,2023-08-26,46844.0,MACRON CL 514,Consumidor Livre,SUDESTE,14.4,8.254837
,2023-08-27,46844.0,MACRON CL 514,Consumidor Livre,SUDESTE,14.4,6.874805
,2023-08-28,46844.0,MACRON CL 514,Consumidor Livre,SUDESTE,14.4,9.112055
,2023-08-29,46844.0,MACRON CL 514,Consumidor Livre,SUDESTE,14.4,8.832772
,2023-08-30,46844.0,MACRON CL 514,Consumidor Livre,SUDESTE,14.4,8.907822
,2023-08-31,46844.0,MACRON CL 514,Consumidor Livre,SUDESTE,14.4,9.402309
,2023-09-01,46844.0,MACRON CL 514,Consumidor Livre,SUDESTE,14.4,9.536773
,2023-09-02,46844.0,MACRON CL 514,Consumidor Livre,SUDESTE,14.4,8.903398
,2023-09-03,46844.0,MACRON CL 514,Consumidor Livre,SUDESTE,14.4,3.920768
,2023-09-04,46844.0,MACRON CL 514,Consumidor Livre,SUDESTE,14.4,6.799346
,2023-09-05,46844.0,MACRON CL 514,Consumidor Livre,SUDESTE,14.4,8.735653
,2023-09-06,46844.0,MACRON CL 514,Consumidor Livre,SUDESTE,14.4,8.7355
,2023-09-07,46844.0,MACRON CL 514,Consumidor Livre,SUDESTE,14.4,8.222673
,2023-09-08,46844.0,MACRON CL 514,Consumidor Livre,SUDESTE,14.4,7.157257
,2023-09-09,46844.0,MACRON CL 514,Consumidor Livre,SUDESTE,14.4,1.997144
,2023-09-10,46844.0,MACRON CL 514,Consumidor Livre,SUDESTE,14.4,0.772654
,2023-09-11,46844.0,MACRON CL 514,Consumidor Livre,SUDESTE,14.4,6.603264
,2023-09-12,46844.0,MACRON CL 514,Consumidor Livre,SUDESTE,14.4,8.153879
,2023-09-13,46844.0,MACRON CL 514,Consumidor Livre,SUDESTE,14.4,8.937256
,2023-09-14,46844.0,MACRON CL 514,Consumidor Livre,SUDESTE,14.4,9.256485
,2023-09-15,46844.0,MACRON CL 514,Consumidor Livre,SUDESTE,14.4,9.022303
,2023-09-16,46844.0,MACRON CL 514,Consumidor Livre,SUDESTE,14.4,5.206406
,2023-09-17,46844.0,MACRON CL 514,Consumidor Livre,SUDESTE,14.4,0.916306
,2023-09-18,46844.0,MACRON CL 514,Consumidor Livre,SUDESTE,14.4,6.448361
,2023-09-19,46844.0,MACRON CL 514,Consumidor Livre,SUDESTE,14.4,9.230375
,2023-09-20,46844.0,MACRON CL 514,Consumidor Livre,SUDESTE,14.4,9.156475
,2023-09-21,46844.0,MACRON CL 514,Consumidor Livre,SUDESTE,14.4,9.995814
,2023-09-22,46844.0,MACRON CL 514,Consumidor Livre,SUDESTE,14.4,10.621079
,2023-09-23,46844.0,MACRON CL 514,Consumidor Livre,SUDESTE,14.4,6.735689
,2023-09-24,46844.0,MACRON CL 514,Consumidor Livre,SUDESTE,14.4,2.822106
,2023-09-25,46844.0,MACRON CL 514,Consumidor Livre,SUDESTE,14.4,7.852800999999999
,2023-09-26,46844.0,MACRON CL 514,Consumidor Livre,SUDESTE,14.4,10.019521
,2023-09-27,46844.0,MACRON CL 514,Consumidor Livre,SUDESTE,14.4,9.491947
,2023-09-28,46844.0,MACRON CL 514,Consumidor Livre,SUDESTE,14.4,8.974796
,2023-09-29,46844.0,MACRON CL 514,Consumidor Livre,SUDESTE,14.4,8.933978
,2023-09-30,46844.0,MACRON CL 514,Consumidor Livre,SUDESTE,14.4,5.586188
,2023-10-01,46844.0,MACRON CL 514,Consumidor Livre,SUDESTE,14.4,0.895332
,2023-10-02,46844.0,MACRON CL 514,Consumidor Livre,SUDESTE,14.4,6.772919
,2023-10-03,46844.0,MACRON CL 514,Consumidor Livre,SUDESTE,14.4,9.472328
,2023-10-04,46844.0,MACRON CL 514,Consumidor Livre,SUDESTE,14.4,10.585543
,2023-10-05,46844.0,MACRON CL 514,Consumidor Livre,SUDESTE,14.4,10.121295
,2023-10-06,46844.0,MACRON CL 514,Consumidor Livre,SUDESTE,14.4,9.62318
,2023-10-07,46844.0,MACRON CL 514,Consumidor Livre,SUDESTE,14.4,6.601065
,2023-10-08,46844.0,MACRON CL 514,Consumidor Livre,SUDESTE,14.4,1.595654
,2023-10-09,46844.0,MACRON CL 514,Consumidor Livre,SUDESTE,14.4,6.397909
,2023-10-10,46844.0,MACRON CL 514,Consumidor Livre,SUDESTE,14.4,9.772279
,2023-10-11,46844.0,MACRON CL 514,Consumidor Livre,SUDESTE,14.4,9.125677
,2023-10-12,46844.0,MACRON CL 514,Consumidor Livre,SUDESTE,14.4,2.439524
,2023-10-13,46844.0,MACRON CL 514,Consumidor Livre,SUDESTE,14.4,7.638803
,2023-10-14,46844.0,MACRON CL 514,Consumidor Livre,SUDESTE,14.4,5.961007
,2023-10-15,46844.0,MACRON CL 514,Consumidor Livre,SUDESTE,14.4,0.851947
,2023-10-16,46844.0,MACRON CL 514,Consumidor Livre,SUDESTE,14.4,7.181742
,2023-10-17,46844.0,MACRON CL 514,Consumidor Livre,SUDESTE,14.4,10.197481
,2023-10-18,46844.0,MACRON CL 514,Consumidor Livre,SUDESTE,14.4,9.37105
,2023-10-19,46844.0,MACRON CL 514,Consumidor Livre,SUDESTE,14.4,9.150076
,2023-10-20,46844.0,MACRON CL 514,Consumidor Livre,SUDESTE,14.4,9.574408
,2023-10-21,46844.0,MACRON CL 514,Consumidor Livre,SUDESTE,14.4,6.289046
,2023-10-22,46844.0,MACRON CL 514,Consumidor Livre,SUDESTE,14.4,1.878287
,2023-10-23,46844.0,MACRON CL 514,Consumidor Livre,SUDESTE,14.4,7.196664
,2023-10-24,46844.0,MACRON CL 514,Consumidor Livre,SUDESTE,14.4,9.670351
,2023-10-25,46844.0,MACRON CL 514,Consumidor Livre,SUDESTE,14.4,10.29009
,2023-10-26,46844.0,MACRON CL 514,Consumidor Livre,SUDESTE,14.4,10.131175
,2023-10-27,46844.0,MACRON CL 514,Consumidor Livre,SUDESTE,14.4,9.892689
,2023-10-28,46844.0,MACRON CL 514,Consumidor Livre,SUDESTE,14.4,5.759051
,2023-10-29,46844.0,MACRON CL 514,Consumidor Livre,SUDESTE,14.4,0.757733
,2023-10-30,46844.0,MACRON CL 514,Consumidor Livre,SUDESTE,14.4,7.622776
,2023-10-31,46844.0,MACRON CL 514,Consumidor Livre,SUDESTE,14.4,10.287976
,2023-11-01,46844.0,MACRON CL 514,Consumidor Livre,SUDESTE,14.4,8.883844
,2023-11-02,46844.0,MACRON CL 514,Consumidor Livre,SUDESTE,14.4,2.729103
,2023-11-03,46844.0,MACRON CL 514,Consumidor Livre,SUDESTE,14.4,0.8343079999999999
,2023-11-04,46844.0,MACRON CL 514,Consumidor Livre,SUDESTE,14.4,0.385442
,2023-11-05,46844.0,MACRON CL 514,Consumidor Livre,SUDESTE,14.4,0.503542
,2023-11-06,46844.0,MACRON CL 514,Consumidor Livre,SUDESTE,14.4,7.423283
,2023-11-07,46844.0,MACRON CL 514,Consumidor Livre,SUDESTE,14.4,9.705605
,2023-11-08,46844.0,MACRON CL 514,Consumidor Livre,SUDESTE,14.4,9.529996
,2023-11-09,46844.0,MACRON CL 514,Consumidor Livre,SUDESTE,14.4,10.052276
,2023-11-10,46844.0,MACRON CL 514,Consumidor Livre,SUDESTE,14.4,8.819658
,2023-11-11,46844.0,MACRON CL 514,Consumidor Livre,SUDESTE,14.4,6.365233
,2023-11-12,46844.0,MACRON CL 514,Consumidor Livre,SUDESTE,14.4,2.347913
,2023-11-13,46844.0,MACRON CL 514,Consumidor Livre,SUDESTE,14.4,7.458033
,2023-11-14,46844.0,MACRON CL 514,Consumidor Livre,SUDESTE,14.4,9.032793
,2023-11-15,46844.0,MACRON CL 514,Consumidor Livre,SUDESTE,14.4,8.71041
,2023-11-16,46844.0,MACRON CL 514,Consumidor Livre,SUDESTE,14.4,8.933751
,2023-11-17,46844.0,MACRON CL 514,Consumidor Livre,SUDESTE,14.4,9.808585
,2023-11-18,46844.0,MACRON CL 514,Consumidor Livre,SUDESTE,14.4,5.743518
,2023-11-19,46844.0,MACRON CL 514,Consumidor Livre,SUDESTE,14.4,0.623156
,2023-11-20,46844.0,MACRON CL 514,Consumidor Livre,SUDESTE,14.4,1.022288
,2023-11-21,46844.0,MACRON CL 514,Consumidor Livre,SUDESTE,14.4,6.574085
,2023-11-22,46844.0,MACRON CL 514,Consumidor Livre,SUDESTE,14.4,9.363019
,2023-11-23,46844.0,MACRON CL 514,Consumidor Livre,SUDESTE,14.4,9.989926
,2023-11-24,46844.0,MACRON CL 514,Consumidor Livre,SUDESTE,14.4,9.659329
,2023-11-25,46844.0,MACRON CL 514,Consumidor Livre,SUDESTE,14.4,6.592009
,2023-11-26,46844.0,MACRON CL 514,Consumidor Livre,SUDESTE,14.4,1.167028
,2023-11-27,46844.0,MACRON CL 514,Consumidor Livre,SUDESTE,14.4,8.043505
,2023-11-28,46844.0,MACRON CL 514,Consumidor Livre,SUDESTE,14.4,8.997973
,2023-11-29,46844.0,MACRON CL 514,Consumidor Livre,SUDESTE,14.4,9.66191
,2023-11-30,46844.0,MACRON CL 514,Consumidor Livre,SUDESTE,14.4,9.757643
,2023-12-01,46844.0,MACRON CL 514,Consumidor Livre,SUDESTE,14.4,8.910038
,2023-12-02,46844.0,MACRON CL 514,Consumidor Livre,SUDESTE,14.4,5.958763
,2023-12-03,46844.0,MACRON CL 514,Consumidor Livre,SUDESTE,14.4,0.874752
,2023-12-04,46844.0,MACRON CL 514,Consumidor Livre,SUDESTE,14.4,7.58683
,2023-12-05,46844.0,MACRON CL 514,Consumidor Livre,SUDESTE,14.4,9.240386
,2023-12-06,46844.0,MACRON CL 514,Consumidor Livre,SUDESTE,14.4,9.211828
,2023-12-07,46844.0,MACRON CL 514,Consumidor Livre,SUDESTE,14.4,8.962635
,2023-12-08,46844.0,MACRON CL 514,Consumidor Livre,SUDESTE,14.4,8.89146
,2023-12-09,46844.0,MACRON CL 514,Consumidor Livre,SUDESTE,14.4,6.1475
,2023-12-10,46844.0,MACRON CL 514,Consumidor Livre,SUDESTE,14.4,1.499932
,2023-12-11,46844.0,MACRON CL 514,Consumidor Livre,SUDESTE,14.4,6.976567
,2023-12-12,46844.0,MACRON CL 514,Consumidor Livre,SUDESTE,14.4,9.158584
,2023-12-13,46844.0,MACRON CL 514,Consumidor Livre,SUDESTE,14.4,9.457507
,2023-12-14,46844.0,MACRON CL 514,Consumidor Livre,SUDESTE,14.4,9.372611
,2023-12-15,46844.0,MACRON CL 514,Consumidor Livre,SUDESTE,14.4,10.159789
,2023-12-16,46844.0,MACRON CL 514,Consumidor Livre,SUDESTE,14.4,6.188616
,2023-12-17,46844.0,MACRON CL 514,Consumidor Livre,SUDESTE,14.4,1.430275
,2023-12-18,46844.0,MACRON CL 514,Consumidor Livre,SUDESTE,14.4,7.20549
,2023-12-19,46844.0,MACRON CL 514,Consumidor Livre,SUDESTE,14.4,8.760947
,2023-12-20,46844.0,MACRON CL 514,Consumidor Livre,SUDESTE,14.4,10.148056
,2023-12-21,46844.0,MACRON CL 514,Consumidor Livre,SUDESTE,14.4,10.05437
,2023-12-22,46844.0,MACRON CL 514,Consumidor Livre,SUDESTE,14.4,9.781752
,2023-12-23,46844.0,MACRON CL 514,Consumidor Livre,SUDESTE,14.4,2.676374
,2023-12-24,46844.0,MACRON CL 514,Consumidor Livre,SUDESTE,14.4,0.561766
,2023-12-25,46844.0,MACRON CL 514,Consumidor Livre,SUDESTE,14.4,0.570743
,2023-12-26,46844.0,MACRON CL 514,Consumidor Livre,SUDESTE,14.4,1.160919
,2023-12-27,46844.0,MACRON CL 514,Consumidor Livre,SUDESTE,14.4,1.148013
,2023-12-28,46844.0,MACRON CL 514,Consumidor Livre,SUDESTE,14.4,0.927376
,2023-12-29,46844.0,MACRON CL 514,Consumidor Livre,SUDESTE,14.4,0.5314840000000001
,2023-12-30,46844.0,MACRON CL 514,Consumidor Livre,SUDESTE,14.4,0.502803
,2023-12-31,46844.0,MACRON CL 514,Consumidor Livre,SUDESTE,14.4,0.497701
,2024-01-01,46844.0,MACRON CL 514,Consumidor Livre,SUDESTE,14.4,0.504655
,2024-01-02,46844.0,MACRON CL 514,Consumidor Livre,SUDESTE,14.4,0.505728
,2024-01-03,46844.0,MACRON CL 514,Consumidor Livre,SUDESTE,14.4,0.51599
,2024-01-04,46844.0,MACRON CL 514,Consumidor Livre,SUDESTE,14.4,6.464228
,2024-01-05,46844.0,MACRON CL 514,Consumidor Livre,SUDESTE,14.4,9.187353
,2024-01-06,46844.0,MACRON CL 514,Consumidor Livre,SUDESTE,14.4,7.362381
,2024-01-07,46844.0,MACRON CL 514,Consumidor Livre,SUDESTE,14.4,1.931447
,2024-01-08,46844.0,MACRON CL 514,Consumidor Livre,SUDESTE,14.4,6.937086
,2024-01-09,46844.0,MACRON CL 514,Consumidor Livre,SUDESTE,14.4,9.441061
,2024-01-10,46844.0,MACRON CL 514,Consumidor Livre,SUDESTE,14.4,8.874702
,2024-01-11,46844.0,MACRON CL 514,Consumidor Livre,SUDESTE,14.4,9.139395
,2024-01-12,46844.0,MACRON CL 514,Consumidor Livre,SUDESTE,14.4,9.135186
,2024-01-13,46844.0,MACRON CL 514,Consumidor Livre,SUDESTE,14.4,5.502201
,2024-01-14,46844.0,MACRON CL 514,Consumidor Livre,SUDESTE,14.4,1.270501
,2024-01-15,46844.0,MACRON CL 514,Consumidor Livre,SUDESTE,14.4,6.812925
,2024-01-16,46844.0,MACRON CL 514,Consumidor Livre,SUDESTE,14.4,9.36064
,2024-01-17,46844.0,MACRON CL 514,Consumidor Livre,SUDESTE,14.4,9.923329
,2024-01-18,46844.0,MACRON CL 514,Consumidor Livre,SUDESTE,14.4,9.811265
,2024-01-19,46844.0,MACRON CL 514,Consumidor Livre,SUDESTE,14.4,10.443593
,2024-01-20,46844.0,MACRON CL 514,Consumidor Livre,SUDESTE,14.4,6.307712
,2024-01-21,46844.0,MACRON CL 514,Consumidor Livre,SUDESTE,14.4,1.800388
,2024-01-22,46844.0,MACRON CL 514,Consumidor Livre,SUDESTE,14.4,6.786844
,2024-01-23,46844.0,MACRON CL 514,Consumidor Livre,SUDESTE,14.4,9.437165
,2024-01-24,46844.0,MACRON CL 514,Consumidor Livre,SUDESTE,14.4,9.412947
,2024-01-25,46844.0,MACRON CL 514,Consumidor Livre,SUDESTE,14.4,9.408322
,2024-01-26,46844.0,MACRON CL 514,Consumidor Livre,SUDESTE,14.4,10.356605
,2024-01-27,46844.0,MACRON CL 514,Consumidor Livre,SUDESTE,14.4,6.417771
,2024-01-28,46844.0,MACRON CL 514,Consumidor Livre,SUDESTE,14.4,0.8030619999999999
,2024-01-29,46844.0,MACRON CL 514,Consumidor Livre,SUDESTE,14.4,7.252566
,2024-01-30,46844.0,MACRON CL 514,Consumidor Livre,SUDESTE,14.4,10.116727
,2024-01-31,46844.0,MACRON CL 514,Consumidor Livre,SUDESTE,14.4,9.078124
,2024-02-01,46844.0,MACRON CL 514,Consumidor Livre,SUDESTE,14.4,9.115627
,2024-02-02,46844.0,MACRON CL 514,Consumidor Livre,SUDESTE,14.4,9.084416
,2024-02-03,46844.0,MACRON CL 514,Consumidor Livre,SUDESTE,14.4,6.575236
,2024-02-04,46844.0,MACRON CL 514,Consumidor Livre,SUDESTE,14.4,0.706058
,2024-02-05,46844.0,MACRON CL 514,Consumidor Livre,SUDESTE,14.4,6.877008
,2024-02-06,46844.0,MACRON CL 514,Consumidor Livre,SUDESTE,14.4,9.518992
,2024-02-07,46844.0,MACRON CL 514,Consumidor Livre,SUDESTE,14.4,10.098966
,2024-02-08,46844.0,MACRON CL 514,Consumidor Livre,SUDESTE,14.4,9.828601
,2024-02-09,46844.0,MACRON CL 514,Consumidor Livre,SUDESTE,14.4,9.424173
,2024-02-10,46844.0,MACRON CL 514,Consumidor Livre,SUDESTE,14.4,7.054971
,2024-02-11,46844.0,MACRON CL 514,Consumidor Livre,SUDESTE,14.4,1.612574
,2024-02-12,46844.0,MACRON CL 514,Consumidor Livre,SUDESTE,14.4,6.71673
,2024-02-13,46844.0,MACRON CL 514,Consumidor Livre,SUDESTE,14.4,9.112493
,2024-02-14,46844.0,MACRON CL 514,Consumidor Livre,SUDESTE,14.4,9.479877
,2024-02-15,46844.0,MACRON CL 514,Consumidor Livre,SUDESTE,14.4,9.004983
,2024-02-16,46844.0,MACRON CL 514,Consumidor Livre,SUDESTE,14.4,9.992553
,2024-02-17,46844.0,MACRON CL 514,Consumidor Livre,SUDESTE,14.4,5.720172
,2024-02-18,46844.0,MACRON CL 514,Consumidor Livre,SUDESTE,14.4,1.560919
,2024-02-19,46844.0,MACRON CL 514,Consumidor Livre,SUDESTE,14.4,7.209286
,2024-02-20,46844.0,MACRON CL 514,Consumidor Livre,SUDESTE,14.4,9.096763
,2024-02-21,46844.0,MACRON CL 514,Consumidor Livre,SUDESTE,14.4,9.838719
,2024-02-22,46844.0,MACRON CL 514,Consumidor Livre,SUDESTE,14.4,8.302643
,2024-02-23,46844.0,MACRON CL 514,Consumidor Livre,SUDESTE,14.4,8.27838
,2024-02-24,46844.0,MACRON CL 514,Consumidor Livre,SUDESTE,14.4,6.178037
,2024-02-25,46844.0,MACRON CL 514,Consumidor Livre,SUDESTE,14.4,3.23399
,2024-02-26,46844.0,MACRON CL 514,Consumidor Livre,SUDESTE,14.4,7.356767
,2024-02-27,46844.0,MACRON CL 514,Consumidor Livre,SUDESTE,14.4,8.836899
,2024-02-28,46844.0,MACRON CL 514,Consumidor Livre,SUDESTE,14.4,8.85802
,2024-02-29,46844.0,MACRON CL 514,Consumidor Livre,SUDESTE,14.4,9.165171
202403.0,2024-03-01,46844.0,MACRON CL 514,Consumidor Livre,SUDESTE,14.4,9.728243
202403.0,2024-03-02,46844.0,MACRON CL 514,Consumidor Livre,SUDESTE,14.4,5.348344
202403.0,2024-03-03,46844.0,MACRON CL 514,Consumidor Livre,SUDESTE,14.4,0.721892
202403.0,2024-03-04,46844.0,MACRON CL 514,Consumidor Livre,SUDESTE,14.4,7.06085
202403.0,2024-03-05,46844.0,MACRON CL 514,Consumidor Livre,SUDESTE,14.4,9.722893
202403.0,2024-03-06,46844.0,MACRON CL 514,Consumidor Livre,SUDESTE,14.4,8.969569
202403.0,2024-03-07,46844.0,MACRON CL 514,Consumidor Livre,SUDESTE,14.4,8.844924
202403.0,2024-03-08,46844.0,MACRON CL 514,Consumidor Livre,SUDESTE,14.4,8.948202
202403.0,2024-03-09,46844.0,MACRON CL 514,Consumidor Livre,SUDESTE,14.4,7.039165
202403.0,2024-03-10,46844.0,MACRON CL 514,Consumidor Livre,SUDESTE,14.4,5.63178
202403.0,2024-03-11,46844.0,MACRON CL 514,Consumidor Livre,SUDESTE,14.4,8.358917
202403.0,2024-03-12,46844.0,MACRON CL 514,Consumidor Livre,SUDESTE,14.4,9.194232
202403.0,2024-03-13,46844.0,MACRON CL 514,Consumidor Livre,SUDESTE,14.4,9.651115
202403.0,2024-03-14,46844.0,MACRON CL 514,Consumidor Livre,SUDESTE,14.4,9.845514
202403.0,2024-03-15,46844.0,MACRON CL 514,Consumidor Livre,SUDESTE,14.4,9.092739
202403.0,2024-03-16,46844.0,MACRON CL 514,Consumidor Livre,SUDESTE,14.4,8.834078
202403.0,2024-03-17,46844.0,MACRON CL 514,Consumidor Livre,SUDESTE,14.4,4.81082
202403.0,2024-03-18,46844.0,MACRON CL 514,Consumidor Livre,SUDESTE,14.4,9.234918
202403.0,2024-03-19,46844.0,MACRON CL 514,Consumidor Livre,SUDESTE,14.4,9.866307
202403.0,2024-03-20,46844.0,MACRON CL 514,Consumidor Livre,SUDESTE,14.4,10.015715
202403.0,2024-03-21,46844.0,MACRON CL 514,Consumidor Livre,SUDESTE,14.4,8.873435
202403.0,2024-03-22,46844.0,MACRON CL 514,Consumidor Livre,SUDESTE,14.4,9.991934
202403.0,2024-03-23,46844.0,MACRON CL 514,Consumidor Livre,SUDESTE,14.4,8.256817999999999
202403.0,2024-03-24,46844.0,MACRON CL 514,Consumidor Livre,SUDESTE,14.4,5.327076
202403.0,2024-03-25,46844.0,MACRON CL 514,Consumidor Livre,SUDESTE,14.4,8.515348
202403.0,2024-03-26,46844.0,MACRON CL 514,Consumidor Livre,SUDESTE,14.4,10.350894
202403.0,2024-03-27,46844.0,MACRON CL 514,Consumidor Livre,SUDESTE,14.4,9.555356
202403.0,2024-03-28,46844.0,MACRON CL 514,Consumidor Livre,SUDESTE,14.4,8.850739
202403.0,2024-03-29,46844.0,MACRON CL 514,Consumidor Livre,SUDESTE,14.4,7.507958
202403.0,2024-03-30,46844.0,MACRON CL 514,Consumidor Livre,SUDESTE,14.4,6.096194
202403.0,2024-03-31,46844.0,MACRON CL 514,Consumidor Livre,SUDESTE,14.4,6.37672
202404.0,2024-04-01,46844.0,MACRON CL 514,Consumidor Livre,SUDESTE,14.4,8.359516
202404.0,2024-04-02,46844.0,MACRON CL 514,Consumidor Livre,SUDESTE,14.4,9.099567
202404.0,2024-04-03,46844.0,MACRON CL 514,Consumidor Livre,SUDESTE,14.4,9.182917
202404.0,2024-04-04,46844.0,MACRON CL 514,Consumidor Livre,SUDESTE,14.4,9.489575
202404.0,2024-04-05,46844.0,MACRON CL 514,Consumidor Livre,SUDESTE,14.4,9.375824
202404.0,2024-04-06,46844.0,MACRON CL 514,Consumidor Livre,SUDESTE,14.4,8.31489
202404.0,2024-04-07,46844.0,MACRON CL 514,Consumidor Livre,SUDESTE,14.4,6.008885
202404.0,2024-04-08,46844.0,MACRON CL 514,Consumidor Livre,SUDESTE,14.4,8.381759
202404.0,2024-04-09,46844.0,MACRON CL 514,Consumidor Livre,SUDESTE,14.4,9.639342
202404.0,2024-04-10,46844.0,MACRON CL 514,Consumidor Livre,SUDESTE,14.4,8.87051
202404.0,2024-04-11,46844.0,MACRON CL 514,Consumidor Livre,SUDESTE,14.4,8.908941
202404.0,2024-04-12,46844.0,MACRON CL 514,Consumidor Livre,SUDESTE,14.4,8.322988
202404.0,2024-04-13,46844.0,MACRON CL 514,Consumidor Livre,SUDESTE,14.4,7.189871
202404.0,2024-04-14,46844.0,MACRON CL 514,Consumidor Livre,SUDESTE,14.4,5.642339
202404.0,2024-04-15,46844.0,MACRON CL 514,Consumidor Livre,SUDESTE,14.4,8.431395
202404.0,2024-04-16,46844.0,MACRON CL 514,Consumidor Livre,SUDESTE,14.4,9.104285
202404.0,2024-04-17,46844.0,MACRON CL 514,Consumidor Livre,SUDESTE,14.4,9.120388
202404.0,2024-04-18,46844.0,MACRON CL 514,Consumidor Livre,SUDESTE,14.4,10.175871
202404.0,2024-04-19,46844.0,MACRON CL 514,Consumidor Livre,SUDESTE,14.4,10.034291
202404.0,2024-04-20,46844.0,MACRON CL 514,Consumidor Livre,SUDESTE,14.4,8.105104
202404.0,2024-04-21,46844.0,MACRON CL 514,Consumidor Livre,SUDESTE,14.4,5.501142
202404.0,2024-04-22,46844.0,MACRON CL 514,Consumidor Livre,SUDESTE,14.4,8.165566
202404.0,2024-04-23,46844.0,MACRON CL 514,Consumidor Livre,SUDESTE,14.4,9.396086
202404.0,2024-04-24,46844.0,MACRON CL 514,Consumidor Livre,SUDESTE,14.4,9.58125
202404.0,2024-04-25,46844.0,MACRON CL 514,Consumidor Livre,SUDESTE,14.4,9.477984
202404.0,2024-04-26,46844.0,MACRON CL 514,Consumidor Livre,SUDESTE,14.4,9.565624
202404.0,2024-04-27,46844.0,MACRON CL 514,Consumidor Livre,SUDESTE,14.4,7.736226
202404.0,2024-04-28,46844.0,MACRON CL 514,Consumidor Livre,SUDESTE,14.4,6.322037
202404.0,2024-04-29,46844.0,MACRON CL 514,Consumidor Livre,SUDESTE,14.4,9.045929
202404.0,2024-04-30,46844.0,MACRON CL 514,Consumidor Livre,SUDESTE,14.4,9.560733
202405.0,2024-05-01,46844.0,MACRON CL 514,Consumidor Livre,SUDESTE,14.4,2.48628
202405.0,2024-05-02,46844.0,MACRON CL 514,Consumidor Livre,SUDESTE,14.4,7.294184
202405.0,2024-05-03,46844.0,MACRON CL 514,Consumidor Livre,SUDESTE,14.4,9.060657
202405.0,2024-05-04,46844.0,MACRON CL 514,Consumidor Livre,SUDESTE,14.4,7.470253
202405.0,2024-05-05,46844.0,MACRON CL 514,Consumidor Livre,SUDESTE,14.4,6.259892
202405.0,2024-05-06,46844.0,MACRON CL 514,Consumidor Livre,SUDESTE,14.4,7.451195
202405.0,2024-05-07,46844.0,MACRON CL 514,Consumidor Livre,SUDESTE,14.4,9.43403
202405.0,2024-05-08,46844.0,MACRON CL 514,Consumidor Livre,SUDESTE,14.4,8.261483
202405.0,2024-05-09,46844.0,MACRON CL 514,Consumidor Livre,SUDESTE,14.4,8.221281
202405.0,2024-05-10,46844.0,MACRON CL 514,Consumidor Livre,SUDESTE,14.4,8.832802000000001
202405.0,2024-05-11,46844.0,MACRON CL 514,Consumidor Livre,SUDESTE,14.4,8.054313
202405.0,2024-05-12,46844.0,MACRON CL 514,Consumidor Livre,SUDESTE,14.4,7.615414
202405.0,2024-05-13,46844.0,MACRON CL 514,Consumidor Livre,SUDESTE,14.4,8.529527999999999
202405.0,2024-05-14,46844.0,MACRON CL 514,Consumidor Livre,SUDESTE,14.4,8.788685
202405.0,2024-05-15,46844.0,MACRON CL 514,Consumidor Livre,SUDESTE,14.4,8.727958
202405.0,2024-05-16,46844.0,MACRON CL 514,Consumidor Livre,SUDESTE,14.4,8.013633
202405.0,2024-05-17,46844.0,MACRON CL 514,Consumidor Livre,SUDESTE,14.4,8.173043
202405.0,2024-05-18,46844.0,MACRON CL 514,Consumidor Livre,SUDESTE,14.4,5.91482
202405.0,2024-05-19,46844.0,MACRON CL 514,Consumidor Livre,SUDESTE,14.4,7.235277
202405.0,2024-05-20,46844.0,MACRON CL 514,Consumidor Livre,SUDESTE,14.4,7.724556
202405.0,2024-05-21,46844.0,MACRON CL 514,Consumidor Livre,SUDESTE,14.4,9.546191
202405.0,2024-05-22,46844.0,MACRON CL 514,Consumidor Livre,SUDESTE,14.4,8.693916
202405.0,2024-05-23,46844.0,MACRON CL 514,Consumidor Livre,SUDESTE,14.4,9.233041
202405.0,2024-05-24,46844.0,MACRON CL 514,Consumidor Livre,SUDESTE,14.4,8.70625
202405.0,2024-05-25,46844.0,MACRON CL 514,Consumidor Livre,SUDESTE,14.4,8.270471
202405.0,2024-05-26,46844.0,MACRON CL 514,Consumidor Livre,SUDESTE,14.4,6.554315
202405.0,2024-05-27,46844.0,MACRON CL 514,Consumidor Livre,SUDESTE,14.4,9.658774
202405.0,2024-05-28,46844.0,MACRON CL 514,Consumidor Livre,SUDESTE,14.4,8.476092
202405.0,2024-05-29,46844.0,MACRON CL 514,Consumidor Livre,SUDESTE,14.4,8.221686
202405.0,2024-05-30,46844.0,MACRON CL 514,Consumidor Livre,SUDESTE,14.4,5.76485
202405.0,2024-05-31,46844.0,MACRON CL 514,Consumidor Livre,SUDESTE,14.4,6.278113
202406.0,2024-06-01,46844.0,MACRON CL 514,Consumidor Livre,SUDESTE,14.4,5.488154
202406.0,2024-06-02,46844.0,MACRON CL 514,Consumidor Livre,SUDESTE,14.4,4.710649
202406.0,2024-06-03,46844.0,MACRON CL 514,Consumidor Livre,SUDESTE,14.4,7.477349
202406.0,2024-06-04,46844.0,MACRON CL 514,Consumidor Livre,SUDESTE,14.4,9.56188
202406.0,2024-06-05,46844.0,MACRON CL 514,Consumidor Livre,SUDESTE,14.4,8.581571
202406.0,2024-06-06,46844.0,MACRON CL 514,Consumidor Livre,SUDESTE,14.4,9.655074
202406.0,2024-06-07,46844.0,MACRON CL 514,Consumidor Livre,SUDESTE,14.4,9.027846
202406.0,2024-06-08,46844.0,MACRON CL 514,Consumidor Livre,SUDESTE,14.4,6.881563
202406.0,2024-06-09,46844.0,MACRON CL 514,Consumidor Livre,SUDESTE,14.4,5.1981
202406.0,2024-06-10,46844.0,MACRON CL 514,Consumidor Livre,SUDESTE,14.4,7.712467
202406.0,2024-06-11,46844.0,MACRON CL 514,Consumidor Livre,SUDESTE,14.4,8.360142
202406.0,2024-06-12,46844.0,MACRON CL 514,Consumidor Livre,SUDESTE,14.4,9.109029
202406.0,2024-06-13,46844.0,MACRON CL 514,Consumidor Livre,SUDESTE,14.4,8.387727
202406.0,2024-06-14,46844.0,MACRON CL 514,Consumidor Livre,SUDESTE,14.4,8.522125
202406.0,2024-06-15,46844.0,MACRON CL 514,Consumidor Livre,SUDESTE,14.4,7.361606
202406.0,2024-06-16,46844.0,MACRON CL 514,Consumidor Livre,SUDESTE,14.4,4.116863
202406.0,2024-06-17,46844.0,MACRON CL 514,Consumidor Livre,SUDESTE,14.4,6.905494
202406.0,2024-06-18,46844.0,MACRON CL 514,Consumidor Livre,SUDESTE,14.4,7.930123
202406.0,2024-06-19,46844.0,MACRON CL 514,Consumidor Livre,SUDESTE,14.4,9.489887
202406.0,2024-06-20,46844.0,MACRON CL 514,Consumidor Livre,SUDESTE,14.4,8.824922
202406.0,2024-06-21,46844.0,MACRON CL 514,Consumidor Livre,SUDESTE,14.4,9.504274
202406.0,2024-06-22,46844.0,MACRON CL 514,Consumidor Livre,SUDESTE,14.4,7.430052
202406.0,2024-06-23,46844.0,MACRON CL 514,Consumidor Livre,SUDESTE,14.4,4.94691
202406.0,2024-06-24,46844.0,MACRON CL 514,Consumidor Livre,SUDESTE,14.4,8.321986
202406.0,2024-06-25,46844.0,MACRON CL 514,Consumidor Livre,SUDESTE,14.4,8.215071
202406.0,2024-06-26,46844.0,MACRON CL 514,Consumidor Livre,SUDESTE,14.4,9.123003
202406.0,2024-06-27,46844.0,MACRON CL 514,Consumidor Livre,SUDESTE,14.4,9.781452
202406.0,2024-06-28,46844.0,MACRON CL 514,Consumidor Livre,SUDESTE,14.4,9.458068
202406.0,2024-06-29,46844.0,MACRON CL 514,Consumidor Livre,SUDESTE,14.4,6.31838
202406.0,2024-06-30,46844.0,MACRON CL 514,Consumidor Livre,SUDESTE,14.4,3.003998
202407.0,2024-07-01,46844.0,MACRON CL 514,Consumidor Livre,SUDESTE,14.4,6.385766
202407.0,2024-07-02,46844.0,MACRON CL 514,Consumidor Livre,SUDESTE,14.4,8.61092
202407.0,2024-07-03,46844.0,MACRON CL 514,Consumidor Livre,SUDESTE,14.4,9.241688
202407.0,2024-07-04,46844.0,MACRON CL 514,Consumidor Livre,SUDESTE,14.4,8.436501
202407.0,2024-07-05,46844.0,MACRON CL 514,Consumidor Livre,SUDESTE,14.4,8.539795
202407.0,2024-07-06,46844.0,MACRON CL 514,Consumidor Livre,SUDESTE,14.4,5.384562
202407.0,2024-07-07,46844.0,MACRON CL 514,Consumidor Livre,SUDESTE,14.4,0.644215
202407.0,2024-07-08,46844.0,MACRON CL 514,Consumidor Livre,SUDESTE,14.4,0.784985
202407.0,2024-07-09,46844.0,MACRON CL 514,Consumidor Livre,SUDESTE,14.4,6.411701
202407.0,2024-07-10,46844.0,MACRON CL 514,Consumidor Livre,SUDESTE,14.4,8.809925
202407.0,2024-07-11,46844.0,MACRON CL 514,Consumidor Livre,SUDESTE,14.4,8.558924
202407.0,2024-07-12,46844.0,MACRON CL 514,Consumidor Livre,SUDESTE,14.4,7.841239
202407.0,2024-07-13,46844.0,MACRON CL 514,Consumidor Livre,SUDESTE,14.4,5.146726
202407.0,2024-07-14,46844.0,MACRON CL 514,Consumidor Livre,SUDESTE,14.4,0.648443
202407.0,2024-07-15,46844.0,MACRON CL 514,Consumidor Livre,SUDESTE,14.4,6.530934
202407.0,2024-07-16,46844.0,MACRON CL 514,Consumidor Livre,SUDESTE,14.4,8.22676
202407.0,2024-07-17,46844.0,MACRON CL 514,Consumidor Livre,SUDESTE,14.4,8.805465
202407.0,2024-07-18,46844.0,MACRON CL 514,Consumidor Livre,SUDESTE,14.4,8.459732
202407.0,2024-07-19,46844.0,MACRON CL 514,Consumidor Livre,SUDESTE,14.4,8.674201
202407.0,2024-07-20,46844.0,MACRON CL 514,Consumidor Livre,SUDESTE,14.4,5.755212
202407.0,2024-07-21,46844.0,MACRON CL 514,Consumidor Livre,SUDESTE,14.4,0.854375
202407.0,2024-07-22,46844.0,MACRON CL 514,Consumidor Livre,SUDESTE,14.4,7.006063
202407.0,2024-07-23,46844.0,MACRON CL 514,Consumidor Livre,SUDESTE,14.4,9.188127
202407.0,2024-07-24,46844.0,MACRON CL 514,Consumidor Livre,SUDESTE,14.4,9.331812
202407.0,2024-07-25,46844.0,MACRON CL 514,Consumidor Livre,SUDESTE,14.4,8.467623
202407.0,2024-07-26,46844.0,MACRON CL 514,Consumidor Livre,SUDESTE,14.4,9.08046
202407.0,2024-07-27,46844.0,MACRON CL 514,Consumidor Livre,SUDESTE,14.4,6.141426
202407.0,2024-07-28,46844.0,MACRON CL 514,Consumidor Livre,SUDESTE,14.4,6.226928
202407.0,2024-07-29,46844.0,MACRON CL 514,Consumidor Livre,SUDESTE,14.4,10.182154
202407.0,2024-07-30,46844.0,MACRON CL 514,Consumidor Livre,SUDESTE,14.4,9.437562
202407.0,2024-07-31,46844.0,MACRON CL 514,Consumidor Livre,SUDESTE,14.4,8.728113
202408.0,2024-08-01,46844.0,MACRON CL 514,Consumidor Livre,SUDESTE,14.4,8.776125
202408.0,2024-08-02,46844.0,MACRON CL 514,Consumidor Livre,SUDESTE,14.4,8.914843
202408.0,2024-08-03,46844.0,MACRON CL 514,Consumidor Livre,SUDESTE,14.4,6.076899
202408.0,2024-08-04,46844.0,MACRON CL 514,Consumidor Livre,SUDESTE,14.4,0.838041
202408.0,2024-08-05,46844.0,MACRON CL 514,Consumidor Livre,SUDESTE,14.4,6.590985
202408.0,2024-08-06,46844.0,MACRON CL 514,Consumidor Livre,SUDESTE,14.4,8.718005
202408.0,2024-08-07,46844.0,MACRON CL 514,Consumidor Livre,SUDESTE,14.4,8.408649
202408.0,2024-08-08,46844.0,MACRON CL 514,Consumidor Livre,SUDESTE,14.4,8.328142
202408.0,2024-08-09,46844.0,MACRON CL 514,Consumidor Livre,SUDESTE,14.4,7.92563
202408.0,2024-08-10,46844.0,MACRON CL 514,Consumidor Livre,SUDESTE,14.4,5.86931
202408.0,2024-08-11,46844.0,MACRON CL 514,Consumidor Livre,SUDESTE,14.4,0.699339
202408.0,2024-08-12,46844.0,MACRON CL 514,Consumidor Livre,SUDESTE,14.4,6.424916
202408.0,2024-08-13,46844.0,MACRON CL 514,Consumidor Livre,SUDESTE,14.4,8.474623
202408.0,2024-08-14,46844.0,MACRON CL 514,Consumidor Livre,SUDESTE,14.4,8.327651
202408.0,2024-08-15,46844.0,MACRON CL 514,Consumidor Livre,SUDESTE,14.4,8.782888
202408.0,2024-08-16,46844.0,MACRON CL 514,Consumidor Livre,SUDESTE,14.4,8.644093999999999
202408.0,2024-08-17,46844.0,MACRON CL 514,Consumidor Livre,SUDESTE,14.4,6.027909
202408.0,2024-08-18,46844.0,MACRON CL 514,Consumidor Livre,SUDESTE,14.4,1.220126
202408.0,2024-08-19,46844.0,MACRON CL 514,Consumidor Livre,SUDESTE,14.4,6.227233
202408.0,2024-08-20,46844.0,MACRON CL 514,Consumidor Livre,SUDESTE,14.4,8.382202
202408.0,2024-08-21,46844.0,MACRON CL 514,Consumidor Livre,SUDESTE,14.4,9.366981
202408.0,2024-08-22,46844.0,MACRON CL 514,Consumidor Livre,SUDESTE,14.4,9.460076
202408.0,2024-08-23,46844.0,MACRON CL 514,Consumidor Livre,SUDESTE,14.4,9.25986
202408.0,2024-08-24,46844.0,MACRON CL 514,Consumidor Livre,SUDESTE,14.4,6.294773
202408.0,2024-08-25,46844.0,MACRON CL 514,Consumidor Livre,SUDESTE,14.4,0.529907
202408.0,2024-08-26,46844.0,MACRON CL 514,Consumidor Livre,SUDESTE,14.4,6.649
202408.0,2024-08-27,46844.0,MACRON CL 514,Consumidor Livre,SUDESTE,14.4,9.360911
202408.0,2024-08-28,46844.0,MACRON CL 514,Consumidor Livre,SUDESTE,14.4,8.855926
202408.0,2024-08-29,46844.0,MACRON CL 514,Consumidor Livre,SUDESTE,14.4,10.009989
202408.0,2024-08-30,46844.0,MACRON CL 514,Consumidor Livre,SUDESTE,14.4,9.845537
202408.0,2024-08-31,46844.0,MACRON CL 514,Consumidor Livre,SUDESTE,14.4,7.138312
202409.0,2024-09-01,46844.0,MACRON CL 514,Consumidor Livre,SUDESTE,14.4,2.62087
202409.0,2024-09-02,46844.0,MACRON CL 514,Consumidor Livre,SUDESTE,14.4,6.838396
202409.0,2024-09-03,46844.0,MACRON CL 514,Consumidor Livre,SUDESTE,14.4,9.054028
202409.0,2024-09-04,46844.0,MACRON CL 514,Consumidor Livre,SUDESTE,14.4,9.199287
202409.0,2024-09-05,46844.0,MACRON CL 514,Consumidor Livre,SUDESTE,14.4,8.97363
202409.0,2024-09-06,46844.0,MACRON CL 514,Consumidor Livre,SUDESTE,14.4,8.422341
202409.0,2024-09-07,46844.0,MACRON CL 514,Consumidor Livre,SUDESTE,14.4,7.287268
202409.0,2024-09-08,46844.0,MACRON CL 514,Consumidor Livre,SUDESTE,14.4,6.286459
202409.0,2024-09-09,46844.0,MACRON CL 514,Consumidor Livre,SUDESTE,14.4,8.423879
202409.0,2024-09-10,46844.0,MACRON CL 514,Consumidor Livre,SUDESTE,14.4,9.979347
202409.0,2024-09-11,46844.0,MACRON CL 514,Consumidor Livre,SUDESTE,14.4,10.321619
202409.0,2024-09-12,46844.0,MACRON CL 514,Consumidor Livre,SUDESTE,14.4,9.511221
202409.0,2024-09-13,46844.0,MACRON CL 514,Consumidor Livre,SUDESTE,14.4,9.450518
202409.0,2024-09-14,46844.0,MACRON CL 514,Consumidor Livre,SUDESTE,14.4,7.575481
202409.0,2024-09-15,46844.0,MACRON CL 514,Consumidor Livre,SUDESTE,14.4,6.164818
202409.0,2024-09-16,46844.0,MACRON CL 514,Consumidor Livre,SUDESTE,14.4,6.935311
202409.0,2024-09-17,46844.0,MACRON CL 514,Consumidor Livre,SUDESTE,14.4,9.48185
202409.0,2024-09-18,46844.0,MACRON CL 514,Consumidor Livre,SUDESTE,14.4,9.264834
202409.0,2024-09-19,46844.0,MACRON CL 514,Consumidor Livre,SUDESTE,14.4,9.496456
202409.0,2024-09-20,46844.0,MACRON CL 514,Consumidor Livre,SUDESTE,14.4,9.729178
202409.0,2024-09-21,46844.0,MACRON CL 514,Consumidor Livre,SUDESTE,14.4,6.900899
202409.0,2024-09-22,46844.0,MACRON CL 514,Consumidor Livre,SUDESTE,14.4,2.754324
202409.0,2024-09-23,46844.0,MACRON CL 514,Consumidor Livre,SUDESTE,14.4,8.024939999999999
202409.0,2024-09-24,46844.0,MACRON CL 514,Consumidor Livre,SUDESTE,14.4,10.051808
202409.0,2024-09-25,46844.0,MACRON CL 514,Consumidor Livre,SUDESTE,14.4,10.310859
202409.0,2024-09-26,46844.0,MACRON CL 514,Consumidor Livre,SUDESTE,14.4,9.95041
202409.0,2024-09-27,46844.0,MACRON CL 514,Consumidor Livre,SUDESTE,14.4,11.161205
202409.0,2024-09-28,46844.0,MACRON CL 514,Consumidor Livre,SUDESTE,14.4,8.014579
202409.0,2024-09-29,46844.0,MACRON CL 514,Consumidor Livre,SUDESTE,14.4,4.441807
202409.0,2024-09-30,46844.0,MACRON CL 514,Consumidor Livre,SUDESTE,14.4,9.104783
202410.0,2024-10-01,46844.0,MACRON CL 514,Consumidor Livre,SUDESTE,14.4,9.428147
202410.0,2024-10-02,46844.0,MACRON CL 514,Consumidor Livre,SUDESTE,14.4,9.177104
202410.0,2024-10-03,46844.0,MACRON CL 514,Consumidor Livre,SUDESTE,14.4,9.576146
202410.0,2024-10-04,46844.0,MACRON CL 514,Consumidor Livre,SUDESTE,14.4,10.187146
202410.0,2024-10-05,46844.0,MACRON CL 514,Consumidor Livre,SUDESTE,14.4,6.043993
202410.0,2024-10-06,46844.0,MACRON CL 514,Consumidor Livre,SUDESTE,14.4,0.714032
202410.0,2024-10-07,46844.0,MACRON CL 514,Consumidor Livre,SUDESTE,14.4,7.024247
202410.0,2024-10-08,46844.0,MACRON CL 514,Consumidor Livre,SUDESTE,14.4,10.337558
202410.0,2024-10-09,46844.0,MACRON CL 514,Consumidor Livre,SUDESTE,14.4,9.336655
202410.0,2024-10-10,46844.0,MACRON CL 514,Consumidor Livre,SUDESTE,14.4,9.213074
202410.0,2024-10-11,46844.0,MACRON CL 514,Consumidor Livre,SUDESTE,14.4,9.268975
202410.0,2024-10-12,46844.0,MACRON CL 514,Consumidor Livre,SUDESTE,14.4,9.269447
202410.0,2024-10-13,46844.0,MACRON CL 514,Consumidor Livre,SUDESTE,14.4,6.669918
202410.0,2024-10-14,46844.0,MACRON CL 514,Consumidor Livre,SUDESTE,14.4,6.772696
202410.0,2024-10-15,46844.0,MACRON CL 514,Consumidor Livre,SUDESTE,14.4,9.309322
202410.0,2024-10-16,46844.0,MACRON CL 514,Consumidor Livre,SUDESTE,14.4,9.891911
202410.0,2024-10-17,46844.0,MACRON CL 514,Consumidor Livre,SUDESTE,14.4,9.681326
202410.0,2024-10-18,46844.0,MACRON CL 514,Consumidor Livre,SUDESTE,14.4,9.653687
202410.0,2024-10-19,46844.0,MACRON CL 514,Consumidor Livre,SUDESTE,14.4,6.856105
202410.0,2024-10-20,46844.0,MACRON CL 514,Consumidor Livre,SUDESTE,14.4,0.663156
202410.0,2024-10-21,46844.0,MACRON CL 514,Consumidor Livre,SUDESTE,14.4,8.05555
202410.0,2024-10-22,46844.0,MACRON CL 514,Consumidor Livre,SUDESTE,14.4,11.034048
202410.0,2024-10-23,46844.0,MACRON CL 514,Consumidor Livre,SUDESTE,14.4,9.572637
202410.0,2024-10-24,46844.0,MACRON CL 514,Consumidor Livre,SUDESTE,14.4,9.529938
202410.0,2024-10-25,46844.0,MACRON CL 514,Consumidor Livre,SUDESTE,14.4,9.656625
202410.0,2024-10-26,46844.0,MACRON CL 514,Consumidor Livre,SUDESTE,14.4,9.829431
202410.0,2024-10-27,46844.0,MACRON CL 514,Consumidor Livre,SUDESTE,14.4,6.127217
202410.0,2024-10-28,46844.0,MACRON CL 514,Consumidor Livre,SUDESTE,14.4,8.66836
202410.0,2024-10-29,46844.0,MACRON CL 514,Consumidor Livre,SUDESTE,14.4,9.874526
202410.0,2024-10-30,46844.0,MACRON CL 514,Consumidor Livre,SUDESTE,14.4,10.570931
202410.0,2024-10-31,46844.0,MACRON CL 514,Consumidor Livre,SUDESTE,14.4,10.014239
202411.0,2024-11-01,46844.0,MACRON CL 514,Consumidor Livre,SUDESTE,14.4,9.720497
202411.0,2024-11-02,46844.0,MACRON CL 514,Consumidor Livre,SUDESTE,14.4,3.044083
202411.0,2024-11-03,46844.0,MACRON CL 514,Consumidor Livre,SUDESTE,14.4,0.579494
202411.0,2024-11-04,46844.0,MACRON CL 514,Consumidor Livre,SUDESTE,14.4,7.411469
202411.0,2024-11-05,46844.0,MACRON CL 514,Consumidor Livre,SUDESTE,14.4,10.013943
202411.0,2024-11-06,46844.0,MACRON CL 514,Consumidor Livre,SUDESTE,14.4,9.555384
202411.0,2024-11-07,46844.0,MACRON CL 514,Consumidor Livre,SUDESTE,14.4,9.237142
202411.0,2024-11-08,46844.0,MACRON CL 514,Consumidor Livre,SUDESTE,14.4,8.996371
202411.0,2024-11-09,46844.0,MACRON CL 514,Consumidor Livre,SUDESTE,14.4,8.476617
202411.0,2024-11-10,46844.0,MACRON CL 514,Consumidor Livre,SUDESTE,14.4,5.970115
202411.0,2024-11-11,46844.0,MACRON CL 514,Consumidor Livre,SUDESTE,14.4,6.955797
202411.0,2024-11-12,46844.0,MACRON CL 514,Consumidor Livre,SUDESTE,14.4,8.047505
202411.0,2024-11-13,46844.0,MACRON CL 514,Consumidor Livre,SUDESTE,14.4,8.321258
202411.0,2024-11-14,46844.0,MACRON CL 514,Consumidor Livre,SUDESTE,14.4,8.955199
202411.0,2024-11-15,46844.0,MACRON CL 514,Consumidor Livre,SUDESTE,14.4,5.944205
202411.0,2024-11-16,46844.0,MACRON CL 514,Consumidor Livre,SUDESTE,14.4,0.665291
202411.0,2024-11-17,46844.0,MACRON CL 514,Consumidor Livre,SUDESTE,14.4,0.653372
202411.0,2024-11-18,46844.0,MACRON CL 514,Consumidor Livre,SUDESTE,14.4,7.858679
202411.0,2024-11-19,46844.0,MACRON CL 514,Consumidor Livre,SUDESTE,14.4,9.656347
202411.0,2024-11-20,46844.0,MACRON CL 514,Consumidor Livre,SUDESTE,14.4,4.895526
202411.0,2024-11-21,46844.0,MACRON CL 514,Consumidor Livre,SUDESTE,14.4,7.209138999999999
202411.0,2024-11-22,46844.0,MACRON CL 514,Consumidor Livre,SUDESTE,14.4,9.740201
202411.0,2024-11-23,46844.0,MACRON CL 514,Consumidor Livre,SUDESTE,14.4,6.461114
202411.0,2024-11-24,46844.0,MACRON CL 514,Consumidor Livre,SUDESTE,14.4,0.683601
202411.0,2024-11-25,46844.0,MACRON CL 514,Consumidor Livre,SUDESTE,14.4,7.144537
202411.0,2024-11-26,46844.0,MACRON CL 514,Consumidor Livre,SUDESTE,14.4,8.898881
202411.0,2024-11-27,46844.0,MACRON CL 514,Consumidor Livre,SUDESTE,14.4,9.287017
202411.0,2024-11-28,46844.0,MACRON CL 514,Consumidor Livre,SUDESTE,14.4,9.889943
202411.0,2024-11-29,46844.0,MACRON CL 514,Consumidor Livre,SUDESTE,14.4,8.719929
202411.0,2024-11-30,46844.0,MACRON CL 514,Consumidor Livre,SUDESTE,14.4,7.975438
202412.0,2024-12-01,46844.0,MACRON CL 514,Consumidor Livre,SUDESTE,14.4,2.801204
202412.0,2024-12-02,46844.0,MACRON CL 514,Consumidor Livre,SUDESTE,14.4,7.624004
202412.0,2024-12-03,46844.0,MACRON CL 514,Consumidor Livre,SUDESTE,14.4,9.141551
202412.0,2024-12-04,46844.0,MACRON CL 514,Consumidor Livre,SUDESTE,14.4,9.044617
202412.0,2024-12-05,46844.0,MACRON CL 514,Consumidor Livre,SUDESTE,14.4,9.269891
202412.0,2024-12-06,46844.0,MACRON CL 514,Consumidor Livre,SUDESTE,14.4,9.628645
202412.0,2024-12-07,46844.0,MACRON CL 514,Consumidor Livre,SUDESTE,14.4,8.082646
202412.0,2024-12-08,46844.0,MACRON CL 514,Consumidor Livre,SUDESTE,14.4,3.746786
202412.0,2024-12-09,46844.0,MACRON CL 514,Consumidor Livre,SUDESTE,14.4,6.879804
202412.0,2024-12-10,46844.0,MACRON CL 514,Consumidor Livre,SUDESTE,14.4,8.3544
202412.0,2024-12-11,46844.0,MACRON CL 514,Consumidor Livre,SUDESTE,14.4,9.078907
202412.0,2024-12-12,46844.0,MACRON CL 514,Consumidor Livre,SUDESTE,14.4,9.471851
202412.0,2024-12-13,46844.0,MACRON CL 514,Consumidor Livre,SUDESTE,14.4,9.015916
202412.0,2024-12-14,46844.0,MACRON CL 514,Consumidor Livre,SUDESTE,14.4,3.039399
202412.0,2024-12-15,46844.0,MACRON CL 514,Consumidor Livre,SUDESTE,14.4,1.500207
202412.0,2024-12-16,46844.0,MACRON CL 514,Consumidor Livre,SUDESTE,14.4,7.295487
202412.0,2024-12-17,46844.0,MACRON CL 514,Consumidor Livre,SUDESTE,14.4,9.464222
202412.0,2024-12-18,46844.0,MACRON CL 514,Consumidor Livre,SUDESTE,14.4,9.273931
202412.0,2024-12-19,46844.0,MACRON CL 514,Consumidor Livre,SUDESTE,14.4,8.790813
202412.0,2024-12-20,46844.0,MACRON CL 514,Consumidor Livre,SUDESTE,14.4,8.746471
202412.0,2024-12-21,46844.0,MACRON CL 514,Consumidor Livre,SUDESTE,14.4,3.705815
202412.0,2024-12-22,46844.0,MACRON CL 514,Consumidor Livre,SUDESTE,14.4,0.675451
202412.0,2024-12-23,46844.0,MACRON CL 514,Consumidor Livre,SUDESTE,14.4,0.73392
202412.0,2024-12-24,46844.0,MACRON CL 514,Consumidor Livre,SUDESTE,14.4,0.472195
202412.0,2024-12-25,46844.0,MACRON CL 514,Consumidor Livre,SUDESTE,14.4,0.49941
202412.0,2024-12-26,46844.0,MACRON CL 514,Consumidor Livre,SUDESTE,14.4,0.462031
202412.0,2024-12-27,46844.0,MACRON CL 514,Consumidor Livre,SUDESTE,14.4,0.466214
202412.0,2024-12-28,46844.0,MACRON CL 514,Consumidor Livre,SUDESTE,14.4,0.498051
202412.0,2024-12-29,46844.0,MACRON CL 514,Consumidor Livre,SUDESTE,14.4,0.494411
202412.0,2024-12-30,46844.0,MACRON CL 514,Consumidor Livre,SUDESTE,14.4,0.478016
202412.0,2024-12-31,46844.0,MACRON CL 514,Consumidor Livre,SUDESTE,14.4,0.360838
202501.0,2025-01-01,46844.0,MACRON CL 514,Consumidor Livre,SUDESTE,14.4,0.274791
202501.0,2025-01-02,46844.0,MACRON CL 514,Consumidor Livre,SUDESTE,14.4,0.315574
202501.0,2025-01-03,46844.0,MACRON CL 514,Consumidor Livre,SUDESTE,14.4,0.356934
202501.0,2025-01-04,46844.0,MACRON CL 514,Consumidor Livre,SUDESTE,14.4,0.34051
202501.0,2025-01-05,46844.0,MACRON CL 514,Consumidor Livre,SUDESTE,14.4,0.332665
202501.0,2025-01-06,46844.0,MACRON CL 514,Consumidor Livre,SUDESTE,14.4,5.861923
202501.0,2025-01-07,46844.0,MACRON CL 514,Consumidor Livre,SUDESTE,14.4,8.170069
202501.0,2025-01-08,46844.0,MACRON CL 514,Consumidor Livre,SUDESTE,14.4,9.134078
202501.0,2025-01-09,46844.0,MACRON CL 514,Consumidor Livre,SUDESTE,14.4,8.49822
202501.0,2025-01-10,46844.0,MACRON CL 514,Consumidor Livre,SUDESTE,14.4,9.932716
202501.0,2025-01-11,46844.0,MACRON CL 514,Consumidor Livre,SUDESTE,14.4,6.312327
202501.0,2025-01-12,46844.0,MACRON CL 514,Consumidor Livre,SUDESTE,14.4,1.395789
202501.0,2025-01-13,46844.0,MACRON CL 514,Consumidor Livre,SUDESTE,14.4,7.413462
202501.0,2025-01-14,46844.0,MACRON CL 514,Consumidor Livre,SUDESTE,14.4,8.398548
202501.0,2025-01-15,46844.0,MACRON CL 514,Consumidor Livre,SUDESTE,14.4,8.867655
202501.0,2025-01-16,46844.0,MACRON CL 514,Consumidor Livre,SUDESTE,14.4,9.372244
202501.0,2025-01-17,46844.0,MACRON CL 514,Consumidor Livre,SUDESTE,14.4,10.407872
202501.0,2025-01-18,46844.0,MACRON CL 514,Consumidor Livre,SUDESTE,14.4,7.557367
202501.0,2025-01-19,46844.0,MACRON CL 514,Consumidor Livre,SUDESTE,14.4,4.527046
202501.0,2025-01-20,46844.0,MACRON CL 514,Consumidor Livre,SUDESTE,14.4,8.572436
202501.0,2025-01-21,46844.0,MACRON CL 514,Consumidor Livre,SUDESTE,14.4,9.695162
202501.0,2025-01-22,46844.0,MACRON CL 514,Consumidor Livre,SUDESTE,14.4,9.444188
202501.0,2025-01-23,46844.0,MACRON CL 514,Consumidor Livre,SUDESTE,14.4,9.699347
202501.0,2025-01-24,46844.0,MACRON CL 514,Consumidor Livre,SUDESTE,14.4,9.720113
202501.0,2025-01-25,46844.0,MACRON CL 514,Consumidor Livre,SUDESTE,14.4,7.246209
202501.0,2025-01-26,46844.0,MACRON CL 514,Consumidor Livre,SUDESTE,14.4,2.66706
202501.0,2025-01-27,46844.0,MACRON CL 514,Consumidor Livre,SUDESTE,14.4,7.572658
202501.0,2025-01-28,46844.0,MACRON CL 514,Consumidor Livre,SUDESTE,14.4,9.411729
202501.0,2025-01-29,46844.0,MACRON CL 514,Consumidor Livre,SUDESTE,14.4,9.78846
202501.0,2025-01-30,46844.0,MACRON CL 514,Consumidor Livre,SUDESTE,14.4,9.910978
202501.0,2025-01-31,46844.0,MACRON CL 514,Consumidor Livre,SUDESTE,14.4,8.80437
202502.0,2025-02-01,46844.0,MACRON CL 514,Consumidor Livre,SUDESTE,14.4,5.453406
202502.0,2025-02-02,46844.0,MACRON CL 514,Consumidor Livre,SUDESTE,14.4,1.005207
202502.0,2025-02-03,46844.0,MACRON CL 514,Consumidor Livre,SUDESTE,14.4,5.92101
202502.0,2025-02-04,46844.0,MACRON CL 514,Consumidor Livre,SUDESTE,14.4,8.706506
202502.0,2025-02-05,46844.0,MACRON CL 514,Consumidor Livre,SUDESTE,14.4,9.213266
202502.0,2025-02-06,46844.0,MACRON CL 514,Consumidor Livre,SUDESTE,14.4,10.085411
202502.0,2025-02-07,46844.0,MACRON CL 514,Consumidor Livre,SUDESTE,14.4,9.594839
202502.0,2025-02-08,46844.0,MACRON CL 514,Consumidor Livre,SUDESTE,14.4,7.583642
202502.0,2025-02-09,46844.0,MACRON CL 514,Consumidor Livre,SUDESTE,14.4,2.258327
202502.0,2025-02-10,46844.0,MACRON CL 514,Consumidor Livre,SUDESTE,14.4,6.562284
202502.0,2025-02-11,46844.0,MACRON CL 514,Consumidor Livre,SUDESTE,14.4,10.250349
202502.0,2025-02-12,46844.0,MACRON CL 514,Consumidor Livre,SUDESTE,14.4,9.416606
202502.0,2025-02-13,46844.0,MACRON CL 514,Consumidor Livre,SUDESTE,14.4,9.582864
202502.0,2025-02-14,46844.0,MACRON CL 514,Consumidor Livre,SUDESTE,14.4,9.751417
202502.0,2025-02-15,46844.0,MACRON CL 514,Consumidor Livre,SUDESTE,14.4,7.39494
202502.0,2025-02-16,46844.0,MACRON CL 514,Consumidor Livre,SUDESTE,14.4,2.32271
202502.0,2025-02-17,46844.0,MACRON CL 514,Consumidor Livre,SUDESTE,14.4,7.939579
202502.0,2025-02-18,46844.0,MACRON CL 514,Consumidor Livre,SUDESTE,14.4,10.337873
202502.0,2025-02-19,46844.0,MACRON CL 514,Consumidor Livre,SUDESTE,14.4,9.565239
202502.0,2025-02-20,46844.0,MACRON CL 514,Consumidor Livre,SUDESTE,14.4,9.570081
202502.0,2025-02-21,46844.0,MACRON CL 514,Consumidor Livre,SUDESTE,14.4,9.732768
202502.0,2025-02-22,46844.0,MACRON CL 514,Consumidor Livre,SUDESTE,14.4,7.831936
202502.0,2025-02-23,46844.0,MACRON CL 514,Consumidor Livre,SUDESTE,14.4,5.636499
202502.0,2025-02-24,46844.0,MACRON CL 514,Consumidor Livre,SUDESTE,14.4,8.442427
202502.0,2025-02-25,46844.0,MACRON CL 514,Consumidor Livre,SUDESTE,14.4,9.758142
202502.0,2025-02-26,46844.0,MACRON CL 514,Consumidor Livre,SUDESTE,14.4,9.96703
202502.0,2025-02-27,46844.0,MACRON CL 514,Consumidor Livre,SUDESTE,14.4,8.773969
202502.0,2025-02-28,46844.0,MACRON CL 514,Consumidor Livre,SUDESTE,14.4,9.449163
202503.0,2025-03-01,46844.0,MACRON CL 514,Consumidor Livre,SUDESTE,14.4,6.797419
202503.0,2025-03-02,46844.0,MACRON CL 514,Consumidor Livre,SUDESTE,14.4,4.24791
202503.0,2025-03-03,46844.0,MACRON CL 514,Consumidor Livre,SUDESTE,14.4,8.311215
202503.0,2025-03-04,46844.0,MACRON CL 514,Consumidor Livre,SUDESTE,14.4,9.344046
202503.0,2025-03-05,46844.0,MACRON CL 514,Consumidor Livre,SUDESTE,14.4,9.192625
202503.0,2025-03-06,46844.0,MACRON CL 514,Consumidor Livre,SUDESTE,14.4,8.945394
202503.0,2025-03-07,46844.0,MACRON CL 514,Consumidor Livre,SUDESTE,14.4,9.691374
202503.0,2025-03-08,46844.0,MACRON CL 514,Consumidor Livre,SUDESTE,14.4,7.893256
202503.0,2025-03-09,46844.0,MACRON CL 514,Consumidor Livre,SUDESTE,14.4,4.716276
202503.0,2025-03-10,46844.0,MACRON CL 514,Consumidor Livre,SUDESTE,14.4,8.91644
202503.0,2025-03-11,46844.0,MACRON CL 514,Consumidor Livre,SUDESTE,14.4,9.054256
202503.0,2025-03-12,46844.0,MACRON CL 514,Consumidor Livre,SUDESTE,14.4,9.846097
202503.0,2025-03-13,46844.0,MACRON CL 514,Consumidor Livre,SUDESTE,14.4,8.942135
202503.0,2025-03-14,46844.0,MACRON CL 514,Consumidor Livre,SUDESTE,14.4,9.591074
202503.0,2025-03-15,46844.0,MACRON CL 514,Consumidor Livre,SUDESTE,14.4,7.02717
202503.0,2025-03-16,46844.0,MACRON CL 514,Consumidor Livre,SUDESTE,14.4,6.118403
202503.0,2025-03-17,46844.0,MACRON CL 514,Consumidor Livre,SUDESTE,14.4,7.952868
202503.0,2025-03-18,46844.0,MACRON CL 514,Consumidor Livre,SUDESTE,14.4,9.699492
202503.0,2025-03-19,46844.0,MACRON CL 514,Consumidor Livre,SUDESTE,14.4,9.193319
202503.0,2025-03-20,46844.0,MACRON CL 514,Consumidor Livre,SUDESTE,14.4,8.756369
202503.0,2025-03-21,46844.0,MACRON CL 514,Consumidor Livre,SUDESTE,14.4,9.33758
202503.0,2025-03-22,46844.0,MACRON CL 514,Consumidor Livre,SUDESTE,14.4,7.852314
202503.0,2025-03-23,46844.0,MACRON CL 514,Consumidor Livre,SUDESTE,14.4,5.526755
202503.0,2025-03-24,46844.0,MACRON CL 514,Consumidor Livre,SUDESTE,14.4,7.698384
202503.0,2025-03-25,46844.0,MACRON CL 514,Consumidor Livre,SUDESTE,14.4,8.785852
202503.0,2025-03-26,46844.0,MACRON CL 514,Consumidor Livre,SUDESTE,14.4,8.619229
202503.0,2025-03-27,46844.0,MACRON CL 514,Consumidor Livre,SUDESTE,14.4,8.928637
202503.0,2025-03-28,46844.0,MACRON CL 514,Consumidor Livre,SUDESTE,14.4,8.729329
202503.0,2025-03-29,46844.0,MACRON CL 514,Consumidor Livre,SUDESTE,14.4,7.978058
202503.0,2025-03-30,46844.0,MACRON CL 514,Consumidor Livre,SUDESTE,14.4,5.879529
202503.0,2025-03-31,46844.0,MACRON CL 514,Consumidor Livre,SUDESTE,14.4,6.614865
202504.0,2025-04-01,46844.0,MACRON CL 514,Consumidor Livre,SUDESTE,14.4,8.835749
202504.0,2025-04-02,46844.0,MACRON CL 514,Consumidor Livre,SUDESTE,14.4,9.334752
202504.0,2025-04-03,46844.0,MACRON CL 514,Consumidor Livre,SUDESTE,14.4,8.908445
202504.0,2025-04-04,46844.0,MACRON CL 514,Consumidor Livre,SUDESTE,14.4,9.170199
202504.0,2025-04-05,46844.0,MACRON CL 514,Consumidor Livre,SUDESTE,14.4,7.646882
202504.0,2025-04-06,46844.0,MACRON CL 514,Consumidor Livre,SUDESTE,14.4,5.58177
202504.0,2025-04-07,46844.0,MACRON CL 514,Consumidor Livre,SUDESTE,14.4,7.947433
202504.0,2025-04-08,46844.0,MACRON CL 514,Consumidor Livre,SUDESTE,14.4,8.9046
202504.0,2025-04-09,46844.0,MACRON CL 514,Consumidor Livre,SUDESTE,14.4,9.525565
202504.0,2025-04-10,46844.0,MACRON CL 514,Consumidor Livre,SUDESTE,14.4,8.669708
202504.0,2025-04-11,46844.0,MACRON CL 514,Consumidor Livre,SUDESTE,14.4,8.740358
202504.0,2025-04-12,46844.0,MACRON CL 514,Consumidor Livre,SUDESTE,14.4,8.683954
202504.0,2025-04-13,46844.0,MACRON CL 514,Consumidor Livre,SUDESTE,14.4,5.012328
202504.0,2025-04-14,46844.0,MACRON CL 514,Consumidor Livre,SUDESTE,14.4,7.895469999999999
202504.0,2025-04-15,46844.0,MACRON CL 514,Consumidor Livre,SUDESTE,14.4,10.261013
202504.0,2025-04-16,46844.0,MACRON CL 514,Consumidor Livre,SUDESTE,14.4,9.189422
202504.0,2025-04-17,46844.0,MACRON CL 514,Consumidor Livre,SUDESTE,14.4,8.725612
202504.0,2025-04-18,46844.0,MACRON CL 514,Consumidor Livre,SUDESTE,14.4,2.541971
202504.0,2025-04-19,46844.0,MACRON CL 514,Consumidor Livre,SUDESTE,14.4,3.288882
202504.0,2025-04-20,46844.0,MACRON CL 514,Consumidor Livre,SUDESTE,14.4,3.772861
202504.0,2025-04-21,46844.0,MACRON CL 514,Consumidor Livre,SUDESTE,14.4,1.178586
202504.0,2025-04-22,46844.0,MACRON CL 514,Consumidor Livre,SUDESTE,14.4,6.648672
202504.0,2025-04-23,46844.0,MACRON CL 514,Consumidor Livre,SUDESTE,14.4,8.852032
202504.0,2025-04-24,46844.0,MACRON CL 514,Consumidor Livre,SUDESTE,14.4,8.77402
202504.0,2025-04-25,46844.0,MACRON CL 514,Consumidor Livre,SUDESTE,14.4,8.863093
202504.0,2025-04-26,46844.0,MACRON CL 514,Consumidor Livre,SUDESTE,14.4,2.108294
202504.0,2025-04-27,46844.0,MACRON CL 514,Consumidor Livre,SUDESTE,14.4,3.427128
202504.0,2025-04-28,46844.0,MACRON CL 514,Consumidor Livre,SUDESTE,14.4,8.941134
202504.0,2025-04-29,46844.0,MACRON CL 514,Consumidor Livre,SUDESTE,14.4,8.735157000000001
202504.0,2025-04-30,46844.0,MACRON CL 514,Consumidor Livre,SUDESTE,14.4,9.302906
202505.0,2025-05-01,46844.0,MACRON CL 514,Consumidor Livre,SUDESTE,14.4,8.003607
202505.0,2025-05-02,46844.0,MACRON CL 514,Consumidor Livre,SUDESTE,14.4,6.579358
202505.0,2025-05-03,46844.0,MACRON CL 514,Consumidor Livre,SUDESTE,14.4,4.688576
202505.0,2025-05-04,46844.0,MACRON CL 514,Consumidor Livre,SUDESTE,14.4,4.854209
202505.0,2025-05-05,46844.0,MACRON CL 514,Consumidor Livre,SUDESTE,14.4,7.771706
202505.0,2025-05-06,46844.0,MACRON CL 514,Consumidor Livre,SUDESTE,14.4,9.493322
202505.0,2025-05-07,46844.0,MACRON CL 514,Consumidor Livre,SUDESTE,14.4,9.169402
202505.0,2025-05-08,46844.0,MACRON CL 514,Consumidor Livre,SUDESTE,14.4,9.390682
202505.0,2025-05-09,46844.0,MACRON CL 514,Consumidor Livre,SUDESTE,14.4,9.142646
202505.0,2025-05-10,46844.0,MACRON CL 514,Consumidor Livre,SUDESTE,14.4,7.819679
202505.0,2025-05-11,46844.0,MACRON CL 514,Consumidor Livre,SUDESTE,14.4,5.729092
202505.0,2025-05-12,46844.0,MACRON CL 514,Consumidor Livre,SUDESTE,14.4,7.203557
202505.0,2025-05-13,46844.0,MACRON CL 514,Consumidor Livre,SUDESTE,14.4,8.860415
202505.0,2025-05-14,46844.0,MACRON CL 514,Consumidor Livre,SUDESTE,14.4,8.832355
202505.0,2025-05-15,46844.0,MACRON CL 514,Consumidor Livre,SUDESTE,14.4,9.398725
202505.0,2025-05-16,46844.0,MACRON CL 514,Consumidor Livre,SUDESTE,14.4,8.612373999999999
202505.0,2025-05-17,46844.0,MACRON CL 514,Consumidor Livre,SUDESTE,14.4,7.408586
202505.0,2025-05-18,46844.0,MACRON CL 514,Consumidor Livre,SUDESTE,14.4,4.233466
202505.0,2025-05-19,46844.0,MACRON CL 514,Consumidor Livre,SUDESTE,14.4,7.389963
202505.0,2025-05-20,46844.0,MACRON CL 514,Consumidor Livre,SUDESTE,14.4,9.375794
202505.0,2025-05-21,46844.0,MACRON CL 514,Consumidor Livre,SUDESTE,14.4,10.455019
202505.0,2025-05-22,46844.0,MACRON CL 514,Consumidor Livre,SUDESTE,14.4,9.361795
202505.0,2025-05-23,46844.0,MACRON CL 514,Consumidor Livre,SUDESTE,14.4,10.069697
202505.0,2025-05-24,46844.0,MACRON CL 514,Consumidor Livre,SUDESTE,14.4,8.583062
202505.0,2025-05-25,46844.0,MACRON CL 514,Consumidor Livre,SUDESTE,14.4,5.38248
202505.0,2025-05-26,46844.0,MACRON CL 514,Consumidor Livre,SUDESTE,14.4,7.499005
202505.0,2025-05-27,46844.0,MACRON CL 514,Consumidor Livre,SUDESTE,14.4,9.843187
202505.0,2025-05-28,46844.0,MACRON CL 514,Consumidor Livre,SUDESTE,14.4,7.373032
202505.0,2025-05-29,46844.0,MACRON CL 514,Consumidor Livre,SUDESTE,14.4,8.076701
202505.0,2025-05-30,46844.0,MACRON CL 514,Consumidor Livre,SUDESTE,14.4,9.410483
202505.0,2025-05-31,46844.0,MACRON CL 514,Consumidor Livre,SUDESTE,14.4,7.401314
202506.0,2025-06-01,46844.0,MACRON CL 514,Consumidor Livre,SUDESTE,14.4,4.273921
202506.0,2025-06-02,46844.0,MACRON CL 514,Consumidor Livre,SUDESTE,14.4,8.63525
202506.0,2025-06-03,46844.0,MACRON CL 514,Consumidor Livre,SUDESTE,14.4,10.121637
202506.0,2025-06-04,46844.0,MACRON CL 514,Consumidor Livre,SUDESTE,14.4,8.702063
202506.0,2025-06-05,46844.0,MACRON CL 514,Consumidor Livre,SUDESTE,14.4,8.521274
202506.0,2025-06-06,46844.0,MACRON CL 514,Consumidor Livre,SUDESTE,14.4,8.025012
202506.0,2025-06-07,46844.0,MACRON CL 514,Consumidor Livre,SUDESTE,14.4,7.488727
202506.0,2025-06-08,46844.0,MACRON CL 514,Consumidor Livre,SUDESTE,14.4,5.495489
202506.0,2025-06-09,46844.0,MACRON CL 514,Consumidor Livre,SUDESTE,14.4,7.936908
202506.0,2025-06-10,46844.0,MACRON CL 514,Consumidor Livre,SUDESTE,14.4,8.816855
202506.0,2025-06-11,46844.0,MACRON CL 514,Consumidor Livre,SUDESTE,14.4,9.113228
202506.0,2025-06-12,46844.0,MACRON CL 514,Consumidor Livre,SUDESTE,14.4,8.775571
202506.0,2025-06-13,46844.0,MACRON CL 514,Consumidor Livre,SUDESTE,14.4,8.446044
202506.0,2025-06-14,46844.0,MACRON CL 514,Consumidor Livre,SUDESTE,14.4,8.505409
202506.0,2025-06-15,46844.0,MACRON CL 514,Consumidor Livre,SUDESTE,14.4,5.914318
202506.0,2025-06-16,46844.0,MACRON CL 514,Consumidor Livre,SUDESTE,14.4,7.977148
202506.0,2025-06-17,46844.0,MACRON CL 514,Consumidor Livre,SUDESTE,14.4,8.603245
202506.0,2025-06-18,46844.0,MACRON CL 514,Consumidor Livre,SUDESTE,14.4,9.04878
202506.0,2025-06-19,46844.0,MACRON CL 514,Consumidor Livre,SUDESTE,14.4,6.541495
202506.0,2025-06-20,46844.0,MACRON CL 514,Consumidor Livre,SUDESTE,14.4,7.729984
202506.0,2025-06-21,46844.0,MACRON CL 514,Consumidor Livre,SUDESTE,14.4,7.165543
202506.0,2025-06-22,46844.0,MACRON CL 514,Consumidor Livre,SUDESTE,14.4,4.361229
202506.0,2025-06-23,46844.0,MACRON CL 514,Consumidor Livre,SUDESTE,14.4,7.473461
202506.0,2025-06-24,46844.0,MACRON CL 514,Consumidor Livre,SUDESTE,14.4,8.676477
202506.0,2025-06-25,46844.0,MACRON CL 514,Consumidor Livre,SUDESTE,14.4,8.725408999999999
202506.0,2025-06-26,46844.0,MACRON CL 514,Consumidor Livre,SUDESTE,14.4,9.625917
202506.0,2025-06-27,46844.0,MACRON CL 514,Consumidor Livre,SUDESTE,14.4,8.729114
202506.0,2025-06-28,46844.0,MACRON CL 514,Consumidor Livre,SUDESTE,14.4,7.339947
202506.0,2025-06-29,46844.0,MACRON CL 514,Consumidor Livre,SUDESTE,14.4,4.697741
202506.0,2025-06-30,46844.0,MACRON CL 514,Consumidor Livre,SUDESTE,14.4,7.33793
202507.0,2025-07-01,46844.0,MACRON CL 514,Consumidor Livre,SUDESTE,14.4,9.222191
202507.0,2025-07-02,46844.0,MACRON CL 514,Consumidor Livre,SUDESTE,14.4,9.065018
202507.0,2025-07-03,46844.0,MACRON CL 514,Consumidor Livre,SUDESTE,14.4,9.221598
202507.0,2025-07-04,46844.0,MACRON CL 514,Consumidor Livre,SUDESTE,14.4,8.929848
202507.0,2025-07-05,46844.0,MACRON CL 514,Consumidor Livre,SUDESTE,14.4,8.492032
202507.0,2025-07-06,46844.0,MACRON CL 514,Consumidor Livre,SUDESTE,14.4,6.815052
202507.0,2025-07-07,46844.0,MACRON CL 514,Consumidor Livre,SUDESTE,14.4,8.322642
202507.0,2025-07-08,46844.0,MACRON CL 514,Consumidor Livre,SUDESTE,14.4,9.048294
202507.0,2025-07-09,46844.0,MACRON CL 514,Consumidor Livre,SUDESTE,14.4,3.288199
202507.0,2025-07-10,46844.0,MACRON CL 514,Consumidor Livre,SUDESTE,14.4,7.87778
202507.0,2025-07-11,46844.0,MACRON CL 514,Consumidor Livre,SUDESTE,14.4,9.962176
202507.0,2025-07-12,46844.0,MACRON CL 514,Consumidor Livre,SUDESTE,14.4,7.823375
202507.0,2025-07-13,46844.0,MACRON CL 514,Consumidor Livre,SUDESTE,14.4,6.369128
202507.0,2025-07-14,46844.0,MACRON CL 514,Consumidor Livre,SUDESTE,14.4,8.447386999999999
202507.0,2025-07-15,46844.0,MACRON CL 514,Consumidor Livre,SUDESTE,14.4,8.580651
202507.0,2025-07-16,46844.0,MACRON CL 514,Consumidor Livre,SUDESTE,14.4,9.251908
202507.0,2025-07-17,46844.0,MACRON CL 514,Consumidor Livre,SUDESTE,14.4,9.538392
202507.0,2025-07-18,46844.0,MACRON CL 514,Consumidor Livre,SUDESTE,14.4,8.563784
202507.0,2025-07-19,46844.0,MACRON CL 514,Consumidor Livre,SUDESTE,14.4,8.323748
202507.0,2025-07-20,46844.0,MACRON CL 514,Consumidor Livre,SUDESTE,14.4,7.14433
202507.0,2025-07-21,46844.0,MACRON CL 514,Consumidor Livre,SUDESTE,14.4,7.669371
202507.0,2025-07-22,46844.0,MACRON CL 514,Consumidor Livre,SUDESTE,14.4,9.769329
202507.0,2025-07-23,46844.0,MACRON CL 514,Consumidor Livre,SUDESTE,14.4,9.403274
202507.0,2025-07-24,46844.0,MACRON CL 514,Consumidor Livre,SUDESTE,14.4,9.756321
202507.0,2025-07-25,46844.0,MACRON CL 514,Consumidor Livre,SUDESTE,14.4,9.361412
202507.0,2025-07-26,46844.0,MACRON CL 514,Consumidor Livre,SUDESTE,14.4,9.661484
202507.0,2025-07-27,46844.0,MACRON CL 514,Consumidor Livre,SUDESTE,14.4,6.836293
202507.0,2025-07-28,46844.0,MACRON CL 514,Consumidor Livre,SUDESTE,14.4,7.300474
202507.0,2025-07-29,46844.0,MACRON CL 514,Consumidor Livre,SUDESTE,14.4,8.716869
202507.0,2025-07-30,46844.0,MACRON CL 514,Consumidor Livre,SUDESTE,14.4,9.778653
202507.0,2025-07-31,46844.0,MACRON CL 514,Consumidor Livre,SUDESTE,14.4,9.439087
202508.0,2025-08-01,46844.0,MACRON CL 514,Consumidor Livre,SUDESTE,14.4,8.729434
202508.0,2025-08-02,46844.0,MACRON CL 514,Consumidor Livre,SUDESTE,14.4,8.992657
202508.0,2025-08-03,46844.0,MACRON CL 514,Consumidor Livre,SUDESTE,14.4,7.143219
202508.0,2025-08-04,46844.0,MACRON CL 514,Consumidor Livre,SUDESTE,14.4,7.697584
202508.0,2025-08-05,46844.0,MACRON CL 514,Consumidor Livre,SUDESTE,14.4,9.634945
202508.0,2025-08-06,46844.0,MACRON CL 514,Consumidor Livre,SUDESTE,14.4,8.56981
202508.0,2025-08-07,46844.0,MACRON CL 514,Consumidor Livre,SUDESTE,14.4,8.974966
202508.0,2025-08-08,46844.0,MACRON CL 514,Consumidor Livre,SUDESTE,14.4,9.351705
202508.0,2025-08-09,46844.0,MACRON CL 514,Consumidor Livre,SUDESTE,14.4,8.43224
202508.0,2025-08-10,46844.0,MACRON CL 514,Consumidor Livre,SUDESTE,14.4,7.441775
202508.0,2025-08-11,46844.0,MACRON CL 514,Consumidor Livre,SUDESTE,14.4,8.291913
202508.0,2025-08-12,46844.0,MACRON CL 514,Consumidor Livre,SUDESTE,14.4,9.272687
202508.0,2025-08-13,46844.0,MACRON CL 514,Consumidor Livre,SUDESTE,14.4,10.423059
202508.0,2025-08-14,46844.0,MACRON CL 514,Consumidor Livre,SUDESTE,14.4,10.390467
202508.0,2025-08-15,46844.0,MACRON CL 514,Consumidor Livre,SUDESTE,14.4,10.316481
202508.0,2025-08-16,46844.0,MACRON CL 514,Consumidor Livre,SUDESTE,14.4,8.927785
202508.0,2025-08-17,46844.0,MACRON CL 514,Consumidor Livre,SUDESTE,14.4,6.399939
202508.0,2025-08-18,46844.0,MACRON CL 514,Consumidor Livre,SUDESTE,14.4,8.067098
202508.0,2025-08-19,46844.0,MACRON CL 514,Consumidor Livre,SUDESTE,14.4,10.142109
202508.0,2025-08-20,46844.0,MACRON CL 514,Consumidor Livre,SUDESTE,14.4,8.574399
202508.0,2025-08-21,46844.0,MACRON CL 514,Consumidor Livre,SUDESTE,14.4,9.848182
202508.0,2025-08-22,46844.0,MACRON CL 514,Consumidor Livre,SUDESTE,14.4,10.263671
202508.0,2025-08-23,46844.0,MACRON CL 514,Consumidor Livre,SUDESTE,14.4,10.078792
202508.0,2025-08-24,46844.0,MACRON CL 514,Consumidor Livre,SUDESTE,14.4,9.684098
202508.0,2025-08-25,46844.0,MACRON CL 514,Consumidor Livre,SUDESTE,14.4,9.07772
202508.0,2025-08-26,46844.0,MACRON CL 514,Consumidor Livre,SUDESTE,14.4,10.423938
202508.0,2025-08-27,46844.0,MACRON CL 514,Consumidor Livre,SUDESTE,14.4,8.050279
202508.0,2025-08-28,46844.0,MACRON CL 514,Consumidor Livre,SUDESTE,14.4,8.938533
202508.0,2025-08-29,46844.0,MACRON CL 514,Consumidor Livre,SUDESTE,14.4,9.305644
202508.0,2025-08-30,46844.0,MACRON CL 514,Consumidor Livre,SUDESTE,14.4,9.339748
202508.0,2025-08-31,46844.0,MACRON CL 514,Consumidor Livre,SUDESTE,14.4,8.671804
