MES_REFERENCIA,DATA,CODIGO_PERFIL_AGENTE,SIGLA_PERFIL_AGENTE,CLASSE_PERFIL_AGENTE,SUBMERCADO,CAPACIDADE_CARGA,CONSUMO_CARGA_ACL
,2022-07-01,34156,MERCADOS BRAGA,Consumidor Especial,SUDESTE,12.0,5.470432
,2022-07-02,34156,MERCADOS BRAGA,Consumidor Especial,SUDESTE,12.0,5.980024
,2022-07-03,34156,MERCADOS BRAGA,Consumidor Especial,SUDESTE,12.0,5.197487
,2022-07-04,34156,MERCADOS BRAGA,Consumidor Especial,SUDESTE,12.0,5.563301
,2022-07-05,34156,MERCADOS BRAGA,Consumidor Especial,SUDESTE,12.0,5.645756
,2022-07-06,34156,MERCADOS BRAGA,Consumidor Especial,SUDESTE,12.0,5.690789
,2022-07-07,34156,MERCADOS BRAGA,Consumidor Especial,SUDESTE,12.0,5.343651
,2022-07-08,34156,MERCADOS BRAGA,Consumidor Especial,SUDESTE,12.0,5.477817
,2022-07-09,34156,MERCADOS BRAGA,Consumidor Especial,SUDESTE,12.0,6.212239
,2022-07-10,34156,MERCADOS BRAGA,Consumidor Especial,SUDESTE,12.0,5.523253
,2022-07-11,34156,MERCADOS BRAGA,Consumidor Especial,SUDESTE,12.0,5.357747
,2022-07-12,34156,MERCADOS BRAGA,Consumidor Especial,SUDESTE,12.0,5.607365
,2022-07-13,34156,MERCADOS BRAGA,Consumidor Especial,SUDESTE,12.0,5.576352
,2022-07-14,34156,MERCADOS BRAGA,Consumidor Especial,SUDESTE,12.0,5.61502
,2022-07-15,34156,MERCADOS BRAGA,Consumidor Especial,SUDESTE,12.0,5.706522
,2022-07-16,34156,MERCADOS BRAGA,Consumidor Especial,SUDESTE,12.0,6.362491
,2022-07-17,34156,MERCADOS BRAGA,Consumidor Especial,SUDESTE,12.0,5.694061
,2022-07-18,34156,MERCADOS BRAGA,Consumidor Especial,SUDESTE,12.0,5.637444
,2022-07-19,34156,MERCADOS BRAGA,Consumidor Especial,SUDESTE,12.0,5.701756
,2022-07-20,34156,MERCADOS BRAGA,Consumidor Especial,SUDESTE,12.0,5.968933
,2022-07-21,34156,MERCADOS BRAGA,Consumidor Especial,SUDESTE,12.0,6.455658
,2022-07-22,34156,MERCADOS BRAGA,Consumidor Especial,SUDESTE,12.0,6.446838
,2022-07-23,34156,MERCADOS BRAGA,Consumidor Especial,SUDESTE,12.0,6.198495
,2022-07-24,34156,MERCADOS BRAGA,Consumidor Especial,SUDESTE,12.0,5.620399
,2022-07-25,34156,MERCADOS BRAGA,Consumidor Especial,SUDESTE,12.0,6.169064
,2022-07-26,34156,MERCADOS BRAGA,Consumidor Especial,SUDESTE,12.0,6.430476
,2022-07-27,34156,MERCADOS BRAGA,Consumidor Especial,SUDESTE,12.0,6.66457
,2022-07-28,34156,MERCADOS BRAGA,Consumidor Especial,SUDESTE,12.0,6.5908940000000005
,2022-07-29,34156,MERCADOS BRAGA,Consumidor Especial,SUDESTE,12.0,6.395056
,2022-07-30,34156,MERCADOS BRAGA,Consumidor Especial,SUDESTE,12.0,5.850004
,2022-07-31,34156,MERCADOS BRAGA,Consumidor Especial,SUDESTE,12.0,5.422883
,2022-08-01,34156,MERCADOS BRAGA,Consumidor Especial,SUDESTE,12.0,5.977947
,2022-08-02,34156,MERCADOS BRAGA,Consumidor Especial,SUDESTE,12.0,6.34163
,2022-08-03,34156,MERCADOS BRAGA,Consumidor Especial,SUDESTE,12.0,6.469875
,2022-08-04,34156,MERCADOS BRAGA,Consumidor Especial,SUDESTE,12.0,6.613236
,2022-08-05,34156,MERCADOS BRAGA,Consumidor Especial,SUDESTE,12.0,6.783399
,2022-08-06,34156,MERCADOS BRAGA,Consumidor Especial,SUDESTE,12.0,6.221942
,2022-08-07,34156,MERCADOS BRAGA,Consumidor Especial,SUDESTE,12.0,5.368326
,2022-08-08,34156,MERCADOS BRAGA,Consumidor Especial,SUDESTE,12.0,6.004017
,2022-08-09,34156,MERCADOS BRAGA,Consumidor Especial,SUDESTE,12.0,6.235636
,2022-08-10,34156,MERCADOS BRAGA,Consumidor Especial,SUDESTE,12.0,5.954686
,2022-08-11,34156,MERCADOS BRAGA,Consumidor Especial,SUDESTE,12.0,5.795223
,2022-08-12,34156,MERCADOS BRAGA,Consumidor Especial,SUDESTE,12.0,5.816777
,2022-08-13,34156,MERCADOS BRAGA,Consumidor Especial,SUDESTE,12.0,5.8263430000000005
,2022-08-14,34156,MERCADOS BRAGA,Consumidor Especial,SUDESTE,12.0,5.357265
,2022-08-15,34156,MERCADOS BRAGA,Consumidor Especial,SUDESTE,12.0,5.849127
,2022-08-16,34156,MERCADOS BRAGA,Consumidor Especial,SUDESTE,12.0,6.420305
,2022-08-17,34156,MERCADOS BRAGA,Consumidor Especial,SUDESTE,12.0,6.576738
,2022-08-18,34156,MERCADOS BRAGA,Consumidor Especial,SUDESTE,12.0,6.652035
,2022-08-19,34156,MERCADOS BRAGA,Consumidor Especial,SUDESTE,12.0,5.807009
,2022-08-20,34156,MERCADOS BRAGA,Consumidor Especial,SUDESTE,12.0,5.495989
,2022-08-21,34156,MERCADOS BRAGA,Consumidor Especial,SUDESTE,12.0,4.787853
,2022-08-22,34156,MERCADOS BRAGA,Consumidor Especial,SUDESTE,12.0,5.325987
,2022-08-23,34156,MERCADOS BRAGA,Consumidor Especial,SUDESTE,12.0,5.92362
,2022-08-24,34156,MERCADOS BRAGA,Consumidor Especial,SUDESTE,12.0,6.087763
,2022-08-25,34156,MERCADOS BRAGA,Consumidor Especial,SUDESTE,12.0,6.519367
,2022-08-26,34156,MERCADOS BRAGA,Consumidor Especial,SUDESTE,12.0,6.358335
,2022-08-27,34156,MERCADOS BRAGA,Consumidor Especial,SUDESTE,12.0,6.693983
,2022-08-28,34156,MERCADOS BRAGA,Consumidor Especial,SUDESTE,12.0,5.907345
,2022-08-29,34156,MERCADOS BRAGA,Consumidor Especial,SUDESTE,12.0,5.882065
,2022-08-30,34156,MERCADOS BRAGA,Consumidor Especial,SUDESTE,12.0,5.67879
,2022-08-31,34156,MERCADOS BRAGA,Consumidor Especial,SUDESTE,12.0,5.787818
,2022-09-01,34156,MERCADOS BRAGA,Consumidor Especial,SUDESTE,12.0,5.859546
,2022-09-02,34156,MERCADOS BRAGA,Consumidor Especial,SUDESTE,12.0,6.190271
,2022-09-03,34156,MERCADOS BRAGA,Consumidor Especial,SUDESTE,12.0,6.161772
,2022-09-04,34156,MERCADOS BRAGA,Consumidor Especial,SUDESTE,12.0,5.117613
,2022-09-05,34156,MERCADOS BRAGA,Consumidor Especial,SUDESTE,12.0,5.67254
,2022-09-06,34156,MERCADOS BRAGA,Consumidor Especial,SUDESTE,12.0,5.937232
,2022-09-07,34156,MERCADOS BRAGA,Consumidor Especial,SUDESTE,12.0,5.732961
,2022-09-08,34156,MERCADOS BRAGA,Consumidor Especial,SUDESTE,12.0,6.473682
,2022-09-09,34156,MERCADOS BRAGA,Consumidor Especial,SUDESTE,12.0,6.742869
,2022-09-10,34156,MERCADOS BRAGA,Consumidor Especial,SUDESTE,12.0,6.808643
,2022-09-11,34156,MERCADOS BRAGA,Consumidor Especial,SUDESTE,12.0,5.245135
,2022-09-12,34156,MERCADOS BRAGA,Consumidor Especial,SUDESTE,12.0,5.586077
,2022-09-13,34156,MERCADOS BRAGA,Consumidor Especial,SUDESTE,12.0,6.020125
,2022-09-14,34156,MERCADOS BRAGA,Consumidor Especial,SUDESTE,12.0,6.102534
,2022-09-15,34156,MERCADOS BRAGA,Consumidor Especial,SUDESTE,12.0,5.955247
,2022-09-16,34156,MERCADOS BRAGA,Consumidor Especial,SUDESTE,12.0,5.71222
,2022-09-17,34156,MERCADOS BRAGA,Consumidor Especial,SUDESTE,12.0,5.616841
,2022-09-18,34156,MERCADOS BRAGA,Consumidor Especial,SUDESTE,12.0,5.164064
,2022-09-19,34156,MERCADOS BRAGA,Consumidor Especial,SUDESTE,12.0,5.875055
,2022-09-20,34156,MERCADOS BRAGA,Consumidor Especial,SUDESTE,12.0,6.236508
,2022-09-21,34156,MERCADOS BRAGA,Consumidor Especial,SUDESTE,12.0,6.347506
,2022-09-22,34156,MERCADOS BRAGA,Consumidor Especial,SUDESTE,12.0,6.447032
,2022-09-23,34156,MERCADOS BRAGA,Consumidor Especial,SUDESTE,12.0,6.094245
,2022-09-24,34156,MERCADOS BRAGA,Consumidor Especial,SUDESTE,12.0,5.9056370000000005
,2022-09-25,34156,MERCADOS BRAGA,Consumidor Especial,SUDESTE,12.0,5.418317
,2022-09-26,34156,MERCADOS BRAGA,Consumidor Especial,SUDESTE,12.0,5.825386
,2022-09-27,34156,MERCADOS BRAGA,Consumidor Especial,SUDESTE,12.0,6.254892
,2022-09-28,34156,MERCADOS BRAGA,Consumidor Especial,SUDESTE,12.0,6.075946
,2022-09-29,34156,MERCADOS BRAGA,Consumidor Especial,SUDESTE,12.0,5.8087290000000005
,2022-09-30,34156,MERCADOS BRAGA,Consumidor Especial,SUDESTE,12.0,5.867312
,2022-10-01,34156,MERCADOS BRAGA,Consumidor Especial,SUDESTE,12.0,5.98539
,2022-10-02,34156,MERCADOS BRAGA,Consumidor Especial,SUDESTE,12.0,5.490644
,2022-10-03,34156,MERCADOS BRAGA,Consumidor Especial,SUDESTE,12.0,5.925241
,2022-10-04,34156,MERCADOS BRAGA,Consumidor Especial,SUDESTE,12.0,6.142366
,2022-10-05,34156,MERCADOS BRAGA,Consumidor Especial,SUDESTE,12.0,6.33602
,2022-10-06,34156,MERCADOS BRAGA,Consumidor Especial,SUDESTE,12.0,6.660861
,2022-10-07,34156,MERCADOS BRAGA,Consumidor Especial,SUDESTE,12.0,6.61846
,2022-10-08,34156,MERCADOS BRAGA,Consumidor Especial,SUDESTE,12.0,6.474018
,2022-10-09,34156,MERCADOS BRAGA,Consumidor Especial,SUDESTE,12.0,5.988348
,2022-10-10,34156,MERCADOS BRAGA,Consumidor Especial,SUDESTE,12.0,6.439366
,2022-10-11,34156,MERCADOS BRAGA,Consumidor Especial,SUDESTE,12.0,7.104693
,2022-10-12,34156,MERCADOS BRAGA,Consumidor Especial,SUDESTE,12.0,6.233497
,2022-10-13,34156,MERCADOS BRAGA,Consumidor Especial,SUDESTE,12.0,7.190399
,2022-10-14,34156,MERCADOS BRAGA,Consumidor Especial,SUDESTE,12.0,7.099511
,2022-10-15,34156,MERCADOS BRAGA,Consumidor Especial,SUDESTE,12.0,7.012815
,2022-10-16,34156,MERCADOS BRAGA,Consumidor Especial,SUDESTE,12.0,6.017964
,2022-10-17,34156,MERCADOS BRAGA,Consumidor Especial,SUDESTE,12.0,5.090391
,2022-10-18,34156,MERCADOS BRAGA,Consumidor Especial,SUDESTE,12.0,7.048135
,2022-10-19,34156,MERCADOS BRAGA,Consumidor Especial,SUDESTE,12.0,7.034563
,2022-10-20,34156,MERCADOS BRAGA,Consumidor Especial,SUDESTE,12.0,7.139554
,2022-10-21,34156,MERCADOS BRAGA,Consumidor Especial,SUDESTE,12.0,7.251708
,2022-10-22,34156,MERCADOS BRAGA,Consumidor Especial,SUDESTE,12.0,7.249998
,2022-10-23,34156,MERCADOS BRAGA,Consumidor Especial,SUDESTE,12.0,6.056557
,2022-10-24,34156,MERCADOS BRAGA,Consumidor Especial,SUDESTE,12.0,6.992926
,2022-10-25,34156,MERCADOS BRAGA,Consumidor Especial,SUDESTE,12.0,6.820335
,2022-10-26,34156,MERCADOS BRAGA,Consumidor Especial,SUDESTE,12.0,7.247393
,2022-10-27,34156,MERCADOS BRAGA,Consumidor Especial,SUDESTE,12.0,7.653384
,2022-10-28,34156,MERCADOS BRAGA,Consumidor Especial,SUDESTE,12.0,7.44964
,2022-10-29,34156,MERCADOS BRAGA,Consumidor Especial,SUDESTE,12.0,7.715012
,2022-10-30,34156,MERCADOS BRAGA,Consumidor Especial,SUDESTE,12.0,6.661433
,2022-10-31,34156,MERCADOS BRAGA,Consumidor Especial,SUDESTE,12.0,7.572059
,2022-11-01,34156,MERCADOS BRAGA,Consumidor Especial,SUDESTE,12.0,6.923269
,2022-11-02,34156,MERCADOS BRAGA,Consumidor Especial,SUDESTE,12.0,5.785452
,2022-11-03,34156,MERCADOS BRAGA,Consumidor Especial,SUDESTE,12.0,5.962302
,2022-11-04,34156,MERCADOS BRAGA,Consumidor Especial,SUDESTE,12.0,5.982056
,2022-11-05,34156,MERCADOS BRAGA,Consumidor Especial,SUDESTE,12.0,6.04187
,2022-11-06,34156,MERCADOS BRAGA,Consumidor Especial,SUDESTE,12.0,5.48731
,2022-11-07,34156,MERCADOS BRAGA,Consumidor Especial,SUDESTE,12.0,5.687917
,2022-11-08,34156,MERCADOS BRAGA,Consumidor Especial,SUDESTE,12.0,5.915005
,2022-11-09,34156,MERCADOS BRAGA,Consumidor Especial,SUDESTE,12.0,6.578617
,2022-11-10,34156,MERCADOS BRAGA,Consumidor Especial,SUDESTE,12.0,6.797534
,2022-11-11,34156,MERCADOS BRAGA,Consumidor Especial,SUDESTE,12.0,6.896863
,2022-11-12,34156,MERCADOS BRAGA,Consumidor Especial,SUDESTE,12.0,7.077451
,2022-11-13,34156,MERCADOS BRAGA,Consumidor Especial,SUDESTE,12.0,6.199784
,2022-11-14,34156,MERCADOS BRAGA,Consumidor Especial,SUDESTE,12.0,7.167402
,2022-11-15,34156,MERCADOS BRAGA,Consumidor Especial,SUDESTE,12.0,6.23006
,2022-11-16,34156,MERCADOS BRAGA,Consumidor Especial,SUDESTE,12.0,7.120782
,2022-11-17,34156,MERCADOS BRAGA,Consumidor Especial,SUDESTE,12.0,6.785649
,2022-11-18,34156,MERCADOS BRAGA,Consumidor Especial,SUDESTE,12.0,6.617475
,2022-11-19,34156,MERCADOS BRAGA,Consumidor Especial,SUDESTE,12.0,6.516935
,2022-11-20,34156,MERCADOS BRAGA,Consumidor Especial,SUDESTE,12.0,6.040339
,2022-11-21,34156,MERCADOS BRAGA,Consumidor Especial,SUDESTE,12.0,7.286229
,2022-11-22,34156,MERCADOS BRAGA,Consumidor Especial,SUDESTE,12.0,7.68773
,2022-11-23,34156,MERCADOS BRAGA,Consumidor Especial,SUDESTE,12.0,7.880541
,2022-11-24,34156,MERCADOS BRAGA,Consumidor Especial,SUDESTE,12.0,7.049626
,2022-11-25,34156,MERCADOS BRAGA,Consumidor Especial,SUDESTE,12.0,7.430952
,2022-11-26,34156,MERCADOS BRAGA,Consumidor Especial,SUDESTE,12.0,7.074287
,2022-11-27,34156,MERCADOS BRAGA,Consumidor Especial,SUDESTE,12.0,6.159321
,2022-11-28,34156,MERCADOS BRAGA,Consumidor Especial,SUDESTE,12.0,6.92444
,2022-11-29,34156,MERCADOS BRAGA,Consumidor Especial,SUDESTE,12.0,7.437615
,2022-11-30,34156,MERCADOS BRAGA,Consumidor Especial,SUDESTE,12.0,7.677774
,2022-12-01,34156,MERCADOS BRAGA,Consumidor Especial,SUDESTE,12.0,7.64673
,2022-12-02,34156,MERCADOS BRAGA,Consumidor Especial,SUDESTE,12.0,7.775543
,2022-12-03,34156,MERCADOS BRAGA,Consumidor Especial,SUDESTE,12.0,7.841862
,2022-12-04,34156,MERCADOS BRAGA,Consumidor Especial,SUDESTE,12.0,6.636348
,2022-12-05,34156,MERCADOS BRAGA,Consumidor Especial,SUDESTE,12.0,7.502051
,2022-12-06,34156,MERCADOS BRAGA,Consumidor Especial,SUDESTE,12.0,7.458682
,2022-12-07,34156,MERCADOS BRAGA,Consumidor Especial,SUDESTE,12.0,7.56421
,2022-12-08,34156,MERCADOS BRAGA,Consumidor Especial,SUDESTE,12.0,7.44497
,2022-12-09,34156,MERCADOS BRAGA,Consumidor Especial,SUDESTE,12.0,7.360525
,2022-12-10,34156,MERCADOS BRAGA,Consumidor Especial,SUDESTE,12.0,7.691979
,2022-12-11,34156,MERCADOS BRAGA,Consumidor Especial,SUDESTE,12.0,6.809281
,2022-12-12,34156,MERCADOS BRAGA,Consumidor Especial,SUDESTE,12.0,7.946747
,2022-12-13,34156,MERCADOS BRAGA,Consumidor Especial,SUDESTE,12.0,7.69851
,2022-12-14,34156,MERCADOS BRAGA,Consumidor Especial,SUDESTE,12.0,7.691809
,2022-12-15,34156,MERCADOS BRAGA,Consumidor Especial,SUDESTE,12.0,7.477877
,2022-12-16,34156,MERCADOS BRAGA,Consumidor Especial,SUDESTE,12.0,7.721426
,2022-12-17,34156,MERCADOS BRAGA,Consumidor Especial,SUDESTE,12.0,7.571223
,2022-12-18,34156,MERCADOS BRAGA,Consumidor Especial,SUDESTE,12.0,6.300711
,2022-12-19,34156,MERCADOS BRAGA,Consumidor Especial,SUDESTE,12.0,6.805523
,2022-12-20,34156,MERCADOS BRAGA,Consumidor Especial,SUDESTE,12.0,6.812136
,2022-12-21,34156,MERCADOS BRAGA,Consumidor Especial,SUDESTE,12.0,7.163644
,2022-12-22,34156,MERCADOS BRAGA,Consumidor Especial,SUDESTE,12.0,7.059283
,2022-12-23,34156,MERCADOS BRAGA,Consumidor Especial,SUDESTE,12.0,7.333395
,2022-12-24,34156,MERCADOS BRAGA,Consumidor Especial,SUDESTE,12.0,7.018829
,2022-12-25,34156,MERCADOS BRAGA,Consumidor Especial,SUDESTE,12.0,5.204463
,2022-12-26,34156,MERCADOS BRAGA,Consumidor Especial,SUDESTE,12.0,7.440459
,2022-12-27,34156,MERCADOS BRAGA,Consumidor Especial,SUDESTE,12.0,8.061554
,2022-12-28,34156,MERCADOS BRAGA,Consumidor Especial,SUDESTE,12.0,8.336166
,2022-12-29,34156,MERCADOS BRAGA,Consumidor Especial,SUDESTE,12.0,7.897097
,2022-12-30,34156,MERCADOS BRAGA,Consumidor Especial,SUDESTE,12.0,7.229036
,2022-12-31,34156,MERCADOS BRAGA,Consumidor Especial,SUDESTE,12.0,7.282256
,2023-01-01,34156,MERCADOS BRAGA,Consumidor Especial,SUDESTE,12.0,5.221347
,2023-01-02,34156,MERCADOS BRAGA,Consumidor Especial,SUDESTE,12.0,7.47773
,2023-01-03,34156,MERCADOS BRAGA,Consumidor Especial,SUDESTE,12.0,8.320287
,2023-01-04,34156,MERCADOS BRAGA,Consumidor Especial,SUDESTE,12.0,8.362292
,2023-01-05,34156,MERCADOS BRAGA,Consumidor Especial,SUDESTE,12.0,7.245817
,2023-01-06,34156,MERCADOS BRAGA,Consumidor Especial,SUDESTE,12.0,6.74155
,2023-01-07,34156,MERCADOS BRAGA,Consumidor Especial,SUDESTE,12.0,6.593371
,2023-01-08,34156,MERCADOS BRAGA,Consumidor Especial,SUDESTE,12.0,5.813864
,2023-01-09,34156,MERCADOS BRAGA,Consumidor Especial,SUDESTE,12.0,6.434687
,2023-01-10,34156,MERCADOS BRAGA,Consumidor Especial,SUDESTE,12.0,7.356094
,2023-01-11,34156,MERCADOS BRAGA,Consumidor Especial,SUDESTE,12.0,7.966042
,2023-01-12,34156,MERCADOS BRAGA,Consumidor Especial,SUDESTE,12.0,8.011436
,2023-01-13,34156,MERCADOS BRAGA,Consumidor Especial,SUDESTE,12.0,8.175621
,2023-01-14,34156,MERCADOS BRAGA,Consumidor Especial,SUDESTE,12.0,8.480979
,2023-01-15,34156,MERCADOS BRAGA,Consumidor Especial,SUDESTE,12.0,7.087779
,2023-01-16,34156,MERCADOS BRAGA,Consumidor Especial,SUDESTE,12.0,8.41284
,2023-01-17,34156,MERCADOS BRAGA,Consumidor Especial,SUDESTE,12.0,8.31326
,2023-01-18,34156,MERCADOS BRAGA,Consumidor Especial,SUDESTE,12.0,8.371605
,2023-01-19,34156,MERCADOS BRAGA,Consumidor Especial,SUDESTE,12.0,8.018862
,2023-01-20,34156,MERCADOS BRAGA,Consumidor Especial,SUDESTE,12.0,6.615933
,2023-01-21,34156,MERCADOS BRAGA,Consumidor Especial,SUDESTE,12.0,7.446639
,2023-01-22,34156,MERCADOS BRAGA,Consumidor Especial,SUDESTE,12.0,6.415535
,2023-01-23,34156,MERCADOS BRAGA,Consumidor Especial,SUDESTE,12.0,7.882163
,2023-01-24,34156,MERCADOS BRAGA,Consumidor Especial,SUDESTE,12.0,7.85931
,2023-01-25,34156,MERCADOS BRAGA,Consumidor Especial,SUDESTE,12.0,7.934789
,2023-01-26,34156,MERCADOS BRAGA,Consumidor Especial,SUDESTE,12.0,7.557287
,2023-01-27,34156,MERCADOS BRAGA,Consumidor Especial,SUDESTE,12.0,7.90012
,2023-01-28,34156,MERCADOS BRAGA,Consumidor Especial,SUDESTE,12.0,7.253534
,2023-01-29,34156,MERCADOS BRAGA,Consumidor Especial,SUDESTE,12.0,5.608971
,2023-01-30,34156,MERCADOS BRAGA,Consumidor Especial,SUDESTE,12.0,4.891937
,2023-01-31,34156,MERCADOS BRAGA,Consumidor Especial,SUDESTE,12.0,7.648189
,2023-02-01,34156,MERCADOS BRAGA,Consumidor Especial,SUDESTE,12.0,8.380565
,2023-02-02,34156,MERCADOS BRAGA,Consumidor Especial,SUDESTE,12.0,7.725591
,2023-02-03,34156,MERCADOS BRAGA,Consumidor Especial,SUDESTE,12.0,7.068605
,2023-02-04,34156,MERCADOS BRAGA,Consumidor Especial,SUDESTE,12.0,8.294056
,2023-02-05,34156,MERCADOS BRAGA,Consumidor Especial,SUDESTE,12.0,6.765654
,2023-02-06,34156,MERCADOS BRAGA,Consumidor Especial,SUDESTE,12.0,7.625553
,2023-02-07,34156,MERCADOS BRAGA,Consumidor Especial,SUDESTE,12.0,7.980525
,2023-02-08,34156,MERCADOS BRAGA,Consumidor Especial,SUDESTE,12.0,7.840535
,2023-02-09,34156,MERCADOS BRAGA,Consumidor Especial,SUDESTE,12.0,7.856827
,2023-02-10,34156,MERCADOS BRAGA,Consumidor Especial,SUDESTE,12.0,7.922322
,2023-02-11,34156,MERCADOS BRAGA,Consumidor Especial,SUDESTE,12.0,7.639238
,2023-02-12,34156,MERCADOS BRAGA,Consumidor Especial,SUDESTE,12.0,6.510519
,2023-02-13,34156,MERCADOS BRAGA,Consumidor Especial,SUDESTE,12.0,7.647897
,2023-02-14,34156,MERCADOS BRAGA,Consumidor Especial,SUDESTE,12.0,7.970302
,2023-02-15,34156,MERCADOS BRAGA,Consumidor Especial,SUDESTE,12.0,8.323502
,2023-02-16,34156,MERCADOS BRAGA,Consumidor Especial,SUDESTE,12.0,8.105215
,2023-02-17,34156,MERCADOS BRAGA,Consumidor Especial,SUDESTE,12.0,8.378309
,2023-02-18,34156,MERCADOS BRAGA,Consumidor Especial,SUDESTE,12.0,8.065496
,2023-02-19,34156,MERCADOS BRAGA,Consumidor Especial,SUDESTE,12.0,6.839221
,2023-02-20,34156,MERCADOS BRAGA,Consumidor Especial,SUDESTE,12.0,8.006754
,2023-02-21,34156,MERCADOS BRAGA,Consumidor Especial,SUDESTE,12.0,6.841025
,2023-02-22,34156,MERCADOS BRAGA,Consumidor Especial,SUDESTE,12.0,7.95751
,2023-02-23,34156,MERCADOS BRAGA,Consumidor Especial,SUDESTE,12.0,7.997483
,2023-02-24,34156,MERCADOS BRAGA,Consumidor Especial,SUDESTE,12.0,8.092399
,2023-02-25,34156,MERCADOS BRAGA,Consumidor Especial,SUDESTE,12.0,8.315646
,2023-02-26,34156,MERCADOS BRAGA,Consumidor Especial,SUDESTE,12.0,6.998926
,2023-02-27,34156,MERCADOS BRAGA,Consumidor Especial,SUDESTE,12.0,7.912323
,2023-02-28,34156,MERCADOS BRAGA,Consumidor Especial,SUDESTE,12.0,8.308455
,2023-03-01,34156,MERCADOS BRAGA,Consumidor Especial,SUDESTE,12.0,7.98193
,2023-03-02,34156,MERCADOS BRAGA,Consumidor Especial,SUDESTE,12.0,8.089743
,2023-03-03,34156,MERCADOS BRAGA,Consumidor Especial,SUDESTE,12.0,8.351421
,2023-03-04,34156,MERCADOS BRAGA,Consumidor Especial,SUDESTE,12.0,8.234691
,2023-03-05,34156,MERCADOS BRAGA,Consumidor Especial,SUDESTE,12.0,6.803084
,2023-03-06,34156,MERCADOS BRAGA,Consumidor Especial,SUDESTE,12.0,7.689443
,2023-03-07,34156,MERCADOS BRAGA,Consumidor Especial,SUDESTE,12.0,8.039496
,2023-03-08,34156,MERCADOS BRAGA,Consumidor Especial,SUDESTE,12.0,8.336306
,2023-03-09,34156,MERCADOS BRAGA,Consumidor Especial,SUDESTE,12.0,8.219787
,2023-03-10,34156,MERCADOS BRAGA,Consumidor Especial,SUDESTE,12.0,8.34647
,2023-03-11,34156,MERCADOS BRAGA,Consumidor Especial,SUDESTE,12.0,7.643134
,2023-03-12,34156,MERCADOS BRAGA,Consumidor Especial,SUDESTE,12.0,6.46381
,2023-03-13,34156,MERCADOS BRAGA,Consumidor Especial,SUDESTE,12.0,7.534562
,2023-03-14,34156,MERCADOS BRAGA,Consumidor Especial,SUDESTE,12.0,7.943293
,2023-03-15,34156,MERCADOS BRAGA,Consumidor Especial,SUDESTE,12.0,8.16123
,2023-03-16,34156,MERCADOS BRAGA,Consumidor Especial,SUDESTE,12.0,7.88073
,2023-03-17,34156,MERCADOS BRAGA,Consumidor Especial,SUDESTE,12.0,7.911519
,2023-03-18,34156,MERCADOS BRAGA,Consumidor Especial,SUDESTE,12.0,7.945919
,2023-03-19,34156,MERCADOS BRAGA,Consumidor Especial,SUDESTE,12.0,6.659299
,2023-03-20,34156,MERCADOS BRAGA,Consumidor Especial,SUDESTE,12.0,7.86388
,2023-03-21,34156,MERCADOS BRAGA,Consumidor Especial,SUDESTE,12.0,8.090508
,2023-03-22,34156,MERCADOS BRAGA,Consumidor Especial,SUDESTE,12.0,7.984626
,2023-03-23,34156,MERCADOS BRAGA,Consumidor Especial,SUDESTE,12.0,7.928899
,2023-03-24,34156,MERCADOS BRAGA,Consumidor Especial,SUDESTE,12.0,8.127191
,2023-03-25,34156,MERCADOS BRAGA,Consumidor Especial,SUDESTE,12.0,7.766617
,2023-03-26,34156,MERCADOS BRAGA,Consumidor Especial,SUDESTE,12.0,6.942164
,2023-03-27,34156,MERCADOS BRAGA,Consumidor Especial,SUDESTE,12.0,7.428506
,2023-03-28,34156,MERCADOS BRAGA,Consumidor Especial,SUDESTE,12.0,7.55098
,2023-03-29,34156,MERCADOS BRAGA,Consumidor Especial,SUDESTE,12.0,8.015549
,2023-03-30,34156,MERCADOS BRAGA,Consumidor Especial,SUDESTE,12.0,8.044364999999999
,2023-03-31,34156,MERCADOS BRAGA,Consumidor Especial,SUDESTE,12.0,7.865038
,2023-04-01,34156,MERCADOS BRAGA,Consumidor Especial,SUDESTE,12.0,7.579759
,2023-04-02,34156,MERCADOS BRAGA,Consumidor Especial,SUDESTE,12.0,6.062059
,2023-04-03,34156,MERCADOS BRAGA,Consumidor Especial,SUDESTE,12.0,7.131228
,2023-04-04,34156,MERCADOS BRAGA,Consumidor Especial,SUDESTE,12.0,7.51926
,2023-04-05,34156,MERCADOS BRAGA,Consumidor Especial,SUDESTE,12.0,7.617246
,2023-04-06,34156,MERCADOS BRAGA,Consumidor Especial,SUDESTE,12.0,7.562783
,2023-04-07,34156,MERCADOS BRAGA,Consumidor Especial,SUDESTE,12.0,5.958281
,2023-04-08,34156,MERCADOS BRAGA,Consumidor Especial,SUDESTE,12.0,7.070964
,2023-04-09,34156,MERCADOS BRAGA,Consumidor Especial,SUDESTE,12.0,5.236153
,2023-04-10,34156,MERCADOS BRAGA,Consumidor Especial,SUDESTE,12.0,6.264041
,2023-04-11,34156,MERCADOS BRAGA,Consumidor Especial,SUDESTE,12.0,6.875536
,2023-04-12,34156,MERCADOS BRAGA,Consumidor Especial,SUDESTE,12.0,7.2454
,2023-04-13,34156,MERCADOS BRAGA,Consumidor Especial,SUDESTE,12.0,7.373756
,2023-04-14,34156,MERCADOS BRAGA,Consumidor Especial,SUDESTE,12.0,7.482175
,2023-04-15,34156,MERCADOS BRAGA,Consumidor Especial,SUDESTE,12.0,6.84459
,2023-04-16,34156,MERCADOS BRAGA,Consumidor Especial,SUDESTE,12.0,6.085276
,2023-04-17,34156,MERCADOS BRAGA,Consumidor Especial,SUDESTE,12.0,7.145253
,2023-04-18,34156,MERCADOS BRAGA,Consumidor Especial,SUDESTE,12.0,7.366025
,2023-04-19,34156,MERCADOS BRAGA,Consumidor Especial,SUDESTE,12.0,7.219999
,2023-04-20,34156,MERCADOS BRAGA,Consumidor Especial,SUDESTE,12.0,6.793697
,2023-04-21,34156,MERCADOS BRAGA,Consumidor Especial,SUDESTE,12.0,5.754096
,2023-04-22,34156,MERCADOS BRAGA,Consumidor Especial,SUDESTE,12.0,6.961048
,2023-04-23,34156,MERCADOS BRAGA,Consumidor Especial,SUDESTE,12.0,5.884782
,2023-04-24,34156,MERCADOS BRAGA,Consumidor Especial,SUDESTE,12.0,6.356444
,2023-04-25,34156,MERCADOS BRAGA,Consumidor Especial,SUDESTE,12.0,6.855139
,2023-04-26,34156,MERCADOS BRAGA,Consumidor Especial,SUDESTE,12.0,7.415918
,2023-04-27,34156,MERCADOS BRAGA,Consumidor Especial,SUDESTE,12.0,7.005099
,2023-04-28,34156,MERCADOS BRAGA,Consumidor Especial,SUDESTE,12.0,6.593345
,2023-04-29,34156,MERCADOS BRAGA,Consumidor Especial,SUDESTE,12.0,6.737256
,2023-04-30,34156,MERCADOS BRAGA,Consumidor Especial,SUDESTE,12.0,5.866768
,2023-05-01,34156,MERCADOS BRAGA,Consumidor Especial,SUDESTE,12.0,5.906336
,2023-05-02,34156,MERCADOS BRAGA,Consumidor Especial,SUDESTE,12.0,7.203823
,2023-05-03,34156,MERCADOS BRAGA,Consumidor Especial,SUDESTE,12.0,7.433179
,2023-05-04,34156,MERCADOS BRAGA,Consumidor Especial,SUDESTE,12.0,7.227031
,2023-05-05,34156,MERCADOS BRAGA,Consumidor Especial,SUDESTE,12.0,7.333292
,2023-05-06,34156,MERCADOS BRAGA,Consumidor Especial,SUDESTE,12.0,7.367735
,2023-05-07,34156,MERCADOS BRAGA,Consumidor Especial,SUDESTE,12.0,5.98542
,2023-05-08,34156,MERCADOS BRAGA,Consumidor Especial,SUDESTE,12.0,7.201089
,2023-05-09,34156,MERCADOS BRAGA,Consumidor Especial,SUDESTE,12.0,7.404002
,2023-05-10,34156,MERCADOS BRAGA,Consumidor Especial,SUDESTE,12.0,6.768377
,2023-05-11,34156,MERCADOS BRAGA,Consumidor Especial,SUDESTE,12.0,6.487806
,2023-05-12,34156,MERCADOS BRAGA,Consumidor Especial,SUDESTE,12.0,6.472991
,2023-05-13,34156,MERCADOS BRAGA,Consumidor Especial,SUDESTE,12.0,6.416288
,2023-05-14,34156,MERCADOS BRAGA,Consumidor Especial,SUDESTE,12.0,5.684848
,2023-05-15,34156,MERCADOS BRAGA,Consumidor Especial,SUDESTE,12.0,6.310888
,2023-05-16,34156,MERCADOS BRAGA,Consumidor Especial,SUDESTE,12.0,6.311174
,2023-05-17,34156,MERCADOS BRAGA,Consumidor Especial,SUDESTE,12.0,6.348782
,2023-05-18,34156,MERCADOS BRAGA,Consumidor Especial,SUDESTE,12.0,5.95635
,2023-05-19,34156,MERCADOS BRAGA,Consumidor Especial,SUDESTE,12.0,6.10229
,2023-05-20,34156,MERCADOS BRAGA,Consumidor Especial,SUDESTE,12.0,5.951511
,2023-05-21,34156,MERCADOS BRAGA,Consumidor Especial,SUDESTE,12.0,5.364832
,2023-05-22,34156,MERCADOS BRAGA,Consumidor Especial,SUDESTE,12.0,6.341394
,2023-05-23,34156,MERCADOS BRAGA,Consumidor Especial,SUDESTE,12.0,6.485618
,2023-05-24,34156,MERCADOS BRAGA,Consumidor Especial,SUDESTE,12.0,6.774639
,2023-05-25,34156,MERCADOS BRAGA,Consumidor Especial,SUDESTE,12.0,6.520611
,2023-05-26,34156,MERCADOS BRAGA,Consumidor Especial,SUDESTE,12.0,6.811784
,2023-05-27,34156,MERCADOS BRAGA,Consumidor Especial,SUDESTE,12.0,6.649313
,2023-05-28,34156,MERCADOS BRAGA,Consumidor Especial,SUDESTE,12.0,5.93891
,2023-05-29,34156,MERCADOS BRAGA,Consumidor Especial,SUDESTE,12.0,6.119461
,2023-05-30,34156,MERCADOS BRAGA,Consumidor Especial,SUDESTE,12.0,6.209966
,2023-05-31,34156,MERCADOS BRAGA,Consumidor Especial,SUDESTE,12.0,6.110637
,2023-06-01,34156,MERCADOS BRAGA,Consumidor Especial,SUDESTE,12.0,6.156435
,2023-06-02,34156,MERCADOS BRAGA,Consumidor Especial,SUDESTE,12.0,6.234806
,2023-06-03,34156,MERCADOS BRAGA,Consumidor Especial,SUDESTE,12.0,6.161082
,2023-06-04,34156,MERCADOS BRAGA,Consumidor Especial,SUDESTE,12.0,5.281311
,2023-06-05,34156,MERCADOS BRAGA,Consumidor Especial,SUDESTE,12.0,5.893041
,2023-06-06,34156,MERCADOS BRAGA,Consumidor Especial,SUDESTE,12.0,6.243127
,2023-06-07,34156,MERCADOS BRAGA,Consumidor Especial,SUDESTE,12.0,6.229737
,2023-06-08,34156,MERCADOS BRAGA,Consumidor Especial,SUDESTE,12.0,5.598527
,2023-06-09,34156,MERCADOS BRAGA,Consumidor Especial,SUDESTE,12.0,6.32536
,2023-06-10,34156,MERCADOS BRAGA,Consumidor Especial,SUDESTE,12.0,6.403889
,2023-06-11,34156,MERCADOS BRAGA,Consumidor Especial,SUDESTE,12.0,5.639271
,2023-06-12,34156,MERCADOS BRAGA,Consumidor Especial,SUDESTE,12.0,6.457495
,2023-06-13,34156,MERCADOS BRAGA,Consumidor Especial,SUDESTE,12.0,6.519687
,2023-06-14,34156,MERCADOS BRAGA,Consumidor Especial,SUDESTE,12.0,6.725214
,2023-06-15,34156,MERCADOS BRAGA,Consumidor Especial,SUDESTE,12.0,6.700558
,2023-06-16,34156,MERCADOS BRAGA,Consumidor Especial,SUDESTE,12.0,6.646076
,2023-06-17,34156,MERCADOS BRAGA,Consumidor Especial,SUDESTE,12.0,6.030626
,2023-06-18,34156,MERCADOS BRAGA,Consumidor Especial,SUDESTE,12.0,5.297282
,2023-06-19,34156,MERCADOS BRAGA,Consumidor Especial,SUDESTE,12.0,5.608674
,2023-06-20,34156,MERCADOS BRAGA,Consumidor Especial,SUDESTE,12.0,5.662404
,2023-06-21,34156,MERCADOS BRAGA,Consumidor Especial,SUDESTE,12.0,6.072805
,2023-06-22,34156,MERCADOS BRAGA,Consumidor Especial,SUDESTE,12.0,5.99858
,2023-06-23,34156,MERCADOS BRAGA,Consumidor Especial,SUDESTE,12.0,6.133421
,2023-06-24,34156,MERCADOS BRAGA,Consumidor Especial,SUDESTE,12.0,6.175817
,2023-06-25,34156,MERCADOS BRAGA,Consumidor Especial,SUDESTE,12.0,5.397223
,2023-06-26,34156,MERCADOS BRAGA,Consumidor Especial,SUDESTE,12.0,6.145336
,2023-06-27,34156,MERCADOS BRAGA,Consumidor Especial,SUDESTE,12.0,6.352646
,2023-06-28,34156,MERCADOS BRAGA,Consumidor Especial,SUDESTE,12.0,6.660753
,2023-06-29,34156,MERCADOS BRAGA,Consumidor Especial,SUDESTE,12.0,6.332174
,2023-06-30,34156,MERCADOS BRAGA,Consumidor Especial,SUDESTE,12.0,6.227138
,2023-07-01,34156,MERCADOS BRAGA,Consumidor Especial,SUDESTE,14.04,7.136498
,2023-07-02,34156,MERCADOS BRAGA,Consumidor Especial,SUDESTE,14.04,6.110455
,2023-07-03,34156,MERCADOS BRAGA,Consumidor Especial,SUDESTE,14.04,6.377646
,2023-07-04,34156,MERCADOS BRAGA,Consumidor Especial,SUDESTE,14.04,6.495658
,2023-07-05,34156,MERCADOS BRAGA,Consumidor Especial,SUDESTE,14.04,6.650298
,2023-07-06,34156,MERCADOS BRAGA,Consumidor Especial,SUDESTE,14.04,6.760424
,2023-07-07,34156,MERCADOS BRAGA,Consumidor Especial,SUDESTE,14.04,6.752962
,2023-07-08,34156,MERCADOS BRAGA,Consumidor Especial,SUDESTE,14.04,6.907045
,2023-07-09,34156,MERCADOS BRAGA,Consumidor Especial,SUDESTE,14.04,6.290357
,2023-07-10,34156,MERCADOS BRAGA,Consumidor Especial,SUDESTE,14.04,6.983183
,2023-07-11,34156,MERCADOS BRAGA,Consumidor Especial,SUDESTE,14.04,7.394588
,2023-07-12,34156,MERCADOS BRAGA,Consumidor Especial,SUDESTE,14.04,7.82668
,2023-07-13,34156,MERCADOS BRAGA,Consumidor Especial,SUDESTE,14.04,7.863785
,2023-07-14,34156,MERCADOS BRAGA,Consumidor Especial,SUDESTE,14.04,6.908019
,2023-07-15,34156,MERCADOS BRAGA,Consumidor Especial,SUDESTE,14.04,6.647303
,2023-07-16,34156,MERCADOS BRAGA,Consumidor Especial,SUDESTE,14.04,6.008999
,2023-07-17,34156,MERCADOS BRAGA,Consumidor Especial,SUDESTE,14.04,6.902153
,2023-07-18,34156,MERCADOS BRAGA,Consumidor Especial,SUDESTE,14.04,6.755882
,2023-07-19,34156,MERCADOS BRAGA,Consumidor Especial,SUDESTE,14.04,6.860082
,2023-07-20,34156,MERCADOS BRAGA,Consumidor Especial,SUDESTE,14.04,6.437729
,2023-07-21,34156,MERCADOS BRAGA,Consumidor Especial,SUDESTE,14.04,6.580497
,2023-07-22,34156,MERCADOS BRAGA,Consumidor Especial,SUDESTE,14.04,6.802944
,2023-07-23,34156,MERCADOS BRAGA,Consumidor Especial,SUDESTE,14.04,6.237332
,2023-07-24,34156,MERCADOS BRAGA,Consumidor Especial,SUDESTE,14.04,6.885585
,2023-07-25,34156,MERCADOS BRAGA,Consumidor Especial,SUDESTE,14.04,7.262117
,2023-07-26,34156,MERCADOS BRAGA,Consumidor Especial,SUDESTE,14.04,7.384618
,2023-07-27,34156,MERCADOS BRAGA,Consumidor Especial,SUDESTE,14.04,7.735178
,2023-07-28,34156,MERCADOS BRAGA,Consumidor Especial,SUDESTE,14.04,7.810201
,2023-07-29,34156,MERCADOS BRAGA,Consumidor Especial,SUDESTE,14.04,6.977751
,2023-07-30,34156,MERCADOS BRAGA,Consumidor Especial,SUDESTE,14.04,6.045454
,2023-07-31,34156,MERCADOS BRAGA,Consumidor Especial,SUDESTE,14.04,6.784569
,2023-08-01,34156,MERCADOS BRAGA,Consumidor Especial,SUDESTE,15.768,7.766938
,2023-08-02,34156,MERCADOS BRAGA,Consumidor Especial,SUDESTE,15.768,7.920706
,2023-08-03,34156,MERCADOS BRAGA,Consumidor Especial,SUDESTE,15.768,7.994053
,2023-08-04,34156,MERCADOS BRAGA,Consumidor Especial,SUDESTE,15.768,8.050772
,2023-08-05,34156,MERCADOS BRAGA,Consumidor Especial,SUDESTE,15.768,8.210085
,2023-08-06,34156,MERCADOS BRAGA,Consumidor Especial,SUDESTE,15.768,7.46909
,2023-08-07,34156,MERCADOS BRAGA,Consumidor Especial,SUDESTE,15.768,8.132514
,2023-08-08,34156,MERCADOS BRAGA,Consumidor Especial,SUDESTE,15.768,7.8058
,2023-08-09,34156,MERCADOS BRAGA,Consumidor Especial,SUDESTE,15.768,7.889412
,2023-08-10,34156,MERCADOS BRAGA,Consumidor Especial,SUDESTE,15.768,8.342271
,2023-08-11,34156,MERCADOS BRAGA,Consumidor Especial,SUDESTE,15.768,8.782718
,2023-08-12,34156,MERCADOS BRAGA,Consumidor Especial,SUDESTE,15.768,8.912894
,2023-08-13,34156,MERCADOS BRAGA,Consumidor Especial,SUDESTE,15.768,7.615839
,2023-08-14,34156,MERCADOS BRAGA,Consumidor Especial,SUDESTE,15.768,7.505584
,2023-08-15,34156,MERCADOS BRAGA,Consumidor Especial,SUDESTE,15.768,7.639894
,2023-08-16,34156,MERCADOS BRAGA,Consumidor Especial,SUDESTE,15.768,8.55937
,2023-08-17,34156,MERCADOS BRAGA,Consumidor Especial,SUDESTE,15.768,8.352186
,2023-08-18,34156,MERCADOS BRAGA,Consumidor Especial,SUDESTE,15.768,8.802677
,2023-08-19,34156,MERCADOS BRAGA,Consumidor Especial,SUDESTE,15.768,8.980726
,2023-08-20,34156,MERCADOS BRAGA,Consumidor Especial,SUDESTE,15.768,7.541652
,2023-08-21,34156,MERCADOS BRAGA,Consumidor Especial,SUDESTE,15.768,8.25979
,2023-08-22,34156,MERCADOS BRAGA,Consumidor Especial,SUDESTE,15.768,8.738291
,2023-08-23,34156,MERCADOS BRAGA,Consumidor Especial,SUDESTE,15.768,9.169119
,2023-08-24,34156,MERCADOS BRAGA,Consumidor Especial,SUDESTE,15.768,9.433495
,2023-08-25,34156,MERCADOS BRAGA,Consumidor Especial,SUDESTE,15.768,8.971758
,2023-08-26,34156,MERCADOS BRAGA,Consumidor Especial,SUDESTE,15.768,8.068955
,2023-08-27,34156,MERCADOS BRAGA,Consumidor Especial,SUDESTE,15.768,6.677995
,2023-08-28,34156,MERCADOS BRAGA,Consumidor Especial,SUDESTE,15.768,6.854098
,2023-08-29,34156,MERCADOS BRAGA,Consumidor Especial,SUDESTE,15.768,7.597556
,2023-08-30,34156,MERCADOS BRAGA,Consumidor Especial,SUDESTE,15.768,7.966445
,2023-08-31,34156,MERCADOS BRAGA,Consumidor Especial,SUDESTE,15.768,8.073765999999999
,2023-09-01,34156,MERCADOS BRAGA,Consumidor Especial,SUDESTE,15.768,8.492302
,2023-09-02,34156,MERCADOS BRAGA,Consumidor Especial,SUDESTE,15.768,8.853589
,2023-09-03,34156,MERCADOS BRAGA,Consumidor Especial,SUDESTE,15.768,8.158374
,2023-09-04,34156,MERCADOS BRAGA,Consumidor Especial,SUDESTE,15.768,9.683757
,2023-09-05,34156,MERCADOS BRAGA,Consumidor Especial,SUDESTE,15.768,9.366289
,2023-09-06,34156,MERCADOS BRAGA,Consumidor Especial,SUDESTE,15.768,8.684171
,2023-09-07,34156,MERCADOS BRAGA,Consumidor Especial,SUDESTE,15.768,7.548216
,2023-09-08,34156,MERCADOS BRAGA,Consumidor Especial,SUDESTE,15.768,8.820463
,2023-09-09,34156,MERCADOS BRAGA,Consumidor Especial,SUDESTE,15.768,9.037062
,2023-09-10,34156,MERCADOS BRAGA,Consumidor Especial,SUDESTE,15.768,7.811209
,2023-09-11,34156,MERCADOS BRAGA,Consumidor Especial,SUDESTE,15.768,8.828741
,2023-09-12,34156,MERCADOS BRAGA,Consumidor Especial,SUDESTE,15.768,9.116019
,2023-09-13,34156,MERCADOS BRAGA,Consumidor Especial,SUDESTE,15.768,9.944174
,2023-09-14,34156,MERCADOS BRAGA,Consumidor Especial,SUDESTE,15.768,9.655209
,2023-09-15,34156,MERCADOS BRAGA,Consumidor Especial,SUDESTE,15.768,8.156037
,2023-09-16,34156,MERCADOS BRAGA,Consumidor Especial,SUDESTE,15.768,8.487392
,2023-09-17,34156,MERCADOS BRAGA,Consumidor Especial,SUDESTE,15.768,8.279671
,2023-09-18,34156,MERCADOS BRAGA,Consumidor Especial,SUDESTE,15.768,9.331775
,2023-09-19,34156,MERCADOS BRAGA,Consumidor Especial,SUDESTE,15.768,9.721811
,2023-09-20,34156,MERCADOS BRAGA,Consumidor Especial,SUDESTE,15.768,9.823995
,2023-09-21,34156,MERCADOS BRAGA,Consumidor Especial,SUDESTE,15.768,9.478639
,2023-09-22,34156,MERCADOS BRAGA,Consumidor Especial,SUDESTE,15.768,9.915987
,2023-09-23,34156,MERCADOS BRAGA,Consumidor Especial,SUDESTE,15.768,10.074306
,2023-09-24,34156,MERCADOS BRAGA,Consumidor Especial,SUDESTE,15.768,8.921065
,2023-09-25,34156,MERCADOS BRAGA,Consumidor Especial,SUDESTE,15.768,9.840812
,2023-09-26,34156,MERCADOS BRAGA,Consumidor Especial,SUDESTE,15.768,10.196526
,2023-09-27,34156,MERCADOS BRAGA,Consumidor Especial,SUDESTE,15.768,10.714194
,2023-09-28,34156,MERCADOS BRAGA,Consumidor Especial,SUDESTE,15.768,8.642558
,2023-09-29,34156,MERCADOS BRAGA,Consumidor Especial,SUDESTE,15.768,8.619611
,2023-09-30,34156,MERCADOS BRAGA,Consumidor Especial,SUDESTE,15.768,8.822582
,2023-10-01,34156,MERCADOS BRAGA,Consumidor Especial,SUDESTE,15.768,7.568602
,2023-10-02,34156,MERCADOS BRAGA,Consumidor Especial,SUDESTE,15.768,8.213741
,2023-10-03,34156,MERCADOS BRAGA,Consumidor Especial,SUDESTE,15.768,8.322024
,2023-10-04,34156,MERCADOS BRAGA,Consumidor Especial,SUDESTE,15.768,9.846546
,2023-10-05,34156,MERCADOS BRAGA,Consumidor Especial,SUDESTE,15.768,9.499074
,2023-10-06,34156,MERCADOS BRAGA,Consumidor Especial,SUDESTE,15.768,10.26343
,2023-10-07,34156,MERCADOS BRAGA,Consumidor Especial,SUDESTE,15.768,10.739802
,2023-10-08,34156,MERCADOS BRAGA,Consumidor Especial,SUDESTE,15.768,8.802594
,2023-10-09,34156,MERCADOS BRAGA,Consumidor Especial,SUDESTE,15.768,9.803698
,2023-10-10,34156,MERCADOS BRAGA,Consumidor Especial,SUDESTE,15.768,9.428909
,2023-10-11,34156,MERCADOS BRAGA,Consumidor Especial,SUDESTE,15.768,10.128694
,2023-10-12,34156,MERCADOS BRAGA,Consumidor Especial,SUDESTE,15.768,9.184159
,2023-10-13,34156,MERCADOS BRAGA,Consumidor Especial,SUDESTE,15.768,9.260973
,2023-10-14,34156,MERCADOS BRAGA,Consumidor Especial,SUDESTE,15.768,8.677911
,2023-10-15,34156,MERCADOS BRAGA,Consumidor Especial,SUDESTE,15.768,7.84242
,2023-10-16,34156,MERCADOS BRAGA,Consumidor Especial,SUDESTE,15.768,7.287064
,2023-10-17,34156,MERCADOS BRAGA,Consumidor Especial,SUDESTE,15.768,10.11714
,2023-10-18,34156,MERCADOS BRAGA,Consumidor Especial,SUDESTE,15.768,9.775339
,2023-10-19,34156,MERCADOS BRAGA,Consumidor Especial,SUDESTE,15.768,8.355283
,2023-10-20,34156,MERCADOS BRAGA,Consumidor Especial,SUDESTE,15.768,8.645756
,2023-10-21,34156,MERCADOS BRAGA,Consumidor Especial,SUDESTE,15.768,8.512866
,2023-10-22,34156,MERCADOS BRAGA,Consumidor Especial,SUDESTE,15.768,7.525218
,2023-10-23,34156,MERCADOS BRAGA,Consumidor Especial,SUDESTE,15.768,9.497804
,2023-10-24,34156,MERCADOS BRAGA,Consumidor Especial,SUDESTE,15.768,10.241041
,2023-10-25,34156,MERCADOS BRAGA,Consumidor Especial,SUDESTE,15.768,9.732095
,2023-10-26,34156,MERCADOS BRAGA,Consumidor Especial,SUDESTE,15.768,9.093491
,2023-10-27,34156,MERCADOS BRAGA,Consumidor Especial,SUDESTE,15.768,9.527919
,2023-10-28,34156,MERCADOS BRAGA,Consumidor Especial,SUDESTE,15.768,9.816878
,2023-10-29,34156,MERCADOS BRAGA,Consumidor Especial,SUDESTE,15.768,8.800909
,2023-10-30,34156,MERCADOS BRAGA,Consumidor Especial,SUDESTE,15.768,10.315713
,2023-10-31,34156,MERCADOS BRAGA,Consumidor Especial,SUDESTE,15.768,10.675196
,2023-11-01,34156,MERCADOS BRAGA,Consumidor Especial,SUDESTE,15.768,10.048103
,2023-11-02,34156,MERCADOS BRAGA,Consumidor Especial,SUDESTE,15.768,8.363849
,2023-11-03,34156,MERCADOS BRAGA,Consumidor Especial,SUDESTE,15.768,10.35063
,2023-11-04,34156,MERCADOS BRAGA,Consumidor Especial,SUDESTE,15.768,9.714788
,2023-11-05,34156,MERCADOS BRAGA,Consumidor Especial,SUDESTE,15.768,8.098732
,2023-11-06,34156,MERCADOS BRAGA,Consumidor Especial,SUDESTE,15.768,8.880902
,2023-11-07,34156,MERCADOS BRAGA,Consumidor Especial,SUDESTE,15.768,9.113996
,2023-11-08,34156,MERCADOS BRAGA,Consumidor Especial,SUDESTE,15.768,9.726501
,2023-11-09,34156,MERCADOS BRAGA,Consumidor Especial,SUDESTE,15.768,10.240944
,2023-11-10,34156,MERCADOS BRAGA,Consumidor Especial,SUDESTE,15.768,10.44786
,2023-11-11,34156,MERCADOS BRAGA,Consumidor Especial,SUDESTE,15.768,10.701018
,2023-11-12,34156,MERCADOS BRAGA,Consumidor Especial,SUDESTE,15.768,9.253519
,2023-11-13,34156,MERCADOS BRAGA,Consumidor Especial,SUDESTE,15.768,11.006584
,2023-11-14,34156,MERCADOS BRAGA,Consumidor Especial,SUDESTE,15.768,11.428007
,2023-11-15,34156,MERCADOS BRAGA,Consumidor Especial,SUDESTE,15.768,10.507054
,2023-11-16,34156,MERCADOS BRAGA,Consumidor Especial,SUDESTE,15.768,11.167235
,2023-11-17,34156,MERCADOS BRAGA,Consumidor Especial,SUDESTE,15.768,11.457874
,2023-11-18,34156,MERCADOS BRAGA,Consumidor Especial,SUDESTE,15.768,11.160444
,2023-11-19,34156,MERCADOS BRAGA,Consumidor Especial,SUDESTE,15.768,7.857629
,2023-11-20,34156,MERCADOS BRAGA,Consumidor Especial,SUDESTE,15.768,8.401534999999999
,2023-11-21,34156,MERCADOS BRAGA,Consumidor Especial,SUDESTE,15.768,10.449192
,2023-11-22,34156,MERCADOS BRAGA,Consumidor Especial,SUDESTE,15.768,11.266351
,2023-11-23,34156,MERCADOS BRAGA,Consumidor Especial,SUDESTE,15.768,11.109417
,2023-11-24,34156,MERCADOS BRAGA,Consumidor Especial,SUDESTE,15.768,9.98566
,2023-11-25,34156,MERCADOS BRAGA,Consumidor Especial,SUDESTE,15.768,9.34965
,2023-11-26,34156,MERCADOS BRAGA,Consumidor Especial,SUDESTE,15.768,7.990604
,2023-11-27,34156,MERCADOS BRAGA,Consumidor Especial,SUDESTE,15.768,9.556508
,2023-11-28,34156,MERCADOS BRAGA,Consumidor Especial,SUDESTE,15.768,10.861686
,2023-11-29,34156,MERCADOS BRAGA,Consumidor Especial,SUDESTE,15.768,10.423679
,2023-11-30,34156,MERCADOS BRAGA,Consumidor Especial,SUDESTE,15.768,10.663621
,2023-12-01,34156,MERCADOS BRAGA,Consumidor Especial,SUDESTE,16.2,10.684882
,2023-12-02,34156,MERCADOS BRAGA,Consumidor Especial,SUDESTE,16.2,10.745873
,2023-12-03,34156,MERCADOS BRAGA,Consumidor Especial,SUDESTE,16.2,9.173586
,2023-12-04,34156,MERCADOS BRAGA,Consumidor Especial,SUDESTE,16.2,10.788899
,2023-12-05,34156,MERCADOS BRAGA,Consumidor Especial,SUDESTE,16.2,10.892814
,2023-12-06,34156,MERCADOS BRAGA,Consumidor Especial,SUDESTE,16.2,11.454918
,2023-12-07,34156,MERCADOS BRAGA,Consumidor Especial,SUDESTE,16.2,11.430966
,2023-12-08,34156,MERCADOS BRAGA,Consumidor Especial,SUDESTE,16.2,11.465691
,2023-12-09,34156,MERCADOS BRAGA,Consumidor Especial,SUDESTE,16.2,10.059069
,2023-12-10,34156,MERCADOS BRAGA,Consumidor Especial,SUDESTE,16.2,8.02439
,2023-12-11,34156,MERCADOS BRAGA,Consumidor Especial,SUDESTE,16.2,9.382207
,2023-12-12,34156,MERCADOS BRAGA,Consumidor Especial,SUDESTE,16.2,9.986893
,2023-12-13,34156,MERCADOS BRAGA,Consumidor Especial,SUDESTE,16.2,10.411524
,2023-12-14,34156,MERCADOS BRAGA,Consumidor Especial,SUDESTE,16.2,11.02804
,2023-12-15,34156,MERCADOS BRAGA,Consumidor Especial,SUDESTE,16.2,11.519278
,2023-12-16,34156,MERCADOS BRAGA,Consumidor Especial,SUDESTE,16.2,11.337332
,2023-12-17,34156,MERCADOS BRAGA,Consumidor Especial,SUDESTE,16.2,9.226514
,2023-12-18,34156,MERCADOS BRAGA,Consumidor Especial,SUDESTE,16.2,11.13973
,2023-12-19,34156,MERCADOS BRAGA,Consumidor Especial,SUDESTE,16.2,11.274079
,2023-12-20,34156,MERCADOS BRAGA,Consumidor Especial,SUDESTE,16.2,11.113375
,2023-12-21,34156,MERCADOS BRAGA,Consumidor Especial,SUDESTE,16.2,11.326256
,2023-12-22,34156,MERCADOS BRAGA,Consumidor Especial,SUDESTE,16.2,11.989926
,2023-12-23,34156,MERCADOS BRAGA,Consumidor Especial,SUDESTE,16.2,11.776502
,2023-12-24,34156,MERCADOS BRAGA,Consumidor Especial,SUDESTE,16.2,10.439645
,2023-12-25,34156,MERCADOS BRAGA,Consumidor Especial,SUDESTE,16.2,7.438682
,2023-12-26,34156,MERCADOS BRAGA,Consumidor Especial,SUDESTE,16.2,11.090458
,2023-12-27,34156,MERCADOS BRAGA,Consumidor Especial,SUDESTE,16.2,10.518032
,2023-12-28,34156,MERCADOS BRAGA,Consumidor Especial,SUDESTE,16.2,10.632809
,2023-12-29,34156,MERCADOS BRAGA,Consumidor Especial,SUDESTE,16.2,11.818565
,2023-12-30,34156,MERCADOS BRAGA,Consumidor Especial,SUDESTE,16.2,11.20477
,2023-12-31,34156,MERCADOS BRAGA,Consumidor Especial,SUDESTE,16.2,9.051116
,2024-01-01,34156,MERCADOS BRAGA,Consumidor Especial,SUDESTE,16.2,6.755667
,2024-01-02,34156,MERCADOS BRAGA,Consumidor Especial,SUDESTE,16.2,9.953773
,2024-01-03,34156,MERCADOS BRAGA,Consumidor Especial,SUDESTE,16.2,10.332253
,2024-01-04,34156,MERCADOS BRAGA,Consumidor Especial,SUDESTE,16.2,9.866957
,2024-01-05,34156,MERCADOS BRAGA,Consumidor Especial,SUDESTE,16.2,9.917477
,2024-01-06,34156,MERCADOS BRAGA,Consumidor Especial,SUDESTE,16.2,10.065808
,2024-01-07,34156,MERCADOS BRAGA,Consumidor Especial,SUDESTE,16.2,8.864279
,2024-01-08,34156,MERCADOS BRAGA,Consumidor Especial,SUDESTE,16.2,11.122296
,2024-01-09,34156,MERCADOS BRAGA,Consumidor Especial,SUDESTE,16.2,11.431155
,2024-01-10,34156,MERCADOS BRAGA,Consumidor Especial,SUDESTE,16.2,12.026962
,2024-01-11,34156,MERCADOS BRAGA,Consumidor Especial,SUDESTE,16.2,11.685795
,2024-01-12,34156,MERCADOS BRAGA,Consumidor Especial,SUDESTE,16.2,11.763853
,2024-01-13,34156,MERCADOS BRAGA,Consumidor Especial,SUDESTE,16.2,10.880943
,2024-01-14,34156,MERCADOS BRAGA,Consumidor Especial,SUDESTE,16.2,8.93402
,2024-01-15,34156,MERCADOS BRAGA,Consumidor Especial,SUDESTE,16.2,11.155759
,2024-01-16,34156,MERCADOS BRAGA,Consumidor Especial,SUDESTE,16.2,11.55944
,2024-01-17,34156,MERCADOS BRAGA,Consumidor Especial,SUDESTE,16.2,11.868881
,2024-01-18,34156,MERCADOS BRAGA,Consumidor Especial,SUDESTE,16.2,11.734074
,2024-01-19,34156,MERCADOS BRAGA,Consumidor Especial,SUDESTE,16.2,11.262532
,2024-01-20,34156,MERCADOS BRAGA,Consumidor Especial,SUDESTE,16.2,10.871185
,2024-01-21,34156,MERCADOS BRAGA,Consumidor Especial,SUDESTE,16.2,9.172257
,2024-01-22,34156,MERCADOS BRAGA,Consumidor Especial,SUDESTE,16.2,10.630485
,2024-01-23,34156,MERCADOS BRAGA,Consumidor Especial,SUDESTE,16.2,9.562087
,2024-01-24,34156,MERCADOS BRAGA,Consumidor Especial,SUDESTE,16.2,9.40242
,2024-01-25,34156,MERCADOS BRAGA,Consumidor Especial,SUDESTE,16.2,9.84867
,2024-01-26,34156,MERCADOS BRAGA,Consumidor Especial,SUDESTE,16.2,9.335372
,2024-01-27,34156,MERCADOS BRAGA,Consumidor Especial,SUDESTE,16.2,9.507419
,2024-01-28,34156,MERCADOS BRAGA,Consumidor Especial,SUDESTE,16.2,8.533663
,2024-01-29,34156,MERCADOS BRAGA,Consumidor Especial,SUDESTE,16.2,10.401993
,2024-01-30,34156,MERCADOS BRAGA,Consumidor Especial,SUDESTE,16.2,11.277973
,2024-01-31,34156,MERCADOS BRAGA,Consumidor Especial,SUDESTE,16.2,11.035231
,2024-02-01,34156,MERCADOS BRAGA,Consumidor Especial,SUDESTE,16.2,10.534492
,2024-02-02,34156,MERCADOS BRAGA,Consumidor Especial,SUDESTE,16.2,10.807032
,2024-02-03,34156,MERCADOS BRAGA,Consumidor Especial,SUDESTE,16.2,10.864487
,2024-02-04,34156,MERCADOS BRAGA,Consumidor Especial,SUDESTE,16.2,9.408347
,2024-02-05,34156,MERCADOS BRAGA,Consumidor Especial,SUDESTE,16.2,10.877158
,2024-02-06,34156,MERCADOS BRAGA,Consumidor Especial,SUDESTE,16.2,11.176939
,2024-02-07,34156,MERCADOS BRAGA,Consumidor Especial,SUDESTE,16.2,11.290777
,2024-02-08,34156,MERCADOS BRAGA,Consumidor Especial,SUDESTE,16.2,11.503264
,2024-02-09,34156,MERCADOS BRAGA,Consumidor Especial,SUDESTE,16.2,11.492188
,2024-02-10,34156,MERCADOS BRAGA,Consumidor Especial,SUDESTE,16.2,11.493631
,2024-02-11,34156,MERCADOS BRAGA,Consumidor Especial,SUDESTE,16.2,9.569218
,2024-02-12,34156,MERCADOS BRAGA,Consumidor Especial,SUDESTE,16.2,11.246976
,2024-02-13,34156,MERCADOS BRAGA,Consumidor Especial,SUDESTE,16.2,9.97791
,2024-02-14,34156,MERCADOS BRAGA,Consumidor Especial,SUDESTE,16.2,11.456842
,2024-02-15,34156,MERCADOS BRAGA,Consumidor Especial,SUDESTE,16.2,10.385243
,2024-02-16,34156,MERCADOS BRAGA,Consumidor Especial,SUDESTE,16.2,10.360095
,2024-02-17,34156,MERCADOS BRAGA,Consumidor Especial,SUDESTE,16.2,10.720902
,2024-02-18,34156,MERCADOS BRAGA,Consumidor Especial,SUDESTE,16.2,9.276134
,2024-02-19,34156,MERCADOS BRAGA,Consumidor Especial,SUDESTE,16.2,11.006497
,2024-02-20,34156,MERCADOS BRAGA,Consumidor Especial,SUDESTE,16.2,10.823632
,2024-02-21,34156,MERCADOS BRAGA,Consumidor Especial,SUDESTE,16.2,11.160805
,2024-02-22,34156,MERCADOS BRAGA,Consumidor Especial,SUDESTE,16.2,10.886624
,2024-02-23,34156,MERCADOS BRAGA,Consumidor Especial,SUDESTE,16.2,11.574015
,2024-02-24,34156,MERCADOS BRAGA,Consumidor Especial,SUDESTE,16.2,11.551743
,2024-02-25,34156,MERCADOS BRAGA,Consumidor Especial,SUDESTE,16.2,9.772829
,2024-02-26,34156,MERCADOS BRAGA,Consumidor Especial,SUDESTE,16.2,11.032884
,2024-02-27,34156,MERCADOS BRAGA,Consumidor Especial,SUDESTE,16.2,10.546704
,2024-02-28,34156,MERCADOS BRAGA,Consumidor Especial,SUDESTE,16.2,11.986766
,2024-02-29,34156,MERCADOS BRAGA,Consumidor Especial,SUDESTE,16.2,11.591902
202403.0,2024-03-01,34156,MERCADOS BRAGA,Consumidor Especial,SUDESTE,16.608,11.582711
202403.0,2024-03-02,34156,MERCADOS BRAGA,Consumidor Especial,SUDESTE,16.608,11.202771
202403.0,2024-03-03,34156,MERCADOS BRAGA,Consumidor Especial,SUDESTE,16.608,9.351319
202403.0,2024-03-04,34156,MERCADOS BRAGA,Consumidor Especial,SUDESTE,16.608,11.097265
202403.0,2024-03-05,34156,MERCADOS BRAGA,Consumidor Especial,SUDESTE,16.608,11.596611
202403.0,2024-03-06,34156,MERCADOS BRAGA,Consumidor Especial,SUDESTE,16.608,11.194702
202403.0,2024-03-07,34156,MERCADOS BRAGA,Consumidor Especial,SUDESTE,16.608,10.748704
202403.0,2024-03-08,34156,MERCADOS BRAGA,Consumidor Especial,SUDESTE,16.608,11.285437
202403.0,2024-03-09,34156,MERCADOS BRAGA,Consumidor Especial,SUDESTE,16.608,11.337735
202403.0,2024-03-10,34156,MERCADOS BRAGA,Consumidor Especial,SUDESTE,16.608,8.962563
202403.0,2024-03-11,34156,MERCADOS BRAGA,Consumidor Especial,SUDESTE,16.608,11.07144
202403.0,2024-03-12,34156,MERCADOS BRAGA,Consumidor Especial,SUDESTE,16.608,10.780472
202403.0,2024-03-13,34156,MERCADOS BRAGA,Consumidor Especial,SUDESTE,16.608,11.054373
202403.0,2024-03-14,34156,MERCADOS BRAGA,Consumidor Especial,SUDESTE,16.608,11.200537
202403.0,2024-03-15,34156,MERCADOS BRAGA,Consumidor Especial,SUDESTE,16.608,11.834147
202403.0,2024-03-16,34156,MERCADOS BRAGA,Consumidor Especial,SUDESTE,16.608,11.936491
202403.0,2024-03-17,34156,MERCADOS BRAGA,Consumidor Especial,SUDESTE,16.608,9.500967
202403.0,2024-03-18,34156,MERCADOS BRAGA,Consumidor Especial,SUDESTE,16.608,11.720245
202403.0,2024-03-19,34156,MERCADOS BRAGA,Consumidor Especial,SUDESTE,16.608,11.909342
202403.0,2024-03-20,34156,MERCADOS BRAGA,Consumidor Especial,SUDESTE,16.608,11.970745
202403.0,2024-03-21,34156,MERCADOS BRAGA,Consumidor Especial,SUDESTE,16.608,11.899428
202403.0,2024-03-22,34156,MERCADOS BRAGA,Consumidor Especial,SUDESTE,16.608,10.893926
202403.0,2024-03-23,34156,MERCADOS BRAGA,Consumidor Especial,SUDESTE,16.608,9.927806
202403.0,2024-03-24,34156,MERCADOS BRAGA,Consumidor Especial,SUDESTE,16.608,8.286135
202403.0,2024-03-25,34156,MERCADOS BRAGA,Consumidor Especial,SUDESTE,16.608,9.884317
202403.0,2024-03-26,34156,MERCADOS BRAGA,Consumidor Especial,SUDESTE,16.608,9.906361
202403.0,2024-03-27,34156,MERCADOS BRAGA,Consumidor Especial,SUDESTE,16.608,9.916194
202403.0,2024-03-28,34156,MERCADOS BRAGA,Consumidor Especial,SUDESTE,16.608,10.022746
202403.0,2024-03-29,34156,MERCADOS BRAGA,Consumidor Especial,SUDESTE,16.608,8.708904
202403.0,2024-03-30,34156,MERCADOS BRAGA,Consumidor Especial,SUDESTE,16.608,10.546611
202403.0,2024-03-31,34156,MERCADOS BRAGA,Consumidor Especial,SUDESTE,16.608,8.811697
202404.0,2024-04-01,34156,MERCADOS BRAGA,Consumidor Especial,SUDESTE,16.608,9.294077
202404.0,2024-04-02,34156,MERCADOS BRAGA,Consumidor Especial,SUDESTE,16.608,10.453368
202404.0,2024-04-03,34156,MERCADOS BRAGA,Consumidor Especial,SUDESTE,16.608,10.324996
202404.0,2024-04-04,34156,MERCADOS BRAGA,Consumidor Especial,SUDESTE,16.608,10.694199
202404.0,2024-04-05,34156,MERCADOS BRAGA,Consumidor Especial,SUDESTE,16.608,10.239313
202404.0,2024-04-06,34156,MERCADOS BRAGA,Consumidor Especial,SUDESTE,16.608,10.190094
202404.0,2024-04-07,34156,MERCADOS BRAGA,Consumidor Especial,SUDESTE,16.608,8.223159
202404.0,2024-04-08,34156,MERCADOS BRAGA,Consumidor Especial,SUDESTE,16.608,9.687343
202404.0,2024-04-09,34156,MERCADOS BRAGA,Consumidor Especial,SUDESTE,16.608,10.8507
202404.0,2024-04-10,34156,MERCADOS BRAGA,Consumidor Especial,SUDESTE,16.608,10.747478
202404.0,2024-04-11,34156,MERCADOS BRAGA,Consumidor Especial,SUDESTE,16.608,10.732578
202404.0,2024-04-12,34156,MERCADOS BRAGA,Consumidor Especial,SUDESTE,16.608,10.673036
202404.0,2024-04-13,34156,MERCADOS BRAGA,Consumidor Especial,SUDESTE,16.608,10.814179
202404.0,2024-04-14,34156,MERCADOS BRAGA,Consumidor Especial,SUDESTE,16.608,9.027132
202404.0,2024-04-15,34156,MERCADOS BRAGA,Consumidor Especial,SUDESTE,16.608,10.498864
202404.0,2024-04-16,34156,MERCADOS BRAGA,Consumidor Especial,SUDESTE,16.608,10.836876
202404.0,2024-04-17,34156,MERCADOS BRAGA,Consumidor Especial,SUDESTE,16.608,11.145557
202404.0,2024-04-18,34156,MERCADOS BRAGA,Consumidor Especial,SUDESTE,16.608,9.702389
202404.0,2024-04-19,34156,MERCADOS BRAGA,Consumidor Especial,SUDESTE,16.608,9.402494
202404.0,2024-04-20,34156,MERCADOS BRAGA,Consumidor Especial,SUDESTE,16.608,9.614149
202404.0,2024-04-21,34156,MERCADOS BRAGA,Consumidor Especial,SUDESTE,16.608,8.244393
202404.0,2024-04-22,34156,MERCADOS BRAGA,Consumidor Especial,SUDESTE,16.608,9.664332
202404.0,2024-04-23,34156,MERCADOS BRAGA,Consumidor Especial,SUDESTE,16.608,8.470583
202404.0,2024-04-24,34156,MERCADOS BRAGA,Consumidor Especial,SUDESTE,16.608,10.520238
202404.0,2024-04-25,34156,MERCADOS BRAGA,Consumidor Especial,SUDESTE,16.608,10.354106
202404.0,2024-04-26,34156,MERCADOS BRAGA,Consumidor Especial,SUDESTE,16.608,10.356092
202404.0,2024-04-27,34156,MERCADOS BRAGA,Consumidor Especial,SUDESTE,16.608,10.508963
202404.0,2024-04-28,34156,MERCADOS BRAGA,Consumidor Especial,SUDESTE,16.608,9.037868
202404.0,2024-04-29,34156,MERCADOS BRAGA,Consumidor Especial,SUDESTE,16.608,10.511001
202404.0,2024-04-30,34156,MERCADOS BRAGA,Consumidor Especial,SUDESTE,16.608,11.099668
202405.0,2024-05-01,34156,MERCADOS BRAGA,Consumidor Especial,SUDESTE,16.608,10.350998
202405.0,2024-05-02,34156,MERCADOS BRAGA,Consumidor Especial,SUDESTE,16.608,11.317988
202405.0,2024-05-03,34156,MERCADOS BRAGA,Consumidor Especial,SUDESTE,16.608,10.757668
202405.0,2024-05-04,34156,MERCADOS BRAGA,Consumidor Especial,SUDESTE,16.608,10.929935
202405.0,2024-05-05,34156,MERCADOS BRAGA,Consumidor Especial,SUDESTE,16.608,9.258172
202405.0,2024-05-06,34156,MERCADOS BRAGA,Consumidor Especial,SUDESTE,16.608,10.577317
202405.0,2024-05-07,34156,MERCADOS BRAGA,Consumidor Especial,SUDESTE,16.608,10.697607
202405.0,2024-05-08,34156,MERCADOS BRAGA,Consumidor Especial,SUDESTE,16.608,10.99965
202405.0,2024-05-09,34156,MERCADOS BRAGA,Consumidor Especial,SUDESTE,16.608,10.873337
202405.0,2024-05-10,34156,MERCADOS BRAGA,Consumidor Especial,SUDESTE,16.608,10.77269
202405.0,2024-05-11,34156,MERCADOS BRAGA,Consumidor Especial,SUDESTE,16.608,10.716451
202405.0,2024-05-12,34156,MERCADOS BRAGA,Consumidor Especial,SUDESTE,16.608,9.158406
202405.0,2024-05-13,34156,MERCADOS BRAGA,Consumidor Especial,SUDESTE,16.608,10.789766
202405.0,2024-05-14,34156,MERCADOS BRAGA,Consumidor Especial,SUDESTE,16.608,10.15779
202405.0,2024-05-15,34156,MERCADOS BRAGA,Consumidor Especial,SUDESTE,16.608,9.932205
202405.0,2024-05-16,34156,MERCADOS BRAGA,Consumidor Especial,SUDESTE,16.608,9.589875
202405.0,2024-05-17,34156,MERCADOS BRAGA,Consumidor Especial,SUDESTE,16.608,10.408325
202405.0,2024-05-18,34156,MERCADOS BRAGA,Consumidor Especial,SUDESTE,16.608,10.308152
202405.0,2024-05-19,34156,MERCADOS BRAGA,Consumidor Especial,SUDESTE,16.608,8.43204
202405.0,2024-05-20,34156,MERCADOS BRAGA,Consumidor Especial,SUDESTE,16.608,10.052553
202405.0,2024-05-21,34156,MERCADOS BRAGA,Consumidor Especial,SUDESTE,16.608,9.517632
202405.0,2024-05-22,34156,MERCADOS BRAGA,Consumidor Especial,SUDESTE,16.608,10.289865
202405.0,2024-05-23,34156,MERCADOS BRAGA,Consumidor Especial,SUDESTE,16.608,10.01503
202405.0,2024-05-24,34156,MERCADOS BRAGA,Consumidor Especial,SUDESTE,16.608,9.983763
202405.0,2024-05-25,34156,MERCADOS BRAGA,Consumidor Especial,SUDESTE,16.608,9.341841
202405.0,2024-05-26,34156,MERCADOS BRAGA,Consumidor Especial,SUDESTE,16.608,7.602045
202405.0,2024-05-27,34156,MERCADOS BRAGA,Consumidor Especial,SUDESTE,16.608,8.223423
202405.0,2024-05-28,34156,MERCADOS BRAGA,Consumidor Especial,SUDESTE,16.608,9.267271
202405.0,2024-05-29,34156,MERCADOS BRAGA,Consumidor Especial,SUDESTE,16.608,8.870203
202405.0,2024-05-30,34156,MERCADOS BRAGA,Consumidor Especial,SUDESTE,16.608,7.989343
202405.0,2024-05-31,34156,MERCADOS BRAGA,Consumidor Especial,SUDESTE,16.608,8.507248
202406.0,2024-06-01,34156,MERCADOS BRAGA,Consumidor Especial,SUDESTE,16.608,8.608605
202406.0,2024-06-02,34156,MERCADOS BRAGA,Consumidor Especial,SUDESTE,16.608,7.740122
202406.0,2024-06-03,34156,MERCADOS BRAGA,Consumidor Especial,SUDESTE,16.608,8.801439
202406.0,2024-06-04,34156,MERCADOS BRAGA,Consumidor Especial,SUDESTE,16.608,9.310626
202406.0,2024-06-05,34156,MERCADOS BRAGA,Consumidor Especial,SUDESTE,16.608,8.876148
202406.0,2024-06-06,34156,MERCADOS BRAGA,Consumidor Especial,SUDESTE,16.608,8.927772
202406.0,2024-06-07,34156,MERCADOS BRAGA,Consumidor Especial,SUDESTE,16.608,9.364007
202406.0,2024-06-08,34156,MERCADOS BRAGA,Consumidor Especial,SUDESTE,16.608,9.299471
202406.0,2024-06-09,34156,MERCADOS BRAGA,Consumidor Especial,SUDESTE,16.608,8.095947
202406.0,2024-06-10,34156,MERCADOS BRAGA,Consumidor Especial,SUDESTE,16.608,9.362758
202406.0,2024-06-11,34156,MERCADOS BRAGA,Consumidor Especial,SUDESTE,16.608,9.300124
202406.0,2024-06-12,34156,MERCADOS BRAGA,Consumidor Especial,SUDESTE,16.608,9.605556
202406.0,2024-06-13,34156,MERCADOS BRAGA,Consumidor Especial,SUDESTE,16.608,9.026032
202406.0,2024-06-14,34156,MERCADOS BRAGA,Consumidor Especial,SUDESTE,16.608,9.234726
202406.0,2024-06-15,34156,MERCADOS BRAGA,Consumidor Especial,SUDESTE,16.608,9.473642
202406.0,2024-06-16,34156,MERCADOS BRAGA,Consumidor Especial,SUDESTE,16.608,8.152286
202406.0,2024-06-17,34156,MERCADOS BRAGA,Consumidor Especial,SUDESTE,16.608,9.43813
202406.0,2024-06-18,34156,MERCADOS BRAGA,Consumidor Especial,SUDESTE,16.608,9.570736
202406.0,2024-06-19,34156,MERCADOS BRAGA,Consumidor Especial,SUDESTE,16.608,9.736675
202406.0,2024-06-20,34156,MERCADOS BRAGA,Consumidor Especial,SUDESTE,16.608,9.290329
202406.0,2024-06-21,34156,MERCADOS BRAGA,Consumidor Especial,SUDESTE,16.608,9.301572
202406.0,2024-06-22,34156,MERCADOS BRAGA,Consumidor Especial,SUDESTE,16.608,9.488102
202406.0,2024-06-23,34156,MERCADOS BRAGA,Consumidor Especial,SUDESTE,16.608,8.322791
202406.0,2024-06-24,34156,MERCADOS BRAGA,Consumidor Especial,SUDESTE,16.608,9.724107
202406.0,2024-06-25,34156,MERCADOS BRAGA,Consumidor Especial,SUDESTE,16.608,9.706589
202406.0,2024-06-26,34156,MERCADOS BRAGA,Consumidor Especial,SUDESTE,16.608,10.145823
202406.0,2024-06-27,34156,MERCADOS BRAGA,Consumidor Especial,SUDESTE,16.608,9.453317
202406.0,2024-06-28,34156,MERCADOS BRAGA,Consumidor Especial,SUDESTE,16.608,10.184791
202406.0,2024-06-29,34156,MERCADOS BRAGA,Consumidor Especial,SUDESTE,16.608,9.737816
202406.0,2024-06-30,34156,MERCADOS BRAGA,Consumidor Especial,SUDESTE,16.608,7.669702
202407.0,2024-07-01,34156,MERCADOS BRAGA,Consumidor Especial,SUDESTE,16.608,8.192912
202407.0,2024-07-02,34156,MERCADOS BRAGA,Consumidor Especial,SUDESTE,16.608,8.46629
202407.0,2024-07-03,34156,MERCADOS BRAGA,Consumidor Especial,SUDESTE,16.608,9.401351
202407.0,2024-07-04,34156,MERCADOS BRAGA,Consumidor Especial,SUDESTE,16.608,9.368541
202407.0,2024-07-05,34156,MERCADOS BRAGA,Consumidor Especial,SUDESTE,16.608,9.244937
202407.0,2024-07-06,34156,MERCADOS BRAGA,Consumidor Especial,SUDESTE,16.608,9.123433
202407.0,2024-07-07,34156,MERCADOS BRAGA,Consumidor Especial,SUDESTE,16.608,8.147362
202407.0,2024-07-08,34156,MERCADOS BRAGA,Consumidor Especial,SUDESTE,16.608,8.661125
202407.0,2024-07-09,34156,MERCADOS BRAGA,Consumidor Especial,SUDESTE,16.608,8.719578
202407.0,2024-07-10,34156,MERCADOS BRAGA,Consumidor Especial,SUDESTE,16.608,9.363172
202407.0,2024-07-11,34156,MERCADOS BRAGA,Consumidor Especial,SUDESTE,16.608,9.138636
202407.0,2024-07-12,34156,MERCADOS BRAGA,Consumidor Especial,SUDESTE,16.608,8.945805
202407.0,2024-07-13,34156,MERCADOS BRAGA,Consumidor Especial,SUDESTE,16.608,8.745057
202407.0,2024-07-14,34156,MERCADOS BRAGA,Consumidor Especial,SUDESTE,16.608,7.48282
202407.0,2024-07-15,34156,MERCADOS BRAGA,Consumidor Especial,SUDESTE,16.608,8.4793
202407.0,2024-07-16,34156,MERCADOS BRAGA,Consumidor Especial,SUDESTE,16.608,8.776687
202407.0,2024-07-17,34156,MERCADOS BRAGA,Consumidor Especial,SUDESTE,16.608,9.070023
202407.0,2024-07-18,34156,MERCADOS BRAGA,Consumidor Especial,SUDESTE,16.608,8.667636
202407.0,2024-07-19,34156,MERCADOS BRAGA,Consumidor Especial,SUDESTE,16.608,8.685131
202407.0,2024-07-20,34156,MERCADOS BRAGA,Consumidor Especial,SUDESTE,16.608,8.380592
202407.0,2024-07-21,34156,MERCADOS BRAGA,Consumidor Especial,SUDESTE,16.608,7.581923
202407.0,2024-07-22,34156,MERCADOS BRAGA,Consumidor Especial,SUDESTE,16.608,8.484669
202407.0,2024-07-23,34156,MERCADOS BRAGA,Consumidor Especial,SUDESTE,16.608,8.468059
202407.0,2024-07-24,34156,MERCADOS BRAGA,Consumidor Especial,SUDESTE,16.608,8.774801
202407.0,2024-07-25,34156,MERCADOS BRAGA,Consumidor Especial,SUDESTE,16.608,8.699579
202407.0,2024-07-26,34156,MERCADOS BRAGA,Consumidor Especial,SUDESTE,16.608,9.012748
202407.0,2024-07-27,34156,MERCADOS BRAGA,Consumidor Especial,SUDESTE,16.608,9.181325
202407.0,2024-07-28,34156,MERCADOS BRAGA,Consumidor Especial,SUDESTE,16.608,8.099088
202407.0,2024-07-29,34156,MERCADOS BRAGA,Consumidor Especial,SUDESTE,16.608,9.005264
202407.0,2024-07-30,34156,MERCADOS BRAGA,Consumidor Especial,SUDESTE,16.608,8.559844
202407.0,2024-07-31,34156,MERCADOS BRAGA,Consumidor Especial,SUDESTE,16.608,8.807387
202408.0,2024-08-01,34156,MERCADOS BRAGA,Consumidor Especial,SUDESTE,16.608,8.913703
202408.0,2024-08-02,34156,MERCADOS BRAGA,Consumidor Especial,SUDESTE,16.608,9.14897
202408.0,2024-08-03,34156,MERCADOS BRAGA,Consumidor Especial,SUDESTE,16.608,9.464889
202408.0,2024-08-04,34156,MERCADOS BRAGA,Consumidor Especial,SUDESTE,16.608,8.568063
202408.0,2024-08-05,34156,MERCADOS BRAGA,Consumidor Especial,SUDESTE,16.608,9.827742
202408.0,2024-08-06,34156,MERCADOS BRAGA,Consumidor Especial,SUDESTE,16.608,10.154081
202408.0,2024-08-07,34156,MERCADOS BRAGA,Consumidor Especial,SUDESTE,16.608,10.185551
202408.0,2024-08-08,34156,MERCADOS BRAGA,Consumidor Especial,SUDESTE,16.608,10.147111
202408.0,2024-08-09,34156,MERCADOS BRAGA,Consumidor Especial,SUDESTE,16.608,10.021153
202408.0,2024-08-10,34156,MERCADOS BRAGA,Consumidor Especial,SUDESTE,16.608,8.441859
202408.0,2024-08-11,34156,MERCADOS BRAGA,Consumidor Especial,SUDESTE,16.608,7.098814
202408.0,2024-08-12,34156,MERCADOS BRAGA,Consumidor Especial,SUDESTE,16.608,7.690676
202408.0,2024-08-13,34156,MERCADOS BRAGA,Consumidor Especial,SUDESTE,16.608,7.71333
202408.0,2024-08-14,34156,MERCADOS BRAGA,Consumidor Especial,SUDESTE,16.608,8.258262
202408.0,2024-08-15,34156,MERCADOS BRAGA,Consumidor Especial,SUDESTE,16.608,8.705132
202408.0,2024-08-16,34156,MERCADOS BRAGA,Consumidor Especial,SUDESTE,16.608,9.34642
202408.0,2024-08-17,34156,MERCADOS BRAGA,Consumidor Especial,SUDESTE,16.608,9.51068
202408.0,2024-08-18,34156,MERCADOS BRAGA,Consumidor Especial,SUDESTE,16.608,8.203207
202408.0,2024-08-19,34156,MERCADOS BRAGA,Consumidor Especial,SUDESTE,16.608,9.463665
202408.0,2024-08-20,34156,MERCADOS BRAGA,Consumidor Especial,SUDESTE,16.608,9.379944
202408.0,2024-08-21,34156,MERCADOS BRAGA,Consumidor Especial,SUDESTE,16.608,9.617324
202408.0,2024-08-22,34156,MERCADOS BRAGA,Consumidor Especial,SUDESTE,16.608,9.842227
202408.0,2024-08-23,34156,MERCADOS BRAGA,Consumidor Especial,SUDESTE,16.608,10.425821
202408.0,2024-08-24,34156,MERCADOS BRAGA,Consumidor Especial,SUDESTE,16.608,9.894815
202408.0,2024-08-25,34156,MERCADOS BRAGA,Consumidor Especial,SUDESTE,16.608,7.87843
202408.0,2024-08-26,34156,MERCADOS BRAGA,Consumidor Especial,SUDESTE,16.608,7.755015
202408.0,2024-08-27,34156,MERCADOS BRAGA,Consumidor Especial,SUDESTE,16.608,7.740094
202408.0,2024-08-28,34156,MERCADOS BRAGA,Consumidor Especial,SUDESTE,16.608,8.281918
202408.0,2024-08-29,34156,MERCADOS BRAGA,Consumidor Especial,SUDESTE,16.608,8.555579
202408.0,2024-08-30,34156,MERCADOS BRAGA,Consumidor Especial,SUDESTE,16.608,8.994795
202408.0,2024-08-31,34156,MERCADOS BRAGA,Consumidor Especial,SUDESTE,16.608,9.183125
202409.0,2024-09-01,34156,MERCADOS BRAGA,Consumidor Especial,SUDESTE,16.608,8.395142
202409.0,2024-09-02,34156,MERCADOS BRAGA,Consumidor Especial,SUDESTE,16.608,9.26537
202409.0,2024-09-03,34156,MERCADOS BRAGA,Consumidor Especial,SUDESTE,16.608,9.280333
202409.0,2024-09-04,34156,MERCADOS BRAGA,Consumidor Especial,SUDESTE,16.608,9.824234
202409.0,2024-09-05,34156,MERCADOS BRAGA,Consumidor Especial,SUDESTE,16.608,9.34713
202409.0,2024-09-06,34156,MERCADOS BRAGA,Consumidor Especial,SUDESTE,16.608,9.127097
202409.0,2024-09-07,34156,MERCADOS BRAGA,Consumidor Especial,SUDESTE,16.608,8.780885
202409.0,2024-09-08,34156,MERCADOS BRAGA,Consumidor Especial,SUDESTE,16.608,8.391142
202409.0,2024-09-09,34156,MERCADOS BRAGA,Consumidor Especial,SUDESTE,16.608,9.819621
202409.0,2024-09-10,34156,MERCADOS BRAGA,Consumidor Especial,SUDESTE,16.608,10.230136
202409.0,2024-09-11,34156,MERCADOS BRAGA,Consumidor Especial,SUDESTE,16.608,10.902659
202409.0,2024-09-12,34156,MERCADOS BRAGA,Consumidor Especial,SUDESTE,16.608,10.539239
202409.0,2024-09-13,34156,MERCADOS BRAGA,Consumidor Especial,SUDESTE,16.608,10.800059
202409.0,2024-09-14,34156,MERCADOS BRAGA,Consumidor Especial,SUDESTE,16.608,10.355473
202409.0,2024-09-15,34156,MERCADOS BRAGA,Consumidor Especial,SUDESTE,16.608,8.363835
202409.0,2024-09-16,34156,MERCADOS BRAGA,Consumidor Especial,SUDESTE,16.608,9.602282
202409.0,2024-09-17,34156,MERCADOS BRAGA,Consumidor Especial,SUDESTE,16.608,9.12789
202409.0,2024-09-18,34156,MERCADOS BRAGA,Consumidor Especial,SUDESTE,16.608,9.354567
202409.0,2024-09-19,34156,MERCADOS BRAGA,Consumidor Especial,SUDESTE,16.608,9.41085
202409.0,2024-09-20,34156,MERCADOS BRAGA,Consumidor Especial,SUDESTE,16.608,9.972632
202409.0,2024-09-21,34156,MERCADOS BRAGA,Consumidor Especial,SUDESTE,16.608,10.056315
202409.0,2024-09-22,34156,MERCADOS BRAGA,Consumidor Especial,SUDESTE,16.608,8.668693
202409.0,2024-09-23,34156,MERCADOS BRAGA,Consumidor Especial,SUDESTE,16.608,10.223442
202409.0,2024-09-24,34156,MERCADOS BRAGA,Consumidor Especial,SUDESTE,16.608,10.425724
202409.0,2024-09-25,34156,MERCADOS BRAGA,Consumidor Especial,SUDESTE,16.608,11.10276
202409.0,2024-09-26,34156,MERCADOS BRAGA,Consumidor Especial,SUDESTE,16.608,10.978216
202409.0,2024-09-27,34156,MERCADOS BRAGA,Consumidor Especial,SUDESTE,16.608,10.607536
202409.0,2024-09-28,34156,MERCADOS BRAGA,Consumidor Especial,SUDESTE,16.608,9.699754
202409.0,2024-09-29,34156,MERCADOS BRAGA,Consumidor Especial,SUDESTE,16.608,8.490406
202409.0,2024-09-30,34156,MERCADOS BRAGA,Consumidor Especial,SUDESTE,16.608,9.734601
202410.0,2024-10-01,34156,MERCADOS BRAGA,Consumidor Especial,SUDESTE,16.608,10.48375
202410.0,2024-10-02,34156,MERCADOS BRAGA,Consumidor Especial,SUDESTE,16.608,10.922575
202410.0,2024-10-03,34156,MERCADOS BRAGA,Consumidor Especial,SUDESTE,16.608,10.217577
202410.0,2024-10-04,34156,MERCADOS BRAGA,Consumidor Especial,SUDESTE,16.608,9.382679
202410.0,2024-10-05,34156,MERCADOS BRAGA,Consumidor Especial,SUDESTE,16.608,9.143523
202410.0,2024-10-06,34156,MERCADOS BRAGA,Consumidor Especial,SUDESTE,16.608,8.112039
202410.0,2024-10-07,34156,MERCADOS BRAGA,Consumidor Especial,SUDESTE,16.608,9.289408
202410.0,2024-10-08,34156,MERCADOS BRAGA,Consumidor Especial,SUDESTE,16.608,9.955396
202410.0,2024-10-09,34156,MERCADOS BRAGA,Consumidor Especial,SUDESTE,16.608,10.060461
202410.0,2024-10-10,34156,MERCADOS BRAGA,Consumidor Especial,SUDESTE,16.608,9.474251
202410.0,2024-10-11,34156,MERCADOS BRAGA,Consumidor Especial,SUDESTE,16.608,10.251505
202410.0,2024-10-12,34156,MERCADOS BRAGA,Consumidor Especial,SUDESTE,16.608,10.04801
202410.0,2024-10-13,34156,MERCADOS BRAGA,Consumidor Especial,SUDESTE,16.608,8.646271
202410.0,2024-10-14,34156,MERCADOS BRAGA,Consumidor Especial,SUDESTE,16.608,9.512409
202410.0,2024-10-15,34156,MERCADOS BRAGA,Consumidor Especial,SUDESTE,16.608,9.959376
202410.0,2024-10-16,34156,MERCADOS BRAGA,Consumidor Especial,SUDESTE,16.608,10.564337
202410.0,2024-10-17,34156,MERCADOS BRAGA,Consumidor Especial,SUDESTE,16.608,10.311223
202410.0,2024-10-18,34156,MERCADOS BRAGA,Consumidor Especial,SUDESTE,16.608,10.458147
202410.0,2024-10-19,34156,MERCADOS BRAGA,Consumidor Especial,SUDESTE,16.608,9.647632
202410.0,2024-10-20,34156,MERCADOS BRAGA,Consumidor Especial,SUDESTE,16.608,7.838773
202410.0,2024-10-21,34156,MERCADOS BRAGA,Consumidor Especial,SUDESTE,16.608,7.246844
202410.0,2024-10-22,34156,MERCADOS BRAGA,Consumidor Especial,SUDESTE,16.608,10.316299
202410.0,2024-10-23,34156,MERCADOS BRAGA,Consumidor Especial,SUDESTE,16.608,11.099515
202410.0,2024-10-24,34156,MERCADOS BRAGA,Consumidor Especial,SUDESTE,16.608,10.74616
202410.0,2024-10-25,34156,MERCADOS BRAGA,Consumidor Especial,SUDESTE,16.608,11.119769
202410.0,2024-10-26,34156,MERCADOS BRAGA,Consumidor Especial,SUDESTE,16.608,11.330476
202410.0,2024-10-27,34156,MERCADOS BRAGA,Consumidor Especial,SUDESTE,16.608,8.590495
202410.0,2024-10-28,34156,MERCADOS BRAGA,Consumidor Especial,SUDESTE,16.608,9.567458
202410.0,2024-10-29,34156,MERCADOS BRAGA,Consumidor Especial,SUDESTE,16.608,9.831912
202410.0,2024-10-30,34156,MERCADOS BRAGA,Consumidor Especial,SUDESTE,16.608,10.184086
202410.0,2024-10-31,34156,MERCADOS BRAGA,Consumidor Especial,SUDESTE,16.608,9.610166
202411.0,2024-11-01,34156,MERCADOS BRAGA,Consumidor Especial,SUDESTE,16.608,10.614861
202411.0,2024-11-02,34156,MERCADOS BRAGA,Consumidor Especial,SUDESTE,16.608,10.118188
202411.0,2024-11-03,34156,MERCADOS BRAGA,Consumidor Especial,SUDESTE,16.608,8.937635
202411.0,2024-11-04,34156,MERCADOS BRAGA,Consumidor Especial,SUDESTE,16.608,10.395651
202411.0,2024-11-05,34156,MERCADOS BRAGA,Consumidor Especial,SUDESTE,16.608,10.758846
202411.0,2024-11-06,34156,MERCADOS BRAGA,Consumidor Especial,SUDESTE,16.608,11.262676
202411.0,2024-11-07,34156,MERCADOS BRAGA,Consumidor Especial,SUDESTE,16.608,11.261109
202411.0,2024-11-08,34156,MERCADOS BRAGA,Consumidor Especial,SUDESTE,16.608,10.75024
202411.0,2024-11-09,34156,MERCADOS BRAGA,Consumidor Especial,SUDESTE,16.608,9.805775
202411.0,2024-11-10,34156,MERCADOS BRAGA,Consumidor Especial,SUDESTE,16.608,8.496293
202411.0,2024-11-11,34156,MERCADOS BRAGA,Consumidor Especial,SUDESTE,16.608,9.969275
202411.0,2024-11-12,34156,MERCADOS BRAGA,Consumidor Especial,SUDESTE,16.608,10.909788
202411.0,2024-11-13,34156,MERCADOS BRAGA,Consumidor Especial,SUDESTE,16.608,9.880438
202411.0,2024-11-14,34156,MERCADOS BRAGA,Consumidor Especial,SUDESTE,16.608,9.348099
202411.0,2024-11-15,34156,MERCADOS BRAGA,Consumidor Especial,SUDESTE,16.608,9.042232
202411.0,2024-11-16,34156,MERCADOS BRAGA,Consumidor Especial,SUDESTE,16.608,9.808076
202411.0,2024-11-17,34156,MERCADOS BRAGA,Consumidor Especial,SUDESTE,16.608,8.648135
202411.0,2024-11-18,34156,MERCADOS BRAGA,Consumidor Especial,SUDESTE,16.608,10.469766
202411.0,2024-11-19,34156,MERCADOS BRAGA,Consumidor Especial,SUDESTE,16.608,10.593829
202411.0,2024-11-20,34156,MERCADOS BRAGA,Consumidor Especial,SUDESTE,16.608,10.312164
202411.0,2024-11-21,34156,MERCADOS BRAGA,Consumidor Especial,SUDESTE,16.608,10.510433
202411.0,2024-11-22,34156,MERCADOS BRAGA,Consumidor Especial,SUDESTE,16.608,10.124266
202411.0,2024-11-23,34156,MERCADOS BRAGA,Consumidor Especial,SUDESTE,16.608,9.377904
202411.0,2024-11-24,34156,MERCADOS BRAGA,Consumidor Especial,SUDESTE,16.608,8.151917
202411.0,2024-11-25,34156,MERCADOS BRAGA,Consumidor Especial,SUDESTE,16.608,9.771705
202411.0,2024-11-26,34156,MERCADOS BRAGA,Consumidor Especial,SUDESTE,16.608,10.690794
202411.0,2024-11-27,34156,MERCADOS BRAGA,Consumidor Especial,SUDESTE,16.608,11.4447
202411.0,2024-11-28,34156,MERCADOS BRAGA,Consumidor Especial,SUDESTE,16.608,11.637692
202411.0,2024-11-29,34156,MERCADOS BRAGA,Consumidor Especial,SUDESTE,16.608,11.233959
202411.0,2024-11-30,34156,MERCADOS BRAGA,Consumidor Especial,SUDESTE,16.608,11.196829
202412.0,2024-12-01,34156,MERCADOS BRAGA,Consumidor Especial,SUDESTE,16.608,9.344108
202412.0,2024-12-02,34156,MERCADOS BRAGA,Consumidor Especial,SUDESTE,16.608,11.35006
202412.0,2024-12-03,34156,MERCADOS BRAGA,Consumidor Especial,SUDESTE,16.608,11.164051
202412.0,2024-12-04,34156,MERCADOS BRAGA,Consumidor Especial,SUDESTE,16.608,10.487822
202412.0,2024-12-05,34156,MERCADOS BRAGA,Consumidor Especial,SUDESTE,16.608,10.121743
202412.0,2024-12-06,34156,MERCADOS BRAGA,Consumidor Especial,SUDESTE,16.608,11.574041
202412.0,2024-12-07,34156,MERCADOS BRAGA,Consumidor Especial,SUDESTE,16.608,11.438192
202412.0,2024-12-08,34156,MERCADOS BRAGA,Consumidor Especial,SUDESTE,16.608,9.87665
202412.0,2024-12-09,34156,MERCADOS BRAGA,Consumidor Especial,SUDESTE,16.608,11.373097
202412.0,2024-12-10,34156,MERCADOS BRAGA,Consumidor Especial,SUDESTE,16.608,11.131748
202412.0,2024-12-11,34156,MERCADOS BRAGA,Consumidor Especial,SUDESTE,16.608,10.393504
202412.0,2024-12-12,34156,MERCADOS BRAGA,Consumidor Especial,SUDESTE,16.608,10.237848
202412.0,2024-12-13,34156,MERCADOS BRAGA,Consumidor Especial,SUDESTE,16.608,10.632792
202412.0,2024-12-14,34156,MERCADOS BRAGA,Consumidor Especial,SUDESTE,16.608,10.923286
202412.0,2024-12-15,34156,MERCADOS BRAGA,Consumidor Especial,SUDESTE,16.608,9.069724
202412.0,2024-12-16,34156,MERCADOS BRAGA,Consumidor Especial,SUDESTE,16.608,10.98968
202412.0,2024-12-17,34156,MERCADOS BRAGA,Consumidor Especial,SUDESTE,16.608,10.876513
202412.0,2024-12-18,34156,MERCADOS BRAGA,Consumidor Especial,SUDESTE,16.608,10.596451
202412.0,2024-12-19,34156,MERCADOS BRAGA,Consumidor Especial,SUDESTE,16.608,10.927618
202412.0,2024-12-20,34156,MERCADOS BRAGA,Consumidor Especial,SUDESTE,16.608,11.561913
202412.0,2024-12-21,34156,MERCADOS BRAGA,Consumidor Especial,SUDESTE,16.608,10.972027
202412.0,2024-12-22,34156,MERCADOS BRAGA,Consumidor Especial,SUDESTE,16.608,10.338193
202412.0,2024-12-23,34156,MERCADOS BRAGA,Consumidor Especial,SUDESTE,16.608,10.863881
202412.0,2024-12-24,34156,MERCADOS BRAGA,Consumidor Especial,SUDESTE,16.608,10.257165
202412.0,2024-12-25,34156,MERCADOS BRAGA,Consumidor Especial,SUDESTE,16.608,7.736368
202412.0,2024-12-26,34156,MERCADOS BRAGA,Consumidor Especial,SUDESTE,16.608,10.735963
202412.0,2024-12-27,34156,MERCADOS BRAGA,Consumidor Especial,SUDESTE,16.608,11.094254
202412.0,2024-12-28,34156,MERCADOS BRAGA,Consumidor Especial,SUDESTE,16.608,11.001943
202412.0,2024-12-29,34156,MERCADOS BRAGA,Consumidor Especial,SUDESTE,16.608,10.313363
202412.0,2024-12-30,34156,MERCADOS BRAGA,Consumidor Especial,SUDESTE,16.608,10.83082
202412.0,2024-12-31,34156,MERCADOS BRAGA,Consumidor Especial,SUDESTE,16.608,10.13186
202501.0,2025-01-01,34156,MERCADOS BRAGA,Consumidor Especial,SUDESTE,16.968,7.532006
202501.0,2025-01-02,34156,MERCADOS BRAGA,Consumidor Especial,SUDESTE,16.968,10.967804
202501.0,2025-01-03,34156,MERCADOS BRAGA,Consumidor Especial,SUDESTE,16.968,11.362901
202501.0,2025-01-04,34156,MERCADOS BRAGA,Consumidor Especial,SUDESTE,16.968,11.287786
202501.0,2025-01-05,34156,MERCADOS BRAGA,Consumidor Especial,SUDESTE,16.968,8.933053
202501.0,2025-01-06,34156,MERCADOS BRAGA,Consumidor Especial,SUDESTE,16.968,10.993871
202501.0,2025-01-07,34156,MERCADOS BRAGA,Consumidor Especial,SUDESTE,16.968,10.837336
202501.0,2025-01-08,34156,MERCADOS BRAGA,Consumidor Especial,SUDESTE,16.968,10.970552
202501.0,2025-01-09,34156,MERCADOS BRAGA,Consumidor Especial,SUDESTE,16.968,10.265017
202501.0,2025-01-10,34156,MERCADOS BRAGA,Consumidor Especial,SUDESTE,16.968,10.230764
202501.0,2025-01-11,34156,MERCADOS BRAGA,Consumidor Especial,SUDESTE,16.968,10.1669
202501.0,2025-01-12,34156,MERCADOS BRAGA,Consumidor Especial,SUDESTE,16.968,8.699297
202501.0,2025-01-13,34156,MERCADOS BRAGA,Consumidor Especial,SUDESTE,16.968,9.665797
202501.0,2025-01-14,34156,MERCADOS BRAGA,Consumidor Especial,SUDESTE,16.968,9.805635
202501.0,2025-01-15,34156,MERCADOS BRAGA,Consumidor Especial,SUDESTE,16.968,10.212278
202501.0,2025-01-16,34156,MERCADOS BRAGA,Consumidor Especial,SUDESTE,16.968,10.732234
202501.0,2025-01-17,34156,MERCADOS BRAGA,Consumidor Especial,SUDESTE,16.968,11.274578
202501.0,2025-01-18,34156,MERCADOS BRAGA,Consumidor Especial,SUDESTE,16.968,11.471794
202501.0,2025-01-19,34156,MERCADOS BRAGA,Consumidor Especial,SUDESTE,16.968,10.204788
202501.0,2025-01-20,34156,MERCADOS BRAGA,Consumidor Especial,SUDESTE,16.968,10.087682
202501.0,2025-01-21,34156,MERCADOS BRAGA,Consumidor Especial,SUDESTE,16.968,12.060839
202501.0,2025-01-22,34156,MERCADOS BRAGA,Consumidor Especial,SUDESTE,16.968,12.27206
202501.0,2025-01-23,34156,MERCADOS BRAGA,Consumidor Especial,SUDESTE,16.968,12.15677
202501.0,2025-01-24,34156,MERCADOS BRAGA,Consumidor Especial,SUDESTE,16.968,11.968537
202501.0,2025-01-25,34156,MERCADOS BRAGA,Consumidor Especial,SUDESTE,16.968,11.60695
202501.0,2025-01-26,34156,MERCADOS BRAGA,Consumidor Especial,SUDESTE,16.968,9.817816
202501.0,2025-01-27,34156,MERCADOS BRAGA,Consumidor Especial,SUDESTE,16.968,10.988267
202501.0,2025-01-28,34156,MERCADOS BRAGA,Consumidor Especial,SUDESTE,16.968,11.747088
202501.0,2025-01-29,34156,MERCADOS BRAGA,Consumidor Especial,SUDESTE,16.968,11.589555
202501.0,2025-01-30,34156,MERCADOS BRAGA,Consumidor Especial,SUDESTE,16.968,10.568014
202501.0,2025-01-31,34156,MERCADOS BRAGA,Consumidor Especial,SUDESTE,16.968,11.276695
202502.0,2025-02-01,34156,MERCADOS BRAGA,Consumidor Especial,SUDESTE,16.968,10.509806
202502.0,2025-02-02,34156,MERCADOS BRAGA,Consumidor Especial,SUDESTE,16.968,8.518982
202502.0,2025-02-03,34156,MERCADOS BRAGA,Consumidor Especial,SUDESTE,16.968,11.227207
202502.0,2025-02-04,34156,MERCADOS BRAGA,Consumidor Especial,SUDESTE,16.968,11.891204
202502.0,2025-02-05,34156,MERCADOS BRAGA,Consumidor Especial,SUDESTE,16.968,12.862719
202502.0,2025-02-06,34156,MERCADOS BRAGA,Consumidor Especial,SUDESTE,16.968,12.678163
202502.0,2025-02-07,34156,MERCADOS BRAGA,Consumidor Especial,SUDESTE,16.968,12.532497
202502.0,2025-02-08,34156,MERCADOS BRAGA,Consumidor Especial,SUDESTE,16.968,12.110366
202502.0,2025-02-09,34156,MERCADOS BRAGA,Consumidor Especial,SUDESTE,16.968,9.775409
202502.0,2025-02-10,34156,MERCADOS BRAGA,Consumidor Especial,SUDESTE,16.968,12.012906
202502.0,2025-02-11,34156,MERCADOS BRAGA,Consumidor Especial,SUDESTE,16.968,12.036584
202502.0,2025-02-12,34156,MERCADOS BRAGA,Consumidor Especial,SUDESTE,16.968,12.393674
202502.0,2025-02-13,34156,MERCADOS BRAGA,Consumidor Especial,SUDESTE,16.968,12.009282
202502.0,2025-02-14,34156,MERCADOS BRAGA,Consumidor Especial,SUDESTE,16.968,12.115683
202502.0,2025-02-15,34156,MERCADOS BRAGA,Consumidor Especial,SUDESTE,16.968,12.044192
202502.0,2025-02-16,34156,MERCADOS BRAGA,Consumidor Especial,SUDESTE,16.968,10.334282
202502.0,2025-02-17,34156,MERCADOS BRAGA,Consumidor Especial,SUDESTE,16.968,12.238088
202502.0,2025-02-18,34156,MERCADOS BRAGA,Consumidor Especial,SUDESTE,16.968,12.288311
202502.0,2025-02-19,34156,MERCADOS BRAGA,Consumidor Especial,SUDESTE,16.968,12.520816
202502.0,2025-02-20,34156,MERCADOS BRAGA,Consumidor Especial,SUDESTE,16.968,12.093551
202502.0,2025-02-21,34156,MERCADOS BRAGA,Consumidor Especial,SUDESTE,16.968,12.501352
202502.0,2025-02-22,34156,MERCADOS BRAGA,Consumidor Especial,SUDESTE,16.968,11.587556
202502.0,2025-02-23,34156,MERCADOS BRAGA,Consumidor Especial,SUDESTE,16.968,9.905003
202502.0,2025-02-24,34156,MERCADOS BRAGA,Consumidor Especial,SUDESTE,16.968,11.901846
202502.0,2025-02-25,34156,MERCADOS BRAGA,Consumidor Especial,SUDESTE,16.968,12.089661
202502.0,2025-02-26,34156,MERCADOS BRAGA,Consumidor Especial,SUDESTE,16.968,11.882995
202502.0,2025-02-27,34156,MERCADOS BRAGA,Consumidor Especial,SUDESTE,16.968,12.105078
202502.0,2025-02-28,34156,MERCADOS BRAGA,Consumidor Especial,SUDESTE,16.968,12.230407
202503.0,2025-03-01,34156,MERCADOS BRAGA,Consumidor Especial,SUDESTE,16.968,12.114218
202503.0,2025-03-02,34156,MERCADOS BRAGA,Consumidor Especial,SUDESTE,16.968,10.011682
202503.0,2025-03-03,34156,MERCADOS BRAGA,Consumidor Especial,SUDESTE,16.968,11.983253
202503.0,2025-03-04,34156,MERCADOS BRAGA,Consumidor Especial,SUDESTE,16.968,9.964891
202503.0,2025-03-05,34156,MERCADOS BRAGA,Consumidor Especial,SUDESTE,16.968,11.652756
202503.0,2025-03-06,34156,MERCADOS BRAGA,Consumidor Especial,SUDESTE,16.968,11.945285
202503.0,2025-03-07,34156,MERCADOS BRAGA,Consumidor Especial,SUDESTE,16.968,10.712398
202503.0,2025-03-08,34156,MERCADOS BRAGA,Consumidor Especial,SUDESTE,16.968,11.584659
202503.0,2025-03-09,34156,MERCADOS BRAGA,Consumidor Especial,SUDESTE,16.968,9.860992
202503.0,2025-03-10,34156,MERCADOS BRAGA,Consumidor Especial,SUDESTE,16.968,11.391255
202503.0,2025-03-11,34156,MERCADOS BRAGA,Consumidor Especial,SUDESTE,16.968,11.680399
202503.0,2025-03-12,34156,MERCADOS BRAGA,Consumidor Especial,SUDESTE,16.968,12.056829
202503.0,2025-03-13,34156,MERCADOS BRAGA,Consumidor Especial,SUDESTE,16.968,11.563035
202503.0,2025-03-14,34156,MERCADOS BRAGA,Consumidor Especial,SUDESTE,16.968,11.780964
202503.0,2025-03-15,34156,MERCADOS BRAGA,Consumidor Especial,SUDESTE,16.968,11.589608
202503.0,2025-03-16,34156,MERCADOS BRAGA,Consumidor Especial,SUDESTE,16.968,9.304158
202503.0,2025-03-17,34156,MERCADOS BRAGA,Consumidor Especial,SUDESTE,16.968,10.692113
202503.0,2025-03-18,34156,MERCADOS BRAGA,Consumidor Especial,SUDESTE,16.968,11.399737
202503.0,2025-03-19,34156,MERCADOS BRAGA,Consumidor Especial,SUDESTE,16.968,11.26788
202503.0,2025-03-20,34156,MERCADOS BRAGA,Consumidor Especial,SUDESTE,16.968,10.707176
202503.0,2025-03-21,34156,MERCADOS BRAGA,Consumidor Especial,SUDESTE,16.968,10.762358
202503.0,2025-03-22,34156,MERCADOS BRAGA,Consumidor Especial,SUDESTE,16.968,10.863449
202503.0,2025-03-23,34156,MERCADOS BRAGA,Consumidor Especial,SUDESTE,16.968,9.241675
202503.0,2025-03-24,34156,MERCADOS BRAGA,Consumidor Especial,SUDESTE,16.968,10.508245
202503.0,2025-03-25,34156,MERCADOS BRAGA,Consumidor Especial,SUDESTE,16.968,10.53032
202503.0,2025-03-26,34156,MERCADOS BRAGA,Consumidor Especial,SUDESTE,16.968,11.620314
202503.0,2025-03-27,34156,MERCADOS BRAGA,Consumidor Especial,SUDESTE,16.968,11.450654
202503.0,2025-03-28,34156,MERCADOS BRAGA,Consumidor Especial,SUDESTE,16.968,11.574743
202503.0,2025-03-29,34156,MERCADOS BRAGA,Consumidor Especial,SUDESTE,16.968,11.593018
202503.0,2025-03-30,34156,MERCADOS BRAGA,Consumidor Especial,SUDESTE,16.968,9.40991
202503.0,2025-03-31,34156,MERCADOS BRAGA,Consumidor Especial,SUDESTE,16.968,11.203381
202504.0,2025-04-01,34156,MERCADOS BRAGA,Consumidor Especial,SUDESTE,16.968,11.366504
202504.0,2025-04-02,34156,MERCADOS BRAGA,Consumidor Especial,SUDESTE,16.968,11.885152
202504.0,2025-04-03,34156,MERCADOS BRAGA,Consumidor Especial,SUDESTE,16.968,11.46456
202504.0,2025-04-04,34156,MERCADOS BRAGA,Consumidor Especial,SUDESTE,16.968,11.453684
202504.0,2025-04-05,34156,MERCADOS BRAGA,Consumidor Especial,SUDESTE,16.968,9.80547
202504.0,2025-04-06,34156,MERCADOS BRAGA,Consumidor Especial,SUDESTE,16.968,8.042445
202504.0,2025-04-07,34156,MERCADOS BRAGA,Consumidor Especial,SUDESTE,16.968,9.556511
202504.0,2025-04-08,34156,MERCADOS BRAGA,Consumidor Especial,SUDESTE,16.968,10.019086
202504.0,2025-04-09,34156,MERCADOS BRAGA,Consumidor Especial,SUDESTE,16.968,10.726995
202504.0,2025-04-10,34156,MERCADOS BRAGA,Consumidor Especial,SUDESTE,16.968,10.374329
202504.0,2025-04-11,34156,MERCADOS BRAGA,Consumidor Especial,SUDESTE,16.968,10.253598
202504.0,2025-04-12,34156,MERCADOS BRAGA,Consumidor Especial,SUDESTE,16.968,10.293198
202504.0,2025-04-13,34156,MERCADOS BRAGA,Consumidor Especial,SUDESTE,16.968,7.73224
202504.0,2025-04-14,34156,MERCADOS BRAGA,Consumidor Especial,SUDESTE,16.968,10.180876
202504.0,2025-04-15,34156,MERCADOS BRAGA,Consumidor Especial,SUDESTE,16.968,10.46799
202504.0,2025-04-16,34156,MERCADOS BRAGA,Consumidor Especial,SUDESTE,16.968,10.339053
202504.0,2025-04-17,34156,MERCADOS BRAGA,Consumidor Especial,SUDESTE,16.968,10.329695
202504.0,2025-04-18,34156,MERCADOS BRAGA,Consumidor Especial,SUDESTE,16.968,8.732831
202504.0,2025-04-19,34156,MERCADOS BRAGA,Consumidor Especial,SUDESTE,16.968,10.83775
202504.0,2025-04-20,34156,MERCADOS BRAGA,Consumidor Especial,SUDESTE,16.968,8.572267
202504.0,2025-04-21,34156,MERCADOS BRAGA,Consumidor Especial,SUDESTE,16.968,7.984684
202504.0,2025-04-22,34156,MERCADOS BRAGA,Consumidor Especial,SUDESTE,16.968,9.283166
202504.0,2025-04-23,34156,MERCADOS BRAGA,Consumidor Especial,SUDESTE,16.968,8.745388
202504.0,2025-04-24,34156,MERCADOS BRAGA,Consumidor Especial,SUDESTE,16.968,9.988792
202504.0,2025-04-25,34156,MERCADOS BRAGA,Consumidor Especial,SUDESTE,16.968,9.737222
202504.0,2025-04-26,34156,MERCADOS BRAGA,Consumidor Especial,SUDESTE,16.968,9.827847
202504.0,2025-04-27,34156,MERCADOS BRAGA,Consumidor Especial,SUDESTE,16.968,8.651614
202504.0,2025-04-28,34156,MERCADOS BRAGA,Consumidor Especial,SUDESTE,16.968,10.357678
202504.0,2025-04-29,34156,MERCADOS BRAGA,Consumidor Especial,SUDESTE,16.968,9.65287
202504.0,2025-04-30,34156,MERCADOS BRAGA,Consumidor Especial,SUDESTE,16.968,9.535533
202505.0,2025-05-01,34156,MERCADOS BRAGA,Consumidor Especial,SUDESTE,16.968,8.562341
202505.0,2025-05-02,34156,MERCADOS BRAGA,Consumidor Especial,SUDESTE,16.968,9.47437
202505.0,2025-05-03,34156,MERCADOS BRAGA,Consumidor Especial,SUDESTE,16.968,9.385202
202505.0,2025-05-04,34156,MERCADOS BRAGA,Consumidor Especial,SUDESTE,16.968,8.148149
202505.0,2025-05-05,34156,MERCADOS BRAGA,Consumidor Especial,SUDESTE,16.968,9.478823
202505.0,2025-05-06,34156,MERCADOS BRAGA,Consumidor Especial,SUDESTE,16.968,9.775245
202505.0,2025-05-07,34156,MERCADOS BRAGA,Consumidor Especial,SUDESTE,16.968,10.417045
202505.0,2025-05-08,34156,MERCADOS BRAGA,Consumidor Especial,SUDESTE,16.968,10.569425
202505.0,2025-05-09,34156,MERCADOS BRAGA,Consumidor Especial,SUDESTE,16.968,10.876676
202505.0,2025-05-10,34156,MERCADOS BRAGA,Consumidor Especial,SUDESTE,16.968,10.984982
202505.0,2025-05-11,34156,MERCADOS BRAGA,Consumidor Especial,SUDESTE,16.968,8.444736
202505.0,2025-05-12,34156,MERCADOS BRAGA,Consumidor Especial,SUDESTE,16.968,9.260368
202505.0,2025-05-13,34156,MERCADOS BRAGA,Consumidor Especial,SUDESTE,16.968,9.289444
202505.0,2025-05-14,34156,MERCADOS BRAGA,Consumidor Especial,SUDESTE,16.968,9.610858
202505.0,2025-05-15,34156,MERCADOS BRAGA,Consumidor Especial,SUDESTE,16.968,9.710557
202505.0,2025-05-16,34156,MERCADOS BRAGA,Consumidor Especial,SUDESTE,16.968,9.73899
202505.0,2025-05-17,34156,MERCADOS BRAGA,Consumidor Especial,SUDESTE,16.968,9.630539
202505.0,2025-05-18,34156,MERCADOS BRAGA,Consumidor Especial,SUDESTE,16.968,8.158196
202505.0,2025-05-19,34156,MERCADOS BRAGA,Consumidor Especial,SUDESTE,16.968,9.926819
202505.0,2025-05-20,34156,MERCADOS BRAGA,Consumidor Especial,SUDESTE,16.968,9.918372
202505.0,2025-05-21,34156,MERCADOS BRAGA,Consumidor Especial,SUDESTE,16.968,9.837428
202505.0,2025-05-22,34156,MERCADOS BRAGA,Consumidor Especial,SUDESTE,16.968,9.564736
202505.0,2025-05-23,34156,MERCADOS BRAGA,Consumidor Especial,SUDESTE,16.968,9.53633
202505.0,2025-05-24,34156,MERCADOS BRAGA,Consumidor Especial,SUDESTE,16.968,9.086961
202505.0,2025-05-25,34156,MERCADOS BRAGA,Consumidor Especial,SUDESTE,16.968,7.848087
202505.0,2025-05-26,34156,MERCADOS BRAGA,Consumidor Especial,SUDESTE,16.968,9.139244
202505.0,2025-05-27,34156,MERCADOS BRAGA,Consumidor Especial,SUDESTE,16.968,10.031957
202505.0,2025-05-28,34156,MERCADOS BRAGA,Consumidor Especial,SUDESTE,16.968,9.996206
202505.0,2025-05-29,34156,MERCADOS BRAGA,Consumidor Especial,SUDESTE,16.968,9.445871
202505.0,2025-05-30,34156,MERCADOS BRAGA,Consumidor Especial,SUDESTE,16.968,8.779928
202505.0,2025-05-31,34156,MERCADOS BRAGA,Consumidor Especial,SUDESTE,16.968,9.083593
202506.0,2025-06-01,34156,MERCADOS BRAGA,Consumidor Especial,SUDESTE,16.968,7.551713
202506.0,2025-06-02,34156,MERCADOS BRAGA,Consumidor Especial,SUDESTE,16.968,9.098495
202506.0,2025-06-03,34156,MERCADOS BRAGA,Consumidor Especial,SUDESTE,16.968,9.538426
202506.0,2025-06-04,34156,MERCADOS BRAGA,Consumidor Especial,SUDESTE,16.968,9.977753
202506.0,2025-06-05,34156,MERCADOS BRAGA,Consumidor Especial,SUDESTE,16.968,10.122366
202506.0,2025-06-06,34156,MERCADOS BRAGA,Consumidor Especial,SUDESTE,16.968,9.797435
202506.0,2025-06-07,34156,MERCADOS BRAGA,Consumidor Especial,SUDESTE,16.968,9.247855
202506.0,2025-06-08,34156,MERCADOS BRAGA,Consumidor Especial,SUDESTE,16.968,7.80873
202506.0,2025-06-09,34156,MERCADOS BRAGA,Consumidor Especial,SUDESTE,16.968,8.502522
202506.0,2025-06-10,34156,MERCADOS BRAGA,Consumidor Especial,SUDESTE,16.968,8.71142
202506.0,2025-06-11,34156,MERCADOS BRAGA,Consumidor Especial,SUDESTE,16.968,8.37391
202506.0,2025-06-12,34156,MERCADOS BRAGA,Consumidor Especial,SUDESTE,16.968,7.603123
202506.0,2025-06-13,34156,MERCADOS BRAGA,Consumidor Especial,SUDESTE,16.968,7.751886
202506.0,2025-06-14,34156,MERCADOS BRAGA,Consumidor Especial,SUDESTE,16.968,7.674126
202506.0,2025-06-15,34156,MERCADOS BRAGA,Consumidor Especial,SUDESTE,16.968,6.878068
202506.0,2025-06-16,34156,MERCADOS BRAGA,Consumidor Especial,SUDESTE,16.968,8.075454
202506.0,2025-06-17,34156,MERCADOS BRAGA,Consumidor Especial,SUDESTE,16.968,8.495281
202506.0,2025-06-18,34156,MERCADOS BRAGA,Consumidor Especial,SUDESTE,16.968,9.267702
202506.0,2025-06-19,34156,MERCADOS BRAGA,Consumidor Especial,SUDESTE,16.968,8.428643
202506.0,2025-06-20,34156,MERCADOS BRAGA,Consumidor Especial,SUDESTE,16.968,9.148342
202506.0,2025-06-21,34156,MERCADOS BRAGA,Consumidor Especial,SUDESTE,16.968,9.086651
202506.0,2025-06-22,34156,MERCADOS BRAGA,Consumidor Especial,SUDESTE,16.968,7.278845
202506.0,2025-06-23,34156,MERCADOS BRAGA,Consumidor Especial,SUDESTE,16.968,9.077714
202506.0,2025-06-24,34156,MERCADOS BRAGA,Consumidor Especial,SUDESTE,16.968,8.242538
202506.0,2025-06-25,34156,MERCADOS BRAGA,Consumidor Especial,SUDESTE,16.968,8.206135
202506.0,2025-06-26,34156,MERCADOS BRAGA,Consumidor Especial,SUDESTE,16.968,8.297224
202506.0,2025-06-27,34156,MERCADOS BRAGA,Consumidor Especial,SUDESTE,16.968,9.244785
202506.0,2025-06-28,34156,MERCADOS BRAGA,Consumidor Especial,SUDESTE,16.968,8.605128
202506.0,2025-06-29,34156,MERCADOS BRAGA,Consumidor Especial,SUDESTE,16.968,7.305485
202506.0,2025-06-30,34156,MERCADOS BRAGA,Consumidor Especial,SUDESTE,16.968,9.006203
202507.0,2025-07-01,34156,MERCADOS BRAGA,Consumidor Especial,SUDESTE,16.968,8.939515
202507.0,2025-07-02,34156,MERCADOS BRAGA,Consumidor Especial,SUDESTE,16.968,8.527137
202507.0,2025-07-03,34156,MERCADOS BRAGA,Consumidor Especial,SUDESTE,16.968,8.226916
202507.0,2025-07-04,34156,MERCADOS BRAGA,Consumidor Especial,SUDESTE,16.968,8.179632
202507.0,2025-07-05,34156,MERCADOS BRAGA,Consumidor Especial,SUDESTE,16.968,8.059731
202507.0,2025-07-06,34156,MERCADOS BRAGA,Consumidor Especial,SUDESTE,16.968,7.30389
202507.0,2025-07-07,34156,MERCADOS BRAGA,Consumidor Especial,SUDESTE,16.968,7.712029
202507.0,2025-07-08,34156,MERCADOS BRAGA,Consumidor Especial,SUDESTE,16.968,8.048891
202507.0,2025-07-09,34156,MERCADOS BRAGA,Consumidor Especial,SUDESTE,16.968,8.267141
202507.0,2025-07-10,34156,MERCADOS BRAGA,Consumidor Especial,SUDESTE,16.968,8.077306
202507.0,2025-07-11,34156,MERCADOS BRAGA,Consumidor Especial,SUDESTE,16.968,8.455242
202507.0,2025-07-12,34156,MERCADOS BRAGA,Consumidor Especial,SUDESTE,16.968,8.590534
202507.0,2025-07-13,34156,MERCADOS BRAGA,Consumidor Especial,SUDESTE,16.968,7.29135
202507.0,2025-07-14,34156,MERCADOS BRAGA,Consumidor Especial,SUDESTE,16.968,8.133557
202507.0,2025-07-15,34156,MERCADOS BRAGA,Consumidor Especial,SUDESTE,16.968,8.195548
202507.0,2025-07-16,34156,MERCADOS BRAGA,Consumidor Especial,SUDESTE,16.968,8.329584
202507.0,2025-07-17,34156,MERCADOS BRAGA,Consumidor Especial,SUDESTE,16.968,8.304368
202507.0,2025-07-18,34156,MERCADOS BRAGA,Consumidor Especial,SUDESTE,16.968,8.577969
202507.0,2025-07-19,34156,MERCADOS BRAGA,Consumidor Especial,SUDESTE,16.968,8.351411
202507.0,2025-07-20,34156,MERCADOS BRAGA,Consumidor Especial,SUDESTE,16.968,7.277838
202507.0,2025-07-21,34156,MERCADOS BRAGA,Consumidor Especial,SUDESTE,16.968,8.304718
202507.0,2025-07-22,34156,MERCADOS BRAGA,Consumidor Especial,SUDESTE,16.968,8.616224
202507.0,2025-07-23,34156,MERCADOS BRAGA,Consumidor Especial,SUDESTE,16.968,8.835538
202507.0,2025-07-24,34156,MERCADOS BRAGA,Consumidor Especial,SUDESTE,16.968,8.434417
202507.0,2025-07-25,34156,MERCADOS BRAGA,Consumidor Especial,SUDESTE,16.968,8.643498
202507.0,2025-07-26,34156,MERCADOS BRAGA,Consumidor Especial,SUDESTE,16.968,8.440508
202507.0,2025-07-27,34156,MERCADOS BRAGA,Consumidor Especial,SUDESTE,16.968,7.779034
202507.0,2025-07-28,34156,MERCADOS BRAGA,Consumidor Especial,SUDESTE,16.968,8.928423
202507.0,2025-07-29,34156,MERCADOS BRAGA,Consumidor Especial,SUDESTE,16.968,8.090759
202507.0,2025-07-30,34156,MERCADOS BRAGA,Consumidor Especial,SUDESTE,16.968,8.123094
202507.0,2025-07-31,34156,MERCADOS BRAGA,Consumidor Especial,SUDESTE,16.968,7.731955
202508.0,2025-08-01,34156,MERCADOS BRAGA,Consumidor Especial,SUDESTE,16.968,7.974609
202508.0,2025-08-02,34156,MERCADOS BRAGA,Consumidor Especial,SUDESTE,16.968,8.313348
202508.0,2025-08-03,34156,MERCADOS BRAGA,Consumidor Especial,SUDESTE,16.968,7.480911
202508.0,2025-08-04,34156,MERCADOS BRAGA,Consumidor Especial,SUDESTE,16.968,8.291503
202508.0,2025-08-05,34156,MERCADOS BRAGA,Consumidor Especial,SUDESTE,16.968,8.38001
202508.0,2025-08-06,34156,MERCADOS BRAGA,Consumidor Especial,SUDESTE,16.968,8.929623
202508.0,2025-08-07,34156,MERCADOS BRAGA,Consumidor Especial,SUDESTE,16.968,8.935804
202508.0,2025-08-08,34156,MERCADOS BRAGA,Consumidor Especial,SUDESTE,16.968,9.25762
202508.0,2025-08-09,34156,MERCADOS BRAGA,Consumidor Especial,SUDESTE,16.968,8.45928
202508.0,2025-08-10,34156,MERCADOS BRAGA,Consumidor Especial,SUDESTE,16.968,6.966042
202508.0,2025-08-11,34156,MERCADOS BRAGA,Consumidor Especial,SUDESTE,16.968,7.691888
202508.0,2025-08-12,34156,MERCADOS BRAGA,Consumidor Especial,SUDESTE,16.968,7.90214
202508.0,2025-08-13,34156,MERCADOS BRAGA,Consumidor Especial,SUDESTE,16.968,8.372486
202508.0,2025-08-14,34156,MERCADOS BRAGA,Consumidor Especial,SUDESTE,16.968,8.237124
202508.0,2025-08-15,34156,MERCADOS BRAGA,Consumidor Especial,SUDESTE,16.968,8.356213
202508.0,2025-08-16,34156,MERCADOS BRAGA,Consumidor Especial,SUDESTE,16.968,8.415068
202508.0,2025-08-17,34156,MERCADOS BRAGA,Consumidor Especial,SUDESTE,16.968,7.509873
202508.0,2025-08-18,34156,MERCADOS BRAGA,Consumidor Especial,SUDESTE,16.968,8.348436
202508.0,2025-08-19,34156,MERCADOS BRAGA,Consumidor Especial,SUDESTE,16.968,8.607876
202508.0,2025-08-20,34156,MERCADOS BRAGA,Consumidor Especial,SUDESTE,16.968,9.103123
202508.0,2025-08-21,34156,MERCADOS BRAGA,Consumidor Especial,SUDESTE,16.968,9.507356
202508.0,2025-08-22,34156,MERCADOS BRAGA,Consumidor Especial,SUDESTE,16.968,9.902859
202508.0,2025-08-23,34156,MERCADOS BRAGA,Consumidor Especial,SUDESTE,16.968,10.114174
202508.0,2025-08-24,34156,MERCADOS BRAGA,Consumidor Especial,SUDESTE,16.968,8.326899
202508.0,2025-08-25,34156,MERCADOS BRAGA,Consumidor Especial,SUDESTE,16.968,9.500954
202508.0,2025-08-26,34156,MERCADOS BRAGA,Consumidor Especial,SUDESTE,16.968,9.116251
202508.0,2025-08-27,34156,MERCADOS BRAGA,Consumidor Especial,SUDESTE,16.968,9.706249
202508.0,2025-08-28,34156,MERCADOS BRAGA,Consumidor Especial,SUDESTE,16.968,9.419154
202508.0,2025-08-29,34156,MERCADOS BRAGA,Consumidor Especial,SUDESTE,16.968,9.525907
202508.0,2025-08-30,34156,MERCADOS BRAGA,Consumidor Especial,SUDESTE,16.968,9.206398
202508.0,2025-08-31,34156,MERCADOS BRAGA,Consumidor Especial,SUDESTE,16.968,8.201989
