MES_REFERENCIA,DATA,CODIGO_PERFIL_AGENTE,SIGLA_PERFIL_AGENTE,CLASSE_PERFIL_AGENTE,SUBMERCADO,CAPACIDADE_CARGA,CONSUMO_CARGA_ACL
,2022-01-01,31084,PERFILEVE CL 514,Consumidor Livre,SUL,28.8,2.423045
,2022-01-02,31084,PERFILEVE CL 514,Consumidor Livre,SUL,28.8,2.43258
,2022-01-03,31084,PERFILEVE CL 514,Consumidor Livre,SUL,28.8,2.469777
,2022-01-04,31084,PERFILEVE CL 514,Consumidor Livre,SUL,28.8,3.687635
,2022-01-05,31084,PERFILEVE CL 514,Consumidor Livre,SUL,28.8,3.917338
,2022-01-06,31084,PERFILEVE CL 514,Consumidor Livre,SUL,28.8,7.247998
,2022-01-07,31084,PERFILEVE CL 514,Consumidor Livre,SUL,28.8,14.569929
,2022-01-08,31084,PERFILEVE CL 514,Consumidor Livre,SUL,28.8,15.02667
,2022-01-09,31084,PERFILEVE CL 514,Consumidor Livre,SUL,28.8,3.971855
,2022-01-10,31084,PERFILEVE CL 514,Consumidor Livre,SUL,28.8,8.031612
,2022-01-11,31084,PERFILEVE CL 514,Consumidor Livre,SUL,28.8,17.906239
,2022-01-12,31084,PERFILEVE CL 514,Consumidor Livre,SUL,28.8,17.847609
,2022-01-13,31084,PERFILEVE CL 514,Consumidor Livre,SUL,28.8,17.172551
,2022-01-14,31084,PERFILEVE CL 514,Consumidor Livre,SUL,28.8,18.347334
,2022-01-15,31084,PERFILEVE CL 514,Consumidor Livre,SUL,28.8,13.532674
,2022-01-16,31084,PERFILEVE CL 514,Consumidor Livre,SUL,28.8,7.077674
,2022-01-17,31084,PERFILEVE CL 514,Consumidor Livre,SUL,28.8,5.961303
,2022-01-18,31084,PERFILEVE CL 514,Consumidor Livre,SUL,28.8,17.420835
,2022-01-19,31084,PERFILEVE CL 514,Consumidor Livre,SUL,28.8,16.508723
,2022-01-20,31084,PERFILEVE CL 514,Consumidor Livre,SUL,28.8,17.281862
,2022-01-21,31084,PERFILEVE CL 514,Consumidor Livre,SUL,28.8,16.946743
,2022-01-22,31084,PERFILEVE CL 514,Consumidor Livre,SUL,28.8,13.000162
,2022-01-23,31084,PERFILEVE CL 514,Consumidor Livre,SUL,28.8,4.546485
,2022-01-24,31084,PERFILEVE CL 514,Consumidor Livre,SUL,28.8,7.527327
,2022-01-25,31084,PERFILEVE CL 514,Consumidor Livre,SUL,28.8,18.021101
,2022-01-26,31084,PERFILEVE CL 514,Consumidor Livre,SUL,28.8,16.41394
,2022-01-27,31084,PERFILEVE CL 514,Consumidor Livre,SUL,28.8,15.62751
,2022-01-28,31084,PERFILEVE CL 514,Consumidor Livre,SUL,28.8,15.884588
,2022-01-29,31084,PERFILEVE CL 514,Consumidor Livre,SUL,28.8,17.971113
,2022-01-30,31084,PERFILEVE CL 514,Consumidor Livre,SUL,28.8,12.592806
,2022-01-31,31084,PERFILEVE CL 514,Consumidor Livre,SUL,28.8,8.456745
,2022-02-01,31084,PERFILEVE CL 514,Consumidor Livre,SUL,28.8,14.38774
,2022-02-02,31084,PERFILEVE CL 514,Consumidor Livre,SUL,28.8,16.804548999999998
,2022-02-03,31084,PERFILEVE CL 514,Consumidor Livre,SUL,28.8,18.488644
,2022-02-04,31084,PERFILEVE CL 514,Consumidor Livre,SUL,28.8,13.533913
,2022-02-05,31084,PERFILEVE CL 514,Consumidor Livre,SUL,28.8,4.952344
,2022-02-06,31084,PERFILEVE CL 514,Consumidor Livre,SUL,28.8,4.232008
,2022-02-07,31084,PERFILEVE CL 514,Consumidor Livre,SUL,28.8,7.968758
,2022-02-08,31084,PERFILEVE CL 514,Consumidor Livre,SUL,28.8,16.996898
,2022-02-09,31084,PERFILEVE CL 514,Consumidor Livre,SUL,28.8,16.680137
,2022-02-10,31084,PERFILEVE CL 514,Consumidor Livre,SUL,28.8,13.157612
,2022-02-11,31084,PERFILEVE CL 514,Consumidor Livre,SUL,28.8,17.475837
,2022-02-12,31084,PERFILEVE CL 514,Consumidor Livre,SUL,28.8,13.262126
,2022-02-13,31084,PERFILEVE CL 514,Consumidor Livre,SUL,28.8,4.065783
,2022-02-14,31084,PERFILEVE CL 514,Consumidor Livre,SUL,28.8,8.012917999999999
,2022-02-15,31084,PERFILEVE CL 514,Consumidor Livre,SUL,28.8,17.228495
,2022-02-16,31084,PERFILEVE CL 514,Consumidor Livre,SUL,28.8,16.525808
,2022-02-17,31084,PERFILEVE CL 514,Consumidor Livre,SUL,28.8,11.99853
,2022-02-18,31084,PERFILEVE CL 514,Consumidor Livre,SUL,28.8,16.526083
,2022-02-19,31084,PERFILEVE CL 514,Consumidor Livre,SUL,28.8,9.440708
,2022-02-20,31084,PERFILEVE CL 514,Consumidor Livre,SUL,28.8,4.303818
,2022-02-21,31084,PERFILEVE CL 514,Consumidor Livre,SUL,28.8,8.335557
,2022-02-22,31084,PERFILEVE CL 514,Consumidor Livre,SUL,28.8,13.27935
,2022-02-23,31084,PERFILEVE CL 514,Consumidor Livre,SUL,28.8,10.904455
,2022-02-24,31084,PERFILEVE CL 514,Consumidor Livre,SUL,28.8,15.253061
,2022-02-25,31084,PERFILEVE CL 514,Consumidor Livre,SUL,28.8,11.107334
,2022-02-26,31084,PERFILEVE CL 514,Consumidor Livre,SUL,28.8,10.329191
,2022-02-27,31084,PERFILEVE CL 514,Consumidor Livre,SUL,28.8,3.876157
,2022-02-28,31084,PERFILEVE CL 514,Consumidor Livre,SUL,28.8,4.071325
,2022-03-01,31084,PERFILEVE CL 514,Consumidor Livre,SUL,28.8,4.7227
,2022-03-02,31084,PERFILEVE CL 514,Consumidor Livre,SUL,28.8,7.555552
,2022-03-03,31084,PERFILEVE CL 514,Consumidor Livre,SUL,28.8,15.02201
,2022-03-04,31084,PERFILEVE CL 514,Consumidor Livre,SUL,28.8,10.283598
,2022-03-05,31084,PERFILEVE CL 514,Consumidor Livre,SUL,28.8,2.450656
,2022-03-06,31084,PERFILEVE CL 514,Consumidor Livre,SUL,28.8,3.098481
,2022-03-07,31084,PERFILEVE CL 514,Consumidor Livre,SUL,28.8,3.708989
,2022-03-08,31084,PERFILEVE CL 514,Consumidor Livre,SUL,28.8,10.500591
,2022-03-09,31084,PERFILEVE CL 514,Consumidor Livre,SUL,28.8,17.578974
,2022-03-10,31084,PERFILEVE CL 514,Consumidor Livre,SUL,28.8,15.793942
,2022-03-11,31084,PERFILEVE CL 514,Consumidor Livre,SUL,28.8,14.34116
,2022-03-12,31084,PERFILEVE CL 514,Consumidor Livre,SUL,28.8,11.362811
,2022-03-13,31084,PERFILEVE CL 514,Consumidor Livre,SUL,28.8,3.696727
,2022-03-14,31084,PERFILEVE CL 514,Consumidor Livre,SUL,28.8,7.921513
,2022-03-15,31084,PERFILEVE CL 514,Consumidor Livre,SUL,28.8,15.386859
,2022-03-16,31084,PERFILEVE CL 514,Consumidor Livre,SUL,28.8,16.032183
,2022-03-17,31084,PERFILEVE CL 514,Consumidor Livre,SUL,28.8,13.309292
,2022-03-18,31084,PERFILEVE CL 514,Consumidor Livre,SUL,28.8,11.971099
,2022-03-19,31084,PERFILEVE CL 514,Consumidor Livre,SUL,28.8,6.740882
,2022-03-20,31084,PERFILEVE CL 514,Consumidor Livre,SUL,28.8,4.077402
,2022-03-21,31084,PERFILEVE CL 514,Consumidor Livre,SUL,28.8,9.226748
,2022-03-22,31084,PERFILEVE CL 514,Consumidor Livre,SUL,28.8,15.341556
,2022-03-23,31084,PERFILEVE CL 514,Consumidor Livre,SUL,28.8,14.972634
,2022-03-24,31084,PERFILEVE CL 514,Consumidor Livre,SUL,28.8,15.945903
,2022-03-25,31084,PERFILEVE CL 514,Consumidor Livre,SUL,28.8,11.353367
,2022-03-26,31084,PERFILEVE CL 514,Consumidor Livre,SUL,28.8,6.030983
,2022-03-27,31084,PERFILEVE CL 514,Consumidor Livre,SUL,28.8,3.824851
,2022-03-28,31084,PERFILEVE CL 514,Consumidor Livre,SUL,28.8,7.750211999999999
,2022-03-29,31084,PERFILEVE CL 514,Consumidor Livre,SUL,28.8,14.446233
,2022-03-30,31084,PERFILEVE CL 514,Consumidor Livre,SUL,28.8,15.876112
,2022-03-31,31084,PERFILEVE CL 514,Consumidor Livre,SUL,28.8,15.081948
,2022-04-01,31084,PERFILEVE CL 514,Consumidor Livre,SUL,28.8,10.954172
,2022-04-02,31084,PERFILEVE CL 514,Consumidor Livre,SUL,28.8,9.8853
,2022-04-03,31084,PERFILEVE CL 514,Consumidor Livre,SUL,28.8,3.95976
,2022-04-04,31084,PERFILEVE CL 514,Consumidor Livre,SUL,28.8,5.394977
,2022-04-05,31084,PERFILEVE CL 514,Consumidor Livre,SUL,28.8,11.995115
,2022-04-06,31084,PERFILEVE CL 514,Consumidor Livre,SUL,28.8,12.274648
,2022-04-07,31084,PERFILEVE CL 514,Consumidor Livre,SUL,28.8,10.186014
,2022-04-08,31084,PERFILEVE CL 514,Consumidor Livre,SUL,28.8,12.495178
,2022-04-09,31084,PERFILEVE CL 514,Consumidor Livre,SUL,28.8,12.844577
,2022-04-10,31084,PERFILEVE CL 514,Consumidor Livre,SUL,28.8,8.404167000000001
,2022-04-11,31084,PERFILEVE CL 514,Consumidor Livre,SUL,28.8,5.875851
,2022-04-12,31084,PERFILEVE CL 514,Consumidor Livre,SUL,28.8,13.485973
,2022-04-13,31084,PERFILEVE CL 514,Consumidor Livre,SUL,28.8,12.867564000000002
,2022-04-14,31084,PERFILEVE CL 514,Consumidor Livre,SUL,28.8,13.1758
,2022-04-15,31084,PERFILEVE CL 514,Consumidor Livre,SUL,28.8,11.010676
,2022-04-16,31084,PERFILEVE CL 514,Consumidor Livre,SUL,28.8,3.787479
,2022-04-17,31084,PERFILEVE CL 514,Consumidor Livre,SUL,28.8,3.795666
,2022-04-18,31084,PERFILEVE CL 514,Consumidor Livre,SUL,28.8,3.789518
,2022-04-19,31084,PERFILEVE CL 514,Consumidor Livre,SUL,28.8,8.667157
,2022-04-20,31084,PERFILEVE CL 514,Consumidor Livre,SUL,28.8,16.340094
,2022-04-21,31084,PERFILEVE CL 514,Consumidor Livre,SUL,28.8,13.781772
,2022-04-22,31084,PERFILEVE CL 514,Consumidor Livre,SUL,28.8,16.09668
,2022-04-23,31084,PERFILEVE CL 514,Consumidor Livre,SUL,28.8,13.094325
,2022-04-24,31084,PERFILEVE CL 514,Consumidor Livre,SUL,28.8,7.797832
,2022-04-25,31084,PERFILEVE CL 514,Consumidor Livre,SUL,28.8,9.491575
,2022-04-26,31084,PERFILEVE CL 514,Consumidor Livre,SUL,28.8,17.242693
,2022-04-27,31084,PERFILEVE CL 514,Consumidor Livre,SUL,28.8,14.09626
,2022-04-28,31084,PERFILEVE CL 514,Consumidor Livre,SUL,28.8,13.901644
,2022-04-29,31084,PERFILEVE CL 514,Consumidor Livre,SUL,28.8,15.726042
,2022-04-30,31084,PERFILEVE CL 514,Consumidor Livre,SUL,28.8,6.59945
,2022-05-01,31084,PERFILEVE CL 514,Consumidor Livre,SUL,28.8,3.904605
,2022-05-02,31084,PERFILEVE CL 514,Consumidor Livre,SUL,28.8,8.835545
,2022-05-03,31084,PERFILEVE CL 514,Consumidor Livre,SUL,28.8,15.284276
,2022-05-04,31084,PERFILEVE CL 514,Consumidor Livre,SUL,28.8,14.62987
,2022-05-05,31084,PERFILEVE CL 514,Consumidor Livre,SUL,28.8,12.593484
,2022-05-06,31084,PERFILEVE CL 514,Consumidor Livre,SUL,28.8,14.425883
,2022-05-07,31084,PERFILEVE CL 514,Consumidor Livre,SUL,28.8,11.089043
,2022-05-08,31084,PERFILEVE CL 514,Consumidor Livre,SUL,28.8,4.688189
,2022-05-09,31084,PERFILEVE CL 514,Consumidor Livre,SUL,28.8,4.68779
,2022-05-10,31084,PERFILEVE CL 514,Consumidor Livre,SUL,28.8,9.172391
,2022-05-11,31084,PERFILEVE CL 514,Consumidor Livre,SUL,28.8,16.662186
,2022-05-12,31084,PERFILEVE CL 514,Consumidor Livre,SUL,28.8,16.337207
,2022-05-13,31084,PERFILEVE CL 514,Consumidor Livre,SUL,28.8,13.157178
,2022-05-14,31084,PERFILEVE CL 514,Consumidor Livre,SUL,28.8,9.176252
,2022-05-15,31084,PERFILEVE CL 514,Consumidor Livre,SUL,28.8,3.910802
,2022-05-16,31084,PERFILEVE CL 514,Consumidor Livre,SUL,28.8,8.119303
,2022-05-17,31084,PERFILEVE CL 514,Consumidor Livre,SUL,28.8,15.494519
,2022-05-18,31084,PERFILEVE CL 514,Consumidor Livre,SUL,28.8,16.051741
,2022-05-19,31084,PERFILEVE CL 514,Consumidor Livre,SUL,28.8,15.855483
,2022-05-20,31084,PERFILEVE CL 514,Consumidor Livre,SUL,28.8,15.374429
,2022-05-21,31084,PERFILEVE CL 514,Consumidor Livre,SUL,28.8,9.408287
,2022-05-22,31084,PERFILEVE CL 514,Consumidor Livre,SUL,28.8,2.046366
,2022-05-23,31084,PERFILEVE CL 514,Consumidor Livre,SUL,28.8,6.18929
,2022-05-24,31084,PERFILEVE CL 514,Consumidor Livre,SUL,28.8,14.268418
,2022-05-25,31084,PERFILEVE CL 514,Consumidor Livre,SUL,28.8,15.433822
,2022-05-26,31084,PERFILEVE CL 514,Consumidor Livre,SUL,28.8,15.056326
,2022-05-27,31084,PERFILEVE CL 514,Consumidor Livre,SUL,28.8,14.438721
,2022-05-28,31084,PERFILEVE CL 514,Consumidor Livre,SUL,28.8,11.828823
,2022-05-29,31084,PERFILEVE CL 514,Consumidor Livre,SUL,28.8,5.657414
,2022-05-30,31084,PERFILEVE CL 514,Consumidor Livre,SUL,28.8,9.064792
,2022-05-31,31084,PERFILEVE CL 514,Consumidor Livre,SUL,28.8,14.668516
,2022-06-01,31084,PERFILEVE CL 514,Consumidor Livre,SUL,28.8,13.251317
,2022-06-02,31084,PERFILEVE CL 514,Consumidor Livre,SUL,28.8,11.869796
,2022-06-03,31084,PERFILEVE CL 514,Consumidor Livre,SUL,28.8,15.074636
,2022-06-04,31084,PERFILEVE CL 514,Consumidor Livre,SUL,28.8,8.360505
,2022-06-05,31084,PERFILEVE CL 514,Consumidor Livre,SUL,28.8,3.309423
,2022-06-06,31084,PERFILEVE CL 514,Consumidor Livre,SUL,28.8,7.234853
,2022-06-07,31084,PERFILEVE CL 514,Consumidor Livre,SUL,28.8,16.470455
,2022-06-08,31084,PERFILEVE CL 514,Consumidor Livre,SUL,28.8,15.585092
,2022-06-09,31084,PERFILEVE CL 514,Consumidor Livre,SUL,28.8,15.443654
,2022-06-10,31084,PERFILEVE CL 514,Consumidor Livre,SUL,28.8,14.502772
,2022-06-11,31084,PERFILEVE CL 514,Consumidor Livre,SUL,28.8,11.061198
,2022-06-12,31084,PERFILEVE CL 514,Consumidor Livre,SUL,28.8,3.612466
,2022-06-13,31084,PERFILEVE CL 514,Consumidor Livre,SUL,28.8,8.135775
,2022-06-14,31084,PERFILEVE CL 514,Consumidor Livre,SUL,28.8,14.6065
,2022-06-15,31084,PERFILEVE CL 514,Consumidor Livre,SUL,28.8,15.720656
,2022-06-16,31084,PERFILEVE CL 514,Consumidor Livre,SUL,28.8,11.090377
,2022-06-17,31084,PERFILEVE CL 514,Consumidor Livre,SUL,28.8,6.441947
,2022-06-18,31084,PERFILEVE CL 514,Consumidor Livre,SUL,28.8,11.624175
,2022-06-19,31084,PERFILEVE CL 514,Consumidor Livre,SUL,28.8,4.987124
,2022-06-20,31084,PERFILEVE CL 514,Consumidor Livre,SUL,28.8,8.338186
,2022-06-21,31084,PERFILEVE CL 514,Consumidor Livre,SUL,28.8,16.758022
,2022-06-22,31084,PERFILEVE CL 514,Consumidor Livre,SUL,28.8,12.119192
,2022-06-23,31084,PERFILEVE CL 514,Consumidor Livre,SUL,28.8,16.378461
,2022-06-24,31084,PERFILEVE CL 514,Consumidor Livre,SUL,28.8,14.785048
,2022-06-25,31084,PERFILEVE CL 514,Consumidor Livre,SUL,28.8,13.332186
,2022-06-26,31084,PERFILEVE CL 514,Consumidor Livre,SUL,28.8,9.569517
,2022-06-27,31084,PERFILEVE CL 514,Consumidor Livre,SUL,28.8,7.937729
,2022-06-28,31084,PERFILEVE CL 514,Consumidor Livre,SUL,28.8,16.214978
,2022-06-29,31084,PERFILEVE CL 514,Consumidor Livre,SUL,28.8,15.100131
,2022-06-30,31084,PERFILEVE CL 514,Consumidor Livre,SUL,28.8,14.418778
,2022-07-01,31084,PERFILEVE CL 514,Consumidor Livre,SUL,28.8,14.35578
,2022-07-02,31084,PERFILEVE CL 514,Consumidor Livre,SUL,28.8,10.572261
,2022-07-03,31084,PERFILEVE CL 514,Consumidor Livre,SUL,28.8,3.967193
,2022-07-04,31084,PERFILEVE CL 514,Consumidor Livre,SUL,28.8,6.594346
,2022-07-05,31084,PERFILEVE CL 514,Consumidor Livre,SUL,28.8,13.175753
,2022-07-06,31084,PERFILEVE CL 514,Consumidor Livre,SUL,28.8,12.543468
,2022-07-07,31084,PERFILEVE CL 514,Consumidor Livre,SUL,28.8,12.572353
,2022-07-08,31084,PERFILEVE CL 514,Consumidor Livre,SUL,28.8,13.714328
,2022-07-09,31084,PERFILEVE CL 514,Consumidor Livre,SUL,28.8,11.991953
,2022-07-10,31084,PERFILEVE CL 514,Consumidor Livre,SUL,28.8,5.228023
,2022-07-11,31084,PERFILEVE CL 514,Consumidor Livre,SUL,28.8,6.301326
,2022-07-12,31084,PERFILEVE CL 514,Consumidor Livre,SUL,28.8,16.819547
,2022-07-13,31084,PERFILEVE CL 514,Consumidor Livre,SUL,28.8,13.706358
,2022-07-14,31084,PERFILEVE CL 514,Consumidor Livre,SUL,28.8,15.764012
,2022-07-15,31084,PERFILEVE CL 514,Consumidor Livre,SUL,28.8,16.146773
,2022-07-16,31084,PERFILEVE CL 514,Consumidor Livre,SUL,28.8,12.445448
,2022-07-17,31084,PERFILEVE CL 514,Consumidor Livre,SUL,28.8,8.242185
,2022-07-18,31084,PERFILEVE CL 514,Consumidor Livre,SUL,28.8,9.586683
,2022-07-19,31084,PERFILEVE CL 514,Consumidor Livre,SUL,28.8,13.334479
,2022-07-20,31084,PERFILEVE CL 514,Consumidor Livre,SUL,28.8,16.330766
,2022-07-21,31084,PERFILEVE CL 514,Consumidor Livre,SUL,28.8,16.420514
,2022-07-22,31084,PERFILEVE CL 514,Consumidor Livre,SUL,28.8,16.317502
,2022-07-23,31084,PERFILEVE CL 514,Consumidor Livre,SUL,28.8,12.33423
,2022-07-24,31084,PERFILEVE CL 514,Consumidor Livre,SUL,28.8,8.00145
,2022-07-25,31084,PERFILEVE CL 514,Consumidor Livre,SUL,28.8,8.961036
,2022-07-26,31084,PERFILEVE CL 514,Consumidor Livre,SUL,28.8,16.196416
,2022-07-27,31084,PERFILEVE CL 514,Consumidor Livre,SUL,28.8,15.556112
,2022-07-28,31084,PERFILEVE CL 514,Consumidor Livre,SUL,28.8,15.084272
,2022-07-29,31084,PERFILEVE CL 514,Consumidor Livre,SUL,28.8,17.291388
,2022-07-30,31084,PERFILEVE CL 514,Consumidor Livre,SUL,28.8,10.969291
,2022-07-31,31084,PERFILEVE CL 514,Consumidor Livre,SUL,28.8,3.115512
,2022-08-01,31084,PERFILEVE CL 514,Consumidor Livre,SUL,28.8,5.2309280000000005
,2022-08-02,31084,PERFILEVE CL 514,Consumidor Livre,SUL,28.8,14.143426
,2022-08-03,31084,PERFILEVE CL 514,Consumidor Livre,SUL,28.8,17.252554
,2022-08-04,31084,PERFILEVE CL 514,Consumidor Livre,SUL,28.8,16.747601
,2022-08-05,31084,PERFILEVE CL 514,Consumidor Livre,SUL,28.8,12.343013
,2022-08-06,31084,PERFILEVE CL 514,Consumidor Livre,SUL,28.8,7.518644
,2022-08-07,31084,PERFILEVE CL 514,Consumidor Livre,SUL,28.8,3.576958
,2022-08-08,31084,PERFILEVE CL 514,Consumidor Livre,SUL,28.8,7.587873
,2022-08-09,31084,PERFILEVE CL 514,Consumidor Livre,SUL,28.8,16.78283
,2022-08-10,31084,PERFILEVE CL 514,Consumidor Livre,SUL,28.8,17.222257
,2022-08-11,31084,PERFILEVE CL 514,Consumidor Livre,SUL,28.8,17.377859
,2022-08-12,31084,PERFILEVE CL 514,Consumidor Livre,SUL,28.8,15.113712
,2022-08-13,31084,PERFILEVE CL 514,Consumidor Livre,SUL,28.8,10.846234
,2022-08-14,31084,PERFILEVE CL 514,Consumidor Livre,SUL,28.8,3.578951
,2022-08-15,31084,PERFILEVE CL 514,Consumidor Livre,SUL,28.8,3.350127
,2022-08-16,31084,PERFILEVE CL 514,Consumidor Livre,SUL,28.8,8.757977
,2022-08-17,31084,PERFILEVE CL 514,Consumidor Livre,SUL,28.8,17.198034
,2022-08-18,31084,PERFILEVE CL 514,Consumidor Livre,SUL,28.8,14.192922
,2022-08-19,31084,PERFILEVE CL 514,Consumidor Livre,SUL,28.8,13.533552
,2022-08-20,31084,PERFILEVE CL 514,Consumidor Livre,SUL,28.8,12.222842
,2022-08-21,31084,PERFILEVE CL 514,Consumidor Livre,SUL,28.8,9.359746
,2022-08-22,31084,PERFILEVE CL 514,Consumidor Livre,SUL,28.8,10.485673
,2022-08-23,31084,PERFILEVE CL 514,Consumidor Livre,SUL,28.8,16.198897
,2022-08-24,31084,PERFILEVE CL 514,Consumidor Livre,SUL,28.8,15.703287
,2022-08-25,31084,PERFILEVE CL 514,Consumidor Livre,SUL,28.8,14.514247
,2022-08-26,31084,PERFILEVE CL 514,Consumidor Livre,SUL,28.8,17.616795
,2022-08-27,31084,PERFILEVE CL 514,Consumidor Livre,SUL,28.8,15.622928
,2022-08-28,31084,PERFILEVE CL 514,Consumidor Livre,SUL,28.8,7.601648
,2022-08-29,31084,PERFILEVE CL 514,Consumidor Livre,SUL,28.8,9.830308
,2022-08-30,31084,PERFILEVE CL 514,Consumidor Livre,SUL,28.8,17.204804
,2022-08-31,31084,PERFILEVE CL 514,Consumidor Livre,SUL,28.8,14.277751
,2022-09-01,31084,PERFILEVE CL 514,Consumidor Livre,SUL,28.8,16.392021
,2022-09-02,31084,PERFILEVE CL 514,Consumidor Livre,SUL,28.8,17.19852
,2022-09-03,31084,PERFILEVE CL 514,Consumidor Livre,SUL,28.8,14.79079
,2022-09-04,31084,PERFILEVE CL 514,Consumidor Livre,SUL,28.8,7.017926
,2022-09-05,31084,PERFILEVE CL 514,Consumidor Livre,SUL,28.8,9.552996
,2022-09-06,31084,PERFILEVE CL 514,Consumidor Livre,SUL,28.8,18.538523
,2022-09-07,31084,PERFILEVE CL 514,Consumidor Livre,SUL,28.8,10.733478
,2022-09-08,31084,PERFILEVE CL 514,Consumidor Livre,SUL,28.8,6.021472
,2022-09-09,31084,PERFILEVE CL 514,Consumidor Livre,SUL,28.8,10.918737
,2022-09-10,31084,PERFILEVE CL 514,Consumidor Livre,SUL,28.8,8.648362
,2022-09-11,31084,PERFILEVE CL 514,Consumidor Livre,SUL,28.8,4.185315
,2022-09-12,31084,PERFILEVE CL 514,Consumidor Livre,SUL,28.8,11.305027
,2022-09-13,31084,PERFILEVE CL 514,Consumidor Livre,SUL,28.8,17.308254
,2022-09-14,31084,PERFILEVE CL 514,Consumidor Livre,SUL,28.8,17.202048
,2022-09-15,31084,PERFILEVE CL 514,Consumidor Livre,SUL,28.8,19.16721
,2022-09-16,31084,PERFILEVE CL 514,Consumidor Livre,SUL,28.8,18.232417
,2022-09-17,31084,PERFILEVE CL 514,Consumidor Livre,SUL,28.8,13.826878
,2022-09-18,31084,PERFILEVE CL 514,Consumidor Livre,SUL,28.8,3.710559
,2022-09-19,31084,PERFILEVE CL 514,Consumidor Livre,SUL,28.8,7.250553
,2022-09-20,31084,PERFILEVE CL 514,Consumidor Livre,SUL,28.8,16.50519
,2022-09-21,31084,PERFILEVE CL 514,Consumidor Livre,SUL,28.8,15.728128
,2022-09-22,31084,PERFILEVE CL 514,Consumidor Livre,SUL,28.8,18.444054
,2022-09-23,31084,PERFILEVE CL 514,Consumidor Livre,SUL,28.8,15.382819
,2022-09-24,31084,PERFILEVE CL 514,Consumidor Livre,SUL,28.8,11.598628
,2022-09-25,31084,PERFILEVE CL 514,Consumidor Livre,SUL,28.8,8.132193000000001
,2022-09-26,31084,PERFILEVE CL 514,Consumidor Livre,SUL,28.8,10.008242
,2022-09-27,31084,PERFILEVE CL 514,Consumidor Livre,SUL,28.8,14.600597
,2022-09-28,31084,PERFILEVE CL 514,Consumidor Livre,SUL,28.8,15.911858
,2022-09-29,31084,PERFILEVE CL 514,Consumidor Livre,SUL,28.8,16.187492
,2022-09-30,31084,PERFILEVE CL 514,Consumidor Livre,SUL,28.8,13.778915
,2022-10-01,31084,PERFILEVE CL 514,Consumidor Livre,SUL,28.8,9.215418
,2022-10-02,31084,PERFILEVE CL 514,Consumidor Livre,SUL,28.8,3.551315
,2022-10-03,31084,PERFILEVE CL 514,Consumidor Livre,SUL,28.8,10.334373
,2022-10-04,31084,PERFILEVE CL 514,Consumidor Livre,SUL,28.8,14.950796
,2022-10-05,31084,PERFILEVE CL 514,Consumidor Livre,SUL,28.8,14.145357
,2022-10-06,31084,PERFILEVE CL 514,Consumidor Livre,SUL,28.8,14.915522
,2022-10-07,31084,PERFILEVE CL 514,Consumidor Livre,SUL,28.8,17.834013
,2022-10-08,31084,PERFILEVE CL 514,Consumidor Livre,SUL,28.8,12.545337
,2022-10-09,31084,PERFILEVE CL 514,Consumidor Livre,SUL,28.8,8.235319
,2022-10-10,31084,PERFILEVE CL 514,Consumidor Livre,SUL,28.8,8.843714
,2022-10-11,31084,PERFILEVE CL 514,Consumidor Livre,SUL,28.8,17.586512
,2022-10-12,31084,PERFILEVE CL 514,Consumidor Livre,SUL,28.8,9.850336
,2022-10-13,31084,PERFILEVE CL 514,Consumidor Livre,SUL,28.8,8.132398
,2022-10-14,31084,PERFILEVE CL 514,Consumidor Livre,SUL,28.8,11.30632
,2022-10-15,31084,PERFILEVE CL 514,Consumidor Livre,SUL,28.8,6.430647
,2022-10-16,31084,PERFILEVE CL 514,Consumidor Livre,SUL,28.8,3.731946
,2022-10-17,31084,PERFILEVE CL 514,Consumidor Livre,SUL,28.8,11.036179
,2022-10-18,31084,PERFILEVE CL 514,Consumidor Livre,SUL,28.8,18.472074
,2022-10-19,31084,PERFILEVE CL 514,Consumidor Livre,SUL,28.8,17.847862
,2022-10-20,31084,PERFILEVE CL 514,Consumidor Livre,SUL,28.8,18.657185
,2022-10-21,31084,PERFILEVE CL 514,Consumidor Livre,SUL,28.8,18.244742
,2022-10-22,31084,PERFILEVE CL 514,Consumidor Livre,SUL,28.8,16.953397
,2022-10-23,31084,PERFILEVE CL 514,Consumidor Livre,SUL,28.8,8.720326
,2022-10-24,31084,PERFILEVE CL 514,Consumidor Livre,SUL,28.8,12.390734
,2022-10-25,31084,PERFILEVE CL 514,Consumidor Livre,SUL,28.8,18.661874
,2022-10-26,31084,PERFILEVE CL 514,Consumidor Livre,SUL,28.8,18.721937
,2022-10-27,31084,PERFILEVE CL 514,Consumidor Livre,SUL,28.8,15.630471
,2022-10-28,31084,PERFILEVE CL 514,Consumidor Livre,SUL,28.8,15.357242
,2022-10-29,31084,PERFILEVE CL 514,Consumidor Livre,SUL,28.8,12.877386
,2022-10-30,31084,PERFILEVE CL 514,Consumidor Livre,SUL,28.8,5.39043
,2022-10-31,31084,PERFILEVE CL 514,Consumidor Livre,SUL,28.8,18.222803
,2022-11-01,31084,PERFILEVE CL 514,Consumidor Livre,SUL,28.8,13.377637
,2022-11-02,31084,PERFILEVE CL 514,Consumidor Livre,SUL,28.8,3.352306
,2022-11-03,31084,PERFILEVE CL 514,Consumidor Livre,SUL,28.8,3.182735
,2022-11-04,31084,PERFILEVE CL 514,Consumidor Livre,SUL,28.8,2.998425
,2022-11-05,31084,PERFILEVE CL 514,Consumidor Livre,SUL,28.8,2.781499
,2022-11-06,31084,PERFILEVE CL 514,Consumidor Livre,SUL,28.8,5.426285
,2022-11-07,31084,PERFILEVE CL 514,Consumidor Livre,SUL,28.8,18.211148
,2022-11-08,31084,PERFILEVE CL 514,Consumidor Livre,SUL,28.8,18.493867
,2022-11-09,31084,PERFILEVE CL 514,Consumidor Livre,SUL,28.8,16.977838
,2022-11-10,31084,PERFILEVE CL 514,Consumidor Livre,SUL,28.8,16.529336
,2022-11-11,31084,PERFILEVE CL 514,Consumidor Livre,SUL,28.8,17.592168
,2022-11-12,31084,PERFILEVE CL 514,Consumidor Livre,SUL,28.8,14.459309
,2022-11-13,31084,PERFILEVE CL 514,Consumidor Livre,SUL,28.8,5.773236
,2022-11-14,31084,PERFILEVE CL 514,Consumidor Livre,SUL,28.8,17.589721
,2022-11-15,31084,PERFILEVE CL 514,Consumidor Livre,SUL,28.8,17.138889
,2022-11-16,31084,PERFILEVE CL 514,Consumidor Livre,SUL,28.8,17.280341
,2022-11-17,31084,PERFILEVE CL 514,Consumidor Livre,SUL,28.8,17.629799
,2022-11-18,31084,PERFILEVE CL 514,Consumidor Livre,SUL,28.8,17.538331
,2022-11-19,31084,PERFILEVE CL 514,Consumidor Livre,SUL,28.8,13.330927
,2022-11-20,31084,PERFILEVE CL 514,Consumidor Livre,SUL,28.8,6.8764
,2022-11-21,31084,PERFILEVE CL 514,Consumidor Livre,SUL,28.8,15.757681
,2022-11-22,31084,PERFILEVE CL 514,Consumidor Livre,SUL,28.8,15.701337
,2022-11-23,31084,PERFILEVE CL 514,Consumidor Livre,SUL,28.8,12.909541
,2022-11-24,31084,PERFILEVE CL 514,Consumidor Livre,SUL,28.8,10.391729
,2022-11-25,31084,PERFILEVE CL 514,Consumidor Livre,SUL,28.8,15.023506
,2022-11-26,31084,PERFILEVE CL 514,Consumidor Livre,SUL,28.8,4.399699
,2022-11-27,31084,PERFILEVE CL 514,Consumidor Livre,SUL,28.8,6.941493
,2022-11-28,31084,PERFILEVE CL 514,Consumidor Livre,SUL,28.8,13.65627
,2022-11-29,31084,PERFILEVE CL 514,Consumidor Livre,SUL,28.8,17.662052
,2022-11-30,31084,PERFILEVE CL 514,Consumidor Livre,SUL,28.8,17.590712
