MES_REFERENCIA,DATA,CODIGO_PERFIL_AGENTE,SIGLA_PERFIL_AGENTE,CLASSE_PERFIL_AGENTE,SUBMERCADO,CAPACIDADE_CARGA,CONSUMO_CARGA_ACL
,2023-01-01,47848,PIONEIRA ALIMENTOS CL 514,Consumidor Livre,SUL,17.28,0.262199
,2023-01-02,47848,PIONEIRA ALIMENTOS CL 514,Consumidor Livre,SUL,17.28,0.227608
,2023-01-03,47848,PIONEIRA ALIMENTOS CL 514,Consumidor Livre,SUL,17.28,2.933584
,2023-01-04,47848,PIONEIRA ALIMENTOS CL 514,Consumidor Livre,SUL,17.28,11.090993
,2023-01-05,47848,PIONEIRA ALIMENTOS CL 514,Consumidor Livre,SUL,17.28,11.627434
,2023-01-06,47848,PIONEIRA ALIMENTOS CL 514,Consumidor Livre,SUL,17.28,12.19872
,2023-01-07,47848,PIONEIRA ALIMENTOS CL 514,Consumidor Livre,SUL,17.28,14.522093
,2023-01-08,47848,PIONEIRA ALIMENTOS CL 514,Consumidor Livre,SUL,17.28,3.593294
,2023-01-09,47848,PIONEIRA ALIMENTOS CL 514,Consumidor Livre,SUL,17.28,2.868108
,2023-01-10,47848,PIONEIRA ALIMENTOS CL 514,Consumidor Livre,SUL,17.28,12.253982
,2023-01-11,47848,PIONEIRA ALIMENTOS CL 514,Consumidor Livre,SUL,17.28,13.418841
,2023-01-12,47848,PIONEIRA ALIMENTOS CL 514,Consumidor Livre,SUL,17.28,13.310627
,2023-01-13,47848,PIONEIRA ALIMENTOS CL 514,Consumidor Livre,SUL,17.28,12.559841
,2023-01-14,47848,PIONEIRA ALIMENTOS CL 514,Consumidor Livre,SUL,17.28,8.79747
,2023-01-15,47848,PIONEIRA ALIMENTOS CL 514,Consumidor Livre,SUL,17.28,0.294446
,2023-01-16,47848,PIONEIRA ALIMENTOS CL 514,Consumidor Livre,SUL,17.28,1.837708
,2023-01-17,47848,PIONEIRA ALIMENTOS CL 514,Consumidor Livre,SUL,17.28,12.101592
,2023-01-18,47848,PIONEIRA ALIMENTOS CL 514,Consumidor Livre,SUL,17.28,13.687654
,2023-01-19,47848,PIONEIRA ALIMENTOS CL 514,Consumidor Livre,SUL,17.28,12.576546
,2023-01-20,47848,PIONEIRA ALIMENTOS CL 514,Consumidor Livre,SUL,17.28,13.31511
,2023-01-21,47848,PIONEIRA ALIMENTOS CL 514,Consumidor Livre,SUL,17.28,14.134816
,2023-01-22,47848,PIONEIRA ALIMENTOS CL 514,Consumidor Livre,SUL,17.28,3.203521
,2023-01-23,47848,PIONEIRA ALIMENTOS CL 514,Consumidor Livre,SUL,17.28,1.28634
,2023-01-24,47848,PIONEIRA ALIMENTOS CL 514,Consumidor Livre,SUL,17.28,11.661007
,2023-01-25,47848,PIONEIRA ALIMENTOS CL 514,Consumidor Livre,SUL,17.28,13.470156
,2023-01-26,47848,PIONEIRA ALIMENTOS CL 514,Consumidor Livre,SUL,17.28,13.069512
,2023-01-27,47848,PIONEIRA ALIMENTOS CL 514,Consumidor Livre,SUL,17.28,13.321947
,2023-01-28,47848,PIONEIRA ALIMENTOS CL 514,Consumidor Livre,SUL,17.28,14.470208
,2023-01-29,47848,PIONEIRA ALIMENTOS CL 514,Consumidor Livre,SUL,17.28,0.792484
,2023-01-30,47848,PIONEIRA ALIMENTOS CL 514,Consumidor Livre,SUL,17.28,1.853407
,2023-01-31,47848,PIONEIRA ALIMENTOS CL 514,Consumidor Livre,SUL,17.28,11.780012
,2023-02-01,47848,PIONEIRA ALIMENTOS CL 514,Consumidor Livre,SUL,17.28,5.750469
,2023-02-02,47848,PIONEIRA ALIMENTOS CL 514,Consumidor Livre,SUL,17.28,12.228531
,2023-02-03,47848,PIONEIRA ALIMENTOS CL 514,Consumidor Livre,SUL,17.28,10.115226
,2023-02-04,47848,PIONEIRA ALIMENTOS CL 514,Consumidor Livre,SUL,17.28,4.9157
,2023-02-05,47848,PIONEIRA ALIMENTOS CL 514,Consumidor Livre,SUL,17.28,0.302109
,2023-02-06,47848,PIONEIRA ALIMENTOS CL 514,Consumidor Livre,SUL,17.28,2.890578
,2023-02-07,47848,PIONEIRA ALIMENTOS CL 514,Consumidor Livre,SUL,17.28,12.638463
,2023-02-08,47848,PIONEIRA ALIMENTOS CL 514,Consumidor Livre,SUL,17.28,13.105327
,2023-02-09,47848,PIONEIRA ALIMENTOS CL 514,Consumidor Livre,SUL,17.28,13.121391
,2023-02-10,47848,PIONEIRA ALIMENTOS CL 514,Consumidor Livre,SUL,17.28,12.540904
,2023-02-11,47848,PIONEIRA ALIMENTOS CL 514,Consumidor Livre,SUL,17.28,12.952479
,2023-02-12,47848,PIONEIRA ALIMENTOS CL 514,Consumidor Livre,SUL,17.28,1.011056
,2023-02-13,47848,PIONEIRA ALIMENTOS CL 514,Consumidor Livre,SUL,17.28,5.259687
,2023-02-14,47848,PIONEIRA ALIMENTOS CL 514,Consumidor Livre,SUL,17.28,12.785508
,2023-02-15,47848,PIONEIRA ALIMENTOS CL 514,Consumidor Livre,SUL,17.28,14.308389
,2023-02-16,47848,PIONEIRA ALIMENTOS CL 514,Consumidor Livre,SUL,17.28,14.133717
,2023-02-17,47848,PIONEIRA ALIMENTOS CL 514,Consumidor Livre,SUL,17.28,12.96776
,2023-02-18,47848,PIONEIRA ALIMENTOS CL 514,Consumidor Livre,SUL,17.28,13.46442
,2023-02-19,47848,PIONEIRA ALIMENTOS CL 514,Consumidor Livre,SUL,17.28,0.637782
,2023-02-20,47848,PIONEIRA ALIMENTOS CL 514,Consumidor Livre,SUL,17.28,3.028207
,2023-02-21,47848,PIONEIRA ALIMENTOS CL 514,Consumidor Livre,SUL,17.28,13.603998
,2023-02-22,47848,PIONEIRA ALIMENTOS CL 514,Consumidor Livre,SUL,17.28,13.337978
,2023-02-23,47848,PIONEIRA ALIMENTOS CL 514,Consumidor Livre,SUL,17.28,14.854617
,2023-02-24,47848,PIONEIRA ALIMENTOS CL 514,Consumidor Livre,SUL,17.28,15.03326
,2023-02-25,47848,PIONEIRA ALIMENTOS CL 514,Consumidor Livre,SUL,17.28,15.32514
,2023-02-26,47848,PIONEIRA ALIMENTOS CL 514,Consumidor Livre,SUL,17.28,2.7310060000000003
,2023-02-27,47848,PIONEIRA ALIMENTOS CL 514,Consumidor Livre,SUL,17.28,2.680835
,2023-02-28,47848,PIONEIRA ALIMENTOS CL 514,Consumidor Livre,SUL,17.28,12.399187
,2023-03-01,47848,PIONEIRA ALIMENTOS CL 514,Consumidor Livre,SUL,17.28,9.403264
,2023-03-02,47848,PIONEIRA ALIMENTOS CL 514,Consumidor Livre,SUL,17.28,13.013643
,2023-03-03,47848,PIONEIRA ALIMENTOS CL 514,Consumidor Livre,SUL,17.28,13.83985
,2023-03-04,47848,PIONEIRA ALIMENTOS CL 514,Consumidor Livre,SUL,17.28,14.153884
,2023-03-05,47848,PIONEIRA ALIMENTOS CL 514,Consumidor Livre,SUL,17.28,6.969054
,2023-03-06,47848,PIONEIRA ALIMENTOS CL 514,Consumidor Livre,SUL,17.28,2.833269
,2023-03-07,47848,PIONEIRA ALIMENTOS CL 514,Consumidor Livre,SUL,17.28,11.929859
,2023-03-08,47848,PIONEIRA ALIMENTOS CL 514,Consumidor Livre,SUL,17.28,13.421145
,2023-03-09,47848,PIONEIRA ALIMENTOS CL 514,Consumidor Livre,SUL,17.28,12.793213
,2023-03-10,47848,PIONEIRA ALIMENTOS CL 514,Consumidor Livre,SUL,17.28,15.0252
,2023-03-11,47848,PIONEIRA ALIMENTOS CL 514,Consumidor Livre,SUL,17.28,14.1634
,2023-03-12,47848,PIONEIRA ALIMENTOS CL 514,Consumidor Livre,SUL,17.28,12.374727
,2023-03-13,47848,PIONEIRA ALIMENTOS CL 514,Consumidor Livre,SUL,17.28,1.876259
,2023-03-14,47848,PIONEIRA ALIMENTOS CL 514,Consumidor Livre,SUL,17.28,14.087375
,2023-03-15,47848,PIONEIRA ALIMENTOS CL 514,Consumidor Livre,SUL,17.28,13.937497
,2023-03-16,47848,PIONEIRA ALIMENTOS CL 514,Consumidor Livre,SUL,17.28,13.25532
,2023-03-17,47848,PIONEIRA ALIMENTOS CL 514,Consumidor Livre,SUL,17.28,14.735216
,2023-03-18,47848,PIONEIRA ALIMENTOS CL 514,Consumidor Livre,SUL,17.28,14.0618
,2023-03-19,47848,PIONEIRA ALIMENTOS CL 514,Consumidor Livre,SUL,17.28,1.770036
,2023-03-20,47848,PIONEIRA ALIMENTOS CL 514,Consumidor Livre,SUL,17.28,2.473854
,2023-03-21,47848,PIONEIRA ALIMENTOS CL 514,Consumidor Livre,SUL,17.28,14.277435
,2023-03-22,47848,PIONEIRA ALIMENTOS CL 514,Consumidor Livre,SUL,17.28,13.355235
,2023-03-23,47848,PIONEIRA ALIMENTOS CL 514,Consumidor Livre,SUL,17.28,14.956321
,2023-03-24,47848,PIONEIRA ALIMENTOS CL 514,Consumidor Livre,SUL,17.28,14.592778
,2023-03-25,47848,PIONEIRA ALIMENTOS CL 514,Consumidor Livre,SUL,17.28,13.863214
,2023-03-26,47848,PIONEIRA ALIMENTOS CL 514,Consumidor Livre,SUL,17.28,3.2928840000000004
,2023-03-27,47848,PIONEIRA ALIMENTOS CL 514,Consumidor Livre,SUL,17.28,2.1953240000000003
,2023-03-28,47848,PIONEIRA ALIMENTOS CL 514,Consumidor Livre,SUL,17.28,12.516708
,2023-03-29,47848,PIONEIRA ALIMENTOS CL 514,Consumidor Livre,SUL,17.28,13.282526
,2023-03-30,47848,PIONEIRA ALIMENTOS CL 514,Consumidor Livre,SUL,17.28,13.702562
,2023-03-31,47848,PIONEIRA ALIMENTOS CL 514,Consumidor Livre,SUL,17.28,12.036554
,2023-04-01,47848,PIONEIRA ALIMENTOS CL 514,Consumidor Livre,SUL,17.28,6.0818
,2023-04-02,47848,PIONEIRA ALIMENTOS CL 514,Consumidor Livre,SUL,17.28,0.320982
,2023-04-03,47848,PIONEIRA ALIMENTOS CL 514,Consumidor Livre,SUL,17.28,1.97157
,2023-04-04,47848,PIONEIRA ALIMENTOS CL 514,Consumidor Livre,SUL,17.28,11.910112
,2023-04-05,47848,PIONEIRA ALIMENTOS CL 514,Consumidor Livre,SUL,17.28,13.905815
,2023-04-06,47848,PIONEIRA ALIMENTOS CL 514,Consumidor Livre,SUL,17.28,12.43813
,2023-04-07,47848,PIONEIRA ALIMENTOS CL 514,Consumidor Livre,SUL,17.28,3.932758
,2023-04-08,47848,PIONEIRA ALIMENTOS CL 514,Consumidor Livre,SUL,17.28,1.522624
,2023-04-09,47848,PIONEIRA ALIMENTOS CL 514,Consumidor Livre,SUL,17.28,0.211512
,2023-04-10,47848,PIONEIRA ALIMENTOS CL 514,Consumidor Livre,SUL,17.28,2.007358
,2023-04-11,47848,PIONEIRA ALIMENTOS CL 514,Consumidor Livre,SUL,17.28,13.425416
,2023-04-12,47848,PIONEIRA ALIMENTOS CL 514,Consumidor Livre,SUL,17.28,14.11798
,2023-04-13,47848,PIONEIRA ALIMENTOS CL 514,Consumidor Livre,SUL,17.28,14.238675
,2023-04-14,47848,PIONEIRA ALIMENTOS CL 514,Consumidor Livre,SUL,17.28,14.111658
,2023-04-15,47848,PIONEIRA ALIMENTOS CL 514,Consumidor Livre,SUL,17.28,15.568334
,2023-04-16,47848,PIONEIRA ALIMENTOS CL 514,Consumidor Livre,SUL,17.28,1.56328
,2023-04-17,47848,PIONEIRA ALIMENTOS CL 514,Consumidor Livre,SUL,17.28,0.502495
,2023-04-18,47848,PIONEIRA ALIMENTOS CL 514,Consumidor Livre,SUL,17.28,2.490024
,2023-04-19,47848,PIONEIRA ALIMENTOS CL 514,Consumidor Livre,SUL,17.28,8.222266
,2023-04-20,47848,PIONEIRA ALIMENTOS CL 514,Consumidor Livre,SUL,17.28,14.148721
,2023-04-21,47848,PIONEIRA ALIMENTOS CL 514,Consumidor Livre,SUL,17.28,15.904732
,2023-04-22,47848,PIONEIRA ALIMENTOS CL 514,Consumidor Livre,SUL,17.28,13.226386
,2023-04-23,47848,PIONEIRA ALIMENTOS CL 514,Consumidor Livre,SUL,17.28,0.431164
,2023-04-24,47848,PIONEIRA ALIMENTOS CL 514,Consumidor Livre,SUL,17.28,2.189191
,2023-04-25,47848,PIONEIRA ALIMENTOS CL 514,Consumidor Livre,SUL,17.28,13.463797
,2023-04-26,47848,PIONEIRA ALIMENTOS CL 514,Consumidor Livre,SUL,17.28,13.671096
,2023-04-27,47848,PIONEIRA ALIMENTOS CL 514,Consumidor Livre,SUL,17.28,13.827153
,2023-04-28,47848,PIONEIRA ALIMENTOS CL 514,Consumidor Livre,SUL,17.28,14.828573
,2023-04-29,47848,PIONEIRA ALIMENTOS CL 514,Consumidor Livre,SUL,17.28,14.924642
,2023-04-30,47848,PIONEIRA ALIMENTOS CL 514,Consumidor Livre,SUL,17.28,5.639717
,2023-05-01,47848,PIONEIRA ALIMENTOS CL 514,Consumidor Livre,SUL,17.28,3.55524
,2023-05-02,47848,PIONEIRA ALIMENTOS CL 514,Consumidor Livre,SUL,17.28,14.131495
,2023-05-03,47848,PIONEIRA ALIMENTOS CL 514,Consumidor Livre,SUL,17.28,13.120433
,2023-05-04,47848,PIONEIRA ALIMENTOS CL 514,Consumidor Livre,SUL,17.28,13.71685
,2023-05-05,47848,PIONEIRA ALIMENTOS CL 514,Consumidor Livre,SUL,17.28,13.752432
,2023-05-06,47848,PIONEIRA ALIMENTOS CL 514,Consumidor Livre,SUL,17.28,9.612173
,2023-05-07,47848,PIONEIRA ALIMENTOS CL 514,Consumidor Livre,SUL,17.28,0.272332
,2023-05-08,47848,PIONEIRA ALIMENTOS CL 514,Consumidor Livre,SUL,17.28,2.198667
,2023-05-09,47848,PIONEIRA ALIMENTOS CL 514,Consumidor Livre,SUL,17.28,13.664954
,2023-05-10,47848,PIONEIRA ALIMENTOS CL 514,Consumidor Livre,SUL,17.28,13.425056
,2023-05-11,47848,PIONEIRA ALIMENTOS CL 514,Consumidor Livre,SUL,17.28,12.376938
,2023-05-12,47848,PIONEIRA ALIMENTOS CL 514,Consumidor Livre,SUL,17.28,15.47434
,2023-05-13,47848,PIONEIRA ALIMENTOS CL 514,Consumidor Livre,SUL,17.28,15.477533
,2023-05-14,47848,PIONEIRA ALIMENTOS CL 514,Consumidor Livre,SUL,17.28,1.905228
,2023-05-15,47848,PIONEIRA ALIMENTOS CL 514,Consumidor Livre,SUL,17.28,1.101881
,2023-05-16,47848,PIONEIRA ALIMENTOS CL 514,Consumidor Livre,SUL,17.28,13.723947
,2023-05-17,47848,PIONEIRA ALIMENTOS CL 514,Consumidor Livre,SUL,17.28,13.843402
,2023-05-18,47848,PIONEIRA ALIMENTOS CL 514,Consumidor Livre,SUL,17.28,10.89713
,2023-05-19,47848,PIONEIRA ALIMENTOS CL 514,Consumidor Livre,SUL,17.28,15.193045
,2023-05-20,47848,PIONEIRA ALIMENTOS CL 514,Consumidor Livre,SUL,17.28,15.269466
,2023-05-21,47848,PIONEIRA ALIMENTOS CL 514,Consumidor Livre,SUL,17.28,1.938735
,2023-05-22,47848,PIONEIRA ALIMENTOS CL 514,Consumidor Livre,SUL,17.28,3.118643
,2023-05-23,47848,PIONEIRA ALIMENTOS CL 514,Consumidor Livre,SUL,17.28,11.731568
,2023-05-24,47848,PIONEIRA ALIMENTOS CL 514,Consumidor Livre,SUL,17.28,12.867254
,2023-05-25,47848,PIONEIRA ALIMENTOS CL 514,Consumidor Livre,SUL,17.28,11.84356
,2023-05-26,47848,PIONEIRA ALIMENTOS CL 514,Consumidor Livre,SUL,17.28,12.784552
,2023-05-27,47848,PIONEIRA ALIMENTOS CL 514,Consumidor Livre,SUL,17.28,13.881351
,2023-05-28,47848,PIONEIRA ALIMENTOS CL 514,Consumidor Livre,SUL,17.28,1.352331
,2023-05-29,47848,PIONEIRA ALIMENTOS CL 514,Consumidor Livre,SUL,17.28,2.197691
,2023-05-30,47848,PIONEIRA ALIMENTOS CL 514,Consumidor Livre,SUL,17.28,12.503283
,2023-05-31,47848,PIONEIRA ALIMENTOS CL 514,Consumidor Livre,SUL,17.28,4.426278
,2023-06-01,47848,PIONEIRA ALIMENTOS CL 514,Consumidor Livre,SUL,17.28,13.168413
,2023-06-02,47848,PIONEIRA ALIMENTOS CL 514,Consumidor Livre,SUL,17.28,13.096798
,2023-06-03,47848,PIONEIRA ALIMENTOS CL 514,Consumidor Livre,SUL,17.28,13.55929
,2023-06-04,47848,PIONEIRA ALIMENTOS CL 514,Consumidor Livre,SUL,17.28,0.235805
,2023-06-05,47848,PIONEIRA ALIMENTOS CL 514,Consumidor Livre,SUL,17.28,1.689899
,2023-06-06,47848,PIONEIRA ALIMENTOS CL 514,Consumidor Livre,SUL,17.28,8.390358
,2023-06-07,47848,PIONEIRA ALIMENTOS CL 514,Consumidor Livre,SUL,17.28,9.86285
,2023-06-08,47848,PIONEIRA ALIMENTOS CL 514,Consumidor Livre,SUL,17.28,15.635961
,2023-06-09,47848,PIONEIRA ALIMENTOS CL 514,Consumidor Livre,SUL,17.28,13.177324
,2023-06-10,47848,PIONEIRA ALIMENTOS CL 514,Consumidor Livre,SUL,17.28,10.839256
,2023-06-11,47848,PIONEIRA ALIMENTOS CL 514,Consumidor Livre,SUL,17.28,0.459851
,2023-06-12,47848,PIONEIRA ALIMENTOS CL 514,Consumidor Livre,SUL,17.28,2.0893360000000003
,2023-06-13,47848,PIONEIRA ALIMENTOS CL 514,Consumidor Livre,SUL,17.28,12.394968
,2023-06-14,47848,PIONEIRA ALIMENTOS CL 514,Consumidor Livre,SUL,17.28,3.823858
,2023-06-15,47848,PIONEIRA ALIMENTOS CL 514,Consumidor Livre,SUL,17.28,0.548639
,2023-06-16,47848,PIONEIRA ALIMENTOS CL 514,Consumidor Livre,SUL,17.28,12.117399
,2023-06-17,47848,PIONEIRA ALIMENTOS CL 514,Consumidor Livre,SUL,17.28,14.195245
,2023-06-18,47848,PIONEIRA ALIMENTOS CL 514,Consumidor Livre,SUL,17.28,0.286138
,2023-06-19,47848,PIONEIRA ALIMENTOS CL 514,Consumidor Livre,SUL,17.28,3.162317
,2023-06-20,47848,PIONEIRA ALIMENTOS CL 514,Consumidor Livre,SUL,17.28,13.474442
,2023-06-21,47848,PIONEIRA ALIMENTOS CL 514,Consumidor Livre,SUL,17.28,13.318849
,2023-06-22,47848,PIONEIRA ALIMENTOS CL 514,Consumidor Livre,SUL,17.28,13.928383
,2023-06-23,47848,PIONEIRA ALIMENTOS CL 514,Consumidor Livre,SUL,17.28,12.614129
,2023-06-24,47848,PIONEIRA ALIMENTOS CL 514,Consumidor Livre,SUL,17.28,12.114094
,2023-06-25,47848,PIONEIRA ALIMENTOS CL 514,Consumidor Livre,SUL,17.28,0.27579
,2023-06-26,47848,PIONEIRA ALIMENTOS CL 514,Consumidor Livre,SUL,17.28,1.86679
,2023-06-27,47848,PIONEIRA ALIMENTOS CL 514,Consumidor Livre,SUL,17.28,13.20957
,2023-06-28,47848,PIONEIRA ALIMENTOS CL 514,Consumidor Livre,SUL,17.28,13.037173
,2023-06-29,47848,PIONEIRA ALIMENTOS CL 514,Consumidor Livre,SUL,17.28,13.055009
,2023-06-30,47848,PIONEIRA ALIMENTOS CL 514,Consumidor Livre,SUL,17.28,14.844989
,2023-07-01,47848,PIONEIRA ALIMENTOS CL 514,Consumidor Livre,SUL,18.48,13.96621
,2023-07-02,47848,PIONEIRA ALIMENTOS CL 514,Consumidor Livre,SUL,18.48,3.136264
,2023-07-03,47848,PIONEIRA ALIMENTOS CL 514,Consumidor Livre,SUL,18.48,1.995242
,2023-07-04,47848,PIONEIRA ALIMENTOS CL 514,Consumidor Livre,SUL,18.48,12.80565
,2023-07-05,47848,PIONEIRA ALIMENTOS CL 514,Consumidor Livre,SUL,18.48,11.620749
,2023-07-06,47848,PIONEIRA ALIMENTOS CL 514,Consumidor Livre,SUL,18.48,12.965362
,2023-07-07,47848,PIONEIRA ALIMENTOS CL 514,Consumidor Livre,SUL,18.48,12.506351
,2023-07-08,47848,PIONEIRA ALIMENTOS CL 514,Consumidor Livre,SUL,18.48,14.563913
,2023-07-09,47848,PIONEIRA ALIMENTOS CL 514,Consumidor Livre,SUL,18.48,1.279686
,2023-07-10,47848,PIONEIRA ALIMENTOS CL 514,Consumidor Livre,SUL,18.48,1.912512
,2023-07-11,47848,PIONEIRA ALIMENTOS CL 514,Consumidor Livre,SUL,18.48,8.784877
,2023-07-12,47848,PIONEIRA ALIMENTOS CL 514,Consumidor Livre,SUL,18.48,13.206794
,2023-07-13,47848,PIONEIRA ALIMENTOS CL 514,Consumidor Livre,SUL,18.48,13.126564
,2023-07-14,47848,PIONEIRA ALIMENTOS CL 514,Consumidor Livre,SUL,18.48,12.508312
,2023-07-15,47848,PIONEIRA ALIMENTOS CL 514,Consumidor Livre,SUL,18.48,13.256141
,2023-07-16,47848,PIONEIRA ALIMENTOS CL 514,Consumidor Livre,SUL,18.48,0.459791
,2023-07-17,47848,PIONEIRA ALIMENTOS CL 514,Consumidor Livre,SUL,18.48,4.115912
,2023-07-18,47848,PIONEIRA ALIMENTOS CL 514,Consumidor Livre,SUL,18.48,13.321039
,2023-07-19,47848,PIONEIRA ALIMENTOS CL 514,Consumidor Livre,SUL,18.48,13.20161
,2023-07-20,47848,PIONEIRA ALIMENTOS CL 514,Consumidor Livre,SUL,18.48,14.931011
,2023-07-21,47848,PIONEIRA ALIMENTOS CL 514,Consumidor Livre,SUL,18.48,14.408142
,2023-07-22,47848,PIONEIRA ALIMENTOS CL 514,Consumidor Livre,SUL,18.48,14.526831
,2023-07-23,47848,PIONEIRA ALIMENTOS CL 514,Consumidor Livre,SUL,18.48,3.099113
,2023-07-24,47848,PIONEIRA ALIMENTOS CL 514,Consumidor Livre,SUL,18.48,3.193447
,2023-07-25,47848,PIONEIRA ALIMENTOS CL 514,Consumidor Livre,SUL,18.48,13.877221
,2023-07-26,47848,PIONEIRA ALIMENTOS CL 514,Consumidor Livre,SUL,18.48,13.48517
,2023-07-27,47848,PIONEIRA ALIMENTOS CL 514,Consumidor Livre,SUL,18.48,13.229473
,2023-07-28,47848,PIONEIRA ALIMENTOS CL 514,Consumidor Livre,SUL,18.48,13.433515
,2023-07-29,47848,PIONEIRA ALIMENTOS CL 514,Consumidor Livre,SUL,18.48,13.192163
,2023-07-30,47848,PIONEIRA ALIMENTOS CL 514,Consumidor Livre,SUL,18.48,0.2397159999999999
,2023-07-31,47848,PIONEIRA ALIMENTOS CL 514,Consumidor Livre,SUL,18.48,2.4075770000000003
,2023-08-01,47848,PIONEIRA ALIMENTOS CL 514,Consumidor Livre,SUL,18.48,13.125033
,2023-08-02,47848,PIONEIRA ALIMENTOS CL 514,Consumidor Livre,SUL,18.48,13.155742
,2023-08-03,47848,PIONEIRA ALIMENTOS CL 514,Consumidor Livre,SUL,18.48,13.291743
,2023-08-04,47848,PIONEIRA ALIMENTOS CL 514,Consumidor Livre,SUL,18.48,14.525184
,2023-08-05,47848,PIONEIRA ALIMENTOS CL 514,Consumidor Livre,SUL,18.48,13.748199
,2023-08-06,47848,PIONEIRA ALIMENTOS CL 514,Consumidor Livre,SUL,18.48,2.025718
,2023-08-07,47848,PIONEIRA ALIMENTOS CL 514,Consumidor Livre,SUL,18.48,3.992877
,2023-08-08,47848,PIONEIRA ALIMENTOS CL 514,Consumidor Livre,SUL,18.48,12.061065
,2023-08-09,47848,PIONEIRA ALIMENTOS CL 514,Consumidor Livre,SUL,18.48,13.148625
,2023-08-10,47848,PIONEIRA ALIMENTOS CL 514,Consumidor Livre,SUL,18.48,12.559121
,2023-08-11,47848,PIONEIRA ALIMENTOS CL 514,Consumidor Livre,SUL,18.48,12.860794
,2023-08-12,47848,PIONEIRA ALIMENTOS CL 514,Consumidor Livre,SUL,18.48,5.484988
,2023-08-13,47848,PIONEIRA ALIMENTOS CL 514,Consumidor Livre,SUL,18.48,0.21943
,2023-08-14,47848,PIONEIRA ALIMENTOS CL 514,Consumidor Livre,SUL,18.48,1.401174
,2023-08-15,47848,PIONEIRA ALIMENTOS CL 514,Consumidor Livre,SUL,18.48,9.129662
,2023-08-16,47848,PIONEIRA ALIMENTOS CL 514,Consumidor Livre,SUL,18.48,13.120749
,2023-08-17,47848,PIONEIRA ALIMENTOS CL 514,Consumidor Livre,SUL,18.48,12.7634
,2023-08-18,47848,PIONEIRA ALIMENTOS CL 514,Consumidor Livre,SUL,18.48,13.209976
,2023-08-19,47848,PIONEIRA ALIMENTOS CL 514,Consumidor Livre,SUL,18.48,11.907041
,2023-08-20,47848,PIONEIRA ALIMENTOS CL 514,Consumidor Livre,SUL,18.48,0.240898
,2023-08-21,47848,PIONEIRA ALIMENTOS CL 514,Consumidor Livre,SUL,18.48,2.979429
,2023-08-22,47848,PIONEIRA ALIMENTOS CL 514,Consumidor Livre,SUL,18.48,12.573943
,2023-08-23,47848,PIONEIRA ALIMENTOS CL 514,Consumidor Livre,SUL,18.48,11.761962
,2023-08-24,47848,PIONEIRA ALIMENTOS CL 514,Consumidor Livre,SUL,18.48,13.066544
,2023-08-25,47848,PIONEIRA ALIMENTOS CL 514,Consumidor Livre,SUL,18.48,13.349432
,2023-08-26,47848,PIONEIRA ALIMENTOS CL 514,Consumidor Livre,SUL,18.48,13.750198
,2023-08-27,47848,PIONEIRA ALIMENTOS CL 514,Consumidor Livre,SUL,18.48,0.659758
,2023-08-28,47848,PIONEIRA ALIMENTOS CL 514,Consumidor Livre,SUL,18.48,3.015726
,2023-08-29,47848,PIONEIRA ALIMENTOS CL 514,Consumidor Livre,SUL,18.48,12.778805
,2023-08-30,47848,PIONEIRA ALIMENTOS CL 514,Consumidor Livre,SUL,18.48,13.407981
,2023-08-31,47848,PIONEIRA ALIMENTOS CL 514,Consumidor Livre,SUL,18.48,13.316218
,2023-09-01,47848,PIONEIRA ALIMENTOS CL 514,Consumidor Livre,SUL,18.48,13.411977
,2023-09-02,47848,PIONEIRA ALIMENTOS CL 514,Consumidor Livre,SUL,18.48,9.13599
,2023-09-03,47848,PIONEIRA ALIMENTOS CL 514,Consumidor Livre,SUL,18.48,0.201355
,2023-09-04,47848,PIONEIRA ALIMENTOS CL 514,Consumidor Livre,SUL,18.48,1.13712
,2023-09-05,47848,PIONEIRA ALIMENTOS CL 514,Consumidor Livre,SUL,18.48,3.816718
,2023-09-06,47848,PIONEIRA ALIMENTOS CL 514,Consumidor Livre,SUL,18.48,3.765484
,2023-09-07,47848,PIONEIRA ALIMENTOS CL 514,Consumidor Livre,SUL,18.48,3.733903
,2023-09-08,47848,PIONEIRA ALIMENTOS CL 514,Consumidor Livre,SUL,18.48,3.850866
,2023-09-09,47848,PIONEIRA ALIMENTOS CL 514,Consumidor Livre,SUL,18.48,3.63598
,2023-09-10,47848,PIONEIRA ALIMENTOS CL 514,Consumidor Livre,SUL,18.48,0.238758
,2023-09-11,47848,PIONEIRA ALIMENTOS CL 514,Consumidor Livre,SUL,18.48,2.155276
,2023-09-12,47848,PIONEIRA ALIMENTOS CL 514,Consumidor Livre,SUL,18.48,3.473723
,2023-09-13,47848,PIONEIRA ALIMENTOS CL 514,Consumidor Livre,SUL,18.48,3.436184
,2023-09-14,47848,PIONEIRA ALIMENTOS CL 514,Consumidor Livre,SUL,18.48,3.51187
,2023-09-15,47848,PIONEIRA ALIMENTOS CL 514,Consumidor Livre,SUL,18.48,3.833081
,2023-09-16,47848,PIONEIRA ALIMENTOS CL 514,Consumidor Livre,SUL,18.48,2.487526
,2023-09-17,47848,PIONEIRA ALIMENTOS CL 514,Consumidor Livre,SUL,18.48,0.2206159999999999
,2023-09-18,47848,PIONEIRA ALIMENTOS CL 514,Consumidor Livre,SUL,18.48,1.816677
,2023-09-19,47848,PIONEIRA ALIMENTOS CL 514,Consumidor Livre,SUL,18.48,3.679766
,2023-09-20,47848,PIONEIRA ALIMENTOS CL 514,Consumidor Livre,SUL,18.48,3.717597
,2023-09-21,47848,PIONEIRA ALIMENTOS CL 514,Consumidor Livre,SUL,18.48,3.709492
,2023-09-22,47848,PIONEIRA ALIMENTOS CL 514,Consumidor Livre,SUL,18.48,3.52742
,2023-09-23,47848,PIONEIRA ALIMENTOS CL 514,Consumidor Livre,SUL,18.48,3.70585
,2023-09-24,47848,PIONEIRA ALIMENTOS CL 514,Consumidor Livre,SUL,18.48,0.610285
,2023-09-25,47848,PIONEIRA ALIMENTOS CL 514,Consumidor Livre,SUL,18.48,1.795907
,2023-09-26,47848,PIONEIRA ALIMENTOS CL 514,Consumidor Livre,SUL,18.48,8.606083
,2023-09-27,47848,PIONEIRA ALIMENTOS CL 514,Consumidor Livre,SUL,18.48,10.10691
,2023-09-28,47848,PIONEIRA ALIMENTOS CL 514,Consumidor Livre,SUL,18.48,10.455438
,2023-09-29,47848,PIONEIRA ALIMENTOS CL 514,Consumidor Livre,SUL,18.48,8.204219
,2023-09-30,47848,PIONEIRA ALIMENTOS CL 514,Consumidor Livre,SUL,18.48,9.985806
,2023-10-01,47848,PIONEIRA ALIMENTOS CL 514,Consumidor Livre,SUL,18.48,0.298476
,2023-10-02,47848,PIONEIRA ALIMENTOS CL 514,Consumidor Livre,SUL,18.48,1.740374
,2023-10-03,47848,PIONEIRA ALIMENTOS CL 514,Consumidor Livre,SUL,18.48,9.220307
,2023-10-04,47848,PIONEIRA ALIMENTOS CL 514,Consumidor Livre,SUL,18.48,9.484972
,2023-10-05,47848,PIONEIRA ALIMENTOS CL 514,Consumidor Livre,SUL,18.48,9.362707
,2023-10-06,47848,PIONEIRA ALIMENTOS CL 514,Consumidor Livre,SUL,18.48,10.447743
,2023-10-07,47848,PIONEIRA ALIMENTOS CL 514,Consumidor Livre,SUL,18.48,9.486397
,2023-10-08,47848,PIONEIRA ALIMENTOS CL 514,Consumidor Livre,SUL,18.48,0.191666
,2023-10-09,47848,PIONEIRA ALIMENTOS CL 514,Consumidor Livre,SUL,18.48,1.553342
,2023-10-10,47848,PIONEIRA ALIMENTOS CL 514,Consumidor Livre,SUL,18.48,9.067213
,2023-10-11,47848,PIONEIRA ALIMENTOS CL 514,Consumidor Livre,SUL,18.48,10.18181
,2023-10-12,47848,PIONEIRA ALIMENTOS CL 514,Consumidor Livre,SUL,18.48,3.696893
,2023-10-13,47848,PIONEIRA ALIMENTOS CL 514,Consumidor Livre,SUL,18.48,10.096877
,2023-10-14,47848,PIONEIRA ALIMENTOS CL 514,Consumidor Livre,SUL,18.48,8.132469
,2023-10-15,47848,PIONEIRA ALIMENTOS CL 514,Consumidor Livre,SUL,18.48,0.205934
,2023-10-16,47848,PIONEIRA ALIMENTOS CL 514,Consumidor Livre,SUL,18.48,1.706963
,2023-10-17,47848,PIONEIRA ALIMENTOS CL 514,Consumidor Livre,SUL,18.48,9.387512
,2023-10-18,47848,PIONEIRA ALIMENTOS CL 514,Consumidor Livre,SUL,18.48,10.186647
,2023-10-19,47848,PIONEIRA ALIMENTOS CL 514,Consumidor Livre,SUL,18.48,9.814417
,2023-10-20,47848,PIONEIRA ALIMENTOS CL 514,Consumidor Livre,SUL,18.48,11.275773
,2023-10-21,47848,PIONEIRA ALIMENTOS CL 514,Consumidor Livre,SUL,18.48,10.87583
,2023-10-22,47848,PIONEIRA ALIMENTOS CL 514,Consumidor Livre,SUL,18.48,0.217308
,2023-10-23,47848,PIONEIRA ALIMENTOS CL 514,Consumidor Livre,SUL,18.48,1.766924
,2023-10-24,47848,PIONEIRA ALIMENTOS CL 514,Consumidor Livre,SUL,18.48,9.781999
,2023-10-25,47848,PIONEIRA ALIMENTOS CL 514,Consumidor Livre,SUL,18.48,8.274296
,2023-10-26,47848,PIONEIRA ALIMENTOS CL 514,Consumidor Livre,SUL,18.48,9.965456
,2023-10-27,47848,PIONEIRA ALIMENTOS CL 514,Consumidor Livre,SUL,18.48,9.885444
,2023-10-28,47848,PIONEIRA ALIMENTOS CL 514,Consumidor Livre,SUL,18.48,6.763791
,2023-10-29,47848,PIONEIRA ALIMENTOS CL 514,Consumidor Livre,SUL,18.48,0.17959
,2023-10-30,47848,PIONEIRA ALIMENTOS CL 514,Consumidor Livre,SUL,18.48,1.254165
,2023-10-31,47848,PIONEIRA ALIMENTOS CL 514,Consumidor Livre,SUL,18.48,5.197946
,2023-11-01,47848,PIONEIRA ALIMENTOS CL 514,Consumidor Livre,SUL,18.48,5.876221999999999
,2023-11-02,47848,PIONEIRA ALIMENTOS CL 514,Consumidor Livre,SUL,18.48,8.652965
,2023-11-03,47848,PIONEIRA ALIMENTOS CL 514,Consumidor Livre,SUL,18.48,8.804186
,2023-11-04,47848,PIONEIRA ALIMENTOS CL 514,Consumidor Livre,SUL,18.48,12.404907
,2023-11-05,47848,PIONEIRA ALIMENTOS CL 514,Consumidor Livre,SUL,18.48,0.393323
,2023-11-06,47848,PIONEIRA ALIMENTOS CL 514,Consumidor Livre,SUL,18.48,6.855194
,2023-11-07,47848,PIONEIRA ALIMENTOS CL 514,Consumidor Livre,SUL,18.48,10.4228
,2023-11-08,47848,PIONEIRA ALIMENTOS CL 514,Consumidor Livre,SUL,18.48,12.512213
,2023-11-09,47848,PIONEIRA ALIMENTOS CL 514,Consumidor Livre,SUL,18.48,13.111578
,2023-11-10,47848,PIONEIRA ALIMENTOS CL 514,Consumidor Livre,SUL,18.48,12.587075
,2023-11-11,47848,PIONEIRA ALIMENTOS CL 514,Consumidor Livre,SUL,18.48,10.934942
,2023-11-12,47848,PIONEIRA ALIMENTOS CL 514,Consumidor Livre,SUL,18.48,0.283941
,2023-11-13,47848,PIONEIRA ALIMENTOS CL 514,Consumidor Livre,SUL,18.48,1.388129
,2023-11-14,47848,PIONEIRA ALIMENTOS CL 514,Consumidor Livre,SUL,18.48,9.609782
,2023-11-15,47848,PIONEIRA ALIMENTOS CL 514,Consumidor Livre,SUL,18.48,14.300125
,2023-11-16,47848,PIONEIRA ALIMENTOS CL 514,Consumidor Livre,SUL,18.48,13.551756
,2023-11-17,47848,PIONEIRA ALIMENTOS CL 514,Consumidor Livre,SUL,18.48,13.870506
,2023-11-18,47848,PIONEIRA ALIMENTOS CL 514,Consumidor Livre,SUL,18.48,12.221498
,2023-11-19,47848,PIONEIRA ALIMENTOS CL 514,Consumidor Livre,SUL,18.48,0.201111
,2023-11-20,47848,PIONEIRA ALIMENTOS CL 514,Consumidor Livre,SUL,18.48,1.645072
,2023-11-21,47848,PIONEIRA ALIMENTOS CL 514,Consumidor Livre,SUL,18.48,9.566799
,2023-11-22,47848,PIONEIRA ALIMENTOS CL 514,Consumidor Livre,SUL,18.48,13.904245
,2023-11-23,47848,PIONEIRA ALIMENTOS CL 514,Consumidor Livre,SUL,18.48,9.539628
,2023-11-24,47848,PIONEIRA ALIMENTOS CL 514,Consumidor Livre,SUL,18.48,4.635273
,2023-11-25,47848,PIONEIRA ALIMENTOS CL 514,Consumidor Livre,SUL,18.48,6.454895
,2023-11-26,47848,PIONEIRA ALIMENTOS CL 514,Consumidor Livre,SUL,18.48,0.213052
,2023-11-27,47848,PIONEIRA ALIMENTOS CL 514,Consumidor Livre,SUL,18.48,1.734015
,2023-11-28,47848,PIONEIRA ALIMENTOS CL 514,Consumidor Livre,SUL,18.48,8.246094
,2023-11-29,47848,PIONEIRA ALIMENTOS CL 514,Consumidor Livre,SUL,18.48,8.529652
,2023-11-30,47848,PIONEIRA ALIMENTOS CL 514,Consumidor Livre,SUL,18.48,12.97499
,2023-12-01,47848,PIONEIRA ALIMENTOS CL 514,Consumidor Livre,SUL,18.48,10.204079
,2023-12-02,47848,PIONEIRA ALIMENTOS CL 514,Consumidor Livre,SUL,18.48,13.15289
,2023-12-03,47848,PIONEIRA ALIMENTOS CL 514,Consumidor Livre,SUL,18.48,0.319285
,2023-12-04,47848,PIONEIRA ALIMENTOS CL 514,Consumidor Livre,SUL,18.48,1.215933
,2023-12-05,47848,PIONEIRA ALIMENTOS CL 514,Consumidor Livre,SUL,18.48,8.868576000000001
,2023-12-06,47848,PIONEIRA ALIMENTOS CL 514,Consumidor Livre,SUL,18.48,12.943709
,2023-12-07,47848,PIONEIRA ALIMENTOS CL 514,Consumidor Livre,SUL,18.48,13.283709
,2023-12-08,47848,PIONEIRA ALIMENTOS CL 514,Consumidor Livre,SUL,18.48,15.127329
,2023-12-09,47848,PIONEIRA ALIMENTOS CL 514,Consumidor Livre,SUL,18.48,14.37
,2023-12-10,47848,PIONEIRA ALIMENTOS CL 514,Consumidor Livre,SUL,18.48,0.376591
,2023-12-11,47848,PIONEIRA ALIMENTOS CL 514,Consumidor Livre,SUL,18.48,1.621632
,2023-12-12,47848,PIONEIRA ALIMENTOS CL 514,Consumidor Livre,SUL,18.48,12.150974
,2023-12-13,47848,PIONEIRA ALIMENTOS CL 514,Consumidor Livre,SUL,18.48,13.643127
,2023-12-14,47848,PIONEIRA ALIMENTOS CL 514,Consumidor Livre,SUL,18.48,13.352329
,2023-12-15,47848,PIONEIRA ALIMENTOS CL 514,Consumidor Livre,SUL,18.48,15.060913
,2023-12-16,47848,PIONEIRA ALIMENTOS CL 514,Consumidor Livre,SUL,18.48,15.064237
,2023-12-17,47848,PIONEIRA ALIMENTOS CL 514,Consumidor Livre,SUL,18.48,1.656675
,2023-12-18,47848,PIONEIRA ALIMENTOS CL 514,Consumidor Livre,SUL,18.48,3.376475
,2023-12-19,47848,PIONEIRA ALIMENTOS CL 514,Consumidor Livre,SUL,18.48,13.680098
,2023-12-20,47848,PIONEIRA ALIMENTOS CL 514,Consumidor Livre,SUL,18.48,14.515993
,2023-12-21,47848,PIONEIRA ALIMENTOS CL 514,Consumidor Livre,SUL,18.48,14.124913
,2023-12-22,47848,PIONEIRA ALIMENTOS CL 514,Consumidor Livre,SUL,18.48,14.991825
,2023-12-23,47848,PIONEIRA ALIMENTOS CL 514,Consumidor Livre,SUL,18.48,2.423915
,2023-12-24,47848,PIONEIRA ALIMENTOS CL 514,Consumidor Livre,SUL,18.48,0.161514
,2023-12-25,47848,PIONEIRA ALIMENTOS CL 514,Consumidor Livre,SUL,18.48,0.166801
,2023-12-26,47848,PIONEIRA ALIMENTOS CL 514,Consumidor Livre,SUL,18.48,0.179731
,2023-12-27,47848,PIONEIRA ALIMENTOS CL 514,Consumidor Livre,SUL,18.48,0.206609
,2023-12-28,47848,PIONEIRA ALIMENTOS CL 514,Consumidor Livre,SUL,18.48,0.246538
,2023-12-29,47848,PIONEIRA ALIMENTOS CL 514,Consumidor Livre,SUL,18.48,0.205541
,2023-12-30,47848,PIONEIRA ALIMENTOS CL 514,Consumidor Livre,SUL,18.48,0.17196
,2023-12-31,47848,PIONEIRA ALIMENTOS CL 514,Consumidor Livre,SUL,18.48,0.166072
,2024-01-01,47848,PIONEIRA ALIMENTOS CL 514,Consumidor Livre,SUL,18.48,0.163441
,2024-01-02,47848,PIONEIRA ALIMENTOS CL 514,Consumidor Livre,SUL,18.48,0.18746
,2024-01-03,47848,PIONEIRA ALIMENTOS CL 514,Consumidor Livre,SUL,18.48,0.218884
,2024-01-04,47848,PIONEIRA ALIMENTOS CL 514,Consumidor Livre,SUL,18.48,0.2426
,2024-01-05,47848,PIONEIRA ALIMENTOS CL 514,Consumidor Livre,SUL,18.48,0.245329
,2024-01-06,47848,PIONEIRA ALIMENTOS CL 514,Consumidor Livre,SUL,18.48,0.251422
,2024-01-07,47848,PIONEIRA ALIMENTOS CL 514,Consumidor Livre,SUL,18.48,0.281466
,2024-01-08,47848,PIONEIRA ALIMENTOS CL 514,Consumidor Livre,SUL,18.48,3.941237
,2024-01-09,47848,PIONEIRA ALIMENTOS CL 514,Consumidor Livre,SUL,18.48,12.924875
,2024-01-10,47848,PIONEIRA ALIMENTOS CL 514,Consumidor Livre,SUL,18.48,13.510743
,2024-01-11,47848,PIONEIRA ALIMENTOS CL 514,Consumidor Livre,SUL,18.48,13.326545
,2024-01-12,47848,PIONEIRA ALIMENTOS CL 514,Consumidor Livre,SUL,18.48,13.471154
,2024-01-13,47848,PIONEIRA ALIMENTOS CL 514,Consumidor Livre,SUL,18.48,14.653183
,2024-01-14,47848,PIONEIRA ALIMENTOS CL 514,Consumidor Livre,SUL,18.48,0.49567
,2024-01-15,47848,PIONEIRA ALIMENTOS CL 514,Consumidor Livre,SUL,18.48,1.679734
,2024-01-16,47848,PIONEIRA ALIMENTOS CL 514,Consumidor Livre,SUL,18.48,10.708202
,2024-01-17,47848,PIONEIRA ALIMENTOS CL 514,Consumidor Livre,SUL,18.48,13.496709
,2024-01-18,47848,PIONEIRA ALIMENTOS CL 514,Consumidor Livre,SUL,18.48,14.726645
,2024-01-19,47848,PIONEIRA ALIMENTOS CL 514,Consumidor Livre,SUL,18.48,14.536845
,2024-01-20,47848,PIONEIRA ALIMENTOS CL 514,Consumidor Livre,SUL,18.48,14.45909
,2024-01-21,47848,PIONEIRA ALIMENTOS CL 514,Consumidor Livre,SUL,18.48,2.746619
,2024-01-22,47848,PIONEIRA ALIMENTOS CL 514,Consumidor Livre,SUL,18.48,3.121458
,2024-01-23,47848,PIONEIRA ALIMENTOS CL 514,Consumidor Livre,SUL,18.48,13.430455
,2024-01-24,47848,PIONEIRA ALIMENTOS CL 514,Consumidor Livre,SUL,18.48,14.80019
,2024-01-25,47848,PIONEIRA ALIMENTOS CL 514,Consumidor Livre,SUL,18.48,15.184332
,2024-01-26,47848,PIONEIRA ALIMENTOS CL 514,Consumidor Livre,SUL,18.48,15.450107
,2024-01-27,47848,PIONEIRA ALIMENTOS CL 514,Consumidor Livre,SUL,18.48,15.60878
,2024-01-28,47848,PIONEIRA ALIMENTOS CL 514,Consumidor Livre,SUL,18.48,0.586687
,2024-01-29,47848,PIONEIRA ALIMENTOS CL 514,Consumidor Livre,SUL,18.48,2.992338
,2024-01-30,47848,PIONEIRA ALIMENTOS CL 514,Consumidor Livre,SUL,18.48,15.215275
,2024-01-31,47848,PIONEIRA ALIMENTOS CL 514,Consumidor Livre,SUL,18.48,14.482725
,2024-02-01,47848,PIONEIRA ALIMENTOS CL 514,Consumidor Livre,SUL,18.48,15.517208
,2024-02-02,47848,PIONEIRA ALIMENTOS CL 514,Consumidor Livre,SUL,18.48,15.198601
,2024-02-03,47848,PIONEIRA ALIMENTOS CL 514,Consumidor Livre,SUL,18.48,15.451293
,2024-02-04,47848,PIONEIRA ALIMENTOS CL 514,Consumidor Livre,SUL,18.48,0.417979
,2024-02-05,47848,PIONEIRA ALIMENTOS CL 514,Consumidor Livre,SUL,18.48,3.07099
,2024-02-06,47848,PIONEIRA ALIMENTOS CL 514,Consumidor Livre,SUL,18.48,15.547824
,2024-02-07,47848,PIONEIRA ALIMENTOS CL 514,Consumidor Livre,SUL,18.48,15.242925
,2024-02-08,47848,PIONEIRA ALIMENTOS CL 514,Consumidor Livre,SUL,18.48,12.297282
,2024-02-09,47848,PIONEIRA ALIMENTOS CL 514,Consumidor Livre,SUL,18.48,15.534916
,2024-02-10,47848,PIONEIRA ALIMENTOS CL 514,Consumidor Livre,SUL,18.48,15.598582
,2024-02-11,47848,PIONEIRA ALIMENTOS CL 514,Consumidor Livre,SUL,18.48,0.820739
,2024-02-12,47848,PIONEIRA ALIMENTOS CL 514,Consumidor Livre,SUL,18.48,5.32675
,2024-02-13,47848,PIONEIRA ALIMENTOS CL 514,Consumidor Livre,SUL,18.48,14.778207
,2024-02-14,47848,PIONEIRA ALIMENTOS CL 514,Consumidor Livre,SUL,18.48,14.874789
,2024-02-15,47848,PIONEIRA ALIMENTOS CL 514,Consumidor Livre,SUL,18.48,14.417441
,2024-02-16,47848,PIONEIRA ALIMENTOS CL 514,Consumidor Livre,SUL,18.48,15.089015
,2024-02-17,47848,PIONEIRA ALIMENTOS CL 514,Consumidor Livre,SUL,18.48,13.17073
,2024-02-18,47848,PIONEIRA ALIMENTOS CL 514,Consumidor Livre,SUL,18.48,0.242527
,2024-02-19,47848,PIONEIRA ALIMENTOS CL 514,Consumidor Livre,SUL,18.48,3.071707
,2024-02-20,47848,PIONEIRA ALIMENTOS CL 514,Consumidor Livre,SUL,18.48,15.121084
,2024-02-21,47848,PIONEIRA ALIMENTOS CL 514,Consumidor Livre,SUL,18.48,15.116939
,2024-02-22,47848,PIONEIRA ALIMENTOS CL 514,Consumidor Livre,SUL,18.48,15.278427
,2024-02-23,47848,PIONEIRA ALIMENTOS CL 514,Consumidor Livre,SUL,18.48,13.828901
,2024-02-24,47848,PIONEIRA ALIMENTOS CL 514,Consumidor Livre,SUL,18.48,15.472497
,2024-02-25,47848,PIONEIRA ALIMENTOS CL 514,Consumidor Livre,SUL,18.48,1.213812
,2024-02-26,47848,PIONEIRA ALIMENTOS CL 514,Consumidor Livre,SUL,18.48,4.134728
,2024-02-27,47848,PIONEIRA ALIMENTOS CL 514,Consumidor Livre,SUL,18.48,11.188927
,2024-02-28,47848,PIONEIRA ALIMENTOS CL 514,Consumidor Livre,SUL,18.48,2.068727
,2024-02-29,47848,PIONEIRA ALIMENTOS CL 514,Consumidor Livre,SUL,18.48,6.390787
202403.0,2024-03-01,47848,PIONEIRA ALIMENTOS CL 514,Consumidor Livre,SUL,18.48,13.067246
202403.0,2024-03-02,47848,PIONEIRA ALIMENTOS CL 514,Consumidor Livre,SUL,18.48,14.768942
202403.0,2024-03-03,47848,PIONEIRA ALIMENTOS CL 514,Consumidor Livre,SUL,18.48,2.692711
202403.0,2024-03-04,47848,PIONEIRA ALIMENTOS CL 514,Consumidor Livre,SUL,18.48,2.561002
202403.0,2024-03-05,47848,PIONEIRA ALIMENTOS CL 514,Consumidor Livre,SUL,18.48,13.403766
202403.0,2024-03-06,47848,PIONEIRA ALIMENTOS CL 514,Consumidor Livre,SUL,18.48,13.192627
202403.0,2024-03-07,47848,PIONEIRA ALIMENTOS CL 514,Consumidor Livre,SUL,18.48,14.318173
202403.0,2024-03-08,47848,PIONEIRA ALIMENTOS CL 514,Consumidor Livre,SUL,18.48,11.90525
202403.0,2024-03-09,47848,PIONEIRA ALIMENTOS CL 514,Consumidor Livre,SUL,18.48,12.831875
202403.0,2024-03-10,47848,PIONEIRA ALIMENTOS CL 514,Consumidor Livre,SUL,18.48,0.279625
202403.0,2024-03-11,47848,PIONEIRA ALIMENTOS CL 514,Consumidor Livre,SUL,18.48,2.648603
202403.0,2024-03-12,47848,PIONEIRA ALIMENTOS CL 514,Consumidor Livre,SUL,18.48,13.409441
202403.0,2024-03-13,47848,PIONEIRA ALIMENTOS CL 514,Consumidor Livre,SUL,18.48,12.544743
202403.0,2024-03-14,47848,PIONEIRA ALIMENTOS CL 514,Consumidor Livre,SUL,18.48,14.565229
202403.0,2024-03-15,47848,PIONEIRA ALIMENTOS CL 514,Consumidor Livre,SUL,18.48,14.85252
202403.0,2024-03-16,47848,PIONEIRA ALIMENTOS CL 514,Consumidor Livre,SUL,18.48,15.174479
202403.0,2024-03-17,47848,PIONEIRA ALIMENTOS CL 514,Consumidor Livre,SUL,18.48,2.007792
202403.0,2024-03-18,47848,PIONEIRA ALIMENTOS CL 514,Consumidor Livre,SUL,18.48,3.758946
202403.0,2024-03-19,47848,PIONEIRA ALIMENTOS CL 514,Consumidor Livre,SUL,18.48,13.056508
202403.0,2024-03-20,47848,PIONEIRA ALIMENTOS CL 514,Consumidor Livre,SUL,18.48,13.563024
202403.0,2024-03-21,47848,PIONEIRA ALIMENTOS CL 514,Consumidor Livre,SUL,18.48,12.925255
202403.0,2024-03-22,47848,PIONEIRA ALIMENTOS CL 514,Consumidor Livre,SUL,18.48,13.954518
202403.0,2024-03-23,47848,PIONEIRA ALIMENTOS CL 514,Consumidor Livre,SUL,18.48,14.845931
202403.0,2024-03-24,47848,PIONEIRA ALIMENTOS CL 514,Consumidor Livre,SUL,18.48,1.4167
202403.0,2024-03-25,47848,PIONEIRA ALIMENTOS CL 514,Consumidor Livre,SUL,18.48,3.0172090000000003
202403.0,2024-03-26,47848,PIONEIRA ALIMENTOS CL 514,Consumidor Livre,SUL,18.48,13.988608
202403.0,2024-03-27,47848,PIONEIRA ALIMENTOS CL 514,Consumidor Livre,SUL,18.48,12.74389
202403.0,2024-03-28,47848,PIONEIRA ALIMENTOS CL 514,Consumidor Livre,SUL,18.48,13.979163
202403.0,2024-03-29,47848,PIONEIRA ALIMENTOS CL 514,Consumidor Livre,SUL,18.48,0.307062
202403.0,2024-03-30,47848,PIONEIRA ALIMENTOS CL 514,Consumidor Livre,SUL,18.48,10.433547
202403.0,2024-03-31,47848,PIONEIRA ALIMENTOS CL 514,Consumidor Livre,SUL,18.48,0.273401
202404.0,2024-04-01,47848,PIONEIRA ALIMENTOS CL 514,Consumidor Livre,SUL,18.48,2.932664
202404.0,2024-04-02,47848,PIONEIRA ALIMENTOS CL 514,Consumidor Livre,SUL,18.48,12.224985
202404.0,2024-04-03,47848,PIONEIRA ALIMENTOS CL 514,Consumidor Livre,SUL,18.48,13.607124
202404.0,2024-04-04,47848,PIONEIRA ALIMENTOS CL 514,Consumidor Livre,SUL,18.48,13.940571
202404.0,2024-04-05,47848,PIONEIRA ALIMENTOS CL 514,Consumidor Livre,SUL,18.48,14.725857
202404.0,2024-04-06,47848,PIONEIRA ALIMENTOS CL 514,Consumidor Livre,SUL,18.48,14.98017
202404.0,2024-04-07,47848,PIONEIRA ALIMENTOS CL 514,Consumidor Livre,SUL,18.48,5.303891
202404.0,2024-04-08,47848,PIONEIRA ALIMENTOS CL 514,Consumidor Livre,SUL,18.48,1.884773
202404.0,2024-04-09,47848,PIONEIRA ALIMENTOS CL 514,Consumidor Livre,SUL,18.48,12.318015
202404.0,2024-04-10,47848,PIONEIRA ALIMENTOS CL 514,Consumidor Livre,SUL,18.48,12.843055
202404.0,2024-04-11,47848,PIONEIRA ALIMENTOS CL 514,Consumidor Livre,SUL,18.48,13.47003
202404.0,2024-04-12,47848,PIONEIRA ALIMENTOS CL 514,Consumidor Livre,SUL,18.48,13.267673
202404.0,2024-04-13,47848,PIONEIRA ALIMENTOS CL 514,Consumidor Livre,SUL,18.48,14.681801
202404.0,2024-04-14,47848,PIONEIRA ALIMENTOS CL 514,Consumidor Livre,SUL,18.48,2.655094
202404.0,2024-04-15,47848,PIONEIRA ALIMENTOS CL 514,Consumidor Livre,SUL,18.48,1.060043
202404.0,2024-04-16,47848,PIONEIRA ALIMENTOS CL 514,Consumidor Livre,SUL,18.48,3.813333
202404.0,2024-04-17,47848,PIONEIRA ALIMENTOS CL 514,Consumidor Livre,SUL,18.48,3.0768
202404.0,2024-04-18,47848,PIONEIRA ALIMENTOS CL 514,Consumidor Livre,SUL,18.48,4.340721
202404.0,2024-04-19,47848,PIONEIRA ALIMENTOS CL 514,Consumidor Livre,SUL,18.48,14.348798
202404.0,2024-04-20,47848,PIONEIRA ALIMENTOS CL 514,Consumidor Livre,SUL,18.48,14.532854
202404.0,2024-04-21,47848,PIONEIRA ALIMENTOS CL 514,Consumidor Livre,SUL,18.48,2.508484
202404.0,2024-04-22,47848,PIONEIRA ALIMENTOS CL 514,Consumidor Livre,SUL,18.48,2.9583120000000003
202404.0,2024-04-23,47848,PIONEIRA ALIMENTOS CL 514,Consumidor Livre,SUL,18.48,12.773872
202404.0,2024-04-24,47848,PIONEIRA ALIMENTOS CL 514,Consumidor Livre,SUL,18.48,13.020811
202404.0,2024-04-25,47848,PIONEIRA ALIMENTOS CL 514,Consumidor Livre,SUL,18.48,13.526871
202404.0,2024-04-26,47848,PIONEIRA ALIMENTOS CL 514,Consumidor Livre,SUL,18.48,13.508195
202404.0,2024-04-27,47848,PIONEIRA ALIMENTOS CL 514,Consumidor Livre,SUL,18.48,13.481861
202404.0,2024-04-28,47848,PIONEIRA ALIMENTOS CL 514,Consumidor Livre,SUL,18.48,4.241712
202404.0,2024-04-29,47848,PIONEIRA ALIMENTOS CL 514,Consumidor Livre,SUL,18.48,3.180096
202404.0,2024-04-30,47848,PIONEIRA ALIMENTOS CL 514,Consumidor Livre,SUL,18.48,13.445215
202405.0,2024-05-01,47848,PIONEIRA ALIMENTOS CL 514,Consumidor Livre,SUL,18.48,14.992148
202405.0,2024-05-02,47848,PIONEIRA ALIMENTOS CL 514,Consumidor Livre,SUL,18.48,13.380127
202405.0,2024-05-03,47848,PIONEIRA ALIMENTOS CL 514,Consumidor Livre,SUL,18.48,14.106774
202405.0,2024-05-04,47848,PIONEIRA ALIMENTOS CL 514,Consumidor Livre,SUL,18.48,14.532994
202405.0,2024-05-05,47848,PIONEIRA ALIMENTOS CL 514,Consumidor Livre,SUL,18.48,2.426527
202405.0,2024-05-06,47848,PIONEIRA ALIMENTOS CL 514,Consumidor Livre,SUL,18.48,3.23842
202405.0,2024-05-07,47848,PIONEIRA ALIMENTOS CL 514,Consumidor Livre,SUL,18.48,12.3315
202405.0,2024-05-08,47848,PIONEIRA ALIMENTOS CL 514,Consumidor Livre,SUL,18.48,13.251823
202405.0,2024-05-09,47848,PIONEIRA ALIMENTOS CL 514,Consumidor Livre,SUL,18.48,13.1431
202405.0,2024-05-10,47848,PIONEIRA ALIMENTOS CL 514,Consumidor Livre,SUL,18.48,14.322896
202405.0,2024-05-11,47848,PIONEIRA ALIMENTOS CL 514,Consumidor Livre,SUL,18.48,14.186445
202405.0,2024-05-12,47848,PIONEIRA ALIMENTOS CL 514,Consumidor Livre,SUL,18.48,3.895432
202405.0,2024-05-13,47848,PIONEIRA ALIMENTOS CL 514,Consumidor Livre,SUL,18.48,2.176912
202405.0,2024-05-14,47848,PIONEIRA ALIMENTOS CL 514,Consumidor Livre,SUL,18.48,11.896316
202405.0,2024-05-15,47848,PIONEIRA ALIMENTOS CL 514,Consumidor Livre,SUL,18.48,12.524595
202405.0,2024-05-16,47848,PIONEIRA ALIMENTOS CL 514,Consumidor Livre,SUL,18.48,12.777174
202405.0,2024-05-17,47848,PIONEIRA ALIMENTOS CL 514,Consumidor Livre,SUL,18.48,13.266031
202405.0,2024-05-18,47848,PIONEIRA ALIMENTOS CL 514,Consumidor Livre,SUL,18.48,13.942999
202405.0,2024-05-19,47848,PIONEIRA ALIMENTOS CL 514,Consumidor Livre,SUL,18.48,3.502661
202405.0,2024-05-20,47848,PIONEIRA ALIMENTOS CL 514,Consumidor Livre,SUL,18.48,3.125741
202405.0,2024-05-21,47848,PIONEIRA ALIMENTOS CL 514,Consumidor Livre,SUL,18.48,11.27201
202405.0,2024-05-22,47848,PIONEIRA ALIMENTOS CL 514,Consumidor Livre,SUL,18.48,12.957603
202405.0,2024-05-23,47848,PIONEIRA ALIMENTOS CL 514,Consumidor Livre,SUL,18.48,13.179489
202405.0,2024-05-24,47848,PIONEIRA ALIMENTOS CL 514,Consumidor Livre,SUL,18.48,5.552596
202405.0,2024-05-25,47848,PIONEIRA ALIMENTOS CL 514,Consumidor Livre,SUL,18.48,8.538865
202405.0,2024-05-26,47848,PIONEIRA ALIMENTOS CL 514,Consumidor Livre,SUL,18.48,7.903075999999999
202405.0,2024-05-27,47848,PIONEIRA ALIMENTOS CL 514,Consumidor Livre,SUL,18.48,0.782729
202405.0,2024-05-28,47848,PIONEIRA ALIMENTOS CL 514,Consumidor Livre,SUL,18.48,4.122725
202405.0,2024-05-29,47848,PIONEIRA ALIMENTOS CL 514,Consumidor Livre,SUL,18.48,12.450822
202405.0,2024-05-30,47848,PIONEIRA ALIMENTOS CL 514,Consumidor Livre,SUL,18.48,14.335049
202405.0,2024-05-31,47848,PIONEIRA ALIMENTOS CL 514,Consumidor Livre,SUL,18.48,14.470846
202406.0,2024-06-01,47848,PIONEIRA ALIMENTOS CL 514,Consumidor Livre,SUL,18.48,14.535995
202406.0,2024-06-02,47848,PIONEIRA ALIMENTOS CL 514,Consumidor Livre,SUL,18.48,2.751685
202406.0,2024-06-03,47848,PIONEIRA ALIMENTOS CL 514,Consumidor Livre,SUL,18.48,3.283083
202406.0,2024-06-04,47848,PIONEIRA ALIMENTOS CL 514,Consumidor Livre,SUL,18.48,12.681014
202406.0,2024-06-05,47848,PIONEIRA ALIMENTOS CL 514,Consumidor Livre,SUL,18.48,12.911828
202406.0,2024-06-06,47848,PIONEIRA ALIMENTOS CL 514,Consumidor Livre,SUL,18.48,13.572233
202406.0,2024-06-07,47848,PIONEIRA ALIMENTOS CL 514,Consumidor Livre,SUL,18.48,14.362301
202406.0,2024-06-08,47848,PIONEIRA ALIMENTOS CL 514,Consumidor Livre,SUL,18.48,14.611141
202406.0,2024-06-09,47848,PIONEIRA ALIMENTOS CL 514,Consumidor Livre,SUL,18.48,3.474046
202406.0,2024-06-10,47848,PIONEIRA ALIMENTOS CL 514,Consumidor Livre,SUL,18.48,3.391616
202406.0,2024-06-11,47848,PIONEIRA ALIMENTOS CL 514,Consumidor Livre,SUL,18.48,14.649386
202406.0,2024-06-12,47848,PIONEIRA ALIMENTOS CL 514,Consumidor Livre,SUL,18.48,14.55306
202406.0,2024-06-13,47848,PIONEIRA ALIMENTOS CL 514,Consumidor Livre,SUL,18.48,10.577858
202406.0,2024-06-14,47848,PIONEIRA ALIMENTOS CL 514,Consumidor Livre,SUL,18.48,10.984989
202406.0,2024-06-15,47848,PIONEIRA ALIMENTOS CL 514,Consumidor Livre,SUL,18.48,13.177302
202406.0,2024-06-16,47848,PIONEIRA ALIMENTOS CL 514,Consumidor Livre,SUL,18.48,1.399414
202406.0,2024-06-17,47848,PIONEIRA ALIMENTOS CL 514,Consumidor Livre,SUL,18.48,1.984134
202406.0,2024-06-18,47848,PIONEIRA ALIMENTOS CL 514,Consumidor Livre,SUL,18.48,13.641736
202406.0,2024-06-19,47848,PIONEIRA ALIMENTOS CL 514,Consumidor Livre,SUL,18.48,12.669647
202406.0,2024-06-20,47848,PIONEIRA ALIMENTOS CL 514,Consumidor Livre,SUL,18.48,9.678873
202406.0,2024-06-21,47848,PIONEIRA ALIMENTOS CL 514,Consumidor Livre,SUL,18.48,14.946067
202406.0,2024-06-22,47848,PIONEIRA ALIMENTOS CL 514,Consumidor Livre,SUL,18.48,13.07394
202406.0,2024-06-23,47848,PIONEIRA ALIMENTOS CL 514,Consumidor Livre,SUL,18.48,2.469884
202406.0,2024-06-24,47848,PIONEIRA ALIMENTOS CL 514,Consumidor Livre,SUL,18.48,2.075539
202406.0,2024-06-25,47848,PIONEIRA ALIMENTOS CL 514,Consumidor Livre,SUL,18.48,13.667176
202406.0,2024-06-26,47848,PIONEIRA ALIMENTOS CL 514,Consumidor Livre,SUL,18.48,14.762875
202406.0,2024-06-27,47848,PIONEIRA ALIMENTOS CL 514,Consumidor Livre,SUL,18.48,13.40571
202406.0,2024-06-28,47848,PIONEIRA ALIMENTOS CL 514,Consumidor Livre,SUL,18.48,15.447079
202406.0,2024-06-29,47848,PIONEIRA ALIMENTOS CL 514,Consumidor Livre,SUL,18.48,13.861687
202406.0,2024-06-30,47848,PIONEIRA ALIMENTOS CL 514,Consumidor Livre,SUL,18.48,0.924389
202407.0,2024-07-01,47848,PIONEIRA ALIMENTOS CL 514,Consumidor Livre,SUL,18.48,3.182724
202407.0,2024-07-02,47848,PIONEIRA ALIMENTOS CL 514,Consumidor Livre,SUL,18.48,14.126645
202407.0,2024-07-03,47848,PIONEIRA ALIMENTOS CL 514,Consumidor Livre,SUL,18.48,14.227102
202407.0,2024-07-04,47848,PIONEIRA ALIMENTOS CL 514,Consumidor Livre,SUL,18.48,12.788733
202407.0,2024-07-05,47848,PIONEIRA ALIMENTOS CL 514,Consumidor Livre,SUL,18.48,13.969516
202407.0,2024-07-06,47848,PIONEIRA ALIMENTOS CL 514,Consumidor Livre,SUL,18.48,14.621494
202407.0,2024-07-07,47848,PIONEIRA ALIMENTOS CL 514,Consumidor Livre,SUL,18.48,3.870789
202407.0,2024-07-08,47848,PIONEIRA ALIMENTOS CL 514,Consumidor Livre,SUL,18.48,2.068301
202407.0,2024-07-09,47848,PIONEIRA ALIMENTOS CL 514,Consumidor Livre,SUL,18.48,6.058101000000001
202407.0,2024-07-10,47848,PIONEIRA ALIMENTOS CL 514,Consumidor Livre,SUL,18.48,2.508871
202407.0,2024-07-11,47848,PIONEIRA ALIMENTOS CL 514,Consumidor Livre,SUL,18.48,12.201794
202407.0,2024-07-12,47848,PIONEIRA ALIMENTOS CL 514,Consumidor Livre,SUL,18.48,12.331462
202407.0,2024-07-13,47848,PIONEIRA ALIMENTOS CL 514,Consumidor Livre,SUL,18.48,10.404302
202407.0,2024-07-14,47848,PIONEIRA ALIMENTOS CL 514,Consumidor Livre,SUL,18.48,3.837223
202407.0,2024-07-15,47848,PIONEIRA ALIMENTOS CL 514,Consumidor Livre,SUL,18.48,1.643336
202407.0,2024-07-16,47848,PIONEIRA ALIMENTOS CL 514,Consumidor Livre,SUL,18.48,12.911172
202407.0,2024-07-17,47848,PIONEIRA ALIMENTOS CL 514,Consumidor Livre,SUL,18.48,14.531932
202407.0,2024-07-18,47848,PIONEIRA ALIMENTOS CL 514,Consumidor Livre,SUL,18.48,13.722755
202407.0,2024-07-19,47848,PIONEIRA ALIMENTOS CL 514,Consumidor Livre,SUL,18.48,14.613774
202407.0,2024-07-20,47848,PIONEIRA ALIMENTOS CL 514,Consumidor Livre,SUL,18.48,13.443888
202407.0,2024-07-21,47848,PIONEIRA ALIMENTOS CL 514,Consumidor Livre,SUL,18.48,2.175873
202407.0,2024-07-22,47848,PIONEIRA ALIMENTOS CL 514,Consumidor Livre,SUL,18.48,2.677311
202407.0,2024-07-23,47848,PIONEIRA ALIMENTOS CL 514,Consumidor Livre,SUL,18.48,13.332655
202407.0,2024-07-24,47848,PIONEIRA ALIMENTOS CL 514,Consumidor Livre,SUL,18.48,13.789097
202407.0,2024-07-25,47848,PIONEIRA ALIMENTOS CL 514,Consumidor Livre,SUL,18.48,12.813603
202407.0,2024-07-26,47848,PIONEIRA ALIMENTOS CL 514,Consumidor Livre,SUL,18.48,13.383375
202407.0,2024-07-27,47848,PIONEIRA ALIMENTOS CL 514,Consumidor Livre,SUL,18.48,14.347028
202407.0,2024-07-28,47848,PIONEIRA ALIMENTOS CL 514,Consumidor Livre,SUL,18.48,4.086172
202407.0,2024-07-29,47848,PIONEIRA ALIMENTOS CL 514,Consumidor Livre,SUL,18.48,1.957719
202407.0,2024-07-30,47848,PIONEIRA ALIMENTOS CL 514,Consumidor Livre,SUL,18.48,15.091009
202407.0,2024-07-31,47848,PIONEIRA ALIMENTOS CL 514,Consumidor Livre,SUL,18.48,14.423929
202408.0,2024-08-01,47848,PIONEIRA ALIMENTOS CL 514,Consumidor Livre,SUL,18.48,13.102384
202408.0,2024-08-02,47848,PIONEIRA ALIMENTOS CL 514,Consumidor Livre,SUL,18.48,13.751186
202408.0,2024-08-03,47848,PIONEIRA ALIMENTOS CL 514,Consumidor Livre,SUL,18.48,13.986144
202408.0,2024-08-04,47848,PIONEIRA ALIMENTOS CL 514,Consumidor Livre,SUL,18.48,3.788478
202408.0,2024-08-05,47848,PIONEIRA ALIMENTOS CL 514,Consumidor Livre,SUL,18.48,2.779329
202408.0,2024-08-06,47848,PIONEIRA ALIMENTOS CL 514,Consumidor Livre,SUL,18.48,13.409041
202408.0,2024-08-07,47848,PIONEIRA ALIMENTOS CL 514,Consumidor Livre,SUL,18.48,15.117437
202408.0,2024-08-08,47848,PIONEIRA ALIMENTOS CL 514,Consumidor Livre,SUL,18.48,13.737318
202408.0,2024-08-09,47848,PIONEIRA ALIMENTOS CL 514,Consumidor Livre,SUL,18.48,14.072174
202408.0,2024-08-10,47848,PIONEIRA ALIMENTOS CL 514,Consumidor Livre,SUL,18.48,14.748827
202408.0,2024-08-11,47848,PIONEIRA ALIMENTOS CL 514,Consumidor Livre,SUL,18.48,3.007276
202408.0,2024-08-12,47848,PIONEIRA ALIMENTOS CL 514,Consumidor Livre,SUL,18.48,1.333474
202408.0,2024-08-13,47848,PIONEIRA ALIMENTOS CL 514,Consumidor Livre,SUL,18.48,14.409669
202408.0,2024-08-14,47848,PIONEIRA ALIMENTOS CL 514,Consumidor Livre,SUL,18.48,15.128045
202408.0,2024-08-15,47848,PIONEIRA ALIMENTOS CL 514,Consumidor Livre,SUL,18.48,11.290604
202408.0,2024-08-16,47848,PIONEIRA ALIMENTOS CL 514,Consumidor Livre,SUL,18.48,14.834009
202408.0,2024-08-17,47848,PIONEIRA ALIMENTOS CL 514,Consumidor Livre,SUL,18.48,12.169906
202408.0,2024-08-18,47848,PIONEIRA ALIMENTOS CL 514,Consumidor Livre,SUL,18.48,0.911325
202408.0,2024-08-19,47848,PIONEIRA ALIMENTOS CL 514,Consumidor Livre,SUL,18.48,3.796816
202408.0,2024-08-20,47848,PIONEIRA ALIMENTOS CL 514,Consumidor Livre,SUL,18.48,13.332657
202408.0,2024-08-21,47848,PIONEIRA ALIMENTOS CL 514,Consumidor Livre,SUL,18.48,13.113624
202408.0,2024-08-22,47848,PIONEIRA ALIMENTOS CL 514,Consumidor Livre,SUL,18.48,6.560923
202408.0,2024-08-23,47848,PIONEIRA ALIMENTOS CL 514,Consumidor Livre,SUL,18.48,8.088363
202408.0,2024-08-24,47848,PIONEIRA ALIMENTOS CL 514,Consumidor Livre,SUL,18.48,6.994096
202408.0,2024-08-25,47848,PIONEIRA ALIMENTOS CL 514,Consumidor Livre,SUL,18.48,8.932269
202408.0,2024-08-26,47848,PIONEIRA ALIMENTOS CL 514,Consumidor Livre,SUL,18.48,4.743762
202408.0,2024-08-27,47848,PIONEIRA ALIMENTOS CL 514,Consumidor Livre,SUL,18.48,14.481347
202408.0,2024-08-28,47848,PIONEIRA ALIMENTOS CL 514,Consumidor Livre,SUL,18.48,15.542213
202408.0,2024-08-29,47848,PIONEIRA ALIMENTOS CL 514,Consumidor Livre,SUL,18.48,13.313624
202408.0,2024-08-30,47848,PIONEIRA ALIMENTOS CL 514,Consumidor Livre,SUL,18.48,15.330667
202408.0,2024-08-31,47848,PIONEIRA ALIMENTOS CL 514,Consumidor Livre,SUL,18.48,14.842648
202409.0,2024-09-01,47848,PIONEIRA ALIMENTOS CL 514,Consumidor Livre,SUL,18.48,3.220579
202409.0,2024-09-02,47848,PIONEIRA ALIMENTOS CL 514,Consumidor Livre,SUL,18.48,4.703085
202409.0,2024-09-03,47848,PIONEIRA ALIMENTOS CL 514,Consumidor Livre,SUL,18.48,14.729206
202409.0,2024-09-04,47848,PIONEIRA ALIMENTOS CL 514,Consumidor Livre,SUL,18.48,14.135718
202409.0,2024-09-05,47848,PIONEIRA ALIMENTOS CL 514,Consumidor Livre,SUL,18.48,14.340084
202409.0,2024-09-06,47848,PIONEIRA ALIMENTOS CL 514,Consumidor Livre,SUL,18.48,14.80582
202409.0,2024-09-07,47848,PIONEIRA ALIMENTOS CL 514,Consumidor Livre,SUL,18.48,15.113434
202409.0,2024-09-08,47848,PIONEIRA ALIMENTOS CL 514,Consumidor Livre,SUL,18.48,5.793134
202409.0,2024-09-09,47848,PIONEIRA ALIMENTOS CL 514,Consumidor Livre,SUL,18.48,5.456329
202409.0,2024-09-10,47848,PIONEIRA ALIMENTOS CL 514,Consumidor Livre,SUL,18.48,14.984378
202409.0,2024-09-11,47848,PIONEIRA ALIMENTOS CL 514,Consumidor Livre,SUL,18.48,15.050499
202409.0,2024-09-12,47848,PIONEIRA ALIMENTOS CL 514,Consumidor Livre,SUL,18.48,13.941012
202409.0,2024-09-13,47848,PIONEIRA ALIMENTOS CL 514,Consumidor Livre,SUL,18.48,14.265214
202409.0,2024-09-14,47848,PIONEIRA ALIMENTOS CL 514,Consumidor Livre,SUL,18.48,11.553154
202409.0,2024-09-15,47848,PIONEIRA ALIMENTOS CL 514,Consumidor Livre,SUL,18.48,0.666142
202409.0,2024-09-16,47848,PIONEIRA ALIMENTOS CL 514,Consumidor Livre,SUL,18.48,3.990835
202409.0,2024-09-17,47848,PIONEIRA ALIMENTOS CL 514,Consumidor Livre,SUL,18.48,12.597803
202409.0,2024-09-18,47848,PIONEIRA ALIMENTOS CL 514,Consumidor Livre,SUL,18.48,13.276939
202409.0,2024-09-19,47848,PIONEIRA ALIMENTOS CL 514,Consumidor Livre,SUL,18.48,13.302298
202409.0,2024-09-20,47848,PIONEIRA ALIMENTOS CL 514,Consumidor Livre,SUL,18.48,14.316758
202409.0,2024-09-21,47848,PIONEIRA ALIMENTOS CL 514,Consumidor Livre,SUL,18.48,9.088563
202409.0,2024-09-22,47848,PIONEIRA ALIMENTOS CL 514,Consumidor Livre,SUL,18.48,5.978267
202409.0,2024-09-23,47848,PIONEIRA ALIMENTOS CL 514,Consumidor Livre,SUL,18.48,5.212693
202409.0,2024-09-24,47848,PIONEIRA ALIMENTOS CL 514,Consumidor Livre,SUL,18.48,15.001571
202409.0,2024-09-25,47848,PIONEIRA ALIMENTOS CL 514,Consumidor Livre,SUL,18.48,15.578564
202409.0,2024-09-26,47848,PIONEIRA ALIMENTOS CL 514,Consumidor Livre,SUL,18.48,13.815273
202409.0,2024-09-27,47848,PIONEIRA ALIMENTOS CL 514,Consumidor Livre,SUL,18.48,15.026647
202409.0,2024-09-28,47848,PIONEIRA ALIMENTOS CL 514,Consumidor Livre,SUL,18.48,8.488449
202409.0,2024-09-29,47848,PIONEIRA ALIMENTOS CL 514,Consumidor Livre,SUL,18.48,0.182935
202409.0,2024-09-30,47848,PIONEIRA ALIMENTOS CL 514,Consumidor Livre,SUL,18.48,3.06171
202410.0,2024-10-01,47848,PIONEIRA ALIMENTOS CL 514,Consumidor Livre,SUL,18.48,11.229635
202410.0,2024-10-02,47848,PIONEIRA ALIMENTOS CL 514,Consumidor Livre,SUL,18.48,11.441894
202410.0,2024-10-03,47848,PIONEIRA ALIMENTOS CL 514,Consumidor Livre,SUL,18.48,12.077744
202410.0,2024-10-04,47848,PIONEIRA ALIMENTOS CL 514,Consumidor Livre,SUL,18.48,14.370567
202410.0,2024-10-05,47848,PIONEIRA ALIMENTOS CL 514,Consumidor Livre,SUL,18.48,14.197444
202410.0,2024-10-06,47848,PIONEIRA ALIMENTOS CL 514,Consumidor Livre,SUL,18.48,2.827777
202410.0,2024-10-07,47848,PIONEIRA ALIMENTOS CL 514,Consumidor Livre,SUL,18.48,2.451934
202410.0,2024-10-08,47848,PIONEIRA ALIMENTOS CL 514,Consumidor Livre,SUL,18.48,10.297337
202410.0,2024-10-09,47848,PIONEIRA ALIMENTOS CL 514,Consumidor Livre,SUL,18.48,13.450265
202410.0,2024-10-10,47848,PIONEIRA ALIMENTOS CL 514,Consumidor Livre,SUL,18.48,13.247035
202410.0,2024-10-11,47848,PIONEIRA ALIMENTOS CL 514,Consumidor Livre,SUL,18.48,12.997232
202410.0,2024-10-12,47848,PIONEIRA ALIMENTOS CL 514,Consumidor Livre,SUL,18.48,0.840625
202410.0,2024-10-13,47848,PIONEIRA ALIMENTOS CL 514,Consumidor Livre,SUL,18.48,0.166302
202410.0,2024-10-14,47848,PIONEIRA ALIMENTOS CL 514,Consumidor Livre,SUL,18.48,4.199947
202410.0,2024-10-15,47848,PIONEIRA ALIMENTOS CL 514,Consumidor Livre,SUL,18.48,14.108915
202410.0,2024-10-16,47848,PIONEIRA ALIMENTOS CL 514,Consumidor Livre,SUL,18.48,14.800361
202410.0,2024-10-17,47848,PIONEIRA ALIMENTOS CL 514,Consumidor Livre,SUL,18.48,13.145515
202410.0,2024-10-18,47848,PIONEIRA ALIMENTOS CL 514,Consumidor Livre,SUL,18.48,14.963507
202410.0,2024-10-19,47848,PIONEIRA ALIMENTOS CL 514,Consumidor Livre,SUL,18.48,12.539227
202410.0,2024-10-20,47848,PIONEIRA ALIMENTOS CL 514,Consumidor Livre,SUL,18.48,2.685336
202410.0,2024-10-21,47848,PIONEIRA ALIMENTOS CL 514,Consumidor Livre,SUL,18.48,2.222411
202410.0,2024-10-22,47848,PIONEIRA ALIMENTOS CL 514,Consumidor Livre,SUL,18.48,14.787468
202410.0,2024-10-23,47848,PIONEIRA ALIMENTOS CL 514,Consumidor Livre,SUL,18.48,15.100709
202410.0,2024-10-24,47848,PIONEIRA ALIMENTOS CL 514,Consumidor Livre,SUL,18.48,13.040349
202410.0,2024-10-25,47848,PIONEIRA ALIMENTOS CL 514,Consumidor Livre,SUL,18.48,14.928923
202410.0,2024-10-26,47848,PIONEIRA ALIMENTOS CL 514,Consumidor Livre,SUL,18.48,13.776615
202410.0,2024-10-27,47848,PIONEIRA ALIMENTOS CL 514,Consumidor Livre,SUL,18.48,0.997212
202410.0,2024-10-28,47848,PIONEIRA ALIMENTOS CL 514,Consumidor Livre,SUL,18.48,5.065068
202410.0,2024-10-29,47848,PIONEIRA ALIMENTOS CL 514,Consumidor Livre,SUL,18.48,14.721669
202410.0,2024-10-30,47848,PIONEIRA ALIMENTOS CL 514,Consumidor Livre,SUL,18.48,14.951913
202410.0,2024-10-31,47848,PIONEIRA ALIMENTOS CL 514,Consumidor Livre,SUL,18.48,14.246217
202411.0,2024-11-01,47848,PIONEIRA ALIMENTOS CL 514,Consumidor Livre,SUL,18.48,14.285559
202411.0,2024-11-02,47848,PIONEIRA ALIMENTOS CL 514,Consumidor Livre,SUL,18.48,13.002458
202411.0,2024-11-03,47848,PIONEIRA ALIMENTOS CL 514,Consumidor Livre,SUL,18.48,3.409776
202411.0,2024-11-04,47848,PIONEIRA ALIMENTOS CL 514,Consumidor Livre,SUL,18.48,4.870932
202411.0,2024-11-05,47848,PIONEIRA ALIMENTOS CL 514,Consumidor Livre,SUL,18.48,14.907534
202411.0,2024-11-06,47848,PIONEIRA ALIMENTOS CL 514,Consumidor Livre,SUL,18.48,13.185714
202411.0,2024-11-07,47848,PIONEIRA ALIMENTOS CL 514,Consumidor Livre,SUL,18.48,14.712328
202411.0,2024-11-08,47848,PIONEIRA ALIMENTOS CL 514,Consumidor Livre,SUL,18.48,14.726421
202411.0,2024-11-09,47848,PIONEIRA ALIMENTOS CL 514,Consumidor Livre,SUL,18.48,13.135372
202411.0,2024-11-10,47848,PIONEIRA ALIMENTOS CL 514,Consumidor Livre,SUL,18.48,0.947886
202411.0,2024-11-11,47848,PIONEIRA ALIMENTOS CL 514,Consumidor Livre,SUL,18.48,3.002916
202411.0,2024-11-12,47848,PIONEIRA ALIMENTOS CL 514,Consumidor Livre,SUL,18.48,14.556534
202411.0,2024-11-13,47848,PIONEIRA ALIMENTOS CL 514,Consumidor Livre,SUL,18.48,14.930793
202411.0,2024-11-14,47848,PIONEIRA ALIMENTOS CL 514,Consumidor Livre,SUL,18.48,13.366196
202411.0,2024-11-15,47848,PIONEIRA ALIMENTOS CL 514,Consumidor Livre,SUL,18.48,14.751261
202411.0,2024-11-16,47848,PIONEIRA ALIMENTOS CL 514,Consumidor Livre,SUL,18.48,15.562099
202411.0,2024-11-17,47848,PIONEIRA ALIMENTOS CL 514,Consumidor Livre,SUL,18.48,3.462499
202411.0,2024-11-18,47848,PIONEIRA ALIMENTOS CL 514,Consumidor Livre,SUL,18.48,4.385638
202411.0,2024-11-19,47848,PIONEIRA ALIMENTOS CL 514,Consumidor Livre,SUL,18.48,13.41176
202411.0,2024-11-20,47848,PIONEIRA ALIMENTOS CL 514,Consumidor Livre,SUL,18.48,14.662615
202411.0,2024-11-21,47848,PIONEIRA ALIMENTOS CL 514,Consumidor Livre,SUL,18.48,13.744042
202411.0,2024-11-22,47848,PIONEIRA ALIMENTOS CL 514,Consumidor Livre,SUL,18.48,15.047401
202411.0,2024-11-23,47848,PIONEIRA ALIMENTOS CL 514,Consumidor Livre,SUL,18.48,15.244682
202411.0,2024-11-24,47848,PIONEIRA ALIMENTOS CL 514,Consumidor Livre,SUL,18.48,3.844972
202411.0,2024-11-25,47848,PIONEIRA ALIMENTOS CL 514,Consumidor Livre,SUL,18.48,3.556861
202411.0,2024-11-26,47848,PIONEIRA ALIMENTOS CL 514,Consumidor Livre,SUL,18.48,15.032017
202411.0,2024-11-27,47848,PIONEIRA ALIMENTOS CL 514,Consumidor Livre,SUL,18.48,15.087557
202411.0,2024-11-28,47848,PIONEIRA ALIMENTOS CL 514,Consumidor Livre,SUL,18.48,13.979405
202411.0,2024-11-29,47848,PIONEIRA ALIMENTOS CL 514,Consumidor Livre,SUL,18.48,13.96255
202411.0,2024-11-30,47848,PIONEIRA ALIMENTOS CL 514,Consumidor Livre,SUL,18.48,12.456351
202412.0,2024-12-01,47848,PIONEIRA ALIMENTOS CL 514,Consumidor Livre,SUL,18.48,1.636931
202412.0,2024-12-02,47848,PIONEIRA ALIMENTOS CL 514,Consumidor Livre,SUL,18.48,3.328741
202412.0,2024-12-03,47848,PIONEIRA ALIMENTOS CL 514,Consumidor Livre,SUL,18.48,14.121043
202412.0,2024-12-04,47848,PIONEIRA ALIMENTOS CL 514,Consumidor Livre,SUL,18.48,15.033667
202412.0,2024-12-05,47848,PIONEIRA ALIMENTOS CL 514,Consumidor Livre,SUL,18.48,7.626348
202412.0,2024-12-06,47848,PIONEIRA ALIMENTOS CL 514,Consumidor Livre,SUL,18.48,14.448583
202412.0,2024-12-07,47848,PIONEIRA ALIMENTOS CL 514,Consumidor Livre,SUL,18.48,13.445908
202412.0,2024-12-08,47848,PIONEIRA ALIMENTOS CL 514,Consumidor Livre,SUL,18.48,3.939176
202412.0,2024-12-09,47848,PIONEIRA ALIMENTOS CL 514,Consumidor Livre,SUL,18.48,2.202664
202412.0,2024-12-10,47848,PIONEIRA ALIMENTOS CL 514,Consumidor Livre,SUL,18.48,12.127152
202412.0,2024-12-11,47848,PIONEIRA ALIMENTOS CL 514,Consumidor Livre,SUL,18.48,14.926492
202412.0,2024-12-12,47848,PIONEIRA ALIMENTOS CL 514,Consumidor Livre,SUL,18.48,13.165036
202412.0,2024-12-13,47848,PIONEIRA ALIMENTOS CL 514,Consumidor Livre,SUL,18.48,14.462948
202412.0,2024-12-14,47848,PIONEIRA ALIMENTOS CL 514,Consumidor Livre,SUL,18.48,11.575083
202412.0,2024-12-15,47848,PIONEIRA ALIMENTOS CL 514,Consumidor Livre,SUL,18.48,6.6327810000000005
202412.0,2024-12-16,47848,PIONEIRA ALIMENTOS CL 514,Consumidor Livre,SUL,18.48,4.355254
202412.0,2024-12-17,47848,PIONEIRA ALIMENTOS CL 514,Consumidor Livre,SUL,18.48,14.53838
202412.0,2024-12-18,47848,PIONEIRA ALIMENTOS CL 514,Consumidor Livre,SUL,18.48,14.684932
202412.0,2024-12-19,47848,PIONEIRA ALIMENTOS CL 514,Consumidor Livre,SUL,18.48,14.660015
202412.0,2024-12-20,47848,PIONEIRA ALIMENTOS CL 514,Consumidor Livre,SUL,18.48,15.585447
202412.0,2024-12-21,47848,PIONEIRA ALIMENTOS CL 514,Consumidor Livre,SUL,18.48,4.435328
202412.0,2024-12-22,47848,PIONEIRA ALIMENTOS CL 514,Consumidor Livre,SUL,18.48,0.163674
202412.0,2024-12-23,47848,PIONEIRA ALIMENTOS CL 514,Consumidor Livre,SUL,18.48,0.421241
202412.0,2024-12-24,47848,PIONEIRA ALIMENTOS CL 514,Consumidor Livre,SUL,18.48,0.184224
202412.0,2024-12-25,47848,PIONEIRA ALIMENTOS CL 514,Consumidor Livre,SUL,18.48,0.172811
202412.0,2024-12-26,47848,PIONEIRA ALIMENTOS CL 514,Consumidor Livre,SUL,18.48,0.213855
202412.0,2024-12-27,47848,PIONEIRA ALIMENTOS CL 514,Consumidor Livre,SUL,18.48,0.203743
202412.0,2024-12-28,47848,PIONEIRA ALIMENTOS CL 514,Consumidor Livre,SUL,18.48,0.163456
202412.0,2024-12-29,47848,PIONEIRA ALIMENTOS CL 514,Consumidor Livre,SUL,18.48,0.156606
202412.0,2024-12-30,47848,PIONEIRA ALIMENTOS CL 514,Consumidor Livre,SUL,18.48,0.197617
202412.0,2024-12-31,47848,PIONEIRA ALIMENTOS CL 514,Consumidor Livre,SUL,18.48,0.242893
202501.0,2025-01-01,47848,PIONEIRA ALIMENTOS CL 514,Consumidor Livre,SUL,18.48,0.143508
202501.0,2025-01-02,47848,PIONEIRA ALIMENTOS CL 514,Consumidor Livre,SUL,18.48,0.283386
202501.0,2025-01-03,47848,PIONEIRA ALIMENTOS CL 514,Consumidor Livre,SUL,18.48,0.255902
202501.0,2025-01-04,47848,PIONEIRA ALIMENTOS CL 514,Consumidor Livre,SUL,18.48,0.191636
202501.0,2025-01-05,47848,PIONEIRA ALIMENTOS CL 514,Consumidor Livre,SUL,18.48,0.161334
202501.0,2025-01-06,47848,PIONEIRA ALIMENTOS CL 514,Consumidor Livre,SUL,18.48,2.112529
202501.0,2025-01-07,47848,PIONEIRA ALIMENTOS CL 514,Consumidor Livre,SUL,18.48,13.544837
202501.0,2025-01-08,47848,PIONEIRA ALIMENTOS CL 514,Consumidor Livre,SUL,18.48,14.914203
202501.0,2025-01-09,47848,PIONEIRA ALIMENTOS CL 514,Consumidor Livre,SUL,18.48,14.853138
202501.0,2025-01-10,47848,PIONEIRA ALIMENTOS CL 514,Consumidor Livre,SUL,18.48,13.856428
202501.0,2025-01-11,47848,PIONEIRA ALIMENTOS CL 514,Consumidor Livre,SUL,18.48,15.08285
202501.0,2025-01-12,47848,PIONEIRA ALIMENTOS CL 514,Consumidor Livre,SUL,18.48,4.769222
202501.0,2025-01-13,47848,PIONEIRA ALIMENTOS CL 514,Consumidor Livre,SUL,18.48,4.963302
202501.0,2025-01-14,47848,PIONEIRA ALIMENTOS CL 514,Consumidor Livre,SUL,18.48,15.41186
202501.0,2025-01-15,47848,PIONEIRA ALIMENTOS CL 514,Consumidor Livre,SUL,18.48,12.621883
202501.0,2025-01-16,47848,PIONEIRA ALIMENTOS CL 514,Consumidor Livre,SUL,18.48,13.473812
202501.0,2025-01-17,47848,PIONEIRA ALIMENTOS CL 514,Consumidor Livre,SUL,18.48,14.895329
202501.0,2025-01-18,47848,PIONEIRA ALIMENTOS CL 514,Consumidor Livre,SUL,18.48,15.251741
202501.0,2025-01-19,47848,PIONEIRA ALIMENTOS CL 514,Consumidor Livre,SUL,18.48,7.111072
202501.0,2025-01-20,47848,PIONEIRA ALIMENTOS CL 514,Consumidor Livre,SUL,18.48,4.995229
202501.0,2025-01-21,47848,PIONEIRA ALIMENTOS CL 514,Consumidor Livre,SUL,18.48,13.962624
202501.0,2025-01-22,47848,PIONEIRA ALIMENTOS CL 514,Consumidor Livre,SUL,18.48,15.120688
202501.0,2025-01-23,47848,PIONEIRA ALIMENTOS CL 514,Consumidor Livre,SUL,18.48,10.909624
202501.0,2025-01-24,47848,PIONEIRA ALIMENTOS CL 514,Consumidor Livre,SUL,18.48,14.345968
202501.0,2025-01-25,47848,PIONEIRA ALIMENTOS CL 514,Consumidor Livre,SUL,18.48,14.976357
202501.0,2025-01-26,47848,PIONEIRA ALIMENTOS CL 514,Consumidor Livre,SUL,18.48,2.812001
202501.0,2025-01-27,47848,PIONEIRA ALIMENTOS CL 514,Consumidor Livre,SUL,18.48,5.290113
202501.0,2025-01-28,47848,PIONEIRA ALIMENTOS CL 514,Consumidor Livre,SUL,18.48,13.44154
202501.0,2025-01-29,47848,PIONEIRA ALIMENTOS CL 514,Consumidor Livre,SUL,18.48,14.994494
202501.0,2025-01-30,47848,PIONEIRA ALIMENTOS CL 514,Consumidor Livre,SUL,18.48,14.240411
202501.0,2025-01-31,47848,PIONEIRA ALIMENTOS CL 514,Consumidor Livre,SUL,18.48,14.877913
202502.0,2025-02-01,47848,PIONEIRA ALIMENTOS CL 514,Consumidor Livre,SUL,18.48,15.020446
202502.0,2025-02-02,47848,PIONEIRA ALIMENTOS CL 514,Consumidor Livre,SUL,18.48,2.182637
202502.0,2025-02-03,47848,PIONEIRA ALIMENTOS CL 514,Consumidor Livre,SUL,18.48,2.331988
202502.0,2025-02-04,47848,PIONEIRA ALIMENTOS CL 514,Consumidor Livre,SUL,18.48,13.014799
202502.0,2025-02-05,47848,PIONEIRA ALIMENTOS CL 514,Consumidor Livre,SUL,18.48,15.43335
202502.0,2025-02-06,47848,PIONEIRA ALIMENTOS CL 514,Consumidor Livre,SUL,18.48,14.755187
202502.0,2025-02-07,47848,PIONEIRA ALIMENTOS CL 514,Consumidor Livre,SUL,18.48,13.961845
202502.0,2025-02-08,47848,PIONEIRA ALIMENTOS CL 514,Consumidor Livre,SUL,18.48,15.207101
202502.0,2025-02-09,47848,PIONEIRA ALIMENTOS CL 514,Consumidor Livre,SUL,18.48,6.281434
202502.0,2025-02-10,47848,PIONEIRA ALIMENTOS CL 514,Consumidor Livre,SUL,18.48,4.612412
202502.0,2025-02-11,47848,PIONEIRA ALIMENTOS CL 514,Consumidor Livre,SUL,18.48,15.292899
202502.0,2025-02-12,47848,PIONEIRA ALIMENTOS CL 514,Consumidor Livre,SUL,18.48,15.450588
202502.0,2025-02-13,47848,PIONEIRA ALIMENTOS CL 514,Consumidor Livre,SUL,18.48,15.195229
202502.0,2025-02-14,47848,PIONEIRA ALIMENTOS CL 514,Consumidor Livre,SUL,18.48,15.792673
202502.0,2025-02-15,47848,PIONEIRA ALIMENTOS CL 514,Consumidor Livre,SUL,18.48,15.834575
202502.0,2025-02-16,47848,PIONEIRA ALIMENTOS CL 514,Consumidor Livre,SUL,18.48,4.105892
202502.0,2025-02-17,47848,PIONEIRA ALIMENTOS CL 514,Consumidor Livre,SUL,18.48,5.23634
202502.0,2025-02-18,47848,PIONEIRA ALIMENTOS CL 514,Consumidor Livre,SUL,18.48,13.50652
202502.0,2025-02-19,47848,PIONEIRA ALIMENTOS CL 514,Consumidor Livre,SUL,18.48,15.265063
202502.0,2025-02-20,47848,PIONEIRA ALIMENTOS CL 514,Consumidor Livre,SUL,18.48,14.696468
202502.0,2025-02-21,47848,PIONEIRA ALIMENTOS CL 514,Consumidor Livre,SUL,18.48,15.566085
202502.0,2025-02-22,47848,PIONEIRA ALIMENTOS CL 514,Consumidor Livre,SUL,18.48,12.261869
202502.0,2025-02-23,47848,PIONEIRA ALIMENTOS CL 514,Consumidor Livre,SUL,18.48,2.335063
202502.0,2025-02-24,47848,PIONEIRA ALIMENTOS CL 514,Consumidor Livre,SUL,18.48,5.3703
202502.0,2025-02-25,47848,PIONEIRA ALIMENTOS CL 514,Consumidor Livre,SUL,18.48,15.14105
202502.0,2025-02-26,47848,PIONEIRA ALIMENTOS CL 514,Consumidor Livre,SUL,18.48,15.081841
202502.0,2025-02-27,47848,PIONEIRA ALIMENTOS CL 514,Consumidor Livre,SUL,18.48,15.507386
202502.0,2025-02-28,47848,PIONEIRA ALIMENTOS CL 514,Consumidor Livre,SUL,18.48,15.697466
202503.0,2025-03-01,47848,PIONEIRA ALIMENTOS CL 514,Consumidor Livre,SUL,18.48,15.868375
202503.0,2025-03-02,47848,PIONEIRA ALIMENTOS CL 514,Consumidor Livre,SUL,18.48,1.886739
202503.0,2025-03-03,47848,PIONEIRA ALIMENTOS CL 514,Consumidor Livre,SUL,18.48,5.49341
202503.0,2025-03-04,47848,PIONEIRA ALIMENTOS CL 514,Consumidor Livre,SUL,18.48,13.818715
202503.0,2025-03-05,47848,PIONEIRA ALIMENTOS CL 514,Consumidor Livre,SUL,18.48,15.924857
202503.0,2025-03-06,47848,PIONEIRA ALIMENTOS CL 514,Consumidor Livre,SUL,18.48,15.526021
202503.0,2025-03-07,47848,PIONEIRA ALIMENTOS CL 514,Consumidor Livre,SUL,18.48,15.848634
202503.0,2025-03-08,47848,PIONEIRA ALIMENTOS CL 514,Consumidor Livre,SUL,18.48,15.003286
202503.0,2025-03-09,47848,PIONEIRA ALIMENTOS CL 514,Consumidor Livre,SUL,18.48,1.130678
202503.0,2025-03-10,47848,PIONEIRA ALIMENTOS CL 514,Consumidor Livre,SUL,18.48,5.37008
202503.0,2025-03-11,47848,PIONEIRA ALIMENTOS CL 514,Consumidor Livre,SUL,18.48,15.09276
202503.0,2025-03-12,47848,PIONEIRA ALIMENTOS CL 514,Consumidor Livre,SUL,18.48,15.490324
202503.0,2025-03-13,47848,PIONEIRA ALIMENTOS CL 514,Consumidor Livre,SUL,18.48,12.752027
202503.0,2025-03-14,47848,PIONEIRA ALIMENTOS CL 514,Consumidor Livre,SUL,18.48,11.055156
202503.0,2025-03-15,47848,PIONEIRA ALIMENTOS CL 514,Consumidor Livre,SUL,18.48,16.285641
202503.0,2025-03-16,47848,PIONEIRA ALIMENTOS CL 514,Consumidor Livre,SUL,18.48,1.242176
202503.0,2025-03-17,47848,PIONEIRA ALIMENTOS CL 514,Consumidor Livre,SUL,18.48,6.156161
202503.0,2025-03-18,47848,PIONEIRA ALIMENTOS CL 514,Consumidor Livre,SUL,18.48,15.366628
202503.0,2025-03-19,47848,PIONEIRA ALIMENTOS CL 514,Consumidor Livre,SUL,18.48,13.634728
202503.0,2025-03-20,47848,PIONEIRA ALIMENTOS CL 514,Consumidor Livre,SUL,18.48,14.640258
202503.0,2025-03-21,47848,PIONEIRA ALIMENTOS CL 514,Consumidor Livre,SUL,18.48,16.164267
202503.0,2025-03-22,47848,PIONEIRA ALIMENTOS CL 514,Consumidor Livre,SUL,18.48,16.4204
202503.0,2025-03-23,47848,PIONEIRA ALIMENTOS CL 514,Consumidor Livre,SUL,18.48,2.908234
202503.0,2025-03-24,47848,PIONEIRA ALIMENTOS CL 514,Consumidor Livre,SUL,18.48,6.00886
202503.0,2025-03-25,47848,PIONEIRA ALIMENTOS CL 514,Consumidor Livre,SUL,18.48,15.718231
202503.0,2025-03-26,47848,PIONEIRA ALIMENTOS CL 514,Consumidor Livre,SUL,18.48,15.822236
202503.0,2025-03-27,47848,PIONEIRA ALIMENTOS CL 514,Consumidor Livre,SUL,18.48,15.21708
202503.0,2025-03-28,47848,PIONEIRA ALIMENTOS CL 514,Consumidor Livre,SUL,18.48,16.553538
202503.0,2025-03-29,47848,PIONEIRA ALIMENTOS CL 514,Consumidor Livre,SUL,18.48,13.593345
202503.0,2025-03-30,47848,PIONEIRA ALIMENTOS CL 514,Consumidor Livre,SUL,18.48,0.349294
202503.0,2025-03-31,47848,PIONEIRA ALIMENTOS CL 514,Consumidor Livre,SUL,18.48,5.017597
202504.0,2025-04-01,47848,PIONEIRA ALIMENTOS CL 514,Consumidor Livre,SUL,18.48,16.855362
202504.0,2025-04-02,47848,PIONEIRA ALIMENTOS CL 514,Consumidor Livre,SUL,18.48,16.397286
202504.0,2025-04-03,47848,PIONEIRA ALIMENTOS CL 514,Consumidor Livre,SUL,18.48,14.87925
202504.0,2025-04-04,47848,PIONEIRA ALIMENTOS CL 514,Consumidor Livre,SUL,18.48,16.502286
202504.0,2025-04-05,47848,PIONEIRA ALIMENTOS CL 514,Consumidor Livre,SUL,18.48,15.493842
202504.0,2025-04-06,47848,PIONEIRA ALIMENTOS CL 514,Consumidor Livre,SUL,18.48,1.082617
202504.0,2025-04-07,47848,PIONEIRA ALIMENTOS CL 514,Consumidor Livre,SUL,18.48,4.579987
202504.0,2025-04-08,47848,PIONEIRA ALIMENTOS CL 514,Consumidor Livre,SUL,18.48,14.959941
202504.0,2025-04-09,47848,PIONEIRA ALIMENTOS CL 514,Consumidor Livre,SUL,18.48,15.873832
202504.0,2025-04-10,47848,PIONEIRA ALIMENTOS CL 514,Consumidor Livre,SUL,18.48,13.391341
202504.0,2025-04-11,47848,PIONEIRA ALIMENTOS CL 514,Consumidor Livre,SUL,18.48,15.862639
202504.0,2025-04-12,47848,PIONEIRA ALIMENTOS CL 514,Consumidor Livre,SUL,18.48,16.027145
202504.0,2025-04-13,47848,PIONEIRA ALIMENTOS CL 514,Consumidor Livre,SUL,18.48,5.414432
202504.0,2025-04-14,47848,PIONEIRA ALIMENTOS CL 514,Consumidor Livre,SUL,18.48,3.639606
202504.0,2025-04-15,47848,PIONEIRA ALIMENTOS CL 514,Consumidor Livre,SUL,18.48,15.694459
202504.0,2025-04-16,47848,PIONEIRA ALIMENTOS CL 514,Consumidor Livre,SUL,18.48,15.469409
202504.0,2025-04-17,47848,PIONEIRA ALIMENTOS CL 514,Consumidor Livre,SUL,18.48,16.027782
202504.0,2025-04-18,47848,PIONEIRA ALIMENTOS CL 514,Consumidor Livre,SUL,18.48,5.320239
202504.0,2025-04-19,47848,PIONEIRA ALIMENTOS CL 514,Consumidor Livre,SUL,18.48,0.845022
202504.0,2025-04-20,47848,PIONEIRA ALIMENTOS CL 514,Consumidor Livre,SUL,18.48,0.271012
202504.0,2025-04-21,47848,PIONEIRA ALIMENTOS CL 514,Consumidor Livre,SUL,18.48,5.017643
202504.0,2025-04-22,47848,PIONEIRA ALIMENTOS CL 514,Consumidor Livre,SUL,18.48,15.380587
202504.0,2025-04-23,47848,PIONEIRA ALIMENTOS CL 514,Consumidor Livre,SUL,18.48,16.217685
202504.0,2025-04-24,47848,PIONEIRA ALIMENTOS CL 514,Consumidor Livre,SUL,18.48,14.364189
202504.0,2025-04-25,47848,PIONEIRA ALIMENTOS CL 514,Consumidor Livre,SUL,18.48,15.916486
202504.0,2025-04-26,47848,PIONEIRA ALIMENTOS CL 514,Consumidor Livre,SUL,18.48,13.600763
202504.0,2025-04-27,47848,PIONEIRA ALIMENTOS CL 514,Consumidor Livre,SUL,18.48,0.653539
202504.0,2025-04-28,47848,PIONEIRA ALIMENTOS CL 514,Consumidor Livre,SUL,18.48,4.208949
202504.0,2025-04-29,47848,PIONEIRA ALIMENTOS CL 514,Consumidor Livre,SUL,18.48,15.405028
202504.0,2025-04-30,47848,PIONEIRA ALIMENTOS CL 514,Consumidor Livre,SUL,18.48,15.713944
202505.0,2025-05-01,47848,PIONEIRA ALIMENTOS CL 514,Consumidor Livre,SUL,18.48,14.197202
202505.0,2025-05-02,47848,PIONEIRA ALIMENTOS CL 514,Consumidor Livre,SUL,18.48,14.940399
202505.0,2025-05-03,47848,PIONEIRA ALIMENTOS CL 514,Consumidor Livre,SUL,18.48,15.030168
202505.0,2025-05-04,47848,PIONEIRA ALIMENTOS CL 514,Consumidor Livre,SUL,18.48,2.799643
202505.0,2025-05-05,47848,PIONEIRA ALIMENTOS CL 514,Consumidor Livre,SUL,18.48,5.32913
202505.0,2025-05-06,47848,PIONEIRA ALIMENTOS CL 514,Consumidor Livre,SUL,18.48,14.905961
202505.0,2025-05-07,47848,PIONEIRA ALIMENTOS CL 514,Consumidor Livre,SUL,18.48,15.290011
202505.0,2025-05-08,47848,PIONEIRA ALIMENTOS CL 514,Consumidor Livre,SUL,18.48,14.256862
202505.0,2025-05-09,47848,PIONEIRA ALIMENTOS CL 514,Consumidor Livre,SUL,18.48,15.668479
202505.0,2025-05-10,47848,PIONEIRA ALIMENTOS CL 514,Consumidor Livre,SUL,18.48,15.514631
202505.0,2025-05-11,47848,PIONEIRA ALIMENTOS CL 514,Consumidor Livre,SUL,18.48,3.702889
202505.0,2025-05-12,47848,PIONEIRA ALIMENTOS CL 514,Consumidor Livre,SUL,18.48,2.903787
202505.0,2025-05-13,47848,PIONEIRA ALIMENTOS CL 514,Consumidor Livre,SUL,18.48,14.877517
202505.0,2025-05-14,47848,PIONEIRA ALIMENTOS CL 514,Consumidor Livre,SUL,18.48,8.681465
202505.0,2025-05-15,47848,PIONEIRA ALIMENTOS CL 514,Consumidor Livre,SUL,18.48,14.004358
202505.0,2025-05-16,47848,PIONEIRA ALIMENTOS CL 514,Consumidor Livre,SUL,18.48,14.855304
202505.0,2025-05-17,47848,PIONEIRA ALIMENTOS CL 514,Consumidor Livre,SUL,18.48,15.138258
202505.0,2025-05-18,47848,PIONEIRA ALIMENTOS CL 514,Consumidor Livre,SUL,18.48,4.453774
202505.0,2025-05-19,47848,PIONEIRA ALIMENTOS CL 514,Consumidor Livre,SUL,18.48,4.809317
202505.0,2025-05-20,47848,PIONEIRA ALIMENTOS CL 514,Consumidor Livre,SUL,18.48,14.831346
202505.0,2025-05-21,47848,PIONEIRA ALIMENTOS CL 514,Consumidor Livre,SUL,18.48,16.115571
202505.0,2025-05-22,47848,PIONEIRA ALIMENTOS CL 514,Consumidor Livre,SUL,18.48,14.247083
202505.0,2025-05-23,47848,PIONEIRA ALIMENTOS CL 514,Consumidor Livre,SUL,18.48,14.874657
202505.0,2025-05-24,47848,PIONEIRA ALIMENTOS CL 514,Consumidor Livre,SUL,18.48,15.709538
202505.0,2025-05-25,47848,PIONEIRA ALIMENTOS CL 514,Consumidor Livre,SUL,18.48,4.010867
202505.0,2025-05-26,47848,PIONEIRA ALIMENTOS CL 514,Consumidor Livre,SUL,18.48,3.802112
202505.0,2025-05-27,47848,PIONEIRA ALIMENTOS CL 514,Consumidor Livre,SUL,18.48,15.338419
202505.0,2025-05-28,47848,PIONEIRA ALIMENTOS CL 514,Consumidor Livre,SUL,18.48,15.114591
202505.0,2025-05-29,47848,PIONEIRA ALIMENTOS CL 514,Consumidor Livre,SUL,18.48,12.863796
202505.0,2025-05-30,47848,PIONEIRA ALIMENTOS CL 514,Consumidor Livre,SUL,18.48,14.628198
202505.0,2025-05-31,47848,PIONEIRA ALIMENTOS CL 514,Consumidor Livre,SUL,18.48,13.620526
202506.0,2025-06-01,47848,PIONEIRA ALIMENTOS CL 514,Consumidor Livre,SUL,18.48,5.020499
202506.0,2025-06-02,47848,PIONEIRA ALIMENTOS CL 514,Consumidor Livre,SUL,18.48,5.675425
202506.0,2025-06-03,47848,PIONEIRA ALIMENTOS CL 514,Consumidor Livre,SUL,18.48,15.558744
202506.0,2025-06-04,47848,PIONEIRA ALIMENTOS CL 514,Consumidor Livre,SUL,18.48,15.612447
202506.0,2025-06-05,47848,PIONEIRA ALIMENTOS CL 514,Consumidor Livre,SUL,18.48,14.074338
202506.0,2025-06-06,47848,PIONEIRA ALIMENTOS CL 514,Consumidor Livre,SUL,18.48,15.642534
202506.0,2025-06-07,47848,PIONEIRA ALIMENTOS CL 514,Consumidor Livre,SUL,18.48,15.57635
202506.0,2025-06-08,47848,PIONEIRA ALIMENTOS CL 514,Consumidor Livre,SUL,18.48,2.461859
202506.0,2025-06-09,47848,PIONEIRA ALIMENTOS CL 514,Consumidor Livre,SUL,18.48,5.276981
202506.0,2025-06-10,47848,PIONEIRA ALIMENTOS CL 514,Consumidor Livre,SUL,18.48,15.451859
202506.0,2025-06-11,47848,PIONEIRA ALIMENTOS CL 514,Consumidor Livre,SUL,18.48,14.935561
202506.0,2025-06-12,47848,PIONEIRA ALIMENTOS CL 514,Consumidor Livre,SUL,18.48,12.665875
202506.0,2025-06-13,47848,PIONEIRA ALIMENTOS CL 514,Consumidor Livre,SUL,18.48,14.584808
202506.0,2025-06-14,47848,PIONEIRA ALIMENTOS CL 514,Consumidor Livre,SUL,18.48,15.752297
202506.0,2025-06-15,47848,PIONEIRA ALIMENTOS CL 514,Consumidor Livre,SUL,18.48,0.577278
202506.0,2025-06-16,47848,PIONEIRA ALIMENTOS CL 514,Consumidor Livre,SUL,18.48,5.717559
202506.0,2025-06-17,47848,PIONEIRA ALIMENTOS CL 514,Consumidor Livre,SUL,18.48,15.520971
202506.0,2025-06-18,47848,PIONEIRA ALIMENTOS CL 514,Consumidor Livre,SUL,18.48,15.660122
202506.0,2025-06-19,47848,PIONEIRA ALIMENTOS CL 514,Consumidor Livre,SUL,18.48,14.805206
202506.0,2025-06-20,47848,PIONEIRA ALIMENTOS CL 514,Consumidor Livre,SUL,18.48,15.55578
202506.0,2025-06-21,47848,PIONEIRA ALIMENTOS CL 514,Consumidor Livre,SUL,18.48,14.270721
202506.0,2025-06-22,47848,PIONEIRA ALIMENTOS CL 514,Consumidor Livre,SUL,18.48,1.085152
202506.0,2025-06-23,47848,PIONEIRA ALIMENTOS CL 514,Consumidor Livre,SUL,18.48,5.6148050000000005
202506.0,2025-06-24,47848,PIONEIRA ALIMENTOS CL 514,Consumidor Livre,SUL,18.48,14.976878
202506.0,2025-06-25,47848,PIONEIRA ALIMENTOS CL 514,Consumidor Livre,SUL,18.48,14.212371
202506.0,2025-06-26,47848,PIONEIRA ALIMENTOS CL 514,Consumidor Livre,SUL,18.48,14.067269
202506.0,2025-06-27,47848,PIONEIRA ALIMENTOS CL 514,Consumidor Livre,SUL,18.48,15.361273
202506.0,2025-06-28,47848,PIONEIRA ALIMENTOS CL 514,Consumidor Livre,SUL,18.48,15.142652
202506.0,2025-06-29,47848,PIONEIRA ALIMENTOS CL 514,Consumidor Livre,SUL,18.48,0.906105
202506.0,2025-06-30,47848,PIONEIRA ALIMENTOS CL 514,Consumidor Livre,SUL,18.48,6.067197
202507.0,2025-07-01,47848,PIONEIRA ALIMENTOS CL 514,Consumidor Livre,SUL,18.48,15.018111
202507.0,2025-07-02,47848,PIONEIRA ALIMENTOS CL 514,Consumidor Livre,SUL,18.48,15.031782
202507.0,2025-07-03,47848,PIONEIRA ALIMENTOS CL 514,Consumidor Livre,SUL,18.48,14.681392
202507.0,2025-07-04,47848,PIONEIRA ALIMENTOS CL 514,Consumidor Livre,SUL,18.48,15.21088
202507.0,2025-07-05,47848,PIONEIRA ALIMENTOS CL 514,Consumidor Livre,SUL,18.48,15.19028
202507.0,2025-07-06,47848,PIONEIRA ALIMENTOS CL 514,Consumidor Livre,SUL,18.48,3.150426
202507.0,2025-07-07,47848,PIONEIRA ALIMENTOS CL 514,Consumidor Livre,SUL,18.48,5.925624
202507.0,2025-07-08,47848,PIONEIRA ALIMENTOS CL 514,Consumidor Livre,SUL,18.48,15.013192
202507.0,2025-07-09,47848,PIONEIRA ALIMENTOS CL 514,Consumidor Livre,SUL,18.48,15.467424
202507.0,2025-07-10,47848,PIONEIRA ALIMENTOS CL 514,Consumidor Livre,SUL,18.48,14.018637
202507.0,2025-07-11,47848,PIONEIRA ALIMENTOS CL 514,Consumidor Livre,SUL,18.48,15.584027
202507.0,2025-07-12,47848,PIONEIRA ALIMENTOS CL 514,Consumidor Livre,SUL,18.48,15.726222
202507.0,2025-07-13,47848,PIONEIRA ALIMENTOS CL 514,Consumidor Livre,SUL,18.48,5.676462
202507.0,2025-07-14,47848,PIONEIRA ALIMENTOS CL 514,Consumidor Livre,SUL,18.48,6.046935
202507.0,2025-07-15,47848,PIONEIRA ALIMENTOS CL 514,Consumidor Livre,SUL,18.48,15.72198
202507.0,2025-07-16,47848,PIONEIRA ALIMENTOS CL 514,Consumidor Livre,SUL,18.48,15.807763
202507.0,2025-07-17,47848,PIONEIRA ALIMENTOS CL 514,Consumidor Livre,SUL,18.48,14.90043
202507.0,2025-07-18,47848,PIONEIRA ALIMENTOS CL 514,Consumidor Livre,SUL,18.48,15.306758
202507.0,2025-07-19,47848,PIONEIRA ALIMENTOS CL 514,Consumidor Livre,SUL,18.48,14.185739
202507.0,2025-07-20,47848,PIONEIRA ALIMENTOS CL 514,Consumidor Livre,SUL,18.48,1.217678
202507.0,2025-07-21,47848,PIONEIRA ALIMENTOS CL 514,Consumidor Livre,SUL,18.48,5.424392
202507.0,2025-07-22,47848,PIONEIRA ALIMENTOS CL 514,Consumidor Livre,SUL,18.48,14.387997
202507.0,2025-07-23,47848,PIONEIRA ALIMENTOS CL 514,Consumidor Livre,SUL,18.48,15.266379
202507.0,2025-07-24,47848,PIONEIRA ALIMENTOS CL 514,Consumidor Livre,SUL,18.48,14.14729
202507.0,2025-07-25,47848,PIONEIRA ALIMENTOS CL 514,Consumidor Livre,SUL,18.48,15.270611
202507.0,2025-07-26,47848,PIONEIRA ALIMENTOS CL 514,Consumidor Livre,SUL,18.48,15.792667
202507.0,2025-07-27,47848,PIONEIRA ALIMENTOS CL 514,Consumidor Livre,SUL,18.48,6.190418
202507.0,2025-07-28,47848,PIONEIRA ALIMENTOS CL 514,Consumidor Livre,SUL,18.48,5.057702
202507.0,2025-07-29,47848,PIONEIRA ALIMENTOS CL 514,Consumidor Livre,SUL,18.48,15.097942
202507.0,2025-07-30,47848,PIONEIRA ALIMENTOS CL 514,Consumidor Livre,SUL,18.48,15.758126
202507.0,2025-07-31,47848,PIONEIRA ALIMENTOS CL 514,Consumidor Livre,SUL,18.48,13.87265
202508.0,2025-08-01,47848,PIONEIRA ALIMENTOS CL 514,Consumidor Livre,SUL,18.48,15.619784
202508.0,2025-08-02,47848,PIONEIRA ALIMENTOS CL 514,Consumidor Livre,SUL,18.48,15.571816
202508.0,2025-08-03,47848,PIONEIRA ALIMENTOS CL 514,Consumidor Livre,SUL,18.48,2.950421
202508.0,2025-08-04,47848,PIONEIRA ALIMENTOS CL 514,Consumidor Livre,SUL,18.48,1.801738
202508.0,2025-08-05,47848,PIONEIRA ALIMENTOS CL 514,Consumidor Livre,SUL,18.48,14.633478
202508.0,2025-08-06,47848,PIONEIRA ALIMENTOS CL 514,Consumidor Livre,SUL,18.48,14.14881
202508.0,2025-08-07,47848,PIONEIRA ALIMENTOS CL 514,Consumidor Livre,SUL,18.48,11.252912
202508.0,2025-08-08,47848,PIONEIRA ALIMENTOS CL 514,Consumidor Livre,SUL,18.48,15.883731
202508.0,2025-08-09,47848,PIONEIRA ALIMENTOS CL 514,Consumidor Livre,SUL,18.48,16.121452
202508.0,2025-08-10,47848,PIONEIRA ALIMENTOS CL 514,Consumidor Livre,SUL,18.48,2.358167
202508.0,2025-08-11,47848,PIONEIRA ALIMENTOS CL 514,Consumidor Livre,SUL,18.48,5.250977
202508.0,2025-08-12,47848,PIONEIRA ALIMENTOS CL 514,Consumidor Livre,SUL,18.48,15.490535
202508.0,2025-08-13,47848,PIONEIRA ALIMENTOS CL 514,Consumidor Livre,SUL,18.48,14.656016
202508.0,2025-08-14,47848,PIONEIRA ALIMENTOS CL 514,Consumidor Livre,SUL,18.48,14.262101
202508.0,2025-08-15,47848,PIONEIRA ALIMENTOS CL 514,Consumidor Livre,SUL,18.48,15.492612
202508.0,2025-08-16,47848,PIONEIRA ALIMENTOS CL 514,Consumidor Livre,SUL,18.48,15.767059
202508.0,2025-08-17,47848,PIONEIRA ALIMENTOS CL 514,Consumidor Livre,SUL,18.48,4.280881
202508.0,2025-08-18,47848,PIONEIRA ALIMENTOS CL 514,Consumidor Livre,SUL,18.48,4.920857
202508.0,2025-08-19,47848,PIONEIRA ALIMENTOS CL 514,Consumidor Livre,SUL,18.48,14.912895
202508.0,2025-08-20,47848,PIONEIRA ALIMENTOS CL 514,Consumidor Livre,SUL,18.48,14.971064
202508.0,2025-08-21,47848,PIONEIRA ALIMENTOS CL 514,Consumidor Livre,SUL,18.48,13.639126
202508.0,2025-08-22,47848,PIONEIRA ALIMENTOS CL 514,Consumidor Livre,SUL,18.48,15.027463
202508.0,2025-08-23,47848,PIONEIRA ALIMENTOS CL 514,Consumidor Livre,SUL,18.48,15.30962
202508.0,2025-08-24,47848,PIONEIRA ALIMENTOS CL 514,Consumidor Livre,SUL,18.48,1.713594
202508.0,2025-08-25,47848,PIONEIRA ALIMENTOS CL 514,Consumidor Livre,SUL,18.48,5.592518
202508.0,2025-08-26,47848,PIONEIRA ALIMENTOS CL 514,Consumidor Livre,SUL,18.48,15.600875
202508.0,2025-08-27,47848,PIONEIRA ALIMENTOS CL 514,Consumidor Livre,SUL,18.48,15.156299
202508.0,2025-08-28,47848,PIONEIRA ALIMENTOS CL 514,Consumidor Livre,SUL,18.48,13.90786
202508.0,2025-08-29,47848,PIONEIRA ALIMENTOS CL 514,Consumidor Livre,SUL,18.48,14.850688
202508.0,2025-08-30,47848,PIONEIRA ALIMENTOS CL 514,Consumidor Livre,SUL,18.48,14.536991
202508.0,2025-08-31,47848,PIONEIRA ALIMENTOS CL 514,Consumidor Livre,SUL,18.48,0.998166
