MES_REFERENCIA,DATA,CODIGO_PERFIL_AGENTE,SIGLA_PERFIL_AGENTE,CLASSE_PERFIL_AGENTE,SUBMERCADO,CAPACIDADE_CARGA,CONSUMO_CARGA_ACL
,2022-11-01,51935.0,SGB BRASILIA,Consumidor Especial,SUDESTE,7.199999999999999,2.089306
,2022-11-02,51935.0,SGB BRASILIA,Consumidor Especial,SUDESTE,7.199999999999999,0.474426
,2022-11-03,51935.0,SGB BRASILIA,Consumidor Especial,SUDESTE,7.199999999999999,2.22277
,2022-11-04,51935.0,SGB BRASILIA,Consumidor Especial,SUDESTE,7.199999999999999,2.445492
,2022-11-05,51935.0,SGB BRASILIA,Consumidor Especial,SUDESTE,7.199999999999999,1.498
,2022-11-06,51935.0,SGB BRASILIA,Consumidor Especial,SUDESTE,7.199999999999999,0.215073
,2022-11-07,51935.0,SGB BRASILIA,Consumidor Especial,SUDESTE,7.199999999999999,2.700397
,2022-11-08,51935.0,SGB BRASILIA,Consumidor Especial,SUDESTE,7.199999999999999,2.469858
,2022-11-09,51935.0,SGB BRASILIA,Consumidor Especial,SUDESTE,7.199999999999999,1.996208
,2022-11-10,51935.0,SGB BRASILIA,Consumidor Especial,SUDESTE,7.199999999999999,2.092181
,2022-11-11,51935.0,SGB BRASILIA,Consumidor Especial,SUDESTE,7.199999999999999,2.56345
,2022-11-12,51935.0,SGB BRASILIA,Consumidor Especial,SUDESTE,7.199999999999999,1.0385
,2022-11-13,51935.0,SGB BRASILIA,Consumidor Especial,SUDESTE,7.199999999999999,0.23429
,2022-11-14,51935.0,SGB BRASILIA,Consumidor Especial,SUDESTE,7.199999999999999,2.371345
,2022-11-15,51935.0,SGB BRASILIA,Consumidor Especial,SUDESTE,7.199999999999999,0.499086
,2022-11-16,51935.0,SGB BRASILIA,Consumidor Especial,SUDESTE,7.199999999999999,2.459051
,2022-11-17,51935.0,SGB BRASILIA,Consumidor Especial,SUDESTE,7.199999999999999,2.494116
,2022-11-18,51935.0,SGB BRASILIA,Consumidor Especial,SUDESTE,7.199999999999999,1.949057
,2022-11-19,51935.0,SGB BRASILIA,Consumidor Especial,SUDESTE,7.199999999999999,1.261239
,2022-11-20,51935.0,SGB BRASILIA,Consumidor Especial,SUDESTE,7.199999999999999,0.209301
,2022-11-21,51935.0,SGB BRASILIA,Consumidor Especial,SUDESTE,7.199999999999999,2.652066
,2022-11-22,51935.0,SGB BRASILIA,Consumidor Especial,SUDESTE,7.199999999999999,2.5678300000000003
,2022-11-23,51935.0,SGB BRASILIA,Consumidor Especial,SUDESTE,7.199999999999999,2.087269
,2022-11-24,51935.0,SGB BRASILIA,Consumidor Especial,SUDESTE,7.199999999999999,0.787342
,2022-11-25,51935.0,SGB BRASILIA,Consumidor Especial,SUDESTE,7.199999999999999,2.177188
,2022-11-26,51935.0,SGB BRASILIA,Consumidor Especial,SUDESTE,7.199999999999999,1.394715
,2022-11-27,51935.0,SGB BRASILIA,Consumidor Especial,SUDESTE,7.199999999999999,0.207449
,2022-11-28,51935.0,SGB BRASILIA,Consumidor Especial,SUDESTE,7.199999999999999,2.121816
,2022-11-29,51935.0,SGB BRASILIA,Consumidor Especial,SUDESTE,7.199999999999999,2.616243
,2022-11-30,51935.0,SGB BRASILIA,Consumidor Especial,SUDESTE,7.199999999999999,1.460975
,2022-12-01,51935.0,SGB BRASILIA,Consumidor Especial,SUDESTE,7.199999999999999,2.124443
,2022-12-02,51935.0,SGB BRASILIA,Consumidor Especial,SUDESTE,7.199999999999999,1.322274
,2022-12-03,51935.0,SGB BRASILIA,Consumidor Especial,SUDESTE,7.199999999999999,0.848711
,2022-12-04,51935.0,SGB BRASILIA,Consumidor Especial,SUDESTE,7.199999999999999,0.374991
,2022-12-05,51935.0,SGB BRASILIA,Consumidor Especial,SUDESTE,7.199999999999999,1.808475
,2022-12-06,51935.0,SGB BRASILIA,Consumidor Especial,SUDESTE,7.199999999999999,2.526576
,2022-12-07,51935.0,SGB BRASILIA,Consumidor Especial,SUDESTE,7.199999999999999,2.192328
,2022-12-08,51935.0,SGB BRASILIA,Consumidor Especial,SUDESTE,7.199999999999999,1.648256
,2022-12-09,51935.0,SGB BRASILIA,Consumidor Especial,SUDESTE,7.199999999999999,2.10931
,2022-12-10,51935.0,SGB BRASILIA,Consumidor Especial,SUDESTE,7.199999999999999,1.38712
,2022-12-11,51935.0,SGB BRASILIA,Consumidor Especial,SUDESTE,7.199999999999999,0.433068
,2022-12-12,51935.0,SGB BRASILIA,Consumidor Especial,SUDESTE,7.199999999999999,2.682806
,2022-12-13,51935.0,SGB BRASILIA,Consumidor Especial,SUDESTE,7.199999999999999,2.6613130000000003
,2022-12-14,51935.0,SGB BRASILIA,Consumidor Especial,SUDESTE,7.199999999999999,2.336754
,2022-12-15,51935.0,SGB BRASILIA,Consumidor Especial,SUDESTE,7.199999999999999,2.103138
,2022-12-16,51935.0,SGB BRASILIA,Consumidor Especial,SUDESTE,7.199999999999999,2.40945
,2022-12-17,51935.0,SGB BRASILIA,Consumidor Especial,SUDESTE,7.199999999999999,1.15431
,2022-12-18,51935.0,SGB BRASILIA,Consumidor Especial,SUDESTE,7.199999999999999,0.237804
,2022-12-19,51935.0,SGB BRASILIA,Consumidor Especial,SUDESTE,7.199999999999999,2.498958
,2022-12-20,51935.0,SGB BRASILIA,Consumidor Especial,SUDESTE,7.199999999999999,2.406855
,2022-12-21,51935.0,SGB BRASILIA,Consumidor Especial,SUDESTE,7.199999999999999,2.514402
,2022-12-22,51935.0,SGB BRASILIA,Consumidor Especial,SUDESTE,7.199999999999999,2.095117
,2022-12-23,51935.0,SGB BRASILIA,Consumidor Especial,SUDESTE,7.199999999999999,2.080913
,2022-12-24,51935.0,SGB BRASILIA,Consumidor Especial,SUDESTE,7.199999999999999,1.405314
,2022-12-25,51935.0,SGB BRASILIA,Consumidor Especial,SUDESTE,7.199999999999999,0.217662
,2022-12-26,51935.0,SGB BRASILIA,Consumidor Especial,SUDESTE,7.199999999999999,2.238858
,2022-12-27,51935.0,SGB BRASILIA,Consumidor Especial,SUDESTE,7.199999999999999,2.185245
,2022-12-28,51935.0,SGB BRASILIA,Consumidor Especial,SUDESTE,7.199999999999999,2.379374
,2022-12-29,51935.0,SGB BRASILIA,Consumidor Especial,SUDESTE,7.199999999999999,2.139002
,2022-12-30,51935.0,SGB BRASILIA,Consumidor Especial,SUDESTE,7.199999999999999,2.478008
,2022-12-31,51935.0,SGB BRASILIA,Consumidor Especial,SUDESTE,7.199999999999999,1.22702
,2023-01-01,51935.0,SGB BRASILIA,Consumidor Especial,SUDESTE,7.199999999999999,0.247796
,2023-01-02,51935.0,SGB BRASILIA,Consumidor Especial,SUDESTE,7.199999999999999,2.277358
,2023-01-03,51935.0,SGB BRASILIA,Consumidor Especial,SUDESTE,7.199999999999999,2.081857
,2023-01-04,51935.0,SGB BRASILIA,Consumidor Especial,SUDESTE,7.199999999999999,2.149018
,2023-01-05,51935.0,SGB BRASILIA,Consumidor Especial,SUDESTE,7.199999999999999,2.053448
,2023-01-06,51935.0,SGB BRASILIA,Consumidor Especial,SUDESTE,7.199999999999999,2.129133
,2023-01-07,51935.0,SGB BRASILIA,Consumidor Especial,SUDESTE,7.199999999999999,1.126081
,2023-01-08,51935.0,SGB BRASILIA,Consumidor Especial,SUDESTE,7.199999999999999,0.184759
,2023-01-09,51935.0,SGB BRASILIA,Consumidor Especial,SUDESTE,7.199999999999999,2.372236
,2023-01-10,51935.0,SGB BRASILIA,Consumidor Especial,SUDESTE,7.199999999999999,2.150062
,2023-01-11,51935.0,SGB BRASILIA,Consumidor Especial,SUDESTE,7.199999999999999,1.961
,2023-01-12,51935.0,SGB BRASILIA,Consumidor Especial,SUDESTE,7.199999999999999,1.957581
,2023-01-13,51935.0,SGB BRASILIA,Consumidor Especial,SUDESTE,7.199999999999999,2.137097
,2023-01-14,51935.0,SGB BRASILIA,Consumidor Especial,SUDESTE,7.199999999999999,1.230192
,2023-01-15,51935.0,SGB BRASILIA,Consumidor Especial,SUDESTE,7.199999999999999,0.402515
,2023-01-16,51935.0,SGB BRASILIA,Consumidor Especial,SUDESTE,7.199999999999999,2.359503
,2023-01-17,51935.0,SGB BRASILIA,Consumidor Especial,SUDESTE,7.199999999999999,1.814613
,2023-01-18,51935.0,SGB BRASILIA,Consumidor Especial,SUDESTE,7.199999999999999,1.931859
,2023-01-19,51935.0,SGB BRASILIA,Consumidor Especial,SUDESTE,7.199999999999999,1.966064
,2023-01-20,51935.0,SGB BRASILIA,Consumidor Especial,SUDESTE,7.199999999999999,2.29415
,2023-01-21,51935.0,SGB BRASILIA,Consumidor Especial,SUDESTE,7.199999999999999,1.128116
,2023-01-22,51935.0,SGB BRASILIA,Consumidor Especial,SUDESTE,7.199999999999999,0.222174
,2023-01-23,51935.0,SGB BRASILIA,Consumidor Especial,SUDESTE,7.199999999999999,2.039778
,2023-01-24,51935.0,SGB BRASILIA,Consumidor Especial,SUDESTE,7.199999999999999,2.010464
,2023-01-25,51935.0,SGB BRASILIA,Consumidor Especial,SUDESTE,7.199999999999999,1.951781
,2023-01-26,51935.0,SGB BRASILIA,Consumidor Especial,SUDESTE,7.199999999999999,1.798132
,2023-01-27,51935.0,SGB BRASILIA,Consumidor Especial,SUDESTE,7.199999999999999,1.90937
,2023-01-28,51935.0,SGB BRASILIA,Consumidor Especial,SUDESTE,7.199999999999999,1.348298
,2023-01-29,51935.0,SGB BRASILIA,Consumidor Especial,SUDESTE,7.199999999999999,0.385197
,2023-01-30,51935.0,SGB BRASILIA,Consumidor Especial,SUDESTE,7.199999999999999,2.337016
,2023-01-31,51935.0,SGB BRASILIA,Consumidor Especial,SUDESTE,7.199999999999999,2.090799
,2023-02-01,51935.0,SGB BRASILIA,Consumidor Especial,SUDESTE,7.199999999999999,2.026608
,2023-02-02,51935.0,SGB BRASILIA,Consumidor Especial,SUDESTE,7.199999999999999,2.282035
,2023-02-03,51935.0,SGB BRASILIA,Consumidor Especial,SUDESTE,7.199999999999999,2.419539
,2023-02-04,51935.0,SGB BRASILIA,Consumidor Especial,SUDESTE,7.199999999999999,1.25082
,2023-02-05,51935.0,SGB BRASILIA,Consumidor Especial,SUDESTE,7.199999999999999,0.220971
,2023-02-06,51935.0,SGB BRASILIA,Consumidor Especial,SUDESTE,7.199999999999999,2.254191
,2023-02-07,51935.0,SGB BRASILIA,Consumidor Especial,SUDESTE,7.199999999999999,2.008148
,2023-02-08,51935.0,SGB BRASILIA,Consumidor Especial,SUDESTE,7.199999999999999,2.222482
,2023-02-09,51935.0,SGB BRASILIA,Consumidor Especial,SUDESTE,7.199999999999999,2.304863
,2023-02-10,51935.0,SGB BRASILIA,Consumidor Especial,SUDESTE,7.199999999999999,2.444457
,2023-02-11,51935.0,SGB BRASILIA,Consumidor Especial,SUDESTE,7.199999999999999,1.612932
,2023-02-12,51935.0,SGB BRASILIA,Consumidor Especial,SUDESTE,7.199999999999999,0.402237
,2023-02-13,51935.0,SGB BRASILIA,Consumidor Especial,SUDESTE,7.199999999999999,2.610942
,2023-02-14,51935.0,SGB BRASILIA,Consumidor Especial,SUDESTE,7.199999999999999,2.125986
,2023-02-15,51935.0,SGB BRASILIA,Consumidor Especial,SUDESTE,7.199999999999999,2.48314
,2023-02-16,51935.0,SGB BRASILIA,Consumidor Especial,SUDESTE,7.199999999999999,2.393021
,2023-02-17,51935.0,SGB BRASILIA,Consumidor Especial,SUDESTE,7.199999999999999,2.351138
,2023-02-18,51935.0,SGB BRASILIA,Consumidor Especial,SUDESTE,7.199999999999999,1.420198
,2023-02-19,51935.0,SGB BRASILIA,Consumidor Especial,SUDESTE,7.199999999999999,0.413632
,2023-02-20,51935.0,SGB BRASILIA,Consumidor Especial,SUDESTE,7.199999999999999,2.393854
,2023-02-21,51935.0,SGB BRASILIA,Consumidor Especial,SUDESTE,7.199999999999999,0.504328
,2023-02-22,51935.0,SGB BRASILIA,Consumidor Especial,SUDESTE,7.199999999999999,2.306928
,2023-02-23,51935.0,SGB BRASILIA,Consumidor Especial,SUDESTE,7.199999999999999,2.00504
,2023-02-24,51935.0,SGB BRASILIA,Consumidor Especial,SUDESTE,7.199999999999999,2.088638
,2023-02-25,51935.0,SGB BRASILIA,Consumidor Especial,SUDESTE,7.199999999999999,1.479679
,2023-02-26,51935.0,SGB BRASILIA,Consumidor Especial,SUDESTE,7.199999999999999,0.304796
,2023-02-27,51935.0,SGB BRASILIA,Consumidor Especial,SUDESTE,7.199999999999999,2.404261
,2023-02-28,51935.0,SGB BRASILIA,Consumidor Especial,SUDESTE,7.199999999999999,2.035618
,2023-03-01,51935.0,SGB BRASILIA,Consumidor Especial,SUDESTE,7.199999999999999,2.048513
,2023-03-02,51935.0,SGB BRASILIA,Consumidor Especial,SUDESTE,7.199999999999999,2.182421
,2023-03-03,51935.0,SGB BRASILIA,Consumidor Especial,SUDESTE,7.199999999999999,2.256548
,2023-03-04,51935.0,SGB BRASILIA,Consumidor Especial,SUDESTE,7.199999999999999,1.385234
,2023-03-05,51935.0,SGB BRASILIA,Consumidor Especial,SUDESTE,7.199999999999999,0.278717
,2023-03-06,51935.0,SGB BRASILIA,Consumidor Especial,SUDESTE,7.199999999999999,2.410745
,2023-03-07,51935.0,SGB BRASILIA,Consumidor Especial,SUDESTE,7.199999999999999,2.020612
,2023-03-08,51935.0,SGB BRASILIA,Consumidor Especial,SUDESTE,7.199999999999999,2.113436
,2023-03-09,51935.0,SGB BRASILIA,Consumidor Especial,SUDESTE,7.199999999999999,1.972878
,2023-03-10,51935.0,SGB BRASILIA,Consumidor Especial,SUDESTE,7.199999999999999,2.29986
,2023-03-11,51935.0,SGB BRASILIA,Consumidor Especial,SUDESTE,7.199999999999999,1.439537
,2023-03-12,51935.0,SGB BRASILIA,Consumidor Especial,SUDESTE,7.199999999999999,0.23323
,2023-03-13,51935.0,SGB BRASILIA,Consumidor Especial,SUDESTE,7.199999999999999,2.394612
,2023-03-14,51935.0,SGB BRASILIA,Consumidor Especial,SUDESTE,7.199999999999999,1.928351
,2023-03-15,51935.0,SGB BRASILIA,Consumidor Especial,SUDESTE,7.199999999999999,1.924446
,2023-03-16,51935.0,SGB BRASILIA,Consumidor Especial,SUDESTE,7.199999999999999,1.997826
,2023-03-17,51935.0,SGB BRASILIA,Consumidor Especial,SUDESTE,7.199999999999999,2.138055
,2023-03-18,51935.0,SGB BRASILIA,Consumidor Especial,SUDESTE,7.199999999999999,1.330423
,2023-03-19,51935.0,SGB BRASILIA,Consumidor Especial,SUDESTE,7.199999999999999,0.401725
,2023-03-20,51935.0,SGB BRASILIA,Consumidor Especial,SUDESTE,7.199999999999999,2.147976
,2023-03-21,51935.0,SGB BRASILIA,Consumidor Especial,SUDESTE,7.199999999999999,1.818644
,2023-03-22,51935.0,SGB BRASILIA,Consumidor Especial,SUDESTE,7.199999999999999,2.014913
,2023-03-23,51935.0,SGB BRASILIA,Consumidor Especial,SUDESTE,7.199999999999999,1.956768
,2023-03-24,51935.0,SGB BRASILIA,Consumidor Especial,SUDESTE,7.199999999999999,2.131769
,2023-03-25,51935.0,SGB BRASILIA,Consumidor Especial,SUDESTE,7.199999999999999,1.558941
,2023-03-26,51935.0,SGB BRASILIA,Consumidor Especial,SUDESTE,7.199999999999999,0.67862
,2023-03-27,51935.0,SGB BRASILIA,Consumidor Especial,SUDESTE,7.199999999999999,2.382651
,2023-03-28,51935.0,SGB BRASILIA,Consumidor Especial,SUDESTE,7.199999999999999,1.875992
,2023-03-29,51935.0,SGB BRASILIA,Consumidor Especial,SUDESTE,7.199999999999999,2.037572
,2023-03-30,51935.0,SGB BRASILIA,Consumidor Especial,SUDESTE,7.199999999999999,2.053446
,2023-03-31,51935.0,SGB BRASILIA,Consumidor Especial,SUDESTE,7.199999999999999,2.260124
,2023-04-01,51935.0,SGB BRASILIA,Consumidor Especial,SUDESTE,7.199999999999999,1.359923
,2023-04-02,51935.0,SGB BRASILIA,Consumidor Especial,SUDESTE,7.199999999999999,0.246504
,2023-04-03,51935.0,SGB BRASILIA,Consumidor Especial,SUDESTE,7.199999999999999,2.173253
,2023-04-04,51935.0,SGB BRASILIA,Consumidor Especial,SUDESTE,7.199999999999999,2.183472
,2023-04-05,51935.0,SGB BRASILIA,Consumidor Especial,SUDESTE,7.199999999999999,2.165206
,2023-04-06,51935.0,SGB BRASILIA,Consumidor Especial,SUDESTE,7.199999999999999,2.243563
,2023-04-07,51935.0,SGB BRASILIA,Consumidor Especial,SUDESTE,7.199999999999999,0.681436
,2023-04-08,51935.0,SGB BRASILIA,Consumidor Especial,SUDESTE,7.199999999999999,1.51174
,2023-04-09,51935.0,SGB BRASILIA,Consumidor Especial,SUDESTE,7.199999999999999,0.280101
,2023-04-10,51935.0,SGB BRASILIA,Consumidor Especial,SUDESTE,7.199999999999999,2.477977
,2023-04-11,51935.0,SGB BRASILIA,Consumidor Especial,SUDESTE,7.199999999999999,2.145275
,2023-04-12,51935.0,SGB BRASILIA,Consumidor Especial,SUDESTE,7.199999999999999,2.062689
,2023-04-13,51935.0,SGB BRASILIA,Consumidor Especial,SUDESTE,7.199999999999999,2.122866
,2023-04-14,51935.0,SGB BRASILIA,Consumidor Especial,SUDESTE,7.199999999999999,2.261343
,2023-04-15,51935.0,SGB BRASILIA,Consumidor Especial,SUDESTE,7.199999999999999,1.515944
,2023-04-16,51935.0,SGB BRASILIA,Consumidor Especial,SUDESTE,7.199999999999999,0.49055
,2023-04-17,51935.0,SGB BRASILIA,Consumidor Especial,SUDESTE,7.199999999999999,2.338907
,2023-04-18,51935.0,SGB BRASILIA,Consumidor Especial,SUDESTE,7.199999999999999,1.81328
,2023-04-19,51935.0,SGB BRASILIA,Consumidor Especial,SUDESTE,7.199999999999999,2.093664
,2023-04-20,51935.0,SGB BRASILIA,Consumidor Especial,SUDESTE,7.199999999999999,2.426176
,2023-04-21,51935.0,SGB BRASILIA,Consumidor Especial,SUDESTE,7.199999999999999,0.566082
,2023-04-22,51935.0,SGB BRASILIA,Consumidor Especial,SUDESTE,7.199999999999999,1.434796
,2023-04-23,51935.0,SGB BRASILIA,Consumidor Especial,SUDESTE,7.199999999999999,0.214768
,2023-04-24,51935.0,SGB BRASILIA,Consumidor Especial,SUDESTE,7.199999999999999,2.340439
,2023-04-25,51935.0,SGB BRASILIA,Consumidor Especial,SUDESTE,7.199999999999999,1.951567
,2023-04-26,51935.0,SGB BRASILIA,Consumidor Especial,SUDESTE,7.199999999999999,1.909806
,2023-04-27,51935.0,SGB BRASILIA,Consumidor Especial,SUDESTE,7.199999999999999,2.007682
,2023-04-28,51935.0,SGB BRASILIA,Consumidor Especial,SUDESTE,7.199999999999999,2.21553
,2023-04-29,51935.0,SGB BRASILIA,Consumidor Especial,SUDESTE,7.199999999999999,1.503028
,2023-04-30,51935.0,SGB BRASILIA,Consumidor Especial,SUDESTE,7.199999999999999,0.236853
,2023-05-01,51935.0,SGB BRASILIA,Consumidor Especial,SUDESTE,7.199999999999999,0.599117
,2023-05-02,51935.0,SGB BRASILIA,Consumidor Especial,SUDESTE,7.199999999999999,2.267448
,2023-05-03,51935.0,SGB BRASILIA,Consumidor Especial,SUDESTE,7.199999999999999,2.080189
,2023-05-04,51935.0,SGB BRASILIA,Consumidor Especial,SUDESTE,7.199999999999999,2.2487310000000003
,2023-05-05,51935.0,SGB BRASILIA,Consumidor Especial,SUDESTE,7.199999999999999,2.30109
,2023-05-06,51935.0,SGB BRASILIA,Consumidor Especial,SUDESTE,7.199999999999999,1.132523
,2023-05-07,51935.0,SGB BRASILIA,Consumidor Especial,SUDESTE,7.199999999999999,0.42917
,2023-05-08,51935.0,SGB BRASILIA,Consumidor Especial,SUDESTE,7.199999999999999,2.223862
,2023-05-09,51935.0,SGB BRASILIA,Consumidor Especial,SUDESTE,7.199999999999999,1.977455
,2023-05-10,51935.0,SGB BRASILIA,Consumidor Especial,SUDESTE,7.199999999999999,2.046362
,2023-05-11,51935.0,SGB BRASILIA,Consumidor Especial,SUDESTE,7.199999999999999,2.179904
,2023-05-12,51935.0,SGB BRASILIA,Consumidor Especial,SUDESTE,7.199999999999999,2.107377
,2023-05-13,51935.0,SGB BRASILIA,Consumidor Especial,SUDESTE,7.199999999999999,1.18594
,2023-05-14,51935.0,SGB BRASILIA,Consumidor Especial,SUDESTE,7.199999999999999,0.220831
,2023-05-15,51935.0,SGB BRASILIA,Consumidor Especial,SUDESTE,7.199999999999999,2.026488
,2023-05-16,51935.0,SGB BRASILIA,Consumidor Especial,SUDESTE,7.199999999999999,1.710753
,2023-05-17,51935.0,SGB BRASILIA,Consumidor Especial,SUDESTE,7.199999999999999,2.007049
,2023-05-18,51935.0,SGB BRASILIA,Consumidor Especial,SUDESTE,7.199999999999999,1.76423
,2023-05-19,51935.0,SGB BRASILIA,Consumidor Especial,SUDESTE,7.199999999999999,2.013242
,2023-05-20,51935.0,SGB BRASILIA,Consumidor Especial,SUDESTE,7.199999999999999,1.287728
,2023-05-21,51935.0,SGB BRASILIA,Consumidor Especial,SUDESTE,7.199999999999999,0.189191
,2023-05-22,51935.0,SGB BRASILIA,Consumidor Especial,SUDESTE,7.199999999999999,1.999295
,2023-05-23,51935.0,SGB BRASILIA,Consumidor Especial,SUDESTE,7.199999999999999,1.831068
,2023-05-24,51935.0,SGB BRASILIA,Consumidor Especial,SUDESTE,7.199999999999999,1.732987
,2023-05-25,51935.0,SGB BRASILIA,Consumidor Especial,SUDESTE,7.199999999999999,2.060681
,2023-05-26,51935.0,SGB BRASILIA,Consumidor Especial,SUDESTE,7.199999999999999,2.037214
,2023-05-27,51935.0,SGB BRASILIA,Consumidor Especial,SUDESTE,7.199999999999999,1.269609
,2023-05-28,51935.0,SGB BRASILIA,Consumidor Especial,SUDESTE,7.199999999999999,0.23166
,2023-05-29,51935.0,SGB BRASILIA,Consumidor Especial,SUDESTE,7.199999999999999,2.064573
,2023-05-30,51935.0,SGB BRASILIA,Consumidor Especial,SUDESTE,7.199999999999999,1.85591
,2023-05-31,51935.0,SGB BRASILIA,Consumidor Especial,SUDESTE,7.199999999999999,2.146522
,2023-06-01,51935.0,SGB BRASILIA,Consumidor Especial,SUDESTE,7.199999999999999,1.934752
,2023-06-02,51935.0,SGB BRASILIA,Consumidor Especial,SUDESTE,7.199999999999999,1.999209
,2023-06-03,51935.0,SGB BRASILIA,Consumidor Especial,SUDESTE,7.199999999999999,1.492455
,2023-06-04,51935.0,SGB BRASILIA,Consumidor Especial,SUDESTE,7.199999999999999,0.19487
,2023-06-05,51935.0,SGB BRASILIA,Consumidor Especial,SUDESTE,7.199999999999999,2.498303
,2023-06-06,51935.0,SGB BRASILIA,Consumidor Especial,SUDESTE,7.199999999999999,2.339618
,2023-06-07,51935.0,SGB BRASILIA,Consumidor Especial,SUDESTE,7.199999999999999,2.326047
,2023-06-08,51935.0,SGB BRASILIA,Consumidor Especial,SUDESTE,7.199999999999999,0.770639
,2023-06-09,51935.0,SGB BRASILIA,Consumidor Especial,SUDESTE,7.199999999999999,2.540206
,2023-06-10,51935.0,SGB BRASILIA,Consumidor Especial,SUDESTE,7.199999999999999,1.759705
,2023-06-11,51935.0,SGB BRASILIA,Consumidor Especial,SUDESTE,7.199999999999999,0.231035
,2023-06-12,51935.0,SGB BRASILIA,Consumidor Especial,SUDESTE,7.199999999999999,2.523276
,2023-06-13,51935.0,SGB BRASILIA,Consumidor Especial,SUDESTE,7.199999999999999,2.151259
,2023-06-14,51935.0,SGB BRASILIA,Consumidor Especial,SUDESTE,7.199999999999999,2.126706
,2023-06-15,51935.0,SGB BRASILIA,Consumidor Especial,SUDESTE,7.199999999999999,2.317475
,2023-06-16,51935.0,SGB BRASILIA,Consumidor Especial,SUDESTE,7.199999999999999,2.146047
,2023-06-17,51935.0,SGB BRASILIA,Consumidor Especial,SUDESTE,7.199999999999999,1.453022
,2023-06-18,51935.0,SGB BRASILIA,Consumidor Especial,SUDESTE,7.199999999999999,0.063692
,2023-06-19,51935.0,SGB BRASILIA,Consumidor Especial,SUDESTE,7.199999999999999,1.570558
,2023-06-20,51935.0,SGB BRASILIA,Consumidor Especial,SUDESTE,7.199999999999999,2.060505
,2023-06-21,51935.0,SGB BRASILIA,Consumidor Especial,SUDESTE,7.199999999999999,2.070653
,2023-06-22,51935.0,SGB BRASILIA,Consumidor Especial,SUDESTE,7.199999999999999,2.191075
,2023-06-23,51935.0,SGB BRASILIA,Consumidor Especial,SUDESTE,7.199999999999999,2.190192
,2023-06-24,51935.0,SGB BRASILIA,Consumidor Especial,SUDESTE,7.199999999999999,1.283165
,2023-06-25,51935.0,SGB BRASILIA,Consumidor Especial,SUDESTE,7.199999999999999,0.181305
,2023-06-26,51935.0,SGB BRASILIA,Consumidor Especial,SUDESTE,7.199999999999999,2.104355
,2023-06-27,51935.0,SGB BRASILIA,Consumidor Especial,SUDESTE,7.199999999999999,1.787647
,2023-06-28,51935.0,SGB BRASILIA,Consumidor Especial,SUDESTE,7.199999999999999,1.989924
,2023-06-29,51935.0,SGB BRASILIA,Consumidor Especial,SUDESTE,7.199999999999999,2.082265
,2023-06-30,51935.0,SGB BRASILIA,Consumidor Especial,SUDESTE,7.199999999999999,2.112779
,2023-07-01,51935.0,SGB BRASILIA,Consumidor Especial,SUDESTE,7.199999999999999,1.261024
,2023-07-02,51935.0,SGB BRASILIA,Consumidor Especial,SUDESTE,7.199999999999999,0.225514
,2023-07-03,51935.0,SGB BRASILIA,Consumidor Especial,SUDESTE,7.199999999999999,2.052684
,2023-07-04,51935.0,SGB BRASILIA,Consumidor Especial,SUDESTE,7.199999999999999,1.79024
,2023-07-05,51935.0,SGB BRASILIA,Consumidor Especial,SUDESTE,7.199999999999999,2.083595
,2023-07-06,51935.0,SGB BRASILIA,Consumidor Especial,SUDESTE,7.199999999999999,2.216062
,2023-07-07,51935.0,SGB BRASILIA,Consumidor Especial,SUDESTE,7.199999999999999,2.264139
,2023-07-08,51935.0,SGB BRASILIA,Consumidor Especial,SUDESTE,7.199999999999999,1.476244
,2023-07-09,51935.0,SGB BRASILIA,Consumidor Especial,SUDESTE,7.199999999999999,0.202184
,2023-07-10,51935.0,SGB BRASILIA,Consumidor Especial,SUDESTE,7.199999999999999,2.319701
,2023-07-11,51935.0,SGB BRASILIA,Consumidor Especial,SUDESTE,7.199999999999999,1.867167
,2023-07-12,51935.0,SGB BRASILIA,Consumidor Especial,SUDESTE,7.199999999999999,2.075301
,2023-07-13,51935.0,SGB BRASILIA,Consumidor Especial,SUDESTE,7.199999999999999,2.283349
,2023-07-14,51935.0,SGB BRASILIA,Consumidor Especial,SUDESTE,7.199999999999999,2.138204
,2023-07-15,51935.0,SGB BRASILIA,Consumidor Especial,SUDESTE,7.199999999999999,1.39507
,2023-07-16,51935.0,SGB BRASILIA,Consumidor Especial,SUDESTE,7.199999999999999,0.310361
,2023-07-17,51935.0,SGB BRASILIA,Consumidor Especial,SUDESTE,7.199999999999999,2.273235
,2023-07-18,51935.0,SGB BRASILIA,Consumidor Especial,SUDESTE,7.199999999999999,1.742085
,2023-07-19,51935.0,SGB BRASILIA,Consumidor Especial,SUDESTE,7.199999999999999,1.92825
,2023-07-20,51935.0,SGB BRASILIA,Consumidor Especial,SUDESTE,7.199999999999999,2.212246
,2023-07-21,51935.0,SGB BRASILIA,Consumidor Especial,SUDESTE,7.199999999999999,2.039025
,2023-07-22,51935.0,SGB BRASILIA,Consumidor Especial,SUDESTE,7.199999999999999,1.193579
,2023-07-23,51935.0,SGB BRASILIA,Consumidor Especial,SUDESTE,7.199999999999999,0.216646
,2023-07-24,51935.0,SGB BRASILIA,Consumidor Especial,SUDESTE,7.199999999999999,2.142569
,2023-07-25,51935.0,SGB BRASILIA,Consumidor Especial,SUDESTE,7.199999999999999,1.740079
,2023-07-26,51935.0,SGB BRASILIA,Consumidor Especial,SUDESTE,7.199999999999999,1.9126
,2023-07-27,51935.0,SGB BRASILIA,Consumidor Especial,SUDESTE,7.199999999999999,2.042687
,2023-07-28,51935.0,SGB BRASILIA,Consumidor Especial,SUDESTE,7.199999999999999,2.206486
,2023-07-29,51935.0,SGB BRASILIA,Consumidor Especial,SUDESTE,7.199999999999999,1.089916
,2023-07-30,51935.0,SGB BRASILIA,Consumidor Especial,SUDESTE,7.199999999999999,0.23005
,2023-07-31,51935.0,SGB BRASILIA,Consumidor Especial,SUDESTE,7.199999999999999,2.268794
,2023-08-01,51935.0,SGB BRASILIA,Consumidor Especial,SUDESTE,7.199999999999999,1.732191
,2023-08-02,51935.0,SGB BRASILIA,Consumidor Especial,SUDESTE,7.199999999999999,2.106809
,2023-08-03,51935.0,SGB BRASILIA,Consumidor Especial,SUDESTE,7.199999999999999,2.082286
,2023-08-04,51935.0,SGB BRASILIA,Consumidor Especial,SUDESTE,7.199999999999999,2.140838
,2023-08-05,51935.0,SGB BRASILIA,Consumidor Especial,SUDESTE,7.199999999999999,1.301045
,2023-08-06,51935.0,SGB BRASILIA,Consumidor Especial,SUDESTE,7.199999999999999,0.221881
,2023-08-07,51935.0,SGB BRASILIA,Consumidor Especial,SUDESTE,7.199999999999999,2.40795
,2023-08-08,51935.0,SGB BRASILIA,Consumidor Especial,SUDESTE,7.199999999999999,2.302054
,2023-08-09,51935.0,SGB BRASILIA,Consumidor Especial,SUDESTE,7.199999999999999,2.319901
,2023-08-10,51935.0,SGB BRASILIA,Consumidor Especial,SUDESTE,7.199999999999999,2.142327
,2023-08-11,51935.0,SGB BRASILIA,Consumidor Especial,SUDESTE,7.199999999999999,2.392815
,2023-08-12,51935.0,SGB BRASILIA,Consumidor Especial,SUDESTE,7.199999999999999,1.299615
,2023-08-13,51935.0,SGB BRASILIA,Consumidor Especial,SUDESTE,7.199999999999999,0.283091
,2023-08-14,51935.0,SGB BRASILIA,Consumidor Especial,SUDESTE,7.199999999999999,2.135065
,2023-08-15,51935.0,SGB BRASILIA,Consumidor Especial,SUDESTE,7.199999999999999,1.744484
,2023-08-16,51935.0,SGB BRASILIA,Consumidor Especial,SUDESTE,7.199999999999999,1.762673
,2023-08-17,51935.0,SGB BRASILIA,Consumidor Especial,SUDESTE,7.199999999999999,2.078001
,2023-08-18,51935.0,SGB BRASILIA,Consumidor Especial,SUDESTE,7.199999999999999,2.271266
,2023-08-19,51935.0,SGB BRASILIA,Consumidor Especial,SUDESTE,7.199999999999999,1.36625
,2023-08-20,51935.0,SGB BRASILIA,Consumidor Especial,SUDESTE,7.199999999999999,0.219025
,2023-08-21,51935.0,SGB BRASILIA,Consumidor Especial,SUDESTE,7.199999999999999,2.232829
,2023-08-22,51935.0,SGB BRASILIA,Consumidor Especial,SUDESTE,7.199999999999999,1.972849
,2023-08-23,51935.0,SGB BRASILIA,Consumidor Especial,SUDESTE,7.199999999999999,2.128416
,2023-08-24,51935.0,SGB BRASILIA,Consumidor Especial,SUDESTE,7.199999999999999,2.102192
,2023-08-25,51935.0,SGB BRASILIA,Consumidor Especial,SUDESTE,7.199999999999999,2.457913
,2023-08-26,51935.0,SGB BRASILIA,Consumidor Especial,SUDESTE,7.199999999999999,1.324766
,2023-08-27,51935.0,SGB BRASILIA,Consumidor Especial,SUDESTE,7.199999999999999,0.326509
,2023-08-28,51935.0,SGB BRASILIA,Consumidor Especial,SUDESTE,7.199999999999999,2.126373
,2023-08-29,51935.0,SGB BRASILIA,Consumidor Especial,SUDESTE,7.199999999999999,1.842482
,2023-08-30,51935.0,SGB BRASILIA,Consumidor Especial,SUDESTE,7.199999999999999,2.001972
,2023-08-31,51935.0,SGB BRASILIA,Consumidor Especial,SUDESTE,7.199999999999999,2.180197
,2023-09-01,51935.0,SGB BRASILIA,Consumidor Especial,SUDESTE,7.199999999999999,2.12415
,2023-09-02,51935.0,SGB BRASILIA,Consumidor Especial,SUDESTE,7.199999999999999,1.25765
,2023-09-03,51935.0,SGB BRASILIA,Consumidor Especial,SUDESTE,7.199999999999999,0.377141
,2023-09-04,51935.0,SGB BRASILIA,Consumidor Especial,SUDESTE,7.199999999999999,2.404286
,2023-09-05,51935.0,SGB BRASILIA,Consumidor Especial,SUDESTE,7.199999999999999,2.381781
,2023-09-06,51935.0,SGB BRASILIA,Consumidor Especial,SUDESTE,7.199999999999999,2.439374
,2023-09-07,51935.0,SGB BRASILIA,Consumidor Especial,SUDESTE,7.199999999999999,0.399517
,2023-09-08,51935.0,SGB BRASILIA,Consumidor Especial,SUDESTE,7.199999999999999,2.371537
,2023-09-09,51935.0,SGB BRASILIA,Consumidor Especial,SUDESTE,7.199999999999999,1.471392
,2023-09-10,51935.0,SGB BRASILIA,Consumidor Especial,SUDESTE,7.199999999999999,0.314472
,2023-09-11,51935.0,SGB BRASILIA,Consumidor Especial,SUDESTE,7.199999999999999,2.355279
,2023-09-12,51935.0,SGB BRASILIA,Consumidor Especial,SUDESTE,7.199999999999999,2.399399
,2023-09-13,51935.0,SGB BRASILIA,Consumidor Especial,SUDESTE,7.199999999999999,2.089755
,2023-09-14,51935.0,SGB BRASILIA,Consumidor Especial,SUDESTE,7.199999999999999,1.913241
,2023-09-15,51935.0,SGB BRASILIA,Consumidor Especial,SUDESTE,7.199999999999999,2.167183
,2023-09-16,51935.0,SGB BRASILIA,Consumidor Especial,SUDESTE,7.199999999999999,1.311157
,2023-09-17,51935.0,SGB BRASILIA,Consumidor Especial,SUDESTE,7.199999999999999,0.2286699999999999
,2023-09-18,51935.0,SGB BRASILIA,Consumidor Especial,SUDESTE,7.199999999999999,2.29368
,2023-09-19,51935.0,SGB BRASILIA,Consumidor Especial,SUDESTE,7.199999999999999,1.956697
,2023-09-20,51935.0,SGB BRASILIA,Consumidor Especial,SUDESTE,7.199999999999999,2.069625
,2023-09-21,51935.0,SGB BRASILIA,Consumidor Especial,SUDESTE,7.199999999999999,2.10913
,2023-09-22,51935.0,SGB BRASILIA,Consumidor Especial,SUDESTE,7.199999999999999,2.097108
,2023-09-23,51935.0,SGB BRASILIA,Consumidor Especial,SUDESTE,7.199999999999999,1.201878
,2023-09-24,51935.0,SGB BRASILIA,Consumidor Especial,SUDESTE,7.199999999999999,0.316953
,2023-09-25,51935.0,SGB BRASILIA,Consumidor Especial,SUDESTE,7.199999999999999,2.291801
,2023-09-26,51935.0,SGB BRASILIA,Consumidor Especial,SUDESTE,7.199999999999999,1.818688
,2023-09-27,51935.0,SGB BRASILIA,Consumidor Especial,SUDESTE,7.199999999999999,2.014932
,2023-09-28,51935.0,SGB BRASILIA,Consumidor Especial,SUDESTE,7.199999999999999,2.068842
,2023-09-29,51935.0,SGB BRASILIA,Consumidor Especial,SUDESTE,7.199999999999999,2.410719
,2023-09-30,51935.0,SGB BRASILIA,Consumidor Especial,SUDESTE,7.199999999999999,0.708046
,2023-10-01,51935.0,SGB BRASILIA,Consumidor Especial,SUDESTE,7.199999999999999,0.588118
,2023-10-02,51935.0,SGB BRASILIA,Consumidor Especial,SUDESTE,7.199999999999999,2.416012
,2023-10-03,51935.0,SGB BRASILIA,Consumidor Especial,SUDESTE,7.199999999999999,1.78828
,2023-10-04,51935.0,SGB BRASILIA,Consumidor Especial,SUDESTE,7.199999999999999,1.820991
,2023-10-05,51935.0,SGB BRASILIA,Consumidor Especial,SUDESTE,7.199999999999999,2.344733
,2023-10-06,51935.0,SGB BRASILIA,Consumidor Especial,SUDESTE,7.199999999999999,2.353601
,2023-10-07,51935.0,SGB BRASILIA,Consumidor Especial,SUDESTE,7.199999999999999,1.411354
,2023-10-08,51935.0,SGB BRASILIA,Consumidor Especial,SUDESTE,7.199999999999999,0.300724
,2023-10-09,51935.0,SGB BRASILIA,Consumidor Especial,SUDESTE,7.199999999999999,2.402848
,2023-10-10,51935.0,SGB BRASILIA,Consumidor Especial,SUDESTE,7.199999999999999,2.065344
,2023-10-11,51935.0,SGB BRASILIA,Consumidor Especial,SUDESTE,7.199999999999999,2.293119
,2023-10-12,51935.0,SGB BRASILIA,Consumidor Especial,SUDESTE,7.199999999999999,0.3402529999999999
,2023-10-13,51935.0,SGB BRASILIA,Consumidor Especial,SUDESTE,7.199999999999999,2.56028
,2023-10-14,51935.0,SGB BRASILIA,Consumidor Especial,SUDESTE,7.199999999999999,1.557664
,2023-10-15,51935.0,SGB BRASILIA,Consumidor Especial,SUDESTE,7.199999999999999,0.230904
,2023-10-16,51935.0,SGB BRASILIA,Consumidor Especial,SUDESTE,7.199999999999999,2.408207
,2023-10-17,51935.0,SGB BRASILIA,Consumidor Especial,SUDESTE,7.199999999999999,2.085734
,2023-10-18,51935.0,SGB BRASILIA,Consumidor Especial,SUDESTE,7.199999999999999,2.054264
,2023-10-19,51935.0,SGB BRASILIA,Consumidor Especial,SUDESTE,7.199999999999999,2.445076
,2023-10-20,51935.0,SGB BRASILIA,Consumidor Especial,SUDESTE,7.199999999999999,2.415218
,2023-10-21,51935.0,SGB BRASILIA,Consumidor Especial,SUDESTE,7.199999999999999,1.208521
,2023-10-22,51935.0,SGB BRASILIA,Consumidor Especial,SUDESTE,7.199999999999999,0.254189
,2023-10-23,51935.0,SGB BRASILIA,Consumidor Especial,SUDESTE,7.199999999999999,2.124972
,2023-10-24,51935.0,SGB BRASILIA,Consumidor Especial,SUDESTE,7.199999999999999,2.071508
,2023-10-25,51935.0,SGB BRASILIA,Consumidor Especial,SUDESTE,7.199999999999999,1.995176
,2023-10-26,51935.0,SGB BRASILIA,Consumidor Especial,SUDESTE,7.199999999999999,2.119222
,2023-10-27,51935.0,SGB BRASILIA,Consumidor Especial,SUDESTE,7.199999999999999,2.302332
,2023-10-28,51935.0,SGB BRASILIA,Consumidor Especial,SUDESTE,7.199999999999999,1.343109
,2023-10-29,51935.0,SGB BRASILIA,Consumidor Especial,SUDESTE,7.199999999999999,0.26297
,2023-10-30,51935.0,SGB BRASILIA,Consumidor Especial,SUDESTE,7.199999999999999,2.284744
,2023-10-31,51935.0,SGB BRASILIA,Consumidor Especial,SUDESTE,7.199999999999999,2.20977
,2023-11-01,51935.0,SGB BRASILIA,Consumidor Especial,SUDESTE,7.199999999999999,2.279847
,2023-11-02,51935.0,SGB BRASILIA,Consumidor Especial,SUDESTE,7.199999999999999,0.428278
,2023-11-03,51935.0,SGB BRASILIA,Consumidor Especial,SUDESTE,7.199999999999999,2.422204
,2023-11-04,51935.0,SGB BRASILIA,Consumidor Especial,SUDESTE,7.199999999999999,1.405889
,2023-11-05,51935.0,SGB BRASILIA,Consumidor Especial,SUDESTE,7.199999999999999,0.257372
,2023-11-06,51935.0,SGB BRASILIA,Consumidor Especial,SUDESTE,7.199999999999999,2.360935
,2023-11-07,51935.0,SGB BRASILIA,Consumidor Especial,SUDESTE,7.199999999999999,2.101312
,2023-11-08,51935.0,SGB BRASILIA,Consumidor Especial,SUDESTE,7.199999999999999,1.874293
,2023-11-09,51935.0,SGB BRASILIA,Consumidor Especial,SUDESTE,7.199999999999999,2.153075
,2023-11-10,51935.0,SGB BRASILIA,Consumidor Especial,SUDESTE,7.199999999999999,2.328019
,2023-11-11,51935.0,SGB BRASILIA,Consumidor Especial,SUDESTE,7.199999999999999,1.258333
,2023-11-12,51935.0,SGB BRASILIA,Consumidor Especial,SUDESTE,7.199999999999999,0.247873
,2023-11-13,51935.0,SGB BRASILIA,Consumidor Especial,SUDESTE,7.199999999999999,2.513759
,2023-11-14,51935.0,SGB BRASILIA,Consumidor Especial,SUDESTE,7.199999999999999,2.429163
,2023-11-15,51935.0,SGB BRASILIA,Consumidor Especial,SUDESTE,7.199999999999999,0.405582
,2023-11-16,51935.0,SGB BRASILIA,Consumidor Especial,SUDESTE,7.199999999999999,2.4229
,2023-11-17,51935.0,SGB BRASILIA,Consumidor Especial,SUDESTE,7.199999999999999,2.432864
,2023-11-18,51935.0,SGB BRASILIA,Consumidor Especial,SUDESTE,7.199999999999999,1.393446
,2023-11-19,51935.0,SGB BRASILIA,Consumidor Especial,SUDESTE,7.199999999999999,0.500852
,2023-11-20,51935.0,SGB BRASILIA,Consumidor Especial,SUDESTE,7.199999999999999,2.270172
,2023-11-21,51935.0,SGB BRASILIA,Consumidor Especial,SUDESTE,7.199999999999999,1.882356
,2023-11-22,51935.0,SGB BRASILIA,Consumidor Especial,SUDESTE,7.199999999999999,2.116213
,2023-11-23,51935.0,SGB BRASILIA,Consumidor Especial,SUDESTE,7.199999999999999,2.338164
,2023-11-24,51935.0,SGB BRASILIA,Consumidor Especial,SUDESTE,7.199999999999999,2.390476
,2023-11-25,51935.0,SGB BRASILIA,Consumidor Especial,SUDESTE,7.199999999999999,2.39451
,2023-11-26,51935.0,SGB BRASILIA,Consumidor Especial,SUDESTE,7.199999999999999,1.424644
,2023-11-27,51935.0,SGB BRASILIA,Consumidor Especial,SUDESTE,7.199999999999999,0.159513
,2023-11-28,51935.0,SGB BRASILIA,Consumidor Especial,SUDESTE,7.199999999999999,2.369556
,2023-11-29,51935.0,SGB BRASILIA,Consumidor Especial,SUDESTE,7.199999999999999,2.180997
,2023-11-30,51935.0,SGB BRASILIA,Consumidor Especial,SUDESTE,7.199999999999999,2.194
,2023-12-01,51935.0,SGB BRASILIA,Consumidor Especial,SUDESTE,7.199999999999999,2.159389
,2023-12-02,51935.0,SGB BRASILIA,Consumidor Especial,SUDESTE,7.199999999999999,1.294388
,2023-12-03,51935.0,SGB BRASILIA,Consumidor Especial,SUDESTE,7.199999999999999,0.291802
,2023-12-04,51935.0,SGB BRASILIA,Consumidor Especial,SUDESTE,7.199999999999999,2.305298
,2023-12-05,51935.0,SGB BRASILIA,Consumidor Especial,SUDESTE,7.199999999999999,2.071012
,2023-12-06,51935.0,SGB BRASILIA,Consumidor Especial,SUDESTE,7.199999999999999,2.211261
,2023-12-07,51935.0,SGB BRASILIA,Consumidor Especial,SUDESTE,7.199999999999999,2.387676
,2023-12-08,51935.0,SGB BRASILIA,Consumidor Especial,SUDESTE,7.199999999999999,2.372531
,2023-12-09,51935.0,SGB BRASILIA,Consumidor Especial,SUDESTE,7.199999999999999,1.537074
,2023-12-10,51935.0,SGB BRASILIA,Consumidor Especial,SUDESTE,7.199999999999999,0.329151
,2023-12-11,51935.0,SGB BRASILIA,Consumidor Especial,SUDESTE,7.199999999999999,2.745694
,2023-12-12,51935.0,SGB BRASILIA,Consumidor Especial,SUDESTE,7.199999999999999,2.380212
,2023-12-13,51935.0,SGB BRASILIA,Consumidor Especial,SUDESTE,7.199999999999999,2.395584
,2023-12-14,51935.0,SGB BRASILIA,Consumidor Especial,SUDESTE,7.199999999999999,2.300952
,2023-12-15,51935.0,SGB BRASILIA,Consumidor Especial,SUDESTE,7.199999999999999,2.444229
,2023-12-16,51935.0,SGB BRASILIA,Consumidor Especial,SUDESTE,7.199999999999999,1.058921
,2023-12-17,51935.0,SGB BRASILIA,Consumidor Especial,SUDESTE,7.199999999999999,0.676101
,2023-12-18,51935.0,SGB BRASILIA,Consumidor Especial,SUDESTE,7.199999999999999,2.45046
,2023-12-19,51935.0,SGB BRASILIA,Consumidor Especial,SUDESTE,7.199999999999999,2.107413
,2023-12-20,51935.0,SGB BRASILIA,Consumidor Especial,SUDESTE,7.199999999999999,2.245171
,2023-12-21,51935.0,SGB BRASILIA,Consumidor Especial,SUDESTE,7.199999999999999,2.313174
,2023-12-22,51935.0,SGB BRASILIA,Consumidor Especial,SUDESTE,7.199999999999999,2.315329
,2023-12-23,51935.0,SGB BRASILIA,Consumidor Especial,SUDESTE,7.199999999999999,1.267636
,2023-12-24,51935.0,SGB BRASILIA,Consumidor Especial,SUDESTE,7.199999999999999,0.234793
,2023-12-25,51935.0,SGB BRASILIA,Consumidor Especial,SUDESTE,7.199999999999999,0.263216
,2023-12-26,51935.0,SGB BRASILIA,Consumidor Especial,SUDESTE,7.199999999999999,2.523097
,2023-12-27,51935.0,SGB BRASILIA,Consumidor Especial,SUDESTE,7.199999999999999,2.41601
,2023-12-28,51935.0,SGB BRASILIA,Consumidor Especial,SUDESTE,7.199999999999999,2.206525
,2023-12-29,51935.0,SGB BRASILIA,Consumidor Especial,SUDESTE,7.199999999999999,2.599979
,2023-12-30,51935.0,SGB BRASILIA,Consumidor Especial,SUDESTE,7.199999999999999,1.924639
,2023-12-31,51935.0,SGB BRASILIA,Consumidor Especial,SUDESTE,7.199999999999999,0.26511
,2024-01-01,51935.0,SGB BRASILIA,Consumidor Especial,SUDESTE,7.199999999999999,0.248664
,2024-01-02,51935.0,SGB BRASILIA,Consumidor Especial,SUDESTE,7.199999999999999,2.252975
,2024-01-03,51935.0,SGB BRASILIA,Consumidor Especial,SUDESTE,7.199999999999999,2.028879
,2024-01-04,51935.0,SGB BRASILIA,Consumidor Especial,SUDESTE,7.199999999999999,2.184984
,2024-01-05,51935.0,SGB BRASILIA,Consumidor Especial,SUDESTE,7.199999999999999,2.439022
,2024-01-06,51935.0,SGB BRASILIA,Consumidor Especial,SUDESTE,7.199999999999999,1.4313550000000002
,2024-01-07,51935.0,SGB BRASILIA,Consumidor Especial,SUDESTE,7.199999999999999,0.236352
,2024-01-08,51935.0,SGB BRASILIA,Consumidor Especial,SUDESTE,7.199999999999999,2.577376
,2024-01-09,51935.0,SGB BRASILIA,Consumidor Especial,SUDESTE,7.199999999999999,2.160327
,2024-01-10,51935.0,SGB BRASILIA,Consumidor Especial,SUDESTE,7.199999999999999,2.189946
,2024-01-11,51935.0,SGB BRASILIA,Consumidor Especial,SUDESTE,7.199999999999999,2.181214
,2024-01-12,51935.0,SGB BRASILIA,Consumidor Especial,SUDESTE,7.199999999999999,2.505153
,2024-01-13,51935.0,SGB BRASILIA,Consumidor Especial,SUDESTE,7.199999999999999,1.597507
,2024-01-14,51935.0,SGB BRASILIA,Consumidor Especial,SUDESTE,7.199999999999999,0.269698
,2024-01-15,51935.0,SGB BRASILIA,Consumidor Especial,SUDESTE,7.199999999999999,2.429339
,2024-01-16,51935.0,SGB BRASILIA,Consumidor Especial,SUDESTE,7.199999999999999,2.05033
,2024-01-17,51935.0,SGB BRASILIA,Consumidor Especial,SUDESTE,7.199999999999999,2.355776
,2024-01-18,51935.0,SGB BRASILIA,Consumidor Especial,SUDESTE,7.199999999999999,2.513681
,2024-01-19,51935.0,SGB BRASILIA,Consumidor Especial,SUDESTE,7.199999999999999,2.209065
,2024-01-20,51935.0,SGB BRASILIA,Consumidor Especial,SUDESTE,7.199999999999999,1.438525
,2024-01-21,51935.0,SGB BRASILIA,Consumidor Especial,SUDESTE,7.199999999999999,0.28887
,2024-01-22,51935.0,SGB BRASILIA,Consumidor Especial,SUDESTE,7.199999999999999,2.335169
,2024-01-23,51935.0,SGB BRASILIA,Consumidor Especial,SUDESTE,7.199999999999999,2.094387
,2024-01-24,51935.0,SGB BRASILIA,Consumidor Especial,SUDESTE,7.199999999999999,2.312878
,2024-01-25,51935.0,SGB BRASILIA,Consumidor Especial,SUDESTE,7.199999999999999,2.270267
,2024-01-26,51935.0,SGB BRASILIA,Consumidor Especial,SUDESTE,7.199999999999999,2.327702
,2024-01-27,51935.0,SGB BRASILIA,Consumidor Especial,SUDESTE,7.199999999999999,1.29609
,2024-01-28,51935.0,SGB BRASILIA,Consumidor Especial,SUDESTE,7.199999999999999,0.447901
,2024-01-29,51935.0,SGB BRASILIA,Consumidor Especial,SUDESTE,7.199999999999999,2.318413
,2024-01-30,51935.0,SGB BRASILIA,Consumidor Especial,SUDESTE,7.199999999999999,2.601252
,2024-01-31,51935.0,SGB BRASILIA,Consumidor Especial,SUDESTE,7.199999999999999,2.181073
,2024-02-01,51935.0,SGB BRASILIA,Consumidor Especial,SUDESTE,7.199999999999999,2.433699
,2024-02-02,51935.0,SGB BRASILIA,Consumidor Especial,SUDESTE,7.199999999999999,2.21123
,2024-02-03,51935.0,SGB BRASILIA,Consumidor Especial,SUDESTE,7.199999999999999,1.411681
,2024-02-04,51935.0,SGB BRASILIA,Consumidor Especial,SUDESTE,7.199999999999999,0.499224
,2024-02-05,51935.0,SGB BRASILIA,Consumidor Especial,SUDESTE,7.199999999999999,2.453798
,2024-02-06,51935.0,SGB BRASILIA,Consumidor Especial,SUDESTE,7.199999999999999,2.547573
,2024-02-07,51935.0,SGB BRASILIA,Consumidor Especial,SUDESTE,7.199999999999999,2.376851
,2024-02-08,51935.0,SGB BRASILIA,Consumidor Especial,SUDESTE,7.199999999999999,2.47828
,2024-02-09,51935.0,SGB BRASILIA,Consumidor Especial,SUDESTE,7.199999999999999,2.42346
,2024-02-10,51935.0,SGB BRASILIA,Consumidor Especial,SUDESTE,7.199999999999999,1.365702
,2024-02-11,51935.0,SGB BRASILIA,Consumidor Especial,SUDESTE,7.199999999999999,0.661338
,2024-02-12,51935.0,SGB BRASILIA,Consumidor Especial,SUDESTE,7.199999999999999,2.391342
,2024-02-13,51935.0,SGB BRASILIA,Consumidor Especial,SUDESTE,7.199999999999999,0.531174
,2024-02-14,51935.0,SGB BRASILIA,Consumidor Especial,SUDESTE,7.199999999999999,2.696392
,2024-02-15,51935.0,SGB BRASILIA,Consumidor Especial,SUDESTE,7.199999999999999,2.666818
,2024-02-16,51935.0,SGB BRASILIA,Consumidor Especial,SUDESTE,7.199999999999999,2.544435
,2024-02-17,51935.0,SGB BRASILIA,Consumidor Especial,SUDESTE,7.199999999999999,1.62757
,2024-02-18,51935.0,SGB BRASILIA,Consumidor Especial,SUDESTE,7.199999999999999,0.263869
,2024-02-19,51935.0,SGB BRASILIA,Consumidor Especial,SUDESTE,7.199999999999999,2.648655
,2024-02-20,51935.0,SGB BRASILIA,Consumidor Especial,SUDESTE,7.199999999999999,2.179435
,2024-02-21,51935.0,SGB BRASILIA,Consumidor Especial,SUDESTE,7.199999999999999,2.417311
,2024-02-22,51935.0,SGB BRASILIA,Consumidor Especial,SUDESTE,7.199999999999999,2.065031
,2024-02-23,51935.0,SGB BRASILIA,Consumidor Especial,SUDESTE,7.199999999999999,2.504227
,2024-02-24,51935.0,SGB BRASILIA,Consumidor Especial,SUDESTE,7.199999999999999,1.573953
,2024-02-25,51935.0,SGB BRASILIA,Consumidor Especial,SUDESTE,7.199999999999999,0.527012
,2024-02-26,51935.0,SGB BRASILIA,Consumidor Especial,SUDESTE,7.199999999999999,2.562052
,2024-02-27,51935.0,SGB BRASILIA,Consumidor Especial,SUDESTE,7.199999999999999,2.281343
,2024-02-28,51935.0,SGB BRASILIA,Consumidor Especial,SUDESTE,7.199999999999999,2.349452
,2024-02-29,51935.0,SGB BRASILIA,Consumidor Especial,SUDESTE,7.199999999999999,2.278381
202403.0,2024-03-01,51935.0,SGB BRASILIA,Consumidor Especial,SUDESTE,7.199999999999999,2.683424
202403.0,2024-03-02,51935.0,SGB BRASILIA,Consumidor Especial,SUDESTE,7.199999999999999,1.485186
202403.0,2024-03-03,51935.0,SGB BRASILIA,Consumidor Especial,SUDESTE,7.199999999999999,0.263962
202403.0,2024-03-04,51935.0,SGB BRASILIA,Consumidor Especial,SUDESTE,7.199999999999999,2.526716
202403.0,2024-03-05,51935.0,SGB BRASILIA,Consumidor Especial,SUDESTE,7.199999999999999,2.180353
202403.0,2024-03-06,51935.0,SGB BRASILIA,Consumidor Especial,SUDESTE,7.199999999999999,2.256947
202403.0,2024-03-07,51935.0,SGB BRASILIA,Consumidor Especial,SUDESTE,7.199999999999999,2.459689
202403.0,2024-03-08,51935.0,SGB BRASILIA,Consumidor Especial,SUDESTE,7.199999999999999,2.574298
202403.0,2024-03-09,51935.0,SGB BRASILIA,Consumidor Especial,SUDESTE,7.199999999999999,1.418484
202403.0,2024-03-10,51935.0,SGB BRASILIA,Consumidor Especial,SUDESTE,7.199999999999999,0.4949449999999999
202403.0,2024-03-11,51935.0,SGB BRASILIA,Consumidor Especial,SUDESTE,7.199999999999999,2.537389
202403.0,2024-03-12,51935.0,SGB BRASILIA,Consumidor Especial,SUDESTE,7.199999999999999,2.481002
202403.0,2024-03-13,51935.0,SGB BRASILIA,Consumidor Especial,SUDESTE,7.199999999999999,2.459392
202403.0,2024-03-14,51935.0,SGB BRASILIA,Consumidor Especial,SUDESTE,7.199999999999999,2.477503
202403.0,2024-03-15,51935.0,SGB BRASILIA,Consumidor Especial,SUDESTE,7.199999999999999,2.364322
202403.0,2024-03-16,51935.0,SGB BRASILIA,Consumidor Especial,SUDESTE,7.199999999999999,1.589067
202403.0,2024-03-17,51935.0,SGB BRASILIA,Consumidor Especial,SUDESTE,7.199999999999999,0.224702
202403.0,2024-03-18,51935.0,SGB BRASILIA,Consumidor Especial,SUDESTE,7.199999999999999,2.613528
202403.0,2024-03-19,51935.0,SGB BRASILIA,Consumidor Especial,SUDESTE,7.199999999999999,2.555985
202403.0,2024-03-20,51935.0,SGB BRASILIA,Consumidor Especial,SUDESTE,7.199999999999999,2.379707
202403.0,2024-03-21,51935.0,SGB BRASILIA,Consumidor Especial,SUDESTE,7.199999999999999,2.148307
202403.0,2024-03-22,51935.0,SGB BRASILIA,Consumidor Especial,SUDESTE,7.199999999999999,2.366863
202403.0,2024-03-23,51935.0,SGB BRASILIA,Consumidor Especial,SUDESTE,7.199999999999999,1.270638
202403.0,2024-03-24,51935.0,SGB BRASILIA,Consumidor Especial,SUDESTE,7.199999999999999,0.522132
202403.0,2024-03-25,51935.0,SGB BRASILIA,Consumidor Especial,SUDESTE,7.199999999999999,2.351315
202403.0,2024-03-26,51935.0,SGB BRASILIA,Consumidor Especial,SUDESTE,7.199999999999999,2.3422
202403.0,2024-03-27,51935.0,SGB BRASILIA,Consumidor Especial,SUDESTE,7.199999999999999,2.470415
202403.0,2024-03-28,51935.0,SGB BRASILIA,Consumidor Especial,SUDESTE,7.199999999999999,2.415674
202403.0,2024-03-29,51935.0,SGB BRASILIA,Consumidor Especial,SUDESTE,7.199999999999999,0.347887
202403.0,2024-03-30,51935.0,SGB BRASILIA,Consumidor Especial,SUDESTE,7.199999999999999,1.749067
202403.0,2024-03-31,51935.0,SGB BRASILIA,Consumidor Especial,SUDESTE,7.199999999999999,0.241062
202404.0,2024-04-01,51935.0,SGB BRASILIA,Consumidor Especial,SUDESTE,7.199999999999999,2.550146
202404.0,2024-04-02,51935.0,SGB BRASILIA,Consumidor Especial,SUDESTE,7.199999999999999,2.395495
202404.0,2024-04-03,51935.0,SGB BRASILIA,Consumidor Especial,SUDESTE,7.199999999999999,2.526469
202404.0,2024-04-04,51935.0,SGB BRASILIA,Consumidor Especial,SUDESTE,7.199999999999999,2.410603
202404.0,2024-04-05,51935.0,SGB BRASILIA,Consumidor Especial,SUDESTE,7.199999999999999,2.50816
202404.0,2024-04-06,51935.0,SGB BRASILIA,Consumidor Especial,SUDESTE,7.199999999999999,1.518378
202404.0,2024-04-07,51935.0,SGB BRASILIA,Consumidor Especial,SUDESTE,7.199999999999999,0.244152
202404.0,2024-04-08,51935.0,SGB BRASILIA,Consumidor Especial,SUDESTE,7.199999999999999,2.698379
202404.0,2024-04-09,51935.0,SGB BRASILIA,Consumidor Especial,SUDESTE,7.199999999999999,2.463082
202404.0,2024-04-10,51935.0,SGB BRASILIA,Consumidor Especial,SUDESTE,7.199999999999999,2.554724
202404.0,2024-04-11,51935.0,SGB BRASILIA,Consumidor Especial,SUDESTE,7.199999999999999,2.325399
202404.0,2024-04-12,51935.0,SGB BRASILIA,Consumidor Especial,SUDESTE,7.199999999999999,2.519465
202404.0,2024-04-13,51935.0,SGB BRASILIA,Consumidor Especial,SUDESTE,7.199999999999999,1.562882
202404.0,2024-04-14,51935.0,SGB BRASILIA,Consumidor Especial,SUDESTE,7.199999999999999,0.235813
202404.0,2024-04-15,51935.0,SGB BRASILIA,Consumidor Especial,SUDESTE,7.199999999999999,2.601139
202404.0,2024-04-16,51935.0,SGB BRASILIA,Consumidor Especial,SUDESTE,7.199999999999999,2.520273
202404.0,2024-04-17,51935.0,SGB BRASILIA,Consumidor Especial,SUDESTE,7.199999999999999,2.479387
202404.0,2024-04-18,51935.0,SGB BRASILIA,Consumidor Especial,SUDESTE,7.199999999999999,2.37943
202404.0,2024-04-19,51935.0,SGB BRASILIA,Consumidor Especial,SUDESTE,7.199999999999999,2.252649
202404.0,2024-04-20,51935.0,SGB BRASILIA,Consumidor Especial,SUDESTE,7.199999999999999,1.36672
202404.0,2024-04-21,51935.0,SGB BRASILIA,Consumidor Especial,SUDESTE,7.199999999999999,0.212496
202404.0,2024-04-22,51935.0,SGB BRASILIA,Consumidor Especial,SUDESTE,7.199999999999999,2.29137
202404.0,2024-04-23,51935.0,SGB BRASILIA,Consumidor Especial,SUDESTE,7.199999999999999,2.077886
202404.0,2024-04-24,51935.0,SGB BRASILIA,Consumidor Especial,SUDESTE,7.199999999999999,2.280974
202404.0,2024-04-25,51935.0,SGB BRASILIA,Consumidor Especial,SUDESTE,7.199999999999999,2.225592
202404.0,2024-04-26,51935.0,SGB BRASILIA,Consumidor Especial,SUDESTE,7.199999999999999,2.409248
202404.0,2024-04-27,51935.0,SGB BRASILIA,Consumidor Especial,SUDESTE,7.199999999999999,1.595201
202404.0,2024-04-28,51935.0,SGB BRASILIA,Consumidor Especial,SUDESTE,7.199999999999999,0.254893
202404.0,2024-04-29,51935.0,SGB BRASILIA,Consumidor Especial,SUDESTE,7.199999999999999,2.512035
202404.0,2024-04-30,51935.0,SGB BRASILIA,Consumidor Especial,SUDESTE,7.199999999999999,2.535737
202405.0,2024-05-01,51935.0,SGB BRASILIA,Consumidor Especial,SUDESTE,7.199999999999999,0.539284
202405.0,2024-05-02,51935.0,SGB BRASILIA,Consumidor Especial,SUDESTE,7.199999999999999,2.570901
202405.0,2024-05-03,51935.0,SGB BRASILIA,Consumidor Especial,SUDESTE,7.199999999999999,2.45525
202405.0,2024-05-04,51935.0,SGB BRASILIA,Consumidor Especial,SUDESTE,7.199999999999999,1.281286
202405.0,2024-05-05,51935.0,SGB BRASILIA,Consumidor Especial,SUDESTE,7.199999999999999,0.267832
202405.0,2024-05-06,51935.0,SGB BRASILIA,Consumidor Especial,SUDESTE,7.199999999999999,2.504779
202405.0,2024-05-07,51935.0,SGB BRASILIA,Consumidor Especial,SUDESTE,7.199999999999999,2.40465
202405.0,2024-05-08,51935.0,SGB BRASILIA,Consumidor Especial,SUDESTE,7.199999999999999,2.505034
202405.0,2024-05-09,51935.0,SGB BRASILIA,Consumidor Especial,SUDESTE,7.199999999999999,2.475836
202405.0,2024-05-10,51935.0,SGB BRASILIA,Consumidor Especial,SUDESTE,7.199999999999999,2.419065
202405.0,2024-05-11,51935.0,SGB BRASILIA,Consumidor Especial,SUDESTE,7.199999999999999,1.499895
202405.0,2024-05-12,51935.0,SGB BRASILIA,Consumidor Especial,SUDESTE,7.199999999999999,0.229424
202405.0,2024-05-13,51935.0,SGB BRASILIA,Consumidor Especial,SUDESTE,7.199999999999999,2.486676
202405.0,2024-05-14,51935.0,SGB BRASILIA,Consumidor Especial,SUDESTE,7.199999999999999,2.452261
202405.0,2024-05-15,51935.0,SGB BRASILIA,Consumidor Especial,SUDESTE,7.199999999999999,2.249608
202405.0,2024-05-16,51935.0,SGB BRASILIA,Consumidor Especial,SUDESTE,7.199999999999999,2.358329
202405.0,2024-05-17,51935.0,SGB BRASILIA,Consumidor Especial,SUDESTE,7.199999999999999,2.347399
202405.0,2024-05-18,51935.0,SGB BRASILIA,Consumidor Especial,SUDESTE,7.199999999999999,1.471067
202405.0,2024-05-19,51935.0,SGB BRASILIA,Consumidor Especial,SUDESTE,7.199999999999999,0.419
202405.0,2024-05-20,51935.0,SGB BRASILIA,Consumidor Especial,SUDESTE,7.199999999999999,2.231086
202405.0,2024-05-21,51935.0,SGB BRASILIA,Consumidor Especial,SUDESTE,7.199999999999999,2.242545
202405.0,2024-05-22,51935.0,SGB BRASILIA,Consumidor Especial,SUDESTE,7.199999999999999,2.441711
202405.0,2024-05-23,51935.0,SGB BRASILIA,Consumidor Especial,SUDESTE,7.199999999999999,2.220374
202405.0,2024-05-24,51935.0,SGB BRASILIA,Consumidor Especial,SUDESTE,7.199999999999999,2.250219
202405.0,2024-05-25,51935.0,SGB BRASILIA,Consumidor Especial,SUDESTE,7.199999999999999,1.218857
202405.0,2024-05-26,51935.0,SGB BRASILIA,Consumidor Especial,SUDESTE,7.199999999999999,0.337819
202405.0,2024-05-27,51935.0,SGB BRASILIA,Consumidor Especial,SUDESTE,7.199999999999999,2.449657
202405.0,2024-05-28,51935.0,SGB BRASILIA,Consumidor Especial,SUDESTE,7.199999999999999,2.189692
202405.0,2024-05-29,51935.0,SGB BRASILIA,Consumidor Especial,SUDESTE,7.199999999999999,2.492542
202405.0,2024-05-30,51935.0,SGB BRASILIA,Consumidor Especial,SUDESTE,7.199999999999999,0.374885
202405.0,2024-05-31,51935.0,SGB BRASILIA,Consumidor Especial,SUDESTE,7.199999999999999,2.549534
202406.0,2024-06-01,51935.0,SGB BRASILIA,Consumidor Especial,SUDESTE,7.199999999999999,1.353314
202406.0,2024-06-02,51935.0,SGB BRASILIA,Consumidor Especial,SUDESTE,7.199999999999999,0.236158
202406.0,2024-06-03,51935.0,SGB BRASILIA,Consumidor Especial,SUDESTE,7.199999999999999,2.430797
202406.0,2024-06-04,51935.0,SGB BRASILIA,Consumidor Especial,SUDESTE,7.199999999999999,2.403141
202406.0,2024-06-05,51935.0,SGB BRASILIA,Consumidor Especial,SUDESTE,7.199999999999999,2.196636
202406.0,2024-06-06,51935.0,SGB BRASILIA,Consumidor Especial,SUDESTE,7.199999999999999,2.203525
202406.0,2024-06-07,51935.0,SGB BRASILIA,Consumidor Especial,SUDESTE,7.199999999999999,2.639022
202406.0,2024-06-08,51935.0,SGB BRASILIA,Consumidor Especial,SUDESTE,7.199999999999999,1.343057
202406.0,2024-06-09,51935.0,SGB BRASILIA,Consumidor Especial,SUDESTE,7.199999999999999,0.237483
202406.0,2024-06-10,51935.0,SGB BRASILIA,Consumidor Especial,SUDESTE,7.199999999999999,2.44548
202406.0,2024-06-11,51935.0,SGB BRASILIA,Consumidor Especial,SUDESTE,7.199999999999999,2.426936
202406.0,2024-06-12,51935.0,SGB BRASILIA,Consumidor Especial,SUDESTE,7.199999999999999,2.322133
202406.0,2024-06-13,51935.0,SGB BRASILIA,Consumidor Especial,SUDESTE,7.199999999999999,2.210146
202406.0,2024-06-14,51935.0,SGB BRASILIA,Consumidor Especial,SUDESTE,7.199999999999999,2.334454
202406.0,2024-06-15,51935.0,SGB BRASILIA,Consumidor Especial,SUDESTE,7.199999999999999,1.344215
202406.0,2024-06-16,51935.0,SGB BRASILIA,Consumidor Especial,SUDESTE,7.199999999999999,0.227217
202406.0,2024-06-17,51935.0,SGB BRASILIA,Consumidor Especial,SUDESTE,7.199999999999999,2.450862
202406.0,2024-06-18,51935.0,SGB BRASILIA,Consumidor Especial,SUDESTE,7.199999999999999,2.18784
202406.0,2024-06-19,51935.0,SGB BRASILIA,Consumidor Especial,SUDESTE,7.199999999999999,2.351207
202406.0,2024-06-20,51935.0,SGB BRASILIA,Consumidor Especial,SUDESTE,7.199999999999999,2.144404
202406.0,2024-06-21,51935.0,SGB BRASILIA,Consumidor Especial,SUDESTE,7.199999999999999,2.38723
202406.0,2024-06-22,51935.0,SGB BRASILIA,Consumidor Especial,SUDESTE,7.199999999999999,1.300138
202406.0,2024-06-23,51935.0,SGB BRASILIA,Consumidor Especial,SUDESTE,7.199999999999999,0.33247
202406.0,2024-06-24,51935.0,SGB BRASILIA,Consumidor Especial,SUDESTE,7.199999999999999,2.060746
202406.0,2024-06-25,51935.0,SGB BRASILIA,Consumidor Especial,SUDESTE,7.199999999999999,2.22382
202406.0,2024-06-26,51935.0,SGB BRASILIA,Consumidor Especial,SUDESTE,7.199999999999999,2.19959
202406.0,2024-06-27,51935.0,SGB BRASILIA,Consumidor Especial,SUDESTE,7.199999999999999,2.265591
202406.0,2024-06-28,51935.0,SGB BRASILIA,Consumidor Especial,SUDESTE,7.199999999999999,2.183986
202406.0,2024-06-29,51935.0,SGB BRASILIA,Consumidor Especial,SUDESTE,7.199999999999999,1.251615
202406.0,2024-06-30,51935.0,SGB BRASILIA,Consumidor Especial,SUDESTE,7.199999999999999,0.210459
202407.0,2024-07-01,51935.0,SGB BRASILIA,Consumidor Especial,SUDESTE,7.199999999999999,2.298427
202407.0,2024-07-02,51935.0,SGB BRASILIA,Consumidor Especial,SUDESTE,7.199999999999999,1.848072
202407.0,2024-07-03,51935.0,SGB BRASILIA,Consumidor Especial,SUDESTE,7.199999999999999,2.194857
202407.0,2024-07-04,51935.0,SGB BRASILIA,Consumidor Especial,SUDESTE,7.199999999999999,2.057538
202407.0,2024-07-05,51935.0,SGB BRASILIA,Consumidor Especial,SUDESTE,7.199999999999999,2.389883
202407.0,2024-07-06,51935.0,SGB BRASILIA,Consumidor Especial,SUDESTE,7.199999999999999,1.30559
202407.0,2024-07-07,51935.0,SGB BRASILIA,Consumidor Especial,SUDESTE,7.199999999999999,0.418042
202407.0,2024-07-08,51935.0,SGB BRASILIA,Consumidor Especial,SUDESTE,7.199999999999999,2.332
202407.0,2024-07-09,51935.0,SGB BRASILIA,Consumidor Especial,SUDESTE,7.199999999999999,2.225153
202407.0,2024-07-10,51935.0,SGB BRASILIA,Consumidor Especial,SUDESTE,7.199999999999999,2.216881
202407.0,2024-07-11,51935.0,SGB BRASILIA,Consumidor Especial,SUDESTE,7.199999999999999,2.375628
202407.0,2024-07-12,51935.0,SGB BRASILIA,Consumidor Especial,SUDESTE,7.199999999999999,2.382574
202407.0,2024-07-13,51935.0,SGB BRASILIA,Consumidor Especial,SUDESTE,7.199999999999999,1.337144
202407.0,2024-07-14,51935.0,SGB BRASILIA,Consumidor Especial,SUDESTE,7.199999999999999,0.211996
202407.0,2024-07-15,51935.0,SGB BRASILIA,Consumidor Especial,SUDESTE,7.199999999999999,2.224629
202407.0,2024-07-16,51935.0,SGB BRASILIA,Consumidor Especial,SUDESTE,7.199999999999999,2.281582
202407.0,2024-07-17,51935.0,SGB BRASILIA,Consumidor Especial,SUDESTE,7.199999999999999,2.262134
202407.0,2024-07-18,51935.0,SGB BRASILIA,Consumidor Especial,SUDESTE,7.199999999999999,1.925996
202407.0,2024-07-19,51935.0,SGB BRASILIA,Consumidor Especial,SUDESTE,7.199999999999999,2.139956
202407.0,2024-07-20,51935.0,SGB BRASILIA,Consumidor Especial,SUDESTE,7.199999999999999,1.109849
202407.0,2024-07-21,51935.0,SGB BRASILIA,Consumidor Especial,SUDESTE,7.199999999999999,0.361535
202407.0,2024-07-22,51935.0,SGB BRASILIA,Consumidor Especial,SUDESTE,7.199999999999999,2.122167
202407.0,2024-07-23,51935.0,SGB BRASILIA,Consumidor Especial,SUDESTE,7.199999999999999,2.172063
202407.0,2024-07-24,51935.0,SGB BRASILIA,Consumidor Especial,SUDESTE,7.199999999999999,1.990261
202407.0,2024-07-25,51935.0,SGB BRASILIA,Consumidor Especial,SUDESTE,7.199999999999999,2.01459
202407.0,2024-07-26,51935.0,SGB BRASILIA,Consumidor Especial,SUDESTE,7.199999999999999,2.043019
202407.0,2024-07-27,51935.0,SGB BRASILIA,Consumidor Especial,SUDESTE,7.199999999999999,1.149883
202407.0,2024-07-28,51935.0,SGB BRASILIA,Consumidor Especial,SUDESTE,7.199999999999999,0.224185
202407.0,2024-07-29,51935.0,SGB BRASILIA,Consumidor Especial,SUDESTE,7.199999999999999,2.096535
202407.0,2024-07-30,51935.0,SGB BRASILIA,Consumidor Especial,SUDESTE,7.199999999999999,2.18941
202407.0,2024-07-31,51935.0,SGB BRASILIA,Consumidor Especial,SUDESTE,7.199999999999999,2.059175
202408.0,2024-08-01,51935.0,SGB BRASILIA,Consumidor Especial,SUDESTE,7.199999999999999,1.813
202408.0,2024-08-02,51935.0,SGB BRASILIA,Consumidor Especial,SUDESTE,7.199999999999999,2.056607
202408.0,2024-08-03,51935.0,SGB BRASILIA,Consumidor Especial,SUDESTE,7.199999999999999,1.28112
202408.0,2024-08-04,51935.0,SGB BRASILIA,Consumidor Especial,SUDESTE,7.199999999999999,0.230627
202408.0,2024-08-05,51935.0,SGB BRASILIA,Consumidor Especial,SUDESTE,7.199999999999999,2.084815
202408.0,2024-08-06,51935.0,SGB BRASILIA,Consumidor Especial,SUDESTE,7.199999999999999,2.198847
202408.0,2024-08-07,51935.0,SGB BRASILIA,Consumidor Especial,SUDESTE,7.199999999999999,2.120728
202408.0,2024-08-08,51935.0,SGB BRASILIA,Consumidor Especial,SUDESTE,7.199999999999999,2.072739
202408.0,2024-08-09,51935.0,SGB BRASILIA,Consumidor Especial,SUDESTE,7.199999999999999,2.254441
202408.0,2024-08-10,51935.0,SGB BRASILIA,Consumidor Especial,SUDESTE,7.199999999999999,1.300307
202408.0,2024-08-11,51935.0,SGB BRASILIA,Consumidor Especial,SUDESTE,7.199999999999999,0.468592
202408.0,2024-08-12,51935.0,SGB BRASILIA,Consumidor Especial,SUDESTE,7.199999999999999,2.13965
202408.0,2024-08-13,51935.0,SGB BRASILIA,Consumidor Especial,SUDESTE,7.199999999999999,2.284418
202408.0,2024-08-14,51935.0,SGB BRASILIA,Consumidor Especial,SUDESTE,7.199999999999999,2.227858
202408.0,2024-08-15,51935.0,SGB BRASILIA,Consumidor Especial,SUDESTE,7.199999999999999,2.098854
202408.0,2024-08-16,51935.0,SGB BRASILIA,Consumidor Especial,SUDESTE,7.199999999999999,2.274483
202408.0,2024-08-17,51935.0,SGB BRASILIA,Consumidor Especial,SUDESTE,7.199999999999999,1.409799
202408.0,2024-08-18,51935.0,SGB BRASILIA,Consumidor Especial,SUDESTE,7.199999999999999,0.2176799999999999
202408.0,2024-08-19,51935.0,SGB BRASILIA,Consumidor Especial,SUDESTE,7.199999999999999,2.329733
202408.0,2024-08-20,51935.0,SGB BRASILIA,Consumidor Especial,SUDESTE,7.199999999999999,2.079361
202408.0,2024-08-21,51935.0,SGB BRASILIA,Consumidor Especial,SUDESTE,7.199999999999999,2.390697
202408.0,2024-08-22,51935.0,SGB BRASILIA,Consumidor Especial,SUDESTE,7.199999999999999,2.188648
202408.0,2024-08-23,51935.0,SGB BRASILIA,Consumidor Especial,SUDESTE,7.199999999999999,2.405654
202408.0,2024-08-24,51935.0,SGB BRASILIA,Consumidor Especial,SUDESTE,7.199999999999999,1.380996
202408.0,2024-08-25,51935.0,SGB BRASILIA,Consumidor Especial,SUDESTE,7.199999999999999,0.421256
202408.0,2024-08-26,51935.0,SGB BRASILIA,Consumidor Especial,SUDESTE,7.199999999999999,2.250067
202408.0,2024-08-27,51935.0,SGB BRASILIA,Consumidor Especial,SUDESTE,7.199999999999999,2.419494
202408.0,2024-08-28,51935.0,SGB BRASILIA,Consumidor Especial,SUDESTE,7.199999999999999,2.204546
202408.0,2024-08-29,51935.0,SGB BRASILIA,Consumidor Especial,SUDESTE,7.199999999999999,2.386863
202408.0,2024-08-30,51935.0,SGB BRASILIA,Consumidor Especial,SUDESTE,7.199999999999999,2.41599
202408.0,2024-08-31,51935.0,SGB BRASILIA,Consumidor Especial,SUDESTE,7.199999999999999,1.468913
202409.0,2024-09-01,51935.0,SGB BRASILIA,Consumidor Especial,SUDESTE,7.199999999999999,0.304383
202409.0,2024-09-02,51935.0,SGB BRASILIA,Consumidor Especial,SUDESTE,7.199999999999999,2.341282
202409.0,2024-09-03,51935.0,SGB BRASILIA,Consumidor Especial,SUDESTE,7.199999999999999,2.401347
202409.0,2024-09-04,51935.0,SGB BRASILIA,Consumidor Especial,SUDESTE,7.199999999999999,2.465627
202409.0,2024-09-05,51935.0,SGB BRASILIA,Consumidor Especial,SUDESTE,7.199999999999999,2.385084
202409.0,2024-09-06,51935.0,SGB BRASILIA,Consumidor Especial,SUDESTE,7.199999999999999,2.23555
202409.0,2024-09-07,51935.0,SGB BRASILIA,Consumidor Especial,SUDESTE,7.199999999999999,0.558543
202409.0,2024-09-08,51935.0,SGB BRASILIA,Consumidor Especial,SUDESTE,7.199999999999999,0.370207
202409.0,2024-09-09,51935.0,SGB BRASILIA,Consumidor Especial,SUDESTE,7.199999999999999,2.346575
202409.0,2024-09-10,51935.0,SGB BRASILIA,Consumidor Especial,SUDESTE,7.199999999999999,2.275857
202409.0,2024-09-11,51935.0,SGB BRASILIA,Consumidor Especial,SUDESTE,7.199999999999999,2.137006
202409.0,2024-09-12,51935.0,SGB BRASILIA,Consumidor Especial,SUDESTE,7.199999999999999,2.086708
202409.0,2024-09-13,51935.0,SGB BRASILIA,Consumidor Especial,SUDESTE,7.199999999999999,2.19716
202409.0,2024-09-14,51935.0,SGB BRASILIA,Consumidor Especial,SUDESTE,7.199999999999999,1.482999
202409.0,2024-09-15,51935.0,SGB BRASILIA,Consumidor Especial,SUDESTE,7.199999999999999,0.222927
202409.0,2024-09-16,51935.0,SGB BRASILIA,Consumidor Especial,SUDESTE,7.199999999999999,2.208901
202409.0,2024-09-17,51935.0,SGB BRASILIA,Consumidor Especial,SUDESTE,7.199999999999999,2.279802
202409.0,2024-09-18,51935.0,SGB BRASILIA,Consumidor Especial,SUDESTE,7.199999999999999,2.284356
202409.0,2024-09-19,51935.0,SGB BRASILIA,Consumidor Especial,SUDESTE,7.199999999999999,2.12876
202409.0,2024-09-20,51935.0,SGB BRASILIA,Consumidor Especial,SUDESTE,7.199999999999999,2.131208
202409.0,2024-09-21,51935.0,SGB BRASILIA,Consumidor Especial,SUDESTE,7.199999999999999,1.430249
202409.0,2024-09-22,51935.0,SGB BRASILIA,Consumidor Especial,SUDESTE,7.199999999999999,0.380841
202409.0,2024-09-23,51935.0,SGB BRASILIA,Consumidor Especial,SUDESTE,7.199999999999999,2.250906
202409.0,2024-09-24,51935.0,SGB BRASILIA,Consumidor Especial,SUDESTE,7.199999999999999,2.324867
202409.0,2024-09-25,51935.0,SGB BRASILIA,Consumidor Especial,SUDESTE,7.199999999999999,2.172953
202409.0,2024-09-26,51935.0,SGB BRASILIA,Consumidor Especial,SUDESTE,7.199999999999999,2.157502
202409.0,2024-09-27,51935.0,SGB BRASILIA,Consumidor Especial,SUDESTE,7.199999999999999,2.189711
202409.0,2024-09-28,51935.0,SGB BRASILIA,Consumidor Especial,SUDESTE,7.199999999999999,1.345919
202409.0,2024-09-29,51935.0,SGB BRASILIA,Consumidor Especial,SUDESTE,7.199999999999999,0.211583
202409.0,2024-09-30,51935.0,SGB BRASILIA,Consumidor Especial,SUDESTE,7.199999999999999,2.17511
202410.0,2024-10-01,51935.0,SGB BRASILIA,Consumidor Especial,SUDESTE,7.199999999999999,2.190781
202410.0,2024-10-02,51935.0,SGB BRASILIA,Consumidor Especial,SUDESTE,7.199999999999999,2.234621
202410.0,2024-10-03,51935.0,SGB BRASILIA,Consumidor Especial,SUDESTE,7.199999999999999,2.577259
202410.0,2024-10-04,51935.0,SGB BRASILIA,Consumidor Especial,SUDESTE,7.199999999999999,2.310333
202410.0,2024-10-05,51935.0,SGB BRASILIA,Consumidor Especial,SUDESTE,7.199999999999999,1.369441
202410.0,2024-10-06,51935.0,SGB BRASILIA,Consumidor Especial,SUDESTE,7.199999999999999,0.206038
202410.0,2024-10-07,51935.0,SGB BRASILIA,Consumidor Especial,SUDESTE,7.199999999999999,2.29654
202410.0,2024-10-08,51935.0,SGB BRASILIA,Consumidor Especial,SUDESTE,7.199999999999999,2.287035
202410.0,2024-10-09,51935.0,SGB BRASILIA,Consumidor Especial,SUDESTE,7.199999999999999,2.17516
202410.0,2024-10-10,51935.0,SGB BRASILIA,Consumidor Especial,SUDESTE,7.199999999999999,2.516499
202410.0,2024-10-11,51935.0,SGB BRASILIA,Consumidor Especial,SUDESTE,7.199999999999999,2.515175
202410.0,2024-10-12,51935.0,SGB BRASILIA,Consumidor Especial,SUDESTE,7.199999999999999,0.375382
202410.0,2024-10-13,51935.0,SGB BRASILIA,Consumidor Especial,SUDESTE,7.199999999999999,0.272001
202410.0,2024-10-14,51935.0,SGB BRASILIA,Consumidor Especial,SUDESTE,7.199999999999999,2.46282
202410.0,2024-10-15,51935.0,SGB BRASILIA,Consumidor Especial,SUDESTE,7.199999999999999,0.888817
202410.0,2024-10-16,51935.0,SGB BRASILIA,Consumidor Especial,SUDESTE,7.199999999999999,2.453942
202410.0,2024-10-17,51935.0,SGB BRASILIA,Consumidor Especial,SUDESTE,7.199999999999999,2.342763
202410.0,2024-10-18,51935.0,SGB BRASILIA,Consumidor Especial,SUDESTE,7.199999999999999,1.441367
202410.0,2024-10-19,51935.0,SGB BRASILIA,Consumidor Especial,SUDESTE,7.199999999999999,1.565562
202410.0,2024-10-20,51935.0,SGB BRASILIA,Consumidor Especial,SUDESTE,7.199999999999999,0.200982
202410.0,2024-10-21,51935.0,SGB BRASILIA,Consumidor Especial,SUDESTE,7.199999999999999,2.356537
202410.0,2024-10-22,51935.0,SGB BRASILIA,Consumidor Especial,SUDESTE,7.199999999999999,2.153792
202410.0,2024-10-23,51935.0,SGB BRASILIA,Consumidor Especial,SUDESTE,7.199999999999999,2.345717
202410.0,2024-10-24,51935.0,SGB BRASILIA,Consumidor Especial,SUDESTE,7.199999999999999,2.100547
202410.0,2024-10-25,51935.0,SGB BRASILIA,Consumidor Especial,SUDESTE,7.199999999999999,2.203821
202410.0,2024-10-26,51935.0,SGB BRASILIA,Consumidor Especial,SUDESTE,7.199999999999999,1.387046
202410.0,2024-10-27,51935.0,SGB BRASILIA,Consumidor Especial,SUDESTE,7.199999999999999,0.629591
202410.0,2024-10-28,51935.0,SGB BRASILIA,Consumidor Especial,SUDESTE,7.199999999999999,2.300123
202410.0,2024-10-29,51935.0,SGB BRASILIA,Consumidor Especial,SUDESTE,7.199999999999999,2.149337
202410.0,2024-10-30,51935.0,SGB BRASILIA,Consumidor Especial,SUDESTE,7.199999999999999,1.979216
202410.0,2024-10-31,51935.0,SGB BRASILIA,Consumidor Especial,SUDESTE,7.199999999999999,2.19514
202411.0,2024-11-01,51935.0,SGB BRASILIA,Consumidor Especial,SUDESTE,7.199999999999999,2.24616
202411.0,2024-11-02,51935.0,SGB BRASILIA,Consumidor Especial,SUDESTE,7.199999999999999,0.961428
202411.0,2024-11-03,51935.0,SGB BRASILIA,Consumidor Especial,SUDESTE,7.199999999999999,0.251279
202411.0,2024-11-04,51935.0,SGB BRASILIA,Consumidor Especial,SUDESTE,7.199999999999999,2.34384
202411.0,2024-11-05,51935.0,SGB BRASILIA,Consumidor Especial,SUDESTE,7.199999999999999,2.374886
202411.0,2024-11-06,51935.0,SGB BRASILIA,Consumidor Especial,SUDESTE,7.199999999999999,2.382261
202411.0,2024-11-07,51935.0,SGB BRASILIA,Consumidor Especial,SUDESTE,7.199999999999999,2.200963
202411.0,2024-11-08,51935.0,SGB BRASILIA,Consumidor Especial,SUDESTE,7.199999999999999,2.336157
202411.0,2024-11-09,51935.0,SGB BRASILIA,Consumidor Especial,SUDESTE,7.199999999999999,1.218478
202411.0,2024-11-10,51935.0,SGB BRASILIA,Consumidor Especial,SUDESTE,7.199999999999999,0.240054
202411.0,2024-11-11,51935.0,SGB BRASILIA,Consumidor Especial,SUDESTE,7.199999999999999,2.46048
202411.0,2024-11-12,51935.0,SGB BRASILIA,Consumidor Especial,SUDESTE,7.199999999999999,2.529504
202411.0,2024-11-13,51935.0,SGB BRASILIA,Consumidor Especial,SUDESTE,7.199999999999999,2.25767
202411.0,2024-11-14,51935.0,SGB BRASILIA,Consumidor Especial,SUDESTE,7.199999999999999,2.545271
202411.0,2024-11-15,51935.0,SGB BRASILIA,Consumidor Especial,SUDESTE,7.199999999999999,2.24458
202411.0,2024-11-16,51935.0,SGB BRASILIA,Consumidor Especial,SUDESTE,7.199999999999999,0.536697
202411.0,2024-11-17,51935.0,SGB BRASILIA,Consumidor Especial,SUDESTE,7.199999999999999,0.250437
202411.0,2024-11-18,51935.0,SGB BRASILIA,Consumidor Especial,SUDESTE,7.199999999999999,2.448192
202411.0,2024-11-19,51935.0,SGB BRASILIA,Consumidor Especial,SUDESTE,7.199999999999999,2.585358
202411.0,2024-11-20,51935.0,SGB BRASILIA,Consumidor Especial,SUDESTE,7.199999999999999,0.58125
202411.0,2024-11-21,51935.0,SGB BRASILIA,Consumidor Especial,SUDESTE,7.199999999999999,2.503759
202411.0,2024-11-22,51935.0,SGB BRASILIA,Consumidor Especial,SUDESTE,7.199999999999999,2.596451
202411.0,2024-11-23,51935.0,SGB BRASILIA,Consumidor Especial,SUDESTE,7.199999999999999,1.27767
202411.0,2024-11-24,51935.0,SGB BRASILIA,Consumidor Especial,SUDESTE,7.199999999999999,0.26806
202411.0,2024-11-25,51935.0,SGB BRASILIA,Consumidor Especial,SUDESTE,7.199999999999999,2.479333
202411.0,2024-11-26,51935.0,SGB BRASILIA,Consumidor Especial,SUDESTE,7.199999999999999,2.576951
202411.0,2024-11-27,51935.0,SGB BRASILIA,Consumidor Especial,SUDESTE,7.199999999999999,2.453801
202411.0,2024-11-28,51935.0,SGB BRASILIA,Consumidor Especial,SUDESTE,7.199999999999999,2.175048
202411.0,2024-11-29,51935.0,SGB BRASILIA,Consumidor Especial,SUDESTE,7.199999999999999,2.373494
202411.0,2024-11-30,51935.0,SGB BRASILIA,Consumidor Especial,SUDESTE,7.199999999999999,1.353404
202412.0,2024-12-01,51935.0,SGB BRASILIA,Consumidor Especial,SUDESTE,7.199999999999999,0.45446
202412.0,2024-12-02,51935.0,SGB BRASILIA,Consumidor Especial,SUDESTE,7.199999999999999,2.256863
202412.0,2024-12-03,51935.0,SGB BRASILIA,Consumidor Especial,SUDESTE,7.199999999999999,2.258486
202412.0,2024-12-04,51935.0,SGB BRASILIA,Consumidor Especial,SUDESTE,7.199999999999999,2.496153
202412.0,2024-12-05,51935.0,SGB BRASILIA,Consumidor Especial,SUDESTE,7.199999999999999,2.375723
202412.0,2024-12-06,51935.0,SGB BRASILIA,Consumidor Especial,SUDESTE,7.199999999999999,2.305595
202412.0,2024-12-07,51935.0,SGB BRASILIA,Consumidor Especial,SUDESTE,7.199999999999999,1.588625
202412.0,2024-12-08,51935.0,SGB BRASILIA,Consumidor Especial,SUDESTE,7.199999999999999,0.264255
202412.0,2024-12-09,51935.0,SGB BRASILIA,Consumidor Especial,SUDESTE,7.199999999999999,2.624299
202412.0,2024-12-10,51935.0,SGB BRASILIA,Consumidor Especial,SUDESTE,7.199999999999999,2.600957
202412.0,2024-12-11,51935.0,SGB BRASILIA,Consumidor Especial,SUDESTE,7.199999999999999,2.472579
202412.0,2024-12-12,51935.0,SGB BRASILIA,Consumidor Especial,SUDESTE,7.199999999999999,2.313621
202412.0,2024-12-13,51935.0,SGB BRASILIA,Consumidor Especial,SUDESTE,7.199999999999999,2.461518
202412.0,2024-12-14,51935.0,SGB BRASILIA,Consumidor Especial,SUDESTE,7.199999999999999,1.283732
202412.0,2024-12-15,51935.0,SGB BRASILIA,Consumidor Especial,SUDESTE,7.199999999999999,0.243585
202412.0,2024-12-16,51935.0,SGB BRASILIA,Consumidor Especial,SUDESTE,7.199999999999999,2.469801
202412.0,2024-12-17,51935.0,SGB BRASILIA,Consumidor Especial,SUDESTE,7.199999999999999,2.37293
202412.0,2024-12-18,51935.0,SGB BRASILIA,Consumidor Especial,SUDESTE,7.199999999999999,2.29979
202412.0,2024-12-19,51935.0,SGB BRASILIA,Consumidor Especial,SUDESTE,7.199999999999999,2.4578
202412.0,2024-12-20,51935.0,SGB BRASILIA,Consumidor Especial,SUDESTE,7.199999999999999,2.349132
202412.0,2024-12-21,51935.0,SGB BRASILIA,Consumidor Especial,SUDESTE,7.199999999999999,1.435886
202412.0,2024-12-22,51935.0,SGB BRASILIA,Consumidor Especial,SUDESTE,7.199999999999999,0.213139
202412.0,2024-12-23,51935.0,SGB BRASILIA,Consumidor Especial,SUDESTE,7.199999999999999,2.568771
202412.0,2024-12-24,51935.0,SGB BRASILIA,Consumidor Especial,SUDESTE,7.199999999999999,2.099698
202412.0,2024-12-25,51935.0,SGB BRASILIA,Consumidor Especial,SUDESTE,7.199999999999999,0.274832
202412.0,2024-12-26,51935.0,SGB BRASILIA,Consumidor Especial,SUDESTE,7.199999999999999,2.443925
202412.0,2024-12-27,51935.0,SGB BRASILIA,Consumidor Especial,SUDESTE,7.199999999999999,2.49732
202412.0,2024-12-28,51935.0,SGB BRASILIA,Consumidor Especial,SUDESTE,7.199999999999999,1.495535
202412.0,2024-12-29,51935.0,SGB BRASILIA,Consumidor Especial,SUDESTE,7.199999999999999,0.26036
202412.0,2024-12-30,51935.0,SGB BRASILIA,Consumidor Especial,SUDESTE,7.199999999999999,2.426638
202412.0,2024-12-31,51935.0,SGB BRASILIA,Consumidor Especial,SUDESTE,7.199999999999999,2.149054
202501.0,2025-01-01,51935.0,SGB BRASILIA,Consumidor Especial,SUDESTE,7.199999999999999,0.228315
202501.0,2025-01-02,51935.0,SGB BRASILIA,Consumidor Especial,SUDESTE,7.199999999999999,2.197671
202501.0,2025-01-03,51935.0,SGB BRASILIA,Consumidor Especial,SUDESTE,7.199999999999999,2.357839
202501.0,2025-01-04,51935.0,SGB BRASILIA,Consumidor Especial,SUDESTE,7.199999999999999,1.250128
202501.0,2025-01-05,51935.0,SGB BRASILIA,Consumidor Especial,SUDESTE,7.199999999999999,0.321625
202501.0,2025-01-06,51935.0,SGB BRASILIA,Consumidor Especial,SUDESTE,7.199999999999999,2.315772
202501.0,2025-01-07,51935.0,SGB BRASILIA,Consumidor Especial,SUDESTE,7.199999999999999,2.237313
202501.0,2025-01-08,51935.0,SGB BRASILIA,Consumidor Especial,SUDESTE,7.199999999999999,1.981433
202501.0,2025-01-09,51935.0,SGB BRASILIA,Consumidor Especial,SUDESTE,7.199999999999999,2.336418
202501.0,2025-01-10,51935.0,SGB BRASILIA,Consumidor Especial,SUDESTE,7.199999999999999,2.330419
202501.0,2025-01-11,51935.0,SGB BRASILIA,Consumidor Especial,SUDESTE,7.199999999999999,1.354406
202501.0,2025-01-12,51935.0,SGB BRASILIA,Consumidor Especial,SUDESTE,7.199999999999999,0.260049
202501.0,2025-01-13,51935.0,SGB BRASILIA,Consumidor Especial,SUDESTE,7.199999999999999,2.478125
202501.0,2025-01-14,51935.0,SGB BRASILIA,Consumidor Especial,SUDESTE,7.199999999999999,2.109884
202501.0,2025-01-15,51935.0,SGB BRASILIA,Consumidor Especial,SUDESTE,7.199999999999999,2.064682
202501.0,2025-01-16,51935.0,SGB BRASILIA,Consumidor Especial,SUDESTE,7.199999999999999,2.139477
202501.0,2025-01-17,51935.0,SGB BRASILIA,Consumidor Especial,SUDESTE,7.199999999999999,2.285473
202501.0,2025-01-18,51935.0,SGB BRASILIA,Consumidor Especial,SUDESTE,7.199999999999999,1.28192
202501.0,2025-01-19,51935.0,SGB BRASILIA,Consumidor Especial,SUDESTE,7.199999999999999,0.520596
202501.0,2025-01-20,51935.0,SGB BRASILIA,Consumidor Especial,SUDESTE,7.199999999999999,2.350567
202501.0,2025-01-21,51935.0,SGB BRASILIA,Consumidor Especial,SUDESTE,7.199999999999999,2.157979
202501.0,2025-01-22,51935.0,SGB BRASILIA,Consumidor Especial,SUDESTE,7.199999999999999,2.481087
202501.0,2025-01-23,51935.0,SGB BRASILIA,Consumidor Especial,SUDESTE,7.199999999999999,2.246014
202501.0,2025-01-24,51935.0,SGB BRASILIA,Consumidor Especial,SUDESTE,7.199999999999999,2.509445
202501.0,2025-01-25,51935.0,SGB BRASILIA,Consumidor Especial,SUDESTE,7.199999999999999,1.467141
202501.0,2025-01-26,51935.0,SGB BRASILIA,Consumidor Especial,SUDESTE,7.199999999999999,0.353031
202501.0,2025-01-27,51935.0,SGB BRASILIA,Consumidor Especial,SUDESTE,7.199999999999999,2.420851
202501.0,2025-01-28,51935.0,SGB BRASILIA,Consumidor Especial,SUDESTE,7.199999999999999,2.428465
202501.0,2025-01-29,51935.0,SGB BRASILIA,Consumidor Especial,SUDESTE,7.199999999999999,2.319612
202501.0,2025-01-30,51935.0,SGB BRASILIA,Consumidor Especial,SUDESTE,7.199999999999999,2.263156
202501.0,2025-01-31,51935.0,SGB BRASILIA,Consumidor Especial,SUDESTE,7.199999999999999,2.375196
202502.0,2025-02-01,51935.0,SGB BRASILIA,Consumidor Especial,SUDESTE,7.199999999999999,1.385057
202502.0,2025-02-02,51935.0,SGB BRASILIA,Consumidor Especial,SUDESTE,7.199999999999999,0.259366
202502.0,2025-02-03,51935.0,SGB BRASILIA,Consumidor Especial,SUDESTE,7.199999999999999,2.318201
202502.0,2025-02-04,51935.0,SGB BRASILIA,Consumidor Especial,SUDESTE,7.199999999999999,2.272239
202502.0,2025-02-05,51935.0,SGB BRASILIA,Consumidor Especial,SUDESTE,7.199999999999999,2.455153
202502.0,2025-02-06,51935.0,SGB BRASILIA,Consumidor Especial,SUDESTE,7.199999999999999,2.195522
202502.0,2025-02-07,51935.0,SGB BRASILIA,Consumidor Especial,SUDESTE,7.199999999999999,2.515197
202502.0,2025-02-08,51935.0,SGB BRASILIA,Consumidor Especial,SUDESTE,7.199999999999999,1.609423
202502.0,2025-02-09,51935.0,SGB BRASILIA,Consumidor Especial,SUDESTE,7.199999999999999,0.267623
202502.0,2025-02-10,51935.0,SGB BRASILIA,Consumidor Especial,SUDESTE,7.199999999999999,2.900968
202502.0,2025-02-11,51935.0,SGB BRASILIA,Consumidor Especial,SUDESTE,7.199999999999999,2.582324
202502.0,2025-02-12,51935.0,SGB BRASILIA,Consumidor Especial,SUDESTE,7.199999999999999,2.608507
202502.0,2025-02-13,51935.0,SGB BRASILIA,Consumidor Especial,SUDESTE,7.199999999999999,2.756046
202502.0,2025-02-14,51935.0,SGB BRASILIA,Consumidor Especial,SUDESTE,7.199999999999999,2.741899
202502.0,2025-02-15,51935.0,SGB BRASILIA,Consumidor Especial,SUDESTE,7.199999999999999,1.616094
202502.0,2025-02-16,51935.0,SGB BRASILIA,Consumidor Especial,SUDESTE,7.199999999999999,0.353635
202502.0,2025-02-17,51935.0,SGB BRASILIA,Consumidor Especial,SUDESTE,7.199999999999999,2.691146
202502.0,2025-02-18,51935.0,SGB BRASILIA,Consumidor Especial,SUDESTE,7.199999999999999,2.614569
202502.0,2025-02-19,51935.0,SGB BRASILIA,Consumidor Especial,SUDESTE,7.199999999999999,2.744883
202502.0,2025-02-20,51935.0,SGB BRASILIA,Consumidor Especial,SUDESTE,7.199999999999999,2.463439
202502.0,2025-02-21,51935.0,SGB BRASILIA,Consumidor Especial,SUDESTE,7.199999999999999,2.686989
202502.0,2025-02-22,51935.0,SGB BRASILIA,Consumidor Especial,SUDESTE,7.199999999999999,1.606639
202502.0,2025-02-23,51935.0,SGB BRASILIA,Consumidor Especial,SUDESTE,7.199999999999999,0.275616
202502.0,2025-02-24,51935.0,SGB BRASILIA,Consumidor Especial,SUDESTE,7.199999999999999,2.954955
202502.0,2025-02-25,51935.0,SGB BRASILIA,Consumidor Especial,SUDESTE,7.199999999999999,2.479919
202502.0,2025-02-26,51935.0,SGB BRASILIA,Consumidor Especial,SUDESTE,7.199999999999999,2.624112
202502.0,2025-02-27,51935.0,SGB BRASILIA,Consumidor Especial,SUDESTE,7.199999999999999,2.166666
202502.0,2025-02-28,51935.0,SGB BRASILIA,Consumidor Especial,SUDESTE,7.199999999999999,2.723577
202503.0,2025-03-01,51935.0,SGB BRASILIA,Consumidor Especial,SUDESTE,7.199999999999999,1.601323
202503.0,2025-03-02,51935.0,SGB BRASILIA,Consumidor Especial,SUDESTE,7.199999999999999,0.570223
202503.0,2025-03-03,51935.0,SGB BRASILIA,Consumidor Especial,SUDESTE,7.199999999999999,3.040387
202503.0,2025-03-04,51935.0,SGB BRASILIA,Consumidor Especial,SUDESTE,7.199999999999999,0.987788
202503.0,2025-03-05,51935.0,SGB BRASILIA,Consumidor Especial,SUDESTE,7.199999999999999,2.679288
202503.0,2025-03-06,51935.0,SGB BRASILIA,Consumidor Especial,SUDESTE,7.199999999999999,2.524299
202503.0,2025-03-07,51935.0,SGB BRASILIA,Consumidor Especial,SUDESTE,7.199999999999999,2.55398
202503.0,2025-03-08,51935.0,SGB BRASILIA,Consumidor Especial,SUDESTE,7.199999999999999,1.619604
202503.0,2025-03-09,51935.0,SGB BRASILIA,Consumidor Especial,SUDESTE,7.199999999999999,0.407367
202503.0,2025-03-10,51935.0,SGB BRASILIA,Consumidor Especial,SUDESTE,7.199999999999999,2.871271
202503.0,2025-03-11,51935.0,SGB BRASILIA,Consumidor Especial,SUDESTE,7.199999999999999,2.848526
202503.0,2025-03-12,51935.0,SGB BRASILIA,Consumidor Especial,SUDESTE,7.199999999999999,2.700329
202503.0,2025-03-13,51935.0,SGB BRASILIA,Consumidor Especial,SUDESTE,7.199999999999999,2.629602
202503.0,2025-03-14,51935.0,SGB BRASILIA,Consumidor Especial,SUDESTE,7.199999999999999,2.959063
202503.0,2025-03-15,51935.0,SGB BRASILIA,Consumidor Especial,SUDESTE,7.199999999999999,1.762475
202503.0,2025-03-16,51935.0,SGB BRASILIA,Consumidor Especial,SUDESTE,7.199999999999999,0.566955
202503.0,2025-03-17,51935.0,SGB BRASILIA,Consumidor Especial,SUDESTE,7.199999999999999,3.026217
202503.0,2025-03-18,51935.0,SGB BRASILIA,Consumidor Especial,SUDESTE,7.199999999999999,2.982973
202503.0,2025-03-19,51935.0,SGB BRASILIA,Consumidor Especial,SUDESTE,7.199999999999999,2.908945
202503.0,2025-03-20,51935.0,SGB BRASILIA,Consumidor Especial,SUDESTE,7.199999999999999,2.58182
202503.0,2025-03-21,51935.0,SGB BRASILIA,Consumidor Especial,SUDESTE,7.199999999999999,2.804788
202503.0,2025-03-22,51935.0,SGB BRASILIA,Consumidor Especial,SUDESTE,7.199999999999999,1.740659
202503.0,2025-03-23,51935.0,SGB BRASILIA,Consumidor Especial,SUDESTE,7.199999999999999,0.446529
202503.0,2025-03-24,51935.0,SGB BRASILIA,Consumidor Especial,SUDESTE,7.199999999999999,2.974132
202503.0,2025-03-25,51935.0,SGB BRASILIA,Consumidor Especial,SUDESTE,7.199999999999999,2.720394
202503.0,2025-03-26,51935.0,SGB BRASILIA,Consumidor Especial,SUDESTE,7.199999999999999,2.8839
202503.0,2025-03-27,51935.0,SGB BRASILIA,Consumidor Especial,SUDESTE,7.199999999999999,2.818983
202503.0,2025-03-28,51935.0,SGB BRASILIA,Consumidor Especial,SUDESTE,7.199999999999999,2.98599
202503.0,2025-03-29,51935.0,SGB BRASILIA,Consumidor Especial,SUDESTE,7.199999999999999,1.960593
202503.0,2025-03-30,51935.0,SGB BRASILIA,Consumidor Especial,SUDESTE,7.199999999999999,0.533784
202503.0,2025-03-31,51935.0,SGB BRASILIA,Consumidor Especial,SUDESTE,7.199999999999999,3.091733
202504.0,2025-04-01,51935.0,SGB BRASILIA,Consumidor Especial,SUDESTE,7.199999999999999,2.904487
202504.0,2025-04-02,51935.0,SGB BRASILIA,Consumidor Especial,SUDESTE,7.199999999999999,2.978271
202504.0,2025-04-03,51935.0,SGB BRASILIA,Consumidor Especial,SUDESTE,7.199999999999999,2.888819
202504.0,2025-04-04,51935.0,SGB BRASILIA,Consumidor Especial,SUDESTE,7.199999999999999,2.92265
202504.0,2025-04-05,51935.0,SGB BRASILIA,Consumidor Especial,SUDESTE,7.199999999999999,1.83475
202504.0,2025-04-06,51935.0,SGB BRASILIA,Consumidor Especial,SUDESTE,7.199999999999999,0.219652
202504.0,2025-04-07,51935.0,SGB BRASILIA,Consumidor Especial,SUDESTE,7.199999999999999,3.182893
202504.0,2025-04-08,51935.0,SGB BRASILIA,Consumidor Especial,SUDESTE,7.199999999999999,2.881296
202504.0,2025-04-09,51935.0,SGB BRASILIA,Consumidor Especial,SUDESTE,7.199999999999999,2.711671
202504.0,2025-04-10,51935.0,SGB BRASILIA,Consumidor Especial,SUDESTE,7.199999999999999,2.539676
202504.0,2025-04-11,51935.0,SGB BRASILIA,Consumidor Especial,SUDESTE,7.199999999999999,2.81692
202504.0,2025-04-12,51935.0,SGB BRASILIA,Consumidor Especial,SUDESTE,7.199999999999999,1.85392
202504.0,2025-04-13,51935.0,SGB BRASILIA,Consumidor Especial,SUDESTE,7.199999999999999,0.324161
202504.0,2025-04-14,51935.0,SGB BRASILIA,Consumidor Especial,SUDESTE,7.199999999999999,2.866556
202504.0,2025-04-15,51935.0,SGB BRASILIA,Consumidor Especial,SUDESTE,7.199999999999999,2.578154
202504.0,2025-04-16,51935.0,SGB BRASILIA,Consumidor Especial,SUDESTE,7.199999999999999,2.914936
202504.0,2025-04-17,51935.0,SGB BRASILIA,Consumidor Especial,SUDESTE,7.199999999999999,2.840191
202504.0,2025-04-18,51935.0,SGB BRASILIA,Consumidor Especial,SUDESTE,7.199999999999999,0.655735
202504.0,2025-04-19,51935.0,SGB BRASILIA,Consumidor Especial,SUDESTE,7.199999999999999,2.092773
202504.0,2025-04-20,51935.0,SGB BRASILIA,Consumidor Especial,SUDESTE,7.199999999999999,0.297986
202504.0,2025-04-21,51935.0,SGB BRASILIA,Consumidor Especial,SUDESTE,7.199999999999999,2.119374
202504.0,2025-04-22,51935.0,SGB BRASILIA,Consumidor Especial,SUDESTE,7.199999999999999,2.945076
202504.0,2025-04-23,51935.0,SGB BRASILIA,Consumidor Especial,SUDESTE,7.199999999999999,2.736789
202504.0,2025-04-24,51935.0,SGB BRASILIA,Consumidor Especial,SUDESTE,7.199999999999999,2.813067
202504.0,2025-04-25,51935.0,SGB BRASILIA,Consumidor Especial,SUDESTE,7.199999999999999,2.929389
202504.0,2025-04-26,51935.0,SGB BRASILIA,Consumidor Especial,SUDESTE,7.199999999999999,1.687979
202504.0,2025-04-27,51935.0,SGB BRASILIA,Consumidor Especial,SUDESTE,7.199999999999999,0.253272
202504.0,2025-04-28,51935.0,SGB BRASILIA,Consumidor Especial,SUDESTE,7.199999999999999,2.605072
202504.0,2025-04-29,51935.0,SGB BRASILIA,Consumidor Especial,SUDESTE,7.199999999999999,2.484493
202504.0,2025-04-30,51935.0,SGB BRASILIA,Consumidor Especial,SUDESTE,7.199999999999999,2.451717
202505.0,2025-05-01,51935.0,SGB BRASILIA,Consumidor Especial,SUDESTE,7.199999999999999,0.7073969999999999
202505.0,2025-05-02,51935.0,SGB BRASILIA,Consumidor Especial,SUDESTE,7.199999999999999,2.696878
202505.0,2025-05-03,51935.0,SGB BRASILIA,Consumidor Especial,SUDESTE,7.199999999999999,1.818174
202505.0,2025-05-04,51935.0,SGB BRASILIA,Consumidor Especial,SUDESTE,7.199999999999999,0.193745
202505.0,2025-05-05,51935.0,SGB BRASILIA,Consumidor Especial,SUDESTE,7.199999999999999,2.649157
202505.0,2025-05-06,51935.0,SGB BRASILIA,Consumidor Especial,SUDESTE,7.199999999999999,2.476809
202505.0,2025-05-07,51935.0,SGB BRASILIA,Consumidor Especial,SUDESTE,7.199999999999999,2.507753
202505.0,2025-05-08,51935.0,SGB BRASILIA,Consumidor Especial,SUDESTE,7.199999999999999,2.462857
202505.0,2025-05-09,51935.0,SGB BRASILIA,Consumidor Especial,SUDESTE,7.199999999999999,2.304487
202505.0,2025-05-10,51935.0,SGB BRASILIA,Consumidor Especial,SUDESTE,7.199999999999999,1.502362
202505.0,2025-05-11,51935.0,SGB BRASILIA,Consumidor Especial,SUDESTE,7.199999999999999,0.279971
202505.0,2025-05-12,51935.0,SGB BRASILIA,Consumidor Especial,SUDESTE,7.199999999999999,2.609152
202505.0,2025-05-13,51935.0,SGB BRASILIA,Consumidor Especial,SUDESTE,7.199999999999999,2.324869
202505.0,2025-05-14,51935.0,SGB BRASILIA,Consumidor Especial,SUDESTE,7.199999999999999,2.287139
202505.0,2025-05-15,51935.0,SGB BRASILIA,Consumidor Especial,SUDESTE,7.199999999999999,2.23867
202505.0,2025-05-16,51935.0,SGB BRASILIA,Consumidor Especial,SUDESTE,7.199999999999999,2.253289
202505.0,2025-05-17,51935.0,SGB BRASILIA,Consumidor Especial,SUDESTE,7.199999999999999,1.442466
202505.0,2025-05-18,51935.0,SGB BRASILIA,Consumidor Especial,SUDESTE,7.199999999999999,0.3504899999999999
202505.0,2025-05-19,51935.0,SGB BRASILIA,Consumidor Especial,SUDESTE,7.199999999999999,2.437743
202505.0,2025-05-20,51935.0,SGB BRASILIA,Consumidor Especial,SUDESTE,7.199999999999999,2.215287
202505.0,2025-05-21,51935.0,SGB BRASILIA,Consumidor Especial,SUDESTE,7.199999999999999,2.211354
202505.0,2025-05-22,51935.0,SGB BRASILIA,Consumidor Especial,SUDESTE,7.199999999999999,2.179841
202505.0,2025-05-23,51935.0,SGB BRASILIA,Consumidor Especial,SUDESTE,7.199999999999999,2.226834
202505.0,2025-05-24,51935.0,SGB BRASILIA,Consumidor Especial,SUDESTE,7.199999999999999,1.533355
202505.0,2025-05-25,51935.0,SGB BRASILIA,Consumidor Especial,SUDESTE,7.199999999999999,0.579327
202505.0,2025-05-26,51935.0,SGB BRASILIA,Consumidor Especial,SUDESTE,7.199999999999999,2.263606
202505.0,2025-05-27,51935.0,SGB BRASILIA,Consumidor Especial,SUDESTE,7.199999999999999,2.320564
202505.0,2025-05-28,51935.0,SGB BRASILIA,Consumidor Especial,SUDESTE,7.199999999999999,2.244367
202505.0,2025-05-29,51935.0,SGB BRASILIA,Consumidor Especial,SUDESTE,7.199999999999999,2.282451
202505.0,2025-05-30,51935.0,SGB BRASILIA,Consumidor Especial,SUDESTE,7.199999999999999,2.215034
202505.0,2025-05-31,51935.0,SGB BRASILIA,Consumidor Especial,SUDESTE,7.199999999999999,1.713306
202506.0,2025-06-01,51935.0,SGB BRASILIA,Consumidor Especial,SUDESTE,7.199999999999999,0.636194
202506.0,2025-06-02,51935.0,SGB BRASILIA,Consumidor Especial,SUDESTE,7.199999999999999,2.603659
202506.0,2025-06-03,51935.0,SGB BRASILIA,Consumidor Especial,SUDESTE,7.199999999999999,2.632336
202506.0,2025-06-04,51935.0,SGB BRASILIA,Consumidor Especial,SUDESTE,7.199999999999999,2.527216
202506.0,2025-06-05,51935.0,SGB BRASILIA,Consumidor Especial,SUDESTE,7.199999999999999,2.567493
202506.0,2025-06-06,51935.0,SGB BRASILIA,Consumidor Especial,SUDESTE,7.199999999999999,2.441818
202506.0,2025-06-07,51935.0,SGB BRASILIA,Consumidor Especial,SUDESTE,7.199999999999999,1.001275
202506.0,2025-06-08,51935.0,SGB BRASILIA,Consumidor Especial,SUDESTE,7.199999999999999,0.671022
202506.0,2025-06-09,51935.0,SGB BRASILIA,Consumidor Especial,SUDESTE,7.199999999999999,2.840598
202506.0,2025-06-10,51935.0,SGB BRASILIA,Consumidor Especial,SUDESTE,7.199999999999999,2.529494
202506.0,2025-06-11,51935.0,SGB BRASILIA,Consumidor Especial,SUDESTE,7.199999999999999,2.53883
202506.0,2025-06-12,51935.0,SGB BRASILIA,Consumidor Especial,SUDESTE,7.199999999999999,2.192537
202506.0,2025-06-13,51935.0,SGB BRASILIA,Consumidor Especial,SUDESTE,7.199999999999999,2.703364
202506.0,2025-06-14,51935.0,SGB BRASILIA,Consumidor Especial,SUDESTE,7.199999999999999,1.119553
202506.0,2025-06-15,51935.0,SGB BRASILIA,Consumidor Especial,SUDESTE,7.199999999999999,0.854891
202506.0,2025-06-16,51935.0,SGB BRASILIA,Consumidor Especial,SUDESTE,7.199999999999999,2.851754
202506.0,2025-06-17,51935.0,SGB BRASILIA,Consumidor Especial,SUDESTE,7.199999999999999,2.405148
202506.0,2025-06-18,51935.0,SGB BRASILIA,Consumidor Especial,SUDESTE,7.199999999999999,2.621158
202506.0,2025-06-19,51935.0,SGB BRASILIA,Consumidor Especial,SUDESTE,7.199999999999999,0.691565
202506.0,2025-06-20,51935.0,SGB BRASILIA,Consumidor Especial,SUDESTE,7.199999999999999,2.578939
202506.0,2025-06-21,51935.0,SGB BRASILIA,Consumidor Especial,SUDESTE,7.199999999999999,1.57117
202506.0,2025-06-22,51935.0,SGB BRASILIA,Consumidor Especial,SUDESTE,7.199999999999999,0.235697
202506.0,2025-06-23,51935.0,SGB BRASILIA,Consumidor Especial,SUDESTE,7.199999999999999,2.483362
202506.0,2025-06-24,51935.0,SGB BRASILIA,Consumidor Especial,SUDESTE,7.199999999999999,2.417122
202506.0,2025-06-25,51935.0,SGB BRASILIA,Consumidor Especial,SUDESTE,7.199999999999999,2.36724
202506.0,2025-06-26,51935.0,SGB BRASILIA,Consumidor Especial,SUDESTE,7.199999999999999,2.327565
202506.0,2025-06-27,51935.0,SGB BRASILIA,Consumidor Especial,SUDESTE,7.199999999999999,2.483377
202506.0,2025-06-28,51935.0,SGB BRASILIA,Consumidor Especial,SUDESTE,7.199999999999999,1.505665
202506.0,2025-06-29,51935.0,SGB BRASILIA,Consumidor Especial,SUDESTE,7.199999999999999,0.269936
202506.0,2025-06-30,51935.0,SGB BRASILIA,Consumidor Especial,SUDESTE,7.199999999999999,2.654008
202507.0,2025-07-01,51935.0,SGB BRASILIA,Consumidor Especial,SUDESTE,7.199999999999999,2.369364
202507.0,2025-07-02,51935.0,SGB BRASILIA,Consumidor Especial,SUDESTE,7.199999999999999,2.289553
202507.0,2025-07-03,51935.0,SGB BRASILIA,Consumidor Especial,SUDESTE,7.199999999999999,2.301592
202507.0,2025-07-04,51935.0,SGB BRASILIA,Consumidor Especial,SUDESTE,7.199999999999999,2.329643
202507.0,2025-07-05,51935.0,SGB BRASILIA,Consumidor Especial,SUDESTE,7.199999999999999,1.513772
202507.0,2025-07-06,51935.0,SGB BRASILIA,Consumidor Especial,SUDESTE,7.199999999999999,0.247922
202507.0,2025-07-07,51935.0,SGB BRASILIA,Consumidor Especial,SUDESTE,7.199999999999999,2.575768
202507.0,2025-07-08,51935.0,SGB BRASILIA,Consumidor Especial,SUDESTE,7.199999999999999,2.313149
202507.0,2025-07-09,51935.0,SGB BRASILIA,Consumidor Especial,SUDESTE,7.199999999999999,2.317098
202507.0,2025-07-10,51935.0,SGB BRASILIA,Consumidor Especial,SUDESTE,7.199999999999999,2.217169
202507.0,2025-07-11,51935.0,SGB BRASILIA,Consumidor Especial,SUDESTE,7.199999999999999,2.345368
202507.0,2025-07-12,51935.0,SGB BRASILIA,Consumidor Especial,SUDESTE,7.199999999999999,1.550643
202507.0,2025-07-13,51935.0,SGB BRASILIA,Consumidor Especial,SUDESTE,7.199999999999999,0.220699
202507.0,2025-07-14,51935.0,SGB BRASILIA,Consumidor Especial,SUDESTE,7.199999999999999,2.512584
202507.0,2025-07-15,51935.0,SGB BRASILIA,Consumidor Especial,SUDESTE,7.199999999999999,2.427772
202507.0,2025-07-16,51935.0,SGB BRASILIA,Consumidor Especial,SUDESTE,7.199999999999999,2.428532
202507.0,2025-07-17,51935.0,SGB BRASILIA,Consumidor Especial,SUDESTE,7.199999999999999,2.230567
202507.0,2025-07-18,51935.0,SGB BRASILIA,Consumidor Especial,SUDESTE,7.199999999999999,2.218569
202507.0,2025-07-19,51935.0,SGB BRASILIA,Consumidor Especial,SUDESTE,7.199999999999999,1.44466
202507.0,2025-07-20,51935.0,SGB BRASILIA,Consumidor Especial,SUDESTE,7.199999999999999,0.269687
202507.0,2025-07-21,51935.0,SGB BRASILIA,Consumidor Especial,SUDESTE,7.199999999999999,2.422595
202507.0,2025-07-22,51935.0,SGB BRASILIA,Consumidor Especial,SUDESTE,7.199999999999999,2.267247
202507.0,2025-07-23,51935.0,SGB BRASILIA,Consumidor Especial,SUDESTE,7.199999999999999,2.197102
202507.0,2025-07-24,51935.0,SGB BRASILIA,Consumidor Especial,SUDESTE,7.199999999999999,1.92948
202507.0,2025-07-25,51935.0,SGB BRASILIA,Consumidor Especial,SUDESTE,7.199999999999999,2.30266
202507.0,2025-07-26,51935.0,SGB BRASILIA,Consumidor Especial,SUDESTE,7.199999999999999,1.667284
202507.0,2025-07-27,51935.0,SGB BRASILIA,Consumidor Especial,SUDESTE,7.199999999999999,0.518802
202507.0,2025-07-28,51935.0,SGB BRASILIA,Consumidor Especial,SUDESTE,7.199999999999999,2.445185
202507.0,2025-07-29,51935.0,SGB BRASILIA,Consumidor Especial,SUDESTE,7.199999999999999,2.293958
202507.0,2025-07-30,51935.0,SGB BRASILIA,Consumidor Especial,SUDESTE,7.199999999999999,2.306342
202507.0,2025-07-31,51935.0,SGB BRASILIA,Consumidor Especial,SUDESTE,7.199999999999999,2.388711
202508.0,2025-08-01,51935.0,SGB BRASILIA,Consumidor Especial,SUDESTE,7.199999999999999,2.264909
202508.0,2025-08-02,51935.0,SGB BRASILIA,Consumidor Especial,SUDESTE,7.199999999999999,1.347149
202508.0,2025-08-03,51935.0,SGB BRASILIA,Consumidor Especial,SUDESTE,7.199999999999999,0.269482
202508.0,2025-08-04,51935.0,SGB BRASILIA,Consumidor Especial,SUDESTE,7.199999999999999,2.301959
202508.0,2025-08-05,51935.0,SGB BRASILIA,Consumidor Especial,SUDESTE,7.199999999999999,2.282873
202508.0,2025-08-06,51935.0,SGB BRASILIA,Consumidor Especial,SUDESTE,7.199999999999999,2.487929
202508.0,2025-08-07,51935.0,SGB BRASILIA,Consumidor Especial,SUDESTE,7.199999999999999,2.2774330000000003
202508.0,2025-08-08,51935.0,SGB BRASILIA,Consumidor Especial,SUDESTE,7.199999999999999,2.429298
202508.0,2025-08-09,51935.0,SGB BRASILIA,Consumidor Especial,SUDESTE,7.199999999999999,1.419415
202508.0,2025-08-10,51935.0,SGB BRASILIA,Consumidor Especial,SUDESTE,7.199999999999999,0.236436
202508.0,2025-08-11,51935.0,SGB BRASILIA,Consumidor Especial,SUDESTE,7.199999999999999,2.702885
202508.0,2025-08-12,51935.0,SGB BRASILIA,Consumidor Especial,SUDESTE,7.199999999999999,2.47613
202508.0,2025-08-13,51935.0,SGB BRASILIA,Consumidor Especial,SUDESTE,7.199999999999999,2.374993
202508.0,2025-08-14,51935.0,SGB BRASILIA,Consumidor Especial,SUDESTE,7.199999999999999,2.349868
202508.0,2025-08-15,51935.0,SGB BRASILIA,Consumidor Especial,SUDESTE,7.199999999999999,2.486029
202508.0,2025-08-16,51935.0,SGB BRASILIA,Consumidor Especial,SUDESTE,7.199999999999999,1.456108
202508.0,2025-08-17,51935.0,SGB BRASILIA,Consumidor Especial,SUDESTE,7.199999999999999,0.616569
202508.0,2025-08-18,51935.0,SGB BRASILIA,Consumidor Especial,SUDESTE,7.199999999999999,2.456577
202508.0,2025-08-19,51935.0,SGB BRASILIA,Consumidor Especial,SUDESTE,7.199999999999999,2.265975
202508.0,2025-08-20,51935.0,SGB BRASILIA,Consumidor Especial,SUDESTE,7.199999999999999,2.340317
202508.0,2025-08-21,51935.0,SGB BRASILIA,Consumidor Especial,SUDESTE,7.199999999999999,2.030863
202508.0,2025-08-22,51935.0,SGB BRASILIA,Consumidor Especial,SUDESTE,7.199999999999999,2.087517
202508.0,2025-08-23,51935.0,SGB BRASILIA,Consumidor Especial,SUDESTE,7.199999999999999,1.629801
202508.0,2025-08-24,51935.0,SGB BRASILIA,Consumidor Especial,SUDESTE,7.199999999999999,0.308149
202508.0,2025-08-25,51935.0,SGB BRASILIA,Consumidor Especial,SUDESTE,7.199999999999999,2.277753
202508.0,2025-08-26,51935.0,SGB BRASILIA,Consumidor Especial,SUDESTE,7.199999999999999,2.219258
202508.0,2025-08-27,51935.0,SGB BRASILIA,Consumidor Especial,SUDESTE,7.199999999999999,2.368385
202508.0,2025-08-28,51935.0,SGB BRASILIA,Consumidor Especial,SUDESTE,7.199999999999999,2.206697
202508.0,2025-08-29,51935.0,SGB BRASILIA,Consumidor Especial,SUDESTE,7.199999999999999,2.420036
202508.0,2025-08-30,51935.0,SGB BRASILIA,Consumidor Especial,SUDESTE,7.199999999999999,1.525121
202508.0,2025-08-31,51935.0,SGB BRASILIA,Consumidor Especial,SUDESTE,7.199999999999999,0.286574
