MES_REFERENCIA,DATA,CODIGO_PERFIL_AGENTE,SIGLA_PERFIL_AGENTE,CLASSE_PERFIL_AGENTE,SUBMERCADO,CAPACIDADE_CARGA,CONSUMO_CARGA_ACL
,2022-10-01,41298.0,SOCER RB SUL,Consumidor Especial,SUL,7.199999999999999,4.292987
,2022-10-02,41298.0,SOCER RB SUL,Consumidor Especial,SUL,7.199999999999999,0.164675
,2022-10-03,41298.0,SOCER RB SUL,Consumidor Especial,SUL,7.199999999999999,4.916755
,2022-10-04,41298.0,SOCER RB SUL,Consumidor Especial,SUL,7.199999999999999,4.685423
,2022-10-05,41298.0,SOCER RB SUL,Consumidor Especial,SUL,7.199999999999999,4.750786
,2022-10-06,41298.0,SOCER RB SUL,Consumidor Especial,SUL,7.199999999999999,4.981766
,2022-10-07,41298.0,SOCER RB SUL,Consumidor Especial,SUL,7.199999999999999,5.166715
,2022-10-08,41298.0,SOCER RB SUL,Consumidor Especial,SUL,7.199999999999999,5.228377
,2022-10-09,41298.0,SOCER RB SUL,Consumidor Especial,SUL,7.199999999999999,5.001325
,2022-10-10,41298.0,SOCER RB SUL,Consumidor Especial,SUL,7.199999999999999,4.910087
,2022-10-11,41298.0,SOCER RB SUL,Consumidor Especial,SUL,7.199999999999999,5.163985
,2022-10-12,41298.0,SOCER RB SUL,Consumidor Especial,SUL,7.199999999999999,5.548088
,2022-10-13,41298.0,SOCER RB SUL,Consumidor Especial,SUL,7.199999999999999,0.606615
,2022-10-14,41298.0,SOCER RB SUL,Consumidor Especial,SUL,7.199999999999999,0.29649
,2022-10-15,41298.0,SOCER RB SUL,Consumidor Especial,SUL,7.199999999999999,1.135735
,2022-10-16,41298.0,SOCER RB SUL,Consumidor Especial,SUL,7.199999999999999,0.177613
,2022-10-17,41298.0,SOCER RB SUL,Consumidor Especial,SUL,7.199999999999999,5.157716
,2022-10-18,41298.0,SOCER RB SUL,Consumidor Especial,SUL,7.199999999999999,5.504543
,2022-10-19,41298.0,SOCER RB SUL,Consumidor Especial,SUL,7.199999999999999,5.545539
,2022-10-20,41298.0,SOCER RB SUL,Consumidor Especial,SUL,7.199999999999999,5.5599240000000005
,2022-10-21,41298.0,SOCER RB SUL,Consumidor Especial,SUL,7.199999999999999,4.807549
,2022-10-22,41298.0,SOCER RB SUL,Consumidor Especial,SUL,7.199999999999999,5.561216
,2022-10-23,41298.0,SOCER RB SUL,Consumidor Especial,SUL,7.199999999999999,5.415183
,2022-10-24,41298.0,SOCER RB SUL,Consumidor Especial,SUL,7.199999999999999,5.320037
,2022-10-25,41298.0,SOCER RB SUL,Consumidor Especial,SUL,7.199999999999999,4.848402
,2022-10-26,41298.0,SOCER RB SUL,Consumidor Especial,SUL,7.199999999999999,5.037775
,2022-10-27,41298.0,SOCER RB SUL,Consumidor Especial,SUL,7.199999999999999,4.881149
,2022-10-28,41298.0,SOCER RB SUL,Consumidor Especial,SUL,7.199999999999999,5.012338
,2022-10-29,41298.0,SOCER RB SUL,Consumidor Especial,SUL,7.199999999999999,4.736526
,2022-10-30,41298.0,SOCER RB SUL,Consumidor Especial,SUL,7.199999999999999,0.199944
,2022-10-31,41298.0,SOCER RB SUL,Consumidor Especial,SUL,7.199999999999999,4.689083
,2022-11-01,41298.0,SOCER RB SUL,Consumidor Especial,SUL,7.199999999999999,0.677874
,2022-11-02,41298.0,SOCER RB SUL,Consumidor Especial,SUL,7.199999999999999,0.608658
,2022-11-03,41298.0,SOCER RB SUL,Consumidor Especial,SUL,7.199999999999999,4.243769
,2022-11-04,41298.0,SOCER RB SUL,Consumidor Especial,SUL,7.199999999999999,4.565969
,2022-11-05,41298.0,SOCER RB SUL,Consumidor Especial,SUL,7.199999999999999,2.437073
,2022-11-06,41298.0,SOCER RB SUL,Consumidor Especial,SUL,7.199999999999999,0.193679
,2022-11-07,41298.0,SOCER RB SUL,Consumidor Especial,SUL,7.199999999999999,3.582381
,2022-11-08,41298.0,SOCER RB SUL,Consumidor Especial,SUL,7.199999999999999,3.157592
,2022-11-09,41298.0,SOCER RB SUL,Consumidor Especial,SUL,7.199999999999999,4.077541
,2022-11-10,41298.0,SOCER RB SUL,Consumidor Especial,SUL,7.199999999999999,4.9393210000000005
,2022-11-11,41298.0,SOCER RB SUL,Consumidor Especial,SUL,7.199999999999999,4.893749
,2022-11-12,41298.0,SOCER RB SUL,Consumidor Especial,SUL,7.199999999999999,2.764424
,2022-11-13,41298.0,SOCER RB SUL,Consumidor Especial,SUL,7.199999999999999,0.120752
,2022-11-14,41298.0,SOCER RB SUL,Consumidor Especial,SUL,7.199999999999999,4.07799
,2022-11-15,41298.0,SOCER RB SUL,Consumidor Especial,SUL,7.199999999999999,4.627727
,2022-11-16,41298.0,SOCER RB SUL,Consumidor Especial,SUL,7.199999999999999,4.885422
,2022-11-17,41298.0,SOCER RB SUL,Consumidor Especial,SUL,7.199999999999999,4.907884
,2022-11-18,41298.0,SOCER RB SUL,Consumidor Especial,SUL,7.199999999999999,5.003451
,2022-11-19,41298.0,SOCER RB SUL,Consumidor Especial,SUL,7.199999999999999,2.76307
,2022-11-20,41298.0,SOCER RB SUL,Consumidor Especial,SUL,7.199999999999999,0.159989
,2022-11-21,41298.0,SOCER RB SUL,Consumidor Especial,SUL,7.199999999999999,2.858033
,2022-11-22,41298.0,SOCER RB SUL,Consumidor Especial,SUL,7.199999999999999,5.366866
,2022-11-23,41298.0,SOCER RB SUL,Consumidor Especial,SUL,7.199999999999999,4.825146
,2022-11-24,41298.0,SOCER RB SUL,Consumidor Especial,SUL,7.199999999999999,3.109469
,2022-11-25,41298.0,SOCER RB SUL,Consumidor Especial,SUL,7.199999999999999,4.89807
,2022-11-26,41298.0,SOCER RB SUL,Consumidor Especial,SUL,7.199999999999999,3.044382
,2022-11-27,41298.0,SOCER RB SUL,Consumidor Especial,SUL,7.199999999999999,0.247406
,2022-11-28,41298.0,SOCER RB SUL,Consumidor Especial,SUL,7.199999999999999,3.860549
,2022-11-29,41298.0,SOCER RB SUL,Consumidor Especial,SUL,7.199999999999999,4.953374
,2022-11-30,41298.0,SOCER RB SUL,Consumidor Especial,SUL,7.199999999999999,5.080423
,2022-12-01,41298.0,SOCER RB SUL,Consumidor Especial,SUL,7.199999999999999,0.398088
,2022-12-02,41298.0,SOCER RB SUL,Consumidor Especial,SUL,7.199999999999999,4.650241
,2022-12-03,41298.0,SOCER RB SUL,Consumidor Especial,SUL,7.199999999999999,4.86915
,2022-12-04,41298.0,SOCER RB SUL,Consumidor Especial,SUL,7.199999999999999,0.402772
,2022-12-05,41298.0,SOCER RB SUL,Consumidor Especial,SUL,7.199999999999999,4.508797
,2022-12-06,41298.0,SOCER RB SUL,Consumidor Especial,SUL,7.199999999999999,4.994354
,2022-12-07,41298.0,SOCER RB SUL,Consumidor Especial,SUL,7.199999999999999,4.737766
,2022-12-08,41298.0,SOCER RB SUL,Consumidor Especial,SUL,7.199999999999999,4.986365
,2022-12-09,41298.0,SOCER RB SUL,Consumidor Especial,SUL,7.199999999999999,4.08632
,2022-12-10,41298.0,SOCER RB SUL,Consumidor Especial,SUL,7.199999999999999,4.691364
,2022-12-11,41298.0,SOCER RB SUL,Consumidor Especial,SUL,7.199999999999999,5.064204
,2022-12-12,41298.0,SOCER RB SUL,Consumidor Especial,SUL,7.199999999999999,5.037495
,2022-12-13,41298.0,SOCER RB SUL,Consumidor Especial,SUL,7.199999999999999,4.568709
,2022-12-14,41298.0,SOCER RB SUL,Consumidor Especial,SUL,7.199999999999999,2.164743
,2022-12-15,41298.0,SOCER RB SUL,Consumidor Especial,SUL,7.199999999999999,4.592212
,2022-12-16,41298.0,SOCER RB SUL,Consumidor Especial,SUL,7.199999999999999,4.724048
,2022-12-17,41298.0,SOCER RB SUL,Consumidor Especial,SUL,7.199999999999999,0.390067
,2022-12-18,41298.0,SOCER RB SUL,Consumidor Especial,SUL,7.199999999999999,4.213275
,2022-12-19,41298.0,SOCER RB SUL,Consumidor Especial,SUL,7.199999999999999,0.287208
,2022-12-20,41298.0,SOCER RB SUL,Consumidor Especial,SUL,7.199999999999999,5.114738
,2022-12-21,41298.0,SOCER RB SUL,Consumidor Especial,SUL,7.199999999999999,5.297438
,2022-12-22,41298.0,SOCER RB SUL,Consumidor Especial,SUL,7.199999999999999,5.383894
,2022-12-23,41298.0,SOCER RB SUL,Consumidor Especial,SUL,7.199999999999999,4.918023
,2022-12-24,41298.0,SOCER RB SUL,Consumidor Especial,SUL,7.199999999999999,0.16898
,2022-12-25,41298.0,SOCER RB SUL,Consumidor Especial,SUL,7.199999999999999,0.154593
,2022-12-26,41298.0,SOCER RB SUL,Consumidor Especial,SUL,7.199999999999999,5.073541
,2022-12-27,41298.0,SOCER RB SUL,Consumidor Especial,SUL,7.199999999999999,4.474289
,2022-12-28,41298.0,SOCER RB SUL,Consumidor Especial,SUL,7.199999999999999,5.262979
,2022-12-29,41298.0,SOCER RB SUL,Consumidor Especial,SUL,7.199999999999999,5.01063
,2022-12-30,41298.0,SOCER RB SUL,Consumidor Especial,SUL,7.199999999999999,0.174991
,2022-12-31,41298.0,SOCER RB SUL,Consumidor Especial,SUL,7.199999999999999,0.182409
,2023-01-01,41298.0,SOCER RB SUL,Consumidor Especial,SUL,7.199999999999999,0.178069
,2023-01-02,41298.0,SOCER RB SUL,Consumidor Especial,SUL,7.199999999999999,5.19234
,2023-01-03,41298.0,SOCER RB SUL,Consumidor Especial,SUL,7.199999999999999,5.386212
,2023-01-04,41298.0,SOCER RB SUL,Consumidor Especial,SUL,7.199999999999999,5.381984
,2023-01-05,41298.0,SOCER RB SUL,Consumidor Especial,SUL,7.199999999999999,5.275823
,2023-01-06,41298.0,SOCER RB SUL,Consumidor Especial,SUL,7.199999999999999,4.781448
,2023-01-07,41298.0,SOCER RB SUL,Consumidor Especial,SUL,7.199999999999999,5.203505
,2023-01-08,41298.0,SOCER RB SUL,Consumidor Especial,SUL,7.199999999999999,0.173165
,2023-01-09,41298.0,SOCER RB SUL,Consumidor Especial,SUL,7.199999999999999,4.680133
,2023-01-10,41298.0,SOCER RB SUL,Consumidor Especial,SUL,7.199999999999999,6.313658
,2023-01-11,41298.0,SOCER RB SUL,Consumidor Especial,SUL,7.199999999999999,5.22445
,2023-01-12,41298.0,SOCER RB SUL,Consumidor Especial,SUL,7.199999999999999,4.860911
,2023-01-13,41298.0,SOCER RB SUL,Consumidor Especial,SUL,7.199999999999999,5.647239
,2023-01-14,41298.0,SOCER RB SUL,Consumidor Especial,SUL,7.199999999999999,5.682757
,2023-01-15,41298.0,SOCER RB SUL,Consumidor Especial,SUL,7.199999999999999,0.488055
,2023-01-16,41298.0,SOCER RB SUL,Consumidor Especial,SUL,7.199999999999999,4.460839
,2023-01-17,41298.0,SOCER RB SUL,Consumidor Especial,SUL,7.199999999999999,5.510703
,2023-01-18,41298.0,SOCER RB SUL,Consumidor Especial,SUL,7.199999999999999,5.834282
,2023-01-19,41298.0,SOCER RB SUL,Consumidor Especial,SUL,7.199999999999999,5.464272
,2023-01-20,41298.0,SOCER RB SUL,Consumidor Especial,SUL,7.199999999999999,5.301278
,2023-01-21,41298.0,SOCER RB SUL,Consumidor Especial,SUL,7.199999999999999,4.83095
,2023-01-22,41298.0,SOCER RB SUL,Consumidor Especial,SUL,7.199999999999999,0.252183
,2023-01-23,41298.0,SOCER RB SUL,Consumidor Especial,SUL,7.199999999999999,4.269386
,2023-01-24,41298.0,SOCER RB SUL,Consumidor Especial,SUL,7.199999999999999,4.169033
,2023-01-25,41298.0,SOCER RB SUL,Consumidor Especial,SUL,7.199999999999999,5.4199530000000005
,2023-01-26,41298.0,SOCER RB SUL,Consumidor Especial,SUL,7.199999999999999,5.483327
,2023-01-27,41298.0,SOCER RB SUL,Consumidor Especial,SUL,7.199999999999999,5.633175
,2023-01-28,41298.0,SOCER RB SUL,Consumidor Especial,SUL,7.199999999999999,5.569439
,2023-01-29,41298.0,SOCER RB SUL,Consumidor Especial,SUL,7.199999999999999,0.486116
,2023-01-30,41298.0,SOCER RB SUL,Consumidor Especial,SUL,7.199999999999999,4.779762
,2023-01-31,41298.0,SOCER RB SUL,Consumidor Especial,SUL,7.199999999999999,5.541441
,2023-02-01,41298.0,SOCER RB SUL,Consumidor Especial,SUL,7.199999999999999,0.480572
,2023-02-02,41298.0,SOCER RB SUL,Consumidor Especial,SUL,7.199999999999999,0.467575
,2023-02-03,41298.0,SOCER RB SUL,Consumidor Especial,SUL,7.199999999999999,0.475117
,2023-02-04,41298.0,SOCER RB SUL,Consumidor Especial,SUL,7.199999999999999,0.3711589999999999
,2023-02-05,41298.0,SOCER RB SUL,Consumidor Especial,SUL,7.199999999999999,0.403354
,2023-02-06,41298.0,SOCER RB SUL,Consumidor Especial,SUL,7.199999999999999,0.690189
,2023-02-07,41298.0,SOCER RB SUL,Consumidor Especial,SUL,7.199999999999999,3.739375
,2023-02-08,41298.0,SOCER RB SUL,Consumidor Especial,SUL,7.199999999999999,6.042785
,2023-02-09,41298.0,SOCER RB SUL,Consumidor Especial,SUL,7.199999999999999,6.3499360000000005
,2023-02-10,41298.0,SOCER RB SUL,Consumidor Especial,SUL,7.199999999999999,6.024867
,2023-02-11,41298.0,SOCER RB SUL,Consumidor Especial,SUL,7.199999999999999,5.237242
,2023-02-12,41298.0,SOCER RB SUL,Consumidor Especial,SUL,7.199999999999999,0.452038
,2023-02-13,41298.0,SOCER RB SUL,Consumidor Especial,SUL,7.199999999999999,0.191655
,2023-02-14,41298.0,SOCER RB SUL,Consumidor Especial,SUL,7.199999999999999,5.282773
,2023-02-15,41298.0,SOCER RB SUL,Consumidor Especial,SUL,7.199999999999999,6.320991
,2023-02-16,41298.0,SOCER RB SUL,Consumidor Especial,SUL,7.199999999999999,6.123709
,2023-02-17,41298.0,SOCER RB SUL,Consumidor Especial,SUL,7.199999999999999,5.805471
,2023-02-18,41298.0,SOCER RB SUL,Consumidor Especial,SUL,7.199999999999999,5.068115
,2023-02-19,41298.0,SOCER RB SUL,Consumidor Especial,SUL,7.199999999999999,0.618574
,2023-02-20,41298.0,SOCER RB SUL,Consumidor Especial,SUL,7.199999999999999,5.072227
,2023-02-21,41298.0,SOCER RB SUL,Consumidor Especial,SUL,7.199999999999999,6.156092
,2023-02-22,41298.0,SOCER RB SUL,Consumidor Especial,SUL,7.199999999999999,6.078676
,2023-02-23,41298.0,SOCER RB SUL,Consumidor Especial,SUL,7.199999999999999,4.443185
,2023-02-24,41298.0,SOCER RB SUL,Consumidor Especial,SUL,7.199999999999999,5.662506
,2023-02-25,41298.0,SOCER RB SUL,Consumidor Especial,SUL,7.199999999999999,5.217373
,2023-02-26,41298.0,SOCER RB SUL,Consumidor Especial,SUL,7.199999999999999,0.634534
,2023-02-27,41298.0,SOCER RB SUL,Consumidor Especial,SUL,7.199999999999999,2.709484
,2023-02-28,41298.0,SOCER RB SUL,Consumidor Especial,SUL,7.199999999999999,0.836206
,2023-03-01,41298.0,SOCER RB SUL,Consumidor Especial,SUL,7.199999999999999,2.883719
,2023-03-02,41298.0,SOCER RB SUL,Consumidor Especial,SUL,7.199999999999999,2.383098
,2023-03-03,41298.0,SOCER RB SUL,Consumidor Especial,SUL,7.199999999999999,0.430499
,2023-03-04,41298.0,SOCER RB SUL,Consumidor Especial,SUL,7.199999999999999,3.702203
,2023-03-05,41298.0,SOCER RB SUL,Consumidor Especial,SUL,7.199999999999999,0.399687
,2023-03-06,41298.0,SOCER RB SUL,Consumidor Especial,SUL,7.199999999999999,4.50678
,2023-03-07,41298.0,SOCER RB SUL,Consumidor Especial,SUL,7.199999999999999,5.586636
,2023-03-08,41298.0,SOCER RB SUL,Consumidor Especial,SUL,7.199999999999999,5.725735
,2023-03-09,41298.0,SOCER RB SUL,Consumidor Especial,SUL,7.199999999999999,5.793051
,2023-03-10,41298.0,SOCER RB SUL,Consumidor Especial,SUL,7.199999999999999,6.196225999999999
,2023-03-11,41298.0,SOCER RB SUL,Consumidor Especial,SUL,7.199999999999999,5.006989
,2023-03-12,41298.0,SOCER RB SUL,Consumidor Especial,SUL,7.199999999999999,0.503995
,2023-03-13,41298.0,SOCER RB SUL,Consumidor Especial,SUL,7.199999999999999,4.857773
,2023-03-14,41298.0,SOCER RB SUL,Consumidor Especial,SUL,7.199999999999999,5.473476
,2023-03-15,41298.0,SOCER RB SUL,Consumidor Especial,SUL,7.199999999999999,4.861828
,2023-03-16,41298.0,SOCER RB SUL,Consumidor Especial,SUL,7.199999999999999,5.376975
,2023-03-17,41298.0,SOCER RB SUL,Consumidor Especial,SUL,7.199999999999999,4.966578
,2023-03-18,41298.0,SOCER RB SUL,Consumidor Especial,SUL,7.199999999999999,4.986723
,2023-03-19,41298.0,SOCER RB SUL,Consumidor Especial,SUL,7.199999999999999,0.431768
,2023-03-20,41298.0,SOCER RB SUL,Consumidor Especial,SUL,7.199999999999999,3.832111
,2023-03-21,41298.0,SOCER RB SUL,Consumidor Especial,SUL,7.199999999999999,5.302821
,2023-03-22,41298.0,SOCER RB SUL,Consumidor Especial,SUL,7.199999999999999,5.400341
,2023-03-23,41298.0,SOCER RB SUL,Consumidor Especial,SUL,7.199999999999999,5.24948
,2023-03-24,41298.0,SOCER RB SUL,Consumidor Especial,SUL,7.199999999999999,4.368402
,2023-03-25,41298.0,SOCER RB SUL,Consumidor Especial,SUL,7.199999999999999,5.086764
,2023-03-26,41298.0,SOCER RB SUL,Consumidor Especial,SUL,7.199999999999999,0.354758
,2023-03-27,41298.0,SOCER RB SUL,Consumidor Especial,SUL,7.199999999999999,4.781045
,2023-03-28,41298.0,SOCER RB SUL,Consumidor Especial,SUL,7.199999999999999,5.462662
,2023-03-29,41298.0,SOCER RB SUL,Consumidor Especial,SUL,7.199999999999999,5.740863
,2023-03-30,41298.0,SOCER RB SUL,Consumidor Especial,SUL,7.199999999999999,5.731653
,2023-03-31,41298.0,SOCER RB SUL,Consumidor Especial,SUL,7.199999999999999,5.548858
,2023-04-01,41298.0,SOCER RB SUL,Consumidor Especial,SUL,7.199999999999999,3.548808
,2023-04-02,41298.0,SOCER RB SUL,Consumidor Especial,SUL,7.199999999999999,0.260439
,2023-04-03,41298.0,SOCER RB SUL,Consumidor Especial,SUL,7.199999999999999,4.759342
,2023-04-04,41298.0,SOCER RB SUL,Consumidor Especial,SUL,7.199999999999999,4.645888
,2023-04-05,41298.0,SOCER RB SUL,Consumidor Especial,SUL,7.199999999999999,5.425238
,2023-04-06,41298.0,SOCER RB SUL,Consumidor Especial,SUL,7.199999999999999,5.594096
,2023-04-07,41298.0,SOCER RB SUL,Consumidor Especial,SUL,7.199999999999999,0.558594
,2023-04-08,41298.0,SOCER RB SUL,Consumidor Especial,SUL,7.199999999999999,0.14545
,2023-04-09,41298.0,SOCER RB SUL,Consumidor Especial,SUL,7.199999999999999,0.146109
,2023-04-10,41298.0,SOCER RB SUL,Consumidor Especial,SUL,7.199999999999999,4.709606
,2023-04-11,41298.0,SOCER RB SUL,Consumidor Especial,SUL,7.199999999999999,4.640153
,2023-04-12,41298.0,SOCER RB SUL,Consumidor Especial,SUL,7.199999999999999,4.762963
,2023-04-13,41298.0,SOCER RB SUL,Consumidor Especial,SUL,7.199999999999999,5.022233
,2023-04-14,41298.0,SOCER RB SUL,Consumidor Especial,SUL,7.199999999999999,4.69861
,2023-04-15,41298.0,SOCER RB SUL,Consumidor Especial,SUL,7.199999999999999,3.268673
,2023-04-16,41298.0,SOCER RB SUL,Consumidor Especial,SUL,7.199999999999999,0.157423
,2023-04-17,41298.0,SOCER RB SUL,Consumidor Especial,SUL,7.199999999999999,2.782104
,2023-04-18,41298.0,SOCER RB SUL,Consumidor Especial,SUL,7.199999999999999,4.9829
,2023-04-19,41298.0,SOCER RB SUL,Consumidor Especial,SUL,7.199999999999999,5.003378
,2023-04-20,41298.0,SOCER RB SUL,Consumidor Especial,SUL,7.199999999999999,4.736099
,2023-04-21,41298.0,SOCER RB SUL,Consumidor Especial,SUL,7.199999999999999,4.675524
,2023-04-22,41298.0,SOCER RB SUL,Consumidor Especial,SUL,7.199999999999999,3.635668
,2023-04-23,41298.0,SOCER RB SUL,Consumidor Especial,SUL,7.199999999999999,0.255538
,2023-04-24,41298.0,SOCER RB SUL,Consumidor Especial,SUL,7.199999999999999,0.306817
,2023-04-25,41298.0,SOCER RB SUL,Consumidor Especial,SUL,7.199999999999999,4.888743
,2023-04-26,41298.0,SOCER RB SUL,Consumidor Especial,SUL,7.199999999999999,5.045308
,2023-04-27,41298.0,SOCER RB SUL,Consumidor Especial,SUL,7.199999999999999,5.170443
,2023-04-28,41298.0,SOCER RB SUL,Consumidor Especial,SUL,7.199999999999999,5.110949
,2023-04-29,41298.0,SOCER RB SUL,Consumidor Especial,SUL,7.199999999999999,4.458352
,2023-04-30,41298.0,SOCER RB SUL,Consumidor Especial,SUL,7.199999999999999,0.138066
,2023-05-01,41298.0,SOCER RB SUL,Consumidor Especial,SUL,7.199999999999999,0.141821
,2023-05-02,41298.0,SOCER RB SUL,Consumidor Especial,SUL,7.199999999999999,4.853836
,2023-05-03,41298.0,SOCER RB SUL,Consumidor Especial,SUL,7.199999999999999,5.728939
,2023-05-04,41298.0,SOCER RB SUL,Consumidor Especial,SUL,7.199999999999999,5.348448
,2023-05-05,41298.0,SOCER RB SUL,Consumidor Especial,SUL,7.199999999999999,5.651879
,2023-05-06,41298.0,SOCER RB SUL,Consumidor Especial,SUL,7.199999999999999,4.759997
,2023-05-07,41298.0,SOCER RB SUL,Consumidor Especial,SUL,7.199999999999999,0.163596
,2023-05-08,41298.0,SOCER RB SUL,Consumidor Especial,SUL,7.199999999999999,3.559292
,2023-05-09,41298.0,SOCER RB SUL,Consumidor Especial,SUL,7.199999999999999,5.395666
,2023-05-10,41298.0,SOCER RB SUL,Consumidor Especial,SUL,7.199999999999999,5.972848
,2023-05-11,41298.0,SOCER RB SUL,Consumidor Especial,SUL,7.199999999999999,6.020017
,2023-05-12,41298.0,SOCER RB SUL,Consumidor Especial,SUL,7.199999999999999,6.302252
,2023-05-13,41298.0,SOCER RB SUL,Consumidor Especial,SUL,7.199999999999999,5.337764
,2023-05-14,41298.0,SOCER RB SUL,Consumidor Especial,SUL,7.199999999999999,0.154124
,2023-05-15,41298.0,SOCER RB SUL,Consumidor Especial,SUL,7.199999999999999,5.389526
,2023-05-16,41298.0,SOCER RB SUL,Consumidor Especial,SUL,7.199999999999999,5.85342
,2023-05-17,41298.0,SOCER RB SUL,Consumidor Especial,SUL,7.199999999999999,5.4259520000000006
,2023-05-18,41298.0,SOCER RB SUL,Consumidor Especial,SUL,7.199999999999999,5.934342
,2023-05-19,41298.0,SOCER RB SUL,Consumidor Especial,SUL,7.199999999999999,6.160393
,2023-05-20,41298.0,SOCER RB SUL,Consumidor Especial,SUL,7.199999999999999,5.96699
,2023-05-21,41298.0,SOCER RB SUL,Consumidor Especial,SUL,7.199999999999999,0.323185
,2023-05-22,41298.0,SOCER RB SUL,Consumidor Especial,SUL,7.199999999999999,5.493384
,2023-05-23,41298.0,SOCER RB SUL,Consumidor Especial,SUL,7.199999999999999,6.268531
,2023-05-24,41298.0,SOCER RB SUL,Consumidor Especial,SUL,7.199999999999999,6.097965
,2023-05-25,41298.0,SOCER RB SUL,Consumidor Especial,SUL,7.199999999999999,5.844954
,2023-05-26,41298.0,SOCER RB SUL,Consumidor Especial,SUL,7.199999999999999,5.158215
,2023-05-27,41298.0,SOCER RB SUL,Consumidor Especial,SUL,7.199999999999999,5.340063
,2023-05-28,41298.0,SOCER RB SUL,Consumidor Especial,SUL,7.199999999999999,0.46575
,2023-05-29,41298.0,SOCER RB SUL,Consumidor Especial,SUL,7.199999999999999,5.2228010000000005
,2023-05-30,41298.0,SOCER RB SUL,Consumidor Especial,SUL,7.199999999999999,5.836812
,2023-05-31,41298.0,SOCER RB SUL,Consumidor Especial,SUL,7.199999999999999,5.437305
,2023-06-01,41298.0,SOCER RB SUL,Consumidor Especial,SUL,7.199999999999999,5.432051
,2023-06-02,41298.0,SOCER RB SUL,Consumidor Especial,SUL,7.199999999999999,5.853729
,2023-06-03,41298.0,SOCER RB SUL,Consumidor Especial,SUL,7.199999999999999,5.01777
,2023-06-04,41298.0,SOCER RB SUL,Consumidor Especial,SUL,7.199999999999999,0.149395
,2023-06-05,41298.0,SOCER RB SUL,Consumidor Especial,SUL,7.199999999999999,4.88544
,2023-06-06,41298.0,SOCER RB SUL,Consumidor Especial,SUL,7.199999999999999,4.407944
,2023-06-07,41298.0,SOCER RB SUL,Consumidor Especial,SUL,7.199999999999999,6.068057
,2023-06-08,41298.0,SOCER RB SUL,Consumidor Especial,SUL,7.199999999999999,5.891367
,2023-06-09,41298.0,SOCER RB SUL,Consumidor Especial,SUL,7.199999999999999,5.670465
,2023-06-10,41298.0,SOCER RB SUL,Consumidor Especial,SUL,7.199999999999999,5.343877
,2023-06-11,41298.0,SOCER RB SUL,Consumidor Especial,SUL,7.199999999999999,0.194896
,2023-06-12,41298.0,SOCER RB SUL,Consumidor Especial,SUL,7.199999999999999,0.279773
,2023-06-13,41298.0,SOCER RB SUL,Consumidor Especial,SUL,7.199999999999999,4.451301
,2023-06-14,41298.0,SOCER RB SUL,Consumidor Especial,SUL,7.199999999999999,4.817942
,2023-06-15,41298.0,SOCER RB SUL,Consumidor Especial,SUL,7.199999999999999,5.3440900000000005
,2023-06-16,41298.0,SOCER RB SUL,Consumidor Especial,SUL,7.199999999999999,5.850647
,2023-06-17,41298.0,SOCER RB SUL,Consumidor Especial,SUL,7.199999999999999,5.099802
,2023-06-18,41298.0,SOCER RB SUL,Consumidor Especial,SUL,7.199999999999999,0.373909
,2023-06-19,41298.0,SOCER RB SUL,Consumidor Especial,SUL,7.199999999999999,4.7257750000000005
,2023-06-20,41298.0,SOCER RB SUL,Consumidor Especial,SUL,7.199999999999999,3.951856
,2023-06-21,41298.0,SOCER RB SUL,Consumidor Especial,SUL,7.199999999999999,4.81453
,2023-06-22,41298.0,SOCER RB SUL,Consumidor Especial,SUL,7.199999999999999,5.185303
,2023-06-23,41298.0,SOCER RB SUL,Consumidor Especial,SUL,7.199999999999999,4.757227
,2023-06-24,41298.0,SOCER RB SUL,Consumidor Especial,SUL,7.199999999999999,3.922947
,2023-06-25,41298.0,SOCER RB SUL,Consumidor Especial,SUL,7.199999999999999,0.152107
,2023-06-26,41298.0,SOCER RB SUL,Consumidor Especial,SUL,7.199999999999999,4.38825
,2023-06-27,41298.0,SOCER RB SUL,Consumidor Especial,SUL,7.199999999999999,5.58645
,2023-06-28,41298.0,SOCER RB SUL,Consumidor Especial,SUL,7.199999999999999,5.300067
,2023-06-29,41298.0,SOCER RB SUL,Consumidor Especial,SUL,7.199999999999999,4.512169
,2023-06-30,41298.0,SOCER RB SUL,Consumidor Especial,SUL,7.199999999999999,5.487393
,2023-07-01,41298.0,SOCER RB SUL,Consumidor Especial,SUL,7.199999999999999,3.280053
,2023-07-02,41298.0,SOCER RB SUL,Consumidor Especial,SUL,7.199999999999999,0.360081
,2023-07-03,41298.0,SOCER RB SUL,Consumidor Especial,SUL,7.199999999999999,0.260916
,2023-07-04,41298.0,SOCER RB SUL,Consumidor Especial,SUL,7.199999999999999,0.27137
,2023-07-05,41298.0,SOCER RB SUL,Consumidor Especial,SUL,7.199999999999999,0.287345
,2023-07-06,41298.0,SOCER RB SUL,Consumidor Especial,SUL,7.199999999999999,0.25214
,2023-07-07,41298.0,SOCER RB SUL,Consumidor Especial,SUL,7.199999999999999,0.313204
,2023-07-08,41298.0,SOCER RB SUL,Consumidor Especial,SUL,7.199999999999999,0.271984
,2023-07-09,41298.0,SOCER RB SUL,Consumidor Especial,SUL,7.199999999999999,0.238107
,2023-07-10,41298.0,SOCER RB SUL,Consumidor Especial,SUL,7.199999999999999,3.389112
,2023-07-11,41298.0,SOCER RB SUL,Consumidor Especial,SUL,7.199999999999999,5.52403
,2023-07-12,41298.0,SOCER RB SUL,Consumidor Especial,SUL,7.199999999999999,4.231477
,2023-07-13,41298.0,SOCER RB SUL,Consumidor Especial,SUL,7.199999999999999,0.024726
,2023-07-14,41298.0,SOCER RB SUL,Consumidor Especial,SUL,7.199999999999999,0.545415
,2023-07-15,41298.0,SOCER RB SUL,Consumidor Especial,SUL,7.199999999999999,2.487143
,2023-07-16,41298.0,SOCER RB SUL,Consumidor Especial,SUL,7.199999999999999,0.197607
,2023-07-17,41298.0,SOCER RB SUL,Consumidor Especial,SUL,7.199999999999999,1.766514
,2023-07-18,41298.0,SOCER RB SUL,Consumidor Especial,SUL,7.199999999999999,3.793668
,2023-07-19,41298.0,SOCER RB SUL,Consumidor Especial,SUL,7.199999999999999,2.287258
,2023-07-20,41298.0,SOCER RB SUL,Consumidor Especial,SUL,7.199999999999999,4.853896
,2023-07-21,41298.0,SOCER RB SUL,Consumidor Especial,SUL,7.199999999999999,4.880386
,2023-07-22,41298.0,SOCER RB SUL,Consumidor Especial,SUL,7.199999999999999,3.987372
,2023-07-23,41298.0,SOCER RB SUL,Consumidor Especial,SUL,7.199999999999999,0.166281
,2023-07-24,41298.0,SOCER RB SUL,Consumidor Especial,SUL,7.199999999999999,4.611788
,2023-07-25,41298.0,SOCER RB SUL,Consumidor Especial,SUL,7.199999999999999,4.423851
,2023-07-26,41298.0,SOCER RB SUL,Consumidor Especial,SUL,7.199999999999999,4.150891
,2023-07-27,41298.0,SOCER RB SUL,Consumidor Especial,SUL,7.199999999999999,4.66232
,2023-07-28,41298.0,SOCER RB SUL,Consumidor Especial,SUL,7.199999999999999,5.033929
,2023-07-29,41298.0,SOCER RB SUL,Consumidor Especial,SUL,7.199999999999999,4.929839
,2023-07-30,41298.0,SOCER RB SUL,Consumidor Especial,SUL,7.199999999999999,0.195912
,2023-07-31,41298.0,SOCER RB SUL,Consumidor Especial,SUL,7.199999999999999,4.277416
,2023-08-01,41298.0,SOCER RB SUL,Consumidor Especial,SUL,7.199999999999999,0.210058
,2023-08-02,41298.0,SOCER RB SUL,Consumidor Especial,SUL,7.199999999999999,4.7653
,2023-08-03,41298.0,SOCER RB SUL,Consumidor Especial,SUL,7.199999999999999,4.757066
,2023-08-04,41298.0,SOCER RB SUL,Consumidor Especial,SUL,7.199999999999999,2.850765
,2023-08-05,41298.0,SOCER RB SUL,Consumidor Especial,SUL,7.199999999999999,0.416663
,2023-08-06,41298.0,SOCER RB SUL,Consumidor Especial,SUL,7.199999999999999,0.255164
,2023-08-07,41298.0,SOCER RB SUL,Consumidor Especial,SUL,7.199999999999999,0.433406
,2023-08-08,41298.0,SOCER RB SUL,Consumidor Especial,SUL,7.199999999999999,2.739036
,2023-08-09,41298.0,SOCER RB SUL,Consumidor Especial,SUL,7.199999999999999,4.599792
,2023-08-10,41298.0,SOCER RB SUL,Consumidor Especial,SUL,7.199999999999999,4.932756
,2023-08-11,41298.0,SOCER RB SUL,Consumidor Especial,SUL,7.199999999999999,4.702157
,2023-08-12,41298.0,SOCER RB SUL,Consumidor Especial,SUL,7.199999999999999,0.933416
,2023-08-13,41298.0,SOCER RB SUL,Consumidor Especial,SUL,7.199999999999999,0.183357
,2023-08-14,41298.0,SOCER RB SUL,Consumidor Especial,SUL,7.199999999999999,4.261393
,2023-08-15,41298.0,SOCER RB SUL,Consumidor Especial,SUL,7.199999999999999,4.4922010000000006
,2023-08-16,41298.0,SOCER RB SUL,Consumidor Especial,SUL,7.199999999999999,4.810807
,2023-08-17,41298.0,SOCER RB SUL,Consumidor Especial,SUL,7.199999999999999,4.623934
,2023-08-18,41298.0,SOCER RB SUL,Consumidor Especial,SUL,7.199999999999999,1.848992
,2023-08-19,41298.0,SOCER RB SUL,Consumidor Especial,SUL,7.199999999999999,0.270542
,2023-08-20,41298.0,SOCER RB SUL,Consumidor Especial,SUL,7.199999999999999,0.200234
,2023-08-21,41298.0,SOCER RB SUL,Consumidor Especial,SUL,7.199999999999999,5.204235000000001
,2023-08-22,41298.0,SOCER RB SUL,Consumidor Especial,SUL,7.199999999999999,4.002327
,2023-08-23,41298.0,SOCER RB SUL,Consumidor Especial,SUL,7.199999999999999,3.761342
,2023-08-24,41298.0,SOCER RB SUL,Consumidor Especial,SUL,7.199999999999999,4.987879
,2023-08-25,41298.0,SOCER RB SUL,Consumidor Especial,SUL,7.199999999999999,2.169441
,2023-08-26,41298.0,SOCER RB SUL,Consumidor Especial,SUL,7.199999999999999,0.329554
,2023-08-27,41298.0,SOCER RB SUL,Consumidor Especial,SUL,7.199999999999999,0.232516
,2023-08-28,41298.0,SOCER RB SUL,Consumidor Especial,SUL,7.199999999999999,4.366535
,2023-08-29,41298.0,SOCER RB SUL,Consumidor Especial,SUL,7.199999999999999,3.190698
,2023-08-30,41298.0,SOCER RB SUL,Consumidor Especial,SUL,7.199999999999999,3.079146
,2023-08-31,41298.0,SOCER RB SUL,Consumidor Especial,SUL,7.199999999999999,4.094952
,2023-09-01,41298.0,SOCER RB SUL,Consumidor Especial,SUL,7.199999999999999,2.049323
,2023-09-02,41298.0,SOCER RB SUL,Consumidor Especial,SUL,7.199999999999999,0.864811
,2023-09-03,41298.0,SOCER RB SUL,Consumidor Especial,SUL,7.199999999999999,0.188372
,2023-09-04,41298.0,SOCER RB SUL,Consumidor Especial,SUL,7.199999999999999,3.942157
,2023-09-05,41298.0,SOCER RB SUL,Consumidor Especial,SUL,7.199999999999999,3.37424
,2023-09-06,41298.0,SOCER RB SUL,Consumidor Especial,SUL,7.199999999999999,4.880234
,2023-09-07,41298.0,SOCER RB SUL,Consumidor Especial,SUL,7.199999999999999,2.849348
,2023-09-08,41298.0,SOCER RB SUL,Consumidor Especial,SUL,7.199999999999999,0.173829
,2023-09-09,41298.0,SOCER RB SUL,Consumidor Especial,SUL,7.199999999999999,0.155588
,2023-09-10,41298.0,SOCER RB SUL,Consumidor Especial,SUL,7.199999999999999,0.222126
,2023-09-11,41298.0,SOCER RB SUL,Consumidor Especial,SUL,7.199999999999999,5.157221
,2023-09-12,41298.0,SOCER RB SUL,Consumidor Especial,SUL,7.199999999999999,4.548037
,2023-09-13,41298.0,SOCER RB SUL,Consumidor Especial,SUL,7.199999999999999,4.03678
,2023-09-14,41298.0,SOCER RB SUL,Consumidor Especial,SUL,7.199999999999999,4.41458
,2023-09-15,41298.0,SOCER RB SUL,Consumidor Especial,SUL,7.199999999999999,2.934088
,2023-09-16,41298.0,SOCER RB SUL,Consumidor Especial,SUL,7.199999999999999,0.24198
,2023-09-17,41298.0,SOCER RB SUL,Consumidor Especial,SUL,7.199999999999999,0.189246
,2023-09-18,41298.0,SOCER RB SUL,Consumidor Especial,SUL,7.199999999999999,3.525004
,2023-09-19,41298.0,SOCER RB SUL,Consumidor Especial,SUL,7.199999999999999,4.795854
,2023-09-20,41298.0,SOCER RB SUL,Consumidor Especial,SUL,7.199999999999999,2.838771
,2023-09-21,41298.0,SOCER RB SUL,Consumidor Especial,SUL,7.199999999999999,3.074909
,2023-09-22,41298.0,SOCER RB SUL,Consumidor Especial,SUL,7.199999999999999,5.111408
,2023-09-23,41298.0,SOCER RB SUL,Consumidor Especial,SUL,7.199999999999999,2.433023
,2023-09-24,41298.0,SOCER RB SUL,Consumidor Especial,SUL,7.199999999999999,0.196527
,2023-09-25,41298.0,SOCER RB SUL,Consumidor Especial,SUL,7.199999999999999,0.239787
,2023-09-26,41298.0,SOCER RB SUL,Consumidor Especial,SUL,7.199999999999999,3.48617
,2023-09-27,41298.0,SOCER RB SUL,Consumidor Especial,SUL,7.199999999999999,4.669401
,2023-09-28,41298.0,SOCER RB SUL,Consumidor Especial,SUL,7.199999999999999,4.446934
,2023-09-29,41298.0,SOCER RB SUL,Consumidor Especial,SUL,7.199999999999999,0.375454
,2023-09-30,41298.0,SOCER RB SUL,Consumidor Especial,SUL,7.199999999999999,0.296036
,2023-10-01,41298.0,SOCER RB SUL,Consumidor Especial,SUL,7.199999999999999,0.231345
,2023-10-02,41298.0,SOCER RB SUL,Consumidor Especial,SUL,7.199999999999999,3.218662
,2023-10-03,41298.0,SOCER RB SUL,Consumidor Especial,SUL,7.199999999999999,4.886345
,2023-10-04,41298.0,SOCER RB SUL,Consumidor Especial,SUL,7.199999999999999,4.724493
,2023-10-05,41298.0,SOCER RB SUL,Consumidor Especial,SUL,7.199999999999999,4.56759
,2023-10-06,41298.0,SOCER RB SUL,Consumidor Especial,SUL,7.199999999999999,0.426243
,2023-10-07,41298.0,SOCER RB SUL,Consumidor Especial,SUL,7.199999999999999,2.731353
,2023-10-08,41298.0,SOCER RB SUL,Consumidor Especial,SUL,7.199999999999999,0.191064
,2023-10-09,41298.0,SOCER RB SUL,Consumidor Especial,SUL,7.199999999999999,0.292114
,2023-10-10,41298.0,SOCER RB SUL,Consumidor Especial,SUL,7.199999999999999,0.258263
,2023-10-11,41298.0,SOCER RB SUL,Consumidor Especial,SUL,7.199999999999999,0.302684
,2023-10-12,41298.0,SOCER RB SUL,Consumidor Especial,SUL,7.199999999999999,1.683599
,2023-10-13,41298.0,SOCER RB SUL,Consumidor Especial,SUL,7.199999999999999,0.237079
,2023-10-14,41298.0,SOCER RB SUL,Consumidor Especial,SUL,7.199999999999999,0.16349
,2023-10-15,41298.0,SOCER RB SUL,Consumidor Especial,SUL,7.199999999999999,0.159399
,2023-10-16,41298.0,SOCER RB SUL,Consumidor Especial,SUL,7.199999999999999,0.208599
,2023-10-17,41298.0,SOCER RB SUL,Consumidor Especial,SUL,7.199999999999999,0.550201
,2023-10-18,41298.0,SOCER RB SUL,Consumidor Especial,SUL,7.199999999999999,2.152665
,2023-10-19,41298.0,SOCER RB SUL,Consumidor Especial,SUL,7.199999999999999,2.329852
,2023-10-20,41298.0,SOCER RB SUL,Consumidor Especial,SUL,7.199999999999999,4.519831
,2023-10-21,41298.0,SOCER RB SUL,Consumidor Especial,SUL,7.199999999999999,3.062007
,2023-10-22,41298.0,SOCER RB SUL,Consumidor Especial,SUL,7.199999999999999,0.157243
,2023-10-23,41298.0,SOCER RB SUL,Consumidor Especial,SUL,7.199999999999999,4.078337
,2023-10-24,41298.0,SOCER RB SUL,Consumidor Especial,SUL,7.199999999999999,4.169853
,2023-10-25,41298.0,SOCER RB SUL,Consumidor Especial,SUL,7.199999999999999,3.382431
,2023-10-26,41298.0,SOCER RB SUL,Consumidor Especial,SUL,7.199999999999999,3.634356
,2023-10-27,41298.0,SOCER RB SUL,Consumidor Especial,SUL,7.199999999999999,2.920208
,2023-10-28,41298.0,SOCER RB SUL,Consumidor Especial,SUL,7.199999999999999,0.191457
,2023-10-29,41298.0,SOCER RB SUL,Consumidor Especial,SUL,7.199999999999999,0.1451619999999999
,2023-10-30,41298.0,SOCER RB SUL,Consumidor Especial,SUL,7.199999999999999,3.587278
,2023-10-31,41298.0,SOCER RB SUL,Consumidor Especial,SUL,7.199999999999999,4.10436
,2023-11-01,41298.0,SOCER RB SUL,Consumidor Especial,SUL,7.199999999999999,0.990732
,2023-11-02,41298.0,SOCER RB SUL,Consumidor Especial,SUL,7.199999999999999,0.118161
,2023-11-03,41298.0,SOCER RB SUL,Consumidor Especial,SUL,7.199999999999999,0.157479
,2023-11-04,41298.0,SOCER RB SUL,Consumidor Especial,SUL,7.199999999999999,0.151717
,2023-11-05,41298.0,SOCER RB SUL,Consumidor Especial,SUL,7.199999999999999,0.15291
,2023-11-06,41298.0,SOCER RB SUL,Consumidor Especial,SUL,7.199999999999999,1.505911
,2023-11-07,41298.0,SOCER RB SUL,Consumidor Especial,SUL,7.199999999999999,0.252752
,2023-11-08,41298.0,SOCER RB SUL,Consumidor Especial,SUL,7.199999999999999,2.787745
,2023-11-09,41298.0,SOCER RB SUL,Consumidor Especial,SUL,7.199999999999999,0.276469
,2023-11-10,41298.0,SOCER RB SUL,Consumidor Especial,SUL,7.199999999999999,2.852425
,2023-11-11,41298.0,SOCER RB SUL,Consumidor Especial,SUL,7.199999999999999,0.291453
,2023-11-12,41298.0,SOCER RB SUL,Consumidor Especial,SUL,7.199999999999999,0.141365
,2023-11-13,41298.0,SOCER RB SUL,Consumidor Especial,SUL,7.199999999999999,2.391378
,2023-11-14,41298.0,SOCER RB SUL,Consumidor Especial,SUL,7.199999999999999,0.286343
,2023-11-15,41298.0,SOCER RB SUL,Consumidor Especial,SUL,7.199999999999999,0.284304
,2023-11-16,41298.0,SOCER RB SUL,Consumidor Especial,SUL,7.199999999999999,3.722831
,2023-11-17,41298.0,SOCER RB SUL,Consumidor Especial,SUL,7.199999999999999,0.151273
,2023-11-18,41298.0,SOCER RB SUL,Consumidor Especial,SUL,7.199999999999999,0.145585
,2023-11-19,41298.0,SOCER RB SUL,Consumidor Especial,SUL,7.199999999999999,0.140009
,2023-11-20,41298.0,SOCER RB SUL,Consumidor Especial,SUL,7.199999999999999,0.31625
,2023-11-21,41298.0,SOCER RB SUL,Consumidor Especial,SUL,7.199999999999999,0.349465
,2023-11-22,41298.0,SOCER RB SUL,Consumidor Especial,SUL,7.199999999999999,0.3506039999999999
,2023-11-23,41298.0,SOCER RB SUL,Consumidor Especial,SUL,7.199999999999999,0.269946
,2023-11-24,41298.0,SOCER RB SUL,Consumidor Especial,SUL,7.199999999999999,0.960386
,2023-11-25,41298.0,SOCER RB SUL,Consumidor Especial,SUL,7.199999999999999,0.247461
,2023-11-26,41298.0,SOCER RB SUL,Consumidor Especial,SUL,7.199999999999999,0.216585
,2023-11-27,41298.0,SOCER RB SUL,Consumidor Especial,SUL,7.199999999999999,1.011642
,2023-11-28,41298.0,SOCER RB SUL,Consumidor Especial,SUL,7.199999999999999,2.978347
,2023-11-29,41298.0,SOCER RB SUL,Consumidor Especial,SUL,7.199999999999999,1.046413
,2023-11-30,41298.0,SOCER RB SUL,Consumidor Especial,SUL,7.199999999999999,2.18479
,2023-12-01,41298.0,SOCER RB SUL,Consumidor Especial,SUL,7.199999999999999,2.148069
,2023-12-02,41298.0,SOCER RB SUL,Consumidor Especial,SUL,7.199999999999999,2.168305
,2023-12-03,41298.0,SOCER RB SUL,Consumidor Especial,SUL,7.199999999999999,0.292332
,2023-12-04,41298.0,SOCER RB SUL,Consumidor Especial,SUL,7.199999999999999,3.521444
,2023-12-05,41298.0,SOCER RB SUL,Consumidor Especial,SUL,7.199999999999999,4.396834
,2023-12-06,41298.0,SOCER RB SUL,Consumidor Especial,SUL,7.199999999999999,4.536408
,2023-12-07,41298.0,SOCER RB SUL,Consumidor Especial,SUL,7.199999999999999,4.2792200000000005
,2023-12-08,41298.0,SOCER RB SUL,Consumidor Especial,SUL,7.199999999999999,4.351757
,2023-12-09,41298.0,SOCER RB SUL,Consumidor Especial,SUL,7.199999999999999,4.758878
,2023-12-10,41298.0,SOCER RB SUL,Consumidor Especial,SUL,7.199999999999999,2.575974
,2023-12-11,41298.0,SOCER RB SUL,Consumidor Especial,SUL,7.199999999999999,4.703414
,2023-12-12,41298.0,SOCER RB SUL,Consumidor Especial,SUL,7.199999999999999,4.65913
,2023-12-13,41298.0,SOCER RB SUL,Consumidor Especial,SUL,7.199999999999999,3.934946
,2023-12-14,41298.0,SOCER RB SUL,Consumidor Especial,SUL,7.199999999999999,3.450869
,2023-12-15,41298.0,SOCER RB SUL,Consumidor Especial,SUL,7.199999999999999,3.554037
,2023-12-16,41298.0,SOCER RB SUL,Consumidor Especial,SUL,7.199999999999999,4.320364
,2023-12-17,41298.0,SOCER RB SUL,Consumidor Especial,SUL,7.199999999999999,2.220108
,2023-12-18,41298.0,SOCER RB SUL,Consumidor Especial,SUL,7.199999999999999,3.797299
,2023-12-19,41298.0,SOCER RB SUL,Consumidor Especial,SUL,7.199999999999999,3.634633
,2023-12-20,41298.0,SOCER RB SUL,Consumidor Especial,SUL,7.199999999999999,4.700764
,2023-12-21,41298.0,SOCER RB SUL,Consumidor Especial,SUL,7.199999999999999,4.514185
,2023-12-22,41298.0,SOCER RB SUL,Consumidor Especial,SUL,7.199999999999999,2.47779
,2023-12-23,41298.0,SOCER RB SUL,Consumidor Especial,SUL,7.199999999999999,4.206568
,2023-12-24,41298.0,SOCER RB SUL,Consumidor Especial,SUL,7.199999999999999,0.192101
,2023-12-25,41298.0,SOCER RB SUL,Consumidor Especial,SUL,7.199999999999999,0.182391
,2023-12-26,41298.0,SOCER RB SUL,Consumidor Especial,SUL,7.199999999999999,3.519413
,2023-12-27,41298.0,SOCER RB SUL,Consumidor Especial,SUL,7.199999999999999,2.696847
,2023-12-28,41298.0,SOCER RB SUL,Consumidor Especial,SUL,7.199999999999999,1.992699
,2023-12-29,41298.0,SOCER RB SUL,Consumidor Especial,SUL,7.199999999999999,3.372445
,2023-12-30,41298.0,SOCER RB SUL,Consumidor Especial,SUL,7.199999999999999,1.296648
,2023-12-31,41298.0,SOCER RB SUL,Consumidor Especial,SUL,7.199999999999999,0.156576
,2024-01-01,41298.0,SOCER RB SUL,Consumidor Especial,SUL,7.199999999999999,0.163892
,2024-01-02,41298.0,SOCER RB SUL,Consumidor Especial,SUL,7.199999999999999,0.666848
,2024-01-03,41298.0,SOCER RB SUL,Consumidor Especial,SUL,7.199999999999999,1.552848
,2024-01-04,41298.0,SOCER RB SUL,Consumidor Especial,SUL,7.199999999999999,1.247049
,2024-01-05,41298.0,SOCER RB SUL,Consumidor Especial,SUL,7.199999999999999,1.100748
,2024-01-06,41298.0,SOCER RB SUL,Consumidor Especial,SUL,7.199999999999999,0.890617
,2024-01-07,41298.0,SOCER RB SUL,Consumidor Especial,SUL,7.199999999999999,0.194182
,2024-01-08,41298.0,SOCER RB SUL,Consumidor Especial,SUL,7.199999999999999,1.330566
,2024-01-09,41298.0,SOCER RB SUL,Consumidor Especial,SUL,7.199999999999999,1.566506
,2024-01-10,41298.0,SOCER RB SUL,Consumidor Especial,SUL,7.199999999999999,3.687766
,2024-01-11,41298.0,SOCER RB SUL,Consumidor Especial,SUL,7.199999999999999,2.735598
,2024-01-12,41298.0,SOCER RB SUL,Consumidor Especial,SUL,7.199999999999999,2.014278
,2024-01-13,41298.0,SOCER RB SUL,Consumidor Especial,SUL,7.199999999999999,2.59274
,2024-01-14,41298.0,SOCER RB SUL,Consumidor Especial,SUL,7.199999999999999,0.177634
,2024-01-15,41298.0,SOCER RB SUL,Consumidor Especial,SUL,7.199999999999999,3.772119
,2024-01-16,41298.0,SOCER RB SUL,Consumidor Especial,SUL,7.199999999999999,4.293031
,2024-01-17,41298.0,SOCER RB SUL,Consumidor Especial,SUL,7.199999999999999,4.407313
,2024-01-18,41298.0,SOCER RB SUL,Consumidor Especial,SUL,7.199999999999999,4.142028
,2024-01-19,41298.0,SOCER RB SUL,Consumidor Especial,SUL,7.199999999999999,3.599207
,2024-01-20,41298.0,SOCER RB SUL,Consumidor Especial,SUL,7.199999999999999,1.270994
,2024-01-21,41298.0,SOCER RB SUL,Consumidor Especial,SUL,7.199999999999999,0.172686
,2024-01-22,41298.0,SOCER RB SUL,Consumidor Especial,SUL,7.199999999999999,1.651832
,2024-01-23,41298.0,SOCER RB SUL,Consumidor Especial,SUL,7.199999999999999,2.327855
,2024-01-24,41298.0,SOCER RB SUL,Consumidor Especial,SUL,7.199999999999999,2.427848
,2024-01-25,41298.0,SOCER RB SUL,Consumidor Especial,SUL,7.199999999999999,2.277675
,2024-01-26,41298.0,SOCER RB SUL,Consumidor Especial,SUL,7.199999999999999,3.628454
,2024-01-27,41298.0,SOCER RB SUL,Consumidor Especial,SUL,7.199999999999999,1.997858
,2024-01-28,41298.0,SOCER RB SUL,Consumidor Especial,SUL,7.199999999999999,0.171549
,2024-01-29,41298.0,SOCER RB SUL,Consumidor Especial,SUL,7.199999999999999,3.064817
,2024-01-30,41298.0,SOCER RB SUL,Consumidor Especial,SUL,7.199999999999999,2.430625
,2024-01-31,41298.0,SOCER RB SUL,Consumidor Especial,SUL,7.199999999999999,3.453083
,2024-02-01,41298.0,SOCER RB SUL,Consumidor Especial,SUL,7.199999999999999,2.093648
,2024-02-02,41298.0,SOCER RB SUL,Consumidor Especial,SUL,7.199999999999999,0.217936
,2024-02-03,41298.0,SOCER RB SUL,Consumidor Especial,SUL,7.199999999999999,0.17665
,2024-02-04,41298.0,SOCER RB SUL,Consumidor Especial,SUL,7.199999999999999,0.156176
,2024-02-05,41298.0,SOCER RB SUL,Consumidor Especial,SUL,7.199999999999999,0.338392
,2024-02-06,41298.0,SOCER RB SUL,Consumidor Especial,SUL,7.199999999999999,0.341601
,2024-02-07,41298.0,SOCER RB SUL,Consumidor Especial,SUL,7.199999999999999,0.333957
,2024-02-08,41298.0,SOCER RB SUL,Consumidor Especial,SUL,7.199999999999999,0.364753
,2024-02-09,41298.0,SOCER RB SUL,Consumidor Especial,SUL,7.199999999999999,0.4679569999999999
,2024-02-10,41298.0,SOCER RB SUL,Consumidor Especial,SUL,7.199999999999999,0.5551740000000001
,2024-02-11,41298.0,SOCER RB SUL,Consumidor Especial,SUL,7.199999999999999,0.165184
,2024-02-12,41298.0,SOCER RB SUL,Consumidor Especial,SUL,7.199999999999999,2.638747
,2024-02-13,41298.0,SOCER RB SUL,Consumidor Especial,SUL,7.199999999999999,2.716748
,2024-02-14,41298.0,SOCER RB SUL,Consumidor Especial,SUL,7.199999999999999,3.148727
,2024-02-15,41298.0,SOCER RB SUL,Consumidor Especial,SUL,7.199999999999999,2.954503
,2024-02-16,41298.0,SOCER RB SUL,Consumidor Especial,SUL,7.199999999999999,2.887762
,2024-02-17,41298.0,SOCER RB SUL,Consumidor Especial,SUL,7.199999999999999,1.861488
,2024-02-18,41298.0,SOCER RB SUL,Consumidor Especial,SUL,7.199999999999999,0.294058
,2024-02-19,41298.0,SOCER RB SUL,Consumidor Especial,SUL,7.199999999999999,3.286124
,2024-02-20,41298.0,SOCER RB SUL,Consumidor Especial,SUL,7.199999999999999,3.1387210000000003
,2024-02-21,41298.0,SOCER RB SUL,Consumidor Especial,SUL,7.199999999999999,3.350216
,2024-02-22,41298.0,SOCER RB SUL,Consumidor Especial,SUL,7.199999999999999,3.471316
,2024-02-23,41298.0,SOCER RB SUL,Consumidor Especial,SUL,7.199999999999999,3.298254
,2024-02-24,41298.0,SOCER RB SUL,Consumidor Especial,SUL,7.199999999999999,2.103322
,2024-02-25,41298.0,SOCER RB SUL,Consumidor Especial,SUL,7.199999999999999,0.163567
,2024-02-26,41298.0,SOCER RB SUL,Consumidor Especial,SUL,7.199999999999999,2.998841
,2024-02-27,41298.0,SOCER RB SUL,Consumidor Especial,SUL,7.199999999999999,0.191798
,2024-02-28,41298.0,SOCER RB SUL,Consumidor Especial,SUL,7.199999999999999,3.559195
,2024-02-29,41298.0,SOCER RB SUL,Consumidor Especial,SUL,7.199999999999999,2.566875
202403.0,2024-03-01,41298.0,SOCER RB SUL,Consumidor Especial,SUL,7.199999999999999,0.597994
202403.0,2024-03-02,41298.0,SOCER RB SUL,Consumidor Especial,SUL,7.199999999999999,0.288775
202403.0,2024-03-03,41298.0,SOCER RB SUL,Consumidor Especial,SUL,7.199999999999999,0.240286
202403.0,2024-03-04,41298.0,SOCER RB SUL,Consumidor Especial,SUL,7.199999999999999,3.25733
202403.0,2024-03-05,41298.0,SOCER RB SUL,Consumidor Especial,SUL,7.199999999999999,2.783297
202403.0,2024-03-06,41298.0,SOCER RB SUL,Consumidor Especial,SUL,7.199999999999999,3.693858
202403.0,2024-03-07,41298.0,SOCER RB SUL,Consumidor Especial,SUL,7.199999999999999,3.391259
202403.0,2024-03-08,41298.0,SOCER RB SUL,Consumidor Especial,SUL,7.199999999999999,2.000772
202403.0,2024-03-09,41298.0,SOCER RB SUL,Consumidor Especial,SUL,7.199999999999999,1.183218
202403.0,2024-03-10,41298.0,SOCER RB SUL,Consumidor Especial,SUL,7.199999999999999,0.169575
202403.0,2024-03-11,41298.0,SOCER RB SUL,Consumidor Especial,SUL,7.199999999999999,3.408824
202403.0,2024-03-12,41298.0,SOCER RB SUL,Consumidor Especial,SUL,7.199999999999999,4.563909
202403.0,2024-03-13,41298.0,SOCER RB SUL,Consumidor Especial,SUL,7.199999999999999,4.808681
202403.0,2024-03-14,41298.0,SOCER RB SUL,Consumidor Especial,SUL,7.199999999999999,3.008929
202403.0,2024-03-15,41298.0,SOCER RB SUL,Consumidor Especial,SUL,7.199999999999999,5.045548
202403.0,2024-03-16,41298.0,SOCER RB SUL,Consumidor Especial,SUL,7.199999999999999,4.02328
202403.0,2024-03-17,41298.0,SOCER RB SUL,Consumidor Especial,SUL,7.199999999999999,0.219495
202403.0,2024-03-18,41298.0,SOCER RB SUL,Consumidor Especial,SUL,7.199999999999999,3.97612
202403.0,2024-03-19,41298.0,SOCER RB SUL,Consumidor Especial,SUL,7.199999999999999,2.216592
202403.0,2024-03-20,41298.0,SOCER RB SUL,Consumidor Especial,SUL,7.199999999999999,1.734018
202403.0,2024-03-21,41298.0,SOCER RB SUL,Consumidor Especial,SUL,7.199999999999999,0.030666
202403.0,2024-03-22,41298.0,SOCER RB SUL,Consumidor Especial,SUL,7.199999999999999,3.443142
202403.0,2024-03-23,41298.0,SOCER RB SUL,Consumidor Especial,SUL,7.199999999999999,3.735869
202403.0,2024-03-24,41298.0,SOCER RB SUL,Consumidor Especial,SUL,7.199999999999999,0.725226
202403.0,2024-03-25,41298.0,SOCER RB SUL,Consumidor Especial,SUL,7.199999999999999,4.423012
202403.0,2024-03-26,41298.0,SOCER RB SUL,Consumidor Especial,SUL,7.199999999999999,4.142558
202403.0,2024-03-27,41298.0,SOCER RB SUL,Consumidor Especial,SUL,7.199999999999999,3.707308
202403.0,2024-03-28,41298.0,SOCER RB SUL,Consumidor Especial,SUL,7.199999999999999,0.537539
202403.0,2024-03-29,41298.0,SOCER RB SUL,Consumidor Especial,SUL,7.199999999999999,0.177269
202403.0,2024-03-30,41298.0,SOCER RB SUL,Consumidor Especial,SUL,7.199999999999999,1.89143
202403.0,2024-03-31,41298.0,SOCER RB SUL,Consumidor Especial,SUL,7.199999999999999,0.164859
202404.0,2024-04-01,41298.0,SOCER RB SUL,Consumidor Especial,SUL,7.199999999999999,1.600026
202404.0,2024-04-02,41298.0,SOCER RB SUL,Consumidor Especial,SUL,7.199999999999999,4.557689
202404.0,2024-04-03,41298.0,SOCER RB SUL,Consumidor Especial,SUL,7.199999999999999,4.297188
202404.0,2024-04-04,41298.0,SOCER RB SUL,Consumidor Especial,SUL,7.199999999999999,3.955951
202404.0,2024-04-05,41298.0,SOCER RB SUL,Consumidor Especial,SUL,7.199999999999999,3.778472
202404.0,2024-04-06,41298.0,SOCER RB SUL,Consumidor Especial,SUL,7.199999999999999,4.001486
202404.0,2024-04-07,41298.0,SOCER RB SUL,Consumidor Especial,SUL,7.199999999999999,0.164943
202404.0,2024-04-08,41298.0,SOCER RB SUL,Consumidor Especial,SUL,7.199999999999999,4.420069
202404.0,2024-04-09,41298.0,SOCER RB SUL,Consumidor Especial,SUL,7.199999999999999,4.748094
202404.0,2024-04-10,41298.0,SOCER RB SUL,Consumidor Especial,SUL,7.199999999999999,4.964276
202404.0,2024-04-11,41298.0,SOCER RB SUL,Consumidor Especial,SUL,7.199999999999999,3.766725
202404.0,2024-04-12,41298.0,SOCER RB SUL,Consumidor Especial,SUL,7.199999999999999,4.478301
202404.0,2024-04-13,41298.0,SOCER RB SUL,Consumidor Especial,SUL,7.199999999999999,1.495391
202404.0,2024-04-14,41298.0,SOCER RB SUL,Consumidor Especial,SUL,7.199999999999999,0.204493
202404.0,2024-04-15,41298.0,SOCER RB SUL,Consumidor Especial,SUL,7.199999999999999,3.698801
202404.0,2024-04-16,41298.0,SOCER RB SUL,Consumidor Especial,SUL,7.199999999999999,1.689242
202404.0,2024-04-17,41298.0,SOCER RB SUL,Consumidor Especial,SUL,7.199999999999999,4.094055
202404.0,2024-04-18,41298.0,SOCER RB SUL,Consumidor Especial,SUL,7.199999999999999,4.414612
202404.0,2024-04-19,41298.0,SOCER RB SUL,Consumidor Especial,SUL,7.199999999999999,4.683325
202404.0,2024-04-20,41298.0,SOCER RB SUL,Consumidor Especial,SUL,7.199999999999999,3.860342
202404.0,2024-04-21,41298.0,SOCER RB SUL,Consumidor Especial,SUL,7.199999999999999,0.209578
202404.0,2024-04-22,41298.0,SOCER RB SUL,Consumidor Especial,SUL,7.199999999999999,0.442766
202404.0,2024-04-23,41298.0,SOCER RB SUL,Consumidor Especial,SUL,7.199999999999999,4.60198
202404.0,2024-04-24,41298.0,SOCER RB SUL,Consumidor Especial,SUL,7.199999999999999,0.337928
202404.0,2024-04-25,41298.0,SOCER RB SUL,Consumidor Especial,SUL,7.199999999999999,0.301778
202404.0,2024-04-26,41298.0,SOCER RB SUL,Consumidor Especial,SUL,7.199999999999999,0.297991
202404.0,2024-04-27,41298.0,SOCER RB SUL,Consumidor Especial,SUL,7.199999999999999,0.29975
202404.0,2024-04-28,41298.0,SOCER RB SUL,Consumidor Especial,SUL,7.199999999999999,0.193797
202404.0,2024-04-29,41298.0,SOCER RB SUL,Consumidor Especial,SUL,7.199999999999999,2.642259
202404.0,2024-04-30,41298.0,SOCER RB SUL,Consumidor Especial,SUL,7.199999999999999,1.974407
202405.0,2024-05-01,41298.0,SOCER RB SUL,Consumidor Especial,SUL,7.199999999999999,3.520356
202405.0,2024-05-02,41298.0,SOCER RB SUL,Consumidor Especial,SUL,7.199999999999999,3.368867
202405.0,2024-05-03,41298.0,SOCER RB SUL,Consumidor Especial,SUL,7.199999999999999,3.633432
202405.0,2024-05-04,41298.0,SOCER RB SUL,Consumidor Especial,SUL,7.199999999999999,3.130196
202405.0,2024-05-05,41298.0,SOCER RB SUL,Consumidor Especial,SUL,7.199999999999999,0.232322
202405.0,2024-05-06,41298.0,SOCER RB SUL,Consumidor Especial,SUL,7.199999999999999,3.2228
202405.0,2024-05-07,41298.0,SOCER RB SUL,Consumidor Especial,SUL,7.199999999999999,2.979488
202405.0,2024-05-08,41298.0,SOCER RB SUL,Consumidor Especial,SUL,7.199999999999999,3.851583
202405.0,2024-05-09,41298.0,SOCER RB SUL,Consumidor Especial,SUL,7.199999999999999,2.829653
202405.0,2024-05-10,41298.0,SOCER RB SUL,Consumidor Especial,SUL,7.199999999999999,2.205733
202405.0,2024-05-11,41298.0,SOCER RB SUL,Consumidor Especial,SUL,7.199999999999999,0.215277
202405.0,2024-05-12,41298.0,SOCER RB SUL,Consumidor Especial,SUL,7.199999999999999,0.1837669999999999
202405.0,2024-05-13,41298.0,SOCER RB SUL,Consumidor Especial,SUL,7.199999999999999,3.615536
202405.0,2024-05-14,41298.0,SOCER RB SUL,Consumidor Especial,SUL,7.199999999999999,3.492054
202405.0,2024-05-15,41298.0,SOCER RB SUL,Consumidor Especial,SUL,7.199999999999999,3.155328
202405.0,2024-05-16,41298.0,SOCER RB SUL,Consumidor Especial,SUL,7.199999999999999,2.796444
202405.0,2024-05-17,41298.0,SOCER RB SUL,Consumidor Especial,SUL,7.199999999999999,3.515033
202405.0,2024-05-18,41298.0,SOCER RB SUL,Consumidor Especial,SUL,7.199999999999999,2.423263
202405.0,2024-05-19,41298.0,SOCER RB SUL,Consumidor Especial,SUL,7.199999999999999,0.203502
202405.0,2024-05-20,41298.0,SOCER RB SUL,Consumidor Especial,SUL,7.199999999999999,3.387213
202405.0,2024-05-21,41298.0,SOCER RB SUL,Consumidor Especial,SUL,7.199999999999999,4.007145
202405.0,2024-05-22,41298.0,SOCER RB SUL,Consumidor Especial,SUL,7.199999999999999,4.072072
202405.0,2024-05-23,41298.0,SOCER RB SUL,Consumidor Especial,SUL,7.199999999999999,3.794585
202405.0,2024-05-24,41298.0,SOCER RB SUL,Consumidor Especial,SUL,7.199999999999999,3.731109
202405.0,2024-05-25,41298.0,SOCER RB SUL,Consumidor Especial,SUL,7.199999999999999,3.63067
202405.0,2024-05-26,41298.0,SOCER RB SUL,Consumidor Especial,SUL,7.199999999999999,0.170884
202405.0,2024-05-27,41298.0,SOCER RB SUL,Consumidor Especial,SUL,7.199999999999999,4.087068
202405.0,2024-05-28,41298.0,SOCER RB SUL,Consumidor Especial,SUL,7.199999999999999,3.803814
202405.0,2024-05-29,41298.0,SOCER RB SUL,Consumidor Especial,SUL,7.199999999999999,2.811577
202405.0,2024-05-30,41298.0,SOCER RB SUL,Consumidor Especial,SUL,7.199999999999999,0.196169
202405.0,2024-05-31,41298.0,SOCER RB SUL,Consumidor Especial,SUL,7.199999999999999,0.202098
202406.0,2024-06-01,41298.0,SOCER RB SUL,Consumidor Especial,SUL,7.199999999999999,0.18633
202406.0,2024-06-02,41298.0,SOCER RB SUL,Consumidor Especial,SUL,7.199999999999999,0.165053
202406.0,2024-06-03,41298.0,SOCER RB SUL,Consumidor Especial,SUL,7.199999999999999,1.158337
202406.0,2024-06-04,41298.0,SOCER RB SUL,Consumidor Especial,SUL,7.199999999999999,3.758011
202406.0,2024-06-05,41298.0,SOCER RB SUL,Consumidor Especial,SUL,7.199999999999999,3.877233
202406.0,2024-06-06,41298.0,SOCER RB SUL,Consumidor Especial,SUL,7.199999999999999,2.343875
202406.0,2024-06-07,41298.0,SOCER RB SUL,Consumidor Especial,SUL,7.199999999999999,3.896555
202406.0,2024-06-08,41298.0,SOCER RB SUL,Consumidor Especial,SUL,7.199999999999999,4.143961
202406.0,2024-06-09,41298.0,SOCER RB SUL,Consumidor Especial,SUL,7.199999999999999,0.154356
202406.0,2024-06-10,41298.0,SOCER RB SUL,Consumidor Especial,SUL,7.199999999999999,4.248522
202406.0,2024-06-11,41298.0,SOCER RB SUL,Consumidor Especial,SUL,7.199999999999999,3.776695
202406.0,2024-06-12,41298.0,SOCER RB SUL,Consumidor Especial,SUL,7.199999999999999,3.488163
202406.0,2024-06-13,41298.0,SOCER RB SUL,Consumidor Especial,SUL,7.199999999999999,3.49102
202406.0,2024-06-14,41298.0,SOCER RB SUL,Consumidor Especial,SUL,7.199999999999999,3.39908
202406.0,2024-06-15,41298.0,SOCER RB SUL,Consumidor Especial,SUL,7.199999999999999,3.132838
202406.0,2024-06-16,41298.0,SOCER RB SUL,Consumidor Especial,SUL,7.199999999999999,0.158984
202406.0,2024-06-17,41298.0,SOCER RB SUL,Consumidor Especial,SUL,7.199999999999999,3.045049
202406.0,2024-06-18,41298.0,SOCER RB SUL,Consumidor Especial,SUL,7.199999999999999,3.971687
202406.0,2024-06-19,41298.0,SOCER RB SUL,Consumidor Especial,SUL,7.199999999999999,3.0118810000000003
202406.0,2024-06-20,41298.0,SOCER RB SUL,Consumidor Especial,SUL,7.199999999999999,3.904339
202406.0,2024-06-21,41298.0,SOCER RB SUL,Consumidor Especial,SUL,7.199999999999999,4.012765
202406.0,2024-06-22,41298.0,SOCER RB SUL,Consumidor Especial,SUL,7.199999999999999,3.828883
202406.0,2024-06-23,41298.0,SOCER RB SUL,Consumidor Especial,SUL,7.199999999999999,0.213376
202406.0,2024-06-24,41298.0,SOCER RB SUL,Consumidor Especial,SUL,7.199999999999999,3.945742
202406.0,2024-06-25,41298.0,SOCER RB SUL,Consumidor Especial,SUL,7.199999999999999,3.646329
202406.0,2024-06-26,41298.0,SOCER RB SUL,Consumidor Especial,SUL,7.199999999999999,1.163135
202406.0,2024-06-27,41298.0,SOCER RB SUL,Consumidor Especial,SUL,7.199999999999999,3.819548
202406.0,2024-06-28,41298.0,SOCER RB SUL,Consumidor Especial,SUL,7.199999999999999,3.200688
202406.0,2024-06-29,41298.0,SOCER RB SUL,Consumidor Especial,SUL,7.199999999999999,0.259708
202406.0,2024-06-30,41298.0,SOCER RB SUL,Consumidor Especial,SUL,7.199999999999999,0.277258
202407.0,2024-07-01,41298.0,SOCER RB SUL,Consumidor Especial,SUL,7.199999999999999,2.04992
202407.0,2024-07-02,41298.0,SOCER RB SUL,Consumidor Especial,SUL,7.199999999999999,3.807527
202407.0,2024-07-03,41298.0,SOCER RB SUL,Consumidor Especial,SUL,7.199999999999999,3.766602
202407.0,2024-07-04,41298.0,SOCER RB SUL,Consumidor Especial,SUL,7.199999999999999,3.727835
202407.0,2024-07-05,41298.0,SOCER RB SUL,Consumidor Especial,SUL,7.199999999999999,3.53607
202407.0,2024-07-06,41298.0,SOCER RB SUL,Consumidor Especial,SUL,7.199999999999999,3.718399
202407.0,2024-07-07,41298.0,SOCER RB SUL,Consumidor Especial,SUL,7.199999999999999,0.200745
202407.0,2024-07-08,41298.0,SOCER RB SUL,Consumidor Especial,SUL,7.199999999999999,3.912339
202407.0,2024-07-09,41298.0,SOCER RB SUL,Consumidor Especial,SUL,7.199999999999999,2.559215
202407.0,2024-07-10,41298.0,SOCER RB SUL,Consumidor Especial,SUL,7.199999999999999,3.778318
202407.0,2024-07-11,41298.0,SOCER RB SUL,Consumidor Especial,SUL,7.199999999999999,3.803439
202407.0,2024-07-12,41298.0,SOCER RB SUL,Consumidor Especial,SUL,7.199999999999999,3.453258
202407.0,2024-07-13,41298.0,SOCER RB SUL,Consumidor Especial,SUL,7.199999999999999,3.663744
202407.0,2024-07-14,41298.0,SOCER RB SUL,Consumidor Especial,SUL,7.199999999999999,0.157113
202407.0,2024-07-15,41298.0,SOCER RB SUL,Consumidor Especial,SUL,7.199999999999999,3.593564
202407.0,2024-07-16,41298.0,SOCER RB SUL,Consumidor Especial,SUL,7.199999999999999,3.991916
202407.0,2024-07-17,41298.0,SOCER RB SUL,Consumidor Especial,SUL,7.199999999999999,3.950404
202407.0,2024-07-18,41298.0,SOCER RB SUL,Consumidor Especial,SUL,7.199999999999999,3.84645
202407.0,2024-07-19,41298.0,SOCER RB SUL,Consumidor Especial,SUL,7.199999999999999,3.933414
202407.0,2024-07-20,41298.0,SOCER RB SUL,Consumidor Especial,SUL,7.199999999999999,0.402585
202407.0,2024-07-21,41298.0,SOCER RB SUL,Consumidor Especial,SUL,7.199999999999999,0.14252
202407.0,2024-07-22,41298.0,SOCER RB SUL,Consumidor Especial,SUL,7.199999999999999,3.780947
202407.0,2024-07-23,41298.0,SOCER RB SUL,Consumidor Especial,SUL,7.199999999999999,3.671497
202407.0,2024-07-24,41298.0,SOCER RB SUL,Consumidor Especial,SUL,7.199999999999999,3.459805
202407.0,2024-07-25,41298.0,SOCER RB SUL,Consumidor Especial,SUL,7.199999999999999,3.699552
202407.0,2024-07-26,41298.0,SOCER RB SUL,Consumidor Especial,SUL,7.199999999999999,3.724793
202407.0,2024-07-27,41298.0,SOCER RB SUL,Consumidor Especial,SUL,7.199999999999999,3.906556
202407.0,2024-07-28,41298.0,SOCER RB SUL,Consumidor Especial,SUL,7.199999999999999,0.186172
202407.0,2024-07-29,41298.0,SOCER RB SUL,Consumidor Especial,SUL,7.199999999999999,3.697961
202407.0,2024-07-30,41298.0,SOCER RB SUL,Consumidor Especial,SUL,7.199999999999999,3.611134
202407.0,2024-07-31,41298.0,SOCER RB SUL,Consumidor Especial,SUL,7.199999999999999,3.124006
202408.0,2024-08-01,41298.0,SOCER RB SUL,Consumidor Especial,SUL,7.199999999999999,0.432107
202408.0,2024-08-02,41298.0,SOCER RB SUL,Consumidor Especial,SUL,7.199999999999999,0.948481
202408.0,2024-08-03,41298.0,SOCER RB SUL,Consumidor Especial,SUL,7.199999999999999,1.23763
202408.0,2024-08-04,41298.0,SOCER RB SUL,Consumidor Especial,SUL,7.199999999999999,0.147208
202408.0,2024-08-05,41298.0,SOCER RB SUL,Consumidor Especial,SUL,7.199999999999999,3.72244
202408.0,2024-08-06,41298.0,SOCER RB SUL,Consumidor Especial,SUL,7.199999999999999,3.738072
202408.0,2024-08-07,41298.0,SOCER RB SUL,Consumidor Especial,SUL,7.199999999999999,3.557718
202408.0,2024-08-08,41298.0,SOCER RB SUL,Consumidor Especial,SUL,7.199999999999999,4.318093
202408.0,2024-08-09,41298.0,SOCER RB SUL,Consumidor Especial,SUL,7.199999999999999,4.092904
202408.0,2024-08-10,41298.0,SOCER RB SUL,Consumidor Especial,SUL,7.199999999999999,0.229644
202408.0,2024-08-11,41298.0,SOCER RB SUL,Consumidor Especial,SUL,7.199999999999999,0.177898
202408.0,2024-08-12,41298.0,SOCER RB SUL,Consumidor Especial,SUL,7.199999999999999,4.072611
202408.0,2024-08-13,41298.0,SOCER RB SUL,Consumidor Especial,SUL,7.199999999999999,3.932453
202408.0,2024-08-14,41298.0,SOCER RB SUL,Consumidor Especial,SUL,7.199999999999999,3.900778
202408.0,2024-08-15,41298.0,SOCER RB SUL,Consumidor Especial,SUL,7.199999999999999,4.158925
202408.0,2024-08-16,41298.0,SOCER RB SUL,Consumidor Especial,SUL,7.199999999999999,3.835695
202408.0,2024-08-17,41298.0,SOCER RB SUL,Consumidor Especial,SUL,7.199999999999999,0.224245
202408.0,2024-08-18,41298.0,SOCER RB SUL,Consumidor Especial,SUL,7.199999999999999,0.170508
202408.0,2024-08-19,41298.0,SOCER RB SUL,Consumidor Especial,SUL,7.199999999999999,3.630746
202408.0,2024-08-20,41298.0,SOCER RB SUL,Consumidor Especial,SUL,7.199999999999999,3.94729
202408.0,2024-08-21,41298.0,SOCER RB SUL,Consumidor Especial,SUL,7.199999999999999,4.368497
202408.0,2024-08-22,41298.0,SOCER RB SUL,Consumidor Especial,SUL,7.199999999999999,4.226876
202408.0,2024-08-23,41298.0,SOCER RB SUL,Consumidor Especial,SUL,7.199999999999999,3.53586
202408.0,2024-08-24,41298.0,SOCER RB SUL,Consumidor Especial,SUL,7.199999999999999,1.027397
202408.0,2024-08-25,41298.0,SOCER RB SUL,Consumidor Especial,SUL,7.199999999999999,0.2159599999999999
202408.0,2024-08-26,41298.0,SOCER RB SUL,Consumidor Especial,SUL,7.199999999999999,3.477368
202408.0,2024-08-27,41298.0,SOCER RB SUL,Consumidor Especial,SUL,7.199999999999999,3.377667
202408.0,2024-08-28,41298.0,SOCER RB SUL,Consumidor Especial,SUL,7.199999999999999,2.772904
202408.0,2024-08-29,41298.0,SOCER RB SUL,Consumidor Especial,SUL,7.199999999999999,1.581756
202408.0,2024-08-30,41298.0,SOCER RB SUL,Consumidor Especial,SUL,7.199999999999999,0.29173
202408.0,2024-08-31,41298.0,SOCER RB SUL,Consumidor Especial,SUL,7.199999999999999,0.307309
202409.0,2024-09-01,41298.0,SOCER RB SUL,Consumidor Especial,SUL,7.199999999999999,0.241517
202409.0,2024-09-02,41298.0,SOCER RB SUL,Consumidor Especial,SUL,7.199999999999999,0.684658
202409.0,2024-09-03,41298.0,SOCER RB SUL,Consumidor Especial,SUL,7.199999999999999,2.565311
202409.0,2024-09-04,41298.0,SOCER RB SUL,Consumidor Especial,SUL,7.199999999999999,3.464696
202409.0,2024-09-05,41298.0,SOCER RB SUL,Consumidor Especial,SUL,7.199999999999999,3.09433
202409.0,2024-09-06,41298.0,SOCER RB SUL,Consumidor Especial,SUL,7.199999999999999,3.311363
202409.0,2024-09-07,41298.0,SOCER RB SUL,Consumidor Especial,SUL,7.199999999999999,2.794919
202409.0,2024-09-08,41298.0,SOCER RB SUL,Consumidor Especial,SUL,7.199999999999999,0.189671
202409.0,2024-09-09,41298.0,SOCER RB SUL,Consumidor Especial,SUL,7.199999999999999,3.234566
202409.0,2024-09-10,41298.0,SOCER RB SUL,Consumidor Especial,SUL,7.199999999999999,2.612418
202409.0,2024-09-11,41298.0,SOCER RB SUL,Consumidor Especial,SUL,7.199999999999999,3.558653
202409.0,2024-09-12,41298.0,SOCER RB SUL,Consumidor Especial,SUL,7.199999999999999,3.160995
202409.0,2024-09-13,41298.0,SOCER RB SUL,Consumidor Especial,SUL,7.199999999999999,4.023623
202409.0,2024-09-14,41298.0,SOCER RB SUL,Consumidor Especial,SUL,7.199999999999999,3.941218
202409.0,2024-09-15,41298.0,SOCER RB SUL,Consumidor Especial,SUL,7.199999999999999,0.323668
202409.0,2024-09-16,41298.0,SOCER RB SUL,Consumidor Especial,SUL,7.199999999999999,3.912464
202409.0,2024-09-17,41298.0,SOCER RB SUL,Consumidor Especial,SUL,7.199999999999999,3.212066
202409.0,2024-09-18,41298.0,SOCER RB SUL,Consumidor Especial,SUL,7.199999999999999,4.286117
202409.0,2024-09-19,41298.0,SOCER RB SUL,Consumidor Especial,SUL,7.199999999999999,3.946654
202409.0,2024-09-20,41298.0,SOCER RB SUL,Consumidor Especial,SUL,7.199999999999999,0.203801
202409.0,2024-09-21,41298.0,SOCER RB SUL,Consumidor Especial,SUL,7.199999999999999,4.189566
202409.0,2024-09-22,41298.0,SOCER RB SUL,Consumidor Especial,SUL,7.199999999999999,0.207991
202409.0,2024-09-23,41298.0,SOCER RB SUL,Consumidor Especial,SUL,7.199999999999999,4.305753
202409.0,2024-09-24,41298.0,SOCER RB SUL,Consumidor Especial,SUL,7.199999999999999,4.170294
202409.0,2024-09-25,41298.0,SOCER RB SUL,Consumidor Especial,SUL,7.199999999999999,4.439809
202409.0,2024-09-26,41298.0,SOCER RB SUL,Consumidor Especial,SUL,7.199999999999999,4.323817
202409.0,2024-09-27,41298.0,SOCER RB SUL,Consumidor Especial,SUL,7.199999999999999,4.594728
202409.0,2024-09-28,41298.0,SOCER RB SUL,Consumidor Especial,SUL,7.199999999999999,2.741677
202409.0,2024-09-29,41298.0,SOCER RB SUL,Consumidor Especial,SUL,7.199999999999999,0.211616
202409.0,2024-09-30,41298.0,SOCER RB SUL,Consumidor Especial,SUL,7.199999999999999,0.360837
202410.0,2024-10-01,41298.0,SOCER RB SUL,Consumidor Especial,SUL,7.199999999999999,1.346114
202410.0,2024-10-02,41298.0,SOCER RB SUL,Consumidor Especial,SUL,7.199999999999999,4.152108
202410.0,2024-10-03,41298.0,SOCER RB SUL,Consumidor Especial,SUL,7.199999999999999,3.359231
202410.0,2024-10-04,41298.0,SOCER RB SUL,Consumidor Especial,SUL,7.199999999999999,3.713855
202410.0,2024-10-05,41298.0,SOCER RB SUL,Consumidor Especial,SUL,7.199999999999999,4.233127
202410.0,2024-10-06,41298.0,SOCER RB SUL,Consumidor Especial,SUL,7.199999999999999,0.179529
202410.0,2024-10-07,41298.0,SOCER RB SUL,Consumidor Especial,SUL,7.199999999999999,3.376359
202410.0,2024-10-08,41298.0,SOCER RB SUL,Consumidor Especial,SUL,7.199999999999999,4.295429
202410.0,2024-10-09,41298.0,SOCER RB SUL,Consumidor Especial,SUL,7.199999999999999,4.189837
202410.0,2024-10-10,41298.0,SOCER RB SUL,Consumidor Especial,SUL,7.199999999999999,4.412595
202410.0,2024-10-11,41298.0,SOCER RB SUL,Consumidor Especial,SUL,7.199999999999999,3.16238
202410.0,2024-10-12,41298.0,SOCER RB SUL,Consumidor Especial,SUL,7.199999999999999,0.18126
202410.0,2024-10-13,41298.0,SOCER RB SUL,Consumidor Especial,SUL,7.199999999999999,0.174757
202410.0,2024-10-14,41298.0,SOCER RB SUL,Consumidor Especial,SUL,7.199999999999999,3.749216
202410.0,2024-10-15,41298.0,SOCER RB SUL,Consumidor Especial,SUL,7.199999999999999,4.341621
202410.0,2024-10-16,41298.0,SOCER RB SUL,Consumidor Especial,SUL,7.199999999999999,4.260783
202410.0,2024-10-17,41298.0,SOCER RB SUL,Consumidor Especial,SUL,7.199999999999999,4.405018
202410.0,2024-10-18,41298.0,SOCER RB SUL,Consumidor Especial,SUL,7.199999999999999,4.167841
202410.0,2024-10-19,41298.0,SOCER RB SUL,Consumidor Especial,SUL,7.199999999999999,3.796843
202410.0,2024-10-20,41298.0,SOCER RB SUL,Consumidor Especial,SUL,7.199999999999999,0.219482
202410.0,2024-10-21,41298.0,SOCER RB SUL,Consumidor Especial,SUL,7.199999999999999,4.362179
202410.0,2024-10-22,41298.0,SOCER RB SUL,Consumidor Especial,SUL,7.199999999999999,4.455045
202410.0,2024-10-23,41298.0,SOCER RB SUL,Consumidor Especial,SUL,7.199999999999999,4.142518
202410.0,2024-10-24,41298.0,SOCER RB SUL,Consumidor Especial,SUL,7.199999999999999,4.27382
202410.0,2024-10-25,41298.0,SOCER RB SUL,Consumidor Especial,SUL,7.199999999999999,1.193747
202410.0,2024-10-26,41298.0,SOCER RB SUL,Consumidor Especial,SUL,7.199999999999999,3.885066
202410.0,2024-10-27,41298.0,SOCER RB SUL,Consumidor Especial,SUL,7.199999999999999,0.159345
202410.0,2024-10-28,41298.0,SOCER RB SUL,Consumidor Especial,SUL,7.199999999999999,3.93512
202410.0,2024-10-29,41298.0,SOCER RB SUL,Consumidor Especial,SUL,7.199999999999999,3.426027
202410.0,2024-10-30,41298.0,SOCER RB SUL,Consumidor Especial,SUL,7.199999999999999,3.807994
202410.0,2024-10-31,41298.0,SOCER RB SUL,Consumidor Especial,SUL,7.199999999999999,2.156527
202411.0,2024-11-01,41298.0,SOCER RB SUL,Consumidor Especial,SUL,7.199999999999999,0.290041
202411.0,2024-11-02,41298.0,SOCER RB SUL,Consumidor Especial,SUL,7.199999999999999,0.188878
202411.0,2024-11-03,41298.0,SOCER RB SUL,Consumidor Especial,SUL,7.199999999999999,0.151823
202411.0,2024-11-04,41298.0,SOCER RB SUL,Consumidor Especial,SUL,7.199999999999999,2.24407
202411.0,2024-11-05,41298.0,SOCER RB SUL,Consumidor Especial,SUL,7.199999999999999,2.757499
202411.0,2024-11-06,41298.0,SOCER RB SUL,Consumidor Especial,SUL,7.199999999999999,4.098072
202411.0,2024-11-07,41298.0,SOCER RB SUL,Consumidor Especial,SUL,7.199999999999999,4.226206
202411.0,2024-11-08,41298.0,SOCER RB SUL,Consumidor Especial,SUL,7.199999999999999,4.488481
202411.0,2024-11-09,41298.0,SOCER RB SUL,Consumidor Especial,SUL,7.199999999999999,4.002095
202411.0,2024-11-10,41298.0,SOCER RB SUL,Consumidor Especial,SUL,7.199999999999999,0.22016
202411.0,2024-11-11,41298.0,SOCER RB SUL,Consumidor Especial,SUL,7.199999999999999,4.1086730000000005
202411.0,2024-11-12,41298.0,SOCER RB SUL,Consumidor Especial,SUL,7.199999999999999,3.830572
202411.0,2024-11-13,41298.0,SOCER RB SUL,Consumidor Especial,SUL,7.199999999999999,2.375441
202411.0,2024-11-14,41298.0,SOCER RB SUL,Consumidor Especial,SUL,7.199999999999999,0.215798
202411.0,2024-11-15,41298.0,SOCER RB SUL,Consumidor Especial,SUL,7.199999999999999,0.429661
202411.0,2024-11-16,41298.0,SOCER RB SUL,Consumidor Especial,SUL,7.199999999999999,0.415597
202411.0,2024-11-17,41298.0,SOCER RB SUL,Consumidor Especial,SUL,7.199999999999999,0.142418
202411.0,2024-11-18,41298.0,SOCER RB SUL,Consumidor Especial,SUL,7.199999999999999,0.260569
202411.0,2024-11-19,41298.0,SOCER RB SUL,Consumidor Especial,SUL,7.199999999999999,2.069497
202411.0,2024-11-20,41298.0,SOCER RB SUL,Consumidor Especial,SUL,7.199999999999999,4.064678
202411.0,2024-11-21,41298.0,SOCER RB SUL,Consumidor Especial,SUL,7.199999999999999,4.188685
202411.0,2024-11-22,41298.0,SOCER RB SUL,Consumidor Especial,SUL,7.199999999999999,0.035103
202411.0,2024-11-23,41298.0,SOCER RB SUL,Consumidor Especial,SUL,7.199999999999999,0.143438
202411.0,2024-11-24,41298.0,SOCER RB SUL,Consumidor Especial,SUL,7.199999999999999,0.157969
202411.0,2024-11-25,41298.0,SOCER RB SUL,Consumidor Especial,SUL,7.199999999999999,4.157479
202411.0,2024-11-26,41298.0,SOCER RB SUL,Consumidor Especial,SUL,7.199999999999999,3.610398
202411.0,2024-11-27,41298.0,SOCER RB SUL,Consumidor Especial,SUL,7.199999999999999,3.1838
202411.0,2024-11-28,41298.0,SOCER RB SUL,Consumidor Especial,SUL,7.199999999999999,4.365194
202411.0,2024-11-29,41298.0,SOCER RB SUL,Consumidor Especial,SUL,7.199999999999999,3.201072
202411.0,2024-11-30,41298.0,SOCER RB SUL,Consumidor Especial,SUL,7.199999999999999,0.317943
202412.0,2024-12-01,41298.0,SOCER RB SUL,Consumidor Especial,SUL,7.199999999999999,0.192069
202412.0,2024-12-02,41298.0,SOCER RB SUL,Consumidor Especial,SUL,7.199999999999999,2.669996
202412.0,2024-12-03,41298.0,SOCER RB SUL,Consumidor Especial,SUL,7.199999999999999,3.229284
202412.0,2024-12-04,41298.0,SOCER RB SUL,Consumidor Especial,SUL,7.199999999999999,3.819311
202412.0,2024-12-05,41298.0,SOCER RB SUL,Consumidor Especial,SUL,7.199999999999999,3.653195
202412.0,2024-12-06,41298.0,SOCER RB SUL,Consumidor Especial,SUL,7.199999999999999,1.813929
202412.0,2024-12-07,41298.0,SOCER RB SUL,Consumidor Especial,SUL,7.199999999999999,3.564002
202412.0,2024-12-08,41298.0,SOCER RB SUL,Consumidor Especial,SUL,7.199999999999999,0.186965
202412.0,2024-12-09,41298.0,SOCER RB SUL,Consumidor Especial,SUL,7.199999999999999,3.283473
202412.0,2024-12-10,41298.0,SOCER RB SUL,Consumidor Especial,SUL,7.199999999999999,2.491655
202412.0,2024-12-11,41298.0,SOCER RB SUL,Consumidor Especial,SUL,7.199999999999999,3.129302
202412.0,2024-12-12,41298.0,SOCER RB SUL,Consumidor Especial,SUL,7.199999999999999,3.863461
202412.0,2024-12-13,41298.0,SOCER RB SUL,Consumidor Especial,SUL,7.199999999999999,3.788174
202412.0,2024-12-14,41298.0,SOCER RB SUL,Consumidor Especial,SUL,7.199999999999999,0.173856
202412.0,2024-12-15,41298.0,SOCER RB SUL,Consumidor Especial,SUL,7.199999999999999,0.172469
202412.0,2024-12-16,41298.0,SOCER RB SUL,Consumidor Especial,SUL,7.199999999999999,4.11739
202412.0,2024-12-17,41298.0,SOCER RB SUL,Consumidor Especial,SUL,7.199999999999999,4.035966
202412.0,2024-12-18,41298.0,SOCER RB SUL,Consumidor Especial,SUL,7.199999999999999,4.22994
202412.0,2024-12-19,41298.0,SOCER RB SUL,Consumidor Especial,SUL,7.199999999999999,2.965627
202412.0,2024-12-20,41298.0,SOCER RB SUL,Consumidor Especial,SUL,7.199999999999999,3.749438
202412.0,2024-12-21,41298.0,SOCER RB SUL,Consumidor Especial,SUL,7.199999999999999,0.049508
202412.0,2024-12-22,41298.0,SOCER RB SUL,Consumidor Especial,SUL,7.199999999999999,0.100466
202412.0,2024-12-23,41298.0,SOCER RB SUL,Consumidor Especial,SUL,7.199999999999999,0.129851
202412.0,2024-12-24,41298.0,SOCER RB SUL,Consumidor Especial,SUL,7.199999999999999,0.067179
202412.0,2024-12-25,41298.0,SOCER RB SUL,Consumidor Especial,SUL,7.199999999999999,0.096907
202412.0,2024-12-26,41298.0,SOCER RB SUL,Consumidor Especial,SUL,7.199999999999999,0.096881
202412.0,2024-12-27,41298.0,SOCER RB SUL,Consumidor Especial,SUL,7.199999999999999,0.132869
202412.0,2024-12-28,41298.0,SOCER RB SUL,Consumidor Especial,SUL,7.199999999999999,0.112419
202412.0,2024-12-29,41298.0,SOCER RB SUL,Consumidor Especial,SUL,7.199999999999999,0.110725
202412.0,2024-12-30,41298.0,SOCER RB SUL,Consumidor Especial,SUL,7.199999999999999,0.123306
202412.0,2024-12-31,41298.0,SOCER RB SUL,Consumidor Especial,SUL,7.199999999999999,0.10307
202501.0,2025-01-01,41298.0,SOCER RB SUL,Consumidor Especial,SUL,7.199999999999999,0.116758
202501.0,2025-01-02,41298.0,SOCER RB SUL,Consumidor Especial,SUL,7.199999999999999,0.210481
202501.0,2025-01-03,41298.0,SOCER RB SUL,Consumidor Especial,SUL,7.199999999999999,2.376403
202501.0,2025-01-04,41298.0,SOCER RB SUL,Consumidor Especial,SUL,7.199999999999999,3.042439
202501.0,2025-01-05,41298.0,SOCER RB SUL,Consumidor Especial,SUL,7.199999999999999,0.100247
202501.0,2025-01-06,41298.0,SOCER RB SUL,Consumidor Especial,SUL,7.199999999999999,2.65238
202501.0,2025-01-07,41298.0,SOCER RB SUL,Consumidor Especial,SUL,7.199999999999999,2.300419
202501.0,2025-01-08,41298.0,SOCER RB SUL,Consumidor Especial,SUL,7.199999999999999,2.811946
202501.0,2025-01-09,41298.0,SOCER RB SUL,Consumidor Especial,SUL,7.199999999999999,3.897861
202501.0,2025-01-10,41298.0,SOCER RB SUL,Consumidor Especial,SUL,7.199999999999999,3.912057
202501.0,2025-01-11,41298.0,SOCER RB SUL,Consumidor Especial,SUL,7.199999999999999,4.15908
202501.0,2025-01-12,41298.0,SOCER RB SUL,Consumidor Especial,SUL,7.199999999999999,0.172345
202501.0,2025-01-13,41298.0,SOCER RB SUL,Consumidor Especial,SUL,7.199999999999999,4.153728
202501.0,2025-01-14,41298.0,SOCER RB SUL,Consumidor Especial,SUL,7.199999999999999,4.202703
202501.0,2025-01-15,41298.0,SOCER RB SUL,Consumidor Especial,SUL,7.199999999999999,4.246812
202501.0,2025-01-16,41298.0,SOCER RB SUL,Consumidor Especial,SUL,7.199999999999999,4.240872
202501.0,2025-01-17,41298.0,SOCER RB SUL,Consumidor Especial,SUL,7.199999999999999,4.296858
202501.0,2025-01-18,41298.0,SOCER RB SUL,Consumidor Especial,SUL,7.199999999999999,4.281294
202501.0,2025-01-19,41298.0,SOCER RB SUL,Consumidor Especial,SUL,7.199999999999999,0.142655
202501.0,2025-01-20,41298.0,SOCER RB SUL,Consumidor Especial,SUL,7.199999999999999,4.23049
202501.0,2025-01-21,41298.0,SOCER RB SUL,Consumidor Especial,SUL,7.199999999999999,1.783816
202501.0,2025-01-22,41298.0,SOCER RB SUL,Consumidor Especial,SUL,7.199999999999999,1.451185
202501.0,2025-01-23,41298.0,SOCER RB SUL,Consumidor Especial,SUL,7.199999999999999,4.094664
202501.0,2025-01-24,41298.0,SOCER RB SUL,Consumidor Especial,SUL,7.199999999999999,4.408973
202501.0,2025-01-25,41298.0,SOCER RB SUL,Consumidor Especial,SUL,7.199999999999999,4.136915
202501.0,2025-01-26,41298.0,SOCER RB SUL,Consumidor Especial,SUL,7.199999999999999,0.174568
202501.0,2025-01-27,41298.0,SOCER RB SUL,Consumidor Especial,SUL,7.199999999999999,3.749969
202501.0,2025-01-28,41298.0,SOCER RB SUL,Consumidor Especial,SUL,7.199999999999999,4.169981
202501.0,2025-01-29,41298.0,SOCER RB SUL,Consumidor Especial,SUL,7.199999999999999,2.851829
202501.0,2025-01-30,41298.0,SOCER RB SUL,Consumidor Especial,SUL,7.199999999999999,0.35548
202501.0,2025-01-31,41298.0,SOCER RB SUL,Consumidor Especial,SUL,7.199999999999999,1.544279
202502.0,2025-02-01,41298.0,SOCER RB SUL,Consumidor Especial,SUL,7.199999999999999,2.378044
202502.0,2025-02-02,41298.0,SOCER RB SUL,Consumidor Especial,SUL,7.199999999999999,0.151209
202502.0,2025-02-03,41298.0,SOCER RB SUL,Consumidor Especial,SUL,7.199999999999999,4.428286
202502.0,2025-02-04,41298.0,SOCER RB SUL,Consumidor Especial,SUL,7.199999999999999,4.527475
202502.0,2025-02-05,41298.0,SOCER RB SUL,Consumidor Especial,SUL,7.199999999999999,3.920822
202502.0,2025-02-06,41298.0,SOCER RB SUL,Consumidor Especial,SUL,7.199999999999999,0.8163360000000001
202502.0,2025-02-07,41298.0,SOCER RB SUL,Consumidor Especial,SUL,7.199999999999999,4.144593
202502.0,2025-02-08,41298.0,SOCER RB SUL,Consumidor Especial,SUL,7.199999999999999,1.832441
202502.0,2025-02-09,41298.0,SOCER RB SUL,Consumidor Especial,SUL,7.199999999999999,0.165954
202502.0,2025-02-10,41298.0,SOCER RB SUL,Consumidor Especial,SUL,7.199999999999999,3.109514
202502.0,2025-02-11,41298.0,SOCER RB SUL,Consumidor Especial,SUL,7.199999999999999,2.68478
202502.0,2025-02-12,41298.0,SOCER RB SUL,Consumidor Especial,SUL,7.199999999999999,0.32757
202502.0,2025-02-13,41298.0,SOCER RB SUL,Consumidor Especial,SUL,7.199999999999999,0.268762
202502.0,2025-02-14,41298.0,SOCER RB SUL,Consumidor Especial,SUL,7.199999999999999,1.830869
202502.0,2025-02-15,41298.0,SOCER RB SUL,Consumidor Especial,SUL,7.199999999999999,3.045688
202502.0,2025-02-16,41298.0,SOCER RB SUL,Consumidor Especial,SUL,7.199999999999999,0.155419
202502.0,2025-02-17,41298.0,SOCER RB SUL,Consumidor Especial,SUL,7.199999999999999,3.71927
202502.0,2025-02-18,41298.0,SOCER RB SUL,Consumidor Especial,SUL,7.199999999999999,4.35707
202502.0,2025-02-19,41298.0,SOCER RB SUL,Consumidor Especial,SUL,7.199999999999999,4.363424
202502.0,2025-02-20,41298.0,SOCER RB SUL,Consumidor Especial,SUL,7.199999999999999,2.882257
202502.0,2025-02-21,41298.0,SOCER RB SUL,Consumidor Especial,SUL,7.199999999999999,4.042475
202502.0,2025-02-22,41298.0,SOCER RB SUL,Consumidor Especial,SUL,7.199999999999999,4.228748
202502.0,2025-02-23,41298.0,SOCER RB SUL,Consumidor Especial,SUL,7.199999999999999,0.161546
202502.0,2025-02-24,41298.0,SOCER RB SUL,Consumidor Especial,SUL,7.199999999999999,4.311202
202502.0,2025-02-25,41298.0,SOCER RB SUL,Consumidor Especial,SUL,7.199999999999999,2.81425
202502.0,2025-02-26,41298.0,SOCER RB SUL,Consumidor Especial,SUL,7.199999999999999,3.932631
202502.0,2025-02-27,41298.0,SOCER RB SUL,Consumidor Especial,SUL,7.199999999999999,4.466203
202502.0,2025-02-28,41298.0,SOCER RB SUL,Consumidor Especial,SUL,7.199999999999999,4.4807
202503.0,2025-03-01,41298.0,SOCER RB SUL,Consumidor Especial,SUL,7.199999999999999,3.163422
202503.0,2025-03-02,41298.0,SOCER RB SUL,Consumidor Especial,SUL,7.199999999999999,0.221387
202503.0,2025-03-03,41298.0,SOCER RB SUL,Consumidor Especial,SUL,7.199999999999999,4.561274
202503.0,2025-03-04,41298.0,SOCER RB SUL,Consumidor Especial,SUL,7.199999999999999,3.98602
202503.0,2025-03-05,41298.0,SOCER RB SUL,Consumidor Especial,SUL,7.199999999999999,4.369031
202503.0,2025-03-06,41298.0,SOCER RB SUL,Consumidor Especial,SUL,7.199999999999999,4.512342
202503.0,2025-03-07,41298.0,SOCER RB SUL,Consumidor Especial,SUL,7.199999999999999,1.800409
202503.0,2025-03-08,41298.0,SOCER RB SUL,Consumidor Especial,SUL,7.199999999999999,3.773159
202503.0,2025-03-09,41298.0,SOCER RB SUL,Consumidor Especial,SUL,7.199999999999999,0.100173
202503.0,2025-03-10,41298.0,SOCER RB SUL,Consumidor Especial,SUL,7.199999999999999,4.145434
202503.0,2025-03-11,41298.0,SOCER RB SUL,Consumidor Especial,SUL,7.199999999999999,4.725615
202503.0,2025-03-12,41298.0,SOCER RB SUL,Consumidor Especial,SUL,7.199999999999999,4.630135
202503.0,2025-03-13,41298.0,SOCER RB SUL,Consumidor Especial,SUL,7.199999999999999,4.76727
202503.0,2025-03-14,41298.0,SOCER RB SUL,Consumidor Especial,SUL,7.199999999999999,4.584082
202503.0,2025-03-15,41298.0,SOCER RB SUL,Consumidor Especial,SUL,7.199999999999999,4.493714
202503.0,2025-03-16,41298.0,SOCER RB SUL,Consumidor Especial,SUL,7.199999999999999,0.123197
202503.0,2025-03-17,41298.0,SOCER RB SUL,Consumidor Especial,SUL,7.199999999999999,4.524472
202503.0,2025-03-18,41298.0,SOCER RB SUL,Consumidor Especial,SUL,7.199999999999999,4.362614
202503.0,2025-03-19,41298.0,SOCER RB SUL,Consumidor Especial,SUL,7.199999999999999,4.088589
202503.0,2025-03-20,41298.0,SOCER RB SUL,Consumidor Especial,SUL,7.199999999999999,0.072692
202503.0,2025-03-21,41298.0,SOCER RB SUL,Consumidor Especial,SUL,7.199999999999999,0.0
202503.0,2025-03-22,41298.0,SOCER RB SUL,Consumidor Especial,SUL,7.199999999999999,0.286652
202503.0,2025-03-23,41298.0,SOCER RB SUL,Consumidor Especial,SUL,7.199999999999999,0.210716
202503.0,2025-03-24,41298.0,SOCER RB SUL,Consumidor Especial,SUL,7.199999999999999,0.334597
202503.0,2025-03-25,41298.0,SOCER RB SUL,Consumidor Especial,SUL,7.199999999999999,2.349715
202503.0,2025-03-26,41298.0,SOCER RB SUL,Consumidor Especial,SUL,7.199999999999999,4.476755
202503.0,2025-03-27,41298.0,SOCER RB SUL,Consumidor Especial,SUL,7.199999999999999,3.917156
202503.0,2025-03-28,41298.0,SOCER RB SUL,Consumidor Especial,SUL,7.199999999999999,4.514477
202503.0,2025-03-29,41298.0,SOCER RB SUL,Consumidor Especial,SUL,7.199999999999999,4.436241
202503.0,2025-03-30,41298.0,SOCER RB SUL,Consumidor Especial,SUL,7.199999999999999,0.19438
202503.0,2025-03-31,41298.0,SOCER RB SUL,Consumidor Especial,SUL,7.199999999999999,0.811514
202504.0,2025-04-01,41298.0,SOCER RB SUL,Consumidor Especial,SUL,7.199999999999999,3.025521
202504.0,2025-04-02,41298.0,SOCER RB SUL,Consumidor Especial,SUL,7.199999999999999,4.474482
202504.0,2025-04-03,41298.0,SOCER RB SUL,Consumidor Especial,SUL,7.199999999999999,3.440552
202504.0,2025-04-04,41298.0,SOCER RB SUL,Consumidor Especial,SUL,7.199999999999999,3.970917
202504.0,2025-04-05,41298.0,SOCER RB SUL,Consumidor Especial,SUL,7.199999999999999,3.992893
202504.0,2025-04-06,41298.0,SOCER RB SUL,Consumidor Especial,SUL,7.199999999999999,0.151398
202504.0,2025-04-07,41298.0,SOCER RB SUL,Consumidor Especial,SUL,7.199999999999999,4.237317
202504.0,2025-04-08,41298.0,SOCER RB SUL,Consumidor Especial,SUL,7.199999999999999,3.902939
202504.0,2025-04-09,41298.0,SOCER RB SUL,Consumidor Especial,SUL,7.199999999999999,3.929552
202504.0,2025-04-10,41298.0,SOCER RB SUL,Consumidor Especial,SUL,7.199999999999999,4.150674
202504.0,2025-04-11,41298.0,SOCER RB SUL,Consumidor Especial,SUL,7.199999999999999,4.262591
202504.0,2025-04-12,41298.0,SOCER RB SUL,Consumidor Especial,SUL,7.199999999999999,4.331586
202504.0,2025-04-13,41298.0,SOCER RB SUL,Consumidor Especial,SUL,7.199999999999999,0.176217
202504.0,2025-04-14,41298.0,SOCER RB SUL,Consumidor Especial,SUL,7.199999999999999,2.457245
202504.0,2025-04-15,41298.0,SOCER RB SUL,Consumidor Especial,SUL,7.199999999999999,4.554213
202504.0,2025-04-16,41298.0,SOCER RB SUL,Consumidor Especial,SUL,7.199999999999999,4.505095
202504.0,2025-04-17,41298.0,SOCER RB SUL,Consumidor Especial,SUL,7.199999999999999,4.204778
202504.0,2025-04-18,41298.0,SOCER RB SUL,Consumidor Especial,SUL,7.199999999999999,0.220793
202504.0,2025-04-19,41298.0,SOCER RB SUL,Consumidor Especial,SUL,7.199999999999999,0.191971
202504.0,2025-04-20,41298.0,SOCER RB SUL,Consumidor Especial,SUL,7.199999999999999,0.15986
202504.0,2025-04-21,41298.0,SOCER RB SUL,Consumidor Especial,SUL,7.199999999999999,4.178576
202504.0,2025-04-22,41298.0,SOCER RB SUL,Consumidor Especial,SUL,7.199999999999999,4.715479
202504.0,2025-04-23,41298.0,SOCER RB SUL,Consumidor Especial,SUL,7.199999999999999,4.604201
202504.0,2025-04-24,41298.0,SOCER RB SUL,Consumidor Especial,SUL,7.199999999999999,4.957616
202504.0,2025-04-25,41298.0,SOCER RB SUL,Consumidor Especial,SUL,7.199999999999999,5.024132
202504.0,2025-04-26,41298.0,SOCER RB SUL,Consumidor Especial,SUL,7.199999999999999,4.597581
202504.0,2025-04-27,41298.0,SOCER RB SUL,Consumidor Especial,SUL,7.199999999999999,0.138813
202504.0,2025-04-28,41298.0,SOCER RB SUL,Consumidor Especial,SUL,7.199999999999999,3.887944
202504.0,2025-04-29,41298.0,SOCER RB SUL,Consumidor Especial,SUL,7.199999999999999,4.157597
202504.0,2025-04-30,41298.0,SOCER RB SUL,Consumidor Especial,SUL,7.199999999999999,4.529925
202505.0,2025-05-01,41298.0,SOCER RB SUL,Consumidor Especial,SUL,7.199999999999999,4.169539
202505.0,2025-05-02,41298.0,SOCER RB SUL,Consumidor Especial,SUL,7.199999999999999,4.530666
202505.0,2025-05-03,41298.0,SOCER RB SUL,Consumidor Especial,SUL,7.199999999999999,0.279093
202505.0,2025-05-04,41298.0,SOCER RB SUL,Consumidor Especial,SUL,7.199999999999999,0.148234
202505.0,2025-05-05,41298.0,SOCER RB SUL,Consumidor Especial,SUL,7.199999999999999,5.040652
202505.0,2025-05-06,41298.0,SOCER RB SUL,Consumidor Especial,SUL,7.199999999999999,4.702333
202505.0,2025-05-07,41298.0,SOCER RB SUL,Consumidor Especial,SUL,7.199999999999999,4.445725
202505.0,2025-05-08,41298.0,SOCER RB SUL,Consumidor Especial,SUL,7.199999999999999,3.748612
202505.0,2025-05-09,41298.0,SOCER RB SUL,Consumidor Especial,SUL,7.199999999999999,3.630349
202505.0,2025-05-10,41298.0,SOCER RB SUL,Consumidor Especial,SUL,7.199999999999999,3.953906
202505.0,2025-05-11,41298.0,SOCER RB SUL,Consumidor Especial,SUL,7.199999999999999,0.144056
202505.0,2025-05-12,41298.0,SOCER RB SUL,Consumidor Especial,SUL,7.199999999999999,3.488805
202505.0,2025-05-13,41298.0,SOCER RB SUL,Consumidor Especial,SUL,7.199999999999999,2.585608
202505.0,2025-05-14,41298.0,SOCER RB SUL,Consumidor Especial,SUL,7.199999999999999,3.647065
202505.0,2025-05-15,41298.0,SOCER RB SUL,Consumidor Especial,SUL,7.199999999999999,5.227491
202505.0,2025-05-16,41298.0,SOCER RB SUL,Consumidor Especial,SUL,7.199999999999999,5.061241
202505.0,2025-05-17,41298.0,SOCER RB SUL,Consumidor Especial,SUL,7.199999999999999,4.417475
202505.0,2025-05-18,41298.0,SOCER RB SUL,Consumidor Especial,SUL,7.199999999999999,0.149137
202505.0,2025-05-19,41298.0,SOCER RB SUL,Consumidor Especial,SUL,7.199999999999999,3.621142
202505.0,2025-05-20,41298.0,SOCER RB SUL,Consumidor Especial,SUL,7.199999999999999,4.095358
202505.0,2025-05-21,41298.0,SOCER RB SUL,Consumidor Especial,SUL,7.199999999999999,3.939433
202505.0,2025-05-22,41298.0,SOCER RB SUL,Consumidor Especial,SUL,7.199999999999999,1.082046
202505.0,2025-05-23,41298.0,SOCER RB SUL,Consumidor Especial,SUL,7.199999999999999,0.425488
202505.0,2025-05-24,41298.0,SOCER RB SUL,Consumidor Especial,SUL,7.199999999999999,0.268124
202505.0,2025-05-25,41298.0,SOCER RB SUL,Consumidor Especial,SUL,7.199999999999999,0.347627
202505.0,2025-05-26,41298.0,SOCER RB SUL,Consumidor Especial,SUL,7.199999999999999,0.873483
202505.0,2025-05-27,41298.0,SOCER RB SUL,Consumidor Especial,SUL,7.199999999999999,0.344007
202505.0,2025-05-28,41298.0,SOCER RB SUL,Consumidor Especial,SUL,7.199999999999999,0.281022
202505.0,2025-05-29,41298.0,SOCER RB SUL,Consumidor Especial,SUL,7.199999999999999,0.257652
202505.0,2025-05-30,41298.0,SOCER RB SUL,Consumidor Especial,SUL,7.199999999999999,0.227997
202505.0,2025-05-31,41298.0,SOCER RB SUL,Consumidor Especial,SUL,7.199999999999999,0.217635
202506.0,2025-06-01,41298.0,SOCER RB SUL,Consumidor Especial,SUL,7.199999999999999,0.199108
202506.0,2025-06-02,41298.0,SOCER RB SUL,Consumidor Especial,SUL,7.199999999999999,0.256154
202506.0,2025-06-03,41298.0,SOCER RB SUL,Consumidor Especial,SUL,7.199999999999999,1.323945
202506.0,2025-06-04,41298.0,SOCER RB SUL,Consumidor Especial,SUL,7.199999999999999,4.21313
202506.0,2025-06-05,41298.0,SOCER RB SUL,Consumidor Especial,SUL,7.199999999999999,4.240884
202506.0,2025-06-06,41298.0,SOCER RB SUL,Consumidor Especial,SUL,7.199999999999999,4.518663
202506.0,2025-06-07,41298.0,SOCER RB SUL,Consumidor Especial,SUL,7.199999999999999,4.133348
202506.0,2025-06-08,41298.0,SOCER RB SUL,Consumidor Especial,SUL,7.199999999999999,0.172654
202506.0,2025-06-09,41298.0,SOCER RB SUL,Consumidor Especial,SUL,7.199999999999999,3.939312
202506.0,2025-06-10,41298.0,SOCER RB SUL,Consumidor Especial,SUL,7.199999999999999,4.339377
202506.0,2025-06-11,41298.0,SOCER RB SUL,Consumidor Especial,SUL,7.199999999999999,3.804366
202506.0,2025-06-12,41298.0,SOCER RB SUL,Consumidor Especial,SUL,7.199999999999999,4.233905
202506.0,2025-06-13,41298.0,SOCER RB SUL,Consumidor Especial,SUL,7.199999999999999,3.952722
202506.0,2025-06-14,41298.0,SOCER RB SUL,Consumidor Especial,SUL,7.199999999999999,4.354522
202506.0,2025-06-15,41298.0,SOCER RB SUL,Consumidor Especial,SUL,7.199999999999999,0.179901
202506.0,2025-06-16,41298.0,SOCER RB SUL,Consumidor Especial,SUL,7.199999999999999,4.047149
202506.0,2025-06-17,41298.0,SOCER RB SUL,Consumidor Especial,SUL,7.199999999999999,4.380632
202506.0,2025-06-18,41298.0,SOCER RB SUL,Consumidor Especial,SUL,7.199999999999999,4.360948
202506.0,2025-06-19,41298.0,SOCER RB SUL,Consumidor Especial,SUL,7.199999999999999,4.17399
202506.0,2025-06-20,41298.0,SOCER RB SUL,Consumidor Especial,SUL,7.199999999999999,0.308241
202506.0,2025-06-21,41298.0,SOCER RB SUL,Consumidor Especial,SUL,7.199999999999999,0.24561
202506.0,2025-06-22,41298.0,SOCER RB SUL,Consumidor Especial,SUL,7.199999999999999,0.23745
202506.0,2025-06-23,41298.0,SOCER RB SUL,Consumidor Especial,SUL,7.199999999999999,3.649298
202506.0,2025-06-24,41298.0,SOCER RB SUL,Consumidor Especial,SUL,7.199999999999999,4.175089
202506.0,2025-06-25,41298.0,SOCER RB SUL,Consumidor Especial,SUL,7.199999999999999,4.356212
202506.0,2025-06-26,41298.0,SOCER RB SUL,Consumidor Especial,SUL,7.199999999999999,4.647157
202506.0,2025-06-27,41298.0,SOCER RB SUL,Consumidor Especial,SUL,7.199999999999999,4.33954
202506.0,2025-06-28,41298.0,SOCER RB SUL,Consumidor Especial,SUL,7.199999999999999,3.76508
202506.0,2025-06-29,41298.0,SOCER RB SUL,Consumidor Especial,SUL,7.199999999999999,0.217726
202506.0,2025-06-30,41298.0,SOCER RB SUL,Consumidor Especial,SUL,7.199999999999999,4.24504
202507.0,2025-07-01,41298.0,SOCER RB SUL,Consumidor Especial,SUL,7.199999999999999,0.412596
202507.0,2025-07-02,41298.0,SOCER RB SUL,Consumidor Especial,SUL,7.199999999999999,0.383599
202507.0,2025-07-03,41298.0,SOCER RB SUL,Consumidor Especial,SUL,7.199999999999999,3.95288
202507.0,2025-07-04,41298.0,SOCER RB SUL,Consumidor Especial,SUL,7.199999999999999,4.298454
202507.0,2025-07-05,41298.0,SOCER RB SUL,Consumidor Especial,SUL,7.199999999999999,4.38731
202507.0,2025-07-06,41298.0,SOCER RB SUL,Consumidor Especial,SUL,7.199999999999999,0.223136
202507.0,2025-07-07,41298.0,SOCER RB SUL,Consumidor Especial,SUL,7.199999999999999,4.000636
202507.0,2025-07-08,41298.0,SOCER RB SUL,Consumidor Especial,SUL,7.199999999999999,4.220157
202507.0,2025-07-09,41298.0,SOCER RB SUL,Consumidor Especial,SUL,7.199999999999999,4.049849
202507.0,2025-07-10,41298.0,SOCER RB SUL,Consumidor Especial,SUL,7.199999999999999,4.221854
202507.0,2025-07-11,41298.0,SOCER RB SUL,Consumidor Especial,SUL,7.199999999999999,1.885854
202507.0,2025-07-12,41298.0,SOCER RB SUL,Consumidor Especial,SUL,7.199999999999999,0.342955
202507.0,2025-07-13,41298.0,SOCER RB SUL,Consumidor Especial,SUL,7.199999999999999,0.194337
202507.0,2025-07-14,41298.0,SOCER RB SUL,Consumidor Especial,SUL,7.199999999999999,3.883457
202507.0,2025-07-15,41298.0,SOCER RB SUL,Consumidor Especial,SUL,7.199999999999999,3.794578
202507.0,2025-07-16,41298.0,SOCER RB SUL,Consumidor Especial,SUL,7.199999999999999,4.437679
202507.0,2025-07-17,41298.0,SOCER RB SUL,Consumidor Especial,SUL,7.199999999999999,0.248861
202507.0,2025-07-18,41298.0,SOCER RB SUL,Consumidor Especial,SUL,7.199999999999999,3.69316
202507.0,2025-07-19,41298.0,SOCER RB SUL,Consumidor Especial,SUL,7.199999999999999,0.26894
202507.0,2025-07-20,41298.0,SOCER RB SUL,Consumidor Especial,SUL,7.199999999999999,0.253598
202507.0,2025-07-21,41298.0,SOCER RB SUL,Consumidor Especial,SUL,7.199999999999999,2.680614
202507.0,2025-07-22,41298.0,SOCER RB SUL,Consumidor Especial,SUL,7.199999999999999,2.6815420000000003
202507.0,2025-07-23,41298.0,SOCER RB SUL,Consumidor Especial,SUL,7.199999999999999,2.836137
202507.0,2025-07-24,41298.0,SOCER RB SUL,Consumidor Especial,SUL,7.199999999999999,2.943981
202507.0,2025-07-25,41298.0,SOCER RB SUL,Consumidor Especial,SUL,7.199999999999999,3.00293
202507.0,2025-07-26,41298.0,SOCER RB SUL,Consumidor Especial,SUL,7.199999999999999,2.892312
202507.0,2025-07-27,41298.0,SOCER RB SUL,Consumidor Especial,SUL,7.199999999999999,0.206144
202507.0,2025-07-28,41298.0,SOCER RB SUL,Consumidor Especial,SUL,7.199999999999999,1.654196
202507.0,2025-07-29,41298.0,SOCER RB SUL,Consumidor Especial,SUL,7.199999999999999,2.286365
202507.0,2025-07-30,41298.0,SOCER RB SUL,Consumidor Especial,SUL,7.199999999999999,2.800183
202507.0,2025-07-31,41298.0,SOCER RB SUL,Consumidor Especial,SUL,7.199999999999999,2.927841
202508.0,2025-08-01,41298.0,SOCER RB SUL,Consumidor Especial,SUL,7.199999999999999,2.860328
202508.0,2025-08-02,41298.0,SOCER RB SUL,Consumidor Especial,SUL,7.199999999999999,1.849802
202508.0,2025-08-03,41298.0,SOCER RB SUL,Consumidor Especial,SUL,7.199999999999999,0.242439
202508.0,2025-08-04,41298.0,SOCER RB SUL,Consumidor Especial,SUL,7.199999999999999,2.79469
202508.0,2025-08-05,41298.0,SOCER RB SUL,Consumidor Especial,SUL,7.199999999999999,2.956498
202508.0,2025-08-06,41298.0,SOCER RB SUL,Consumidor Especial,SUL,7.199999999999999,1.878286
202508.0,2025-08-07,41298.0,SOCER RB SUL,Consumidor Especial,SUL,7.199999999999999,2.884384
202508.0,2025-08-08,41298.0,SOCER RB SUL,Consumidor Especial,SUL,7.199999999999999,2.91654
202508.0,2025-08-09,41298.0,SOCER RB SUL,Consumidor Especial,SUL,7.199999999999999,2.71082
202508.0,2025-08-10,41298.0,SOCER RB SUL,Consumidor Especial,SUL,7.199999999999999,0.170743
202508.0,2025-08-11,41298.0,SOCER RB SUL,Consumidor Especial,SUL,7.199999999999999,2.477481
202508.0,2025-08-12,41298.0,SOCER RB SUL,Consumidor Especial,SUL,7.199999999999999,2.916327
202508.0,2025-08-13,41298.0,SOCER RB SUL,Consumidor Especial,SUL,7.199999999999999,2.880307
202508.0,2025-08-14,41298.0,SOCER RB SUL,Consumidor Especial,SUL,7.199999999999999,2.634712
202508.0,2025-08-15,41298.0,SOCER RB SUL,Consumidor Especial,SUL,7.199999999999999,2.81464
202508.0,2025-08-16,41298.0,SOCER RB SUL,Consumidor Especial,SUL,7.199999999999999,2.307778
202508.0,2025-08-17,41298.0,SOCER RB SUL,Consumidor Especial,SUL,7.199999999999999,0.212419
202508.0,2025-08-18,41298.0,SOCER RB SUL,Consumidor Especial,SUL,7.199999999999999,2.61229
202508.0,2025-08-19,41298.0,SOCER RB SUL,Consumidor Especial,SUL,7.199999999999999,2.925861
202508.0,2025-08-20,41298.0,SOCER RB SUL,Consumidor Especial,SUL,7.199999999999999,1.505784
202508.0,2025-08-21,41298.0,SOCER RB SUL,Consumidor Especial,SUL,7.199999999999999,2.9106620000000003
202508.0,2025-08-22,41298.0,SOCER RB SUL,Consumidor Especial,SUL,7.199999999999999,2.956872
202508.0,2025-08-23,41298.0,SOCER RB SUL,Consumidor Especial,SUL,7.199999999999999,3.080063
202508.0,2025-08-24,41298.0,SOCER RB SUL,Consumidor Especial,SUL,7.199999999999999,0.181507
202508.0,2025-08-25,41298.0,SOCER RB SUL,Consumidor Especial,SUL,7.199999999999999,2.760565
202508.0,2025-08-26,41298.0,SOCER RB SUL,Consumidor Especial,SUL,7.199999999999999,2.965176
202508.0,2025-08-27,41298.0,SOCER RB SUL,Consumidor Especial,SUL,7.199999999999999,3.301572
202508.0,2025-08-28,41298.0,SOCER RB SUL,Consumidor Especial,SUL,7.199999999999999,3.071014
202508.0,2025-08-29,41298.0,SOCER RB SUL,Consumidor Especial,SUL,7.199999999999999,2.732879
202508.0,2025-08-30,41298.0,SOCER RB SUL,Consumidor Especial,SUL,7.199999999999999,2.872332
202508.0,2025-08-31,41298.0,SOCER RB SUL,Consumidor Especial,SUL,7.199999999999999,0.190143
