MES_REFERENCIA,DATA,CODIGO_PERFIL_AGENTE,SIGLA_PERFIL_AGENTE,CLASSE_PERFIL_AGENTE,SUBMERCADO,CAPACIDADE_CARGA,CONSUMO_CARGA_ACL
,2022-01-01,66156,ACCOR,Consumidor Especial,NORTE,12.72,7.613571
,2022-01-02,66156,ACCOR,Consumidor Especial,NORTE,12.72,7.467378
,2022-01-03,66156,ACCOR,Consumidor Especial,NORTE,12.72,7.7056
,2022-01-04,66156,ACCOR,Consumidor Especial,NORTE,12.72,7.778397
,2022-01-05,66156,ACCOR,Consumidor Especial,NORTE,12.72,8.310169
,2022-01-06,66156,ACCOR,Consumidor Especial,NORTE,12.72,8.196661
,2022-01-07,66156,ACCOR,Consumidor Especial,NORTE,12.72,7.614591
,2022-01-08,66156,ACCOR,Consumidor Especial,NORTE,12.72,7.030342
,2022-01-09,66156,ACCOR,Consumidor Especial,NORTE,12.72,6.670491
,2022-01-10,66156,ACCOR,Consumidor Especial,NORTE,12.72,7.308416999999999
,2022-01-11,66156,ACCOR,Consumidor Especial,NORTE,12.72,7.365627
,2022-01-12,66156,ACCOR,Consumidor Especial,NORTE,12.72,7.275548
,2022-01-13,66156,ACCOR,Consumidor Especial,NORTE,12.72,7.102277
,2022-01-14,66156,ACCOR,Consumidor Especial,NORTE,12.72,6.490461
,2022-01-15,66156,ACCOR,Consumidor Especial,NORTE,12.72,7.58871
,2022-01-16,66156,ACCOR,Consumidor Especial,NORTE,12.72,7.628001
,2022-01-17,66156,ACCOR,Consumidor Especial,NORTE,12.72,6.779249
,2022-01-18,66156,ACCOR,Consumidor Especial,NORTE,12.72,4.654619
,2022-01-19,66156,ACCOR,Consumidor Especial,NORTE,12.72,7.046195
,2022-01-20,66156,ACCOR,Consumidor Especial,NORTE,12.72,6.760651
,2022-01-21,66156,ACCOR,Consumidor Especial,NORTE,12.72,5.644243
,2022-01-22,66156,ACCOR,Consumidor Especial,NORTE,12.72,5.913023
,2022-01-23,66156,ACCOR,Consumidor Especial,NORTE,12.72,5.376106
,2022-01-24,66156,ACCOR,Consumidor Especial,NORTE,12.72,5.152068
,2022-01-25,66156,ACCOR,Consumidor Especial,NORTE,12.72,5.247427
,2022-01-26,66156,ACCOR,Consumidor Especial,NORTE,12.72,5.113781
,2022-01-27,66156,ACCOR,Consumidor Especial,NORTE,12.72,6.111961
,2022-01-28,66156,ACCOR,Consumidor Especial,NORTE,12.72,7.568066
,2022-01-29,66156,ACCOR,Consumidor Especial,NORTE,12.72,7.167967
,2022-01-30,66156,ACCOR,Consumidor Especial,NORTE,12.72,6.70638
,2022-01-31,66156,ACCOR,Consumidor Especial,NORTE,12.72,7.207026
,2022-02-01,66156,ACCOR,Consumidor Especial,NORTE,12.72,7.354029000000001
,2022-02-02,66156,ACCOR,Consumidor Especial,NORTE,12.72,7.132077
,2022-02-03,66156,ACCOR,Consumidor Especial,NORTE,12.72,7.195268
,2022-02-04,66156,ACCOR,Consumidor Especial,NORTE,12.72,7.058377
,2022-02-05,66156,ACCOR,Consumidor Especial,NORTE,12.72,7.374532
,2022-02-06,66156,ACCOR,Consumidor Especial,NORTE,12.72,6.75312
,2022-02-07,66156,ACCOR,Consumidor Especial,NORTE,12.72,7.143
,2022-02-08,66156,ACCOR,Consumidor Especial,NORTE,12.72,7.485288
,2022-02-09,66156,ACCOR,Consumidor Especial,NORTE,12.72,7.461301
,2022-02-10,66156,ACCOR,Consumidor Especial,NORTE,12.72,7.502207
,2022-02-11,66156,ACCOR,Consumidor Especial,NORTE,12.72,6.927472
,2022-02-12,66156,ACCOR,Consumidor Especial,NORTE,12.72,7.632612
,2022-02-13,66156,ACCOR,Consumidor Especial,NORTE,12.72,7.020761
,2022-02-14,66156,ACCOR,Consumidor Especial,NORTE,12.72,6.604553
,2022-02-15,66156,ACCOR,Consumidor Especial,NORTE,12.72,6.498726
,2022-02-16,66156,ACCOR,Consumidor Especial,NORTE,12.72,6.912954
,2022-02-17,66156,ACCOR,Consumidor Especial,NORTE,12.72,7.287269
,2022-02-18,66156,ACCOR,Consumidor Especial,NORTE,12.72,6.7275730000000005
,2022-02-19,66156,ACCOR,Consumidor Especial,NORTE,12.72,6.676618
,2022-02-20,66156,ACCOR,Consumidor Especial,NORTE,12.72,6.937363
,2022-02-21,66156,ACCOR,Consumidor Especial,NORTE,12.72,7.296104
,2022-02-22,66156,ACCOR,Consumidor Especial,NORTE,12.72,7.511928
,2022-02-23,66156,ACCOR,Consumidor Especial,NORTE,12.72,6.951288
,2022-02-24,66156,ACCOR,Consumidor Especial,NORTE,12.72,7.619672
,2022-02-25,66156,ACCOR,Consumidor Especial,NORTE,12.72,7.804085
,2022-02-26,66156,ACCOR,Consumidor Especial,NORTE,12.72,7.591555
,2022-02-27,66156,ACCOR,Consumidor Especial,NORTE,12.72,6.934883
,2022-02-28,66156,ACCOR,Consumidor Especial,NORTE,12.72,7.300765
,2022-03-01,66156,ACCOR,Consumidor Especial,NORTE,12.72,7.565109
,2022-03-02,66156,ACCOR,Consumidor Especial,NORTE,12.72,7.297258999999999
,2022-03-03,66156,ACCOR,Consumidor Especial,NORTE,12.72,7.243508
,2022-03-04,66156,ACCOR,Consumidor Especial,NORTE,12.72,7.477026
,2022-03-05,66156,ACCOR,Consumidor Especial,NORTE,12.72,7.5027
,2022-03-06,66156,ACCOR,Consumidor Especial,NORTE,12.72,7.132197
,2022-03-07,66156,ACCOR,Consumidor Especial,NORTE,12.72,6.959453
,2022-03-08,66156,ACCOR,Consumidor Especial,NORTE,12.72,6.518742
,2022-03-09,66156,ACCOR,Consumidor Especial,NORTE,12.72,6.494169
,2022-03-10,66156,ACCOR,Consumidor Especial,NORTE,12.72,6.402055
,2022-03-11,66156,ACCOR,Consumidor Especial,NORTE,12.72,6.780688
,2022-03-12,66156,ACCOR,Consumidor Especial,NORTE,12.72,7.789735
,2022-03-13,66156,ACCOR,Consumidor Especial,NORTE,12.72,7.682903
,2022-03-14,66156,ACCOR,Consumidor Especial,NORTE,12.72,6.814348
,2022-03-15,66156,ACCOR,Consumidor Especial,NORTE,12.72,6.794953
,2022-03-16,66156,ACCOR,Consumidor Especial,NORTE,12.72,7.409751
,2022-03-17,66156,ACCOR,Consumidor Especial,NORTE,12.72,6.946474
,2022-03-18,66156,ACCOR,Consumidor Especial,NORTE,12.72,7.977806
,2022-03-19,66156,ACCOR,Consumidor Especial,NORTE,12.72,8.0175
,2022-03-20,66156,ACCOR,Consumidor Especial,NORTE,12.72,7.136671
,2022-03-21,66156,ACCOR,Consumidor Especial,NORTE,12.72,6.872481
,2022-03-22,66156,ACCOR,Consumidor Especial,NORTE,12.72,7.229239
,2022-03-23,66156,ACCOR,Consumidor Especial,NORTE,12.72,7.944554
,2022-03-24,66156,ACCOR,Consumidor Especial,NORTE,12.72,7.711075
,2022-03-25,66156,ACCOR,Consumidor Especial,NORTE,12.72,7.449813
,2022-03-26,66156,ACCOR,Consumidor Especial,NORTE,12.72,7.708254
,2022-03-27,66156,ACCOR,Consumidor Especial,NORTE,12.72,7.694863
,2022-03-28,66156,ACCOR,Consumidor Especial,NORTE,12.72,7.060076
,2022-03-29,66156,ACCOR,Consumidor Especial,NORTE,12.72,6.396022
,2022-03-30,66156,ACCOR,Consumidor Especial,NORTE,12.72,6.572534
,2022-03-31,66156,ACCOR,Consumidor Especial,NORTE,12.72,6.925463
,2022-04-01,66156,ACCOR,Consumidor Especial,NORTE,12.72,7.985294
,2022-04-02,66156,ACCOR,Consumidor Especial,NORTE,12.72,7.334761
,2022-04-03,66156,ACCOR,Consumidor Especial,NORTE,12.72,7.18126
,2022-04-04,66156,ACCOR,Consumidor Especial,NORTE,12.72,7.513608
,2022-04-05,66156,ACCOR,Consumidor Especial,NORTE,12.72,7.879381
,2022-04-06,66156,ACCOR,Consumidor Especial,NORTE,12.72,7.153493
,2022-04-07,66156,ACCOR,Consumidor Especial,NORTE,12.72,7.301197
,2022-04-08,66156,ACCOR,Consumidor Especial,NORTE,12.72,7.170199
,2022-04-09,66156,ACCOR,Consumidor Especial,NORTE,12.72,6.99495
,2022-04-10,66156,ACCOR,Consumidor Especial,NORTE,12.72,6.957752
,2022-04-11,66156,ACCOR,Consumidor Especial,NORTE,12.72,7.291698999999999
,2022-04-12,66156,ACCOR,Consumidor Especial,NORTE,12.72,7.29027
,2022-04-13,66156,ACCOR,Consumidor Especial,NORTE,12.72,7.994992
,2022-04-14,66156,ACCOR,Consumidor Especial,NORTE,12.72,8.029613
,2022-04-15,66156,ACCOR,Consumidor Especial,NORTE,12.72,7.519207
,2022-04-16,66156,ACCOR,Consumidor Especial,NORTE,12.72,7.446502
,2022-04-17,66156,ACCOR,Consumidor Especial,NORTE,12.72,7.324275
,2022-04-18,66156,ACCOR,Consumidor Especial,NORTE,12.72,7.443267
,2022-04-19,66156,ACCOR,Consumidor Especial,NORTE,12.72,7.073009
,2022-04-20,66156,ACCOR,Consumidor Especial,NORTE,12.72,7.22072
,2022-04-21,66156,ACCOR,Consumidor Especial,NORTE,12.72,7.417857
,2022-04-22,66156,ACCOR,Consumidor Especial,NORTE,12.72,7.459814
,2022-04-23,66156,ACCOR,Consumidor Especial,NORTE,12.72,7.99287
,2022-04-24,66156,ACCOR,Consumidor Especial,NORTE,12.72,7.997966
,2022-04-25,66156,ACCOR,Consumidor Especial,NORTE,12.72,8.213295
,2022-04-26,66156,ACCOR,Consumidor Especial,NORTE,12.72,8.471084
,2022-04-27,66156,ACCOR,Consumidor Especial,NORTE,12.72,7.201232
,2022-04-28,66156,ACCOR,Consumidor Especial,NORTE,12.72,8.262409
,2022-04-29,66156,ACCOR,Consumidor Especial,NORTE,12.72,7.456277
,2022-04-30,66156,ACCOR,Consumidor Especial,NORTE,12.72,7.843716
,2022-05-01,66156,ACCOR,Consumidor Especial,NORTE,12.72,8.04561
,2022-05-02,66156,ACCOR,Consumidor Especial,NORTE,12.72,7.511075
,2022-05-03,66156,ACCOR,Consumidor Especial,NORTE,12.72,7.802742999999999
,2022-05-04,66156,ACCOR,Consumidor Especial,NORTE,12.72,7.324966
,2022-05-05,66156,ACCOR,Consumidor Especial,NORTE,12.72,7.783784
,2022-05-06,66156,ACCOR,Consumidor Especial,NORTE,12.72,8.35786
,2022-05-07,66156,ACCOR,Consumidor Especial,NORTE,12.72,7.979501
,2022-05-08,66156,ACCOR,Consumidor Especial,NORTE,12.72,7.75555
,2022-05-09,66156,ACCOR,Consumidor Especial,NORTE,12.72,7.532584
,2022-05-10,66156,ACCOR,Consumidor Especial,NORTE,12.72,8.417699
,2022-05-11,66156,ACCOR,Consumidor Especial,NORTE,12.72,8.791528
,2022-05-12,66156,ACCOR,Consumidor Especial,NORTE,12.72,8.864512
,2022-05-13,66156,ACCOR,Consumidor Especial,NORTE,12.72,9.116574
,2022-05-14,66156,ACCOR,Consumidor Especial,NORTE,12.72,9.607891
,2022-05-15,66156,ACCOR,Consumidor Especial,NORTE,12.72,8.948416
,2022-05-16,66156,ACCOR,Consumidor Especial,NORTE,12.72,8.331728
,2022-05-17,66156,ACCOR,Consumidor Especial,NORTE,12.72,8.072418
,2022-05-18,66156,ACCOR,Consumidor Especial,NORTE,12.72,7.602297
,2022-05-19,66156,ACCOR,Consumidor Especial,NORTE,12.72,7.358342
,2022-05-20,66156,ACCOR,Consumidor Especial,NORTE,12.72,7.409596
,2022-05-21,66156,ACCOR,Consumidor Especial,NORTE,12.72,7.891877
,2022-05-22,66156,ACCOR,Consumidor Especial,NORTE,12.72,8.228716
,2022-05-23,66156,ACCOR,Consumidor Especial,NORTE,12.72,8.309624
,2022-05-24,66156,ACCOR,Consumidor Especial,NORTE,12.72,8.452703
,2022-05-25,66156,ACCOR,Consumidor Especial,NORTE,12.72,8.668431
,2022-05-26,66156,ACCOR,Consumidor Especial,NORTE,12.72,8.845035
,2022-05-27,66156,ACCOR,Consumidor Especial,NORTE,12.72,9.257292
,2022-05-28,66156,ACCOR,Consumidor Especial,NORTE,12.72,9.314892
,2022-05-29,66156,ACCOR,Consumidor Especial,NORTE,12.72,8.560366
,2022-05-30,66156,ACCOR,Consumidor Especial,NORTE,12.72,8.002594
,2022-05-31,66156,ACCOR,Consumidor Especial,NORTE,12.72,7.663336
,2022-06-01,66156,ACCOR,Consumidor Especial,NORTE,12.72,7.118346
,2022-06-02,66156,ACCOR,Consumidor Especial,NORTE,12.72,7.194177
,2022-06-03,66156,ACCOR,Consumidor Especial,NORTE,12.72,7.992131
,2022-06-04,66156,ACCOR,Consumidor Especial,NORTE,12.72,8.006135
,2022-06-05,66156,ACCOR,Consumidor Especial,NORTE,12.72,6.542214
,2022-06-06,66156,ACCOR,Consumidor Especial,NORTE,12.72,6.713834
,2022-06-07,66156,ACCOR,Consumidor Especial,NORTE,12.72,7.21612
,2022-06-08,66156,ACCOR,Consumidor Especial,NORTE,12.72,7.622145
,2022-06-09,66156,ACCOR,Consumidor Especial,NORTE,12.72,7.929082
,2022-06-10,66156,ACCOR,Consumidor Especial,NORTE,12.72,8.504717
,2022-06-11,66156,ACCOR,Consumidor Especial,NORTE,12.72,7.957395
,2022-06-12,66156,ACCOR,Consumidor Especial,NORTE,12.72,7.687939
,2022-06-13,66156,ACCOR,Consumidor Especial,NORTE,12.72,7.938662
,2022-06-14,66156,ACCOR,Consumidor Especial,NORTE,12.72,7.689883
,2022-06-15,66156,ACCOR,Consumidor Especial,NORTE,12.72,7.85379
,2022-06-16,66156,ACCOR,Consumidor Especial,NORTE,12.72,7.999072
,2022-06-17,66156,ACCOR,Consumidor Especial,NORTE,12.72,8.289681
,2022-06-18,66156,ACCOR,Consumidor Especial,NORTE,12.72,8.527404
,2022-06-19,66156,ACCOR,Consumidor Especial,NORTE,12.72,8.361093
,2022-06-20,66156,ACCOR,Consumidor Especial,NORTE,12.72,8.044374
,2022-06-21,66156,ACCOR,Consumidor Especial,NORTE,12.72,7.878156
,2022-06-22,66156,ACCOR,Consumidor Especial,NORTE,12.72,7.686579
,2022-06-23,66156,ACCOR,Consumidor Especial,NORTE,12.72,7.972792
,2022-06-24,66156,ACCOR,Consumidor Especial,NORTE,12.72,7.918703
,2022-06-25,66156,ACCOR,Consumidor Especial,NORTE,12.72,8.890761
,2022-06-26,66156,ACCOR,Consumidor Especial,NORTE,12.72,8.449467
,2022-06-27,66156,ACCOR,Consumidor Especial,NORTE,12.72,8.326929
,2022-06-28,66156,ACCOR,Consumidor Especial,NORTE,12.72,7.815664
,2022-06-29,66156,ACCOR,Consumidor Especial,NORTE,12.72,8.336483
,2022-06-30,66156,ACCOR,Consumidor Especial,NORTE,12.72,8.268224
,2022-07-01,66156,ACCOR,Consumidor Especial,NORTE,12.72,8.293187
,2022-07-02,66156,ACCOR,Consumidor Especial,NORTE,12.72,8.727957
,2022-07-03,66156,ACCOR,Consumidor Especial,NORTE,12.72,8.349724
,2022-07-04,66156,ACCOR,Consumidor Especial,NORTE,12.72,7.799061
,2022-07-05,66156,ACCOR,Consumidor Especial,NORTE,12.72,8.058685
,2022-07-06,66156,ACCOR,Consumidor Especial,NORTE,12.72,8.187787
,2022-07-07,66156,ACCOR,Consumidor Especial,NORTE,12.72,8.264212
,2022-07-08,66156,ACCOR,Consumidor Especial,NORTE,12.72,8.577776
,2022-07-09,66156,ACCOR,Consumidor Especial,NORTE,12.72,8.335919
,2022-07-10,66156,ACCOR,Consumidor Especial,NORTE,12.72,8.172145
,2022-07-11,66156,ACCOR,Consumidor Especial,NORTE,12.72,8.397821
,2022-07-12,66156,ACCOR,Consumidor Especial,NORTE,12.72,8.517285000000001
,2022-07-13,66156,ACCOR,Consumidor Especial,NORTE,12.72,8.355879999999999
,2022-07-14,66156,ACCOR,Consumidor Especial,NORTE,12.72,8.450078
,2022-07-15,66156,ACCOR,Consumidor Especial,NORTE,12.72,8.636559
,2022-07-16,66156,ACCOR,Consumidor Especial,NORTE,12.72,9.207848
,2022-07-17,66156,ACCOR,Consumidor Especial,NORTE,12.72,9.25371
,2022-07-18,66156,ACCOR,Consumidor Especial,NORTE,12.72,9.285525
,2022-07-19,66156,ACCOR,Consumidor Especial,NORTE,12.72,9.15704
,2022-07-20,66156,ACCOR,Consumidor Especial,NORTE,12.72,8.576477
,2022-07-21,66156,ACCOR,Consumidor Especial,NORTE,12.72,8.214217
,2022-07-22,66156,ACCOR,Consumidor Especial,NORTE,12.72,8.324898
,2022-07-23,66156,ACCOR,Consumidor Especial,NORTE,12.72,8.382418
,2022-07-24,66156,ACCOR,Consumidor Especial,NORTE,12.72,8.612758
,2022-07-25,66156,ACCOR,Consumidor Especial,NORTE,12.72,8.705741
,2022-07-26,66156,ACCOR,Consumidor Especial,NORTE,12.72,9.016134
,2022-07-27,66156,ACCOR,Consumidor Especial,NORTE,12.72,9.104892
,2022-07-28,66156,ACCOR,Consumidor Especial,NORTE,12.72,8.992255
,2022-07-29,66156,ACCOR,Consumidor Especial,NORTE,12.72,8.935696
,2022-07-30,66156,ACCOR,Consumidor Especial,NORTE,12.72,8.200096
,2022-07-31,66156,ACCOR,Consumidor Especial,NORTE,12.72,8.296705
,2022-08-01,66156,ACCOR,Consumidor Especial,NORTE,12.72,8.65977
,2022-08-02,66156,ACCOR,Consumidor Especial,NORTE,12.72,8.277975
,2022-08-03,66156,ACCOR,Consumidor Especial,NORTE,12.72,8.643805
,2022-08-04,66156,ACCOR,Consumidor Especial,NORTE,12.72,8.748891
,2022-08-05,66156,ACCOR,Consumidor Especial,NORTE,12.72,9.058001
,2022-08-06,66156,ACCOR,Consumidor Especial,NORTE,12.72,9.308415
,2022-08-07,66156,ACCOR,Consumidor Especial,NORTE,12.72,9.058679
,2022-08-08,66156,ACCOR,Consumidor Especial,NORTE,12.72,9.22743
,2022-08-09,66156,ACCOR,Consumidor Especial,NORTE,12.72,9.237112
,2022-08-10,66156,ACCOR,Consumidor Especial,NORTE,12.72,9.113726
,2022-08-11,66156,ACCOR,Consumidor Especial,NORTE,12.72,8.828719
,2022-08-12,66156,ACCOR,Consumidor Especial,NORTE,12.72,9.366709
,2022-08-13,66156,ACCOR,Consumidor Especial,NORTE,12.72,8.79268
,2022-08-14,66156,ACCOR,Consumidor Especial,NORTE,12.72,7.945921999999999
,2022-08-15,66156,ACCOR,Consumidor Especial,NORTE,12.72,7.785132
,2022-08-16,66156,ACCOR,Consumidor Especial,NORTE,12.72,8.2681
,2022-08-17,66156,ACCOR,Consumidor Especial,NORTE,12.72,8.632859999999999
,2022-08-18,66156,ACCOR,Consumidor Especial,NORTE,12.72,9.262583
,2022-08-19,66156,ACCOR,Consumidor Especial,NORTE,12.72,9.727398
,2022-08-20,66156,ACCOR,Consumidor Especial,NORTE,12.72,8.631716
,2022-08-21,66156,ACCOR,Consumidor Especial,NORTE,12.72,7.721458
,2022-08-22,66156,ACCOR,Consumidor Especial,NORTE,12.72,7.808587
,2022-08-23,66156,ACCOR,Consumidor Especial,NORTE,12.72,7.914514
,2022-08-24,66156,ACCOR,Consumidor Especial,NORTE,12.72,8.372528
,2022-08-25,66156,ACCOR,Consumidor Especial,NORTE,12.72,8.664353
,2022-08-26,66156,ACCOR,Consumidor Especial,NORTE,12.72,8.74891
,2022-08-27,66156,ACCOR,Consumidor Especial,NORTE,12.72,8.760697
,2022-08-28,66156,ACCOR,Consumidor Especial,NORTE,12.72,8.379626
,2022-08-29,66156,ACCOR,Consumidor Especial,NORTE,12.72,8.063336
,2022-08-30,66156,ACCOR,Consumidor Especial,NORTE,12.72,8.419215
,2022-08-31,66156,ACCOR,Consumidor Especial,NORTE,12.72,8.913266
,2022-09-01,66156,ACCOR,Consumidor Especial,NORTE,12.72,8.605678
,2022-09-02,66156,ACCOR,Consumidor Especial,NORTE,12.72,8.723889999999999
,2022-09-03,66156,ACCOR,Consumidor Especial,NORTE,12.72,8.942661
,2022-09-04,66156,ACCOR,Consumidor Especial,NORTE,12.72,8.68621
,2022-09-05,66156,ACCOR,Consumidor Especial,NORTE,12.72,8.843454
,2022-09-06,66156,ACCOR,Consumidor Especial,NORTE,12.72,8.82281
,2022-09-07,66156,ACCOR,Consumidor Especial,NORTE,12.72,9.204607
,2022-09-08,66156,ACCOR,Consumidor Especial,NORTE,12.72,8.827477
,2022-09-09,66156,ACCOR,Consumidor Especial,NORTE,12.72,8.621648
,2022-09-10,66156,ACCOR,Consumidor Especial,NORTE,12.72,8.903514
,2022-09-11,66156,ACCOR,Consumidor Especial,NORTE,12.72,9.010972
,2022-09-12,66156,ACCOR,Consumidor Especial,NORTE,12.72,8.762331
,2022-09-13,66156,ACCOR,Consumidor Especial,NORTE,12.72,7.645483
,2022-09-14,66156,ACCOR,Consumidor Especial,NORTE,12.72,8.415261
,2022-09-15,66156,ACCOR,Consumidor Especial,NORTE,12.72,8.374654
,2022-09-16,66156,ACCOR,Consumidor Especial,NORTE,12.72,8.690989
,2022-09-17,66156,ACCOR,Consumidor Especial,NORTE,12.72,9.029622
,2022-09-18,66156,ACCOR,Consumidor Especial,NORTE,12.72,7.645593
,2022-09-19,66156,ACCOR,Consumidor Especial,NORTE,12.72,7.67373
,2022-09-20,66156,ACCOR,Consumidor Especial,NORTE,12.72,8.653716
,2022-09-21,66156,ACCOR,Consumidor Especial,NORTE,12.72,8.885425
,2022-09-22,66156,ACCOR,Consumidor Especial,NORTE,12.72,9.051468
,2022-09-23,66156,ACCOR,Consumidor Especial,NORTE,12.72,9.301814
,2022-09-24,66156,ACCOR,Consumidor Especial,NORTE,12.72,9.920318
,2022-09-25,66156,ACCOR,Consumidor Especial,NORTE,12.72,9.91887
,2022-09-26,66156,ACCOR,Consumidor Especial,NORTE,12.72,9.438922
,2022-09-27,66156,ACCOR,Consumidor Especial,NORTE,12.72,9.320424
,2022-09-28,66156,ACCOR,Consumidor Especial,NORTE,12.72,10.015294
,2022-09-29,66156,ACCOR,Consumidor Especial,NORTE,12.72,10.242702
,2022-09-30,66156,ACCOR,Consumidor Especial,NORTE,12.72,9.013587
,2022-10-01,66156,ACCOR,Consumidor Especial,NORTE,12.72,8.747885
,2022-10-02,66156,ACCOR,Consumidor Especial,NORTE,12.72,9.159048
,2022-10-03,66156,ACCOR,Consumidor Especial,NORTE,12.72,7.977145
,2022-10-04,66156,ACCOR,Consumidor Especial,NORTE,12.72,7.890203
,2022-10-05,66156,ACCOR,Consumidor Especial,NORTE,12.72,8.388145
,2022-10-06,66156,ACCOR,Consumidor Especial,NORTE,12.72,9.389484
,2022-10-07,66156,ACCOR,Consumidor Especial,NORTE,12.72,9.808383
,2022-10-08,66156,ACCOR,Consumidor Especial,NORTE,12.72,9.889598
,2022-10-09,66156,ACCOR,Consumidor Especial,NORTE,12.72,9.624783
,2022-10-10,66156,ACCOR,Consumidor Especial,NORTE,12.72,9.24324
,2022-10-11,66156,ACCOR,Consumidor Especial,NORTE,12.72,8.534971
,2022-10-12,66156,ACCOR,Consumidor Especial,NORTE,12.72,8.744125
,2022-10-13,66156,ACCOR,Consumidor Especial,NORTE,12.72,8.545947
,2022-10-14,66156,ACCOR,Consumidor Especial,NORTE,12.72,8.496431
,2022-10-15,66156,ACCOR,Consumidor Especial,NORTE,12.72,8.083047
,2022-10-16,66156,ACCOR,Consumidor Especial,NORTE,12.72,7.910235
,2022-10-17,66156,ACCOR,Consumidor Especial,NORTE,12.72,7.805198
,2022-10-18,66156,ACCOR,Consumidor Especial,NORTE,12.72,8.001609
,2022-10-19,66156,ACCOR,Consumidor Especial,NORTE,12.72,8.64126
,2022-10-20,66156,ACCOR,Consumidor Especial,NORTE,12.72,8.455475
,2022-10-21,66156,ACCOR,Consumidor Especial,NORTE,12.72,8.890644
,2022-10-22,66156,ACCOR,Consumidor Especial,NORTE,12.72,8.353852
,2022-10-23,66156,ACCOR,Consumidor Especial,NORTE,12.72,8.525065
,2022-10-24,66156,ACCOR,Consumidor Especial,NORTE,12.72,8.571548
,2022-10-25,66156,ACCOR,Consumidor Especial,NORTE,12.72,8.184494
,2022-10-26,66156,ACCOR,Consumidor Especial,NORTE,12.72,8.216499
,2022-10-27,66156,ACCOR,Consumidor Especial,NORTE,12.72,8.682615
,2022-10-28,66156,ACCOR,Consumidor Especial,NORTE,12.72,9.392842
,2022-10-29,66156,ACCOR,Consumidor Especial,NORTE,12.72,9.220728
,2022-10-30,66156,ACCOR,Consumidor Especial,NORTE,12.72,8.846513
,2022-10-31,66156,ACCOR,Consumidor Especial,NORTE,12.72,8.386477
,2022-11-01,66156,ACCOR,Consumidor Especial,NORTE,12.72,8.774639
,2022-11-02,66156,ACCOR,Consumidor Especial,NORTE,12.72,7.791925
,2022-11-03,66156,ACCOR,Consumidor Especial,NORTE,12.72,7.774108
,2022-11-04,66156,ACCOR,Consumidor Especial,NORTE,12.72,7.909165
,2022-11-05,66156,ACCOR,Consumidor Especial,NORTE,12.72,8.234806
,2022-11-06,66156,ACCOR,Consumidor Especial,NORTE,12.72,8.582664
,2022-11-07,66156,ACCOR,Consumidor Especial,NORTE,12.72,8.275942
,2022-11-08,66156,ACCOR,Consumidor Especial,NORTE,12.72,8.202512
,2022-11-09,66156,ACCOR,Consumidor Especial,NORTE,12.72,8.659251
,2022-11-10,66156,ACCOR,Consumidor Especial,NORTE,12.72,9.0956
,2022-11-11,66156,ACCOR,Consumidor Especial,NORTE,12.72,9.436586
,2022-11-12,66156,ACCOR,Consumidor Especial,NORTE,12.72,9.184374
,2022-11-13,66156,ACCOR,Consumidor Especial,NORTE,12.72,8.837093
,2022-11-14,66156,ACCOR,Consumidor Especial,NORTE,12.72,9.389057
,2022-11-15,66156,ACCOR,Consumidor Especial,NORTE,12.72,9.172337
,2022-11-16,66156,ACCOR,Consumidor Especial,NORTE,12.72,8.512007
,2022-11-17,66156,ACCOR,Consumidor Especial,NORTE,12.72,8.1891
,2022-11-18,66156,ACCOR,Consumidor Especial,NORTE,12.72,8.401385
,2022-11-19,66156,ACCOR,Consumidor Especial,NORTE,12.72,8.194158
,2022-11-20,66156,ACCOR,Consumidor Especial,NORTE,12.72,8.658775
,2022-11-21,66156,ACCOR,Consumidor Especial,NORTE,12.72,9.075303
,2022-11-22,66156,ACCOR,Consumidor Especial,NORTE,12.72,8.390348
,2022-11-23,66156,ACCOR,Consumidor Especial,NORTE,12.72,8.037898
,2022-11-24,66156,ACCOR,Consumidor Especial,NORTE,12.72,7.630408
,2022-11-25,66156,ACCOR,Consumidor Especial,NORTE,12.72,8.059535
,2022-11-26,66156,ACCOR,Consumidor Especial,NORTE,12.72,7.523066
,2022-11-27,66156,ACCOR,Consumidor Especial,NORTE,12.72,7.773281
,2022-11-28,66156,ACCOR,Consumidor Especial,NORTE,12.72,8.186531
,2022-11-29,66156,ACCOR,Consumidor Especial,NORTE,12.72,7.80144
,2022-11-30,66156,ACCOR,Consumidor Especial,NORTE,12.72,8.438537
,2022-12-01,66156,ACCOR,Consumidor Especial,NORTE,12.72,7.865251
,2022-12-02,66156,ACCOR,Consumidor Especial,NORTE,12.72,7.458216
,2022-12-03,66156,ACCOR,Consumidor Especial,NORTE,12.72,7.858291
,2022-12-04,66156,ACCOR,Consumidor Especial,NORTE,12.72,8.350314000000001
,2022-12-05,66156,ACCOR,Consumidor Especial,NORTE,12.72,7.668633
,2022-12-06,66156,ACCOR,Consumidor Especial,NORTE,12.72,7.959583
,2022-12-07,66156,ACCOR,Consumidor Especial,NORTE,12.72,8.556266
,2022-12-08,66156,ACCOR,Consumidor Especial,NORTE,12.72,8.505532
,2022-12-09,66156,ACCOR,Consumidor Especial,NORTE,12.72,8.282063
,2022-12-10,66156,ACCOR,Consumidor Especial,NORTE,12.72,8.795341
,2022-12-11,66156,ACCOR,Consumidor Especial,NORTE,12.72,8.666893
,2022-12-12,66156,ACCOR,Consumidor Especial,NORTE,12.72,8.788236
,2022-12-13,66156,ACCOR,Consumidor Especial,NORTE,12.72,7.957843
,2022-12-14,66156,ACCOR,Consumidor Especial,NORTE,12.72,7.903137
,2022-12-15,66156,ACCOR,Consumidor Especial,NORTE,12.72,8.051503
,2022-12-16,66156,ACCOR,Consumidor Especial,NORTE,12.72,8.31817
,2022-12-17,66156,ACCOR,Consumidor Especial,NORTE,12.72,7.712876
,2022-12-18,66156,ACCOR,Consumidor Especial,NORTE,12.72,7.877014
,2022-12-19,66156,ACCOR,Consumidor Especial,NORTE,12.72,7.859016
,2022-12-20,66156,ACCOR,Consumidor Especial,NORTE,12.72,7.803724
,2022-12-21,66156,ACCOR,Consumidor Especial,NORTE,12.72,7.047556
,2022-12-22,66156,ACCOR,Consumidor Especial,NORTE,12.72,6.837028
,2022-12-23,66156,ACCOR,Consumidor Especial,NORTE,12.72,7.651546
,2022-12-24,66156,ACCOR,Consumidor Especial,NORTE,12.72,8.080805
,2022-12-25,66156,ACCOR,Consumidor Especial,NORTE,12.72,8.123795
,2022-12-26,66156,ACCOR,Consumidor Especial,NORTE,12.72,8.247598
,2022-12-27,66156,ACCOR,Consumidor Especial,NORTE,12.72,7.489793
,2022-12-28,66156,ACCOR,Consumidor Especial,NORTE,12.72,7.081481
,2022-12-29,66156,ACCOR,Consumidor Especial,NORTE,12.72,7.333963
,2022-12-30,66156,ACCOR,Consumidor Especial,NORTE,12.72,7.908237
,2022-12-31,66156,ACCOR,Consumidor Especial,NORTE,12.72,8.048408
