MES_REFERENCIA,DATA,CODIGO_PERFIL_AGENTE,SIGLA_PERFIL_AGENTE,CLASSE_PERFIL_AGENTE,SUBMERCADO,CAPACIDADE_CARGA,CONSUMO_CARGA_ACL
,2023-08-01,108456,COPACOL UBIRATA CL,Consumidor Livre,SUL,312.0,301.000429
,2023-08-02,108456,COPACOL UBIRATA CL,Consumidor Livre,SUL,312.0,300.448535
,2023-08-03,108456,COPACOL UBIRATA CL,Consumidor Livre,SUL,312.0,296.373174
,2023-08-04,108456,COPACOL UBIRATA CL,Consumidor Livre,SUL,312.0,301.047075
,2023-08-05,108456,COPACOL UBIRATA CL,Consumidor Livre,SUL,312.0,302.272188
,2023-08-06,108456,COPACOL UBIRATA CL,Consumidor Livre,SUL,312.0,109.992907
,2023-08-07,108456,COPACOL UBIRATA CL,Consumidor Livre,SUL,312.0,282.716623
,2023-08-08,108456,COPACOL UBIRATA CL,Consumidor Livre,SUL,312.0,299.378175
,2023-08-09,108456,COPACOL UBIRATA CL,Consumidor Livre,SUL,312.0,301.806764
,2023-08-10,108456,COPACOL UBIRATA CL,Consumidor Livre,SUL,312.0,305.364187
,2023-08-11,108456,COPACOL UBIRATA CL,Consumidor Livre,SUL,312.0,306.346659
,2023-08-12,108456,COPACOL UBIRATA CL,Consumidor Livre,SUL,312.0,304.941537
,2023-08-13,108456,COPACOL UBIRATA CL,Consumidor Livre,SUL,312.0,97.374207
,2023-08-14,108456,COPACOL UBIRATA CL,Consumidor Livre,SUL,312.0,283.357458
,2023-08-15,108456,COPACOL UBIRATA CL,Consumidor Livre,SUL,312.0,296.914768
,2023-08-16,108456,COPACOL UBIRATA CL,Consumidor Livre,SUL,312.0,299.854126
,2023-08-17,108456,COPACOL UBIRATA CL,Consumidor Livre,SUL,312.0,304.216946
,2023-08-18,108456,COPACOL UBIRATA CL,Consumidor Livre,SUL,312.0,298.374277
,2023-08-19,108456,COPACOL UBIRATA CL,Consumidor Livre,SUL,312.0,289.556856
,2023-08-20,108456,COPACOL UBIRATA CL,Consumidor Livre,SUL,312.0,108.259251
,2023-08-21,108456,COPACOL UBIRATA CL,Consumidor Livre,SUL,312.0,279.154362
,2023-08-22,108456,COPACOL UBIRATA CL,Consumidor Livre,SUL,312.0,306.298775
,2023-08-23,108456,COPACOL UBIRATA CL,Consumidor Livre,SUL,312.0,310.878498
,2023-08-24,108456,COPACOL UBIRATA CL,Consumidor Livre,SUL,312.0,309.108328
,2023-08-25,108456,COPACOL UBIRATA CL,Consumidor Livre,SUL,312.0,309.133637
,2023-08-26,108456,COPACOL UBIRATA CL,Consumidor Livre,SUL,312.0,292.490456
,2023-08-27,108456,COPACOL UBIRATA CL,Consumidor Livre,SUL,312.0,104.968612
,2023-08-28,108456,COPACOL UBIRATA CL,Consumidor Livre,SUL,312.0,268.432444
,2023-08-29,108456,COPACOL UBIRATA CL,Consumidor Livre,SUL,312.0,291.388457
,2023-08-30,108456,COPACOL UBIRATA CL,Consumidor Livre,SUL,312.0,287.532663
,2023-08-31,108456,COPACOL UBIRATA CL,Consumidor Livre,SUL,312.0,298.190942
,2023-09-01,108456,COPACOL UBIRATA CL,Consumidor Livre,SUL,312.0,297.182082
,2023-09-02,108456,COPACOL UBIRATA CL,Consumidor Livre,SUL,312.0,293.825501
,2023-09-03,108456,COPACOL UBIRATA CL,Consumidor Livre,SUL,312.0,101.948342
,2023-09-04,108456,COPACOL UBIRATA CL,Consumidor Livre,SUL,312.0,268.462704
,2023-09-05,108456,COPACOL UBIRATA CL,Consumidor Livre,SUL,312.0,289.833194
,2023-09-06,108456,COPACOL UBIRATA CL,Consumidor Livre,SUL,312.0,293.61657
,2023-09-07,108456,COPACOL UBIRATA CL,Consumidor Livre,SUL,312.0,103.748858
,2023-09-08,108456,COPACOL UBIRATA CL,Consumidor Livre,SUL,312.0,270.507279
,2023-09-09,108456,COPACOL UBIRATA CL,Consumidor Livre,SUL,312.0,296.813202
,2023-09-10,108456,COPACOL UBIRATA CL,Consumidor Livre,SUL,312.0,97.011348
,2023-09-11,108456,COPACOL UBIRATA CL,Consumidor Livre,SUL,312.0,278.325219
,2023-09-12,108456,COPACOL UBIRATA CL,Consumidor Livre,SUL,312.0,294.908815
,2023-09-13,108456,COPACOL UBIRATA CL,Consumidor Livre,SUL,312.0,292.88815
,2023-09-14,108456,COPACOL UBIRATA CL,Consumidor Livre,SUL,312.0,279.544463
,2023-09-15,108456,COPACOL UBIRATA CL,Consumidor Livre,SUL,312.0,279.878562
,2023-09-16,108456,COPACOL UBIRATA CL,Consumidor Livre,SUL,312.0,286.090887
,2023-09-17,108456,COPACOL UBIRATA CL,Consumidor Livre,SUL,312.0,111.288036
,2023-09-18,108456,COPACOL UBIRATA CL,Consumidor Livre,SUL,312.0,275.931187
,2023-09-19,108456,COPACOL UBIRATA CL,Consumidor Livre,SUL,312.0,303.753598
,2023-09-20,108456,COPACOL UBIRATA CL,Consumidor Livre,SUL,312.0,304.51255000000003
,2023-09-21,108456,COPACOL UBIRATA CL,Consumidor Livre,SUL,312.0,307.25749
,2023-09-22,108456,COPACOL UBIRATA CL,Consumidor Livre,SUL,312.0,306.179551
,2023-09-23,108456,COPACOL UBIRATA CL,Consumidor Livre,SUL,312.0,306.179239
,2023-09-24,108456,COPACOL UBIRATA CL,Consumidor Livre,SUL,312.0,105.330457
,2023-09-25,108456,COPACOL UBIRATA CL,Consumidor Livre,SUL,312.0,293.612626
,2023-09-26,108456,COPACOL UBIRATA CL,Consumidor Livre,SUL,312.0,315.703761
,2023-09-27,108456,COPACOL UBIRATA CL,Consumidor Livre,SUL,312.0,303.30201
,2023-09-28,108456,COPACOL UBIRATA CL,Consumidor Livre,SUL,312.0,289.61071
,2023-09-29,108456,COPACOL UBIRATA CL,Consumidor Livre,SUL,312.0,292.374553
,2023-09-30,108456,COPACOL UBIRATA CL,Consumidor Livre,SUL,312.0,295.517149
,2023-10-01,108456,COPACOL UBIRATA CL,Consumidor Livre,SUL,312.0,105.061821
,2023-10-02,108456,COPACOL UBIRATA CL,Consumidor Livre,SUL,312.0,291.241708
,2023-10-03,108456,COPACOL UBIRATA CL,Consumidor Livre,SUL,312.0,308.953936
,2023-10-04,108456,COPACOL UBIRATA CL,Consumidor Livre,SUL,312.0,314.648282
,2023-10-05,108456,COPACOL UBIRATA CL,Consumidor Livre,SUL,312.0,306.18532
,2023-10-06,108456,COPACOL UBIRATA CL,Consumidor Livre,SUL,312.0,312.960422
,2023-10-07,108456,COPACOL UBIRATA CL,Consumidor Livre,SUL,312.0,310.87985000000003
,2023-10-08,108456,COPACOL UBIRATA CL,Consumidor Livre,SUL,312.0,101.790703
,2023-10-09,108456,COPACOL UBIRATA CL,Consumidor Livre,SUL,312.0,271.0289
,2023-10-10,108456,COPACOL UBIRATA CL,Consumidor Livre,SUL,312.0,290.825344
,2023-10-11,108456,COPACOL UBIRATA CL,Consumidor Livre,SUL,312.0,304.255637
,2023-10-12,108456,COPACOL UBIRATA CL,Consumidor Livre,SUL,312.0,115.021147
,2023-10-13,108456,COPACOL UBIRATA CL,Consumidor Livre,SUL,312.0,273.74116300000003
,2023-10-14,108456,COPACOL UBIRATA CL,Consumidor Livre,SUL,312.0,295.032205
,2023-10-15,108456,COPACOL UBIRATA CL,Consumidor Livre,SUL,312.0,96.750503
,2023-10-16,108456,COPACOL UBIRATA CL,Consumidor Livre,SUL,312.0,295.945724
,2023-10-17,108456,COPACOL UBIRATA CL,Consumidor Livre,SUL,312.0,302.503159
,2023-10-18,108456,COPACOL UBIRATA CL,Consumidor Livre,SUL,312.0,305.667712
,2023-10-19,108456,COPACOL UBIRATA CL,Consumidor Livre,SUL,312.0,296.493433
,2023-10-20,108456,COPACOL UBIRATA CL,Consumidor Livre,SUL,312.0,294.944064
,2023-10-21,108456,COPACOL UBIRATA CL,Consumidor Livre,SUL,312.0,301.89485
,2023-10-22,108456,COPACOL UBIRATA CL,Consumidor Livre,SUL,312.0,100.187438
,2023-10-23,108456,COPACOL UBIRATA CL,Consumidor Livre,SUL,312.0,290.254488
,2023-10-24,108456,COPACOL UBIRATA CL,Consumidor Livre,SUL,312.0,305.816208
,2023-10-25,108456,COPACOL UBIRATA CL,Consumidor Livre,SUL,312.0,307.277079
,2023-10-26,108456,COPACOL UBIRATA CL,Consumidor Livre,SUL,312.0,313.453909
,2023-10-27,108456,COPACOL UBIRATA CL,Consumidor Livre,SUL,312.0,310.576858
,2023-10-28,108456,COPACOL UBIRATA CL,Consumidor Livre,SUL,312.0,306.13601
,2023-10-29,108456,COPACOL UBIRATA CL,Consumidor Livre,SUL,312.0,98.25708
,2023-10-30,108456,COPACOL UBIRATA CL,Consumidor Livre,SUL,312.0,277.491402
,2023-10-31,108456,COPACOL UBIRATA CL,Consumidor Livre,SUL,312.0,296.911315
,2023-11-01,108456,COPACOL UBIRATA CL,Consumidor Livre,SUL,312.0,313.196604
,2023-11-02,108456,COPACOL UBIRATA CL,Consumidor Livre,SUL,312.0,112.385995
,2023-11-03,108456,COPACOL UBIRATA CL,Consumidor Livre,SUL,312.0,281.383614
,2023-11-04,108456,COPACOL UBIRATA CL,Consumidor Livre,SUL,312.0,92.437839
,2023-11-05,108456,COPACOL UBIRATA CL,Consumidor Livre,SUL,312.0,67.545449
,2023-11-06,108456,COPACOL UBIRATA CL,Consumidor Livre,SUL,312.0,278.824398
,2023-11-07,108456,COPACOL UBIRATA CL,Consumidor Livre,SUL,312.0,306.120856
,2023-11-08,108456,COPACOL UBIRATA CL,Consumidor Livre,SUL,312.0,322.089878
,2023-11-09,108456,COPACOL UBIRATA CL,Consumidor Livre,SUL,312.0,319.92154800000003
,2023-11-10,108456,COPACOL UBIRATA CL,Consumidor Livre,SUL,312.0,324.964634
,2023-11-11,108456,COPACOL UBIRATA CL,Consumidor Livre,SUL,312.0,331.706824
,2023-11-12,108456,COPACOL UBIRATA CL,Consumidor Livre,SUL,312.0,148.132051
,2023-11-13,108456,COPACOL UBIRATA CL,Consumidor Livre,SUL,312.0,296.975713
,2023-11-14,108456,COPACOL UBIRATA CL,Consumidor Livre,SUL,312.0,321.118349
,2023-11-15,108456,COPACOL UBIRATA CL,Consumidor Livre,SUL,312.0,133.782275
,2023-11-16,108456,COPACOL UBIRATA CL,Consumidor Livre,SUL,312.0,304.994258
,2023-11-17,108456,COPACOL UBIRATA CL,Consumidor Livre,SUL,312.0,330.168517
,2023-11-18,108456,COPACOL UBIRATA CL,Consumidor Livre,SUL,312.0,326.990167
,2023-11-19,108456,COPACOL UBIRATA CL,Consumidor Livre,SUL,312.0,118.8155
,2023-11-20,108456,COPACOL UBIRATA CL,Consumidor Livre,SUL,312.0,298.658782
,2023-11-21,108456,COPACOL UBIRATA CL,Consumidor Livre,SUL,312.0,320.897673
,2023-11-22,108456,COPACOL UBIRATA CL,Consumidor Livre,SUL,312.0,330.653371
,2023-11-23,108456,COPACOL UBIRATA CL,Consumidor Livre,SUL,312.0,323.073424
,2023-11-24,108456,COPACOL UBIRATA CL,Consumidor Livre,SUL,312.0,320.513377
,2023-11-25,108456,COPACOL UBIRATA CL,Consumidor Livre,SUL,312.0,301.418872
,2023-11-26,108456,COPACOL UBIRATA CL,Consumidor Livre,SUL,312.0,123.48966
,2023-11-27,108456,COPACOL UBIRATA CL,Consumidor Livre,SUL,312.0,293.998644
,2023-11-28,108456,COPACOL UBIRATA CL,Consumidor Livre,SUL,312.0,316.863818
,2023-11-29,108456,COPACOL UBIRATA CL,Consumidor Livre,SUL,312.0,325.874934
,2023-11-30,108456,COPACOL UBIRATA CL,Consumidor Livre,SUL,312.0,328.493789
,2023-12-01,108456,COPACOL UBIRATA CL,Consumidor Livre,SUL,312.0,334.04322
,2023-12-02,108456,COPACOL UBIRATA CL,Consumidor Livre,SUL,312.0,328.235156
,2023-12-03,108456,COPACOL UBIRATA CL,Consumidor Livre,SUL,312.0,125.214873
,2023-12-04,108456,COPACOL UBIRATA CL,Consumidor Livre,SUL,312.0,298.122281
,2023-12-05,108456,COPACOL UBIRATA CL,Consumidor Livre,SUL,312.0,317.87883
,2023-12-06,108456,COPACOL UBIRATA CL,Consumidor Livre,SUL,312.0,327.600162
,2023-12-07,108456,COPACOL UBIRATA CL,Consumidor Livre,SUL,312.0,319.171483
,2023-12-08,108456,COPACOL UBIRATA CL,Consumidor Livre,SUL,312.0,327.211236
,2023-12-09,108456,COPACOL UBIRATA CL,Consumidor Livre,SUL,312.0,333.315057
,2023-12-10,108456,COPACOL UBIRATA CL,Consumidor Livre,SUL,312.0,132.654748
,2023-12-11,108456,COPACOL UBIRATA CL,Consumidor Livre,SUL,312.0,295.371002
,2023-12-12,108456,COPACOL UBIRATA CL,Consumidor Livre,SUL,312.0,330.521201
,2023-12-13,108456,COPACOL UBIRATA CL,Consumidor Livre,SUL,312.0,327.485684
,2023-12-14,108456,COPACOL UBIRATA CL,Consumidor Livre,SUL,312.0,336.590834
,2023-12-15,108456,COPACOL UBIRATA CL,Consumidor Livre,SUL,312.0,327.93194
,2023-12-16,108456,COPACOL UBIRATA CL,Consumidor Livre,SUL,312.0,329.540964
,2023-12-17,108456,COPACOL UBIRATA CL,Consumidor Livre,SUL,312.0,148.622098
,2023-12-18,108456,COPACOL UBIRATA CL,Consumidor Livre,SUL,312.0,297.018372
,2023-12-19,108456,COPACOL UBIRATA CL,Consumidor Livre,SUL,312.0,339.299739
,2023-12-20,108456,COPACOL UBIRATA CL,Consumidor Livre,SUL,312.0,330.637104
,2023-12-21,108456,COPACOL UBIRATA CL,Consumidor Livre,SUL,312.0,327.592818
,2023-12-22,108456,COPACOL UBIRATA CL,Consumidor Livre,SUL,312.0,326.755193
,2023-12-23,108456,COPACOL UBIRATA CL,Consumidor Livre,SUL,312.0,324.798297
,2023-12-24,108456,COPACOL UBIRATA CL,Consumidor Livre,SUL,312.0,121.893176
,2023-12-25,108456,COPACOL UBIRATA CL,Consumidor Livre,SUL,312.0,63.458092
,2023-12-26,108456,COPACOL UBIRATA CL,Consumidor Livre,SUL,312.0,283.53269
,2023-12-27,108456,COPACOL UBIRATA CL,Consumidor Livre,SUL,312.0,314.808109
,2023-12-28,108456,COPACOL UBIRATA CL,Consumidor Livre,SUL,312.0,323.535563
,2023-12-29,108456,COPACOL UBIRATA CL,Consumidor Livre,SUL,312.0,320.875651
,2023-12-30,108456,COPACOL UBIRATA CL,Consumidor Livre,SUL,312.0,319.711136
,2023-12-31,108456,COPACOL UBIRATA CL,Consumidor Livre,SUL,312.0,122.325692
,2024-01-01,108456,COPACOL UBIRATA CL,Consumidor Livre,SUL,312.0,54.386493
,2024-01-02,108456,COPACOL UBIRATA CL,Consumidor Livre,SUL,312.0,287.832979
,2024-01-03,108456,COPACOL UBIRATA CL,Consumidor Livre,SUL,312.0,329.069091
,2024-01-04,108456,COPACOL UBIRATA CL,Consumidor Livre,SUL,312.0,325.668326
,2024-01-05,108456,COPACOL UBIRATA CL,Consumidor Livre,SUL,312.0,326.282232
,2024-01-06,108456,COPACOL UBIRATA CL,Consumidor Livre,SUL,312.0,326.783848
,2024-01-07,108456,COPACOL UBIRATA CL,Consumidor Livre,SUL,312.0,136.89757
,2024-01-08,108456,COPACOL UBIRATA CL,Consumidor Livre,SUL,312.0,299.149545
,2024-01-09,108456,COPACOL UBIRATA CL,Consumidor Livre,SUL,312.0,324.79511
,2024-01-10,108456,COPACOL UBIRATA CL,Consumidor Livre,SUL,312.0,330.297762
,2024-01-11,108456,COPACOL UBIRATA CL,Consumidor Livre,SUL,312.0,330.027594
,2024-01-12,108456,COPACOL UBIRATA CL,Consumidor Livre,SUL,312.0,327.12413300000003
,2024-01-13,108456,COPACOL UBIRATA CL,Consumidor Livre,SUL,312.0,327.969681
,2024-01-14,108456,COPACOL UBIRATA CL,Consumidor Livre,SUL,312.0,127.669678
,2024-01-15,108456,COPACOL UBIRATA CL,Consumidor Livre,SUL,312.0,303.140668
,2024-01-16,108456,COPACOL UBIRATA CL,Consumidor Livre,SUL,312.0,327.533005
,2024-01-17,108456,COPACOL UBIRATA CL,Consumidor Livre,SUL,312.0,327.735658
,2024-01-18,108456,COPACOL UBIRATA CL,Consumidor Livre,SUL,312.0,331.478452
,2024-01-19,108456,COPACOL UBIRATA CL,Consumidor Livre,SUL,312.0,320.645905
,2024-01-20,108456,COPACOL UBIRATA CL,Consumidor Livre,SUL,312.0,319.174141
,2024-01-21,108456,COPACOL UBIRATA CL,Consumidor Livre,SUL,312.0,123.904341
,2024-01-22,108456,COPACOL UBIRATA CL,Consumidor Livre,SUL,312.0,287.261215
,2024-01-23,108456,COPACOL UBIRATA CL,Consumidor Livre,SUL,312.0,306.155961
,2024-01-24,108456,COPACOL UBIRATA CL,Consumidor Livre,SUL,312.0,309.76448700000003
,2024-01-25,108456,COPACOL UBIRATA CL,Consumidor Livre,SUL,312.0,310.241655
,2024-01-26,108456,COPACOL UBIRATA CL,Consumidor Livre,SUL,312.0,306.664349
,2024-01-27,108456,COPACOL UBIRATA CL,Consumidor Livre,SUL,312.0,306.709895
,2024-01-28,108456,COPACOL UBIRATA CL,Consumidor Livre,SUL,312.0,124.313934
,2024-01-29,108456,COPACOL UBIRATA CL,Consumidor Livre,SUL,312.0,290.989427
,2024-01-30,108456,COPACOL UBIRATA CL,Consumidor Livre,SUL,312.0,317.171379
,2024-01-31,108456,COPACOL UBIRATA CL,Consumidor Livre,SUL,312.0,320.482797
,2024-02-01,108456,COPACOL UBIRATA CL,Consumidor Livre,SUL,312.0,322.550151
,2024-02-02,108456,COPACOL UBIRATA CL,Consumidor Livre,SUL,312.0,321.976043
,2024-02-03,108456,COPACOL UBIRATA CL,Consumidor Livre,SUL,312.0,324.375915
,2024-02-04,108456,COPACOL UBIRATA CL,Consumidor Livre,SUL,312.0,138.628725
,2024-02-05,108456,COPACOL UBIRATA CL,Consumidor Livre,SUL,312.0,290.092863
,2024-02-06,108456,COPACOL UBIRATA CL,Consumidor Livre,SUL,312.0,317.680493
,2024-02-07,108456,COPACOL UBIRATA CL,Consumidor Livre,SUL,312.0,320.49443
,2024-02-08,108456,COPACOL UBIRATA CL,Consumidor Livre,SUL,312.0,322.760994
,2024-02-09,108456,COPACOL UBIRATA CL,Consumidor Livre,SUL,312.0,325.730681
,2024-02-10,108456,COPACOL UBIRATA CL,Consumidor Livre,SUL,312.0,320.361743
,2024-02-11,108456,COPACOL UBIRATA CL,Consumidor Livre,SUL,312.0,140.367805
,2024-02-12,108456,COPACOL UBIRATA CL,Consumidor Livre,SUL,312.0,297.989792
,2024-02-13,108456,COPACOL UBIRATA CL,Consumidor Livre,SUL,312.0,335.650017
,2024-02-14,108456,COPACOL UBIRATA CL,Consumidor Livre,SUL,312.0,330.501942
,2024-02-15,108456,COPACOL UBIRATA CL,Consumidor Livre,SUL,312.0,329.687837
,2024-02-16,108456,COPACOL UBIRATA CL,Consumidor Livre,SUL,312.0,324.575652
,2024-02-17,108456,COPACOL UBIRATA CL,Consumidor Livre,SUL,312.0,323.139854
,2024-02-18,108456,COPACOL UBIRATA CL,Consumidor Livre,SUL,312.0,126.045415
,2024-02-19,108456,COPACOL UBIRATA CL,Consumidor Livre,SUL,312.0,304.925383
,2024-02-20,108456,COPACOL UBIRATA CL,Consumidor Livre,SUL,312.0,324.818408
,2024-02-21,108456,COPACOL UBIRATA CL,Consumidor Livre,SUL,312.0,319.896732
,2024-02-22,108456,COPACOL UBIRATA CL,Consumidor Livre,SUL,312.0,322.344245
,2024-02-23,108456,COPACOL UBIRATA CL,Consumidor Livre,SUL,312.0,327.25598
,2024-02-24,108456,COPACOL UBIRATA CL,Consumidor Livre,SUL,312.0,328.002212
,2024-02-25,108456,COPACOL UBIRATA CL,Consumidor Livre,SUL,312.0,148.001604
,2024-02-26,108456,COPACOL UBIRATA CL,Consumidor Livre,SUL,312.0,299.138068
,2024-02-27,108456,COPACOL UBIRATA CL,Consumidor Livre,SUL,312.0,325.05034
,2024-02-28,108456,COPACOL UBIRATA CL,Consumidor Livre,SUL,312.0,324.799961
,2024-02-29,108456,COPACOL UBIRATA CL,Consumidor Livre,SUL,312.0,323.023301
202403.0,2024-03-01,108456,COPACOL UBIRATA CL,Consumidor Livre,SUL,312.0,323.937176
202403.0,2024-03-02,108456,COPACOL UBIRATA CL,Consumidor Livre,SUL,312.0,323.003696
202403.0,2024-03-03,108456,COPACOL UBIRATA CL,Consumidor Livre,SUL,312.0,158.996462
202403.0,2024-03-04,108456,COPACOL UBIRATA CL,Consumidor Livre,SUL,312.0,295.586226
202403.0,2024-03-05,108456,COPACOL UBIRATA CL,Consumidor Livre,SUL,312.0,325.418554
202403.0,2024-03-06,108456,COPACOL UBIRATA CL,Consumidor Livre,SUL,312.0,326.484295
202403.0,2024-03-07,108456,COPACOL UBIRATA CL,Consumidor Livre,SUL,312.0,330.831984
202403.0,2024-03-08,108456,COPACOL UBIRATA CL,Consumidor Livre,SUL,312.0,330.554613
202403.0,2024-03-09,108456,COPACOL UBIRATA CL,Consumidor Livre,SUL,312.0,330.901112
202403.0,2024-03-10,108456,COPACOL UBIRATA CL,Consumidor Livre,SUL,312.0,151.629372
202403.0,2024-03-11,108456,COPACOL UBIRATA CL,Consumidor Livre,SUL,312.0,293.859042
202403.0,2024-03-12,108456,COPACOL UBIRATA CL,Consumidor Livre,SUL,312.0,321.561214
202403.0,2024-03-13,108456,COPACOL UBIRATA CL,Consumidor Livre,SUL,312.0,319.501394
202403.0,2024-03-14,108456,COPACOL UBIRATA CL,Consumidor Livre,SUL,312.0,323.386216
202403.0,2024-03-15,108456,COPACOL UBIRATA CL,Consumidor Livre,SUL,312.0,329.01849
202403.0,2024-03-16,108456,COPACOL UBIRATA CL,Consumidor Livre,SUL,312.0,334.347717
202403.0,2024-03-17,108456,COPACOL UBIRATA CL,Consumidor Livre,SUL,312.0,122.449574
202403.0,2024-03-18,108456,COPACOL UBIRATA CL,Consumidor Livre,SUL,312.0,309.758718
202403.0,2024-03-19,108456,COPACOL UBIRATA CL,Consumidor Livre,SUL,312.0,332.293601
202403.0,2024-03-20,108456,COPACOL UBIRATA CL,Consumidor Livre,SUL,312.0,332.022237
202403.0,2024-03-21,108456,COPACOL UBIRATA CL,Consumidor Livre,SUL,312.0,314.850262
202403.0,2024-03-22,108456,COPACOL UBIRATA CL,Consumidor Livre,SUL,312.0,321.191006
202403.0,2024-03-23,108456,COPACOL UBIRATA CL,Consumidor Livre,SUL,312.0,310.068791
202403.0,2024-03-24,108456,COPACOL UBIRATA CL,Consumidor Livre,SUL,312.0,129.769568
202403.0,2024-03-25,108456,COPACOL UBIRATA CL,Consumidor Livre,SUL,312.0,295.102063
202403.0,2024-03-26,108456,COPACOL UBIRATA CL,Consumidor Livre,SUL,312.0,318.361503
202403.0,2024-03-27,108456,COPACOL UBIRATA CL,Consumidor Livre,SUL,312.0,319.66832800000003
202403.0,2024-03-28,108456,COPACOL UBIRATA CL,Consumidor Livre,SUL,312.0,314.705432
202403.0,2024-03-29,108456,COPACOL UBIRATA CL,Consumidor Livre,SUL,312.0,125.155553
202403.0,2024-03-30,108456,COPACOL UBIRATA CL,Consumidor Livre,SUL,312.0,80.969879
202403.0,2024-03-31,108456,COPACOL UBIRATA CL,Consumidor Livre,SUL,312.0,83.580778
202404.0,2024-04-01,108456,COPACOL UBIRATA CL,Consumidor Livre,SUL,312.0,279.136459
202404.0,2024-04-02,108456,COPACOL UBIRATA CL,Consumidor Livre,SUL,312.0,319.015513
202404.0,2024-04-03,108456,COPACOL UBIRATA CL,Consumidor Livre,SUL,312.0,327.811726
202404.0,2024-04-04,108456,COPACOL UBIRATA CL,Consumidor Livre,SUL,312.0,325.309685
202404.0,2024-04-05,108456,COPACOL UBIRATA CL,Consumidor Livre,SUL,312.0,325.505784
202404.0,2024-04-06,108456,COPACOL UBIRATA CL,Consumidor Livre,SUL,312.0,322.155781
202404.0,2024-04-07,108456,COPACOL UBIRATA CL,Consumidor Livre,SUL,312.0,317.638428
202404.0,2024-04-08,108456,COPACOL UBIRATA CL,Consumidor Livre,SUL,312.0,324.121398
202404.0,2024-04-09,108456,COPACOL UBIRATA CL,Consumidor Livre,SUL,312.0,318.100103
202404.0,2024-04-10,108456,COPACOL UBIRATA CL,Consumidor Livre,SUL,312.0,325.749148
202404.0,2024-04-11,108456,COPACOL UBIRATA CL,Consumidor Livre,SUL,312.0,328.252084
202404.0,2024-04-12,108456,COPACOL UBIRATA CL,Consumidor Livre,SUL,312.0,318.230795
202404.0,2024-04-13,108456,COPACOL UBIRATA CL,Consumidor Livre,SUL,312.0,324.9404
202404.0,2024-04-14,108456,COPACOL UBIRATA CL,Consumidor Livre,SUL,312.0,124.190477
202404.0,2024-04-15,108456,COPACOL UBIRATA CL,Consumidor Livre,SUL,312.0,295.931779
202404.0,2024-04-16,108456,COPACOL UBIRATA CL,Consumidor Livre,SUL,312.0,315.110139
202404.0,2024-04-17,108456,COPACOL UBIRATA CL,Consumidor Livre,SUL,312.0,313.045953
202404.0,2024-04-18,108456,COPACOL UBIRATA CL,Consumidor Livre,SUL,312.0,303.94547
202404.0,2024-04-19,108456,COPACOL UBIRATA CL,Consumidor Livre,SUL,312.0,300.02366
202404.0,2024-04-20,108456,COPACOL UBIRATA CL,Consumidor Livre,SUL,312.0,304.858503
202404.0,2024-04-21,108456,COPACOL UBIRATA CL,Consumidor Livre,SUL,312.0,122.494749
202404.0,2024-04-22,108456,COPACOL UBIRATA CL,Consumidor Livre,SUL,312.0,287.30101
202404.0,2024-04-23,108456,COPACOL UBIRATA CL,Consumidor Livre,SUL,312.0,314.847904
202404.0,2024-04-24,108456,COPACOL UBIRATA CL,Consumidor Livre,SUL,312.0,313.397885
202404.0,2024-04-25,108456,COPACOL UBIRATA CL,Consumidor Livre,SUL,312.0,316.659556
202404.0,2024-04-26,108456,COPACOL UBIRATA CL,Consumidor Livre,SUL,312.0,320.695896
202404.0,2024-04-27,108456,COPACOL UBIRATA CL,Consumidor Livre,SUL,312.0,322.380951
202404.0,2024-04-28,108456,COPACOL UBIRATA CL,Consumidor Livre,SUL,312.0,122.276938
202404.0,2024-04-29,108456,COPACOL UBIRATA CL,Consumidor Livre,SUL,312.0,305.962832
202404.0,2024-04-30,108456,COPACOL UBIRATA CL,Consumidor Livre,SUL,312.0,319.444527
202405.0,2024-05-01,108456,COPACOL UBIRATA CL,Consumidor Livre,SUL,312.0,141.296843
202405.0,2024-05-02,108456,COPACOL UBIRATA CL,Consumidor Livre,SUL,312.0,292.81694
202405.0,2024-05-03,108456,COPACOL UBIRATA CL,Consumidor Livre,SUL,312.0,316.216775
202405.0,2024-05-04,108456,COPACOL UBIRATA CL,Consumidor Livre,SUL,312.0,316.586683
202405.0,2024-05-05,108456,COPACOL UBIRATA CL,Consumidor Livre,SUL,312.0,128.264562
202405.0,2024-05-06,108456,COPACOL UBIRATA CL,Consumidor Livre,SUL,312.0,286.219384
202405.0,2024-05-07,108456,COPACOL UBIRATA CL,Consumidor Livre,SUL,312.0,312.5912
202405.0,2024-05-08,108456,COPACOL UBIRATA CL,Consumidor Livre,SUL,312.0,318.457371
202405.0,2024-05-09,108456,COPACOL UBIRATA CL,Consumidor Livre,SUL,312.0,319.747974
202405.0,2024-05-10,108456,COPACOL UBIRATA CL,Consumidor Livre,SUL,312.0,319.738195
202405.0,2024-05-11,108456,COPACOL UBIRATA CL,Consumidor Livre,SUL,312.0,313.026031
202405.0,2024-05-12,108456,COPACOL UBIRATA CL,Consumidor Livre,SUL,312.0,130.801705
202405.0,2024-05-13,108456,COPACOL UBIRATA CL,Consumidor Livre,SUL,312.0,289.672216
202405.0,2024-05-14,108456,COPACOL UBIRATA CL,Consumidor Livre,SUL,312.0,306.072622
202405.0,2024-05-15,108456,COPACOL UBIRATA CL,Consumidor Livre,SUL,312.0,301.37043
202405.0,2024-05-16,108456,COPACOL UBIRATA CL,Consumidor Livre,SUL,312.0,311.318872
202405.0,2024-05-17,108456,COPACOL UBIRATA CL,Consumidor Livre,SUL,312.0,313.4747
202405.0,2024-05-18,108456,COPACOL UBIRATA CL,Consumidor Livre,SUL,312.0,308.973559
202405.0,2024-05-19,108456,COPACOL UBIRATA CL,Consumidor Livre,SUL,312.0,123.631726
202405.0,2024-05-20,108456,COPACOL UBIRATA CL,Consumidor Livre,SUL,312.0,272.175984
202405.0,2024-05-21,108456,COPACOL UBIRATA CL,Consumidor Livre,SUL,312.0,304.607538
202405.0,2024-05-22,108456,COPACOL UBIRATA CL,Consumidor Livre,SUL,312.0,308.301842
202405.0,2024-05-23,108456,COPACOL UBIRATA CL,Consumidor Livre,SUL,312.0,313.32317
202405.0,2024-05-24,108456,COPACOL UBIRATA CL,Consumidor Livre,SUL,312.0,308.671636
202405.0,2024-05-25,108456,COPACOL UBIRATA CL,Consumidor Livre,SUL,312.0,292.499367
202405.0,2024-05-26,108456,COPACOL UBIRATA CL,Consumidor Livre,SUL,312.0,117.052206
202405.0,2024-05-27,108456,COPACOL UBIRATA CL,Consumidor Livre,SUL,312.0,271.618384
202405.0,2024-05-28,108456,COPACOL UBIRATA CL,Consumidor Livre,SUL,312.0,290.257382
202405.0,2024-05-29,108456,COPACOL UBIRATA CL,Consumidor Livre,SUL,312.0,290.505338
202405.0,2024-05-30,108456,COPACOL UBIRATA CL,Consumidor Livre,SUL,312.0,116.025428
202405.0,2024-05-31,108456,COPACOL UBIRATA CL,Consumidor Livre,SUL,312.0,263.455294
202406.0,2024-06-01,108456,COPACOL UBIRATA CL,Consumidor Livre,SUL,312.0,293.828021
202406.0,2024-06-02,108456,COPACOL UBIRATA CL,Consumidor Livre,SUL,312.0,130.29763
202406.0,2024-06-03,108456,COPACOL UBIRATA CL,Consumidor Livre,SUL,312.0,270.208881
202406.0,2024-06-04,108456,COPACOL UBIRATA CL,Consumidor Livre,SUL,312.0,303.457683
202406.0,2024-06-05,108456,COPACOL UBIRATA CL,Consumidor Livre,SUL,312.0,305.529571
202406.0,2024-06-06,108456,COPACOL UBIRATA CL,Consumidor Livre,SUL,312.0,300.199941
202406.0,2024-06-07,108456,COPACOL UBIRATA CL,Consumidor Livre,SUL,312.0,301.463041
202406.0,2024-06-08,108456,COPACOL UBIRATA CL,Consumidor Livre,SUL,312.0,301.950448
202406.0,2024-06-09,108456,COPACOL UBIRATA CL,Consumidor Livre,SUL,312.0,118.981834
202406.0,2024-06-10,108456,COPACOL UBIRATA CL,Consumidor Livre,SUL,312.0,282.64901
202406.0,2024-06-11,108456,COPACOL UBIRATA CL,Consumidor Livre,SUL,312.0,302.129652
202406.0,2024-06-12,108456,COPACOL UBIRATA CL,Consumidor Livre,SUL,312.0,305.732073
202406.0,2024-06-13,108456,COPACOL UBIRATA CL,Consumidor Livre,SUL,312.0,119.299471
202406.0,2024-06-14,108456,COPACOL UBIRATA CL,Consumidor Livre,SUL,312.0,269.04863
202406.0,2024-06-15,108456,COPACOL UBIRATA CL,Consumidor Livre,SUL,312.0,306.111275
202406.0,2024-06-16,108456,COPACOL UBIRATA CL,Consumidor Livre,SUL,312.0,124.979402
202406.0,2024-06-17,108456,COPACOL UBIRATA CL,Consumidor Livre,SUL,312.0,280.576694
202406.0,2024-06-18,108456,COPACOL UBIRATA CL,Consumidor Livre,SUL,312.0,307.409482
202406.0,2024-06-19,108456,COPACOL UBIRATA CL,Consumidor Livre,SUL,312.0,304.395653
202406.0,2024-06-20,108456,COPACOL UBIRATA CL,Consumidor Livre,SUL,312.0,303.433956
202406.0,2024-06-21,108456,COPACOL UBIRATA CL,Consumidor Livre,SUL,312.0,303.02156
202406.0,2024-06-22,108456,COPACOL UBIRATA CL,Consumidor Livre,SUL,312.0,304.742595
202406.0,2024-06-23,108456,COPACOL UBIRATA CL,Consumidor Livre,SUL,312.0,119.825138
202406.0,2024-06-24,108456,COPACOL UBIRATA CL,Consumidor Livre,SUL,312.0,284.557296
202406.0,2024-06-25,108456,COPACOL UBIRATA CL,Consumidor Livre,SUL,312.0,310.586664
202406.0,2024-06-26,108456,COPACOL UBIRATA CL,Consumidor Livre,SUL,312.0,300.166184
202406.0,2024-06-27,108456,COPACOL UBIRATA CL,Consumidor Livre,SUL,312.0,287.349933
202406.0,2024-06-28,108456,COPACOL UBIRATA CL,Consumidor Livre,SUL,312.0,296.50093
202406.0,2024-06-29,108456,COPACOL UBIRATA CL,Consumidor Livre,SUL,312.0,290.45347
202406.0,2024-06-30,108456,COPACOL UBIRATA CL,Consumidor Livre,SUL,312.0,121.874371
202407.0,2024-07-01,108456,COPACOL UBIRATA CL,Consumidor Livre,SUL,312.0,257.022175
202407.0,2024-07-02,108456,COPACOL UBIRATA CL,Consumidor Livre,SUL,312.0,279.775793
202407.0,2024-07-03,108456,COPACOL UBIRATA CL,Consumidor Livre,SUL,312.0,298.096347
202407.0,2024-07-04,108456,COPACOL UBIRATA CL,Consumidor Livre,SUL,312.0,303.634152
202407.0,2024-07-05,108456,COPACOL UBIRATA CL,Consumidor Livre,SUL,312.0,299.780541
202407.0,2024-07-06,108456,COPACOL UBIRATA CL,Consumidor Livre,SUL,312.0,304.766817
202407.0,2024-07-07,108456,COPACOL UBIRATA CL,Consumidor Livre,SUL,312.0,122.444314
202407.0,2024-07-08,108456,COPACOL UBIRATA CL,Consumidor Livre,SUL,312.0,262.53912
202407.0,2024-07-09,108456,COPACOL UBIRATA CL,Consumidor Livre,SUL,312.0,298.656502
202407.0,2024-07-10,108456,COPACOL UBIRATA CL,Consumidor Livre,SUL,312.0,293.204945
202407.0,2024-07-11,108456,COPACOL UBIRATA CL,Consumidor Livre,SUL,312.0,294.85059
202407.0,2024-07-12,108456,COPACOL UBIRATA CL,Consumidor Livre,SUL,312.0,292.888268
202407.0,2024-07-13,108456,COPACOL UBIRATA CL,Consumidor Livre,SUL,312.0,294.889904
202407.0,2024-07-14,108456,COPACOL UBIRATA CL,Consumidor Livre,SUL,312.0,109.705421
202407.0,2024-07-15,108456,COPACOL UBIRATA CL,Consumidor Livre,SUL,312.0,258.183132
202407.0,2024-07-16,108456,COPACOL UBIRATA CL,Consumidor Livre,SUL,312.0,294.925712
202407.0,2024-07-17,108456,COPACOL UBIRATA CL,Consumidor Livre,SUL,312.0,296.908693
202407.0,2024-07-18,108456,COPACOL UBIRATA CL,Consumidor Livre,SUL,312.0,294.867594
202407.0,2024-07-19,108456,COPACOL UBIRATA CL,Consumidor Livre,SUL,312.0,296.264408
202407.0,2024-07-20,108456,COPACOL UBIRATA CL,Consumidor Livre,SUL,312.0,296.608186
202407.0,2024-07-21,108456,COPACOL UBIRATA CL,Consumidor Livre,SUL,312.0,110.881539
202407.0,2024-07-22,108456,COPACOL UBIRATA CL,Consumidor Livre,SUL,312.0,272.123846
202407.0,2024-07-23,108456,COPACOL UBIRATA CL,Consumidor Livre,SUL,312.0,291.919632
202407.0,2024-07-24,108456,COPACOL UBIRATA CL,Consumidor Livre,SUL,312.0,297.335807
202407.0,2024-07-25,108456,COPACOL UBIRATA CL,Consumidor Livre,SUL,312.0,297.119808
202407.0,2024-07-26,108456,COPACOL UBIRATA CL,Consumidor Livre,SUL,312.0,291.813847
202407.0,2024-07-27,108456,COPACOL UBIRATA CL,Consumidor Livre,SUL,312.0,296.603374
202407.0,2024-07-28,108456,COPACOL UBIRATA CL,Consumidor Livre,SUL,312.0,114.519845
202407.0,2024-07-29,108456,COPACOL UBIRATA CL,Consumidor Livre,SUL,312.0,270.597142
202407.0,2024-07-30,108456,COPACOL UBIRATA CL,Consumidor Livre,SUL,312.0,293.470509
202407.0,2024-07-31,108456,COPACOL UBIRATA CL,Consumidor Livre,SUL,312.0,295.849114
202408.0,2024-08-01,108456,COPACOL UBIRATA CL,Consumidor Livre,SUL,312.0,303.165316
202408.0,2024-08-02,108456,COPACOL UBIRATA CL,Consumidor Livre,SUL,312.0,306.64442
202408.0,2024-08-03,108456,COPACOL UBIRATA CL,Consumidor Livre,SUL,312.0,305.456825
202408.0,2024-08-04,108456,COPACOL UBIRATA CL,Consumidor Livre,SUL,312.0,117.865076
202408.0,2024-08-05,108456,COPACOL UBIRATA CL,Consumidor Livre,SUL,312.0,287.297108
202408.0,2024-08-06,108456,COPACOL UBIRATA CL,Consumidor Livre,SUL,312.0,303.793024
202408.0,2024-08-07,108456,COPACOL UBIRATA CL,Consumidor Livre,SUL,312.0,301.817183
202408.0,2024-08-08,108456,COPACOL UBIRATA CL,Consumidor Livre,SUL,312.0,303.691521
202408.0,2024-08-09,108456,COPACOL UBIRATA CL,Consumidor Livre,SUL,312.0,285.92188
202408.0,2024-08-10,108456,COPACOL UBIRATA CL,Consumidor Livre,SUL,312.0,117.798343
202408.0,2024-08-11,108456,COPACOL UBIRATA CL,Consumidor Livre,SUL,312.0,73.723373
202408.0,2024-08-12,108456,COPACOL UBIRATA CL,Consumidor Livre,SUL,312.0,239.901671
202408.0,2024-08-13,108456,COPACOL UBIRATA CL,Consumidor Livre,SUL,312.0,278.860739
202408.0,2024-08-14,108456,COPACOL UBIRATA CL,Consumidor Livre,SUL,312.0,286.265819
202408.0,2024-08-15,108456,COPACOL UBIRATA CL,Consumidor Livre,SUL,312.0,293.869979
202408.0,2024-08-16,108456,COPACOL UBIRATA CL,Consumidor Livre,SUL,312.0,296.303718
202408.0,2024-08-17,108456,COPACOL UBIRATA CL,Consumidor Livre,SUL,312.0,297.101842
202408.0,2024-08-18,108456,COPACOL UBIRATA CL,Consumidor Livre,SUL,312.0,118.79832
202408.0,2024-08-19,108456,COPACOL UBIRATA CL,Consumidor Livre,SUL,312.0,271.680993
202408.0,2024-08-20,108456,COPACOL UBIRATA CL,Consumidor Livre,SUL,312.0,303.583151
202408.0,2024-08-21,108456,COPACOL UBIRATA CL,Consumidor Livre,SUL,312.0,304.520149
202408.0,2024-08-22,108456,COPACOL UBIRATA CL,Consumidor Livre,SUL,312.0,292.975063
202408.0,2024-08-23,108456,COPACOL UBIRATA CL,Consumidor Livre,SUL,312.0,293.558671
202408.0,2024-08-24,108456,COPACOL UBIRATA CL,Consumidor Livre,SUL,312.0,292.203296
202408.0,2024-08-25,108456,COPACOL UBIRATA CL,Consumidor Livre,SUL,312.0,286.551673
202408.0,2024-08-26,108456,COPACOL UBIRATA CL,Consumidor Livre,SUL,312.0,292.64761
202408.0,2024-08-27,108456,COPACOL UBIRATA CL,Consumidor Livre,SUL,312.0,292.700589
202408.0,2024-08-28,108456,COPACOL UBIRATA CL,Consumidor Livre,SUL,312.0,285.447392
202408.0,2024-08-29,108456,COPACOL UBIRATA CL,Consumidor Livre,SUL,312.0,297.821428
202408.0,2024-08-30,108456,COPACOL UBIRATA CL,Consumidor Livre,SUL,312.0,298.480343
202408.0,2024-08-31,108456,COPACOL UBIRATA CL,Consumidor Livre,SUL,312.0,303.798888
202409.0,2024-09-01,108456,COPACOL UBIRATA CL,Consumidor Livre,SUL,312.0,307.716717
202409.0,2024-09-02,108456,COPACOL UBIRATA CL,Consumidor Livre,SUL,312.0,300.205737
202409.0,2024-09-03,108456,COPACOL UBIRATA CL,Consumidor Livre,SUL,312.0,300.982791
202409.0,2024-09-04,108456,COPACOL UBIRATA CL,Consumidor Livre,SUL,312.0,299.832587
202409.0,2024-09-05,108456,COPACOL UBIRATA CL,Consumidor Livre,SUL,312.0,303.195097
202409.0,2024-09-06,108456,COPACOL UBIRATA CL,Consumidor Livre,SUL,312.0,302.302316
202409.0,2024-09-07,108456,COPACOL UBIRATA CL,Consumidor Livre,SUL,312.0,309.427313
202409.0,2024-09-08,108456,COPACOL UBIRATA CL,Consumidor Livre,SUL,312.0,127.518658
202409.0,2024-09-09,108456,COPACOL UBIRATA CL,Consumidor Livre,SUL,312.0,284.467773
202409.0,2024-09-10,108456,COPACOL UBIRATA CL,Consumidor Livre,SUL,312.0,312.605147
202409.0,2024-09-11,108456,COPACOL UBIRATA CL,Consumidor Livre,SUL,312.0,315.126626
202409.0,2024-09-12,108456,COPACOL UBIRATA CL,Consumidor Livre,SUL,312.0,311.576513
202409.0,2024-09-13,108456,COPACOL UBIRATA CL,Consumidor Livre,SUL,312.0,316.431695
202409.0,2024-09-14,108456,COPACOL UBIRATA CL,Consumidor Livre,SUL,312.0,314.753812
202409.0,2024-09-15,108456,COPACOL UBIRATA CL,Consumidor Livre,SUL,312.0,123.087804
202409.0,2024-09-16,108456,COPACOL UBIRATA CL,Consumidor Livre,SUL,312.0,267.199091
202409.0,2024-09-17,108456,COPACOL UBIRATA CL,Consumidor Livre,SUL,312.0,293.387023
202409.0,2024-09-18,108456,COPACOL UBIRATA CL,Consumidor Livre,SUL,312.0,300.134776
202409.0,2024-09-19,108456,COPACOL UBIRATA CL,Consumidor Livre,SUL,312.0,311.625786
202409.0,2024-09-20,108456,COPACOL UBIRATA CL,Consumidor Livre,SUL,312.0,308.853032
202409.0,2024-09-21,108456,COPACOL UBIRATA CL,Consumidor Livre,SUL,312.0,314.821459
202409.0,2024-09-22,108456,COPACOL UBIRATA CL,Consumidor Livre,SUL,312.0,316.835687
202409.0,2024-09-23,108456,COPACOL UBIRATA CL,Consumidor Livre,SUL,312.0,324.031115
202409.0,2024-09-24,108456,COPACOL UBIRATA CL,Consumidor Livre,SUL,312.0,318.68081
202409.0,2024-09-25,108456,COPACOL UBIRATA CL,Consumidor Livre,SUL,312.0,313.170886
202409.0,2024-09-26,108456,COPACOL UBIRATA CL,Consumidor Livre,SUL,312.0,308.973091
202409.0,2024-09-27,108456,COPACOL UBIRATA CL,Consumidor Livre,SUL,312.0,307.74467
202409.0,2024-09-28,108456,COPACOL UBIRATA CL,Consumidor Livre,SUL,312.0,303.263907
202409.0,2024-09-29,108456,COPACOL UBIRATA CL,Consumidor Livre,SUL,312.0,120.648889
202409.0,2024-09-30,108456,COPACOL UBIRATA CL,Consumidor Livre,SUL,312.0,282.81221
202410.0,2024-10-01,108456,COPACOL UBIRATA CL,Consumidor Livre,SUL,312.0,316.262424
202410.0,2024-10-02,108456,COPACOL UBIRATA CL,Consumidor Livre,SUL,312.0,317.131346
202410.0,2024-10-03,108456,COPACOL UBIRATA CL,Consumidor Livre,SUL,312.0,320.490705
202410.0,2024-10-04,108456,COPACOL UBIRATA CL,Consumidor Livre,SUL,312.0,306.44975
202410.0,2024-10-05,108456,COPACOL UBIRATA CL,Consumidor Livre,SUL,312.0,306.632003
202410.0,2024-10-06,108456,COPACOL UBIRATA CL,Consumidor Livre,SUL,312.0,120.610804
202410.0,2024-10-07,108456,COPACOL UBIRATA CL,Consumidor Livre,SUL,312.0,280.869336
202410.0,2024-10-08,108456,COPACOL UBIRATA CL,Consumidor Livre,SUL,312.0,313.243522
202410.0,2024-10-09,108456,COPACOL UBIRATA CL,Consumidor Livre,SUL,312.0,317.419317
202410.0,2024-10-10,108456,COPACOL UBIRATA CL,Consumidor Livre,SUL,312.0,314.9167
202410.0,2024-10-11,108456,COPACOL UBIRATA CL,Consumidor Livre,SUL,312.0,311.042493
202410.0,2024-10-12,108456,COPACOL UBIRATA CL,Consumidor Livre,SUL,312.0,131.096789
202410.0,2024-10-13,108456,COPACOL UBIRATA CL,Consumidor Livre,SUL,312.0,77.127024
202410.0,2024-10-14,108456,COPACOL UBIRATA CL,Consumidor Livre,SUL,312.0,276.306906
202410.0,2024-10-15,108456,COPACOL UBIRATA CL,Consumidor Livre,SUL,312.0,314.541487
202410.0,2024-10-16,108456,COPACOL UBIRATA CL,Consumidor Livre,SUL,312.0,317.764846
202410.0,2024-10-17,108456,COPACOL UBIRATA CL,Consumidor Livre,SUL,312.0,316.740026
202410.0,2024-10-18,108456,COPACOL UBIRATA CL,Consumidor Livre,SUL,312.0,316.369022
202410.0,2024-10-19,108456,COPACOL UBIRATA CL,Consumidor Livre,SUL,312.0,310.1603
202410.0,2024-10-20,108456,COPACOL UBIRATA CL,Consumidor Livre,SUL,312.0,126.336545
202410.0,2024-10-21,108456,COPACOL UBIRATA CL,Consumidor Livre,SUL,312.0,287.950756
202410.0,2024-10-22,108456,COPACOL UBIRATA CL,Consumidor Livre,SUL,312.0,326.821209
202410.0,2024-10-23,108456,COPACOL UBIRATA CL,Consumidor Livre,SUL,312.0,331.525043
202410.0,2024-10-24,108456,COPACOL UBIRATA CL,Consumidor Livre,SUL,312.0,330.15747
202410.0,2024-10-25,108456,COPACOL UBIRATA CL,Consumidor Livre,SUL,312.0,326.360267
202410.0,2024-10-26,108456,COPACOL UBIRATA CL,Consumidor Livre,SUL,312.0,323.629324
202410.0,2024-10-27,108456,COPACOL UBIRATA CL,Consumidor Livre,SUL,312.0,135.156856
202410.0,2024-10-28,108456,COPACOL UBIRATA CL,Consumidor Livre,SUL,312.0,280.465429
202410.0,2024-10-29,108456,COPACOL UBIRATA CL,Consumidor Livre,SUL,312.0,330.049624
202410.0,2024-10-30,108456,COPACOL UBIRATA CL,Consumidor Livre,SUL,312.0,328.053996
202410.0,2024-10-31,108456,COPACOL UBIRATA CL,Consumidor Livre,SUL,312.0,321.603225
202411.0,2024-11-01,108456,COPACOL UBIRATA CL,Consumidor Livre,SUL,312.0,323.709797
202411.0,2024-11-02,108456,COPACOL UBIRATA CL,Consumidor Livre,SUL,312.0,140.14639
202411.0,2024-11-03,108456,COPACOL UBIRATA CL,Consumidor Livre,SUL,312.0,101.756452
202411.0,2024-11-04,108456,COPACOL UBIRATA CL,Consumidor Livre,SUL,312.0,88.783574
202411.0,2024-11-05,108456,COPACOL UBIRATA CL,Consumidor Livre,SUL,312.0,291.653707
202411.0,2024-11-06,108456,COPACOL UBIRATA CL,Consumidor Livre,SUL,312.0,330.285615
202411.0,2024-11-07,108456,COPACOL UBIRATA CL,Consumidor Livre,SUL,312.0,328.888523
202411.0,2024-11-08,108456,COPACOL UBIRATA CL,Consumidor Livre,SUL,312.0,329.150135
202411.0,2024-11-09,108456,COPACOL UBIRATA CL,Consumidor Livre,SUL,312.0,329.867317
202411.0,2024-11-10,108456,COPACOL UBIRATA CL,Consumidor Livre,SUL,312.0,145.947414
202411.0,2024-11-11,108456,COPACOL UBIRATA CL,Consumidor Livre,SUL,312.0,300.930888
202411.0,2024-11-12,108456,COPACOL UBIRATA CL,Consumidor Livre,SUL,312.0,314.658492
202411.0,2024-11-13,108456,COPACOL UBIRATA CL,Consumidor Livre,SUL,312.0,310.569136
202411.0,2024-11-14,108456,COPACOL UBIRATA CL,Consumidor Livre,SUL,312.0,315.989685
202411.0,2024-11-15,108456,COPACOL UBIRATA CL,Consumidor Livre,SUL,312.0,324.102858
202411.0,2024-11-16,108456,COPACOL UBIRATA CL,Consumidor Livre,SUL,312.0,331.236294
202411.0,2024-11-17,108456,COPACOL UBIRATA CL,Consumidor Livre,SUL,312.0,98.210693
202411.0,2024-11-18,108456,COPACOL UBIRATA CL,Consumidor Livre,SUL,312.0,302.414901
202411.0,2024-11-19,108456,COPACOL UBIRATA CL,Consumidor Livre,SUL,312.0,331.225018
202411.0,2024-11-20,108456,COPACOL UBIRATA CL,Consumidor Livre,SUL,312.0,146.121844
202411.0,2024-11-21,108456,COPACOL UBIRATA CL,Consumidor Livre,SUL,312.0,300.238807
202411.0,2024-11-22,108456,COPACOL UBIRATA CL,Consumidor Livre,SUL,312.0,331.527576
202411.0,2024-11-23,108456,COPACOL UBIRATA CL,Consumidor Livre,SUL,312.0,328.90602
202411.0,2024-11-24,108456,COPACOL UBIRATA CL,Consumidor Livre,SUL,312.0,133.838608
202411.0,2024-11-25,108456,COPACOL UBIRATA CL,Consumidor Livre,SUL,312.0,299.494559
202411.0,2024-11-26,108456,COPACOL UBIRATA CL,Consumidor Livre,SUL,312.0,335.561283
202411.0,2024-11-27,108456,COPACOL UBIRATA CL,Consumidor Livre,SUL,312.0,341.96913
202411.0,2024-11-28,108456,COPACOL UBIRATA CL,Consumidor Livre,SUL,312.0,331.786179
202411.0,2024-11-29,108456,COPACOL UBIRATA CL,Consumidor Livre,SUL,312.0,336.883734
202411.0,2024-11-30,108456,COPACOL UBIRATA CL,Consumidor Livre,SUL,312.0,334.03635
202412.0,2024-12-01,108456,COPACOL UBIRATA CL,Consumidor Livre,SUL,312.0,156.836271
202412.0,2024-12-02,108456,COPACOL UBIRATA CL,Consumidor Livre,SUL,312.0,306.691052
202412.0,2024-12-03,108456,COPACOL UBIRATA CL,Consumidor Livre,SUL,312.0,330.101221
202412.0,2024-12-04,108456,COPACOL UBIRATA CL,Consumidor Livre,SUL,312.0,327.2198
202412.0,2024-12-05,108456,COPACOL UBIRATA CL,Consumidor Livre,SUL,312.0,325.499203
202412.0,2024-12-06,108456,COPACOL UBIRATA CL,Consumidor Livre,SUL,312.0,332.953578
202412.0,2024-12-07,108456,COPACOL UBIRATA CL,Consumidor Livre,SUL,312.0,319.983183
202412.0,2024-12-08,108456,COPACOL UBIRATA CL,Consumidor Livre,SUL,312.0,140.021091
202412.0,2024-12-09,108456,COPACOL UBIRATA CL,Consumidor Livre,SUL,312.0,306.465107
202412.0,2024-12-10,108456,COPACOL UBIRATA CL,Consumidor Livre,SUL,312.0,334.046169
202412.0,2024-12-11,108456,COPACOL UBIRATA CL,Consumidor Livre,SUL,312.0,330.641521
202412.0,2024-12-12,108456,COPACOL UBIRATA CL,Consumidor Livre,SUL,312.0,326.044523
202412.0,2024-12-13,108456,COPACOL UBIRATA CL,Consumidor Livre,SUL,312.0,320.698765
202412.0,2024-12-14,108456,COPACOL UBIRATA CL,Consumidor Livre,SUL,312.0,325.052871
202412.0,2024-12-15,108456,COPACOL UBIRATA CL,Consumidor Livre,SUL,312.0,149.191628
202412.0,2024-12-16,108456,COPACOL UBIRATA CL,Consumidor Livre,SUL,312.0,288.819576
202412.0,2024-12-17,108456,COPACOL UBIRATA CL,Consumidor Livre,SUL,312.0,315.751837
202412.0,2024-12-18,108456,COPACOL UBIRATA CL,Consumidor Livre,SUL,312.0,327.504923
202412.0,2024-12-19,108456,COPACOL UBIRATA CL,Consumidor Livre,SUL,312.0,334.119833
202412.0,2024-12-20,108456,COPACOL UBIRATA CL,Consumidor Livre,SUL,312.0,325.884642
202412.0,2024-12-21,108456,COPACOL UBIRATA CL,Consumidor Livre,SUL,312.0,334.747408
202412.0,2024-12-22,108456,COPACOL UBIRATA CL,Consumidor Livre,SUL,312.0,140.196269
202412.0,2024-12-23,108456,COPACOL UBIRATA CL,Consumidor Livre,SUL,312.0,294.301769
202412.0,2024-12-24,108456,COPACOL UBIRATA CL,Consumidor Livre,SUL,312.0,144.018823
202412.0,2024-12-25,108456,COPACOL UBIRATA CL,Consumidor Livre,SUL,312.0,62.742467000000005
202412.0,2024-12-26,108456,COPACOL UBIRATA CL,Consumidor Livre,SUL,312.0,285.947474
202412.0,2024-12-27,108456,COPACOL UBIRATA CL,Consumidor Livre,SUL,312.0,319.384449
202412.0,2024-12-28,108456,COPACOL UBIRATA CL,Consumidor Livre,SUL,312.0,321.792474
202412.0,2024-12-29,108456,COPACOL UBIRATA CL,Consumidor Livre,SUL,312.0,138.266404
202412.0,2024-12-30,108456,COPACOL UBIRATA CL,Consumidor Livre,SUL,312.0,303.302981
202412.0,2024-12-31,108456,COPACOL UBIRATA CL,Consumidor Livre,SUL,312.0,139.981074
202501.0,2025-01-01,108456,COPACOL UBIRATA CL,Consumidor Livre,SUL,312.0,80.691363
202501.0,2025-01-02,108456,COPACOL UBIRATA CL,Consumidor Livre,SUL,312.0,292.712791
202501.0,2025-01-03,108456,COPACOL UBIRATA CL,Consumidor Livre,SUL,312.0,325.953356
202501.0,2025-01-04,108456,COPACOL UBIRATA CL,Consumidor Livre,SUL,312.0,318.683735
202501.0,2025-01-05,108456,COPACOL UBIRATA CL,Consumidor Livre,SUL,312.0,147.893998
202501.0,2025-01-06,108456,COPACOL UBIRATA CL,Consumidor Livre,SUL,312.0,293.263626
202501.0,2025-01-07,108456,COPACOL UBIRATA CL,Consumidor Livre,SUL,312.0,321.275836
202501.0,2025-01-08,108456,COPACOL UBIRATA CL,Consumidor Livre,SUL,312.0,327.452539
202501.0,2025-01-09,108456,COPACOL UBIRATA CL,Consumidor Livre,SUL,312.0,325.197325
202501.0,2025-01-10,108456,COPACOL UBIRATA CL,Consumidor Livre,SUL,312.0,328.430854
202501.0,2025-01-11,108456,COPACOL UBIRATA CL,Consumidor Livre,SUL,312.0,334.593908
202501.0,2025-01-12,108456,COPACOL UBIRATA CL,Consumidor Livre,SUL,312.0,144.431805
202501.0,2025-01-13,108456,COPACOL UBIRATA CL,Consumidor Livre,SUL,312.0,286.945465
202501.0,2025-01-14,108456,COPACOL UBIRATA CL,Consumidor Livre,SUL,312.0,327.329121
202501.0,2025-01-15,108456,COPACOL UBIRATA CL,Consumidor Livre,SUL,312.0,321.741987
202501.0,2025-01-16,108456,COPACOL UBIRATA CL,Consumidor Livre,SUL,312.0,327.116629
202501.0,2025-01-17,108456,COPACOL UBIRATA CL,Consumidor Livre,SUL,312.0,332.279776
202501.0,2025-01-18,108456,COPACOL UBIRATA CL,Consumidor Livre,SUL,312.0,334.229101
202501.0,2025-01-19,108456,COPACOL UBIRATA CL,Consumidor Livre,SUL,312.0,156.149439
202501.0,2025-01-20,108456,COPACOL UBIRATA CL,Consumidor Livre,SUL,312.0,301.86722
202501.0,2025-01-21,108456,COPACOL UBIRATA CL,Consumidor Livre,SUL,312.0,333.457749
202501.0,2025-01-22,108456,COPACOL UBIRATA CL,Consumidor Livre,SUL,312.0,337.179654
202501.0,2025-01-23,108456,COPACOL UBIRATA CL,Consumidor Livre,SUL,312.0,330.241456
202501.0,2025-01-24,108456,COPACOL UBIRATA CL,Consumidor Livre,SUL,312.0,329.142737
202501.0,2025-01-25,108456,COPACOL UBIRATA CL,Consumidor Livre,SUL,312.0,332.685645
202501.0,2025-01-26,108456,COPACOL UBIRATA CL,Consumidor Livre,SUL,312.0,128.331121
202501.0,2025-01-27,108456,COPACOL UBIRATA CL,Consumidor Livre,SUL,312.0,303.554225
202501.0,2025-01-28,108456,COPACOL UBIRATA CL,Consumidor Livre,SUL,312.0,329.576636
202501.0,2025-01-29,108456,COPACOL UBIRATA CL,Consumidor Livre,SUL,312.0,332.09336
202501.0,2025-01-30,108456,COPACOL UBIRATA CL,Consumidor Livre,SUL,312.0,334.258173
202501.0,2025-01-31,108456,COPACOL UBIRATA CL,Consumidor Livre,SUL,312.0,329.273363
202502.0,2025-02-01,108456,COPACOL UBIRATA CL,Consumidor Livre,SUL,343.20000000000005,333.823199
202502.0,2025-02-02,108456,COPACOL UBIRATA CL,Consumidor Livre,SUL,343.20000000000005,129.355413
202502.0,2025-02-03,108456,COPACOL UBIRATA CL,Consumidor Livre,SUL,343.20000000000005,317.634008
202502.0,2025-02-04,108456,COPACOL UBIRATA CL,Consumidor Livre,SUL,343.20000000000005,337.990349
202502.0,2025-02-05,108456,COPACOL UBIRATA CL,Consumidor Livre,SUL,343.20000000000005,339.739828
202502.0,2025-02-06,108456,COPACOL UBIRATA CL,Consumidor Livre,SUL,343.20000000000005,334.380703
202502.0,2025-02-07,108456,COPACOL UBIRATA CL,Consumidor Livre,SUL,343.20000000000005,334.664431
202502.0,2025-02-08,108456,COPACOL UBIRATA CL,Consumidor Livre,SUL,343.20000000000005,327.881581
202502.0,2025-02-09,108456,COPACOL UBIRATA CL,Consumidor Livre,SUL,343.20000000000005,145.391334
202502.0,2025-02-10,108456,COPACOL UBIRATA CL,Consumidor Livre,SUL,343.20000000000005,310.662318
202502.0,2025-02-11,108456,COPACOL UBIRATA CL,Consumidor Livre,SUL,343.20000000000005,336.755301
202502.0,2025-02-12,108456,COPACOL UBIRATA CL,Consumidor Livre,SUL,343.20000000000005,335.510273
202502.0,2025-02-13,108456,COPACOL UBIRATA CL,Consumidor Livre,SUL,343.20000000000005,335.557978
202502.0,2025-02-14,108456,COPACOL UBIRATA CL,Consumidor Livre,SUL,343.20000000000005,335.349386
202502.0,2025-02-15,108456,COPACOL UBIRATA CL,Consumidor Livre,SUL,343.20000000000005,336.78612400000003
202502.0,2025-02-16,108456,COPACOL UBIRATA CL,Consumidor Livre,SUL,343.20000000000005,162.056055
202502.0,2025-02-17,108456,COPACOL UBIRATA CL,Consumidor Livre,SUL,343.20000000000005,321.098207
202502.0,2025-02-18,108456,COPACOL UBIRATA CL,Consumidor Livre,SUL,343.20000000000005,332.901177
202502.0,2025-02-19,108456,COPACOL UBIRATA CL,Consumidor Livre,SUL,343.20000000000005,333.760755
202502.0,2025-02-20,108456,COPACOL UBIRATA CL,Consumidor Livre,SUL,343.20000000000005,335.896085
202502.0,2025-02-21,108456,COPACOL UBIRATA CL,Consumidor Livre,SUL,343.20000000000005,337.181535
202502.0,2025-02-22,108456,COPACOL UBIRATA CL,Consumidor Livre,SUL,343.20000000000005,332.440321
202502.0,2025-02-23,108456,COPACOL UBIRATA CL,Consumidor Livre,SUL,343.20000000000005,144.917044
202502.0,2025-02-24,108456,COPACOL UBIRATA CL,Consumidor Livre,SUL,343.20000000000005,313.825338
202502.0,2025-02-25,108456,COPACOL UBIRATA CL,Consumidor Livre,SUL,343.20000000000005,338.356542
202502.0,2025-02-26,108456,COPACOL UBIRATA CL,Consumidor Livre,SUL,343.20000000000005,335.238971
202502.0,2025-02-27,108456,COPACOL UBIRATA CL,Consumidor Livre,SUL,343.20000000000005,338.483551
202502.0,2025-02-28,108456,COPACOL UBIRATA CL,Consumidor Livre,SUL,343.20000000000005,337.47646000000003
202503.0,2025-03-01,108456,COPACOL UBIRATA CL,Consumidor Livre,SUL,343.20000000000005,336.548893
202503.0,2025-03-02,108456,COPACOL UBIRATA CL,Consumidor Livre,SUL,343.20000000000005,148.9851
202503.0,2025-03-03,108456,COPACOL UBIRATA CL,Consumidor Livre,SUL,343.20000000000005,317.336762
202503.0,2025-03-04,108456,COPACOL UBIRATA CL,Consumidor Livre,SUL,343.20000000000005,339.517094
202503.0,2025-03-05,108456,COPACOL UBIRATA CL,Consumidor Livre,SUL,343.20000000000005,343.079809
202503.0,2025-03-06,108456,COPACOL UBIRATA CL,Consumidor Livre,SUL,343.20000000000005,344.725505
202503.0,2025-03-07,108456,COPACOL UBIRATA CL,Consumidor Livre,SUL,343.20000000000005,337.655701
202503.0,2025-03-08,108456,COPACOL UBIRATA CL,Consumidor Livre,SUL,343.20000000000005,326.114851
202503.0,2025-03-09,108456,COPACOL UBIRATA CL,Consumidor Livre,SUL,343.20000000000005,152.313131
202503.0,2025-03-10,108456,COPACOL UBIRATA CL,Consumidor Livre,SUL,343.20000000000005,314.997191
202503.0,2025-03-11,108456,COPACOL UBIRATA CL,Consumidor Livre,SUL,343.20000000000005,338.42154
202503.0,2025-03-12,108456,COPACOL UBIRATA CL,Consumidor Livre,SUL,343.20000000000005,336.573064
202503.0,2025-03-13,108456,COPACOL UBIRATA CL,Consumidor Livre,SUL,343.20000000000005,334.690552
202503.0,2025-03-14,108456,COPACOL UBIRATA CL,Consumidor Livre,SUL,343.20000000000005,333.672927
202503.0,2025-03-15,108456,COPACOL UBIRATA CL,Consumidor Livre,SUL,343.20000000000005,330.57722
202503.0,2025-03-16,108456,COPACOL UBIRATA CL,Consumidor Livre,SUL,343.20000000000005,152.957265
202503.0,2025-03-17,108456,COPACOL UBIRATA CL,Consumidor Livre,SUL,343.20000000000005,308.122857
202503.0,2025-03-18,108456,COPACOL UBIRATA CL,Consumidor Livre,SUL,343.20000000000005,341.798926
202503.0,2025-03-19,108456,COPACOL UBIRATA CL,Consumidor Livre,SUL,343.20000000000005,332.06898
202503.0,2025-03-20,108456,COPACOL UBIRATA CL,Consumidor Livre,SUL,343.20000000000005,332.394758
202503.0,2025-03-21,108456,COPACOL UBIRATA CL,Consumidor Livre,SUL,343.20000000000005,330.720818
202503.0,2025-03-22,108456,COPACOL UBIRATA CL,Consumidor Livre,SUL,343.20000000000005,333.032672
202503.0,2025-03-23,108456,COPACOL UBIRATA CL,Consumidor Livre,SUL,343.20000000000005,148.93185400000002
202503.0,2025-03-24,108456,COPACOL UBIRATA CL,Consumidor Livre,SUL,343.20000000000005,311.14339
202503.0,2025-03-25,108456,COPACOL UBIRATA CL,Consumidor Livre,SUL,343.20000000000005,338.605411
202503.0,2025-03-26,108456,COPACOL UBIRATA CL,Consumidor Livre,SUL,343.20000000000005,342.592656
202503.0,2025-03-27,108456,COPACOL UBIRATA CL,Consumidor Livre,SUL,343.20000000000005,345.760749
202503.0,2025-03-28,108456,COPACOL UBIRATA CL,Consumidor Livre,SUL,343.20000000000005,343.258
202503.0,2025-03-29,108456,COPACOL UBIRATA CL,Consumidor Livre,SUL,343.20000000000005,150.285413
202503.0,2025-03-30,108456,COPACOL UBIRATA CL,Consumidor Livre,SUL,343.20000000000005,130.786646
202503.0,2025-03-31,108456,COPACOL UBIRATA CL,Consumidor Livre,SUL,343.20000000000005,304.633487
202504.0,2025-04-01,108456,COPACOL UBIRATA CL,Consumidor Livre,SUL,343.20000000000005,329.576308
202504.0,2025-04-02,108456,COPACOL UBIRATA CL,Consumidor Livre,SUL,343.20000000000005,340.507621
202504.0,2025-04-03,108456,COPACOL UBIRATA CL,Consumidor Livre,SUL,343.20000000000005,344.036007
202504.0,2025-04-04,108456,COPACOL UBIRATA CL,Consumidor Livre,SUL,343.20000000000005,331.10102
202504.0,2025-04-05,108456,COPACOL UBIRATA CL,Consumidor Livre,SUL,343.20000000000005,322.53905100000003
202504.0,2025-04-06,108456,COPACOL UBIRATA CL,Consumidor Livre,SUL,343.20000000000005,142.849257
202504.0,2025-04-07,108456,COPACOL UBIRATA CL,Consumidor Livre,SUL,343.20000000000005,299.228828
202504.0,2025-04-08,108456,COPACOL UBIRATA CL,Consumidor Livre,SUL,343.20000000000005,328.409282
202504.0,2025-04-09,108456,COPACOL UBIRATA CL,Consumidor Livre,SUL,343.20000000000005,328.681468
202504.0,2025-04-10,108456,COPACOL UBIRATA CL,Consumidor Livre,SUL,343.20000000000005,325.012421
202504.0,2025-04-11,108456,COPACOL UBIRATA CL,Consumidor Livre,SUL,343.20000000000005,324.003575
202504.0,2025-04-12,108456,COPACOL UBIRATA CL,Consumidor Livre,SUL,343.20000000000005,329.474711
202504.0,2025-04-13,108456,COPACOL UBIRATA CL,Consumidor Livre,SUL,343.20000000000005,139.325671
202504.0,2025-04-14,108456,COPACOL UBIRATA CL,Consumidor Livre,SUL,343.20000000000005,297.627477
202504.0,2025-04-15,108456,COPACOL UBIRATA CL,Consumidor Livre,SUL,343.20000000000005,325.030745
202504.0,2025-04-16,108456,COPACOL UBIRATA CL,Consumidor Livre,SUL,343.20000000000005,322.761454
202504.0,2025-04-17,108456,COPACOL UBIRATA CL,Consumidor Livre,SUL,343.20000000000005,324.270577
202504.0,2025-04-18,108456,COPACOL UBIRATA CL,Consumidor Livre,SUL,343.20000000000005,98.167685
202504.0,2025-04-19,108456,COPACOL UBIRATA CL,Consumidor Livre,SUL,343.20000000000005,85.807213
202504.0,2025-04-20,108456,COPACOL UBIRATA CL,Consumidor Livre,SUL,343.20000000000005,97.426957
202504.0,2025-04-21,108456,COPACOL UBIRATA CL,Consumidor Livre,SUL,343.20000000000005,291.521548
202504.0,2025-04-22,108456,COPACOL UBIRATA CL,Consumidor Livre,SUL,343.20000000000005,323.338467
202504.0,2025-04-23,108456,COPACOL UBIRATA CL,Consumidor Livre,SUL,343.20000000000005,319.286059
202504.0,2025-04-24,108456,COPACOL UBIRATA CL,Consumidor Livre,SUL,343.20000000000005,313.435958
202504.0,2025-04-25,108456,COPACOL UBIRATA CL,Consumidor Livre,SUL,343.20000000000005,318.217626
202504.0,2025-04-26,108456,COPACOL UBIRATA CL,Consumidor Livre,SUL,343.20000000000005,320.384888
202504.0,2025-04-27,108456,COPACOL UBIRATA CL,Consumidor Livre,SUL,343.20000000000005,123.36742
202504.0,2025-04-28,108456,COPACOL UBIRATA CL,Consumidor Livre,SUL,343.20000000000005,295.289396
202504.0,2025-04-29,108456,COPACOL UBIRATA CL,Consumidor Livre,SUL,343.20000000000005,304.386341
202504.0,2025-04-30,108456,COPACOL UBIRATA CL,Consumidor Livre,SUL,343.20000000000005,299.332327
202505.0,2025-05-01,108456,COPACOL UBIRATA CL,Consumidor Livre,SUL,343.20000000000005,121.984751
202505.0,2025-05-02,108456,COPACOL UBIRATA CL,Consumidor Livre,SUL,343.20000000000005,282.734293
202505.0,2025-05-03,108456,COPACOL UBIRATA CL,Consumidor Livre,SUL,343.20000000000005,313.66186600000003
202505.0,2025-05-04,108456,COPACOL UBIRATA CL,Consumidor Livre,SUL,343.20000000000005,129.949773
202505.0,2025-05-05,108456,COPACOL UBIRATA CL,Consumidor Livre,SUL,343.20000000000005,293.620995
202505.0,2025-05-06,108456,COPACOL UBIRATA CL,Consumidor Livre,SUL,343.20000000000005,318.586176
202505.0,2025-05-07,108456,COPACOL UBIRATA CL,Consumidor Livre,SUL,343.20000000000005,321.178927
202505.0,2025-05-08,108456,COPACOL UBIRATA CL,Consumidor Livre,SUL,343.20000000000005,321.483411
202505.0,2025-05-09,108456,COPACOL UBIRATA CL,Consumidor Livre,SUL,343.20000000000005,320.986012
202505.0,2025-05-10,108456,COPACOL UBIRATA CL,Consumidor Livre,SUL,343.20000000000005,316.065648
202505.0,2025-05-11,108456,COPACOL UBIRATA CL,Consumidor Livre,SUL,343.20000000000005,130.699455
202505.0,2025-05-12,108456,COPACOL UBIRATA CL,Consumidor Livre,SUL,343.20000000000005,285.081162
202505.0,2025-05-13,108456,COPACOL UBIRATA CL,Consumidor Livre,SUL,343.20000000000005,311.63038
202505.0,2025-05-14,108456,COPACOL UBIRATA CL,Consumidor Livre,SUL,343.20000000000005,317.265442
202505.0,2025-05-15,108456,COPACOL UBIRATA CL,Consumidor Livre,SUL,343.20000000000005,310.138302
202505.0,2025-05-16,108456,COPACOL UBIRATA CL,Consumidor Livre,SUL,343.20000000000005,313.228723
202505.0,2025-05-17,108456,COPACOL UBIRATA CL,Consumidor Livre,SUL,343.20000000000005,315.235233
202505.0,2025-05-18,108456,COPACOL UBIRATA CL,Consumidor Livre,SUL,343.20000000000005,129.240087
202505.0,2025-05-19,108456,COPACOL UBIRATA CL,Consumidor Livre,SUL,343.20000000000005,289.921907
202505.0,2025-05-20,108456,COPACOL UBIRATA CL,Consumidor Livre,SUL,343.20000000000005,319.234219
202505.0,2025-05-21,108456,COPACOL UBIRATA CL,Consumidor Livre,SUL,343.20000000000005,315.468573
202505.0,2025-05-22,108456,COPACOL UBIRATA CL,Consumidor Livre,SUL,343.20000000000005,311.733386
202505.0,2025-05-23,108456,COPACOL UBIRATA CL,Consumidor Livre,SUL,343.20000000000005,300.289706
202505.0,2025-05-24,108456,COPACOL UBIRATA CL,Consumidor Livre,SUL,343.20000000000005,304.536981
202505.0,2025-05-25,108456,COPACOL UBIRATA CL,Consumidor Livre,SUL,343.20000000000005,145.292171
202505.0,2025-05-26,108456,COPACOL UBIRATA CL,Consumidor Livre,SUL,343.20000000000005,284.07532
202505.0,2025-05-27,108456,COPACOL UBIRATA CL,Consumidor Livre,SUL,343.20000000000005,308.662843
202505.0,2025-05-28,108456,COPACOL UBIRATA CL,Consumidor Livre,SUL,343.20000000000005,304.822064
202505.0,2025-05-29,108456,COPACOL UBIRATA CL,Consumidor Livre,SUL,343.20000000000005,288.576399
202505.0,2025-05-30,108456,COPACOL UBIRATA CL,Consumidor Livre,SUL,343.20000000000005,288.393908
202505.0,2025-05-31,108456,COPACOL UBIRATA CL,Consumidor Livre,SUL,343.20000000000005,140.76222099999998
202506.0,2025-06-01,108456,COPACOL UBIRATA CL,Consumidor Livre,SUL,343.20000000000005,92.293439
202506.0,2025-06-02,108456,COPACOL UBIRATA CL,Consumidor Livre,SUL,343.20000000000005,260.993385
202506.0,2025-06-03,108456,COPACOL UBIRATA CL,Consumidor Livre,SUL,343.20000000000005,299.008244
202506.0,2025-06-04,108456,COPACOL UBIRATA CL,Consumidor Livre,SUL,343.20000000000005,309.444637
202506.0,2025-06-05,108456,COPACOL UBIRATA CL,Consumidor Livre,SUL,343.20000000000005,307.214972
202506.0,2025-06-06,108456,COPACOL UBIRATA CL,Consumidor Livre,SUL,343.20000000000005,309.783844
202506.0,2025-06-07,108456,COPACOL UBIRATA CL,Consumidor Livre,SUL,343.20000000000005,308.785295
202506.0,2025-06-08,108456,COPACOL UBIRATA CL,Consumidor Livre,SUL,343.20000000000005,133.107054
202506.0,2025-06-09,108456,COPACOL UBIRATA CL,Consumidor Livre,SUL,343.20000000000005,277.214468
202506.0,2025-06-10,108456,COPACOL UBIRATA CL,Consumidor Livre,SUL,343.20000000000005,297.383897
202506.0,2025-06-11,108456,COPACOL UBIRATA CL,Consumidor Livre,SUL,343.20000000000005,301.485114
202506.0,2025-06-12,108456,COPACOL UBIRATA CL,Consumidor Livre,SUL,343.20000000000005,286.848687
202506.0,2025-06-13,108456,COPACOL UBIRATA CL,Consumidor Livre,SUL,343.20000000000005,115.432639
202506.0,2025-06-14,108456,COPACOL UBIRATA CL,Consumidor Livre,SUL,343.20000000000005,66.105447
202506.0,2025-06-15,108456,COPACOL UBIRATA CL,Consumidor Livre,SUL,343.20000000000005,82.573731
202506.0,2025-06-16,108456,COPACOL UBIRATA CL,Consumidor Livre,SUL,343.20000000000005,278.841127
202506.0,2025-06-17,108456,COPACOL UBIRATA CL,Consumidor Livre,SUL,343.20000000000005,309.589986
202506.0,2025-06-18,108456,COPACOL UBIRATA CL,Consumidor Livre,SUL,343.20000000000005,305.199326
202506.0,2025-06-19,108456,COPACOL UBIRATA CL,Consumidor Livre,SUL,343.20000000000005,137.324984
202506.0,2025-06-20,108456,COPACOL UBIRATA CL,Consumidor Livre,SUL,343.20000000000005,283.467794
202506.0,2025-06-21,108456,COPACOL UBIRATA CL,Consumidor Livre,SUL,343.20000000000005,307.250734
202506.0,2025-06-22,108456,COPACOL UBIRATA CL,Consumidor Livre,SUL,343.20000000000005,129.428343
202506.0,2025-06-23,108456,COPACOL UBIRATA CL,Consumidor Livre,SUL,343.20000000000005,280.287263
202506.0,2025-06-24,108456,COPACOL UBIRATA CL,Consumidor Livre,SUL,343.20000000000005,288.082079
202506.0,2025-06-25,108456,COPACOL UBIRATA CL,Consumidor Livre,SUL,343.20000000000005,291.628878
202506.0,2025-06-26,108456,COPACOL UBIRATA CL,Consumidor Livre,SUL,343.20000000000005,302.127001
202506.0,2025-06-27,108456,COPACOL UBIRATA CL,Consumidor Livre,SUL,343.20000000000005,301.778054
202506.0,2025-06-28,108456,COPACOL UBIRATA CL,Consumidor Livre,SUL,343.20000000000005,309.427441
202506.0,2025-06-29,108456,COPACOL UBIRATA CL,Consumidor Livre,SUL,343.20000000000005,124.803074
202506.0,2025-06-30,108456,COPACOL UBIRATA CL,Consumidor Livre,SUL,343.20000000000005,278.690232
202507.0,2025-07-01,108456,COPACOL UBIRATA CL,Consumidor Livre,SUL,343.20000000000005,296.123924
202507.0,2025-07-02,108456,COPACOL UBIRATA CL,Consumidor Livre,SUL,343.20000000000005,297.529063
202507.0,2025-07-03,108456,COPACOL UBIRATA CL,Consumidor Livre,SUL,343.20000000000005,301.443799
202507.0,2025-07-04,108456,COPACOL UBIRATA CL,Consumidor Livre,SUL,343.20000000000005,295.952943
202507.0,2025-07-05,108456,COPACOL UBIRATA CL,Consumidor Livre,SUL,343.20000000000005,297.398402
202507.0,2025-07-06,108456,COPACOL UBIRATA CL,Consumidor Livre,SUL,343.20000000000005,126.484915
202507.0,2025-07-07,108456,COPACOL UBIRATA CL,Consumidor Livre,SUL,343.20000000000005,281.323174
202507.0,2025-07-08,108456,COPACOL UBIRATA CL,Consumidor Livre,SUL,343.20000000000005,298.027678
202507.0,2025-07-09,108456,COPACOL UBIRATA CL,Consumidor Livre,SUL,343.20000000000005,299.48199
202507.0,2025-07-10,108456,COPACOL UBIRATA CL,Consumidor Livre,SUL,343.20000000000005,295.070081
202507.0,2025-07-11,108456,COPACOL UBIRATA CL,Consumidor Livre,SUL,343.20000000000005,294.115487
202507.0,2025-07-12,108456,COPACOL UBIRATA CL,Consumidor Livre,SUL,343.20000000000005,304.123497
202507.0,2025-07-13,108456,COPACOL UBIRATA CL,Consumidor Livre,SUL,343.20000000000005,137.383657
202507.0,2025-07-14,108456,COPACOL UBIRATA CL,Consumidor Livre,SUL,343.20000000000005,284.460565
202507.0,2025-07-15,108456,COPACOL UBIRATA CL,Consumidor Livre,SUL,343.20000000000005,307.180153
202507.0,2025-07-16,108456,COPACOL UBIRATA CL,Consumidor Livre,SUL,343.20000000000005,307.088126
202507.0,2025-07-17,108456,COPACOL UBIRATA CL,Consumidor Livre,SUL,343.20000000000005,305.907936
202507.0,2025-07-18,108456,COPACOL UBIRATA CL,Consumidor Livre,SUL,343.20000000000005,293.598483
202507.0,2025-07-19,108456,COPACOL UBIRATA CL,Consumidor Livre,SUL,343.20000000000005,298.486906
202507.0,2025-07-20,108456,COPACOL UBIRATA CL,Consumidor Livre,SUL,343.20000000000005,134.056816
202507.0,2025-07-21,108456,COPACOL UBIRATA CL,Consumidor Livre,SUL,343.20000000000005,278.89969
202507.0,2025-07-22,108456,COPACOL UBIRATA CL,Consumidor Livre,SUL,343.20000000000005,301.22852
202507.0,2025-07-23,108456,COPACOL UBIRATA CL,Consumidor Livre,SUL,343.20000000000005,304.547722
202507.0,2025-07-24,108456,COPACOL UBIRATA CL,Consumidor Livre,SUL,343.20000000000005,301.112013
202507.0,2025-07-25,108456,COPACOL UBIRATA CL,Consumidor Livre,SUL,343.20000000000005,308.301448
202507.0,2025-07-26,108456,COPACOL UBIRATA CL,Consumidor Livre,SUL,343.20000000000005,312.220601
202507.0,2025-07-27,108456,COPACOL UBIRATA CL,Consumidor Livre,SUL,343.20000000000005,135.580182
202507.0,2025-07-28,108456,COPACOL UBIRATA CL,Consumidor Livre,SUL,343.20000000000005,274.849896
202507.0,2025-07-29,108456,COPACOL UBIRATA CL,Consumidor Livre,SUL,343.20000000000005,301.184532
202507.0,2025-07-30,108456,COPACOL UBIRATA CL,Consumidor Livre,SUL,343.20000000000005,297.065703
202507.0,2025-07-31,108456,COPACOL UBIRATA CL,Consumidor Livre,SUL,343.20000000000005,293.599561
202508.0,2025-08-01,108456,COPACOL UBIRATA CL,Consumidor Livre,SUL,343.20000000000005,300.149515
202508.0,2025-08-02,108456,COPACOL UBIRATA CL,Consumidor Livre,SUL,343.20000000000005,304.168172
202508.0,2025-08-03,108456,COPACOL UBIRATA CL,Consumidor Livre,SUL,343.20000000000005,133.560997
202508.0,2025-08-04,108456,COPACOL UBIRATA CL,Consumidor Livre,SUL,343.20000000000005,286.333509
202508.0,2025-08-05,108456,COPACOL UBIRATA CL,Consumidor Livre,SUL,343.20000000000005,307.454049
202508.0,2025-08-06,108456,COPACOL UBIRATA CL,Consumidor Livre,SUL,343.20000000000005,304.508025
202508.0,2025-08-07,108456,COPACOL UBIRATA CL,Consumidor Livre,SUL,343.20000000000005,298.26661
202508.0,2025-08-08,108456,COPACOL UBIRATA CL,Consumidor Livre,SUL,343.20000000000005,303.008319
202508.0,2025-08-09,108456,COPACOL UBIRATA CL,Consumidor Livre,SUL,343.20000000000005,102.144241
202508.0,2025-08-10,108456,COPACOL UBIRATA CL,Consumidor Livre,SUL,343.20000000000005,97.541256
202508.0,2025-08-11,108456,COPACOL UBIRATA CL,Consumidor Livre,SUL,343.20000000000005,262.360634
202508.0,2025-08-12,108456,COPACOL UBIRATA CL,Consumidor Livre,SUL,343.20000000000005,294.512427
202508.0,2025-08-13,108456,COPACOL UBIRATA CL,Consumidor Livre,SUL,343.20000000000005,297.722669
202508.0,2025-08-14,108456,COPACOL UBIRATA CL,Consumidor Livre,SUL,343.20000000000005,296.286428
202508.0,2025-08-15,108456,COPACOL UBIRATA CL,Consumidor Livre,SUL,343.20000000000005,296.277064
202508.0,2025-08-16,108456,COPACOL UBIRATA CL,Consumidor Livre,SUL,343.20000000000005,295.611366
202508.0,2025-08-17,108456,COPACOL UBIRATA CL,Consumidor Livre,SUL,343.20000000000005,90.401309
202508.0,2025-08-18,108456,COPACOL UBIRATA CL,Consumidor Livre,SUL,343.20000000000005,279.41287
202508.0,2025-08-19,108456,COPACOL UBIRATA CL,Consumidor Livre,SUL,343.20000000000005,306.94045
202508.0,2025-08-20,108456,COPACOL UBIRATA CL,Consumidor Livre,SUL,343.20000000000005,304.178479
202508.0,2025-08-21,108456,COPACOL UBIRATA CL,Consumidor Livre,SUL,343.20000000000005,306.666672
202508.0,2025-08-22,108456,COPACOL UBIRATA CL,Consumidor Livre,SUL,343.20000000000005,310.73729
202508.0,2025-08-23,108456,COPACOL UBIRATA CL,Consumidor Livre,SUL,343.20000000000005,309.515824
202508.0,2025-08-24,108456,COPACOL UBIRATA CL,Consumidor Livre,SUL,343.20000000000005,112.394985
202508.0,2025-08-25,108456,COPACOL UBIRATA CL,Consumidor Livre,SUL,343.20000000000005,283.832724
202508.0,2025-08-26,108456,COPACOL UBIRATA CL,Consumidor Livre,SUL,343.20000000000005,301.407414
202508.0,2025-08-27,108456,COPACOL UBIRATA CL,Consumidor Livre,SUL,343.20000000000005,305.485396
202508.0,2025-08-28,108456,COPACOL UBIRATA CL,Consumidor Livre,SUL,343.20000000000005,307.001791
202508.0,2025-08-29,108456,COPACOL UBIRATA CL,Consumidor Livre,SUL,343.20000000000005,310.560749
202508.0,2025-08-30,108456,COPACOL UBIRATA CL,Consumidor Livre,SUL,343.20000000000005,306.6491
202508.0,2025-08-31,108456,COPACOL UBIRATA CL,Consumidor Livre,SUL,343.20000000000005,94.285944
