MES_REFERENCIA,DATA,CODIGO_PERFIL_AGENTE,SIGLA_PERFIL_AGENTE,CLASSE_PERFIL_AGENTE,SUBMERCADO,CAPACIDADE_CARGA,CONSUMO_CARGA_ACL
,2023-08-01,103082,GAM,Consumidor Especial,SUL,3.3120000000000003,0.749539
,2023-08-02,103082,GAM,Consumidor Especial,SUL,3.3120000000000003,0.7702600000000001
,2023-08-03,103082,GAM,Consumidor Especial,SUL,3.3120000000000003,0.743077
,2023-08-04,103082,GAM,Consumidor Especial,SUL,3.3120000000000003,0.789219
,2023-08-05,103082,GAM,Consumidor Especial,SUL,3.3120000000000003,0.5565329999999999
,2023-08-06,103082,GAM,Consumidor Especial,SUL,3.3120000000000003,0.5664
,2023-08-07,103082,GAM,Consumidor Especial,SUL,3.3120000000000003,0.755887
,2023-08-08,103082,GAM,Consumidor Especial,SUL,3.3120000000000003,0.714513
,2023-08-09,103082,GAM,Consumidor Especial,SUL,3.3120000000000003,0.7053159999999999
,2023-08-10,103082,GAM,Consumidor Especial,SUL,3.3120000000000003,0.766228
,2023-08-11,103082,GAM,Consumidor Especial,SUL,3.3120000000000003,0.75
,2023-08-12,103082,GAM,Consumidor Especial,SUL,3.3120000000000003,0.554489
,2023-08-13,103082,GAM,Consumidor Especial,SUL,3.3120000000000003,0.549247
,2023-08-14,103082,GAM,Consumidor Especial,SUL,3.3120000000000003,0.735323
,2023-08-15,103082,GAM,Consumidor Especial,SUL,3.3120000000000003,0.734337
,2023-08-16,103082,GAM,Consumidor Especial,SUL,3.3120000000000003,0.82187
,2023-08-17,103082,GAM,Consumidor Especial,SUL,3.3120000000000003,0.858085
,2023-08-18,103082,GAM,Consumidor Especial,SUL,3.3120000000000003,0.949954
,2023-08-19,103082,GAM,Consumidor Especial,SUL,3.3120000000000003,0.55587
,2023-08-20,103082,GAM,Consumidor Especial,SUL,3.3120000000000003,0.560966
,2023-08-21,103082,GAM,Consumidor Especial,SUL,3.3120000000000003,0.781396
,2023-08-22,103082,GAM,Consumidor Especial,SUL,3.3120000000000003,0.868367
,2023-08-23,103082,GAM,Consumidor Especial,SUL,3.3120000000000003,1.020305
,2023-08-24,103082,GAM,Consumidor Especial,SUL,3.3120000000000003,0.744682
,2023-08-25,103082,GAM,Consumidor Especial,SUL,3.3120000000000003,0.698337
,2023-08-26,103082,GAM,Consumidor Especial,SUL,3.3120000000000003,0.566945
,2023-08-27,103082,GAM,Consumidor Especial,SUL,3.3120000000000003,0.551394
,2023-08-28,103082,GAM,Consumidor Especial,SUL,3.3120000000000003,0.758491
,2023-08-29,103082,GAM,Consumidor Especial,SUL,3.3120000000000003,0.736439
,2023-08-30,103082,GAM,Consumidor Especial,SUL,3.3120000000000003,0.769691
,2023-08-31,103082,GAM,Consumidor Especial,SUL,3.3120000000000003,0.855812
,2023-09-01,103082,GAM,Consumidor Especial,SUL,3.3120000000000003,0.7862709999999999
,2023-09-02,103082,GAM,Consumidor Especial,SUL,3.3120000000000003,0.576648
,2023-09-03,103082,GAM,Consumidor Especial,SUL,3.3120000000000003,0.579582
,2023-09-04,103082,GAM,Consumidor Especial,SUL,3.3120000000000003,0.802524
,2023-09-05,103082,GAM,Consumidor Especial,SUL,3.3120000000000003,0.74532
,2023-09-06,103082,GAM,Consumidor Especial,SUL,3.3120000000000003,0.7328749999999999
,2023-09-07,103082,GAM,Consumidor Especial,SUL,3.3120000000000003,0.572213
,2023-09-08,103082,GAM,Consumidor Especial,SUL,3.3120000000000003,0.724348
,2023-09-09,103082,GAM,Consumidor Especial,SUL,3.3120000000000003,0.570355
,2023-09-10,103082,GAM,Consumidor Especial,SUL,3.3120000000000003,0.577424
,2023-09-11,103082,GAM,Consumidor Especial,SUL,3.3120000000000003,0.950513
,2023-09-12,103082,GAM,Consumidor Especial,SUL,3.3120000000000003,0.994589
,2023-09-13,103082,GAM,Consumidor Especial,SUL,3.3120000000000003,0.816523
,2023-09-14,103082,GAM,Consumidor Especial,SUL,3.3120000000000003,0.768289
,2023-09-15,103082,GAM,Consumidor Especial,SUL,3.3120000000000003,0.720744
,2023-09-16,103082,GAM,Consumidor Especial,SUL,3.3120000000000003,0.604836
,2023-09-17,103082,GAM,Consumidor Especial,SUL,3.3120000000000003,0.643231
,2023-09-18,103082,GAM,Consumidor Especial,SUL,3.3120000000000003,1.186608
,2023-09-19,103082,GAM,Consumidor Especial,SUL,3.3120000000000003,0.871676
,2023-09-20,103082,GAM,Consumidor Especial,SUL,3.3120000000000003,1.031093
,2023-09-21,103082,GAM,Consumidor Especial,SUL,3.3120000000000003,1.087832
,2023-09-22,103082,GAM,Consumidor Especial,SUL,3.3120000000000003,0.851522
,2023-09-23,103082,GAM,Consumidor Especial,SUL,3.3120000000000003,0.610257
,2023-09-24,103082,GAM,Consumidor Especial,SUL,3.3120000000000003,0.613192
,2023-09-25,103082,GAM,Consumidor Especial,SUL,3.3120000000000003,0.759169
,2023-09-26,103082,GAM,Consumidor Especial,SUL,3.3120000000000003,0.786726
,2023-09-27,103082,GAM,Consumidor Especial,SUL,3.3120000000000003,0.776599
,2023-09-28,103082,GAM,Consumidor Especial,SUL,3.3120000000000003,0.766004
,2023-09-29,103082,GAM,Consumidor Especial,SUL,3.3120000000000003,0.788654
,2023-09-30,103082,GAM,Consumidor Especial,SUL,3.3120000000000003,0.605165
,2023-10-01,103082,GAM,Consumidor Especial,SUL,3.3120000000000003,0.596041
,2023-10-02,103082,GAM,Consumidor Especial,SUL,3.3120000000000003,0.75237
,2023-10-03,103082,GAM,Consumidor Especial,SUL,3.3120000000000003,0.793188
,2023-10-04,103082,GAM,Consumidor Especial,SUL,3.3120000000000003,0.783207
,2023-10-05,103082,GAM,Consumidor Especial,SUL,3.3120000000000003,0.737429
,2023-10-06,103082,GAM,Consumidor Especial,SUL,3.3120000000000003,0.71868
,2023-10-07,103082,GAM,Consumidor Especial,SUL,3.3120000000000003,0.586561
,2023-10-08,103082,GAM,Consumidor Especial,SUL,3.3120000000000003,0.56822
,2023-10-09,103082,GAM,Consumidor Especial,SUL,3.3120000000000003,0.730616
,2023-10-10,103082,GAM,Consumidor Especial,SUL,3.3120000000000003,0.7818620000000001
,2023-10-11,103082,GAM,Consumidor Especial,SUL,3.3120000000000003,0.822292
,2023-10-12,103082,GAM,Consumidor Especial,SUL,3.3120000000000003,0.574666
,2023-10-13,103082,GAM,Consumidor Especial,SUL,3.3120000000000003,0.705342
,2023-10-14,103082,GAM,Consumidor Especial,SUL,3.3120000000000003,0.574034
,2023-10-15,103082,GAM,Consumidor Especial,SUL,3.3120000000000003,0.591779
,2023-10-16,103082,GAM,Consumidor Especial,SUL,3.3120000000000003,0.649003
,2023-10-17,103082,GAM,Consumidor Especial,SUL,3.3120000000000003,0.743673
,2023-10-18,103082,GAM,Consumidor Especial,SUL,3.3120000000000003,0.697323
,2023-10-19,103082,GAM,Consumidor Especial,SUL,3.3120000000000003,0.6950850000000001
,2023-10-20,103082,GAM,Consumidor Especial,SUL,3.3120000000000003,0.7334579999999999
,2023-10-21,103082,GAM,Consumidor Especial,SUL,3.3120000000000003,0.650305
,2023-10-22,103082,GAM,Consumidor Especial,SUL,3.3120000000000003,0.6662399999999999
,2023-10-23,103082,GAM,Consumidor Especial,SUL,3.3120000000000003,0.980479
,2023-10-24,103082,GAM,Consumidor Especial,SUL,3.3120000000000003,1.098128
,2023-10-25,103082,GAM,Consumidor Especial,SUL,3.3120000000000003,0.899024
,2023-10-26,103082,GAM,Consumidor Especial,SUL,3.3120000000000003,0.792073
,2023-10-27,103082,GAM,Consumidor Especial,SUL,3.3120000000000003,0.821165
,2023-10-28,103082,GAM,Consumidor Especial,SUL,3.3120000000000003,0.599787
,2023-10-29,103082,GAM,Consumidor Especial,SUL,3.3120000000000003,0.6331330000000001
,2023-10-30,103082,GAM,Consumidor Especial,SUL,3.3120000000000003,0.986425
,2023-10-31,103082,GAM,Consumidor Especial,SUL,3.3120000000000003,0.8356439999999999
,2023-11-01,103082,GAM,Consumidor Especial,SUL,3.3120000000000003,0.805295
,2023-11-02,103082,GAM,Consumidor Especial,SUL,3.3120000000000003,0.593086
,2023-11-03,103082,GAM,Consumidor Especial,SUL,3.3120000000000003,0.745896
,2023-11-04,103082,GAM,Consumidor Especial,SUL,3.3120000000000003,0.596509
,2023-11-05,103082,GAM,Consumidor Especial,SUL,3.3120000000000003,0.601801
,2023-11-06,103082,GAM,Consumidor Especial,SUL,3.3120000000000003,0.85607
,2023-11-07,103082,GAM,Consumidor Especial,SUL,3.3120000000000003,0.927567
,2023-11-08,103082,GAM,Consumidor Especial,SUL,3.3120000000000003,1.094446
,2023-11-09,103082,GAM,Consumidor Especial,SUL,3.3120000000000003,0.992392
,2023-11-10,103082,GAM,Consumidor Especial,SUL,3.3120000000000003,0.863112
,2023-11-11,103082,GAM,Consumidor Especial,SUL,3.3120000000000003,0.624328
,2023-11-12,103082,GAM,Consumidor Especial,SUL,3.3120000000000003,0.639156
,2023-11-13,103082,GAM,Consumidor Especial,SUL,3.3120000000000003,0.975385
,2023-11-14,103082,GAM,Consumidor Especial,SUL,3.3120000000000003,0.914842
,2023-11-15,103082,GAM,Consumidor Especial,SUL,3.3120000000000003,0.615582
,2023-11-16,103082,GAM,Consumidor Especial,SUL,3.3120000000000003,0.883377
,2023-11-17,103082,GAM,Consumidor Especial,SUL,3.3120000000000003,0.819922
,2023-11-18,103082,GAM,Consumidor Especial,SUL,3.3120000000000003,0.611762
,2023-11-19,103082,GAM,Consumidor Especial,SUL,3.3120000000000003,0.59552
,2023-11-20,103082,GAM,Consumidor Especial,SUL,3.3120000000000003,0.937062
,2023-11-21,103082,GAM,Consumidor Especial,SUL,3.3120000000000003,1.191336
,2023-11-22,103082,GAM,Consumidor Especial,SUL,3.3120000000000003,1.138117
,2023-11-23,103082,GAM,Consumidor Especial,SUL,3.3120000000000003,0.92196
,2023-11-24,103082,GAM,Consumidor Especial,SUL,3.3120000000000003,0.933895
,2023-11-25,103082,GAM,Consumidor Especial,SUL,3.3120000000000003,0.608978
,2023-11-26,103082,GAM,Consumidor Especial,SUL,3.3120000000000003,0.629553
,2023-11-27,103082,GAM,Consumidor Especial,SUL,3.3120000000000003,1.165579
,2023-11-28,103082,GAM,Consumidor Especial,SUL,3.3120000000000003,0.852682
,2023-11-29,103082,GAM,Consumidor Especial,SUL,3.3120000000000003,0.910611
,2023-11-30,103082,GAM,Consumidor Especial,SUL,3.3120000000000003,1.132331
,2023-12-01,103082,GAM,Consumidor Especial,SUL,3.3120000000000003,1.006387
,2023-12-02,103082,GAM,Consumidor Especial,SUL,3.3120000000000003,0.649917
,2023-12-03,103082,GAM,Consumidor Especial,SUL,3.3120000000000003,0.671042
,2023-12-04,103082,GAM,Consumidor Especial,SUL,3.3120000000000003,1.012675
,2023-12-05,103082,GAM,Consumidor Especial,SUL,3.3120000000000003,0.849061
,2023-12-06,103082,GAM,Consumidor Especial,SUL,3.3120000000000003,1.192659
,2023-12-07,103082,GAM,Consumidor Especial,SUL,3.3120000000000003,1.214825
,2023-12-08,103082,GAM,Consumidor Especial,SUL,3.3120000000000003,0.909457
,2023-12-09,103082,GAM,Consumidor Especial,SUL,3.3120000000000003,0.613174
,2023-12-10,103082,GAM,Consumidor Especial,SUL,3.3120000000000003,0.61949
,2023-12-11,103082,GAM,Consumidor Especial,SUL,3.3120000000000003,0.994523
,2023-12-12,103082,GAM,Consumidor Especial,SUL,3.3120000000000003,1.202181
,2023-12-13,103082,GAM,Consumidor Especial,SUL,3.3120000000000003,1.324435
,2023-12-14,103082,GAM,Consumidor Especial,SUL,3.3120000000000003,1.34707
,2023-12-15,103082,GAM,Consumidor Especial,SUL,3.3120000000000003,1.317009
,2023-12-16,103082,GAM,Consumidor Especial,SUL,3.3120000000000003,0.679832
,2023-12-17,103082,GAM,Consumidor Especial,SUL,3.3120000000000003,0.709997
,2023-12-18,103082,GAM,Consumidor Especial,SUL,3.3120000000000003,1.576816
,2023-12-19,103082,GAM,Consumidor Especial,SUL,3.3120000000000003,1.382366
,2023-12-20,103082,GAM,Consumidor Especial,SUL,3.3120000000000003,1.403612
,2023-12-21,103082,GAM,Consumidor Especial,SUL,3.3120000000000003,1.411675
,2023-12-22,103082,GAM,Consumidor Especial,SUL,3.3120000000000003,1.366812
,2023-12-23,103082,GAM,Consumidor Especial,SUL,3.3120000000000003,0.704597
,2023-12-24,103082,GAM,Consumidor Especial,SUL,3.3120000000000003,0.699229
,2023-12-25,103082,GAM,Consumidor Especial,SUL,3.3120000000000003,0.718044
,2023-12-26,103082,GAM,Consumidor Especial,SUL,3.3120000000000003,1.242237
,2023-12-27,103082,GAM,Consumidor Especial,SUL,3.3120000000000003,1.180893
,2023-12-28,103082,GAM,Consumidor Especial,SUL,3.3120000000000003,1.318022
,2023-12-29,103082,GAM,Consumidor Especial,SUL,3.3120000000000003,1.092669
,2023-12-30,103082,GAM,Consumidor Especial,SUL,3.3120000000000003,0.683862
,2023-12-31,103082,GAM,Consumidor Especial,SUL,3.3120000000000003,0.679687
,2024-01-01,103082,GAM,Consumidor Especial,SUL,3.3120000000000003,0.696333
,2024-01-02,103082,GAM,Consumidor Especial,SUL,3.3120000000000003,1.069692
,2024-01-03,103082,GAM,Consumidor Especial,SUL,3.3120000000000003,0.968874
,2024-01-04,103082,GAM,Consumidor Especial,SUL,3.3120000000000003,1.053366
,2024-01-05,103082,GAM,Consumidor Especial,SUL,3.3120000000000003,0.942154
,2024-01-06,103082,GAM,Consumidor Especial,SUL,3.3120000000000003,0.699731
,2024-01-07,103082,GAM,Consumidor Especial,SUL,3.3120000000000003,0.721238
,2024-01-08,103082,GAM,Consumidor Especial,SUL,3.3120000000000003,1.447976
,2024-01-09,103082,GAM,Consumidor Especial,SUL,3.3120000000000003,1.383929
,2024-01-10,103082,GAM,Consumidor Especial,SUL,3.3120000000000003,1.463969
,2024-01-11,103082,GAM,Consumidor Especial,SUL,3.3120000000000003,1.298363
,2024-01-12,103082,GAM,Consumidor Especial,SUL,3.3120000000000003,1.00783
,2024-01-13,103082,GAM,Consumidor Especial,SUL,3.3120000000000003,0.67554
,2024-01-14,103082,GAM,Consumidor Especial,SUL,3.3120000000000003,0.721083
,2024-01-15,103082,GAM,Consumidor Especial,SUL,3.3120000000000003,1.238038
,2024-01-16,103082,GAM,Consumidor Especial,SUL,3.3120000000000003,1.46688
,2024-01-17,103082,GAM,Consumidor Especial,SUL,3.3120000000000003,1.303103
,2024-01-18,103082,GAM,Consumidor Especial,SUL,3.3120000000000003,1.167674
,2024-01-19,103082,GAM,Consumidor Especial,SUL,3.3120000000000003,1.185478
,2024-01-20,103082,GAM,Consumidor Especial,SUL,3.3120000000000003,0.7088840000000001
,2024-01-21,103082,GAM,Consumidor Especial,SUL,3.3120000000000003,0.714726
,2024-01-22,103082,GAM,Consumidor Especial,SUL,3.3120000000000003,1.012919
,2024-01-23,103082,GAM,Consumidor Especial,SUL,3.3120000000000003,1.033732
,2024-01-24,103082,GAM,Consumidor Especial,SUL,3.3120000000000003,0.872024
,2024-01-25,103082,GAM,Consumidor Especial,SUL,3.3120000000000003,1.002615
,2024-01-26,103082,GAM,Consumidor Especial,SUL,3.3120000000000003,0.848258
,2024-01-27,103082,GAM,Consumidor Especial,SUL,3.3120000000000003,0.639898
,2024-01-28,103082,GAM,Consumidor Especial,SUL,3.3120000000000003,0.658927
,2024-01-29,103082,GAM,Consumidor Especial,SUL,3.3120000000000003,1.092467
,2024-01-30,103082,GAM,Consumidor Especial,SUL,3.3120000000000003,1.194947
,2024-01-31,103082,GAM,Consumidor Especial,SUL,3.3120000000000003,1.321451
,2024-02-01,103082,GAM,Consumidor Especial,SUL,3.3120000000000003,1.279278
,2024-02-02,103082,GAM,Consumidor Especial,SUL,3.3120000000000003,0.978962
,2024-02-03,103082,GAM,Consumidor Especial,SUL,3.3120000000000003,0.658684
,2024-02-04,103082,GAM,Consumidor Especial,SUL,3.3120000000000003,0.698744
,2024-02-05,103082,GAM,Consumidor Especial,SUL,3.3120000000000003,1.467538
,2024-02-06,103082,GAM,Consumidor Especial,SUL,3.3120000000000003,1.44168
,2024-02-07,103082,GAM,Consumidor Especial,SUL,3.3120000000000003,1.295424
,2024-02-08,103082,GAM,Consumidor Especial,SUL,3.3120000000000003,1.513882
,2024-02-09,103082,GAM,Consumidor Especial,SUL,3.3120000000000003,1.44065
,2024-02-10,103082,GAM,Consumidor Especial,SUL,3.3120000000000003,0.701364
,2024-02-11,103082,GAM,Consumidor Especial,SUL,3.3120000000000003,0.732838
,2024-02-12,103082,GAM,Consumidor Especial,SUL,3.3120000000000003,0.954202
,2024-02-13,103082,GAM,Consumidor Especial,SUL,3.3120000000000003,0.677236
,2024-02-14,103082,GAM,Consumidor Especial,SUL,3.3120000000000003,1.085606
,2024-02-15,103082,GAM,Consumidor Especial,SUL,3.3120000000000003,1.097554
,2024-02-16,103082,GAM,Consumidor Especial,SUL,3.3120000000000003,1.101707
,2024-02-17,103082,GAM,Consumidor Especial,SUL,3.3120000000000003,0.679453
,2024-02-18,103082,GAM,Consumidor Especial,SUL,3.3120000000000003,0.704691
,2024-02-19,103082,GAM,Consumidor Especial,SUL,3.3120000000000003,1.304822
,2024-02-20,103082,GAM,Consumidor Especial,SUL,3.3120000000000003,1.328819
,2024-02-21,103082,GAM,Consumidor Especial,SUL,3.3120000000000003,1.391245
,2024-02-22,103082,GAM,Consumidor Especial,SUL,3.3120000000000003,1.35867
,2024-02-23,103082,GAM,Consumidor Especial,SUL,3.3120000000000003,1.335758
,2024-02-24,103082,GAM,Consumidor Especial,SUL,3.3120000000000003,0.700411
,2024-02-25,103082,GAM,Consumidor Especial,SUL,3.3120000000000003,0.7081689999999999
,2024-02-26,103082,GAM,Consumidor Especial,SUL,3.3120000000000003,1.129928
,2024-02-27,103082,GAM,Consumidor Especial,SUL,3.3120000000000003,1.302246
,2024-02-28,103082,GAM,Consumidor Especial,SUL,3.3120000000000003,1.332926
,2024-02-29,103082,GAM,Consumidor Especial,SUL,3.3120000000000003,1.334238
202403.0,2024-03-01,103082,GAM,Consumidor Especial,SUL,3.3120000000000003,1.188012
202403.0,2024-03-02,103082,GAM,Consumidor Especial,SUL,3.3120000000000003,0.752813
202403.0,2024-03-03,103082,GAM,Consumidor Especial,SUL,3.3120000000000003,0.778202
202403.0,2024-03-04,103082,GAM,Consumidor Especial,SUL,3.3120000000000003,1.139597
202403.0,2024-03-05,103082,GAM,Consumidor Especial,SUL,3.3120000000000003,0.978694
202403.0,2024-03-06,103082,GAM,Consumidor Especial,SUL,3.3120000000000003,1.096954
202403.0,2024-03-07,103082,GAM,Consumidor Especial,SUL,3.3120000000000003,1.256005
202403.0,2024-03-08,103082,GAM,Consumidor Especial,SUL,3.3120000000000003,1.08237
202403.0,2024-03-09,103082,GAM,Consumidor Especial,SUL,3.3120000000000003,0.706741
202403.0,2024-03-10,103082,GAM,Consumidor Especial,SUL,3.3120000000000003,0.736841
202403.0,2024-03-11,103082,GAM,Consumidor Especial,SUL,3.3120000000000003,1.276235
202403.0,2024-03-12,103082,GAM,Consumidor Especial,SUL,3.3120000000000003,1.312314
202403.0,2024-03-13,103082,GAM,Consumidor Especial,SUL,3.3120000000000003,1.275039
202403.0,2024-03-14,103082,GAM,Consumidor Especial,SUL,3.3120000000000003,1.34809
202403.0,2024-03-15,103082,GAM,Consumidor Especial,SUL,3.3120000000000003,1.259358
202403.0,2024-03-16,103082,GAM,Consumidor Especial,SUL,3.3120000000000003,0.711929
202403.0,2024-03-17,103082,GAM,Consumidor Especial,SUL,3.3120000000000003,0.741753
202403.0,2024-03-18,103082,GAM,Consumidor Especial,SUL,3.3120000000000003,1.396473
202403.0,2024-03-19,103082,GAM,Consumidor Especial,SUL,3.3120000000000003,1.413506
202403.0,2024-03-20,103082,GAM,Consumidor Especial,SUL,3.3120000000000003,1.525426
202403.0,2024-03-21,103082,GAM,Consumidor Especial,SUL,3.3120000000000003,1.367846
202403.0,2024-03-22,103082,GAM,Consumidor Especial,SUL,3.3120000000000003,1.029541
202403.0,2024-03-23,103082,GAM,Consumidor Especial,SUL,3.3120000000000003,0.683625
202403.0,2024-03-24,103082,GAM,Consumidor Especial,SUL,3.3120000000000003,0.700597
202403.0,2024-03-25,103082,GAM,Consumidor Especial,SUL,3.3120000000000003,1.245553
202403.0,2024-03-26,103082,GAM,Consumidor Especial,SUL,3.3120000000000003,1.210367
202403.0,2024-03-27,103082,GAM,Consumidor Especial,SUL,3.3120000000000003,1.214644
202403.0,2024-03-28,103082,GAM,Consumidor Especial,SUL,3.3120000000000003,1.23896
202403.0,2024-03-29,103082,GAM,Consumidor Especial,SUL,3.3120000000000003,0.7005399999999999
202403.0,2024-03-30,103082,GAM,Consumidor Especial,SUL,3.3120000000000003,0.7017100000000001
202403.0,2024-03-31,103082,GAM,Consumidor Especial,SUL,3.3120000000000003,0.721323
202404.0,2024-04-01,103082,GAM,Consumidor Especial,SUL,3.3120000000000003,1.309715
202404.0,2024-04-02,103082,GAM,Consumidor Especial,SUL,3.3120000000000003,1.262936
202404.0,2024-04-03,103082,GAM,Consumidor Especial,SUL,3.3120000000000003,1.185549
202404.0,2024-04-04,103082,GAM,Consumidor Especial,SUL,3.3120000000000003,1.351394
202404.0,2024-04-05,103082,GAM,Consumidor Especial,SUL,3.3120000000000003,1.07919
202404.0,2024-04-06,103082,GAM,Consumidor Especial,SUL,3.3120000000000003,0.686832
202404.0,2024-04-07,103082,GAM,Consumidor Especial,SUL,3.3120000000000003,0.69998
202404.0,2024-04-08,103082,GAM,Consumidor Especial,SUL,3.3120000000000003,1.19197
202404.0,2024-04-09,103082,GAM,Consumidor Especial,SUL,3.3120000000000003,1.308411
202404.0,2024-04-10,103082,GAM,Consumidor Especial,SUL,3.3120000000000003,1.230687
202404.0,2024-04-11,103082,GAM,Consumidor Especial,SUL,3.3120000000000003,1.028863
202404.0,2024-04-12,103082,GAM,Consumidor Especial,SUL,3.3120000000000003,0.905894
202404.0,2024-04-13,103082,GAM,Consumidor Especial,SUL,3.3120000000000003,0.706188
202404.0,2024-04-14,103082,GAM,Consumidor Especial,SUL,3.3120000000000003,0.716449
202404.0,2024-04-15,103082,GAM,Consumidor Especial,SUL,3.3120000000000003,1.04372
202404.0,2024-04-16,103082,GAM,Consumidor Especial,SUL,3.3120000000000003,1.123761
202404.0,2024-04-17,103082,GAM,Consumidor Especial,SUL,3.3120000000000003,1.084781
202404.0,2024-04-18,103082,GAM,Consumidor Especial,SUL,3.3120000000000003,1.04208
202404.0,2024-04-19,103082,GAM,Consumidor Especial,SUL,3.3120000000000003,0.938664
202404.0,2024-04-20,103082,GAM,Consumidor Especial,SUL,3.3120000000000003,0.694057
202404.0,2024-04-21,103082,GAM,Consumidor Especial,SUL,3.3120000000000003,0.706996
202404.0,2024-04-22,103082,GAM,Consumidor Especial,SUL,3.3120000000000003,1.023422
202404.0,2024-04-23,103082,GAM,Consumidor Especial,SUL,3.3120000000000003,1.190507
202404.0,2024-04-24,103082,GAM,Consumidor Especial,SUL,3.3120000000000003,1.030382
202404.0,2024-04-25,103082,GAM,Consumidor Especial,SUL,3.3120000000000003,0.920092
202404.0,2024-04-26,103082,GAM,Consumidor Especial,SUL,3.3120000000000003,0.982456
202404.0,2024-04-27,103082,GAM,Consumidor Especial,SUL,3.3120000000000003,0.7221879999999999
202404.0,2024-04-28,103082,GAM,Consumidor Especial,SUL,3.3120000000000003,0.710171
202404.0,2024-04-29,103082,GAM,Consumidor Especial,SUL,3.3120000000000003,0.950411
202404.0,2024-04-30,103082,GAM,Consumidor Especial,SUL,3.3120000000000003,0.933267
202405.0,2024-05-01,103082,GAM,Consumidor Especial,SUL,3.3120000000000003,0.713277
202405.0,2024-05-02,103082,GAM,Consumidor Especial,SUL,3.3120000000000003,0.84981
202405.0,2024-05-03,103082,GAM,Consumidor Especial,SUL,3.3120000000000003,0.839872
202405.0,2024-05-04,103082,GAM,Consumidor Especial,SUL,3.3120000000000003,0.670059
202405.0,2024-05-05,103082,GAM,Consumidor Especial,SUL,3.3120000000000003,0.691107
202405.0,2024-05-06,103082,GAM,Consumidor Especial,SUL,3.3120000000000003,1.196963
202405.0,2024-05-07,103082,GAM,Consumidor Especial,SUL,3.3120000000000003,1.264003
202405.0,2024-05-08,103082,GAM,Consumidor Especial,SUL,3.3120000000000003,1.36408
202405.0,2024-05-09,103082,GAM,Consumidor Especial,SUL,3.3120000000000003,0.976568
202405.0,2024-05-10,103082,GAM,Consumidor Especial,SUL,3.3120000000000003,0.869016
202405.0,2024-05-11,103082,GAM,Consumidor Especial,SUL,3.3120000000000003,0.680475
202405.0,2024-05-12,103082,GAM,Consumidor Especial,SUL,3.3120000000000003,0.680159
202405.0,2024-05-13,103082,GAM,Consumidor Especial,SUL,3.3120000000000003,0.868288
202405.0,2024-05-14,103082,GAM,Consumidor Especial,SUL,3.3120000000000003,0.833324
202405.0,2024-05-15,103082,GAM,Consumidor Especial,SUL,3.3120000000000003,0.79765
202405.0,2024-05-16,103082,GAM,Consumidor Especial,SUL,3.3120000000000003,0.812939
202405.0,2024-05-17,103082,GAM,Consumidor Especial,SUL,3.3120000000000003,0.789104
202405.0,2024-05-18,103082,GAM,Consumidor Especial,SUL,3.3120000000000003,0.648392
202405.0,2024-05-19,103082,GAM,Consumidor Especial,SUL,3.3120000000000003,0.658837
202405.0,2024-05-20,103082,GAM,Consumidor Especial,SUL,3.3120000000000003,0.8095330000000001
202405.0,2024-05-21,103082,GAM,Consumidor Especial,SUL,3.3120000000000003,0.837999
202405.0,2024-05-22,103082,GAM,Consumidor Especial,SUL,3.3120000000000003,0.895061
202405.0,2024-05-23,103082,GAM,Consumidor Especial,SUL,3.3120000000000003,1.011608
202405.0,2024-05-24,103082,GAM,Consumidor Especial,SUL,3.3120000000000003,0.806962
202405.0,2024-05-25,103082,GAM,Consumidor Especial,SUL,3.3120000000000003,0.646885
202405.0,2024-05-26,103082,GAM,Consumidor Especial,SUL,3.3120000000000003,0.644587
202405.0,2024-05-27,103082,GAM,Consumidor Especial,SUL,3.3120000000000003,0.7952359999999999
202405.0,2024-05-28,103082,GAM,Consumidor Especial,SUL,3.3120000000000003,0.809846
202405.0,2024-05-29,103082,GAM,Consumidor Especial,SUL,3.3120000000000003,0.809631
202405.0,2024-05-30,103082,GAM,Consumidor Especial,SUL,3.3120000000000003,0.639967
202405.0,2024-05-31,103082,GAM,Consumidor Especial,SUL,3.3120000000000003,0.75527
202406.0,2024-06-01,103082,GAM,Consumidor Especial,SUL,3.3120000000000003,0.645744
202406.0,2024-06-02,103082,GAM,Consumidor Especial,SUL,3.3120000000000003,0.651744
202406.0,2024-06-03,103082,GAM,Consumidor Especial,SUL,3.3120000000000003,0.795173
202406.0,2024-06-04,103082,GAM,Consumidor Especial,SUL,3.3120000000000003,0.813223
202406.0,2024-06-05,103082,GAM,Consumidor Especial,SUL,3.3120000000000003,0.819439
202406.0,2024-06-06,103082,GAM,Consumidor Especial,SUL,3.3120000000000003,0.885805
202406.0,2024-06-07,103082,GAM,Consumidor Especial,SUL,3.3120000000000003,0.904191
202406.0,2024-06-08,103082,GAM,Consumidor Especial,SUL,3.3120000000000003,0.660439
202406.0,2024-06-09,103082,GAM,Consumidor Especial,SUL,3.3120000000000003,0.668242
202406.0,2024-06-10,103082,GAM,Consumidor Especial,SUL,3.3120000000000003,0.972796
202406.0,2024-06-11,103082,GAM,Consumidor Especial,SUL,3.3120000000000003,0.913735
202406.0,2024-06-12,103082,GAM,Consumidor Especial,SUL,3.3120000000000003,1.016909
202406.0,2024-06-13,103082,GAM,Consumidor Especial,SUL,3.3120000000000003,0.969153
202406.0,2024-06-14,103082,GAM,Consumidor Especial,SUL,3.3120000000000003,0.895965
202406.0,2024-06-15,103082,GAM,Consumidor Especial,SUL,3.3120000000000003,0.678712
202406.0,2024-06-16,103082,GAM,Consumidor Especial,SUL,3.3120000000000003,0.667528
202406.0,2024-06-17,103082,GAM,Consumidor Especial,SUL,3.3120000000000003,0.837113
202406.0,2024-06-18,103082,GAM,Consumidor Especial,SUL,3.3120000000000003,0.86135
202406.0,2024-06-19,103082,GAM,Consumidor Especial,SUL,3.3120000000000003,0.833655
202406.0,2024-06-20,103082,GAM,Consumidor Especial,SUL,3.3120000000000003,0.853348
202406.0,2024-06-21,103082,GAM,Consumidor Especial,SUL,3.3120000000000003,0.821662
202406.0,2024-06-22,103082,GAM,Consumidor Especial,SUL,3.3120000000000003,0.670472
202406.0,2024-06-23,103082,GAM,Consumidor Especial,SUL,3.3120000000000003,0.6878
202406.0,2024-06-24,103082,GAM,Consumidor Especial,SUL,3.3120000000000003,0.799363
202406.0,2024-06-25,103082,GAM,Consumidor Especial,SUL,3.3120000000000003,0.810669
202406.0,2024-06-26,103082,GAM,Consumidor Especial,SUL,3.3120000000000003,0.790124
202406.0,2024-06-27,103082,GAM,Consumidor Especial,SUL,3.3120000000000003,0.806181
202406.0,2024-06-28,103082,GAM,Consumidor Especial,SUL,3.3120000000000003,0.78491
202406.0,2024-06-29,103082,GAM,Consumidor Especial,SUL,3.3120000000000003,0.632361
202406.0,2024-06-30,103082,GAM,Consumidor Especial,SUL,3.3120000000000003,0.640539
202407.0,2024-07-01,103082,GAM,Consumidor Especial,SUL,3.3120000000000003,0.850292
202407.0,2024-07-02,103082,GAM,Consumidor Especial,SUL,3.3120000000000003,0.84451
202407.0,2024-07-03,103082,GAM,Consumidor Especial,SUL,3.3120000000000003,0.830888
202407.0,2024-07-04,103082,GAM,Consumidor Especial,SUL,3.3120000000000003,0.82538
202407.0,2024-07-05,103082,GAM,Consumidor Especial,SUL,3.3120000000000003,0.773226
202407.0,2024-07-06,103082,GAM,Consumidor Especial,SUL,3.3120000000000003,0.6273299999999999
202407.0,2024-07-07,103082,GAM,Consumidor Especial,SUL,3.3120000000000003,0.627577
202407.0,2024-07-08,103082,GAM,Consumidor Especial,SUL,3.3120000000000003,0.867297
202407.0,2024-07-09,103082,GAM,Consumidor Especial,SUL,3.3120000000000003,0.899169
202407.0,2024-07-10,103082,GAM,Consumidor Especial,SUL,3.3120000000000003,0.887234
202407.0,2024-07-11,103082,GAM,Consumidor Especial,SUL,3.3120000000000003,0.888147
202407.0,2024-07-12,103082,GAM,Consumidor Especial,SUL,3.3120000000000003,0.776336
202407.0,2024-07-13,103082,GAM,Consumidor Especial,SUL,3.3120000000000003,0.633323
202407.0,2024-07-14,103082,GAM,Consumidor Especial,SUL,3.3120000000000003,0.641547
202407.0,2024-07-15,103082,GAM,Consumidor Especial,SUL,3.3120000000000003,0.800033
202407.0,2024-07-16,103082,GAM,Consumidor Especial,SUL,3.3120000000000003,0.798287
202407.0,2024-07-17,103082,GAM,Consumidor Especial,SUL,3.3120000000000003,0.816856
202407.0,2024-07-18,103082,GAM,Consumidor Especial,SUL,3.3120000000000003,0.793608
202407.0,2024-07-19,103082,GAM,Consumidor Especial,SUL,3.3120000000000003,0.77935
202407.0,2024-07-20,103082,GAM,Consumidor Especial,SUL,3.3120000000000003,0.639251
202407.0,2024-07-21,103082,GAM,Consumidor Especial,SUL,3.3120000000000003,0.641728
202407.0,2024-07-22,103082,GAM,Consumidor Especial,SUL,3.3120000000000003,0.799434
202407.0,2024-07-23,103082,GAM,Consumidor Especial,SUL,3.3120000000000003,0.832105
202407.0,2024-07-24,103082,GAM,Consumidor Especial,SUL,3.3120000000000003,0.819195
202407.0,2024-07-25,103082,GAM,Consumidor Especial,SUL,3.3120000000000003,0.846908
202407.0,2024-07-26,103082,GAM,Consumidor Especial,SUL,3.3120000000000003,0.805285
202407.0,2024-07-27,103082,GAM,Consumidor Especial,SUL,3.3120000000000003,0.65568
202407.0,2024-07-28,103082,GAM,Consumidor Especial,SUL,3.3120000000000003,0.657666
202407.0,2024-07-29,103082,GAM,Consumidor Especial,SUL,3.3120000000000003,0.7966530000000001
202407.0,2024-07-30,103082,GAM,Consumidor Especial,SUL,3.3120000000000003,0.812922
202407.0,2024-07-31,103082,GAM,Consumidor Especial,SUL,3.3120000000000003,0.845072
202408.0,2024-08-01,103082,GAM,Consumidor Especial,SUL,3.3120000000000003,0.887692
202408.0,2024-08-02,103082,GAM,Consumidor Especial,SUL,3.3120000000000003,0.8749210000000001
202408.0,2024-08-03,103082,GAM,Consumidor Especial,SUL,3.3120000000000003,0.69994
202408.0,2024-08-04,103082,GAM,Consumidor Especial,SUL,3.3120000000000003,0.703469
202408.0,2024-08-05,103082,GAM,Consumidor Especial,SUL,3.3120000000000003,0.881442
202408.0,2024-08-06,103082,GAM,Consumidor Especial,SUL,3.3120000000000003,0.902327
202408.0,2024-08-07,103082,GAM,Consumidor Especial,SUL,3.3120000000000003,0.948886
202408.0,2024-08-08,103082,GAM,Consumidor Especial,SUL,3.3120000000000003,0.8529370000000001
202408.0,2024-08-09,103082,GAM,Consumidor Especial,SUL,3.3120000000000003,0.816061
202408.0,2024-08-10,103082,GAM,Consumidor Especial,SUL,3.3120000000000003,0.677527
202408.0,2024-08-11,103082,GAM,Consumidor Especial,SUL,3.3120000000000003,0.685721
202408.0,2024-08-12,103082,GAM,Consumidor Especial,SUL,3.3120000000000003,0.833804
202408.0,2024-08-13,103082,GAM,Consumidor Especial,SUL,3.3120000000000003,0.845616
202408.0,2024-08-14,103082,GAM,Consumidor Especial,SUL,3.3120000000000003,0.823327
202408.0,2024-08-15,103082,GAM,Consumidor Especial,SUL,3.3120000000000003,0.83926
202408.0,2024-08-16,103082,GAM,Consumidor Especial,SUL,3.3120000000000003,0.81389
202408.0,2024-08-17,103082,GAM,Consumidor Especial,SUL,3.3120000000000003,0.682632
202408.0,2024-08-18,103082,GAM,Consumidor Especial,SUL,3.3120000000000003,0.690322
202408.0,2024-08-19,103082,GAM,Consumidor Especial,SUL,3.3120000000000003,0.967702
202408.0,2024-08-20,103082,GAM,Consumidor Especial,SUL,3.3120000000000003,0.8623000000000001
202408.0,2024-08-21,103082,GAM,Consumidor Especial,SUL,3.3120000000000003,0.933526
202408.0,2024-08-22,103082,GAM,Consumidor Especial,SUL,3.3120000000000003,1.036473
202408.0,2024-08-23,103082,GAM,Consumidor Especial,SUL,3.3120000000000003,0.820309
202408.0,2024-08-24,103082,GAM,Consumidor Especial,SUL,3.3120000000000003,0.661663
202408.0,2024-08-25,103082,GAM,Consumidor Especial,SUL,3.3120000000000003,0.667493
202408.0,2024-08-26,103082,GAM,Consumidor Especial,SUL,3.3120000000000003,0.82692
202408.0,2024-08-27,103082,GAM,Consumidor Especial,SUL,3.3120000000000003,0.841771
202408.0,2024-08-28,103082,GAM,Consumidor Especial,SUL,3.3120000000000003,0.828246
202408.0,2024-08-29,103082,GAM,Consumidor Especial,SUL,3.3120000000000003,0.852253
202408.0,2024-08-30,103082,GAM,Consumidor Especial,SUL,3.3120000000000003,0.835543
202408.0,2024-08-31,103082,GAM,Consumidor Especial,SUL,3.3120000000000003,0.697402
202409.0,2024-09-01,103082,GAM,Consumidor Especial,SUL,3.3120000000000003,0.699639
202409.0,2024-09-02,103082,GAM,Consumidor Especial,SUL,3.3120000000000003,0.856096
202409.0,2024-09-03,103082,GAM,Consumidor Especial,SUL,3.3120000000000003,0.893891
202409.0,2024-09-04,103082,GAM,Consumidor Especial,SUL,3.3120000000000003,0.888238
202409.0,2024-09-05,103082,GAM,Consumidor Especial,SUL,3.3120000000000003,0.861672
202409.0,2024-09-06,103082,GAM,Consumidor Especial,SUL,3.3120000000000003,0.830439
202409.0,2024-09-07,103082,GAM,Consumidor Especial,SUL,3.3120000000000003,0.70605
202409.0,2024-09-08,103082,GAM,Consumidor Especial,SUL,3.3120000000000003,0.709332
202409.0,2024-09-09,103082,GAM,Consumidor Especial,SUL,3.3120000000000003,0.8499180000000001
202409.0,2024-09-10,103082,GAM,Consumidor Especial,SUL,3.3120000000000003,1.079413
202409.0,2024-09-11,103082,GAM,Consumidor Especial,SUL,3.3120000000000003,1.225747
202409.0,2024-09-12,103082,GAM,Consumidor Especial,SUL,3.3120000000000003,0.936977
202409.0,2024-09-13,103082,GAM,Consumidor Especial,SUL,3.3120000000000003,0.892584
202409.0,2024-09-14,103082,GAM,Consumidor Especial,SUL,3.3120000000000003,0.704156
202409.0,2024-09-15,103082,GAM,Consumidor Especial,SUL,3.3120000000000003,0.690684
202409.0,2024-09-16,103082,GAM,Consumidor Especial,SUL,3.3120000000000003,0.834396
202409.0,2024-09-17,103082,GAM,Consumidor Especial,SUL,3.3120000000000003,0.873725
202409.0,2024-09-18,103082,GAM,Consumidor Especial,SUL,3.3120000000000003,0.889438
202409.0,2024-09-19,103082,GAM,Consumidor Especial,SUL,3.3120000000000003,0.99906
202409.0,2024-09-20,103082,GAM,Consumidor Especial,SUL,3.3120000000000003,0.869306
202409.0,2024-09-21,103082,GAM,Consumidor Especial,SUL,3.3120000000000003,0.693228
202409.0,2024-09-22,103082,GAM,Consumidor Especial,SUL,3.3120000000000003,0.708931
202409.0,2024-09-23,103082,GAM,Consumidor Especial,SUL,3.3120000000000003,1.004463
202409.0,2024-09-24,103082,GAM,Consumidor Especial,SUL,3.3120000000000003,1.037912
202409.0,2024-09-25,103082,GAM,Consumidor Especial,SUL,3.3120000000000003,1.102294
202409.0,2024-09-26,103082,GAM,Consumidor Especial,SUL,3.3120000000000003,1.001028
202409.0,2024-09-27,103082,GAM,Consumidor Especial,SUL,3.3120000000000003,0.885296
202409.0,2024-09-28,103082,GAM,Consumidor Especial,SUL,3.3120000000000003,0.697606
202409.0,2024-09-29,103082,GAM,Consumidor Especial,SUL,3.3120000000000003,0.714116
202409.0,2024-09-30,103082,GAM,Consumidor Especial,SUL,3.3120000000000003,1.096802
202410.0,2024-10-01,103082,GAM,Consumidor Especial,SUL,3.3120000000000003,1.100584
202410.0,2024-10-02,103082,GAM,Consumidor Especial,SUL,3.3120000000000003,0.852999
202410.0,2024-10-03,103082,GAM,Consumidor Especial,SUL,3.3120000000000003,0.81029
202410.0,2024-10-04,103082,GAM,Consumidor Especial,SUL,3.3120000000000003,0.838951
202410.0,2024-10-05,103082,GAM,Consumidor Especial,SUL,3.3120000000000003,0.71914
202410.0,2024-10-06,103082,GAM,Consumidor Especial,SUL,3.3120000000000003,0.727367
202410.0,2024-10-07,103082,GAM,Consumidor Especial,SUL,3.3120000000000003,0.960017
202410.0,2024-10-08,103082,GAM,Consumidor Especial,SUL,3.3120000000000003,0.919788
202410.0,2024-10-09,103082,GAM,Consumidor Especial,SUL,3.3120000000000003,0.884302
202410.0,2024-10-10,103082,GAM,Consumidor Especial,SUL,3.3120000000000003,0.87329
202410.0,2024-10-11,103082,GAM,Consumidor Especial,SUL,3.3120000000000003,0.978077
202410.0,2024-10-12,103082,GAM,Consumidor Especial,SUL,3.3120000000000003,0.712459
202410.0,2024-10-13,103082,GAM,Consumidor Especial,SUL,3.3120000000000003,0.715358
202410.0,2024-10-14,103082,GAM,Consumidor Especial,SUL,3.3120000000000003,0.963934
202410.0,2024-10-15,103082,GAM,Consumidor Especial,SUL,3.3120000000000003,0.929003
202410.0,2024-10-16,103082,GAM,Consumidor Especial,SUL,3.3120000000000003,0.985907
202410.0,2024-10-17,103082,GAM,Consumidor Especial,SUL,3.3120000000000003,1.016092
202410.0,2024-10-18,103082,GAM,Consumidor Especial,SUL,3.3120000000000003,0.905555
202410.0,2024-10-19,103082,GAM,Consumidor Especial,SUL,3.3120000000000003,0.681642
202410.0,2024-10-20,103082,GAM,Consumidor Especial,SUL,3.3120000000000003,0.73542
202410.0,2024-10-21,103082,GAM,Consumidor Especial,SUL,3.3120000000000003,1.091382
202410.0,2024-10-22,103082,GAM,Consumidor Especial,SUL,3.3120000000000003,1.373944
202410.0,2024-10-23,103082,GAM,Consumidor Especial,SUL,3.3120000000000003,1.33372
202410.0,2024-10-24,103082,GAM,Consumidor Especial,SUL,3.3120000000000003,1.340369
202410.0,2024-10-25,103082,GAM,Consumidor Especial,SUL,3.3120000000000003,1.188572
202410.0,2024-10-26,103082,GAM,Consumidor Especial,SUL,3.3120000000000003,0.69236
202410.0,2024-10-27,103082,GAM,Consumidor Especial,SUL,3.3120000000000003,0.690782
202410.0,2024-10-28,103082,GAM,Consumidor Especial,SUL,3.3120000000000003,1.120608
202410.0,2024-10-29,103082,GAM,Consumidor Especial,SUL,3.3120000000000003,1.218981
202410.0,2024-10-30,103082,GAM,Consumidor Especial,SUL,3.3120000000000003,1.168803
202410.0,2024-10-31,103082,GAM,Consumidor Especial,SUL,3.3120000000000003,1.158968
202411.0,2024-11-01,103082,GAM,Consumidor Especial,SUL,3.3120000000000003,1.139691
202411.0,2024-11-02,103082,GAM,Consumidor Especial,SUL,3.3120000000000003,0.739651
202411.0,2024-11-03,103082,GAM,Consumidor Especial,SUL,3.3120000000000003,0.735832
202411.0,2024-11-04,103082,GAM,Consumidor Especial,SUL,3.3120000000000003,1.182651
202411.0,2024-11-05,103082,GAM,Consumidor Especial,SUL,3.3120000000000003,1.279769
202411.0,2024-11-06,103082,GAM,Consumidor Especial,SUL,3.3120000000000003,1.300451
202411.0,2024-11-07,103082,GAM,Consumidor Especial,SUL,3.3120000000000003,1.232624
202411.0,2024-11-08,103082,GAM,Consumidor Especial,SUL,3.3120000000000003,1.022763
202411.0,2024-11-09,103082,GAM,Consumidor Especial,SUL,3.3120000000000003,0.696831
202411.0,2024-11-10,103082,GAM,Consumidor Especial,SUL,3.3120000000000003,0.703731
202411.0,2024-11-11,103082,GAM,Consumidor Especial,SUL,3.3120000000000003,1.356868
202411.0,2024-11-12,103082,GAM,Consumidor Especial,SUL,3.3120000000000003,1.024912
202411.0,2024-11-13,103082,GAM,Consumidor Especial,SUL,3.3120000000000003,1.033314
202411.0,2024-11-14,103082,GAM,Consumidor Especial,SUL,3.3120000000000003,1.013605
202411.0,2024-11-15,103082,GAM,Consumidor Especial,SUL,3.3120000000000003,0.717371
202411.0,2024-11-16,103082,GAM,Consumidor Especial,SUL,3.3120000000000003,0.730073
202411.0,2024-11-17,103082,GAM,Consumidor Especial,SUL,3.3120000000000003,0.743661
202411.0,2024-11-18,103082,GAM,Consumidor Especial,SUL,3.3120000000000003,1.330653
202411.0,2024-11-19,103082,GAM,Consumidor Especial,SUL,3.3120000000000003,1.139421
202411.0,2024-11-20,103082,GAM,Consumidor Especial,SUL,3.3120000000000003,0.708231
202411.0,2024-11-21,103082,GAM,Consumidor Especial,SUL,3.3120000000000003,0.905811
202411.0,2024-11-22,103082,GAM,Consumidor Especial,SUL,3.3120000000000003,0.873955
202411.0,2024-11-23,103082,GAM,Consumidor Especial,SUL,3.3120000000000003,0.710716
202411.0,2024-11-24,103082,GAM,Consumidor Especial,SUL,3.3120000000000003,0.716131
202411.0,2024-11-25,103082,GAM,Consumidor Especial,SUL,3.3120000000000003,1.171963
202411.0,2024-11-26,103082,GAM,Consumidor Especial,SUL,3.3120000000000003,1.248042
202411.0,2024-11-27,103082,GAM,Consumidor Especial,SUL,3.3120000000000003,1.431861
202411.0,2024-11-28,103082,GAM,Consumidor Especial,SUL,3.3120000000000003,1.33412
202411.0,2024-11-29,103082,GAM,Consumidor Especial,SUL,3.3120000000000003,1.074244
202411.0,2024-11-30,103082,GAM,Consumidor Especial,SUL,3.3120000000000003,0.779631
202412.0,2024-12-01,103082,GAM,Consumidor Especial,SUL,3.3120000000000003,0.816329
202412.0,2024-12-02,103082,GAM,Consumidor Especial,SUL,3.3120000000000003,1.118182
202412.0,2024-12-03,103082,GAM,Consumidor Especial,SUL,3.3120000000000003,1.10633
202412.0,2024-12-04,103082,GAM,Consumidor Especial,SUL,3.3120000000000003,1.02159
202412.0,2024-12-05,103082,GAM,Consumidor Especial,SUL,3.3120000000000003,1.230954
202412.0,2024-12-06,103082,GAM,Consumidor Especial,SUL,3.3120000000000003,1.406811
202412.0,2024-12-07,103082,GAM,Consumidor Especial,SUL,3.3120000000000003,0.721609
202412.0,2024-12-08,103082,GAM,Consumidor Especial,SUL,3.3120000000000003,0.698407
202412.0,2024-12-09,103082,GAM,Consumidor Especial,SUL,3.3120000000000003,0.908386
202412.0,2024-12-10,103082,GAM,Consumidor Especial,SUL,3.3120000000000003,0.985431
202412.0,2024-12-11,103082,GAM,Consumidor Especial,SUL,3.3120000000000003,1.042292
202412.0,2024-12-12,103082,GAM,Consumidor Especial,SUL,3.3120000000000003,1.221981
202412.0,2024-12-13,103082,GAM,Consumidor Especial,SUL,3.3120000000000003,1.205093
202412.0,2024-12-14,103082,GAM,Consumidor Especial,SUL,3.3120000000000003,0.744834
202412.0,2024-12-15,103082,GAM,Consumidor Especial,SUL,3.3120000000000003,0.733739
202412.0,2024-12-16,103082,GAM,Consumidor Especial,SUL,3.3120000000000003,1.221652
202412.0,2024-12-17,103082,GAM,Consumidor Especial,SUL,3.3120000000000003,1.162856
202412.0,2024-12-18,103082,GAM,Consumidor Especial,SUL,3.3120000000000003,1.214739
202412.0,2024-12-19,103082,GAM,Consumidor Especial,SUL,3.3120000000000003,1.393376
202412.0,2024-12-20,103082,GAM,Consumidor Especial,SUL,3.3120000000000003,1.361461
202412.0,2024-12-21,103082,GAM,Consumidor Especial,SUL,3.3120000000000003,0.742329
202412.0,2024-12-22,103082,GAM,Consumidor Especial,SUL,3.3120000000000003,0.722624
202412.0,2024-12-23,103082,GAM,Consumidor Especial,SUL,3.3120000000000003,1.003669
202412.0,2024-12-24,103082,GAM,Consumidor Especial,SUL,3.3120000000000003,0.887456
202412.0,2024-12-25,103082,GAM,Consumidor Especial,SUL,3.3120000000000003,0.722025
202412.0,2024-12-26,103082,GAM,Consumidor Especial,SUL,3.3120000000000003,1.108773
202412.0,2024-12-27,103082,GAM,Consumidor Especial,SUL,3.3120000000000003,1.100412
202412.0,2024-12-28,103082,GAM,Consumidor Especial,SUL,3.3120000000000003,0.715158
202412.0,2024-12-29,103082,GAM,Consumidor Especial,SUL,3.3120000000000003,0.713626
202412.0,2024-12-30,103082,GAM,Consumidor Especial,SUL,3.3120000000000003,1.066855
202412.0,2024-12-31,103082,GAM,Consumidor Especial,SUL,3.3120000000000003,0.89498
202501.0,2025-01-01,103082,GAM,Consumidor Especial,SUL,3.3120000000000003,0.759417
202501.0,2025-01-02,103082,GAM,Consumidor Especial,SUL,3.3120000000000003,1.143137
202501.0,2025-01-03,103082,GAM,Consumidor Especial,SUL,3.3120000000000003,1.233764
202501.0,2025-01-04,103082,GAM,Consumidor Especial,SUL,3.3120000000000003,0.726671
202501.0,2025-01-05,103082,GAM,Consumidor Especial,SUL,3.3120000000000003,0.7249369999999999
202501.0,2025-01-06,103082,GAM,Consumidor Especial,SUL,3.3120000000000003,1.238979
202501.0,2025-01-07,103082,GAM,Consumidor Especial,SUL,3.3120000000000003,1.192842
202501.0,2025-01-08,103082,GAM,Consumidor Especial,SUL,3.3120000000000003,1.108963
202501.0,2025-01-09,103082,GAM,Consumidor Especial,SUL,3.3120000000000003,1.108166
202501.0,2025-01-10,103082,GAM,Consumidor Especial,SUL,3.3120000000000003,1.163105
202501.0,2025-01-11,103082,GAM,Consumidor Especial,SUL,3.3120000000000003,0.706537
202501.0,2025-01-12,103082,GAM,Consumidor Especial,SUL,3.3120000000000003,0.712307
202501.0,2025-01-13,103082,GAM,Consumidor Especial,SUL,3.3120000000000003,1.126168
202501.0,2025-01-14,103082,GAM,Consumidor Especial,SUL,3.3120000000000003,1.212936
202501.0,2025-01-15,103082,GAM,Consumidor Especial,SUL,3.3120000000000003,1.309914
202501.0,2025-01-16,103082,GAM,Consumidor Especial,SUL,3.3120000000000003,1.245468
202501.0,2025-01-17,103082,GAM,Consumidor Especial,SUL,3.3120000000000003,1.079467
202501.0,2025-01-18,103082,GAM,Consumidor Especial,SUL,3.3120000000000003,0.747991
202501.0,2025-01-19,103082,GAM,Consumidor Especial,SUL,3.3120000000000003,0.766893
202501.0,2025-01-20,103082,GAM,Consumidor Especial,SUL,3.3120000000000003,1.482958
202501.0,2025-01-21,103082,GAM,Consumidor Especial,SUL,3.3120000000000003,1.437184
202501.0,2025-01-22,103082,GAM,Consumidor Especial,SUL,3.3120000000000003,1.493574
202501.0,2025-01-23,103082,GAM,Consumidor Especial,SUL,3.3120000000000003,1.506507
202501.0,2025-01-24,103082,GAM,Consumidor Especial,SUL,3.3120000000000003,1.370611
202501.0,2025-01-25,103082,GAM,Consumidor Especial,SUL,3.3120000000000003,0.762224
202501.0,2025-01-26,103082,GAM,Consumidor Especial,SUL,3.3120000000000003,0.754949
202501.0,2025-01-27,103082,GAM,Consumidor Especial,SUL,3.3120000000000003,1.422287
202501.0,2025-01-28,103082,GAM,Consumidor Especial,SUL,3.3120000000000003,1.402936
202501.0,2025-01-29,103082,GAM,Consumidor Especial,SUL,3.3120000000000003,1.199532
202501.0,2025-01-30,103082,GAM,Consumidor Especial,SUL,3.3120000000000003,1.159593
202501.0,2025-01-31,103082,GAM,Consumidor Especial,SUL,3.3120000000000003,1.186621
202502.0,2025-02-01,103082,GAM,Consumidor Especial,SUL,3.3120000000000003,0.7860199999999999
202502.0,2025-02-02,103082,GAM,Consumidor Especial,SUL,3.3120000000000003,0.778105
202502.0,2025-02-03,103082,GAM,Consumidor Especial,SUL,3.3120000000000003,1.529789
202502.0,2025-02-04,103082,GAM,Consumidor Especial,SUL,3.3120000000000003,1.576023
202502.0,2025-02-05,103082,GAM,Consumidor Especial,SUL,3.3120000000000003,1.538644
202502.0,2025-02-06,103082,GAM,Consumidor Especial,SUL,3.3120000000000003,1.635546
202502.0,2025-02-07,103082,GAM,Consumidor Especial,SUL,3.3120000000000003,1.089639
202502.0,2025-02-08,103082,GAM,Consumidor Especial,SUL,3.3120000000000003,0.698665
202502.0,2025-02-09,103082,GAM,Consumidor Especial,SUL,3.3120000000000003,0.711593
202502.0,2025-02-10,103082,GAM,Consumidor Especial,SUL,3.3120000000000003,1.549541
202502.0,2025-02-11,103082,GAM,Consumidor Especial,SUL,3.3120000000000003,1.632741
202502.0,2025-02-12,103082,GAM,Consumidor Especial,SUL,3.3120000000000003,1.580826
202502.0,2025-02-13,103082,GAM,Consumidor Especial,SUL,3.3120000000000003,1.456078
202502.0,2025-02-14,103082,GAM,Consumidor Especial,SUL,3.3120000000000003,1.162571
202502.0,2025-02-15,103082,GAM,Consumidor Especial,SUL,3.3120000000000003,0.721214
202502.0,2025-02-16,103082,GAM,Consumidor Especial,SUL,3.3120000000000003,0.736966
202502.0,2025-02-17,103082,GAM,Consumidor Especial,SUL,3.3120000000000003,1.516937
202502.0,2025-02-18,103082,GAM,Consumidor Especial,SUL,3.3120000000000003,1.256638
202502.0,2025-02-19,103082,GAM,Consumidor Especial,SUL,3.3120000000000003,1.128428
202502.0,2025-02-20,103082,GAM,Consumidor Especial,SUL,3.3120000000000003,1.295823
202502.0,2025-02-21,103082,GAM,Consumidor Especial,SUL,3.3120000000000003,1.253001
202502.0,2025-02-22,103082,GAM,Consumidor Especial,SUL,3.3120000000000003,0.748787
202502.0,2025-02-23,103082,GAM,Consumidor Especial,SUL,3.3120000000000003,0.739571
202502.0,2025-02-24,103082,GAM,Consumidor Especial,SUL,3.3120000000000003,1.503643
202502.0,2025-02-25,103082,GAM,Consumidor Especial,SUL,3.3120000000000003,1.609135
202502.0,2025-02-26,103082,GAM,Consumidor Especial,SUL,3.3120000000000003,1.643411
202502.0,2025-02-27,103082,GAM,Consumidor Especial,SUL,3.3120000000000003,1.574067
202502.0,2025-02-28,103082,GAM,Consumidor Especial,SUL,3.3120000000000003,1.350295
202503.0,2025-03-01,103082,GAM,Consumidor Especial,SUL,3.3120000000000003,0.740869
202503.0,2025-03-02,103082,GAM,Consumidor Especial,SUL,3.3120000000000003,0.7440100000000001
202503.0,2025-03-03,103082,GAM,Consumidor Especial,SUL,3.3120000000000003,0.964661
202503.0,2025-03-04,103082,GAM,Consumidor Especial,SUL,3.3120000000000003,0.781854
202503.0,2025-03-05,103082,GAM,Consumidor Especial,SUL,3.3120000000000003,1.625686
202503.0,2025-03-06,103082,GAM,Consumidor Especial,SUL,3.3120000000000003,1.606839
202503.0,2025-03-07,103082,GAM,Consumidor Especial,SUL,3.3120000000000003,1.516862
202503.0,2025-03-08,103082,GAM,Consumidor Especial,SUL,3.3120000000000003,0.739879
202503.0,2025-03-09,103082,GAM,Consumidor Especial,SUL,3.3120000000000003,0.724674
202503.0,2025-03-10,103082,GAM,Consumidor Especial,SUL,3.3120000000000003,1.189768
202503.0,2025-03-11,103082,GAM,Consumidor Especial,SUL,3.3120000000000003,1.224436
202503.0,2025-03-12,103082,GAM,Consumidor Especial,SUL,3.3120000000000003,1.052606
202503.0,2025-03-13,103082,GAM,Consumidor Especial,SUL,3.3120000000000003,1.154743
202503.0,2025-03-14,103082,GAM,Consumidor Especial,SUL,3.3120000000000003,1.063264
202503.0,2025-03-15,103082,GAM,Consumidor Especial,SUL,3.3120000000000003,0.70438
202503.0,2025-03-16,103082,GAM,Consumidor Especial,SUL,3.3120000000000003,0.706211
202503.0,2025-03-17,103082,GAM,Consumidor Especial,SUL,3.3120000000000003,1.131836
202503.0,2025-03-18,103082,GAM,Consumidor Especial,SUL,3.3120000000000003,1.242491
202503.0,2025-03-19,103082,GAM,Consumidor Especial,SUL,3.3120000000000003,1.240601
202503.0,2025-03-20,103082,GAM,Consumidor Especial,SUL,3.3120000000000003,1.187168
202503.0,2025-03-21,103082,GAM,Consumidor Especial,SUL,3.3120000000000003,1.165301
202503.0,2025-03-22,103082,GAM,Consumidor Especial,SUL,3.3120000000000003,0.689495
202503.0,2025-03-23,103082,GAM,Consumidor Especial,SUL,3.3120000000000003,0.703758
202503.0,2025-03-24,103082,GAM,Consumidor Especial,SUL,3.3120000000000003,1.361182
202503.0,2025-03-25,103082,GAM,Consumidor Especial,SUL,3.3120000000000003,1.261144
202503.0,2025-03-26,103082,GAM,Consumidor Especial,SUL,3.3120000000000003,1.192076
202503.0,2025-03-27,103082,GAM,Consumidor Especial,SUL,3.3120000000000003,1.295807
202503.0,2025-03-28,103082,GAM,Consumidor Especial,SUL,3.3120000000000003,1.308145
202503.0,2025-03-29,103082,GAM,Consumidor Especial,SUL,3.3120000000000003,0.720723
202503.0,2025-03-30,103082,GAM,Consumidor Especial,SUL,3.3120000000000003,0.742124
202503.0,2025-03-31,103082,GAM,Consumidor Especial,SUL,3.3120000000000003,1.489995
202504.0,2025-04-01,103082,GAM,Consumidor Especial,SUL,3.3120000000000003,1.320855
202504.0,2025-04-02,103082,GAM,Consumidor Especial,SUL,3.3120000000000003,1.383778
202504.0,2025-04-03,103082,GAM,Consumidor Especial,SUL,3.3120000000000003,1.182824
202504.0,2025-04-04,103082,GAM,Consumidor Especial,SUL,3.3120000000000003,0.961735
202504.0,2025-04-05,103082,GAM,Consumidor Especial,SUL,3.3120000000000003,0.699298
202504.0,2025-04-06,103082,GAM,Consumidor Especial,SUL,3.3120000000000003,0.699743
202504.0,2025-04-07,103082,GAM,Consumidor Especial,SUL,3.3120000000000003,0.92555
202504.0,2025-04-08,103082,GAM,Consumidor Especial,SUL,3.3120000000000003,0.897355
202504.0,2025-04-09,103082,GAM,Consumidor Especial,SUL,3.3120000000000003,0.976353
202504.0,2025-04-10,103082,GAM,Consumidor Especial,SUL,3.3120000000000003,0.96764
202504.0,2025-04-11,103082,GAM,Consumidor Especial,SUL,3.3120000000000003,0.95442
202504.0,2025-04-12,103082,GAM,Consumidor Especial,SUL,3.3120000000000003,0.714077
202504.0,2025-04-13,103082,GAM,Consumidor Especial,SUL,3.3120000000000003,0.71859
202504.0,2025-04-14,103082,GAM,Consumidor Especial,SUL,3.3120000000000003,0.975977
202504.0,2025-04-15,103082,GAM,Consumidor Especial,SUL,3.3120000000000003,1.027564
202504.0,2025-04-16,103082,GAM,Consumidor Especial,SUL,3.3120000000000003,1.081745
202504.0,2025-04-17,103082,GAM,Consumidor Especial,SUL,3.3120000000000003,1.069013
202504.0,2025-04-18,103082,GAM,Consumidor Especial,SUL,3.3120000000000003,0.731086
202504.0,2025-04-19,103082,GAM,Consumidor Especial,SUL,3.3120000000000003,0.720063
202504.0,2025-04-20,103082,GAM,Consumidor Especial,SUL,3.3120000000000003,0.704745
202504.0,2025-04-21,103082,GAM,Consumidor Especial,SUL,3.3120000000000003,0.703833
202504.0,2025-04-22,103082,GAM,Consumidor Especial,SUL,3.3120000000000003,0.916124
202504.0,2025-04-23,103082,GAM,Consumidor Especial,SUL,3.3120000000000003,1.008089
202504.0,2025-04-24,103082,GAM,Consumidor Especial,SUL,3.3120000000000003,0.965019
202504.0,2025-04-25,103082,GAM,Consumidor Especial,SUL,3.3120000000000003,1.024516
202504.0,2025-04-26,103082,GAM,Consumidor Especial,SUL,3.3120000000000003,0.728031
202504.0,2025-04-27,103082,GAM,Consumidor Especial,SUL,3.3120000000000003,0.733199
202504.0,2025-04-28,103082,GAM,Consumidor Especial,SUL,3.3120000000000003,0.998777
202504.0,2025-04-29,103082,GAM,Consumidor Especial,SUL,3.3120000000000003,0.924423
202504.0,2025-04-30,103082,GAM,Consumidor Especial,SUL,3.3120000000000003,0.932559
202505.0,2025-05-01,103082,GAM,Consumidor Especial,SUL,3.3120000000000003,0.704921
202505.0,2025-05-02,103082,GAM,Consumidor Especial,SUL,3.3120000000000003,0.892766
202505.0,2025-05-03,103082,GAM,Consumidor Especial,SUL,3.3120000000000003,0.711816
202505.0,2025-05-04,103082,GAM,Consumidor Especial,SUL,3.3120000000000003,0.712966
202505.0,2025-05-05,103082,GAM,Consumidor Especial,SUL,3.3120000000000003,1.015581
202505.0,2025-05-06,103082,GAM,Consumidor Especial,SUL,3.3120000000000003,1.056332
202505.0,2025-05-07,103082,GAM,Consumidor Especial,SUL,3.3120000000000003,1.056879
202505.0,2025-05-08,103082,GAM,Consumidor Especial,SUL,3.3120000000000003,1.090986
202505.0,2025-05-09,103082,GAM,Consumidor Especial,SUL,3.3120000000000003,1.037236
202505.0,2025-05-10,103082,GAM,Consumidor Especial,SUL,3.3120000000000003,0.588486
202505.0,2025-05-11,103082,GAM,Consumidor Especial,SUL,3.3120000000000003,0.619972
202505.0,2025-05-12,103082,GAM,Consumidor Especial,SUL,3.3120000000000003,0.87579
202505.0,2025-05-13,103082,GAM,Consumidor Especial,SUL,3.3120000000000003,0.901011
202505.0,2025-05-14,103082,GAM,Consumidor Especial,SUL,3.3120000000000003,0.987913
202505.0,2025-05-15,103082,GAM,Consumidor Especial,SUL,3.3120000000000003,0.998694
202505.0,2025-05-16,103082,GAM,Consumidor Especial,SUL,3.3120000000000003,0.990349
202505.0,2025-05-17,103082,GAM,Consumidor Especial,SUL,3.3120000000000003,0.546849
202505.0,2025-05-18,103082,GAM,Consumidor Especial,SUL,3.3120000000000003,0.703214
202505.0,2025-05-19,103082,GAM,Consumidor Especial,SUL,3.3120000000000003,0.993949
202505.0,2025-05-20,103082,GAM,Consumidor Especial,SUL,3.3120000000000003,0.978506
202505.0,2025-05-21,103082,GAM,Consumidor Especial,SUL,3.3120000000000003,0.896768
202505.0,2025-05-22,103082,GAM,Consumidor Especial,SUL,3.3120000000000003,0.85334
202505.0,2025-05-23,103082,GAM,Consumidor Especial,SUL,3.3120000000000003,0.846847
202505.0,2025-05-24,103082,GAM,Consumidor Especial,SUL,3.3120000000000003,0.714768
202505.0,2025-05-25,103082,GAM,Consumidor Especial,SUL,3.3120000000000003,0.720649
202505.0,2025-05-26,103082,GAM,Consumidor Especial,SUL,3.3120000000000003,0.910725
202505.0,2025-05-27,103082,GAM,Consumidor Especial,SUL,3.3120000000000003,1.00167
202505.0,2025-05-28,103082,GAM,Consumidor Especial,SUL,3.3120000000000003,0.902113
202505.0,2025-05-29,103082,GAM,Consumidor Especial,SUL,3.3120000000000003,0.870269
202505.0,2025-05-30,103082,GAM,Consumidor Especial,SUL,3.3120000000000003,0.836429
202505.0,2025-05-31,103082,GAM,Consumidor Especial,SUL,3.3120000000000003,0.697133
202506.0,2025-06-01,103082,GAM,Consumidor Especial,SUL,3.3120000000000003,0.695141
202506.0,2025-06-02,103082,GAM,Consumidor Especial,SUL,3.3120000000000003,0.866165
202506.0,2025-06-03,103082,GAM,Consumidor Especial,SUL,3.3120000000000003,0.910792
202506.0,2025-06-04,103082,GAM,Consumidor Especial,SUL,3.3120000000000003,0.960503
202506.0,2025-06-05,103082,GAM,Consumidor Especial,SUL,3.3120000000000003,0.899032
202506.0,2025-06-06,103082,GAM,Consumidor Especial,SUL,3.3120000000000003,0.8492500000000001
202506.0,2025-06-07,103082,GAM,Consumidor Especial,SUL,3.3120000000000003,0.71331
202506.0,2025-06-08,103082,GAM,Consumidor Especial,SUL,3.3120000000000003,0.7141959999999999
202506.0,2025-06-09,103082,GAM,Consumidor Especial,SUL,3.3120000000000003,0.858943
202506.0,2025-06-10,103082,GAM,Consumidor Especial,SUL,3.3120000000000003,0.870816
202506.0,2025-06-11,103082,GAM,Consumidor Especial,SUL,3.3120000000000003,0.86356
202506.0,2025-06-12,103082,GAM,Consumidor Especial,SUL,3.3120000000000003,0.868556
202506.0,2025-06-13,103082,GAM,Consumidor Especial,SUL,3.3120000000000003,0.842778
202506.0,2025-06-14,103082,GAM,Consumidor Especial,SUL,3.3120000000000003,0.717977
202506.0,2025-06-15,103082,GAM,Consumidor Especial,SUL,3.3120000000000003,0.715242
202506.0,2025-06-16,103082,GAM,Consumidor Especial,SUL,3.3120000000000003,0.861626
202506.0,2025-06-17,103082,GAM,Consumidor Especial,SUL,3.3120000000000003,0.925688
202506.0,2025-06-18,103082,GAM,Consumidor Especial,SUL,3.3120000000000003,0.906979
202506.0,2025-06-19,103082,GAM,Consumidor Especial,SUL,3.3120000000000003,0.722494
202506.0,2025-06-20,103082,GAM,Consumidor Especial,SUL,3.3120000000000003,0.885455
202506.0,2025-06-21,103082,GAM,Consumidor Especial,SUL,3.3120000000000003,0.71374
202506.0,2025-06-22,103082,GAM,Consumidor Especial,SUL,3.3120000000000003,0.712572
202506.0,2025-06-23,103082,GAM,Consumidor Especial,SUL,3.3120000000000003,0.869797
202506.0,2025-06-24,103082,GAM,Consumidor Especial,SUL,3.3120000000000003,0.876641
202506.0,2025-06-25,103082,GAM,Consumidor Especial,SUL,3.3120000000000003,0.880534
202506.0,2025-06-26,103082,GAM,Consumidor Especial,SUL,3.3120000000000003,0.896923
202506.0,2025-06-27,103082,GAM,Consumidor Especial,SUL,3.3120000000000003,0.875078
202506.0,2025-06-28,103082,GAM,Consumidor Especial,SUL,3.3120000000000003,0.706321
202506.0,2025-06-29,103082,GAM,Consumidor Especial,SUL,3.3120000000000003,0.715429
202506.0,2025-06-30,103082,GAM,Consumidor Especial,SUL,3.3120000000000003,0.924056
202507.0,2025-07-01,103082,GAM,Consumidor Especial,SUL,3.3120000000000003,0.916124
202507.0,2025-07-02,103082,GAM,Consumidor Especial,SUL,3.3120000000000003,0.957536
202507.0,2025-07-03,103082,GAM,Consumidor Especial,SUL,3.3120000000000003,0.906366
202507.0,2025-07-04,103082,GAM,Consumidor Especial,SUL,3.3120000000000003,0.841085
202507.0,2025-07-05,103082,GAM,Consumidor Especial,SUL,3.3120000000000003,0.697802
202507.0,2025-07-06,103082,GAM,Consumidor Especial,SUL,3.3120000000000003,0.699819
202507.0,2025-07-07,103082,GAM,Consumidor Especial,SUL,3.3120000000000003,0.861697
202507.0,2025-07-08,103082,GAM,Consumidor Especial,SUL,3.3120000000000003,0.883536
202507.0,2025-07-09,103082,GAM,Consumidor Especial,SUL,3.3120000000000003,0.8669209999999999
202507.0,2025-07-10,103082,GAM,Consumidor Especial,SUL,3.3120000000000003,0.874567
202507.0,2025-07-11,103082,GAM,Consumidor Especial,SUL,3.3120000000000003,0.845591
202507.0,2025-07-12,103082,GAM,Consumidor Especial,SUL,3.3120000000000003,0.696065
202507.0,2025-07-13,103082,GAM,Consumidor Especial,SUL,3.3120000000000003,0.704001
202507.0,2025-07-14,103082,GAM,Consumidor Especial,SUL,3.3120000000000003,0.863448
202507.0,2025-07-15,103082,GAM,Consumidor Especial,SUL,3.3120000000000003,0.883956
202507.0,2025-07-16,103082,GAM,Consumidor Especial,SUL,3.3120000000000003,0.883928
202507.0,2025-07-17,103082,GAM,Consumidor Especial,SUL,3.3120000000000003,0.889473
202507.0,2025-07-18,103082,GAM,Consumidor Especial,SUL,3.3120000000000003,0.814377
202507.0,2025-07-19,103082,GAM,Consumidor Especial,SUL,3.3120000000000003,0.7028760000000001
202507.0,2025-07-20,103082,GAM,Consumidor Especial,SUL,3.3120000000000003,0.693642
202507.0,2025-07-21,103082,GAM,Consumidor Especial,SUL,3.3120000000000003,0.865399
202507.0,2025-07-22,103082,GAM,Consumidor Especial,SUL,3.3120000000000003,0.873812
202507.0,2025-07-23,103082,GAM,Consumidor Especial,SUL,3.3120000000000003,0.842732
202507.0,2025-07-24,103082,GAM,Consumidor Especial,SUL,3.3120000000000003,0.871164
202507.0,2025-07-25,103082,GAM,Consumidor Especial,SUL,3.3120000000000003,0.847459
202507.0,2025-07-26,103082,GAM,Consumidor Especial,SUL,3.3120000000000003,0.713739
202507.0,2025-07-27,103082,GAM,Consumidor Especial,SUL,3.3120000000000003,0.715092
202507.0,2025-07-28,103082,GAM,Consumidor Especial,SUL,3.3120000000000003,0.867695
202507.0,2025-07-29,103082,GAM,Consumidor Especial,SUL,3.3120000000000003,0.863574
202507.0,2025-07-30,103082,GAM,Consumidor Especial,SUL,3.3120000000000003,0.8515510000000001
202507.0,2025-07-31,103082,GAM,Consumidor Especial,SUL,3.3120000000000003,0.876234
202508.0,2025-08-01,103082,GAM,Consumidor Especial,SUL,3.3120000000000003,0.85934
202508.0,2025-08-02,103082,GAM,Consumidor Especial,SUL,3.3120000000000003,0.7196629999999999
202508.0,2025-08-03,103082,GAM,Consumidor Especial,SUL,3.3120000000000003,0.723772
202508.0,2025-08-04,103082,GAM,Consumidor Especial,SUL,3.3120000000000003,0.882261
202508.0,2025-08-05,103082,GAM,Consumidor Especial,SUL,3.3120000000000003,0.878151
202508.0,2025-08-06,103082,GAM,Consumidor Especial,SUL,3.3120000000000003,0.881967
202508.0,2025-08-07,103082,GAM,Consumidor Especial,SUL,3.3120000000000003,0.888563
202508.0,2025-08-08,103082,GAM,Consumidor Especial,SUL,3.3120000000000003,0.851481
202508.0,2025-08-09,103082,GAM,Consumidor Especial,SUL,3.3120000000000003,0.692763
202508.0,2025-08-10,103082,GAM,Consumidor Especial,SUL,3.3120000000000003,0.678383
202508.0,2025-08-11,103082,GAM,Consumidor Especial,SUL,3.3120000000000003,0.849936
202508.0,2025-08-12,103082,GAM,Consumidor Especial,SUL,3.3120000000000003,0.85782
202508.0,2025-08-13,103082,GAM,Consumidor Especial,SUL,3.3120000000000003,0.833904
202508.0,2025-08-14,103082,GAM,Consumidor Especial,SUL,3.3120000000000003,0.872702
202508.0,2025-08-15,103082,GAM,Consumidor Especial,SUL,3.3120000000000003,0.835849
202508.0,2025-08-16,103082,GAM,Consumidor Especial,SUL,3.3120000000000003,0.701949
202508.0,2025-08-17,103082,GAM,Consumidor Especial,SUL,3.3120000000000003,0.705741
202508.0,2025-08-18,103082,GAM,Consumidor Especial,SUL,3.3120000000000003,0.869467
202508.0,2025-08-19,103082,GAM,Consumidor Especial,SUL,3.3120000000000003,0.888249
202508.0,2025-08-20,103082,GAM,Consumidor Especial,SUL,3.3120000000000003,0.933615
202508.0,2025-08-21,103082,GAM,Consumidor Especial,SUL,3.3120000000000003,0.926961
202508.0,2025-08-22,103082,GAM,Consumidor Especial,SUL,3.3120000000000003,1.027634
202508.0,2025-08-23,103082,GAM,Consumidor Especial,SUL,3.3120000000000003,0.722892
202508.0,2025-08-24,103082,GAM,Consumidor Especial,SUL,3.3120000000000003,0.689859
202508.0,2025-08-25,103082,GAM,Consumidor Especial,SUL,3.3120000000000003,0.849888
202508.0,2025-08-26,103082,GAM,Consumidor Especial,SUL,3.3120000000000003,0.889979
202508.0,2025-08-27,103082,GAM,Consumidor Especial,SUL,3.3120000000000003,0.874392
202508.0,2025-08-28,103082,GAM,Consumidor Especial,SUL,3.3120000000000003,0.8863800000000001
202508.0,2025-08-29,103082,GAM,Consumidor Especial,SUL,3.3120000000000003,0.863847
202508.0,2025-08-30,103082,GAM,Consumidor Especial,SUL,3.3120000000000003,0.718794
202508.0,2025-08-31,103082,GAM,Consumidor Especial,SUL,3.3120000000000003,0.722602
