MES_REFERENCIA,DATA,CODIGO_PERFIL_AGENTE,SIGLA_PERFIL_AGENTE,CLASSE_PERFIL_AGENTE,SUBMERCADO,CAPACIDADE_CARGA,CONSUMO_CARGA_ACL
,2023-01-01,47242,GREENEX CL 514,Consumidor Livre,NORTE,13.104,1.686124
,2023-01-02,47242,GREENEX CL 514,Consumidor Livre,NORTE,13.104,1.630739
,2023-01-03,47242,GREENEX CL 514,Consumidor Livre,NORTE,13.104,3.254623
,2023-01-04,47242,GREENEX CL 514,Consumidor Livre,NORTE,13.104,3.837833
,2023-01-05,47242,GREENEX CL 514,Consumidor Livre,NORTE,13.104,3.331188
,2023-01-06,47242,GREENEX CL 514,Consumidor Livre,NORTE,13.104,2.994698
,2023-01-07,47242,GREENEX CL 514,Consumidor Livre,NORTE,13.104,1.721628
,2023-01-08,47242,GREENEX CL 514,Consumidor Livre,NORTE,13.104,1.683531
,2023-01-09,47242,GREENEX CL 514,Consumidor Livre,NORTE,13.104,3.704859
,2023-01-10,47242,GREENEX CL 514,Consumidor Livre,NORTE,13.104,3.674409
,2023-01-11,47242,GREENEX CL 514,Consumidor Livre,NORTE,13.104,3.617174
,2023-01-12,47242,GREENEX CL 514,Consumidor Livre,NORTE,13.104,4.04718
,2023-01-13,47242,GREENEX CL 514,Consumidor Livre,NORTE,13.104,3.315502
,2023-01-14,47242,GREENEX CL 514,Consumidor Livre,NORTE,13.104,1.321021
,2023-01-15,47242,GREENEX CL 514,Consumidor Livre,NORTE,13.104,1.292999
,2023-01-16,47242,GREENEX CL 514,Consumidor Livre,NORTE,13.104,3.273583
,2023-01-17,47242,GREENEX CL 514,Consumidor Livre,NORTE,13.104,3.595906
,2023-01-18,47242,GREENEX CL 514,Consumidor Livre,NORTE,13.104,3.401702
,2023-01-19,47242,GREENEX CL 514,Consumidor Livre,NORTE,13.104,3.284709
,2023-01-20,47242,GREENEX CL 514,Consumidor Livre,NORTE,13.104,3.674343
,2023-01-21,47242,GREENEX CL 514,Consumidor Livre,NORTE,13.104,1.771608
,2023-01-22,47242,GREENEX CL 514,Consumidor Livre,NORTE,13.104,1.716212
,2023-01-23,47242,GREENEX CL 514,Consumidor Livre,NORTE,13.104,3.359964
,2023-01-24,47242,GREENEX CL 514,Consumidor Livre,NORTE,13.104,3.676071
,2023-01-25,47242,GREENEX CL 514,Consumidor Livre,NORTE,13.104,3.300088
,2023-01-26,47242,GREENEX CL 514,Consumidor Livre,NORTE,13.104,3.263672
,2023-01-27,47242,GREENEX CL 514,Consumidor Livre,NORTE,13.104,3.332513
,2023-01-28,47242,GREENEX CL 514,Consumidor Livre,NORTE,13.104,1.572936
,2023-01-29,47242,GREENEX CL 514,Consumidor Livre,NORTE,13.104,1.772822
,2023-01-30,47242,GREENEX CL 514,Consumidor Livre,NORTE,13.104,3.488062
,2023-01-31,47242,GREENEX CL 514,Consumidor Livre,NORTE,13.104,2.924503
,2023-02-01,47242,GREENEX CL 514,Consumidor Livre,NORTE,13.104,3.320631
,2023-02-02,47242,GREENEX CL 514,Consumidor Livre,NORTE,13.104,3.082964
,2023-02-03,47242,GREENEX CL 514,Consumidor Livre,NORTE,13.104,3.084592
,2023-02-04,47242,GREENEX CL 514,Consumidor Livre,NORTE,13.104,1.747942
,2023-02-05,47242,GREENEX CL 514,Consumidor Livre,NORTE,13.104,1.692366
,2023-02-06,47242,GREENEX CL 514,Consumidor Livre,NORTE,13.104,3.599527
,2023-02-07,47242,GREENEX CL 514,Consumidor Livre,NORTE,13.104,4.021529
,2023-02-08,47242,GREENEX CL 514,Consumidor Livre,NORTE,13.104,3.786382
,2023-02-09,47242,GREENEX CL 514,Consumidor Livre,NORTE,13.104,3.899608
,2023-02-10,47242,GREENEX CL 514,Consumidor Livre,NORTE,13.104,3.793517
,2023-02-11,47242,GREENEX CL 514,Consumidor Livre,NORTE,13.104,2.26975
,2023-02-12,47242,GREENEX CL 514,Consumidor Livre,NORTE,13.104,1.658828
,2023-02-13,47242,GREENEX CL 514,Consumidor Livre,NORTE,13.104,3.588586
,2023-02-14,47242,GREENEX CL 514,Consumidor Livre,NORTE,13.104,3.196698
,2023-02-15,47242,GREENEX CL 514,Consumidor Livre,NORTE,13.104,3.767669
,2023-02-16,47242,GREENEX CL 514,Consumidor Livre,NORTE,13.104,3.989601
,2023-02-17,47242,GREENEX CL 514,Consumidor Livre,NORTE,13.104,2.869833
,2023-02-18,47242,GREENEX CL 514,Consumidor Livre,NORTE,13.104,1.765146
,2023-02-19,47242,GREENEX CL 514,Consumidor Livre,NORTE,13.104,1.726057
,2023-02-20,47242,GREENEX CL 514,Consumidor Livre,NORTE,13.104,1.727836
,2023-02-21,47242,GREENEX CL 514,Consumidor Livre,NORTE,13.104,1.717447
,2023-02-22,47242,GREENEX CL 514,Consumidor Livre,NORTE,13.104,4.084048
,2023-02-23,47242,GREENEX CL 514,Consumidor Livre,NORTE,13.104,3.871628
,2023-02-24,47242,GREENEX CL 514,Consumidor Livre,NORTE,13.104,3.32037
,2023-02-25,47242,GREENEX CL 514,Consumidor Livre,NORTE,13.104,2.51213
,2023-02-26,47242,GREENEX CL 514,Consumidor Livre,NORTE,13.104,1.782668
,2023-02-27,47242,GREENEX CL 514,Consumidor Livre,NORTE,13.104,3.835931
,2023-02-28,47242,GREENEX CL 514,Consumidor Livre,NORTE,13.104,3.652385
,2023-03-01,47242,GREENEX CL 514,Consumidor Livre,NORTE,13.104,3.284923
,2023-03-02,47242,GREENEX CL 514,Consumidor Livre,NORTE,13.104,3.364863
,2023-03-03,47242,GREENEX CL 514,Consumidor Livre,NORTE,13.104,3.073613
,2023-03-04,47242,GREENEX CL 514,Consumidor Livre,NORTE,13.104,1.204859
,2023-03-05,47242,GREENEX CL 514,Consumidor Livre,NORTE,13.104,1.328113
,2023-03-06,47242,GREENEX CL 514,Consumidor Livre,NORTE,13.104,3.04516
,2023-03-07,47242,GREENEX CL 514,Consumidor Livre,NORTE,13.104,3.767068
,2023-03-08,47242,GREENEX CL 514,Consumidor Livre,NORTE,13.104,3.973374
,2023-03-09,47242,GREENEX CL 514,Consumidor Livre,NORTE,13.104,4.17951
,2023-03-10,47242,GREENEX CL 514,Consumidor Livre,NORTE,13.104,3.61316
,2023-03-11,47242,GREENEX CL 514,Consumidor Livre,NORTE,13.104,3.341784
,2023-03-12,47242,GREENEX CL 514,Consumidor Livre,NORTE,13.104,1.456269
,2023-03-13,47242,GREENEX CL 514,Consumidor Livre,NORTE,13.104,3.607017
,2023-03-14,47242,GREENEX CL 514,Consumidor Livre,NORTE,13.104,3.997265
,2023-03-15,47242,GREENEX CL 514,Consumidor Livre,NORTE,13.104,3.907901
,2023-03-16,47242,GREENEX CL 514,Consumidor Livre,NORTE,13.104,4.223012
,2023-03-17,47242,GREENEX CL 514,Consumidor Livre,NORTE,13.104,4.035811
,2023-03-18,47242,GREENEX CL 514,Consumidor Livre,NORTE,13.104,1.743893
,2023-03-19,47242,GREENEX CL 514,Consumidor Livre,NORTE,13.104,1.727957
,2023-03-20,47242,GREENEX CL 514,Consumidor Livre,NORTE,13.104,4.335157
,2023-03-21,47242,GREENEX CL 514,Consumidor Livre,NORTE,13.104,4.380669
,2023-03-22,47242,GREENEX CL 514,Consumidor Livre,NORTE,13.104,4.269468
,2023-03-23,47242,GREENEX CL 514,Consumidor Livre,NORTE,13.104,4.805081
,2023-03-24,47242,GREENEX CL 514,Consumidor Livre,NORTE,13.104,4.484946
,2023-03-25,47242,GREENEX CL 514,Consumidor Livre,NORTE,13.104,3.294083
,2023-03-26,47242,GREENEX CL 514,Consumidor Livre,NORTE,13.104,1.70171
,2023-03-27,47242,GREENEX CL 514,Consumidor Livre,NORTE,13.104,4.136028
,2023-03-28,47242,GREENEX CL 514,Consumidor Livre,NORTE,13.104,4.779657
,2023-03-29,47242,GREENEX CL 514,Consumidor Livre,NORTE,13.104,2.016262
,2023-03-30,47242,GREENEX CL 514,Consumidor Livre,NORTE,13.104,5.129548
,2023-03-31,47242,GREENEX CL 514,Consumidor Livre,NORTE,13.104,4.124454
,2023-04-01,47242,GREENEX CL 514,Consumidor Livre,NORTE,13.104,1.671673
,2023-04-02,47242,GREENEX CL 514,Consumidor Livre,NORTE,13.104,1.767233
,2023-04-03,47242,GREENEX CL 514,Consumidor Livre,NORTE,13.104,4.996886
,2023-04-04,47242,GREENEX CL 514,Consumidor Livre,NORTE,13.104,4.811238
,2023-04-05,47242,GREENEX CL 514,Consumidor Livre,NORTE,13.104,4.537197
,2023-04-06,47242,GREENEX CL 514,Consumidor Livre,NORTE,13.104,4.735758000000001
,2023-04-07,47242,GREENEX CL 514,Consumidor Livre,NORTE,13.104,1.742741
,2023-04-08,47242,GREENEX CL 514,Consumidor Livre,NORTE,13.104,1.809547
,2023-04-09,47242,GREENEX CL 514,Consumidor Livre,NORTE,13.104,1.765314
,2023-04-10,47242,GREENEX CL 514,Consumidor Livre,NORTE,13.104,4.43291
,2023-04-11,47242,GREENEX CL 514,Consumidor Livre,NORTE,13.104,4.509045
,2023-04-12,47242,GREENEX CL 514,Consumidor Livre,NORTE,13.104,4.2874550000000005
,2023-04-13,47242,GREENEX CL 514,Consumidor Livre,NORTE,13.104,4.764156
,2023-04-14,47242,GREENEX CL 514,Consumidor Livre,NORTE,13.104,3.869778
,2023-04-15,47242,GREENEX CL 514,Consumidor Livre,NORTE,13.104,1.153783
,2023-04-16,47242,GREENEX CL 514,Consumidor Livre,NORTE,13.104,1.2428
,2023-04-17,47242,GREENEX CL 514,Consumidor Livre,NORTE,13.104,4.096302
,2023-04-18,47242,GREENEX CL 514,Consumidor Livre,NORTE,13.104,4.85247
,2023-04-19,47242,GREENEX CL 514,Consumidor Livre,NORTE,13.104,4.537446
,2023-04-20,47242,GREENEX CL 514,Consumidor Livre,NORTE,13.104,4.611788
,2023-04-21,47242,GREENEX CL 514,Consumidor Livre,NORTE,13.104,1.545789
,2023-04-22,47242,GREENEX CL 514,Consumidor Livre,NORTE,13.104,1.436877
,2023-04-23,47242,GREENEX CL 514,Consumidor Livre,NORTE,13.104,1.26501
,2023-04-24,47242,GREENEX CL 514,Consumidor Livre,NORTE,13.104,4.083539
,2023-04-25,47242,GREENEX CL 514,Consumidor Livre,NORTE,13.104,4.371446
,2023-04-26,47242,GREENEX CL 514,Consumidor Livre,NORTE,13.104,4.277704
,2023-04-27,47242,GREENEX CL 514,Consumidor Livre,NORTE,13.104,4.227783
,2023-04-28,47242,GREENEX CL 514,Consumidor Livre,NORTE,13.104,3.695581
,2023-04-29,47242,GREENEX CL 514,Consumidor Livre,NORTE,13.104,2.124218
,2023-04-30,47242,GREENEX CL 514,Consumidor Livre,NORTE,13.104,1.608694
,2023-05-01,47242,GREENEX CL 514,Consumidor Livre,NORTE,13.104,1.498002
,2023-05-02,47242,GREENEX CL 514,Consumidor Livre,NORTE,13.104,4.29724
,2023-05-03,47242,GREENEX CL 514,Consumidor Livre,NORTE,13.104,3.945756
,2023-05-04,47242,GREENEX CL 514,Consumidor Livre,NORTE,13.104,4.417803
,2023-05-05,47242,GREENEX CL 514,Consumidor Livre,NORTE,13.104,4.090572
,2023-05-06,47242,GREENEX CL 514,Consumidor Livre,NORTE,13.104,1.600392
,2023-05-07,47242,GREENEX CL 514,Consumidor Livre,NORTE,13.104,1.246231
,2023-05-08,47242,GREENEX CL 514,Consumidor Livre,NORTE,13.104,3.970478
,2023-05-09,47242,GREENEX CL 514,Consumidor Livre,NORTE,13.104,4.20303
,2023-05-10,47242,GREENEX CL 514,Consumidor Livre,NORTE,13.104,3.740801
,2023-05-11,47242,GREENEX CL 514,Consumidor Livre,NORTE,13.104,3.926856
,2023-05-12,47242,GREENEX CL 514,Consumidor Livre,NORTE,13.104,3.875458
,2023-05-13,47242,GREENEX CL 514,Consumidor Livre,NORTE,13.104,1.568259
,2023-05-14,47242,GREENEX CL 514,Consumidor Livre,NORTE,13.104,1.692364
,2023-05-15,47242,GREENEX CL 514,Consumidor Livre,NORTE,13.104,4.962578
,2023-05-16,47242,GREENEX CL 514,Consumidor Livre,NORTE,13.104,4.526794
,2023-05-17,47242,GREENEX CL 514,Consumidor Livre,NORTE,13.104,4.703523
,2023-05-18,47242,GREENEX CL 514,Consumidor Livre,NORTE,13.104,4.440073
,2023-05-19,47242,GREENEX CL 514,Consumidor Livre,NORTE,13.104,4.044964
,2023-05-20,47242,GREENEX CL 514,Consumidor Livre,NORTE,13.104,1.476256
,2023-05-21,47242,GREENEX CL 514,Consumidor Livre,NORTE,13.104,1.57294
,2023-05-22,47242,GREENEX CL 514,Consumidor Livre,NORTE,13.104,4.842742
,2023-05-23,47242,GREENEX CL 514,Consumidor Livre,NORTE,13.104,4.963482
,2023-05-24,47242,GREENEX CL 514,Consumidor Livre,NORTE,13.104,4.433899
,2023-05-25,47242,GREENEX CL 514,Consumidor Livre,NORTE,13.104,2.483548
,2023-05-26,47242,GREENEX CL 514,Consumidor Livre,NORTE,13.104,2.47948
,2023-05-27,47242,GREENEX CL 514,Consumidor Livre,NORTE,13.104,2.892622
,2023-05-28,47242,GREENEX CL 514,Consumidor Livre,NORTE,13.104,1.371149
,2023-05-29,47242,GREENEX CL 514,Consumidor Livre,NORTE,13.104,4.439057
,2023-05-30,47242,GREENEX CL 514,Consumidor Livre,NORTE,13.104,4.598967
,2023-05-31,47242,GREENEX CL 514,Consumidor Livre,NORTE,13.104,4.069586
,2023-06-01,47242,GREENEX CL 514,Consumidor Livre,NORTE,13.104,4.552501
,2023-06-02,47242,GREENEX CL 514,Consumidor Livre,NORTE,13.104,4.035909
,2023-06-03,47242,GREENEX CL 514,Consumidor Livre,NORTE,13.104,1.329911
,2023-06-04,47242,GREENEX CL 514,Consumidor Livre,NORTE,13.104,1.13645
,2023-06-05,47242,GREENEX CL 514,Consumidor Livre,NORTE,13.104,4.123715
,2023-06-06,47242,GREENEX CL 514,Consumidor Livre,NORTE,13.104,4.210473
,2023-06-07,47242,GREENEX CL 514,Consumidor Livre,NORTE,13.104,3.974173
,2023-06-08,47242,GREENEX CL 514,Consumidor Livre,NORTE,13.104,4.535508
,2023-06-09,47242,GREENEX CL 514,Consumidor Livre,NORTE,13.104,4.448767
,2023-06-10,47242,GREENEX CL 514,Consumidor Livre,NORTE,13.104,1.638385
,2023-06-11,47242,GREENEX CL 514,Consumidor Livre,NORTE,13.104,0.794602
,2023-06-12,47242,GREENEX CL 514,Consumidor Livre,NORTE,13.104,3.70805
,2023-06-13,47242,GREENEX CL 514,Consumidor Livre,NORTE,13.104,3.833371
,2023-06-14,47242,GREENEX CL 514,Consumidor Livre,NORTE,13.104,4.307178
,2023-06-15,47242,GREENEX CL 514,Consumidor Livre,NORTE,13.104,4.288804
,2023-06-16,47242,GREENEX CL 514,Consumidor Livre,NORTE,13.104,3.867507
,2023-06-17,47242,GREENEX CL 514,Consumidor Livre,NORTE,13.104,1.614563
,2023-06-18,47242,GREENEX CL 514,Consumidor Livre,NORTE,13.104,1.54865
,2023-06-19,47242,GREENEX CL 514,Consumidor Livre,NORTE,13.104,3.933399
,2023-06-20,47242,GREENEX CL 514,Consumidor Livre,NORTE,13.104,4.278412
,2023-06-21,47242,GREENEX CL 514,Consumidor Livre,NORTE,13.104,4.048288
,2023-06-22,47242,GREENEX CL 514,Consumidor Livre,NORTE,13.104,4.062594
,2023-06-23,47242,GREENEX CL 514,Consumidor Livre,NORTE,13.104,3.301242
,2023-06-24,47242,GREENEX CL 514,Consumidor Livre,NORTE,13.104,0.6014550000000001
,2023-06-25,47242,GREENEX CL 514,Consumidor Livre,NORTE,13.104,0.348866
,2023-06-26,47242,GREENEX CL 514,Consumidor Livre,NORTE,13.104,3.3555930000000003
,2023-06-27,47242,GREENEX CL 514,Consumidor Livre,NORTE,13.104,3.713755
,2023-06-28,47242,GREENEX CL 514,Consumidor Livre,NORTE,13.104,3.516817
,2023-06-29,47242,GREENEX CL 514,Consumidor Livre,NORTE,13.104,3.550889
,2023-06-30,47242,GREENEX CL 514,Consumidor Livre,NORTE,13.104,3.460221
,2023-07-01,47242,GREENEX CL 514,Consumidor Livre,NORTE,13.104,1.389596
,2023-07-02,47242,GREENEX CL 514,Consumidor Livre,NORTE,13.104,1.499337
,2023-07-03,47242,GREENEX CL 514,Consumidor Livre,NORTE,13.104,4.140984
,2023-07-04,47242,GREENEX CL 514,Consumidor Livre,NORTE,13.104,4.161795
,2023-07-05,47242,GREENEX CL 514,Consumidor Livre,NORTE,13.104,4.305126
,2023-07-06,47242,GREENEX CL 514,Consumidor Livre,NORTE,13.104,4.603646
,2023-07-07,47242,GREENEX CL 514,Consumidor Livre,NORTE,13.104,3.863589
,2023-07-08,47242,GREENEX CL 514,Consumidor Livre,NORTE,13.104,1.594392
,2023-07-09,47242,GREENEX CL 514,Consumidor Livre,NORTE,13.104,1.52848
,2023-07-10,47242,GREENEX CL 514,Consumidor Livre,NORTE,13.104,4.206573
,2023-07-11,47242,GREENEX CL 514,Consumidor Livre,NORTE,13.104,4.473601
,2023-07-12,47242,GREENEX CL 514,Consumidor Livre,NORTE,13.104,4.056029
,2023-07-13,47242,GREENEX CL 514,Consumidor Livre,NORTE,13.104,4.633939
,2023-07-14,47242,GREENEX CL 514,Consumidor Livre,NORTE,13.104,3.775895
,2023-07-15,47242,GREENEX CL 514,Consumidor Livre,NORTE,13.104,1.391773
,2023-07-16,47242,GREENEX CL 514,Consumidor Livre,NORTE,13.104,1.453608
,2023-07-17,47242,GREENEX CL 514,Consumidor Livre,NORTE,13.104,3.852189
,2023-07-18,47242,GREENEX CL 514,Consumidor Livre,NORTE,13.104,4.087962
,2023-07-19,47242,GREENEX CL 514,Consumidor Livre,NORTE,13.104,4.162516
,2023-07-20,47242,GREENEX CL 514,Consumidor Livre,NORTE,13.104,4.2107660000000005
,2023-07-21,47242,GREENEX CL 514,Consumidor Livre,NORTE,13.104,3.921178
,2023-07-22,47242,GREENEX CL 514,Consumidor Livre,NORTE,13.104,1.871779
,2023-07-23,47242,GREENEX CL 514,Consumidor Livre,NORTE,13.104,1.634048
,2023-07-24,47242,GREENEX CL 514,Consumidor Livre,NORTE,13.104,4.534784
,2023-07-25,47242,GREENEX CL 514,Consumidor Livre,NORTE,13.104,4.8125670000000005
,2023-07-26,47242,GREENEX CL 514,Consumidor Livre,NORTE,13.104,4.44857
,2023-07-27,47242,GREENEX CL 514,Consumidor Livre,NORTE,13.104,4.709293
,2023-07-28,47242,GREENEX CL 514,Consumidor Livre,NORTE,13.104,3.824017
,2023-07-29,47242,GREENEX CL 514,Consumidor Livre,NORTE,13.104,1.606226
,2023-07-30,47242,GREENEX CL 514,Consumidor Livre,NORTE,13.104,1.435252
,2023-07-31,47242,GREENEX CL 514,Consumidor Livre,NORTE,13.104,3.68279
,2023-08-01,47242,GREENEX CL 514,Consumidor Livre,NORTE,13.104,2.65278
,2023-08-02,47242,GREENEX CL 514,Consumidor Livre,NORTE,13.104,3.288684
,2023-08-03,47242,GREENEX CL 514,Consumidor Livre,NORTE,13.104,3.431856
,2023-08-04,47242,GREENEX CL 514,Consumidor Livre,NORTE,13.104,2.55757
,2023-08-05,47242,GREENEX CL 514,Consumidor Livre,NORTE,13.104,0.600445
,2023-08-06,47242,GREENEX CL 514,Consumidor Livre,NORTE,13.104,0.932767
,2023-08-07,47242,GREENEX CL 514,Consumidor Livre,NORTE,13.104,2.9983340000000003
,2023-08-08,47242,GREENEX CL 514,Consumidor Livre,NORTE,13.104,3.309827
,2023-08-09,47242,GREENEX CL 514,Consumidor Livre,NORTE,13.104,3.110821
,2023-08-10,47242,GREENEX CL 514,Consumidor Livre,NORTE,13.104,3.057591
,2023-08-11,47242,GREENEX CL 514,Consumidor Livre,NORTE,13.104,2.488024
,2023-08-12,47242,GREENEX CL 514,Consumidor Livre,NORTE,13.104,0.816581
,2023-08-13,47242,GREENEX CL 514,Consumidor Livre,NORTE,13.104,0.7502759999999999
,2023-08-14,47242,GREENEX CL 514,Consumidor Livre,NORTE,13.104,3.291235
,2023-08-15,47242,GREENEX CL 514,Consumidor Livre,NORTE,13.104,0.643275
,2023-08-16,47242,GREENEX CL 514,Consumidor Livre,NORTE,13.104,2.9603770000000003
,2023-08-17,47242,GREENEX CL 514,Consumidor Livre,NORTE,13.104,3.426439
,2023-08-18,47242,GREENEX CL 514,Consumidor Livre,NORTE,13.104,3.281494
,2023-08-19,47242,GREENEX CL 514,Consumidor Livre,NORTE,13.104,1.146649
,2023-08-20,47242,GREENEX CL 514,Consumidor Livre,NORTE,13.104,0.619622
,2023-08-21,47242,GREENEX CL 514,Consumidor Livre,NORTE,13.104,3.165522
,2023-08-22,47242,GREENEX CL 514,Consumidor Livre,NORTE,13.104,3.237169
,2023-08-23,47242,GREENEX CL 514,Consumidor Livre,NORTE,13.104,3.192377
,2023-08-24,47242,GREENEX CL 514,Consumidor Livre,NORTE,13.104,3.130302
,2023-08-25,47242,GREENEX CL 514,Consumidor Livre,NORTE,13.104,2.903046
,2023-08-26,47242,GREENEX CL 514,Consumidor Livre,NORTE,13.104,1.131349
,2023-08-27,47242,GREENEX CL 514,Consumidor Livre,NORTE,13.104,1.129278
,2023-08-28,47242,GREENEX CL 514,Consumidor Livre,NORTE,13.104,4.006902
,2023-08-29,47242,GREENEX CL 514,Consumidor Livre,NORTE,13.104,4.083937
,2023-08-30,47242,GREENEX CL 514,Consumidor Livre,NORTE,13.104,3.824657
,2023-08-31,47242,GREENEX CL 514,Consumidor Livre,NORTE,13.104,3.805599
,2023-09-01,47242,GREENEX CL 514,Consumidor Livre,NORTE,13.104,3.363267
,2023-09-02,47242,GREENEX CL 514,Consumidor Livre,NORTE,13.104,1.199323
,2023-09-03,47242,GREENEX CL 514,Consumidor Livre,NORTE,13.104,1.170083
,2023-09-04,47242,GREENEX CL 514,Consumidor Livre,NORTE,13.104,3.079061
,2023-09-05,47242,GREENEX CL 514,Consumidor Livre,NORTE,13.104,2.909836
,2023-09-06,47242,GREENEX CL 514,Consumidor Livre,NORTE,13.104,2.848662
,2023-09-07,47242,GREENEX CL 514,Consumidor Livre,NORTE,13.104,0.710328
,2023-09-08,47242,GREENEX CL 514,Consumidor Livre,NORTE,13.104,2.605985
,2023-09-09,47242,GREENEX CL 514,Consumidor Livre,NORTE,13.104,0.706765
,2023-09-10,47242,GREENEX CL 514,Consumidor Livre,NORTE,13.104,0.690676
,2023-09-11,47242,GREENEX CL 514,Consumidor Livre,NORTE,13.104,3.0427530000000003
,2023-09-12,47242,GREENEX CL 514,Consumidor Livre,NORTE,13.104,3.0606340000000003
,2023-09-13,47242,GREENEX CL 514,Consumidor Livre,NORTE,13.104,2.692337
,2023-09-14,47242,GREENEX CL 514,Consumidor Livre,NORTE,13.104,2.936311
,2023-09-15,47242,GREENEX CL 514,Consumidor Livre,NORTE,13.104,3.016464
,2023-09-16,47242,GREENEX CL 514,Consumidor Livre,NORTE,13.104,1.199997
,2023-09-17,47242,GREENEX CL 514,Consumidor Livre,NORTE,13.104,1.179189
,2023-09-18,47242,GREENEX CL 514,Consumidor Livre,NORTE,13.104,2.800792
,2023-09-19,47242,GREENEX CL 514,Consumidor Livre,NORTE,13.104,3.088778
,2023-09-20,47242,GREENEX CL 514,Consumidor Livre,NORTE,13.104,2.9398180000000003
,2023-09-21,47242,GREENEX CL 514,Consumidor Livre,NORTE,13.104,3.177889
,2023-09-22,47242,GREENEX CL 514,Consumidor Livre,NORTE,13.104,3.373131
,2023-09-23,47242,GREENEX CL 514,Consumidor Livre,NORTE,13.104,1.284954
,2023-09-24,47242,GREENEX CL 514,Consumidor Livre,NORTE,13.104,0.853128
,2023-09-25,47242,GREENEX CL 514,Consumidor Livre,NORTE,13.104,3.028261
,2023-09-26,47242,GREENEX CL 514,Consumidor Livre,NORTE,13.104,3.246086
,2023-09-27,47242,GREENEX CL 514,Consumidor Livre,NORTE,13.104,3.367637
,2023-09-28,47242,GREENEX CL 514,Consumidor Livre,NORTE,13.104,3.650946
,2023-09-29,47242,GREENEX CL 514,Consumidor Livre,NORTE,13.104,3.184098
,2023-09-30,47242,GREENEX CL 514,Consumidor Livre,NORTE,13.104,1.232661
,2023-10-01,47242,GREENEX CL 514,Consumidor Livre,NORTE,13.104,1.138663
,2023-10-02,47242,GREENEX CL 514,Consumidor Livre,NORTE,13.104,3.508132
,2023-10-03,47242,GREENEX CL 514,Consumidor Livre,NORTE,13.104,3.694286
,2023-10-04,47242,GREENEX CL 514,Consumidor Livre,NORTE,13.104,3.718597
,2023-10-05,47242,GREENEX CL 514,Consumidor Livre,NORTE,13.104,3.927434
,2023-10-06,47242,GREENEX CL 514,Consumidor Livre,NORTE,13.104,3.491276
,2023-10-07,47242,GREENEX CL 514,Consumidor Livre,NORTE,13.104,0.918684
,2023-10-08,47242,GREENEX CL 514,Consumidor Livre,NORTE,13.104,0.505401
,2023-10-09,47242,GREENEX CL 514,Consumidor Livre,NORTE,13.104,3.040001
,2023-10-10,47242,GREENEX CL 514,Consumidor Livre,NORTE,13.104,3.227868
,2023-10-11,47242,GREENEX CL 514,Consumidor Livre,NORTE,13.104,3.607179
,2023-10-12,47242,GREENEX CL 514,Consumidor Livre,NORTE,13.104,0.696337
,2023-10-13,47242,GREENEX CL 514,Consumidor Livre,NORTE,13.104,3.375667
,2023-10-14,47242,GREENEX CL 514,Consumidor Livre,NORTE,13.104,1.442783
,2023-10-15,47242,GREENEX CL 514,Consumidor Livre,NORTE,13.104,1.37076
,2023-10-16,47242,GREENEX CL 514,Consumidor Livre,NORTE,13.104,3.631725
,2023-10-17,47242,GREENEX CL 514,Consumidor Livre,NORTE,13.104,4.004805
,2023-10-18,47242,GREENEX CL 514,Consumidor Livre,NORTE,13.104,3.755451
,2023-10-19,47242,GREENEX CL 514,Consumidor Livre,NORTE,13.104,3.865035
,2023-10-20,47242,GREENEX CL 514,Consumidor Livre,NORTE,13.104,3.328011
,2023-10-21,47242,GREENEX CL 514,Consumidor Livre,NORTE,13.104,0.80857
,2023-10-22,47242,GREENEX CL 514,Consumidor Livre,NORTE,13.104,0.75426
,2023-10-23,47242,GREENEX CL 514,Consumidor Livre,NORTE,13.104,3.296301
,2023-10-24,47242,GREENEX CL 514,Consumidor Livre,NORTE,13.104,3.084826
,2023-10-25,47242,GREENEX CL 514,Consumidor Livre,NORTE,13.104,2.829424
,2023-10-26,47242,GREENEX CL 514,Consumidor Livre,NORTE,13.104,2.793887
,2023-10-27,47242,GREENEX CL 514,Consumidor Livre,NORTE,13.104,2.791912
,2023-10-28,47242,GREENEX CL 514,Consumidor Livre,NORTE,13.104,0.745234
,2023-10-29,47242,GREENEX CL 514,Consumidor Livre,NORTE,13.104,0.684829
,2023-10-30,47242,GREENEX CL 514,Consumidor Livre,NORTE,13.104,3.333477
,2023-10-31,47242,GREENEX CL 514,Consumidor Livre,NORTE,13.104,3.234779
,2023-11-01,47242,GREENEX CL 514,Consumidor Livre,NORTE,13.104,3.120154
,2023-11-02,47242,GREENEX CL 514,Consumidor Livre,NORTE,13.104,1.215242
,2023-11-03,47242,GREENEX CL 514,Consumidor Livre,NORTE,13.104,3.39583
,2023-11-04,47242,GREENEX CL 514,Consumidor Livre,NORTE,13.104,1.189695
,2023-11-05,47242,GREENEX CL 514,Consumidor Livre,NORTE,13.104,1.069316
,2023-11-06,47242,GREENEX CL 514,Consumidor Livre,NORTE,13.104,3.482057
,2023-11-07,47242,GREENEX CL 514,Consumidor Livre,NORTE,13.104,3.534013
,2023-11-08,47242,GREENEX CL 514,Consumidor Livre,NORTE,13.104,3.131401
,2023-11-09,47242,GREENEX CL 514,Consumidor Livre,NORTE,13.104,2.952756
,2023-11-10,47242,GREENEX CL 514,Consumidor Livre,NORTE,13.104,3.258553
,2023-11-11,47242,GREENEX CL 514,Consumidor Livre,NORTE,13.104,0.7224
,2023-11-12,47242,GREENEX CL 514,Consumidor Livre,NORTE,13.104,0.688442
,2023-11-13,47242,GREENEX CL 514,Consumidor Livre,NORTE,13.104,3.038498
,2023-11-14,47242,GREENEX CL 514,Consumidor Livre,NORTE,13.104,3.253455
,2023-11-15,47242,GREENEX CL 514,Consumidor Livre,NORTE,13.104,0.708507
,2023-11-16,47242,GREENEX CL 514,Consumidor Livre,NORTE,13.104,3.167919
,2023-11-17,47242,GREENEX CL 514,Consumidor Livre,NORTE,13.104,2.895977
,2023-11-18,47242,GREENEX CL 514,Consumidor Livre,NORTE,13.104,0.781779
,2023-11-19,47242,GREENEX CL 514,Consumidor Livre,NORTE,13.104,0.690069
,2023-11-20,47242,GREENEX CL 514,Consumidor Livre,NORTE,13.104,3.388304
,2023-11-21,47242,GREENEX CL 514,Consumidor Livre,NORTE,13.104,2.932941
,2023-11-22,47242,GREENEX CL 514,Consumidor Livre,NORTE,13.104,2.744721
,2023-11-23,47242,GREENEX CL 514,Consumidor Livre,NORTE,13.104,3.048417
,2023-11-24,47242,GREENEX CL 514,Consumidor Livre,NORTE,13.104,2.93069
,2023-11-25,47242,GREENEX CL 514,Consumidor Livre,NORTE,13.104,0.737816
,2023-11-26,47242,GREENEX CL 514,Consumidor Livre,NORTE,13.104,0.70029
,2023-11-27,47242,GREENEX CL 514,Consumidor Livre,NORTE,13.104,3.431663
,2023-11-28,47242,GREENEX CL 514,Consumidor Livre,NORTE,13.104,3.559731
,2023-11-29,47242,GREENEX CL 514,Consumidor Livre,NORTE,13.104,3.189566
,2023-11-30,47242,GREENEX CL 514,Consumidor Livre,NORTE,13.104,3.370885
,2023-12-01,47242,GREENEX CL 514,Consumidor Livre,NORTE,13.104,3.444382
,2023-12-02,47242,GREENEX CL 514,Consumidor Livre,NORTE,13.104,1.150699
,2023-12-03,47242,GREENEX CL 514,Consumidor Livre,NORTE,13.104,1.062143
,2023-12-04,47242,GREENEX CL 514,Consumidor Livre,NORTE,13.104,3.383274
,2023-12-05,47242,GREENEX CL 514,Consumidor Livre,NORTE,13.104,3.248321
,2023-12-06,47242,GREENEX CL 514,Consumidor Livre,NORTE,13.104,3.253498
,2023-12-07,47242,GREENEX CL 514,Consumidor Livre,NORTE,13.104,3.298364
,2023-12-08,47242,GREENEX CL 514,Consumidor Livre,NORTE,13.104,2.889386
,2023-12-09,47242,GREENEX CL 514,Consumidor Livre,NORTE,13.104,0.985724
,2023-12-10,47242,GREENEX CL 514,Consumidor Livre,NORTE,13.104,1.115567
,2023-12-11,47242,GREENEX CL 514,Consumidor Livre,NORTE,13.104,3.600338
,2023-12-12,47242,GREENEX CL 514,Consumidor Livre,NORTE,13.104,3.747086
,2023-12-13,47242,GREENEX CL 514,Consumidor Livre,NORTE,13.104,3.019648
,2023-12-14,47242,GREENEX CL 514,Consumidor Livre,NORTE,13.104,3.14825
,2023-12-15,47242,GREENEX CL 514,Consumidor Livre,NORTE,13.104,2.84762
,2023-12-16,47242,GREENEX CL 514,Consumidor Livre,NORTE,13.104,0.760136
,2023-12-17,47242,GREENEX CL 514,Consumidor Livre,NORTE,13.104,0.693787
,2023-12-18,47242,GREENEX CL 514,Consumidor Livre,NORTE,13.104,3.2343070000000003
,2023-12-19,47242,GREENEX CL 514,Consumidor Livre,NORTE,13.104,3.549862
,2023-12-20,47242,GREENEX CL 514,Consumidor Livre,NORTE,13.104,3.364827
,2023-12-21,47242,GREENEX CL 514,Consumidor Livre,NORTE,13.104,0.866096
,2023-12-22,47242,GREENEX CL 514,Consumidor Livre,NORTE,13.104,0.793638
,2023-12-23,47242,GREENEX CL 514,Consumidor Livre,NORTE,13.104,0.347181
,2023-12-24,47242,GREENEX CL 514,Consumidor Livre,NORTE,13.104,0.218085
,2023-12-25,47242,GREENEX CL 514,Consumidor Livre,NORTE,13.104,0.224377
,2023-12-26,47242,GREENEX CL 514,Consumidor Livre,NORTE,13.104,0.353476
,2023-12-27,47242,GREENEX CL 514,Consumidor Livre,NORTE,13.104,0.302206
,2023-12-28,47242,GREENEX CL 514,Consumidor Livre,NORTE,13.104,0.386372
,2023-12-29,47242,GREENEX CL 514,Consumidor Livre,NORTE,13.104,0.286134
,2023-12-30,47242,GREENEX CL 514,Consumidor Livre,NORTE,13.104,0.224087
,2023-12-31,47242,GREENEX CL 514,Consumidor Livre,NORTE,13.104,0.234424
,2024-01-01,47242,GREENEX CL 514,Consumidor Livre,NORTE,13.104,0.234106
,2024-01-02,47242,GREENEX CL 514,Consumidor Livre,NORTE,13.104,0.254031
,2024-01-03,47242,GREENEX CL 514,Consumidor Livre,NORTE,13.104,0.27228
,2024-01-04,47242,GREENEX CL 514,Consumidor Livre,NORTE,13.104,0.247776
,2024-01-05,47242,GREENEX CL 514,Consumidor Livre,NORTE,13.104,0.280125
,2024-01-06,47242,GREENEX CL 514,Consumidor Livre,NORTE,13.104,0.263678
,2024-01-07,47242,GREENEX CL 514,Consumidor Livre,NORTE,13.104,0.239353
,2024-01-08,47242,GREENEX CL 514,Consumidor Livre,NORTE,13.104,0.299308
,2024-01-09,47242,GREENEX CL 514,Consumidor Livre,NORTE,13.104,2.991616
,2024-01-10,47242,GREENEX CL 514,Consumidor Livre,NORTE,13.104,3.001574
,2024-01-11,47242,GREENEX CL 514,Consumidor Livre,NORTE,13.104,3.237357
,2024-01-12,47242,GREENEX CL 514,Consumidor Livre,NORTE,13.104,2.7752280000000003
,2024-01-13,47242,GREENEX CL 514,Consumidor Livre,NORTE,13.104,0.595032
,2024-01-14,47242,GREENEX CL 514,Consumidor Livre,NORTE,13.104,0.298627
,2024-01-15,47242,GREENEX CL 514,Consumidor Livre,NORTE,13.104,2.109053
,2024-01-16,47242,GREENEX CL 514,Consumidor Livre,NORTE,13.104,2.743617
,2024-01-17,47242,GREENEX CL 514,Consumidor Livre,NORTE,13.104,2.744538
,2024-01-18,47242,GREENEX CL 514,Consumidor Livre,NORTE,13.104,2.585144
,2024-01-19,47242,GREENEX CL 514,Consumidor Livre,NORTE,13.104,2.892347
,2024-01-20,47242,GREENEX CL 514,Consumidor Livre,NORTE,13.104,0.277538
,2024-01-21,47242,GREENEX CL 514,Consumidor Livre,NORTE,13.104,0.261585
,2024-01-22,47242,GREENEX CL 514,Consumidor Livre,NORTE,13.104,3.006857
,2024-01-23,47242,GREENEX CL 514,Consumidor Livre,NORTE,13.104,2.957477
,2024-01-24,47242,GREENEX CL 514,Consumidor Livre,NORTE,13.104,2.883966
,2024-01-25,47242,GREENEX CL 514,Consumidor Livre,NORTE,13.104,2.894191
,2024-01-26,47242,GREENEX CL 514,Consumidor Livre,NORTE,13.104,3.010622
,2024-01-27,47242,GREENEX CL 514,Consumidor Livre,NORTE,13.104,1.354619
,2024-01-28,47242,GREENEX CL 514,Consumidor Livre,NORTE,13.104,0.992849
,2024-01-29,47242,GREENEX CL 514,Consumidor Livre,NORTE,13.104,3.449825
,2024-01-30,47242,GREENEX CL 514,Consumidor Livre,NORTE,13.104,3.49982
,2024-01-31,47242,GREENEX CL 514,Consumidor Livre,NORTE,13.104,3.375224
,2024-02-01,47242,GREENEX CL 514,Consumidor Livre,NORTE,13.104,3.254078
,2024-02-02,47242,GREENEX CL 514,Consumidor Livre,NORTE,13.104,3.129661
,2024-02-03,47242,GREENEX CL 514,Consumidor Livre,NORTE,13.104,0.769052
,2024-02-04,47242,GREENEX CL 514,Consumidor Livre,NORTE,13.104,0.764319
,2024-02-05,47242,GREENEX CL 514,Consumidor Livre,NORTE,13.104,3.589282
,2024-02-06,47242,GREENEX CL 514,Consumidor Livre,NORTE,13.104,3.593385
,2024-02-07,47242,GREENEX CL 514,Consumidor Livre,NORTE,13.104,3.878204
,2024-02-08,47242,GREENEX CL 514,Consumidor Livre,NORTE,13.104,3.68739
,2024-02-09,47242,GREENEX CL 514,Consumidor Livre,NORTE,13.104,3.627437
,2024-02-10,47242,GREENEX CL 514,Consumidor Livre,NORTE,13.104,1.952254
,2024-02-11,47242,GREENEX CL 514,Consumidor Livre,NORTE,13.104,1.208911
,2024-02-12,47242,GREENEX CL 514,Consumidor Livre,NORTE,13.104,1.01988
,2024-02-13,47242,GREENEX CL 514,Consumidor Livre,NORTE,13.104,1.236102
,2024-02-14,47242,GREENEX CL 514,Consumidor Livre,NORTE,13.104,3.675485
,2024-02-15,47242,GREENEX CL 514,Consumidor Livre,NORTE,13.104,3.77808
,2024-02-16,47242,GREENEX CL 514,Consumidor Livre,NORTE,13.104,3.130619
,2024-02-17,47242,GREENEX CL 514,Consumidor Livre,NORTE,13.104,1.158173
,2024-02-18,47242,GREENEX CL 514,Consumidor Livre,NORTE,13.104,0.423454
,2024-02-19,47242,GREENEX CL 514,Consumidor Livre,NORTE,13.104,2.997264
,2024-02-20,47242,GREENEX CL 514,Consumidor Livre,NORTE,13.104,3.068538
,2024-02-21,47242,GREENEX CL 514,Consumidor Livre,NORTE,13.104,3.222786
,2024-02-22,47242,GREENEX CL 514,Consumidor Livre,NORTE,13.104,3.813251
,2024-02-23,47242,GREENEX CL 514,Consumidor Livre,NORTE,13.104,3.333604
,2024-02-24,47242,GREENEX CL 514,Consumidor Livre,NORTE,13.104,1.645778
,2024-02-25,47242,GREENEX CL 514,Consumidor Livre,NORTE,13.104,1.222413
,2024-02-26,47242,GREENEX CL 514,Consumidor Livre,NORTE,13.104,4.128938
,2024-02-27,47242,GREENEX CL 514,Consumidor Livre,NORTE,13.104,4.023233
,2024-02-28,47242,GREENEX CL 514,Consumidor Livre,NORTE,13.104,4.044504
,2024-02-29,47242,GREENEX CL 514,Consumidor Livre,NORTE,13.104,3.988479
202403.0,2024-03-01,47242,GREENEX CL 514,Consumidor Livre,NORTE,13.104,3.468549
202403.0,2024-03-02,47242,GREENEX CL 514,Consumidor Livre,NORTE,13.104,0.524938
202403.0,2024-03-03,47242,GREENEX CL 514,Consumidor Livre,NORTE,13.104,0.37263
202403.0,2024-03-04,47242,GREENEX CL 514,Consumidor Livre,NORTE,13.104,2.97523
202403.0,2024-03-05,47242,GREENEX CL 514,Consumidor Livre,NORTE,13.104,3.056364
202403.0,2024-03-06,47242,GREENEX CL 514,Consumidor Livre,NORTE,13.104,2.867112
202403.0,2024-03-07,47242,GREENEX CL 514,Consumidor Livre,NORTE,13.104,3.496981
202403.0,2024-03-08,47242,GREENEX CL 514,Consumidor Livre,NORTE,13.104,2.980735
202403.0,2024-03-09,47242,GREENEX CL 514,Consumidor Livre,NORTE,13.104,1.137172
202403.0,2024-03-10,47242,GREENEX CL 514,Consumidor Livre,NORTE,13.104,1.595641
202403.0,2024-03-11,47242,GREENEX CL 514,Consumidor Livre,NORTE,13.104,4.084778
202403.0,2024-03-12,47242,GREENEX CL 514,Consumidor Livre,NORTE,13.104,3.664453
202403.0,2024-03-13,47242,GREENEX CL 514,Consumidor Livre,NORTE,13.104,4.035947
202403.0,2024-03-14,47242,GREENEX CL 514,Consumidor Livre,NORTE,13.104,3.985103
202403.0,2024-03-15,47242,GREENEX CL 514,Consumidor Livre,NORTE,13.104,3.904999
202403.0,2024-03-16,47242,GREENEX CL 514,Consumidor Livre,NORTE,13.104,1.621037
202403.0,2024-03-17,47242,GREENEX CL 514,Consumidor Livre,NORTE,13.104,1.3898
202403.0,2024-03-18,47242,GREENEX CL 514,Consumidor Livre,NORTE,13.104,3.70449
202403.0,2024-03-19,47242,GREENEX CL 514,Consumidor Livre,NORTE,13.104,3.470974
202403.0,2024-03-20,47242,GREENEX CL 514,Consumidor Livre,NORTE,13.104,3.105101
202403.0,2024-03-21,47242,GREENEX CL 514,Consumidor Livre,NORTE,13.104,3.367156
202403.0,2024-03-22,47242,GREENEX CL 514,Consumidor Livre,NORTE,13.104,3.14297
202403.0,2024-03-23,47242,GREENEX CL 514,Consumidor Livre,NORTE,13.104,1.371437
202403.0,2024-03-24,47242,GREENEX CL 514,Consumidor Livre,NORTE,13.104,1.272827
202403.0,2024-03-25,47242,GREENEX CL 514,Consumidor Livre,NORTE,13.104,3.52395
202403.0,2024-03-26,47242,GREENEX CL 514,Consumidor Livre,NORTE,13.104,3.270629
202403.0,2024-03-27,47242,GREENEX CL 514,Consumidor Livre,NORTE,13.104,3.417282
202403.0,2024-03-28,47242,GREENEX CL 514,Consumidor Livre,NORTE,13.104,3.808564
202403.0,2024-03-29,47242,GREENEX CL 514,Consumidor Livre,NORTE,13.104,1.247095
202403.0,2024-03-30,47242,GREENEX CL 514,Consumidor Livre,NORTE,13.104,1.238708
202403.0,2024-03-31,47242,GREENEX CL 514,Consumidor Livre,NORTE,13.104,1.258033
202404.0,2024-04-01,47242,GREENEX CL 514,Consumidor Livre,NORTE,13.104,3.509147
202404.0,2024-04-02,47242,GREENEX CL 514,Consumidor Livre,NORTE,13.104,3.339277
202404.0,2024-04-03,47242,GREENEX CL 514,Consumidor Livre,NORTE,13.104,3.781374
202404.0,2024-04-04,47242,GREENEX CL 514,Consumidor Livre,NORTE,13.104,3.573237
202404.0,2024-04-05,47242,GREENEX CL 514,Consumidor Livre,NORTE,13.104,3.454086
202404.0,2024-04-06,47242,GREENEX CL 514,Consumidor Livre,NORTE,13.104,1.606316
202404.0,2024-04-07,47242,GREENEX CL 514,Consumidor Livre,NORTE,13.104,1.509185
202404.0,2024-04-08,47242,GREENEX CL 514,Consumidor Livre,NORTE,13.104,3.428055
202404.0,2024-04-09,47242,GREENEX CL 514,Consumidor Livre,NORTE,13.104,4.275279
202404.0,2024-04-10,47242,GREENEX CL 514,Consumidor Livre,NORTE,13.104,4.24021
202404.0,2024-04-11,47242,GREENEX CL 514,Consumidor Livre,NORTE,13.104,4.285374
202404.0,2024-04-12,47242,GREENEX CL 514,Consumidor Livre,NORTE,13.104,4.035266
202404.0,2024-04-13,47242,GREENEX CL 514,Consumidor Livre,NORTE,13.104,1.942923
202404.0,2024-04-14,47242,GREENEX CL 514,Consumidor Livre,NORTE,13.104,1.70031
202404.0,2024-04-15,47242,GREENEX CL 514,Consumidor Livre,NORTE,13.104,4.106476
202404.0,2024-04-16,47242,GREENEX CL 514,Consumidor Livre,NORTE,13.104,3.368356
202404.0,2024-04-17,47242,GREENEX CL 514,Consumidor Livre,NORTE,13.104,3.967356
202404.0,2024-04-18,47242,GREENEX CL 514,Consumidor Livre,NORTE,13.104,3.917407
202404.0,2024-04-19,47242,GREENEX CL 514,Consumidor Livre,NORTE,13.104,3.836118
202404.0,2024-04-20,47242,GREENEX CL 514,Consumidor Livre,NORTE,13.104,1.540926
202404.0,2024-04-21,47242,GREENEX CL 514,Consumidor Livre,NORTE,13.104,1.65084
202404.0,2024-04-22,47242,GREENEX CL 514,Consumidor Livre,NORTE,13.104,4.151547
202404.0,2024-04-23,47242,GREENEX CL 514,Consumidor Livre,NORTE,13.104,4.253114
202404.0,2024-04-24,47242,GREENEX CL 514,Consumidor Livre,NORTE,13.104,3.883439
202404.0,2024-04-25,47242,GREENEX CL 514,Consumidor Livre,NORTE,13.104,3.596724
202404.0,2024-04-26,47242,GREENEX CL 514,Consumidor Livre,NORTE,13.104,3.348491
202404.0,2024-04-27,47242,GREENEX CL 514,Consumidor Livre,NORTE,13.104,1.293786
202404.0,2024-04-28,47242,GREENEX CL 514,Consumidor Livre,NORTE,13.104,1.267606
202404.0,2024-04-29,47242,GREENEX CL 514,Consumidor Livre,NORTE,13.104,4.48573
202404.0,2024-04-30,47242,GREENEX CL 514,Consumidor Livre,NORTE,13.104,4.292251
202405.0,2024-05-01,47242,GREENEX CL 514,Consumidor Livre,NORTE,13.104,1.65544
202405.0,2024-05-02,47242,GREENEX CL 514,Consumidor Livre,NORTE,13.104,4.566533
202405.0,2024-05-03,47242,GREENEX CL 514,Consumidor Livre,NORTE,13.104,3.955076
202405.0,2024-05-04,47242,GREENEX CL 514,Consumidor Livre,NORTE,13.104,2.075678
202405.0,2024-05-05,47242,GREENEX CL 514,Consumidor Livre,NORTE,13.104,1.584549
202405.0,2024-05-06,47242,GREENEX CL 514,Consumidor Livre,NORTE,13.104,4.296127
202405.0,2024-05-07,47242,GREENEX CL 514,Consumidor Livre,NORTE,13.104,4.199054
202405.0,2024-05-08,47242,GREENEX CL 514,Consumidor Livre,NORTE,13.104,4.363043
202405.0,2024-05-09,47242,GREENEX CL 514,Consumidor Livre,NORTE,13.104,5.330748
202405.0,2024-05-10,47242,GREENEX CL 514,Consumidor Livre,NORTE,13.104,3.718181
202405.0,2024-05-11,47242,GREENEX CL 514,Consumidor Livre,NORTE,13.104,1.338806
202405.0,2024-05-12,47242,GREENEX CL 514,Consumidor Livre,NORTE,13.104,1.181918
202405.0,2024-05-13,47242,GREENEX CL 514,Consumidor Livre,NORTE,13.104,3.515701
202405.0,2024-05-14,47242,GREENEX CL 514,Consumidor Livre,NORTE,13.104,3.3414
202405.0,2024-05-15,47242,GREENEX CL 514,Consumidor Livre,NORTE,13.104,3.753674
202405.0,2024-05-16,47242,GREENEX CL 514,Consumidor Livre,NORTE,13.104,4.555149
202405.0,2024-05-17,47242,GREENEX CL 514,Consumidor Livre,NORTE,13.104,4.36174
202405.0,2024-05-18,47242,GREENEX CL 514,Consumidor Livre,NORTE,13.104,1.958668
202405.0,2024-05-19,47242,GREENEX CL 514,Consumidor Livre,NORTE,13.104,1.680487
202405.0,2024-05-20,47242,GREENEX CL 514,Consumidor Livre,NORTE,13.104,4.357214
202405.0,2024-05-21,47242,GREENEX CL 514,Consumidor Livre,NORTE,13.104,4.816449
202405.0,2024-05-22,47242,GREENEX CL 514,Consumidor Livre,NORTE,13.104,4.746156
202405.0,2024-05-23,47242,GREENEX CL 514,Consumidor Livre,NORTE,13.104,4.522569
202405.0,2024-05-24,47242,GREENEX CL 514,Consumidor Livre,NORTE,13.104,3.678243
202405.0,2024-05-25,47242,GREENEX CL 514,Consumidor Livre,NORTE,13.104,1.376203
202405.0,2024-05-26,47242,GREENEX CL 514,Consumidor Livre,NORTE,13.104,1.260737
202405.0,2024-05-27,47242,GREENEX CL 514,Consumidor Livre,NORTE,13.104,3.698142
202405.0,2024-05-28,47242,GREENEX CL 514,Consumidor Livre,NORTE,13.104,3.960327
202405.0,2024-05-29,47242,GREENEX CL 514,Consumidor Livre,NORTE,13.104,3.674569
202405.0,2024-05-30,47242,GREENEX CL 514,Consumidor Livre,NORTE,13.104,4.001258
202405.0,2024-05-31,47242,GREENEX CL 514,Consumidor Livre,NORTE,13.104,3.811328
202406.0,2024-06-01,47242,GREENEX CL 514,Consumidor Livre,NORTE,13.104,0.956322
202406.0,2024-06-02,47242,GREENEX CL 514,Consumidor Livre,NORTE,13.104,0.74469
202406.0,2024-06-03,47242,GREENEX CL 514,Consumidor Livre,NORTE,13.104,3.472557
202406.0,2024-06-04,47242,GREENEX CL 514,Consumidor Livre,NORTE,13.104,4.082489
202406.0,2024-06-05,47242,GREENEX CL 514,Consumidor Livre,NORTE,13.104,4.0739980000000005
202406.0,2024-06-06,47242,GREENEX CL 514,Consumidor Livre,NORTE,13.104,4.2672
202406.0,2024-06-07,47242,GREENEX CL 514,Consumidor Livre,NORTE,13.104,4.040664
202406.0,2024-06-08,47242,GREENEX CL 514,Consumidor Livre,NORTE,13.104,2.00925
202406.0,2024-06-09,47242,GREENEX CL 514,Consumidor Livre,NORTE,13.104,1.245717
202406.0,2024-06-10,47242,GREENEX CL 514,Consumidor Livre,NORTE,13.104,4.685359
202406.0,2024-06-11,47242,GREENEX CL 514,Consumidor Livre,NORTE,13.104,4.451232
202406.0,2024-06-12,47242,GREENEX CL 514,Consumidor Livre,NORTE,13.104,4.467764
202406.0,2024-06-13,47242,GREENEX CL 514,Consumidor Livre,NORTE,13.104,4.391925
202406.0,2024-06-14,47242,GREENEX CL 514,Consumidor Livre,NORTE,13.104,4.297245
202406.0,2024-06-15,47242,GREENEX CL 514,Consumidor Livre,NORTE,13.104,1.249804
202406.0,2024-06-16,47242,GREENEX CL 514,Consumidor Livre,NORTE,13.104,1.164678
202406.0,2024-06-17,47242,GREENEX CL 514,Consumidor Livre,NORTE,13.104,4.019391
202406.0,2024-06-18,47242,GREENEX CL 514,Consumidor Livre,NORTE,13.104,3.970365
202406.0,2024-06-19,47242,GREENEX CL 514,Consumidor Livre,NORTE,13.104,3.879632
202406.0,2024-06-20,47242,GREENEX CL 514,Consumidor Livre,NORTE,13.104,4.075453
202406.0,2024-06-21,47242,GREENEX CL 514,Consumidor Livre,NORTE,13.104,3.591842
202406.0,2024-06-22,47242,GREENEX CL 514,Consumidor Livre,NORTE,13.104,1.664479
202406.0,2024-06-23,47242,GREENEX CL 514,Consumidor Livre,NORTE,13.104,1.250737
202406.0,2024-06-24,47242,GREENEX CL 514,Consumidor Livre,NORTE,13.104,3.753671
202406.0,2024-06-25,47242,GREENEX CL 514,Consumidor Livre,NORTE,13.104,3.992359
202406.0,2024-06-26,47242,GREENEX CL 514,Consumidor Livre,NORTE,13.104,4.297049
202406.0,2024-06-27,47242,GREENEX CL 514,Consumidor Livre,NORTE,13.104,4.414072
202406.0,2024-06-28,47242,GREENEX CL 514,Consumidor Livre,NORTE,13.104,3.649016
202406.0,2024-06-29,47242,GREENEX CL 514,Consumidor Livre,NORTE,13.104,2.198509
202406.0,2024-06-30,47242,GREENEX CL 514,Consumidor Livre,NORTE,13.104,1.718443
202407.0,2024-07-01,47242,GREENEX CL 514,Consumidor Livre,NORTE,13.104,3.72129
202407.0,2024-07-02,47242,GREENEX CL 514,Consumidor Livre,NORTE,13.104,3.314841
202407.0,2024-07-03,47242,GREENEX CL 514,Consumidor Livre,NORTE,13.104,3.296879
202407.0,2024-07-04,47242,GREENEX CL 514,Consumidor Livre,NORTE,13.104,3.406231
202407.0,2024-07-05,47242,GREENEX CL 514,Consumidor Livre,NORTE,13.104,2.659816
202407.0,2024-07-06,47242,GREENEX CL 514,Consumidor Livre,NORTE,13.104,0.335437
202407.0,2024-07-07,47242,GREENEX CL 514,Consumidor Livre,NORTE,13.104,0.340125
202407.0,2024-07-08,47242,GREENEX CL 514,Consumidor Livre,NORTE,13.104,3.172099
202407.0,2024-07-09,47242,GREENEX CL 514,Consumidor Livre,NORTE,13.104,3.333005
202407.0,2024-07-10,47242,GREENEX CL 514,Consumidor Livre,NORTE,13.104,3.556422
202407.0,2024-07-11,47242,GREENEX CL 514,Consumidor Livre,NORTE,13.104,3.710186
202407.0,2024-07-12,47242,GREENEX CL 514,Consumidor Livre,NORTE,13.104,3.819269
202407.0,2024-07-13,47242,GREENEX CL 514,Consumidor Livre,NORTE,13.104,1.980086
202407.0,2024-07-14,47242,GREENEX CL 514,Consumidor Livre,NORTE,13.104,1.22868
202407.0,2024-07-15,47242,GREENEX CL 514,Consumidor Livre,NORTE,13.104,4.188111
202407.0,2024-07-16,47242,GREENEX CL 514,Consumidor Livre,NORTE,13.104,3.57164
202407.0,2024-07-17,47242,GREENEX CL 514,Consumidor Livre,NORTE,13.104,4.021262
202407.0,2024-07-18,47242,GREENEX CL 514,Consumidor Livre,NORTE,13.104,4.32257
202407.0,2024-07-19,47242,GREENEX CL 514,Consumidor Livre,NORTE,13.104,3.497594
202407.0,2024-07-20,47242,GREENEX CL 514,Consumidor Livre,NORTE,13.104,0.859794
202407.0,2024-07-21,47242,GREENEX CL 514,Consumidor Livre,NORTE,13.104,0.984231
202407.0,2024-07-22,47242,GREENEX CL 514,Consumidor Livre,NORTE,13.104,4.2291680000000005
202407.0,2024-07-23,47242,GREENEX CL 514,Consumidor Livre,NORTE,13.104,3.931517
202407.0,2024-07-24,47242,GREENEX CL 514,Consumidor Livre,NORTE,13.104,3.798445
202407.0,2024-07-25,47242,GREENEX CL 514,Consumidor Livre,NORTE,13.104,3.684404
202407.0,2024-07-26,47242,GREENEX CL 514,Consumidor Livre,NORTE,13.104,3.217584
202407.0,2024-07-27,47242,GREENEX CL 514,Consumidor Livre,NORTE,13.104,1.991691
202407.0,2024-07-28,47242,GREENEX CL 514,Consumidor Livre,NORTE,13.104,1.635109
202407.0,2024-07-29,47242,GREENEX CL 514,Consumidor Livre,NORTE,13.104,3.327408
202407.0,2024-07-30,47242,GREENEX CL 514,Consumidor Livre,NORTE,13.104,3.334866
202407.0,2024-07-31,47242,GREENEX CL 514,Consumidor Livre,NORTE,13.104,3.118616
202408.0,2024-08-01,47242,GREENEX CL 514,Consumidor Livre,NORTE,13.104,3.628379
202408.0,2024-08-02,47242,GREENEX CL 514,Consumidor Livre,NORTE,13.104,3.040556
202408.0,2024-08-03,47242,GREENEX CL 514,Consumidor Livre,NORTE,13.104,0.759793
202408.0,2024-08-04,47242,GREENEX CL 514,Consumidor Livre,NORTE,13.104,0.361299
202408.0,2024-08-05,47242,GREENEX CL 514,Consumidor Livre,NORTE,13.104,2.881772
202408.0,2024-08-06,47242,GREENEX CL 514,Consumidor Livre,NORTE,13.104,2.865847
202408.0,2024-08-07,47242,GREENEX CL 514,Consumidor Livre,NORTE,13.104,3.555143
202408.0,2024-08-08,47242,GREENEX CL 514,Consumidor Livre,NORTE,13.104,3.489454
202408.0,2024-08-09,47242,GREENEX CL 514,Consumidor Livre,NORTE,13.104,3.246875
202408.0,2024-08-10,47242,GREENEX CL 514,Consumidor Livre,NORTE,13.104,1.332736
202408.0,2024-08-11,47242,GREENEX CL 514,Consumidor Livre,NORTE,13.104,1.215539
202408.0,2024-08-12,47242,GREENEX CL 514,Consumidor Livre,NORTE,13.104,3.363346
202408.0,2024-08-13,47242,GREENEX CL 514,Consumidor Livre,NORTE,13.104,3.607796
202408.0,2024-08-14,47242,GREENEX CL 514,Consumidor Livre,NORTE,13.104,3.520106
202408.0,2024-08-15,47242,GREENEX CL 514,Consumidor Livre,NORTE,13.104,0.973277
202408.0,2024-08-16,47242,GREENEX CL 514,Consumidor Livre,NORTE,13.104,3.729696
202408.0,2024-08-17,47242,GREENEX CL 514,Consumidor Livre,NORTE,13.104,1.579107
202408.0,2024-08-18,47242,GREENEX CL 514,Consumidor Livre,NORTE,13.104,1.632114
202408.0,2024-08-19,47242,GREENEX CL 514,Consumidor Livre,NORTE,13.104,4.148776
202408.0,2024-08-20,47242,GREENEX CL 514,Consumidor Livre,NORTE,13.104,4.520836
202408.0,2024-08-21,47242,GREENEX CL 514,Consumidor Livre,NORTE,13.104,4.362506
202408.0,2024-08-22,47242,GREENEX CL 514,Consumidor Livre,NORTE,13.104,4.461312
202408.0,2024-08-23,47242,GREENEX CL 514,Consumidor Livre,NORTE,13.104,4.109852
202408.0,2024-08-24,47242,GREENEX CL 514,Consumidor Livre,NORTE,13.104,1.167865
202408.0,2024-08-25,47242,GREENEX CL 514,Consumidor Livre,NORTE,13.104,1.647159
202408.0,2024-08-26,47242,GREENEX CL 514,Consumidor Livre,NORTE,13.104,4.515219
202408.0,2024-08-27,47242,GREENEX CL 514,Consumidor Livre,NORTE,13.104,4.864777
202408.0,2024-08-28,47242,GREENEX CL 514,Consumidor Livre,NORTE,13.104,4.249632
202408.0,2024-08-29,47242,GREENEX CL 514,Consumidor Livre,NORTE,13.104,4.448437
202408.0,2024-08-30,47242,GREENEX CL 514,Consumidor Livre,NORTE,13.104,4.15783
202408.0,2024-08-31,47242,GREENEX CL 514,Consumidor Livre,NORTE,13.104,1.741175
202409.0,2024-09-01,47242,GREENEX CL 514,Consumidor Livre,NORTE,13.104,1.632048
202409.0,2024-09-02,47242,GREENEX CL 514,Consumidor Livre,NORTE,13.104,4.719709
202409.0,2024-09-03,47242,GREENEX CL 514,Consumidor Livre,NORTE,13.104,4.677426
202409.0,2024-09-04,47242,GREENEX CL 514,Consumidor Livre,NORTE,13.104,4.395295
202409.0,2024-09-05,47242,GREENEX CL 514,Consumidor Livre,NORTE,13.104,4.325405
202409.0,2024-09-06,47242,GREENEX CL 514,Consumidor Livre,NORTE,13.104,4.249087
202409.0,2024-09-07,47242,GREENEX CL 514,Consumidor Livre,NORTE,13.104,1.541857
202409.0,2024-09-08,47242,GREENEX CL 514,Consumidor Livre,NORTE,13.104,1.62935
202409.0,2024-09-09,47242,GREENEX CL 514,Consumidor Livre,NORTE,13.104,4.00879
202409.0,2024-09-10,47242,GREENEX CL 514,Consumidor Livre,NORTE,13.104,3.487753
202409.0,2024-09-11,47242,GREENEX CL 514,Consumidor Livre,NORTE,13.104,3.212576
202409.0,2024-09-12,47242,GREENEX CL 514,Consumidor Livre,NORTE,13.104,3.566482
202409.0,2024-09-13,47242,GREENEX CL 514,Consumidor Livre,NORTE,13.104,3.313919
202409.0,2024-09-14,47242,GREENEX CL 514,Consumidor Livre,NORTE,13.104,1.071366
202409.0,2024-09-15,47242,GREENEX CL 514,Consumidor Livre,NORTE,13.104,0.721646
202409.0,2024-09-16,47242,GREENEX CL 514,Consumidor Livre,NORTE,13.104,3.748032
202409.0,2024-09-17,47242,GREENEX CL 514,Consumidor Livre,NORTE,13.104,3.950949
202409.0,2024-09-18,47242,GREENEX CL 514,Consumidor Livre,NORTE,13.104,3.983983
202409.0,2024-09-19,47242,GREENEX CL 514,Consumidor Livre,NORTE,13.104,4.170444
202409.0,2024-09-20,47242,GREENEX CL 514,Consumidor Livre,NORTE,13.104,3.498009
202409.0,2024-09-21,47242,GREENEX CL 514,Consumidor Livre,NORTE,13.104,1.631816
202409.0,2024-09-22,47242,GREENEX CL 514,Consumidor Livre,NORTE,13.104,0.877471
202409.0,2024-09-23,47242,GREENEX CL 514,Consumidor Livre,NORTE,13.104,3.665674
202409.0,2024-09-24,47242,GREENEX CL 514,Consumidor Livre,NORTE,13.104,3.669097
202409.0,2024-09-25,47242,GREENEX CL 514,Consumidor Livre,NORTE,13.104,3.658229
202409.0,2024-09-26,47242,GREENEX CL 514,Consumidor Livre,NORTE,13.104,3.656892
202409.0,2024-09-27,47242,GREENEX CL 514,Consumidor Livre,NORTE,13.104,3.253193
202409.0,2024-09-28,47242,GREENEX CL 514,Consumidor Livre,NORTE,13.104,1.25753
202409.0,2024-09-29,47242,GREENEX CL 514,Consumidor Livre,NORTE,13.104,0.697183
202409.0,2024-09-30,47242,GREENEX CL 514,Consumidor Livre,NORTE,13.104,3.414593
202410.0,2024-10-01,47242,GREENEX CL 514,Consumidor Livre,NORTE,13.104,3.845362
202410.0,2024-10-02,47242,GREENEX CL 514,Consumidor Livre,NORTE,13.104,3.98958
202410.0,2024-10-03,47242,GREENEX CL 514,Consumidor Livre,NORTE,13.104,3.57257
202410.0,2024-10-04,47242,GREENEX CL 514,Consumidor Livre,NORTE,13.104,3.613759
202410.0,2024-10-05,47242,GREENEX CL 514,Consumidor Livre,NORTE,13.104,1.592709
202410.0,2024-10-06,47242,GREENEX CL 514,Consumidor Livre,NORTE,13.104,1.064087
202410.0,2024-10-07,47242,GREENEX CL 514,Consumidor Livre,NORTE,13.104,3.637489
202410.0,2024-10-08,47242,GREENEX CL 514,Consumidor Livre,NORTE,13.104,3.487541
202410.0,2024-10-09,47242,GREENEX CL 514,Consumidor Livre,NORTE,13.104,3.292004
202410.0,2024-10-10,47242,GREENEX CL 514,Consumidor Livre,NORTE,13.104,3.479295
202410.0,2024-10-11,47242,GREENEX CL 514,Consumidor Livre,NORTE,13.104,3.280129
202410.0,2024-10-12,47242,GREENEX CL 514,Consumidor Livre,NORTE,13.104,1.075401
202410.0,2024-10-13,47242,GREENEX CL 514,Consumidor Livre,NORTE,13.104,1.098174
202410.0,2024-10-14,47242,GREENEX CL 514,Consumidor Livre,NORTE,13.104,2.899672
202410.0,2024-10-15,47242,GREENEX CL 514,Consumidor Livre,NORTE,13.104,2.798008
202410.0,2024-10-16,47242,GREENEX CL 514,Consumidor Livre,NORTE,13.104,2.158158
202410.0,2024-10-17,47242,GREENEX CL 514,Consumidor Livre,NORTE,13.104,3.036794
202410.0,2024-10-18,47242,GREENEX CL 514,Consumidor Livre,NORTE,13.104,2.740047
202410.0,2024-10-19,47242,GREENEX CL 514,Consumidor Livre,NORTE,13.104,1.600107
202410.0,2024-10-20,47242,GREENEX CL 514,Consumidor Livre,NORTE,13.104,1.41757
202410.0,2024-10-21,47242,GREENEX CL 514,Consumidor Livre,NORTE,13.104,2.829647
202410.0,2024-10-22,47242,GREENEX CL 514,Consumidor Livre,NORTE,13.104,2.888156
202410.0,2024-10-23,47242,GREENEX CL 514,Consumidor Livre,NORTE,13.104,2.743188
202410.0,2024-10-24,47242,GREENEX CL 514,Consumidor Livre,NORTE,13.104,3.057266
202410.0,2024-10-25,47242,GREENEX CL 514,Consumidor Livre,NORTE,13.104,2.830201
202410.0,2024-10-26,47242,GREENEX CL 514,Consumidor Livre,NORTE,13.104,1.340871
202410.0,2024-10-27,47242,GREENEX CL 514,Consumidor Livre,NORTE,13.104,1.094934
202410.0,2024-10-28,47242,GREENEX CL 514,Consumidor Livre,NORTE,13.104,3.132824
202410.0,2024-10-29,47242,GREENEX CL 514,Consumidor Livre,NORTE,13.104,3.021851
202410.0,2024-10-30,47242,GREENEX CL 514,Consumidor Livre,NORTE,13.104,3.249394
202410.0,2024-10-31,47242,GREENEX CL 514,Consumidor Livre,NORTE,13.104,3.106606
202411.0,2024-11-01,47242,GREENEX CL 514,Consumidor Livre,NORTE,13.104,2.746272
202411.0,2024-11-02,47242,GREENEX CL 514,Consumidor Livre,NORTE,13.104,0.270651
202411.0,2024-11-03,47242,GREENEX CL 514,Consumidor Livre,NORTE,13.104,0.268217
202411.0,2024-11-04,47242,GREENEX CL 514,Consumidor Livre,NORTE,13.104,3.237968
202411.0,2024-11-05,47242,GREENEX CL 514,Consumidor Livre,NORTE,13.104,3.318261
202411.0,2024-11-06,47242,GREENEX CL 514,Consumidor Livre,NORTE,13.104,2.923362
202411.0,2024-11-07,47242,GREENEX CL 514,Consumidor Livre,NORTE,13.104,3.519019
202411.0,2024-11-08,47242,GREENEX CL 514,Consumidor Livre,NORTE,13.104,3.467434
202411.0,2024-11-09,47242,GREENEX CL 514,Consumidor Livre,NORTE,13.104,1.145219
202411.0,2024-11-10,47242,GREENEX CL 514,Consumidor Livre,NORTE,13.104,1.028253
202411.0,2024-11-11,47242,GREENEX CL 514,Consumidor Livre,NORTE,13.104,3.484346
202411.0,2024-11-12,47242,GREENEX CL 514,Consumidor Livre,NORTE,13.104,3.428285
202411.0,2024-11-13,47242,GREENEX CL 514,Consumidor Livre,NORTE,13.104,2.656527
202411.0,2024-11-14,47242,GREENEX CL 514,Consumidor Livre,NORTE,13.104,3.136816
202411.0,2024-11-15,47242,GREENEX CL 514,Consumidor Livre,NORTE,13.104,0.772607
202411.0,2024-11-16,47242,GREENEX CL 514,Consumidor Livre,NORTE,13.104,0.976866
202411.0,2024-11-17,47242,GREENEX CL 514,Consumidor Livre,NORTE,13.104,1.15829
202411.0,2024-11-18,47242,GREENEX CL 514,Consumidor Livre,NORTE,13.104,3.920187
202411.0,2024-11-19,47242,GREENEX CL 514,Consumidor Livre,NORTE,13.104,4.109453
202411.0,2024-11-20,47242,GREENEX CL 514,Consumidor Livre,NORTE,13.104,1.222473
202411.0,2024-11-21,47242,GREENEX CL 514,Consumidor Livre,NORTE,13.104,3.462207
202411.0,2024-11-22,47242,GREENEX CL 514,Consumidor Livre,NORTE,13.104,3.497931
202411.0,2024-11-23,47242,GREENEX CL 514,Consumidor Livre,NORTE,13.104,1.38686
202411.0,2024-11-24,47242,GREENEX CL 514,Consumidor Livre,NORTE,13.104,0.313923
202411.0,2024-11-25,47242,GREENEX CL 514,Consumidor Livre,NORTE,13.104,2.988267
202411.0,2024-11-26,47242,GREENEX CL 514,Consumidor Livre,NORTE,13.104,3.143573
202411.0,2024-11-27,47242,GREENEX CL 514,Consumidor Livre,NORTE,13.104,2.813231
202411.0,2024-11-28,47242,GREENEX CL 514,Consumidor Livre,NORTE,13.104,2.978321
202411.0,2024-11-29,47242,GREENEX CL 514,Consumidor Livre,NORTE,13.104,2.371121
202411.0,2024-11-30,47242,GREENEX CL 514,Consumidor Livre,NORTE,13.104,0.286497
202412.0,2024-12-01,47242,GREENEX CL 514,Consumidor Livre,NORTE,13.104,0.275524
202412.0,2024-12-02,47242,GREENEX CL 514,Consumidor Livre,NORTE,13.104,2.918064
202412.0,2024-12-03,47242,GREENEX CL 514,Consumidor Livre,NORTE,13.104,3.016432
202412.0,2024-12-04,47242,GREENEX CL 514,Consumidor Livre,NORTE,13.104,3.002205
202412.0,2024-12-05,47242,GREENEX CL 514,Consumidor Livre,NORTE,13.104,3.459859
202412.0,2024-12-06,47242,GREENEX CL 514,Consumidor Livre,NORTE,13.104,3.099787
202412.0,2024-12-07,47242,GREENEX CL 514,Consumidor Livre,NORTE,13.104,1.079083
202412.0,2024-12-08,47242,GREENEX CL 514,Consumidor Livre,NORTE,13.104,0.7019070000000001
202412.0,2024-12-09,47242,GREENEX CL 514,Consumidor Livre,NORTE,13.104,2.798138
202412.0,2024-12-10,47242,GREENEX CL 514,Consumidor Livre,NORTE,13.104,2.960855
202412.0,2024-12-11,47242,GREENEX CL 514,Consumidor Livre,NORTE,13.104,2.809334
202412.0,2024-12-12,47242,GREENEX CL 514,Consumidor Livre,NORTE,13.104,2.975921
202412.0,2024-12-13,47242,GREENEX CL 514,Consumidor Livre,NORTE,13.104,2.558946
202412.0,2024-12-14,47242,GREENEX CL 514,Consumidor Livre,NORTE,13.104,0.895252
202412.0,2024-12-15,47242,GREENEX CL 514,Consumidor Livre,NORTE,13.104,0.269173
202412.0,2024-12-16,47242,GREENEX CL 514,Consumidor Livre,NORTE,13.104,3.11396
202412.0,2024-12-17,47242,GREENEX CL 514,Consumidor Livre,NORTE,13.104,2.914634
202412.0,2024-12-18,47242,GREENEX CL 514,Consumidor Livre,NORTE,13.104,2.683887
202412.0,2024-12-19,47242,GREENEX CL 514,Consumidor Livre,NORTE,13.104,3.026838
202412.0,2024-12-20,47242,GREENEX CL 514,Consumidor Livre,NORTE,13.104,2.342845
202412.0,2024-12-21,47242,GREENEX CL 514,Consumidor Livre,NORTE,13.104,0.252638
202412.0,2024-12-22,47242,GREENEX CL 514,Consumidor Livre,NORTE,13.104,0.276313
202412.0,2024-12-23,47242,GREENEX CL 514,Consumidor Livre,NORTE,13.104,0.320209
202412.0,2024-12-24,47242,GREENEX CL 514,Consumidor Livre,NORTE,13.104,0.255414
202412.0,2024-12-25,47242,GREENEX CL 514,Consumidor Livre,NORTE,13.104,0.252885
202412.0,2024-12-26,47242,GREENEX CL 514,Consumidor Livre,NORTE,13.104,0.306326
202412.0,2024-12-27,47242,GREENEX CL 514,Consumidor Livre,NORTE,13.104,0.319418
202412.0,2024-12-28,47242,GREENEX CL 514,Consumidor Livre,NORTE,13.104,0.299424
202412.0,2024-12-29,47242,GREENEX CL 514,Consumidor Livre,NORTE,13.104,0.230231
202412.0,2024-12-30,47242,GREENEX CL 514,Consumidor Livre,NORTE,13.104,0.242693
202412.0,2024-12-31,47242,GREENEX CL 514,Consumidor Livre,NORTE,13.104,0.276586
202501.0,2025-01-01,47242,GREENEX CL 514,Consumidor Livre,NORTE,13.104,0.245142
202501.0,2025-01-02,47242,GREENEX CL 514,Consumidor Livre,NORTE,13.104,0.279436
202501.0,2025-01-03,47242,GREENEX CL 514,Consumidor Livre,NORTE,13.104,0.293613
202501.0,2025-01-04,47242,GREENEX CL 514,Consumidor Livre,NORTE,13.104,0.276315
202501.0,2025-01-05,47242,GREENEX CL 514,Consumidor Livre,NORTE,13.104,0.216029
202501.0,2025-01-06,47242,GREENEX CL 514,Consumidor Livre,NORTE,13.104,0.8856890000000001
202501.0,2025-01-07,47242,GREENEX CL 514,Consumidor Livre,NORTE,13.104,1.287462
202501.0,2025-01-08,47242,GREENEX CL 514,Consumidor Livre,NORTE,13.104,1.310611
202501.0,2025-01-09,47242,GREENEX CL 514,Consumidor Livre,NORTE,13.104,1.323399
202501.0,2025-01-10,47242,GREENEX CL 514,Consumidor Livre,NORTE,13.104,1.118888
202501.0,2025-01-11,47242,GREENEX CL 514,Consumidor Livre,NORTE,13.104,0.308794
202501.0,2025-01-12,47242,GREENEX CL 514,Consumidor Livre,NORTE,13.104,0.241176
202501.0,2025-01-13,47242,GREENEX CL 514,Consumidor Livre,NORTE,13.104,3.003898
202501.0,2025-01-14,47242,GREENEX CL 514,Consumidor Livre,NORTE,13.104,3.012383
202501.0,2025-01-15,47242,GREENEX CL 514,Consumidor Livre,NORTE,13.104,3.073224
202501.0,2025-01-16,47242,GREENEX CL 514,Consumidor Livre,NORTE,13.104,3.2751
202501.0,2025-01-17,47242,GREENEX CL 514,Consumidor Livre,NORTE,13.104,3.135195
202501.0,2025-01-18,47242,GREENEX CL 514,Consumidor Livre,NORTE,13.104,0.751908
202501.0,2025-01-19,47242,GREENEX CL 514,Consumidor Livre,NORTE,13.104,0.733394
202501.0,2025-01-20,47242,GREENEX CL 514,Consumidor Livre,NORTE,13.104,3.502366
202501.0,2025-01-21,47242,GREENEX CL 514,Consumidor Livre,NORTE,13.104,3.994904
202501.0,2025-01-22,47242,GREENEX CL 514,Consumidor Livre,NORTE,13.104,2.358079
202501.0,2025-01-23,47242,GREENEX CL 514,Consumidor Livre,NORTE,13.104,3.43166
202501.0,2025-01-24,47242,GREENEX CL 514,Consumidor Livre,NORTE,13.104,3.073294
202501.0,2025-01-25,47242,GREENEX CL 514,Consumidor Livre,NORTE,13.104,1.110193
202501.0,2025-01-26,47242,GREENEX CL 514,Consumidor Livre,NORTE,13.104,0.392409
202501.0,2025-01-27,47242,GREENEX CL 514,Consumidor Livre,NORTE,13.104,2.70516
202501.0,2025-01-28,47242,GREENEX CL 514,Consumidor Livre,NORTE,13.104,3.131588
202501.0,2025-01-29,47242,GREENEX CL 514,Consumidor Livre,NORTE,13.104,2.781798
202501.0,2025-01-30,47242,GREENEX CL 514,Consumidor Livre,NORTE,13.104,3.164419
202501.0,2025-01-31,47242,GREENEX CL 514,Consumidor Livre,NORTE,13.104,2.687153
202502.0,2025-02-01,47242,GREENEX CL 514,Consumidor Livre,NORTE,13.104,0.722687
202502.0,2025-02-02,47242,GREENEX CL 514,Consumidor Livre,NORTE,13.104,0.756288
202502.0,2025-02-03,47242,GREENEX CL 514,Consumidor Livre,NORTE,13.104,3.266613
202502.0,2025-02-04,47242,GREENEX CL 514,Consumidor Livre,NORTE,13.104,3.514738
202502.0,2025-02-05,47242,GREENEX CL 514,Consumidor Livre,NORTE,13.104,3.87303
202502.0,2025-02-06,47242,GREENEX CL 514,Consumidor Livre,NORTE,13.104,4.341332
202502.0,2025-02-07,47242,GREENEX CL 514,Consumidor Livre,NORTE,13.104,3.530668
202502.0,2025-02-08,47242,GREENEX CL 514,Consumidor Livre,NORTE,13.104,1.953975
202502.0,2025-02-09,47242,GREENEX CL 514,Consumidor Livre,NORTE,13.104,1.489672
202502.0,2025-02-10,47242,GREENEX CL 514,Consumidor Livre,NORTE,13.104,4.132518
202502.0,2025-02-11,47242,GREENEX CL 514,Consumidor Livre,NORTE,13.104,4.522182
202502.0,2025-02-12,47242,GREENEX CL 514,Consumidor Livre,NORTE,13.104,4.028859
202502.0,2025-02-13,47242,GREENEX CL 514,Consumidor Livre,NORTE,13.104,3.881113
202502.0,2025-02-14,47242,GREENEX CL 514,Consumidor Livre,NORTE,13.104,3.057607
202502.0,2025-02-15,47242,GREENEX CL 514,Consumidor Livre,NORTE,13.104,1.343165
202502.0,2025-02-16,47242,GREENEX CL 514,Consumidor Livre,NORTE,13.104,0.787643
202502.0,2025-02-17,47242,GREENEX CL 514,Consumidor Livre,NORTE,13.104,3.819063
202502.0,2025-02-18,47242,GREENEX CL 514,Consumidor Livre,NORTE,13.104,3.735911
202502.0,2025-02-19,47242,GREENEX CL 514,Consumidor Livre,NORTE,13.104,3.049639
202502.0,2025-02-20,47242,GREENEX CL 514,Consumidor Livre,NORTE,13.104,2.808903
202502.0,2025-02-21,47242,GREENEX CL 514,Consumidor Livre,NORTE,13.104,2.994552
202502.0,2025-02-22,47242,GREENEX CL 514,Consumidor Livre,NORTE,13.104,0.528084
202502.0,2025-02-23,47242,GREENEX CL 514,Consumidor Livre,NORTE,13.104,0.698623
202502.0,2025-02-24,47242,GREENEX CL 514,Consumidor Livre,NORTE,13.104,3.379694
202502.0,2025-02-25,47242,GREENEX CL 514,Consumidor Livre,NORTE,13.104,3.442119
202502.0,2025-02-26,47242,GREENEX CL 514,Consumidor Livre,NORTE,13.104,3.481939
202502.0,2025-02-27,47242,GREENEX CL 514,Consumidor Livre,NORTE,13.104,3.59207
202502.0,2025-02-28,47242,GREENEX CL 514,Consumidor Livre,NORTE,13.104,2.989716
202503.0,2025-03-01,47242,GREENEX CL 514,Consumidor Livre,NORTE,13.104,0.7174860000000001
202503.0,2025-03-02,47242,GREENEX CL 514,Consumidor Livre,NORTE,13.104,0.5443479999999999
202503.0,2025-03-03,47242,GREENEX CL 514,Consumidor Livre,NORTE,13.104,0.251464
202503.0,2025-03-04,47242,GREENEX CL 514,Consumidor Livre,NORTE,13.104,0.238243
202503.0,2025-03-05,47242,GREENEX CL 514,Consumidor Livre,NORTE,13.104,3.071619
202503.0,2025-03-06,47242,GREENEX CL 514,Consumidor Livre,NORTE,13.104,3.084671
202503.0,2025-03-07,47242,GREENEX CL 514,Consumidor Livre,NORTE,13.104,2.744737
202503.0,2025-03-08,47242,GREENEX CL 514,Consumidor Livre,NORTE,13.104,0.377672
202503.0,2025-03-09,47242,GREENEX CL 514,Consumidor Livre,NORTE,13.104,0.289034
202503.0,2025-03-10,47242,GREENEX CL 514,Consumidor Livre,NORTE,13.104,3.124974
202503.0,2025-03-11,47242,GREENEX CL 514,Consumidor Livre,NORTE,13.104,2.773184
202503.0,2025-03-12,47242,GREENEX CL 514,Consumidor Livre,NORTE,13.104,3.043837
202503.0,2025-03-13,47242,GREENEX CL 514,Consumidor Livre,NORTE,13.104,3.112369
202503.0,2025-03-14,47242,GREENEX CL 514,Consumidor Livre,NORTE,13.104,3.162596
202503.0,2025-03-15,47242,GREENEX CL 514,Consumidor Livre,NORTE,13.104,0.396764
202503.0,2025-03-16,47242,GREENEX CL 514,Consumidor Livre,NORTE,13.104,0.279272
202503.0,2025-03-17,47242,GREENEX CL 514,Consumidor Livre,NORTE,13.104,3.097592
202503.0,2025-03-18,47242,GREENEX CL 514,Consumidor Livre,NORTE,13.104,3.35169
202503.0,2025-03-19,47242,GREENEX CL 514,Consumidor Livre,NORTE,13.104,3.394275
202503.0,2025-03-20,47242,GREENEX CL 514,Consumidor Livre,NORTE,13.104,1.938159
202503.0,2025-03-21,47242,GREENEX CL 514,Consumidor Livre,NORTE,13.104,3.288906
202503.0,2025-03-22,47242,GREENEX CL 514,Consumidor Livre,NORTE,13.104,0.469757
202503.0,2025-03-23,47242,GREENEX CL 514,Consumidor Livre,NORTE,13.104,0.297823
202503.0,2025-03-24,47242,GREENEX CL 514,Consumidor Livre,NORTE,13.104,3.372502
202503.0,2025-03-25,47242,GREENEX CL 514,Consumidor Livre,NORTE,13.104,3.388501
202503.0,2025-03-26,47242,GREENEX CL 514,Consumidor Livre,NORTE,13.104,3.469685
202503.0,2025-03-27,47242,GREENEX CL 514,Consumidor Livre,NORTE,13.104,3.588796
202503.0,2025-03-28,47242,GREENEX CL 514,Consumidor Livre,NORTE,13.104,3.003336
202503.0,2025-03-29,47242,GREENEX CL 514,Consumidor Livre,NORTE,13.104,0.534534
202503.0,2025-03-30,47242,GREENEX CL 514,Consumidor Livre,NORTE,13.104,0.710536
202503.0,2025-03-31,47242,GREENEX CL 514,Consumidor Livre,NORTE,13.104,3.747837
202504.0,2025-04-01,47242,GREENEX CL 514,Consumidor Livre,NORTE,13.104,3.878111
202504.0,2025-04-02,47242,GREENEX CL 514,Consumidor Livre,NORTE,13.104,3.447077
202504.0,2025-04-03,47242,GREENEX CL 514,Consumidor Livre,NORTE,13.104,3.567894
202504.0,2025-04-04,47242,GREENEX CL 514,Consumidor Livre,NORTE,13.104,3.194127
202504.0,2025-04-05,47242,GREENEX CL 514,Consumidor Livre,NORTE,13.104,0.798154
202504.0,2025-04-06,47242,GREENEX CL 514,Consumidor Livre,NORTE,13.104,0.627507
202504.0,2025-04-07,47242,GREENEX CL 514,Consumidor Livre,NORTE,13.104,3.547278
202504.0,2025-04-08,47242,GREENEX CL 514,Consumidor Livre,NORTE,13.104,3.307401
202504.0,2025-04-09,47242,GREENEX CL 514,Consumidor Livre,NORTE,13.104,3.054576
202504.0,2025-04-10,47242,GREENEX CL 514,Consumidor Livre,NORTE,13.104,3.631291
202504.0,2025-04-11,47242,GREENEX CL 514,Consumidor Livre,NORTE,13.104,3.53958
202504.0,2025-04-12,47242,GREENEX CL 514,Consumidor Livre,NORTE,13.104,1.414165
202504.0,2025-04-13,47242,GREENEX CL 514,Consumidor Livre,NORTE,13.104,1.18012
202504.0,2025-04-14,47242,GREENEX CL 514,Consumidor Livre,NORTE,13.104,4.506524
202504.0,2025-04-15,47242,GREENEX CL 514,Consumidor Livre,NORTE,13.104,4.177757
202504.0,2025-04-16,47242,GREENEX CL 514,Consumidor Livre,NORTE,13.104,4.018128
202504.0,2025-04-17,47242,GREENEX CL 514,Consumidor Livre,NORTE,13.104,4.270284
202504.0,2025-04-18,47242,GREENEX CL 514,Consumidor Livre,NORTE,13.104,1.176592
202504.0,2025-04-19,47242,GREENEX CL 514,Consumidor Livre,NORTE,13.104,1.191893
202504.0,2025-04-20,47242,GREENEX CL 514,Consumidor Livre,NORTE,13.104,1.137031
202504.0,2025-04-21,47242,GREENEX CL 514,Consumidor Livre,NORTE,13.104,1.202904
202504.0,2025-04-22,47242,GREENEX CL 514,Consumidor Livre,NORTE,13.104,4.377621
202504.0,2025-04-23,47242,GREENEX CL 514,Consumidor Livre,NORTE,13.104,3.684991
202504.0,2025-04-24,47242,GREENEX CL 514,Consumidor Livre,NORTE,13.104,4.282356
202504.0,2025-04-25,47242,GREENEX CL 514,Consumidor Livre,NORTE,13.104,3.559721
202504.0,2025-04-26,47242,GREENEX CL 514,Consumidor Livre,NORTE,13.104,0.9905
202504.0,2025-04-27,47242,GREENEX CL 514,Consumidor Livre,NORTE,13.104,0.902279
202504.0,2025-04-28,47242,GREENEX CL 514,Consumidor Livre,NORTE,13.104,3.965362
202504.0,2025-04-29,47242,GREENEX CL 514,Consumidor Livre,NORTE,13.104,4.270207
202504.0,2025-04-30,47242,GREENEX CL 514,Consumidor Livre,NORTE,13.104,4.472204
202505.0,2025-05-01,47242,GREENEX CL 514,Consumidor Livre,NORTE,13.104,1.240762
202505.0,2025-05-02,47242,GREENEX CL 514,Consumidor Livre,NORTE,13.104,4.469344
202505.0,2025-05-03,47242,GREENEX CL 514,Consumidor Livre,NORTE,13.104,1.221428
202505.0,2025-05-04,47242,GREENEX CL 514,Consumidor Livre,NORTE,13.104,1.235147
202505.0,2025-05-05,47242,GREENEX CL 514,Consumidor Livre,NORTE,13.104,4.532641
202505.0,2025-05-06,47242,GREENEX CL 514,Consumidor Livre,NORTE,13.104,4.634934
202505.0,2025-05-07,47242,GREENEX CL 514,Consumidor Livre,NORTE,13.104,4.466569
202505.0,2025-05-08,47242,GREENEX CL 514,Consumidor Livre,NORTE,13.104,4.230594
202505.0,2025-05-09,47242,GREENEX CL 514,Consumidor Livre,NORTE,13.104,4.004495
202505.0,2025-05-10,47242,GREENEX CL 514,Consumidor Livre,NORTE,13.104,1.30741
202505.0,2025-05-11,47242,GREENEX CL 514,Consumidor Livre,NORTE,13.104,0.717208
202505.0,2025-05-12,47242,GREENEX CL 514,Consumidor Livre,NORTE,13.104,4.001244
202505.0,2025-05-13,47242,GREENEX CL 514,Consumidor Livre,NORTE,13.104,4.018384
202505.0,2025-05-14,47242,GREENEX CL 514,Consumidor Livre,NORTE,13.104,4.3188
202505.0,2025-05-15,47242,GREENEX CL 514,Consumidor Livre,NORTE,13.104,4.001591
202505.0,2025-05-16,47242,GREENEX CL 514,Consumidor Livre,NORTE,13.104,3.627267
202505.0,2025-05-17,47242,GREENEX CL 514,Consumidor Livre,NORTE,13.104,1.307918
202505.0,2025-05-18,47242,GREENEX CL 514,Consumidor Livre,NORTE,13.104,1.213163
202505.0,2025-05-19,47242,GREENEX CL 514,Consumidor Livre,NORTE,13.104,4.410359
202505.0,2025-05-20,47242,GREENEX CL 514,Consumidor Livre,NORTE,13.104,4.608817
202505.0,2025-05-21,47242,GREENEX CL 514,Consumidor Livre,NORTE,13.104,3.829653
202505.0,2025-05-22,47242,GREENEX CL 514,Consumidor Livre,NORTE,13.104,3.718118
202505.0,2025-05-23,47242,GREENEX CL 514,Consumidor Livre,NORTE,13.104,3.366327
202505.0,2025-05-24,47242,GREENEX CL 514,Consumidor Livre,NORTE,13.104,1.561187
202505.0,2025-05-25,47242,GREENEX CL 514,Consumidor Livre,NORTE,13.104,1.664314
202505.0,2025-05-26,47242,GREENEX CL 514,Consumidor Livre,NORTE,13.104,5.507841
202505.0,2025-05-27,47242,GREENEX CL 514,Consumidor Livre,NORTE,13.104,5.64682
202505.0,2025-05-28,47242,GREENEX CL 514,Consumidor Livre,NORTE,13.104,5.320088
202505.0,2025-05-29,47242,GREENEX CL 514,Consumidor Livre,NORTE,13.104,5.552258
202505.0,2025-05-30,47242,GREENEX CL 514,Consumidor Livre,NORTE,13.104,4.792997
202505.0,2025-05-31,47242,GREENEX CL 514,Consumidor Livre,NORTE,13.104,1.565423
202506.0,2025-06-01,47242,GREENEX CL 514,Consumidor Livre,NORTE,13.104,1.585056
202506.0,2025-06-02,47242,GREENEX CL 514,Consumidor Livre,NORTE,13.104,5.132682
202506.0,2025-06-03,47242,GREENEX CL 514,Consumidor Livre,NORTE,13.104,4.9998190000000005
202506.0,2025-06-04,47242,GREENEX CL 514,Consumidor Livre,NORTE,13.104,4.751937
202506.0,2025-06-05,47242,GREENEX CL 514,Consumidor Livre,NORTE,13.104,5.008789
202506.0,2025-06-06,47242,GREENEX CL 514,Consumidor Livre,NORTE,13.104,4.310958
202506.0,2025-06-07,47242,GREENEX CL 514,Consumidor Livre,NORTE,13.104,1.485263
202506.0,2025-06-08,47242,GREENEX CL 514,Consumidor Livre,NORTE,13.104,0.775958
202506.0,2025-06-09,47242,GREENEX CL 514,Consumidor Livre,NORTE,13.104,4.71699
202506.0,2025-06-10,47242,GREENEX CL 514,Consumidor Livre,NORTE,13.104,4.532227
202506.0,2025-06-11,47242,GREENEX CL 514,Consumidor Livre,NORTE,13.104,4.719163
202506.0,2025-06-12,47242,GREENEX CL 514,Consumidor Livre,NORTE,13.104,5.133851
202506.0,2025-06-13,47242,GREENEX CL 514,Consumidor Livre,NORTE,13.104,5.054602
202506.0,2025-06-14,47242,GREENEX CL 514,Consumidor Livre,NORTE,13.104,1.738675
202506.0,2025-06-15,47242,GREENEX CL 514,Consumidor Livre,NORTE,13.104,1.635775
202506.0,2025-06-16,47242,GREENEX CL 514,Consumidor Livre,NORTE,13.104,4.47063
202506.0,2025-06-17,47242,GREENEX CL 514,Consumidor Livre,NORTE,13.104,4.818026
202506.0,2025-06-18,47242,GREENEX CL 514,Consumidor Livre,NORTE,13.104,5.2141
202506.0,2025-06-19,47242,GREENEX CL 514,Consumidor Livre,NORTE,13.104,4.666995
202506.0,2025-06-20,47242,GREENEX CL 514,Consumidor Livre,NORTE,13.104,4.954547
202506.0,2025-06-21,47242,GREENEX CL 514,Consumidor Livre,NORTE,13.104,1.205082
202506.0,2025-06-22,47242,GREENEX CL 514,Consumidor Livre,NORTE,13.104,1.637116
202506.0,2025-06-23,47242,GREENEX CL 514,Consumidor Livre,NORTE,13.104,5.68909
202506.0,2025-06-24,47242,GREENEX CL 514,Consumidor Livre,NORTE,13.104,5.741943
202506.0,2025-06-25,47242,GREENEX CL 514,Consumidor Livre,NORTE,13.104,5.529708
202506.0,2025-06-26,47242,GREENEX CL 514,Consumidor Livre,NORTE,13.104,4.836756
202506.0,2025-06-27,47242,GREENEX CL 514,Consumidor Livre,NORTE,13.104,4.34922
202506.0,2025-06-28,47242,GREENEX CL 514,Consumidor Livre,NORTE,13.104,1.481112
202506.0,2025-06-29,47242,GREENEX CL 514,Consumidor Livre,NORTE,13.104,1.414757
202506.0,2025-06-30,47242,GREENEX CL 514,Consumidor Livre,NORTE,13.104,5.2022770000000005
202507.0,2025-07-01,47242,GREENEX CL 514,Consumidor Livre,NORTE,13.104,5.636145
202507.0,2025-07-02,47242,GREENEX CL 514,Consumidor Livre,NORTE,13.104,5.521465
202507.0,2025-07-03,47242,GREENEX CL 514,Consumidor Livre,NORTE,13.104,5.675131
202507.0,2025-07-04,47242,GREENEX CL 514,Consumidor Livre,NORTE,13.104,4.884609
202507.0,2025-07-05,47242,GREENEX CL 514,Consumidor Livre,NORTE,13.104,1.380407
202507.0,2025-07-06,47242,GREENEX CL 514,Consumidor Livre,NORTE,13.104,1.202685
202507.0,2025-07-07,47242,GREENEX CL 514,Consumidor Livre,NORTE,13.104,4.971764
202507.0,2025-07-08,47242,GREENEX CL 514,Consumidor Livre,NORTE,13.104,5.329835
202507.0,2025-07-09,47242,GREENEX CL 514,Consumidor Livre,NORTE,13.104,5.436003
202507.0,2025-07-10,47242,GREENEX CL 514,Consumidor Livre,NORTE,13.104,5.696261
202507.0,2025-07-11,47242,GREENEX CL 514,Consumidor Livre,NORTE,13.104,5.07399
202507.0,2025-07-12,47242,GREENEX CL 514,Consumidor Livre,NORTE,13.104,2.297737
202507.0,2025-07-13,47242,GREENEX CL 514,Consumidor Livre,NORTE,13.104,1.619306
202507.0,2025-07-14,47242,GREENEX CL 514,Consumidor Livre,NORTE,13.104,5.621931
202507.0,2025-07-15,47242,GREENEX CL 514,Consumidor Livre,NORTE,13.104,5.589073
202507.0,2025-07-16,47242,GREENEX CL 514,Consumidor Livre,NORTE,13.104,4.683663
202507.0,2025-07-17,47242,GREENEX CL 514,Consumidor Livre,NORTE,13.104,4.84412
202507.0,2025-07-18,47242,GREENEX CL 514,Consumidor Livre,NORTE,13.104,4.583488
202507.0,2025-07-19,47242,GREENEX CL 514,Consumidor Livre,NORTE,13.104,1.585649
202507.0,2025-07-20,47242,GREENEX CL 514,Consumidor Livre,NORTE,13.104,1.653027
202507.0,2025-07-21,47242,GREENEX CL 514,Consumidor Livre,NORTE,13.104,5.455905
202507.0,2025-07-22,47242,GREENEX CL 514,Consumidor Livre,NORTE,13.104,5.125708
202507.0,2025-07-23,47242,GREENEX CL 514,Consumidor Livre,NORTE,13.104,4.892163
202507.0,2025-07-24,47242,GREENEX CL 514,Consumidor Livre,NORTE,13.104,5.331678
202507.0,2025-07-25,47242,GREENEX CL 514,Consumidor Livre,NORTE,13.104,4.979707
202507.0,2025-07-26,47242,GREENEX CL 514,Consumidor Livre,NORTE,13.104,2.286818
202507.0,2025-07-27,47242,GREENEX CL 514,Consumidor Livre,NORTE,13.104,1.626093
202507.0,2025-07-28,47242,GREENEX CL 514,Consumidor Livre,NORTE,13.104,5.061111
202507.0,2025-07-29,47242,GREENEX CL 514,Consumidor Livre,NORTE,13.104,5.367361
202507.0,2025-07-30,47242,GREENEX CL 514,Consumidor Livre,NORTE,13.104,4.930406
202507.0,2025-07-31,47242,GREENEX CL 514,Consumidor Livre,NORTE,13.104,5.409573
202508.0,2025-08-01,47242,GREENEX CL 514,Consumidor Livre,NORTE,13.104,4.40546
202508.0,2025-08-02,47242,GREENEX CL 514,Consumidor Livre,NORTE,13.104,1.384938
202508.0,2025-08-03,47242,GREENEX CL 514,Consumidor Livre,NORTE,13.104,1.613891
202508.0,2025-08-04,47242,GREENEX CL 514,Consumidor Livre,NORTE,13.104,5.07055
202508.0,2025-08-05,47242,GREENEX CL 514,Consumidor Livre,NORTE,13.104,4.821756
202508.0,2025-08-06,47242,GREENEX CL 514,Consumidor Livre,NORTE,13.104,5.138101
202508.0,2025-08-07,47242,GREENEX CL 514,Consumidor Livre,NORTE,13.104,5.196164
202508.0,2025-08-08,47242,GREENEX CL 514,Consumidor Livre,NORTE,13.104,4.844251
202508.0,2025-08-09,47242,GREENEX CL 514,Consumidor Livre,NORTE,13.104,1.534792
202508.0,2025-08-10,47242,GREENEX CL 514,Consumidor Livre,NORTE,13.104,1.591178
202508.0,2025-08-11,47242,GREENEX CL 514,Consumidor Livre,NORTE,13.104,4.885208
202508.0,2025-08-12,47242,GREENEX CL 514,Consumidor Livre,NORTE,13.104,5.322296
202508.0,2025-08-13,47242,GREENEX CL 514,Consumidor Livre,NORTE,13.104,5.003057
202508.0,2025-08-14,47242,GREENEX CL 514,Consumidor Livre,NORTE,13.104,5.154602
202508.0,2025-08-15,47242,GREENEX CL 514,Consumidor Livre,NORTE,13.104,1.423545
202508.0,2025-08-16,47242,GREENEX CL 514,Consumidor Livre,NORTE,13.104,1.187653
202508.0,2025-08-17,47242,GREENEX CL 514,Consumidor Livre,NORTE,13.104,1.584925
202508.0,2025-08-18,47242,GREENEX CL 514,Consumidor Livre,NORTE,13.104,5.01719
202508.0,2025-08-19,47242,GREENEX CL 514,Consumidor Livre,NORTE,13.104,5.197454
202508.0,2025-08-20,47242,GREENEX CL 514,Consumidor Livre,NORTE,13.104,5.047653
202508.0,2025-08-21,47242,GREENEX CL 514,Consumidor Livre,NORTE,13.104,5.262478
202508.0,2025-08-22,47242,GREENEX CL 514,Consumidor Livre,NORTE,13.104,3.566383
202508.0,2025-08-23,47242,GREENEX CL 514,Consumidor Livre,NORTE,13.104,1.376146
202508.0,2025-08-24,47242,GREENEX CL 514,Consumidor Livre,NORTE,13.104,1.603823
202508.0,2025-08-25,47242,GREENEX CL 514,Consumidor Livre,NORTE,13.104,4.983027
202508.0,2025-08-26,47242,GREENEX CL 514,Consumidor Livre,NORTE,13.104,5.106511
202508.0,2025-08-27,47242,GREENEX CL 514,Consumidor Livre,NORTE,13.104,5.051193
202508.0,2025-08-28,47242,GREENEX CL 514,Consumidor Livre,NORTE,13.104,5.20152
202508.0,2025-08-29,47242,GREENEX CL 514,Consumidor Livre,NORTE,13.104,3.272135
202508.0,2025-08-30,47242,GREENEX CL 514,Consumidor Livre,NORTE,13.104,1.364945
202508.0,2025-08-31,47242,GREENEX CL 514,Consumidor Livre,NORTE,13.104,1.593508
