MES_REFERENCIA,DATA,CODIGO_PERFIL_AGENTE,SIGLA_PERFIL_AGENTE,CLASSE_PERFIL_AGENTE,SUBMERCADO,CAPACIDADE_CARGA,CONSUMO_CARGA_ACL
,2022-10-01,51305,OWENS ILLINOIS VITORIA CL,Consumidor Livre,NORDESTE,34.8,27.866465
,2022-10-02,51305,OWENS ILLINOIS VITORIA CL,Consumidor Livre,NORDESTE,34.8,28.157882
,2022-10-03,51305,OWENS ILLINOIS VITORIA CL,Consumidor Livre,NORDESTE,34.8,28.333911
,2022-10-04,51305,OWENS ILLINOIS VITORIA CL,Consumidor Livre,NORDESTE,34.8,28.602786
,2022-10-05,51305,OWENS ILLINOIS VITORIA CL,Consumidor Livre,NORDESTE,34.8,28.559337
,2022-10-06,51305,OWENS ILLINOIS VITORIA CL,Consumidor Livre,NORDESTE,34.8,28.656129
,2022-10-07,51305,OWENS ILLINOIS VITORIA CL,Consumidor Livre,NORDESTE,34.8,28.577986
,2022-10-08,51305,OWENS ILLINOIS VITORIA CL,Consumidor Livre,NORDESTE,34.8,28.293107
,2022-10-09,51305,OWENS ILLINOIS VITORIA CL,Consumidor Livre,NORDESTE,34.8,28.328003
,2022-10-10,51305,OWENS ILLINOIS VITORIA CL,Consumidor Livre,NORDESTE,34.8,19.898957
,2022-10-11,51305,OWENS ILLINOIS VITORIA CL,Consumidor Livre,NORDESTE,34.8,28.333292
,2022-10-12,51305,OWENS ILLINOIS VITORIA CL,Consumidor Livre,NORDESTE,34.8,29.399587
,2022-10-13,51305,OWENS ILLINOIS VITORIA CL,Consumidor Livre,NORDESTE,34.8,30.05701
,2022-10-14,51305,OWENS ILLINOIS VITORIA CL,Consumidor Livre,NORDESTE,34.8,30.377937
,2022-10-15,51305,OWENS ILLINOIS VITORIA CL,Consumidor Livre,NORDESTE,34.8,30.028263
,2022-10-16,51305,OWENS ILLINOIS VITORIA CL,Consumidor Livre,NORDESTE,34.8,29.995172
,2022-10-17,51305,OWENS ILLINOIS VITORIA CL,Consumidor Livre,NORDESTE,34.8,30.326401
,2022-10-18,51305,OWENS ILLINOIS VITORIA CL,Consumidor Livre,NORDESTE,34.8,30.457457
,2022-10-19,51305,OWENS ILLINOIS VITORIA CL,Consumidor Livre,NORDESTE,34.8,29.739549
,2022-10-20,51305,OWENS ILLINOIS VITORIA CL,Consumidor Livre,NORDESTE,34.8,29.456075
,2022-10-21,51305,OWENS ILLINOIS VITORIA CL,Consumidor Livre,NORDESTE,34.8,29.605879
,2022-10-22,51305,OWENS ILLINOIS VITORIA CL,Consumidor Livre,NORDESTE,34.8,29.302336
,2022-10-23,51305,OWENS ILLINOIS VITORIA CL,Consumidor Livre,NORDESTE,34.8,29.178539
,2022-10-24,51305,OWENS ILLINOIS VITORIA CL,Consumidor Livre,NORDESTE,34.8,29.557489
,2022-10-25,51305,OWENS ILLINOIS VITORIA CL,Consumidor Livre,NORDESTE,34.8,29.510655
,2022-10-26,51305,OWENS ILLINOIS VITORIA CL,Consumidor Livre,NORDESTE,34.8,29.319532
,2022-10-27,51305,OWENS ILLINOIS VITORIA CL,Consumidor Livre,NORDESTE,34.8,29.473211
,2022-10-28,51305,OWENS ILLINOIS VITORIA CL,Consumidor Livre,NORDESTE,34.8,29.479632
,2022-10-29,51305,OWENS ILLINOIS VITORIA CL,Consumidor Livre,NORDESTE,34.8,29.181299
,2022-10-30,51305,OWENS ILLINOIS VITORIA CL,Consumidor Livre,NORDESTE,34.8,29.02122
,2022-10-31,51305,OWENS ILLINOIS VITORIA CL,Consumidor Livre,NORDESTE,34.8,29.443253
,2022-11-01,51305,OWENS ILLINOIS VITORIA CL,Consumidor Livre,NORDESTE,34.8,29.068178
,2022-11-02,51305,OWENS ILLINOIS VITORIA CL,Consumidor Livre,NORDESTE,34.8,28.670407
,2022-11-03,51305,OWENS ILLINOIS VITORIA CL,Consumidor Livre,NORDESTE,34.8,29.190457
,2022-11-04,51305,OWENS ILLINOIS VITORIA CL,Consumidor Livre,NORDESTE,34.8,29.643818
,2022-11-05,51305,OWENS ILLINOIS VITORIA CL,Consumidor Livre,NORDESTE,34.8,29.146397
,2022-11-06,51305,OWENS ILLINOIS VITORIA CL,Consumidor Livre,NORDESTE,34.8,29.056731
,2022-11-07,51305,OWENS ILLINOIS VITORIA CL,Consumidor Livre,NORDESTE,34.8,29.554434
,2022-11-08,51305,OWENS ILLINOIS VITORIA CL,Consumidor Livre,NORDESTE,34.8,29.184446
,2022-11-09,51305,OWENS ILLINOIS VITORIA CL,Consumidor Livre,NORDESTE,34.8,29.137847
,2022-11-10,51305,OWENS ILLINOIS VITORIA CL,Consumidor Livre,NORDESTE,34.8,29.263833
,2022-11-11,51305,OWENS ILLINOIS VITORIA CL,Consumidor Livre,NORDESTE,34.8,29.386575
,2022-11-12,51305,OWENS ILLINOIS VITORIA CL,Consumidor Livre,NORDESTE,34.8,28.95472
,2022-11-13,51305,OWENS ILLINOIS VITORIA CL,Consumidor Livre,NORDESTE,34.8,28.847318
,2022-11-14,51305,OWENS ILLINOIS VITORIA CL,Consumidor Livre,NORDESTE,34.8,29.256691
,2022-11-15,51305,OWENS ILLINOIS VITORIA CL,Consumidor Livre,NORDESTE,34.8,28.811878
,2022-11-16,51305,OWENS ILLINOIS VITORIA CL,Consumidor Livre,NORDESTE,34.8,29.654712
,2022-11-17,51305,OWENS ILLINOIS VITORIA CL,Consumidor Livre,NORDESTE,34.8,29.755053
,2022-11-18,51305,OWENS ILLINOIS VITORIA CL,Consumidor Livre,NORDESTE,34.8,22.278231
,2022-11-19,51305,OWENS ILLINOIS VITORIA CL,Consumidor Livre,NORDESTE,34.8,14.444652
,2022-11-20,51305,OWENS ILLINOIS VITORIA CL,Consumidor Livre,NORDESTE,34.8,28.73662
,2022-11-21,51305,OWENS ILLINOIS VITORIA CL,Consumidor Livre,NORDESTE,34.8,29.155009
,2022-11-22,51305,OWENS ILLINOIS VITORIA CL,Consumidor Livre,NORDESTE,34.8,29.465167
,2022-11-23,51305,OWENS ILLINOIS VITORIA CL,Consumidor Livre,NORDESTE,34.8,29.768433
,2022-11-24,51305,OWENS ILLINOIS VITORIA CL,Consumidor Livre,NORDESTE,34.8,29.614719
,2022-11-25,51305,OWENS ILLINOIS VITORIA CL,Consumidor Livre,NORDESTE,34.8,30.091624
,2022-11-26,51305,OWENS ILLINOIS VITORIA CL,Consumidor Livre,NORDESTE,34.8,29.825901
,2022-11-27,51305,OWENS ILLINOIS VITORIA CL,Consumidor Livre,NORDESTE,34.8,29.913908
,2022-11-28,51305,OWENS ILLINOIS VITORIA CL,Consumidor Livre,NORDESTE,34.8,30.413353
,2022-11-29,51305,OWENS ILLINOIS VITORIA CL,Consumidor Livre,NORDESTE,34.8,30.619139
,2022-11-30,51305,OWENS ILLINOIS VITORIA CL,Consumidor Livre,NORDESTE,34.8,30.59758
,2022-12-01,51305,OWENS ILLINOIS VITORIA CL,Consumidor Livre,NORDESTE,34.8,30.455498
,2022-12-02,51305,OWENS ILLINOIS VITORIA CL,Consumidor Livre,NORDESTE,34.8,30.340907
,2022-12-03,51305,OWENS ILLINOIS VITORIA CL,Consumidor Livre,NORDESTE,34.8,29.960683
,2022-12-04,51305,OWENS ILLINOIS VITORIA CL,Consumidor Livre,NORDESTE,34.8,29.815705
,2022-12-05,51305,OWENS ILLINOIS VITORIA CL,Consumidor Livre,NORDESTE,34.8,30.199196
,2022-12-06,51305,OWENS ILLINOIS VITORIA CL,Consumidor Livre,NORDESTE,34.8,30.096223
,2022-12-07,51305,OWENS ILLINOIS VITORIA CL,Consumidor Livre,NORDESTE,34.8,30.263272
,2022-12-08,51305,OWENS ILLINOIS VITORIA CL,Consumidor Livre,NORDESTE,34.8,30.351399
,2022-12-09,51305,OWENS ILLINOIS VITORIA CL,Consumidor Livre,NORDESTE,34.8,30.262793
,2022-12-10,51305,OWENS ILLINOIS VITORIA CL,Consumidor Livre,NORDESTE,34.8,29.830541
,2022-12-11,51305,OWENS ILLINOIS VITORIA CL,Consumidor Livre,NORDESTE,34.8,29.801919
,2022-12-12,51305,OWENS ILLINOIS VITORIA CL,Consumidor Livre,NORDESTE,34.8,29.983867
,2022-12-13,51305,OWENS ILLINOIS VITORIA CL,Consumidor Livre,NORDESTE,34.8,30.044515
,2022-12-14,51305,OWENS ILLINOIS VITORIA CL,Consumidor Livre,NORDESTE,34.8,30.104985
,2022-12-15,51305,OWENS ILLINOIS VITORIA CL,Consumidor Livre,NORDESTE,34.8,29.663867
,2022-12-16,51305,OWENS ILLINOIS VITORIA CL,Consumidor Livre,NORDESTE,34.8,29.620686
,2022-12-17,51305,OWENS ILLINOIS VITORIA CL,Consumidor Livre,NORDESTE,34.8,28.777728
,2022-12-18,51305,OWENS ILLINOIS VITORIA CL,Consumidor Livre,NORDESTE,34.8,28.740868
,2022-12-19,51305,OWENS ILLINOIS VITORIA CL,Consumidor Livre,NORDESTE,34.8,29.92796
,2022-12-20,51305,OWENS ILLINOIS VITORIA CL,Consumidor Livre,NORDESTE,34.8,30.613417
,2022-12-21,51305,OWENS ILLINOIS VITORIA CL,Consumidor Livre,NORDESTE,34.8,30.383143
,2022-12-22,51305,OWENS ILLINOIS VITORIA CL,Consumidor Livre,NORDESTE,34.8,30.164207
,2022-12-23,51305,OWENS ILLINOIS VITORIA CL,Consumidor Livre,NORDESTE,34.8,30.053502
,2022-12-24,51305,OWENS ILLINOIS VITORIA CL,Consumidor Livre,NORDESTE,34.8,29.634244
,2022-12-25,51305,OWENS ILLINOIS VITORIA CL,Consumidor Livre,NORDESTE,34.8,29.714016
,2022-12-26,51305,OWENS ILLINOIS VITORIA CL,Consumidor Livre,NORDESTE,34.8,30.042073
,2022-12-27,51305,OWENS ILLINOIS VITORIA CL,Consumidor Livre,NORDESTE,34.8,30.494757
,2022-12-28,51305,OWENS ILLINOIS VITORIA CL,Consumidor Livre,NORDESTE,34.8,30.606902
,2022-12-29,51305,OWENS ILLINOIS VITORIA CL,Consumidor Livre,NORDESTE,34.8,30.471334
,2022-12-30,51305,OWENS ILLINOIS VITORIA CL,Consumidor Livre,NORDESTE,34.8,30.444904
,2022-12-31,51305,OWENS ILLINOIS VITORIA CL,Consumidor Livre,NORDESTE,34.8,30.010502
,2023-01-01,51305,OWENS ILLINOIS VITORIA CL,Consumidor Livre,NORDESTE,34.8,30.116459
,2023-01-02,51305,OWENS ILLINOIS VITORIA CL,Consumidor Livre,NORDESTE,34.8,30.381816
,2023-01-03,51305,OWENS ILLINOIS VITORIA CL,Consumidor Livre,NORDESTE,34.8,30.722914
,2023-01-04,51305,OWENS ILLINOIS VITORIA CL,Consumidor Livre,NORDESTE,34.8,30.682743
,2023-01-05,51305,OWENS ILLINOIS VITORIA CL,Consumidor Livre,NORDESTE,34.8,30.643821
,2023-01-06,51305,OWENS ILLINOIS VITORIA CL,Consumidor Livre,NORDESTE,34.8,30.592133
,2023-01-07,51305,OWENS ILLINOIS VITORIA CL,Consumidor Livre,NORDESTE,34.8,30.068006
,2023-01-08,51305,OWENS ILLINOIS VITORIA CL,Consumidor Livre,NORDESTE,34.8,30.111024
,2023-01-09,51305,OWENS ILLINOIS VITORIA CL,Consumidor Livre,NORDESTE,34.8,30.668443
,2023-01-10,51305,OWENS ILLINOIS VITORIA CL,Consumidor Livre,NORDESTE,34.8,30.616894
,2023-01-11,51305,OWENS ILLINOIS VITORIA CL,Consumidor Livre,NORDESTE,34.8,30.605152
,2023-01-12,51305,OWENS ILLINOIS VITORIA CL,Consumidor Livre,NORDESTE,34.8,30.682438
,2023-01-13,51305,OWENS ILLINOIS VITORIA CL,Consumidor Livre,NORDESTE,34.8,30.537791
,2023-01-14,51305,OWENS ILLINOIS VITORIA CL,Consumidor Livre,NORDESTE,34.8,29.79334
,2023-01-15,51305,OWENS ILLINOIS VITORIA CL,Consumidor Livre,NORDESTE,34.8,29.359047
,2023-01-16,51305,OWENS ILLINOIS VITORIA CL,Consumidor Livre,NORDESTE,34.8,29.834244
,2023-01-17,51305,OWENS ILLINOIS VITORIA CL,Consumidor Livre,NORDESTE,34.8,30.45162
,2023-01-18,51305,OWENS ILLINOIS VITORIA CL,Consumidor Livre,NORDESTE,34.8,30.907371
,2023-01-19,51305,OWENS ILLINOIS VITORIA CL,Consumidor Livre,NORDESTE,34.8,31.357244
,2023-01-20,51305,OWENS ILLINOIS VITORIA CL,Consumidor Livre,NORDESTE,34.8,30.398579
,2023-01-21,51305,OWENS ILLINOIS VITORIA CL,Consumidor Livre,NORDESTE,34.8,28.673591
,2023-01-22,51305,OWENS ILLINOIS VITORIA CL,Consumidor Livre,NORDESTE,34.8,30.449421
,2023-01-23,51305,OWENS ILLINOIS VITORIA CL,Consumidor Livre,NORDESTE,34.8,31.059113
,2023-01-24,51305,OWENS ILLINOIS VITORIA CL,Consumidor Livre,NORDESTE,34.8,30.921776
,2023-01-25,51305,OWENS ILLINOIS VITORIA CL,Consumidor Livre,NORDESTE,34.8,30.621395
,2023-01-26,51305,OWENS ILLINOIS VITORIA CL,Consumidor Livre,NORDESTE,34.8,30.39911
,2023-01-27,51305,OWENS ILLINOIS VITORIA CL,Consumidor Livre,NORDESTE,34.8,31.833242
,2023-01-28,51305,OWENS ILLINOIS VITORIA CL,Consumidor Livre,NORDESTE,34.8,29.597452
,2023-01-29,51305,OWENS ILLINOIS VITORIA CL,Consumidor Livre,NORDESTE,34.8,29.599706
,2023-01-30,51305,OWENS ILLINOIS VITORIA CL,Consumidor Livre,NORDESTE,34.8,30.208815
,2023-01-31,51305,OWENS ILLINOIS VITORIA CL,Consumidor Livre,NORDESTE,34.8,30.332646
,2023-02-01,51305,OWENS ILLINOIS VITORIA CL,Consumidor Livre,NORDESTE,34.8,29.70802
,2023-02-02,51305,OWENS ILLINOIS VITORIA CL,Consumidor Livre,NORDESTE,34.8,29.257559
,2023-02-03,51305,OWENS ILLINOIS VITORIA CL,Consumidor Livre,NORDESTE,34.8,29.034476
,2023-02-04,51305,OWENS ILLINOIS VITORIA CL,Consumidor Livre,NORDESTE,34.8,28.67017
,2023-02-05,51305,OWENS ILLINOIS VITORIA CL,Consumidor Livre,NORDESTE,34.8,28.681839
,2023-02-06,51305,OWENS ILLINOIS VITORIA CL,Consumidor Livre,NORDESTE,34.8,28.772838
,2023-02-07,51305,OWENS ILLINOIS VITORIA CL,Consumidor Livre,NORDESTE,34.8,28.956276
,2023-02-08,51305,OWENS ILLINOIS VITORIA CL,Consumidor Livre,NORDESTE,34.8,29.00497
,2023-02-09,51305,OWENS ILLINOIS VITORIA CL,Consumidor Livre,NORDESTE,34.8,29.088256
,2023-02-10,51305,OWENS ILLINOIS VITORIA CL,Consumidor Livre,NORDESTE,34.8,29.072539
,2023-02-11,51305,OWENS ILLINOIS VITORIA CL,Consumidor Livre,NORDESTE,34.8,28.820131
,2023-02-12,51305,OWENS ILLINOIS VITORIA CL,Consumidor Livre,NORDESTE,34.8,28.709472
,2023-02-13,51305,OWENS ILLINOIS VITORIA CL,Consumidor Livre,NORDESTE,34.8,29.405306
,2023-02-14,51305,OWENS ILLINOIS VITORIA CL,Consumidor Livre,NORDESTE,34.8,29.253984
,2023-02-15,51305,OWENS ILLINOIS VITORIA CL,Consumidor Livre,NORDESTE,34.8,29.319502
,2023-02-16,51305,OWENS ILLINOIS VITORIA CL,Consumidor Livre,NORDESTE,34.8,28.631352
,2023-02-17,51305,OWENS ILLINOIS VITORIA CL,Consumidor Livre,NORDESTE,34.8,28.471686
,2023-02-18,51305,OWENS ILLINOIS VITORIA CL,Consumidor Livre,NORDESTE,34.8,27.587871
,2023-02-19,51305,OWENS ILLINOIS VITORIA CL,Consumidor Livre,NORDESTE,34.8,28.250605
,2023-02-20,51305,OWENS ILLINOIS VITORIA CL,Consumidor Livre,NORDESTE,34.8,28.189081
,2023-02-21,51305,OWENS ILLINOIS VITORIA CL,Consumidor Livre,NORDESTE,34.8,28.137814
,2023-02-22,51305,OWENS ILLINOIS VITORIA CL,Consumidor Livre,NORDESTE,34.8,28.289535
,2023-02-23,51305,OWENS ILLINOIS VITORIA CL,Consumidor Livre,NORDESTE,34.8,28.844469
,2023-02-24,51305,OWENS ILLINOIS VITORIA CL,Consumidor Livre,NORDESTE,34.8,29.60122
,2023-02-25,51305,OWENS ILLINOIS VITORIA CL,Consumidor Livre,NORDESTE,34.8,29.931839
,2023-02-26,51305,OWENS ILLINOIS VITORIA CL,Consumidor Livre,NORDESTE,34.8,29.6267
,2023-02-27,51305,OWENS ILLINOIS VITORIA CL,Consumidor Livre,NORDESTE,34.8,30.220146
,2023-02-28,51305,OWENS ILLINOIS VITORIA CL,Consumidor Livre,NORDESTE,34.8,30.139365
,2023-03-01,51305,OWENS ILLINOIS VITORIA CL,Consumidor Livre,NORDESTE,34.8,29.100157
,2023-03-02,51305,OWENS ILLINOIS VITORIA CL,Consumidor Livre,NORDESTE,34.8,28.782566
,2023-03-03,51305,OWENS ILLINOIS VITORIA CL,Consumidor Livre,NORDESTE,34.8,28.747895
,2023-03-04,51305,OWENS ILLINOIS VITORIA CL,Consumidor Livre,NORDESTE,34.8,27.793965
,2023-03-05,51305,OWENS ILLINOIS VITORIA CL,Consumidor Livre,NORDESTE,34.8,28.858768
,2023-03-06,51305,OWENS ILLINOIS VITORIA CL,Consumidor Livre,NORDESTE,34.8,29.158251
,2023-03-07,51305,OWENS ILLINOIS VITORIA CL,Consumidor Livre,NORDESTE,34.8,29.641821
,2023-03-08,51305,OWENS ILLINOIS VITORIA CL,Consumidor Livre,NORDESTE,34.8,29.203953
,2023-03-09,51305,OWENS ILLINOIS VITORIA CL,Consumidor Livre,NORDESTE,34.8,29.340054
,2023-03-10,51305,OWENS ILLINOIS VITORIA CL,Consumidor Livre,NORDESTE,34.8,30.056489
,2023-03-11,51305,OWENS ILLINOIS VITORIA CL,Consumidor Livre,NORDESTE,34.8,28.584749
,2023-03-12,51305,OWENS ILLINOIS VITORIA CL,Consumidor Livre,NORDESTE,34.8,28.544295
,2023-03-13,51305,OWENS ILLINOIS VITORIA CL,Consumidor Livre,NORDESTE,34.8,29.376819
,2023-03-14,51305,OWENS ILLINOIS VITORIA CL,Consumidor Livre,NORDESTE,34.8,29.767909
,2023-03-15,51305,OWENS ILLINOIS VITORIA CL,Consumidor Livre,NORDESTE,34.8,29.541832
,2023-03-16,51305,OWENS ILLINOIS VITORIA CL,Consumidor Livre,NORDESTE,34.8,29.776188
,2023-03-17,51305,OWENS ILLINOIS VITORIA CL,Consumidor Livre,NORDESTE,34.8,29.901516
,2023-03-18,51305,OWENS ILLINOIS VITORIA CL,Consumidor Livre,NORDESTE,34.8,29.016841
,2023-03-19,51305,OWENS ILLINOIS VITORIA CL,Consumidor Livre,NORDESTE,34.8,29.700143
,2023-03-20,51305,OWENS ILLINOIS VITORIA CL,Consumidor Livre,NORDESTE,34.8,30.280824
,2023-03-21,51305,OWENS ILLINOIS VITORIA CL,Consumidor Livre,NORDESTE,34.8,29.80851
,2023-03-22,51305,OWENS ILLINOIS VITORIA CL,Consumidor Livre,NORDESTE,34.8,29.799047
,2023-03-23,51305,OWENS ILLINOIS VITORIA CL,Consumidor Livre,NORDESTE,34.8,29.694292
,2023-03-24,51305,OWENS ILLINOIS VITORIA CL,Consumidor Livre,NORDESTE,34.8,29.747488
,2023-03-25,51305,OWENS ILLINOIS VITORIA CL,Consumidor Livre,NORDESTE,34.8,29.06799
,2023-03-26,51305,OWENS ILLINOIS VITORIA CL,Consumidor Livre,NORDESTE,34.8,28.941893
,2023-03-27,51305,OWENS ILLINOIS VITORIA CL,Consumidor Livre,NORDESTE,34.8,29.574725
,2023-03-28,51305,OWENS ILLINOIS VITORIA CL,Consumidor Livre,NORDESTE,34.8,29.627248
,2023-03-29,51305,OWENS ILLINOIS VITORIA CL,Consumidor Livre,NORDESTE,34.8,29.833316
,2023-03-30,51305,OWENS ILLINOIS VITORIA CL,Consumidor Livre,NORDESTE,34.8,30.148887
,2023-03-31,51305,OWENS ILLINOIS VITORIA CL,Consumidor Livre,NORDESTE,34.8,30.334449
,2023-04-01,51305,OWENS ILLINOIS VITORIA CL,Consumidor Livre,NORDESTE,34.8,30.117349
,2023-04-02,51305,OWENS ILLINOIS VITORIA CL,Consumidor Livre,NORDESTE,34.8,30.142642
,2023-04-03,51305,OWENS ILLINOIS VITORIA CL,Consumidor Livre,NORDESTE,34.8,30.815879
,2023-04-04,51305,OWENS ILLINOIS VITORIA CL,Consumidor Livre,NORDESTE,34.8,30.835291
,2023-04-05,51305,OWENS ILLINOIS VITORIA CL,Consumidor Livre,NORDESTE,34.8,30.685672
,2023-04-06,51305,OWENS ILLINOIS VITORIA CL,Consumidor Livre,NORDESTE,34.8,30.300496
,2023-04-07,51305,OWENS ILLINOIS VITORIA CL,Consumidor Livre,NORDESTE,34.8,29.893289
,2023-04-08,51305,OWENS ILLINOIS VITORIA CL,Consumidor Livre,NORDESTE,34.8,29.680248
,2023-04-09,51305,OWENS ILLINOIS VITORIA CL,Consumidor Livre,NORDESTE,34.8,29.871251
,2023-04-10,51305,OWENS ILLINOIS VITORIA CL,Consumidor Livre,NORDESTE,34.8,30.834964
,2023-04-11,51305,OWENS ILLINOIS VITORIA CL,Consumidor Livre,NORDESTE,34.8,29.846279
,2023-04-12,51305,OWENS ILLINOIS VITORIA CL,Consumidor Livre,NORDESTE,34.8,32.225394
,2023-04-13,51305,OWENS ILLINOIS VITORIA CL,Consumidor Livre,NORDESTE,34.8,29.925897
,2023-04-14,51305,OWENS ILLINOIS VITORIA CL,Consumidor Livre,NORDESTE,34.8,29.751633
,2023-04-15,51305,OWENS ILLINOIS VITORIA CL,Consumidor Livre,NORDESTE,34.8,29.418939
,2023-04-16,51305,OWENS ILLINOIS VITORIA CL,Consumidor Livre,NORDESTE,34.8,29.2728
,2023-04-17,51305,OWENS ILLINOIS VITORIA CL,Consumidor Livre,NORDESTE,34.8,29.900935
,2023-04-18,51305,OWENS ILLINOIS VITORIA CL,Consumidor Livre,NORDESTE,34.8,29.926453
,2023-04-19,51305,OWENS ILLINOIS VITORIA CL,Consumidor Livre,NORDESTE,34.8,29.784706
,2023-04-20,51305,OWENS ILLINOIS VITORIA CL,Consumidor Livre,NORDESTE,34.8,29.810044
,2023-04-21,51305,OWENS ILLINOIS VITORIA CL,Consumidor Livre,NORDESTE,34.8,29.405123
,2023-04-22,51305,OWENS ILLINOIS VITORIA CL,Consumidor Livre,NORDESTE,34.8,29.590171
,2023-04-23,51305,OWENS ILLINOIS VITORIA CL,Consumidor Livre,NORDESTE,34.8,29.228266
,2023-04-24,51305,OWENS ILLINOIS VITORIA CL,Consumidor Livre,NORDESTE,34.8,29.79558
,2023-04-25,51305,OWENS ILLINOIS VITORIA CL,Consumidor Livre,NORDESTE,34.8,29.736998
,2023-04-26,51305,OWENS ILLINOIS VITORIA CL,Consumidor Livre,NORDESTE,34.8,29.873498
,2023-04-27,51305,OWENS ILLINOIS VITORIA CL,Consumidor Livre,NORDESTE,34.8,29.957355
,2023-04-28,51305,OWENS ILLINOIS VITORIA CL,Consumidor Livre,NORDESTE,34.8,29.705588
,2023-04-29,51305,OWENS ILLINOIS VITORIA CL,Consumidor Livre,NORDESTE,34.8,28.965955
,2023-04-30,51305,OWENS ILLINOIS VITORIA CL,Consumidor Livre,NORDESTE,34.8,29.168659
,2023-05-01,51305,OWENS ILLINOIS VITORIA CL,Consumidor Livre,NORDESTE,34.8,29.226032
,2023-05-02,51305,OWENS ILLINOIS VITORIA CL,Consumidor Livre,NORDESTE,34.8,27.235491
,2023-05-03,51305,OWENS ILLINOIS VITORIA CL,Consumidor Livre,NORDESTE,34.8,30.023668
,2023-05-04,51305,OWENS ILLINOIS VITORIA CL,Consumidor Livre,NORDESTE,34.8,29.590329
,2023-05-05,51305,OWENS ILLINOIS VITORIA CL,Consumidor Livre,NORDESTE,34.8,29.771643
,2023-05-06,51305,OWENS ILLINOIS VITORIA CL,Consumidor Livre,NORDESTE,34.8,28.891973
,2023-05-07,51305,OWENS ILLINOIS VITORIA CL,Consumidor Livre,NORDESTE,34.8,28.829199
,2023-05-08,51305,OWENS ILLINOIS VITORIA CL,Consumidor Livre,NORDESTE,34.8,31.583449
,2023-05-09,51305,OWENS ILLINOIS VITORIA CL,Consumidor Livre,NORDESTE,34.8,29.412131
,2023-05-10,51305,OWENS ILLINOIS VITORIA CL,Consumidor Livre,NORDESTE,34.8,29.730083
,2023-05-11,51305,OWENS ILLINOIS VITORIA CL,Consumidor Livre,NORDESTE,34.8,29.789288
,2023-05-12,51305,OWENS ILLINOIS VITORIA CL,Consumidor Livre,NORDESTE,34.8,29.445861
,2023-05-13,51305,OWENS ILLINOIS VITORIA CL,Consumidor Livre,NORDESTE,34.8,28.850515
,2023-05-14,51305,OWENS ILLINOIS VITORIA CL,Consumidor Livre,NORDESTE,34.8,28.668026
,2023-05-15,51305,OWENS ILLINOIS VITORIA CL,Consumidor Livre,NORDESTE,34.8,29.089632
,2023-05-16,51305,OWENS ILLINOIS VITORIA CL,Consumidor Livre,NORDESTE,34.8,29.222852
,2023-05-17,51305,OWENS ILLINOIS VITORIA CL,Consumidor Livre,NORDESTE,34.8,28.920415
,2023-05-18,51305,OWENS ILLINOIS VITORIA CL,Consumidor Livre,NORDESTE,34.8,28.87113
,2023-05-19,51305,OWENS ILLINOIS VITORIA CL,Consumidor Livre,NORDESTE,34.8,29.150328
,2023-05-20,51305,OWENS ILLINOIS VITORIA CL,Consumidor Livre,NORDESTE,34.8,28.760346
,2023-05-21,51305,OWENS ILLINOIS VITORIA CL,Consumidor Livre,NORDESTE,34.8,28.679873
,2023-05-22,51305,OWENS ILLINOIS VITORIA CL,Consumidor Livre,NORDESTE,34.8,29.354002
,2023-05-23,51305,OWENS ILLINOIS VITORIA CL,Consumidor Livre,NORDESTE,34.8,29.345424
,2023-05-24,51305,OWENS ILLINOIS VITORIA CL,Consumidor Livre,NORDESTE,34.8,29.271265
,2023-05-25,51305,OWENS ILLINOIS VITORIA CL,Consumidor Livre,NORDESTE,34.8,30.148992
,2023-05-26,51305,OWENS ILLINOIS VITORIA CL,Consumidor Livre,NORDESTE,34.8,30.994098
,2023-05-27,51305,OWENS ILLINOIS VITORIA CL,Consumidor Livre,NORDESTE,34.8,30.923819
,2023-05-28,51305,OWENS ILLINOIS VITORIA CL,Consumidor Livre,NORDESTE,34.8,30.573599
,2023-05-29,51305,OWENS ILLINOIS VITORIA CL,Consumidor Livre,NORDESTE,34.8,31.088678
,2023-05-30,51305,OWENS ILLINOIS VITORIA CL,Consumidor Livre,NORDESTE,34.8,30.271634
,2023-05-31,51305,OWENS ILLINOIS VITORIA CL,Consumidor Livre,NORDESTE,34.8,30.493255
,2023-06-01,51305,OWENS ILLINOIS VITORIA CL,Consumidor Livre,NORDESTE,34.8,30.399283
,2023-06-02,51305,OWENS ILLINOIS VITORIA CL,Consumidor Livre,NORDESTE,34.8,30.285818
,2023-06-03,51305,OWENS ILLINOIS VITORIA CL,Consumidor Livre,NORDESTE,34.8,30.04017
,2023-06-04,51305,OWENS ILLINOIS VITORIA CL,Consumidor Livre,NORDESTE,34.8,29.841503
,2023-06-05,51305,OWENS ILLINOIS VITORIA CL,Consumidor Livre,NORDESTE,34.8,30.457052
,2023-06-06,51305,OWENS ILLINOIS VITORIA CL,Consumidor Livre,NORDESTE,34.8,30.37279
,2023-06-07,51305,OWENS ILLINOIS VITORIA CL,Consumidor Livre,NORDESTE,34.8,29.378957
,2023-06-08,51305,OWENS ILLINOIS VITORIA CL,Consumidor Livre,NORDESTE,34.8,28.742216
,2023-06-09,51305,OWENS ILLINOIS VITORIA CL,Consumidor Livre,NORDESTE,34.8,29.195036
,2023-06-10,51305,OWENS ILLINOIS VITORIA CL,Consumidor Livre,NORDESTE,34.8,28.816489
,2023-06-11,51305,OWENS ILLINOIS VITORIA CL,Consumidor Livre,NORDESTE,34.8,28.468024
,2023-06-12,51305,OWENS ILLINOIS VITORIA CL,Consumidor Livre,NORDESTE,34.8,29.003354
,2023-06-13,51305,OWENS ILLINOIS VITORIA CL,Consumidor Livre,NORDESTE,34.8,28.909255
,2023-06-14,51305,OWENS ILLINOIS VITORIA CL,Consumidor Livre,NORDESTE,34.8,28.734571
,2023-06-15,51305,OWENS ILLINOIS VITORIA CL,Consumidor Livre,NORDESTE,34.8,28.797686
,2023-06-16,51305,OWENS ILLINOIS VITORIA CL,Consumidor Livre,NORDESTE,34.8,28.777576
,2023-06-17,51305,OWENS ILLINOIS VITORIA CL,Consumidor Livre,NORDESTE,34.8,28.416284
,2023-06-18,51305,OWENS ILLINOIS VITORIA CL,Consumidor Livre,NORDESTE,34.8,28.192417
,2023-06-19,51305,OWENS ILLINOIS VITORIA CL,Consumidor Livre,NORDESTE,34.8,28.808531
,2023-06-20,51305,OWENS ILLINOIS VITORIA CL,Consumidor Livre,NORDESTE,34.8,28.913411
,2023-06-21,51305,OWENS ILLINOIS VITORIA CL,Consumidor Livre,NORDESTE,34.8,28.86354
,2023-06-22,51305,OWENS ILLINOIS VITORIA CL,Consumidor Livre,NORDESTE,34.8,28.800874
,2023-06-23,51305,OWENS ILLINOIS VITORIA CL,Consumidor Livre,NORDESTE,34.8,28.618821
,2023-06-24,51305,OWENS ILLINOIS VITORIA CL,Consumidor Livre,NORDESTE,34.8,28.272865
,2023-06-25,51305,OWENS ILLINOIS VITORIA CL,Consumidor Livre,NORDESTE,34.8,28.346581
,2023-06-26,51305,OWENS ILLINOIS VITORIA CL,Consumidor Livre,NORDESTE,34.8,28.599632
,2023-06-27,51305,OWENS ILLINOIS VITORIA CL,Consumidor Livre,NORDESTE,34.8,28.744186
,2023-06-28,51305,OWENS ILLINOIS VITORIA CL,Consumidor Livre,NORDESTE,34.8,28.762371
,2023-06-29,51305,OWENS ILLINOIS VITORIA CL,Consumidor Livre,NORDESTE,34.8,28.755225
,2023-06-30,51305,OWENS ILLINOIS VITORIA CL,Consumidor Livre,NORDESTE,34.8,28.700279
,2023-07-01,51305,OWENS ILLINOIS VITORIA CL,Consumidor Livre,NORDESTE,34.8,28.541531
,2023-07-02,51305,OWENS ILLINOIS VITORIA CL,Consumidor Livre,NORDESTE,34.8,28.364246
,2023-07-03,51305,OWENS ILLINOIS VITORIA CL,Consumidor Livre,NORDESTE,34.8,28.88818
,2023-07-04,51305,OWENS ILLINOIS VITORIA CL,Consumidor Livre,NORDESTE,34.8,28.962223
,2023-07-05,51305,OWENS ILLINOIS VITORIA CL,Consumidor Livre,NORDESTE,34.8,28.752321
,2023-07-06,51305,OWENS ILLINOIS VITORIA CL,Consumidor Livre,NORDESTE,34.8,28.558291
,2023-07-07,51305,OWENS ILLINOIS VITORIA CL,Consumidor Livre,NORDESTE,34.8,28.471931
,2023-07-08,51305,OWENS ILLINOIS VITORIA CL,Consumidor Livre,NORDESTE,34.8,28.221272
,2023-07-09,51305,OWENS ILLINOIS VITORIA CL,Consumidor Livre,NORDESTE,34.8,28.071775
,2023-07-10,51305,OWENS ILLINOIS VITORIA CL,Consumidor Livre,NORDESTE,34.8,28.587109
,2023-07-11,51305,OWENS ILLINOIS VITORIA CL,Consumidor Livre,NORDESTE,34.8,28.620228
,2023-07-12,51305,OWENS ILLINOIS VITORIA CL,Consumidor Livre,NORDESTE,34.8,28.692503
,2023-07-13,51305,OWENS ILLINOIS VITORIA CL,Consumidor Livre,NORDESTE,34.8,28.782181
,2023-07-14,51305,OWENS ILLINOIS VITORIA CL,Consumidor Livre,NORDESTE,34.8,28.781778
,2023-07-15,51305,OWENS ILLINOIS VITORIA CL,Consumidor Livre,NORDESTE,34.8,28.355621
,2023-07-16,51305,OWENS ILLINOIS VITORIA CL,Consumidor Livre,NORDESTE,34.8,28.053088
,2023-07-17,51305,OWENS ILLINOIS VITORIA CL,Consumidor Livre,NORDESTE,34.8,28.235334
,2023-07-18,51305,OWENS ILLINOIS VITORIA CL,Consumidor Livre,NORDESTE,34.8,28.30659
,2023-07-19,51305,OWENS ILLINOIS VITORIA CL,Consumidor Livre,NORDESTE,34.8,25.687816
,2023-07-20,51305,OWENS ILLINOIS VITORIA CL,Consumidor Livre,NORDESTE,34.8,28.915572
,2023-07-21,51305,OWENS ILLINOIS VITORIA CL,Consumidor Livre,NORDESTE,34.8,29.16242
,2023-07-22,51305,OWENS ILLINOIS VITORIA CL,Consumidor Livre,NORDESTE,34.8,28.672024
,2023-07-23,51305,OWENS ILLINOIS VITORIA CL,Consumidor Livre,NORDESTE,34.8,28.569637
,2023-07-24,51305,OWENS ILLINOIS VITORIA CL,Consumidor Livre,NORDESTE,34.8,28.964216
,2023-07-25,51305,OWENS ILLINOIS VITORIA CL,Consumidor Livre,NORDESTE,34.8,28.934863
,2023-07-26,51305,OWENS ILLINOIS VITORIA CL,Consumidor Livre,NORDESTE,34.8,29.02509
,2023-07-27,51305,OWENS ILLINOIS VITORIA CL,Consumidor Livre,NORDESTE,34.8,28.99303
,2023-07-28,51305,OWENS ILLINOIS VITORIA CL,Consumidor Livre,NORDESTE,34.8,28.977572
,2023-07-29,51305,OWENS ILLINOIS VITORIA CL,Consumidor Livre,NORDESTE,34.8,28.59084
,2023-07-30,51305,OWENS ILLINOIS VITORIA CL,Consumidor Livre,NORDESTE,34.8,28.489465
,2023-07-31,51305,OWENS ILLINOIS VITORIA CL,Consumidor Livre,NORDESTE,34.8,29.038504
,2023-08-01,51305,OWENS ILLINOIS VITORIA CL,Consumidor Livre,NORDESTE,34.8,31.08394
,2023-08-02,51305,OWENS ILLINOIS VITORIA CL,Consumidor Livre,NORDESTE,34.8,29.125924
,2023-08-03,51305,OWENS ILLINOIS VITORIA CL,Consumidor Livre,NORDESTE,34.8,28.628702
,2023-08-04,51305,OWENS ILLINOIS VITORIA CL,Consumidor Livre,NORDESTE,34.8,28.971371
,2023-08-05,51305,OWENS ILLINOIS VITORIA CL,Consumidor Livre,NORDESTE,34.8,28.42757
,2023-08-06,51305,OWENS ILLINOIS VITORIA CL,Consumidor Livre,NORDESTE,34.8,28.234685
,2023-08-07,51305,OWENS ILLINOIS VITORIA CL,Consumidor Livre,NORDESTE,34.8,28.698929
,2023-08-08,51305,OWENS ILLINOIS VITORIA CL,Consumidor Livre,NORDESTE,34.8,28.615792
,2023-08-09,51305,OWENS ILLINOIS VITORIA CL,Consumidor Livre,NORDESTE,34.8,28.860049
,2023-08-10,51305,OWENS ILLINOIS VITORIA CL,Consumidor Livre,NORDESTE,34.8,29.111584
,2023-08-11,51305,OWENS ILLINOIS VITORIA CL,Consumidor Livre,NORDESTE,34.8,29.011172
,2023-08-12,51305,OWENS ILLINOIS VITORIA CL,Consumidor Livre,NORDESTE,34.8,28.662283
,2023-08-13,51305,OWENS ILLINOIS VITORIA CL,Consumidor Livre,NORDESTE,34.8,28.51119
,2023-08-14,51305,OWENS ILLINOIS VITORIA CL,Consumidor Livre,NORDESTE,34.8,28.883041
,2023-08-15,51305,OWENS ILLINOIS VITORIA CL,Consumidor Livre,NORDESTE,34.8,27.51016
,2023-08-16,51305,OWENS ILLINOIS VITORIA CL,Consumidor Livre,NORDESTE,34.8,28.911401
,2023-08-17,51305,OWENS ILLINOIS VITORIA CL,Consumidor Livre,NORDESTE,34.8,28.97036
,2023-08-18,51305,OWENS ILLINOIS VITORIA CL,Consumidor Livre,NORDESTE,34.8,28.979232
,2023-08-19,51305,OWENS ILLINOIS VITORIA CL,Consumidor Livre,NORDESTE,34.8,28.670066
,2023-08-20,51305,OWENS ILLINOIS VITORIA CL,Consumidor Livre,NORDESTE,34.8,28.652537
,2023-08-21,51305,OWENS ILLINOIS VITORIA CL,Consumidor Livre,NORDESTE,34.8,29.032101
,2023-08-22,51305,OWENS ILLINOIS VITORIA CL,Consumidor Livre,NORDESTE,34.8,28.834631
,2023-08-23,51305,OWENS ILLINOIS VITORIA CL,Consumidor Livre,NORDESTE,34.8,28.792164
,2023-08-24,51305,OWENS ILLINOIS VITORIA CL,Consumidor Livre,NORDESTE,34.8,29.103184
,2023-08-25,51305,OWENS ILLINOIS VITORIA CL,Consumidor Livre,NORDESTE,34.8,29.106703
,2023-08-26,51305,OWENS ILLINOIS VITORIA CL,Consumidor Livre,NORDESTE,34.8,28.665334
,2023-08-27,51305,OWENS ILLINOIS VITORIA CL,Consumidor Livre,NORDESTE,34.8,28.756399
,2023-08-28,51305,OWENS ILLINOIS VITORIA CL,Consumidor Livre,NORDESTE,34.8,29.399569
,2023-08-29,51305,OWENS ILLINOIS VITORIA CL,Consumidor Livre,NORDESTE,34.8,29.423332
,2023-08-30,51305,OWENS ILLINOIS VITORIA CL,Consumidor Livre,NORDESTE,34.8,29.446764
,2023-08-31,51305,OWENS ILLINOIS VITORIA CL,Consumidor Livre,NORDESTE,34.8,29.533392
,2023-09-01,51305,OWENS ILLINOIS VITORIA CL,Consumidor Livre,NORDESTE,34.8,29.103174
,2023-09-02,51305,OWENS ILLINOIS VITORIA CL,Consumidor Livre,NORDESTE,34.8,28.570013
,2023-09-03,51305,OWENS ILLINOIS VITORIA CL,Consumidor Livre,NORDESTE,34.8,28.337012
,2023-09-04,51305,OWENS ILLINOIS VITORIA CL,Consumidor Livre,NORDESTE,34.8,28.7061
,2023-09-05,51305,OWENS ILLINOIS VITORIA CL,Consumidor Livre,NORDESTE,34.8,30.943021
,2023-09-06,51305,OWENS ILLINOIS VITORIA CL,Consumidor Livre,NORDESTE,34.8,32.276779
,2023-09-07,51305,OWENS ILLINOIS VITORIA CL,Consumidor Livre,NORDESTE,34.8,32.124802
,2023-09-08,51305,OWENS ILLINOIS VITORIA CL,Consumidor Livre,NORDESTE,34.8,30.822697
,2023-09-09,51305,OWENS ILLINOIS VITORIA CL,Consumidor Livre,NORDESTE,34.8,28.099179
,2023-09-10,51305,OWENS ILLINOIS VITORIA CL,Consumidor Livre,NORDESTE,34.8,27.972206
,2023-09-11,51305,OWENS ILLINOIS VITORIA CL,Consumidor Livre,NORDESTE,34.8,29.003319
,2023-09-12,51305,OWENS ILLINOIS VITORIA CL,Consumidor Livre,NORDESTE,34.8,28.206033
,2023-09-13,51305,OWENS ILLINOIS VITORIA CL,Consumidor Livre,NORDESTE,34.8,28.549053
,2023-09-14,51305,OWENS ILLINOIS VITORIA CL,Consumidor Livre,NORDESTE,34.8,28.540683
,2023-09-15,51305,OWENS ILLINOIS VITORIA CL,Consumidor Livre,NORDESTE,34.8,28.383476
,2023-09-16,51305,OWENS ILLINOIS VITORIA CL,Consumidor Livre,NORDESTE,34.8,27.902446
,2023-09-17,51305,OWENS ILLINOIS VITORIA CL,Consumidor Livre,NORDESTE,34.8,27.887084
,2023-09-18,51305,OWENS ILLINOIS VITORIA CL,Consumidor Livre,NORDESTE,34.8,28.270016
,2023-09-19,51305,OWENS ILLINOIS VITORIA CL,Consumidor Livre,NORDESTE,34.8,28.357933
,2023-09-20,51305,OWENS ILLINOIS VITORIA CL,Consumidor Livre,NORDESTE,34.8,28.778174
,2023-09-21,51305,OWENS ILLINOIS VITORIA CL,Consumidor Livre,NORDESTE,34.8,28.510801
,2023-09-22,51305,OWENS ILLINOIS VITORIA CL,Consumidor Livre,NORDESTE,34.8,28.326278
,2023-09-23,51305,OWENS ILLINOIS VITORIA CL,Consumidor Livre,NORDESTE,34.8,27.991389
,2023-09-24,51305,OWENS ILLINOIS VITORIA CL,Consumidor Livre,NORDESTE,34.8,27.768941
,2023-09-25,51305,OWENS ILLINOIS VITORIA CL,Consumidor Livre,NORDESTE,34.8,28.372869
,2023-09-26,51305,OWENS ILLINOIS VITORIA CL,Consumidor Livre,NORDESTE,34.8,28.715067
,2023-09-27,51305,OWENS ILLINOIS VITORIA CL,Consumidor Livre,NORDESTE,34.8,28.884989
,2023-09-28,51305,OWENS ILLINOIS VITORIA CL,Consumidor Livre,NORDESTE,34.8,28.615948
,2023-09-29,51305,OWENS ILLINOIS VITORIA CL,Consumidor Livre,NORDESTE,34.8,28.60483
,2023-09-30,51305,OWENS ILLINOIS VITORIA CL,Consumidor Livre,NORDESTE,34.8,28.348461
,2023-10-01,51305,OWENS ILLINOIS VITORIA CL,Consumidor Livre,NORDESTE,34.8,28.285385
,2023-10-02,51305,OWENS ILLINOIS VITORIA CL,Consumidor Livre,NORDESTE,34.8,28.573863
,2023-10-03,51305,OWENS ILLINOIS VITORIA CL,Consumidor Livre,NORDESTE,34.8,28.668591
,2023-10-04,51305,OWENS ILLINOIS VITORIA CL,Consumidor Livre,NORDESTE,34.8,28.554263
,2023-10-05,51305,OWENS ILLINOIS VITORIA CL,Consumidor Livre,NORDESTE,34.8,28.256069
,2023-10-06,51305,OWENS ILLINOIS VITORIA CL,Consumidor Livre,NORDESTE,34.8,28.298638
,2023-10-07,51305,OWENS ILLINOIS VITORIA CL,Consumidor Livre,NORDESTE,34.8,28.332056
,2023-10-08,51305,OWENS ILLINOIS VITORIA CL,Consumidor Livre,NORDESTE,34.8,28.250451
,2023-10-09,51305,OWENS ILLINOIS VITORIA CL,Consumidor Livre,NORDESTE,34.8,28.615017
,2023-10-10,51305,OWENS ILLINOIS VITORIA CL,Consumidor Livre,NORDESTE,34.8,28.33712
,2023-10-11,51305,OWENS ILLINOIS VITORIA CL,Consumidor Livre,NORDESTE,34.8,28.273825
,2023-10-12,51305,OWENS ILLINOIS VITORIA CL,Consumidor Livre,NORDESTE,34.8,27.774607
,2023-10-13,51305,OWENS ILLINOIS VITORIA CL,Consumidor Livre,NORDESTE,34.8,28.232685
,2023-10-14,51305,OWENS ILLINOIS VITORIA CL,Consumidor Livre,NORDESTE,34.8,27.58096
,2023-10-15,51305,OWENS ILLINOIS VITORIA CL,Consumidor Livre,NORDESTE,34.8,27.38998
,2023-10-16,51305,OWENS ILLINOIS VITORIA CL,Consumidor Livre,NORDESTE,34.8,28.056929
,2023-10-17,51305,OWENS ILLINOIS VITORIA CL,Consumidor Livre,NORDESTE,34.8,28.186304
,2023-10-18,51305,OWENS ILLINOIS VITORIA CL,Consumidor Livre,NORDESTE,34.8,27.856675
,2023-10-19,51305,OWENS ILLINOIS VITORIA CL,Consumidor Livre,NORDESTE,34.8,28.183497
,2023-10-20,51305,OWENS ILLINOIS VITORIA CL,Consumidor Livre,NORDESTE,34.8,28.461921
,2023-10-21,51305,OWENS ILLINOIS VITORIA CL,Consumidor Livre,NORDESTE,34.8,27.937128
,2023-10-22,51305,OWENS ILLINOIS VITORIA CL,Consumidor Livre,NORDESTE,34.8,27.644634
,2023-10-23,51305,OWENS ILLINOIS VITORIA CL,Consumidor Livre,NORDESTE,34.8,28.447478
,2023-10-24,51305,OWENS ILLINOIS VITORIA CL,Consumidor Livre,NORDESTE,34.8,28.32658
,2023-10-25,51305,OWENS ILLINOIS VITORIA CL,Consumidor Livre,NORDESTE,34.8,18.4176
,2023-10-26,51305,OWENS ILLINOIS VITORIA CL,Consumidor Livre,NORDESTE,34.8,29.486243
,2023-10-27,51305,OWENS ILLINOIS VITORIA CL,Consumidor Livre,NORDESTE,34.8,29.405332
,2023-10-28,51305,OWENS ILLINOIS VITORIA CL,Consumidor Livre,NORDESTE,34.8,29.236666
,2023-10-29,51305,OWENS ILLINOIS VITORIA CL,Consumidor Livre,NORDESTE,34.8,29.189039
,2023-10-30,51305,OWENS ILLINOIS VITORIA CL,Consumidor Livre,NORDESTE,34.8,33.111641
,2023-10-31,51305,OWENS ILLINOIS VITORIA CL,Consumidor Livre,NORDESTE,34.8,32.314227
,2023-11-01,51305,OWENS ILLINOIS VITORIA CL,Consumidor Livre,NORDESTE,34.8,29.229754
,2023-11-02,51305,OWENS ILLINOIS VITORIA CL,Consumidor Livre,NORDESTE,34.8,28.908314
,2023-11-03,51305,OWENS ILLINOIS VITORIA CL,Consumidor Livre,NORDESTE,34.8,29.347834
,2023-11-04,51305,OWENS ILLINOIS VITORIA CL,Consumidor Livre,NORDESTE,34.8,28.774798
,2023-11-05,51305,OWENS ILLINOIS VITORIA CL,Consumidor Livre,NORDESTE,34.8,28.439798
,2023-11-06,51305,OWENS ILLINOIS VITORIA CL,Consumidor Livre,NORDESTE,34.8,31.01223
,2023-11-07,51305,OWENS ILLINOIS VITORIA CL,Consumidor Livre,NORDESTE,34.8,32.773022
,2023-11-08,51305,OWENS ILLINOIS VITORIA CL,Consumidor Livre,NORDESTE,34.8,29.649223
,2023-11-09,51305,OWENS ILLINOIS VITORIA CL,Consumidor Livre,NORDESTE,34.8,29.305308
,2023-11-10,51305,OWENS ILLINOIS VITORIA CL,Consumidor Livre,NORDESTE,34.8,29.361057
,2023-11-11,51305,OWENS ILLINOIS VITORIA CL,Consumidor Livre,NORDESTE,34.8,29.642008
,2023-11-12,51305,OWENS ILLINOIS VITORIA CL,Consumidor Livre,NORDESTE,34.8,29.965666
,2023-11-13,51305,OWENS ILLINOIS VITORIA CL,Consumidor Livre,NORDESTE,34.8,31.489702
,2023-11-14,51305,OWENS ILLINOIS VITORIA CL,Consumidor Livre,NORDESTE,34.8,31.021456
,2023-11-15,51305,OWENS ILLINOIS VITORIA CL,Consumidor Livre,NORDESTE,34.8,28.375856
,2023-11-16,51305,OWENS ILLINOIS VITORIA CL,Consumidor Livre,NORDESTE,34.8,29.030741
,2023-11-17,51305,OWENS ILLINOIS VITORIA CL,Consumidor Livre,NORDESTE,34.8,28.191911
,2023-11-18,51305,OWENS ILLINOIS VITORIA CL,Consumidor Livre,NORDESTE,34.8,28.330794
,2023-11-19,51305,OWENS ILLINOIS VITORIA CL,Consumidor Livre,NORDESTE,34.8,28.34574
,2023-11-20,51305,OWENS ILLINOIS VITORIA CL,Consumidor Livre,NORDESTE,34.8,28.761475
,2023-11-21,51305,OWENS ILLINOIS VITORIA CL,Consumidor Livre,NORDESTE,34.8,28.810172
,2023-11-22,51305,OWENS ILLINOIS VITORIA CL,Consumidor Livre,NORDESTE,34.8,29.157201
,2023-11-23,51305,OWENS ILLINOIS VITORIA CL,Consumidor Livre,NORDESTE,34.8,29.262526
,2023-11-24,51305,OWENS ILLINOIS VITORIA CL,Consumidor Livre,NORDESTE,34.8,29.211592
,2023-11-25,51305,OWENS ILLINOIS VITORIA CL,Consumidor Livre,NORDESTE,34.8,31.184476
,2023-11-26,51305,OWENS ILLINOIS VITORIA CL,Consumidor Livre,NORDESTE,34.8,28.612505
,2023-11-27,51305,OWENS ILLINOIS VITORIA CL,Consumidor Livre,NORDESTE,34.8,29.074207
,2023-11-28,51305,OWENS ILLINOIS VITORIA CL,Consumidor Livre,NORDESTE,34.8,29.05329
,2023-11-29,51305,OWENS ILLINOIS VITORIA CL,Consumidor Livre,NORDESTE,34.8,29.194986
,2023-11-30,51305,OWENS ILLINOIS VITORIA CL,Consumidor Livre,NORDESTE,34.8,29.027322
,2023-12-01,51305,OWENS ILLINOIS VITORIA CL,Consumidor Livre,NORDESTE,34.8,29.161604
,2023-12-02,51305,OWENS ILLINOIS VITORIA CL,Consumidor Livre,NORDESTE,34.8,28.553674
,2023-12-03,51305,OWENS ILLINOIS VITORIA CL,Consumidor Livre,NORDESTE,34.8,28.451979
,2023-12-04,51305,OWENS ILLINOIS VITORIA CL,Consumidor Livre,NORDESTE,34.8,29.22853
,2023-12-05,51305,OWENS ILLINOIS VITORIA CL,Consumidor Livre,NORDESTE,34.8,29.162755
,2023-12-06,51305,OWENS ILLINOIS VITORIA CL,Consumidor Livre,NORDESTE,34.8,29.122301
,2023-12-07,51305,OWENS ILLINOIS VITORIA CL,Consumidor Livre,NORDESTE,34.8,29.178795
,2023-12-08,51305,OWENS ILLINOIS VITORIA CL,Consumidor Livre,NORDESTE,34.8,29.130384
,2023-12-09,51305,OWENS ILLINOIS VITORIA CL,Consumidor Livre,NORDESTE,34.8,29.015556
,2023-12-10,51305,OWENS ILLINOIS VITORIA CL,Consumidor Livre,NORDESTE,34.8,28.880191
,2023-12-11,51305,OWENS ILLINOIS VITORIA CL,Consumidor Livre,NORDESTE,34.8,30.001799
,2023-12-12,51305,OWENS ILLINOIS VITORIA CL,Consumidor Livre,NORDESTE,34.8,30.395869
,2023-12-13,51305,OWENS ILLINOIS VITORIA CL,Consumidor Livre,NORDESTE,34.8,30.462771
,2023-12-14,51305,OWENS ILLINOIS VITORIA CL,Consumidor Livre,NORDESTE,34.8,29.621783
,2023-12-15,51305,OWENS ILLINOIS VITORIA CL,Consumidor Livre,NORDESTE,34.8,29.274399
,2023-12-16,51305,OWENS ILLINOIS VITORIA CL,Consumidor Livre,NORDESTE,34.8,28.749384
,2023-12-17,51305,OWENS ILLINOIS VITORIA CL,Consumidor Livre,NORDESTE,34.8,28.45747
,2023-12-18,51305,OWENS ILLINOIS VITORIA CL,Consumidor Livre,NORDESTE,34.8,29.273182
,2023-12-19,51305,OWENS ILLINOIS VITORIA CL,Consumidor Livre,NORDESTE,34.8,29.287839
,2023-12-20,51305,OWENS ILLINOIS VITORIA CL,Consumidor Livre,NORDESTE,34.8,29.128855
,2023-12-21,51305,OWENS ILLINOIS VITORIA CL,Consumidor Livre,NORDESTE,34.8,29.348164
,2023-12-22,51305,OWENS ILLINOIS VITORIA CL,Consumidor Livre,NORDESTE,34.8,29.032728
,2023-12-23,51305,OWENS ILLINOIS VITORIA CL,Consumidor Livre,NORDESTE,34.8,28.13838
,2023-12-24,51305,OWENS ILLINOIS VITORIA CL,Consumidor Livre,NORDESTE,34.8,28.234491
,2023-12-25,51305,OWENS ILLINOIS VITORIA CL,Consumidor Livre,NORDESTE,34.8,28.583488
,2023-12-26,51305,OWENS ILLINOIS VITORIA CL,Consumidor Livre,NORDESTE,34.8,29.411663
,2023-12-27,51305,OWENS ILLINOIS VITORIA CL,Consumidor Livre,NORDESTE,34.8,29.364784
,2023-12-28,51305,OWENS ILLINOIS VITORIA CL,Consumidor Livre,NORDESTE,34.8,29.350848
,2023-12-29,51305,OWENS ILLINOIS VITORIA CL,Consumidor Livre,NORDESTE,34.8,29.156394
,2023-12-30,51305,OWENS ILLINOIS VITORIA CL,Consumidor Livre,NORDESTE,34.8,28.402469
,2023-12-31,51305,OWENS ILLINOIS VITORIA CL,Consumidor Livre,NORDESTE,34.8,28.491656
,2024-01-01,51305,OWENS ILLINOIS VITORIA CL,Consumidor Livre,NORDESTE,34.8,28.48012
,2024-01-02,51305,OWENS ILLINOIS VITORIA CL,Consumidor Livre,NORDESTE,34.8,29.3612
,2024-01-03,51305,OWENS ILLINOIS VITORIA CL,Consumidor Livre,NORDESTE,34.8,29.564242
,2024-01-04,51305,OWENS ILLINOIS VITORIA CL,Consumidor Livre,NORDESTE,34.8,29.581192
,2024-01-05,51305,OWENS ILLINOIS VITORIA CL,Consumidor Livre,NORDESTE,34.8,29.412765
,2024-01-06,51305,OWENS ILLINOIS VITORIA CL,Consumidor Livre,NORDESTE,34.8,28.939451
,2024-01-07,51305,OWENS ILLINOIS VITORIA CL,Consumidor Livre,NORDESTE,34.8,28.745482
,2024-01-08,51305,OWENS ILLINOIS VITORIA CL,Consumidor Livre,NORDESTE,34.8,29.592702
,2024-01-09,51305,OWENS ILLINOIS VITORIA CL,Consumidor Livre,NORDESTE,34.8,29.689124
,2024-01-10,51305,OWENS ILLINOIS VITORIA CL,Consumidor Livre,NORDESTE,34.8,29.76417
,2024-01-11,51305,OWENS ILLINOIS VITORIA CL,Consumidor Livre,NORDESTE,34.8,29.712925
,2024-01-12,51305,OWENS ILLINOIS VITORIA CL,Consumidor Livre,NORDESTE,34.8,29.825042
,2024-01-13,51305,OWENS ILLINOIS VITORIA CL,Consumidor Livre,NORDESTE,34.8,29.476996
,2024-01-14,51305,OWENS ILLINOIS VITORIA CL,Consumidor Livre,NORDESTE,34.8,29.503405
,2024-01-15,51305,OWENS ILLINOIS VITORIA CL,Consumidor Livre,NORDESTE,34.8,30.555427
,2024-01-16,51305,OWENS ILLINOIS VITORIA CL,Consumidor Livre,NORDESTE,34.8,30.585138
,2024-01-17,51305,OWENS ILLINOIS VITORIA CL,Consumidor Livre,NORDESTE,34.8,29.868971
,2024-01-18,51305,OWENS ILLINOIS VITORIA CL,Consumidor Livre,NORDESTE,34.8,30.029535
,2024-01-19,51305,OWENS ILLINOIS VITORIA CL,Consumidor Livre,NORDESTE,34.8,33.049914
,2024-01-20,51305,OWENS ILLINOIS VITORIA CL,Consumidor Livre,NORDESTE,34.8,32.982423
,2024-01-21,51305,OWENS ILLINOIS VITORIA CL,Consumidor Livre,NORDESTE,34.8,29.658607
,2024-01-22,51305,OWENS ILLINOIS VITORIA CL,Consumidor Livre,NORDESTE,34.8,30.328057
,2024-01-23,51305,OWENS ILLINOIS VITORIA CL,Consumidor Livre,NORDESTE,34.8,30.583259
,2024-01-24,51305,OWENS ILLINOIS VITORIA CL,Consumidor Livre,NORDESTE,34.8,30.533878
,2024-01-25,51305,OWENS ILLINOIS VITORIA CL,Consumidor Livre,NORDESTE,34.8,30.589872
,2024-01-26,51305,OWENS ILLINOIS VITORIA CL,Consumidor Livre,NORDESTE,34.8,30.416157
,2024-01-27,51305,OWENS ILLINOIS VITORIA CL,Consumidor Livre,NORDESTE,34.8,30.03147
,2024-01-28,51305,OWENS ILLINOIS VITORIA CL,Consumidor Livre,NORDESTE,34.8,29.863807
,2024-01-29,51305,OWENS ILLINOIS VITORIA CL,Consumidor Livre,NORDESTE,34.8,30.559396
,2024-01-30,51305,OWENS ILLINOIS VITORIA CL,Consumidor Livre,NORDESTE,34.8,30.597561
,2024-01-31,51305,OWENS ILLINOIS VITORIA CL,Consumidor Livre,NORDESTE,34.8,30.759524
,2024-02-01,51305,OWENS ILLINOIS VITORIA CL,Consumidor Livre,NORDESTE,34.8,30.723017
,2024-02-02,51305,OWENS ILLINOIS VITORIA CL,Consumidor Livre,NORDESTE,34.8,30.675638
,2024-02-03,51305,OWENS ILLINOIS VITORIA CL,Consumidor Livre,NORDESTE,34.8,30.225217
,2024-02-04,51305,OWENS ILLINOIS VITORIA CL,Consumidor Livre,NORDESTE,34.8,30.142961
,2024-02-05,51305,OWENS ILLINOIS VITORIA CL,Consumidor Livre,NORDESTE,34.8,30.483499
,2024-02-06,51305,OWENS ILLINOIS VITORIA CL,Consumidor Livre,NORDESTE,34.8,30.805744
,2024-02-07,51305,OWENS ILLINOIS VITORIA CL,Consumidor Livre,NORDESTE,34.8,30.923547
,2024-02-08,51305,OWENS ILLINOIS VITORIA CL,Consumidor Livre,NORDESTE,34.8,29.061009
,2024-02-09,51305,OWENS ILLINOIS VITORIA CL,Consumidor Livre,NORDESTE,34.8,30.709201
,2024-02-10,51305,OWENS ILLINOIS VITORIA CL,Consumidor Livre,NORDESTE,34.8,30.087853000000003
,2024-02-11,51305,OWENS ILLINOIS VITORIA CL,Consumidor Livre,NORDESTE,34.8,30.3013
,2024-02-12,51305,OWENS ILLINOIS VITORIA CL,Consumidor Livre,NORDESTE,34.8,30.163234
,2024-02-13,51305,OWENS ILLINOIS VITORIA CL,Consumidor Livre,NORDESTE,34.8,29.89586
,2024-02-14,51305,OWENS ILLINOIS VITORIA CL,Consumidor Livre,NORDESTE,34.8,30.099918
,2024-02-15,51305,OWENS ILLINOIS VITORIA CL,Consumidor Livre,NORDESTE,34.8,30.228138
,2024-02-16,51305,OWENS ILLINOIS VITORIA CL,Consumidor Livre,NORDESTE,34.8,30.108729
,2024-02-17,51305,OWENS ILLINOIS VITORIA CL,Consumidor Livre,NORDESTE,34.8,20.433712
,2024-02-18,51305,OWENS ILLINOIS VITORIA CL,Consumidor Livre,NORDESTE,34.8,30.062039
,2024-02-19,51305,OWENS ILLINOIS VITORIA CL,Consumidor Livre,NORDESTE,34.8,30.563149
,2024-02-20,51305,OWENS ILLINOIS VITORIA CL,Consumidor Livre,NORDESTE,34.8,30.713804
,2024-02-21,51305,OWENS ILLINOIS VITORIA CL,Consumidor Livre,NORDESTE,34.8,30.571651
,2024-02-22,51305,OWENS ILLINOIS VITORIA CL,Consumidor Livre,NORDESTE,34.8,30.56845
,2024-02-23,51305,OWENS ILLINOIS VITORIA CL,Consumidor Livre,NORDESTE,34.8,30.231444
,2024-02-24,51305,OWENS ILLINOIS VITORIA CL,Consumidor Livre,NORDESTE,34.8,29.748421
,2024-02-25,51305,OWENS ILLINOIS VITORIA CL,Consumidor Livre,NORDESTE,34.8,29.583301
,2024-02-26,51305,OWENS ILLINOIS VITORIA CL,Consumidor Livre,NORDESTE,34.8,30.430404
,2024-02-27,51305,OWENS ILLINOIS VITORIA CL,Consumidor Livre,NORDESTE,34.8,30.28458
,2024-02-28,51305,OWENS ILLINOIS VITORIA CL,Consumidor Livre,NORDESTE,34.8,30.248248
,2024-02-29,51305,OWENS ILLINOIS VITORIA CL,Consumidor Livre,NORDESTE,34.8,30.364976
202403.0,2024-03-01,51305,OWENS ILLINOIS VITORIA CL,Consumidor Livre,NORDESTE,34.8,30.571163
202403.0,2024-03-02,51305,OWENS ILLINOIS VITORIA CL,Consumidor Livre,NORDESTE,34.8,29.91204
202403.0,2024-03-03,51305,OWENS ILLINOIS VITORIA CL,Consumidor Livre,NORDESTE,34.8,29.847105
202403.0,2024-03-04,51305,OWENS ILLINOIS VITORIA CL,Consumidor Livre,NORDESTE,34.8,30.263151
202403.0,2024-03-05,51305,OWENS ILLINOIS VITORIA CL,Consumidor Livre,NORDESTE,34.8,30.174206
202403.0,2024-03-06,51305,OWENS ILLINOIS VITORIA CL,Consumidor Livre,NORDESTE,34.8,29.547515
202403.0,2024-03-07,51305,OWENS ILLINOIS VITORIA CL,Consumidor Livre,NORDESTE,34.8,30.50285
202403.0,2024-03-08,51305,OWENS ILLINOIS VITORIA CL,Consumidor Livre,NORDESTE,34.8,31.534295
202403.0,2024-03-09,51305,OWENS ILLINOIS VITORIA CL,Consumidor Livre,NORDESTE,34.8,31.660955
202403.0,2024-03-10,51305,OWENS ILLINOIS VITORIA CL,Consumidor Livre,NORDESTE,34.8,31.196742
202403.0,2024-03-11,51305,OWENS ILLINOIS VITORIA CL,Consumidor Livre,NORDESTE,34.8,31.089146
202403.0,2024-03-12,51305,OWENS ILLINOIS VITORIA CL,Consumidor Livre,NORDESTE,34.8,30.36322
202403.0,2024-03-13,51305,OWENS ILLINOIS VITORIA CL,Consumidor Livre,NORDESTE,34.8,30.097915
202403.0,2024-03-14,51305,OWENS ILLINOIS VITORIA CL,Consumidor Livre,NORDESTE,34.8,30.053663
202403.0,2024-03-15,51305,OWENS ILLINOIS VITORIA CL,Consumidor Livre,NORDESTE,34.8,30.169074
202403.0,2024-03-16,51305,OWENS ILLINOIS VITORIA CL,Consumidor Livre,NORDESTE,34.8,29.295471
202403.0,2024-03-17,51305,OWENS ILLINOIS VITORIA CL,Consumidor Livre,NORDESTE,34.8,29.432969
202403.0,2024-03-18,51305,OWENS ILLINOIS VITORIA CL,Consumidor Livre,NORDESTE,34.8,30.034662
202403.0,2024-03-19,51305,OWENS ILLINOIS VITORIA CL,Consumidor Livre,NORDESTE,34.8,30.333978
202403.0,2024-03-20,51305,OWENS ILLINOIS VITORIA CL,Consumidor Livre,NORDESTE,34.8,30.15398
202403.0,2024-03-21,51305,OWENS ILLINOIS VITORIA CL,Consumidor Livre,NORDESTE,34.8,30.126409
202403.0,2024-03-22,51305,OWENS ILLINOIS VITORIA CL,Consumidor Livre,NORDESTE,34.8,30.196477
202403.0,2024-03-23,51305,OWENS ILLINOIS VITORIA CL,Consumidor Livre,NORDESTE,34.8,29.46657
202403.0,2024-03-24,51305,OWENS ILLINOIS VITORIA CL,Consumidor Livre,NORDESTE,34.8,29.451853
202403.0,2024-03-25,51305,OWENS ILLINOIS VITORIA CL,Consumidor Livre,NORDESTE,34.8,30.203102
202403.0,2024-03-26,51305,OWENS ILLINOIS VITORIA CL,Consumidor Livre,NORDESTE,34.8,30.238904
202403.0,2024-03-27,51305,OWENS ILLINOIS VITORIA CL,Consumidor Livre,NORDESTE,34.8,30.060576
202403.0,2024-03-28,51305,OWENS ILLINOIS VITORIA CL,Consumidor Livre,NORDESTE,34.8,29.954939
202403.0,2024-03-29,51305,OWENS ILLINOIS VITORIA CL,Consumidor Livre,NORDESTE,34.8,29.135258
202403.0,2024-03-30,51305,OWENS ILLINOIS VITORIA CL,Consumidor Livre,NORDESTE,34.8,29.108887
202403.0,2024-03-31,51305,OWENS ILLINOIS VITORIA CL,Consumidor Livre,NORDESTE,34.8,29.00782
202404.0,2024-04-01,51305,OWENS ILLINOIS VITORIA CL,Consumidor Livre,NORDESTE,34.8,29.296683
202404.0,2024-04-02,51305,OWENS ILLINOIS VITORIA CL,Consumidor Livre,NORDESTE,34.8,29.611414
202404.0,2024-04-03,51305,OWENS ILLINOIS VITORIA CL,Consumidor Livre,NORDESTE,34.8,29.788819
202404.0,2024-04-04,51305,OWENS ILLINOIS VITORIA CL,Consumidor Livre,NORDESTE,34.8,29.636035
202404.0,2024-04-05,51305,OWENS ILLINOIS VITORIA CL,Consumidor Livre,NORDESTE,34.8,30.2081
202404.0,2024-04-06,51305,OWENS ILLINOIS VITORIA CL,Consumidor Livre,NORDESTE,34.8,29.802171
202404.0,2024-04-07,51305,OWENS ILLINOIS VITORIA CL,Consumidor Livre,NORDESTE,34.8,29.796812
202404.0,2024-04-08,51305,OWENS ILLINOIS VITORIA CL,Consumidor Livre,NORDESTE,34.8,30.355132
202404.0,2024-04-09,51305,OWENS ILLINOIS VITORIA CL,Consumidor Livre,NORDESTE,34.8,30.207705
202404.0,2024-04-10,51305,OWENS ILLINOIS VITORIA CL,Consumidor Livre,NORDESTE,34.8,29.87849
202404.0,2024-04-11,51305,OWENS ILLINOIS VITORIA CL,Consumidor Livre,NORDESTE,34.8,29.993967
202404.0,2024-04-12,51305,OWENS ILLINOIS VITORIA CL,Consumidor Livre,NORDESTE,34.8,30.116791
202404.0,2024-04-13,51305,OWENS ILLINOIS VITORIA CL,Consumidor Livre,NORDESTE,34.8,29.71067
202404.0,2024-04-14,51305,OWENS ILLINOIS VITORIA CL,Consumidor Livre,NORDESTE,34.8,29.57012
202404.0,2024-04-15,51305,OWENS ILLINOIS VITORIA CL,Consumidor Livre,NORDESTE,34.8,30.300226
202404.0,2024-04-16,51305,OWENS ILLINOIS VITORIA CL,Consumidor Livre,NORDESTE,34.8,29.973466
202404.0,2024-04-17,51305,OWENS ILLINOIS VITORIA CL,Consumidor Livre,NORDESTE,34.8,30.482227
202404.0,2024-04-18,51305,OWENS ILLINOIS VITORIA CL,Consumidor Livre,NORDESTE,34.8,30.489127
202404.0,2024-04-19,51305,OWENS ILLINOIS VITORIA CL,Consumidor Livre,NORDESTE,34.8,30.3894
202404.0,2024-04-20,51305,OWENS ILLINOIS VITORIA CL,Consumidor Livre,NORDESTE,34.8,29.85858
202404.0,2024-04-21,51305,OWENS ILLINOIS VITORIA CL,Consumidor Livre,NORDESTE,34.8,29.700759
202404.0,2024-04-22,51305,OWENS ILLINOIS VITORIA CL,Consumidor Livre,NORDESTE,34.8,30.533398
202404.0,2024-04-23,51305,OWENS ILLINOIS VITORIA CL,Consumidor Livre,NORDESTE,34.8,30.373074
202404.0,2024-04-24,51305,OWENS ILLINOIS VITORIA CL,Consumidor Livre,NORDESTE,34.8,30.170642
202404.0,2024-04-25,51305,OWENS ILLINOIS VITORIA CL,Consumidor Livre,NORDESTE,34.8,30.277053
202404.0,2024-04-26,51305,OWENS ILLINOIS VITORIA CL,Consumidor Livre,NORDESTE,34.8,30.211659
202404.0,2024-04-27,51305,OWENS ILLINOIS VITORIA CL,Consumidor Livre,NORDESTE,34.8,29.637432
202404.0,2024-04-28,51305,OWENS ILLINOIS VITORIA CL,Consumidor Livre,NORDESTE,34.8,29.502339
202404.0,2024-04-29,51305,OWENS ILLINOIS VITORIA CL,Consumidor Livre,NORDESTE,34.8,30.184105
202404.0,2024-04-30,51305,OWENS ILLINOIS VITORIA CL,Consumidor Livre,NORDESTE,34.8,30.353843
202405.0,2024-05-01,51305,OWENS ILLINOIS VITORIA CL,Consumidor Livre,NORDESTE,34.8,29.794716
202405.0,2024-05-02,51305,OWENS ILLINOIS VITORIA CL,Consumidor Livre,NORDESTE,34.8,30.169111
202405.0,2024-05-03,51305,OWENS ILLINOIS VITORIA CL,Consumidor Livre,NORDESTE,34.8,30.204909
202405.0,2024-05-04,51305,OWENS ILLINOIS VITORIA CL,Consumidor Livre,NORDESTE,34.8,29.478485
202405.0,2024-05-05,51305,OWENS ILLINOIS VITORIA CL,Consumidor Livre,NORDESTE,34.8,29.432547
202405.0,2024-05-06,51305,OWENS ILLINOIS VITORIA CL,Consumidor Livre,NORDESTE,34.8,29.618852
202405.0,2024-05-07,51305,OWENS ILLINOIS VITORIA CL,Consumidor Livre,NORDESTE,34.8,30.072243
202405.0,2024-05-08,51305,OWENS ILLINOIS VITORIA CL,Consumidor Livre,NORDESTE,34.8,26.880501
202405.0,2024-05-09,51305,OWENS ILLINOIS VITORIA CL,Consumidor Livre,NORDESTE,34.8,30.542213
202405.0,2024-05-10,51305,OWENS ILLINOIS VITORIA CL,Consumidor Livre,NORDESTE,34.8,30.08708
202405.0,2024-05-11,51305,OWENS ILLINOIS VITORIA CL,Consumidor Livre,NORDESTE,34.8,29.377172
202405.0,2024-05-12,51305,OWENS ILLINOIS VITORIA CL,Consumidor Livre,NORDESTE,34.8,29.446328
202405.0,2024-05-13,51305,OWENS ILLINOIS VITORIA CL,Consumidor Livre,NORDESTE,34.8,30.098402
202405.0,2024-05-14,51305,OWENS ILLINOIS VITORIA CL,Consumidor Livre,NORDESTE,34.8,30.271408
202405.0,2024-05-15,51305,OWENS ILLINOIS VITORIA CL,Consumidor Livre,NORDESTE,34.8,30.323387
202405.0,2024-05-16,51305,OWENS ILLINOIS VITORIA CL,Consumidor Livre,NORDESTE,34.8,30.546902
202405.0,2024-05-17,51305,OWENS ILLINOIS VITORIA CL,Consumidor Livre,NORDESTE,34.8,30.427677
202405.0,2024-05-18,51305,OWENS ILLINOIS VITORIA CL,Consumidor Livre,NORDESTE,34.8,29.833221
202405.0,2024-05-19,51305,OWENS ILLINOIS VITORIA CL,Consumidor Livre,NORDESTE,34.8,29.59223
202405.0,2024-05-20,51305,OWENS ILLINOIS VITORIA CL,Consumidor Livre,NORDESTE,34.8,30.099671
202405.0,2024-05-21,51305,OWENS ILLINOIS VITORIA CL,Consumidor Livre,NORDESTE,34.8,30.227606
202405.0,2024-05-22,51305,OWENS ILLINOIS VITORIA CL,Consumidor Livre,NORDESTE,34.8,30.432402
202405.0,2024-05-23,51305,OWENS ILLINOIS VITORIA CL,Consumidor Livre,NORDESTE,34.8,30.57697
202405.0,2024-05-24,51305,OWENS ILLINOIS VITORIA CL,Consumidor Livre,NORDESTE,34.8,31.127484
202405.0,2024-05-25,51305,OWENS ILLINOIS VITORIA CL,Consumidor Livre,NORDESTE,34.8,30.757527
202405.0,2024-05-26,51305,OWENS ILLINOIS VITORIA CL,Consumidor Livre,NORDESTE,34.8,30.753082
202405.0,2024-05-27,51305,OWENS ILLINOIS VITORIA CL,Consumidor Livre,NORDESTE,34.8,31.506822
202405.0,2024-05-28,51305,OWENS ILLINOIS VITORIA CL,Consumidor Livre,NORDESTE,34.8,31.527897
202405.0,2024-05-29,51305,OWENS ILLINOIS VITORIA CL,Consumidor Livre,NORDESTE,34.8,30.753096
202405.0,2024-05-30,51305,OWENS ILLINOIS VITORIA CL,Consumidor Livre,NORDESTE,34.8,30.040785
202405.0,2024-05-31,51305,OWENS ILLINOIS VITORIA CL,Consumidor Livre,NORDESTE,34.8,30.520036
202406.0,2024-06-01,51305,OWENS ILLINOIS VITORIA CL,Consumidor Livre,NORDESTE,34.8,30.130352
202406.0,2024-06-02,51305,OWENS ILLINOIS VITORIA CL,Consumidor Livre,NORDESTE,34.8,29.898563
202406.0,2024-06-03,51305,OWENS ILLINOIS VITORIA CL,Consumidor Livre,NORDESTE,34.8,30.576624
202406.0,2024-06-04,51305,OWENS ILLINOIS VITORIA CL,Consumidor Livre,NORDESTE,34.8,30.709508
202406.0,2024-06-05,51305,OWENS ILLINOIS VITORIA CL,Consumidor Livre,NORDESTE,34.8,30.523417
202406.0,2024-06-06,51305,OWENS ILLINOIS VITORIA CL,Consumidor Livre,NORDESTE,34.8,30.623005
202406.0,2024-06-07,51305,OWENS ILLINOIS VITORIA CL,Consumidor Livre,NORDESTE,34.8,30.607254
202406.0,2024-06-08,51305,OWENS ILLINOIS VITORIA CL,Consumidor Livre,NORDESTE,34.8,30.57381
202406.0,2024-06-09,51305,OWENS ILLINOIS VITORIA CL,Consumidor Livre,NORDESTE,34.8,30.451148
202406.0,2024-06-10,51305,OWENS ILLINOIS VITORIA CL,Consumidor Livre,NORDESTE,34.8,30.901877
202406.0,2024-06-11,51305,OWENS ILLINOIS VITORIA CL,Consumidor Livre,NORDESTE,34.8,30.972635
202406.0,2024-06-12,51305,OWENS ILLINOIS VITORIA CL,Consumidor Livre,NORDESTE,34.8,31.11083
202406.0,2024-06-13,51305,OWENS ILLINOIS VITORIA CL,Consumidor Livre,NORDESTE,34.8,30.968901
202406.0,2024-06-14,51305,OWENS ILLINOIS VITORIA CL,Consumidor Livre,NORDESTE,34.8,30.677387
202406.0,2024-06-15,51305,OWENS ILLINOIS VITORIA CL,Consumidor Livre,NORDESTE,34.8,30.080324
202406.0,2024-06-16,51305,OWENS ILLINOIS VITORIA CL,Consumidor Livre,NORDESTE,34.8,30.018828
202406.0,2024-06-17,51305,OWENS ILLINOIS VITORIA CL,Consumidor Livre,NORDESTE,34.8,30.576128
202406.0,2024-06-18,51305,OWENS ILLINOIS VITORIA CL,Consumidor Livre,NORDESTE,34.8,30.371984
202406.0,2024-06-19,51305,OWENS ILLINOIS VITORIA CL,Consumidor Livre,NORDESTE,34.8,30.52034
202406.0,2024-06-20,51305,OWENS ILLINOIS VITORIA CL,Consumidor Livre,NORDESTE,34.8,30.710445
202406.0,2024-06-21,51305,OWENS ILLINOIS VITORIA CL,Consumidor Livre,NORDESTE,34.8,30.559259
202406.0,2024-06-22,51305,OWENS ILLINOIS VITORIA CL,Consumidor Livre,NORDESTE,34.8,30.105957
202406.0,2024-06-23,51305,OWENS ILLINOIS VITORIA CL,Consumidor Livre,NORDESTE,34.8,29.840068
202406.0,2024-06-24,51305,OWENS ILLINOIS VITORIA CL,Consumidor Livre,NORDESTE,34.8,29.708731
202406.0,2024-06-25,51305,OWENS ILLINOIS VITORIA CL,Consumidor Livre,NORDESTE,34.8,29.912444
202406.0,2024-06-26,51305,OWENS ILLINOIS VITORIA CL,Consumidor Livre,NORDESTE,34.8,30.023093
202406.0,2024-06-27,51305,OWENS ILLINOIS VITORIA CL,Consumidor Livre,NORDESTE,34.8,29.873092
202406.0,2024-06-28,51305,OWENS ILLINOIS VITORIA CL,Consumidor Livre,NORDESTE,34.8,29.987567
202406.0,2024-06-29,51305,OWENS ILLINOIS VITORIA CL,Consumidor Livre,NORDESTE,34.8,29.68859
202406.0,2024-06-30,51305,OWENS ILLINOIS VITORIA CL,Consumidor Livre,NORDESTE,34.8,29.48121
202407.0,2024-07-01,51305,OWENS ILLINOIS VITORIA CL,Consumidor Livre,NORDESTE,34.8,30.005854
202407.0,2024-07-02,51305,OWENS ILLINOIS VITORIA CL,Consumidor Livre,NORDESTE,34.8,29.967106
202407.0,2024-07-03,51305,OWENS ILLINOIS VITORIA CL,Consumidor Livre,NORDESTE,34.8,29.810659
202407.0,2024-07-04,51305,OWENS ILLINOIS VITORIA CL,Consumidor Livre,NORDESTE,34.8,31.359458
202407.0,2024-07-05,51305,OWENS ILLINOIS VITORIA CL,Consumidor Livre,NORDESTE,34.8,33.684341
202407.0,2024-07-06,51305,OWENS ILLINOIS VITORIA CL,Consumidor Livre,NORDESTE,34.8,33.609645
202407.0,2024-07-07,51305,OWENS ILLINOIS VITORIA CL,Consumidor Livre,NORDESTE,34.8,33.369172
202407.0,2024-07-08,51305,OWENS ILLINOIS VITORIA CL,Consumidor Livre,NORDESTE,34.8,34.02803
202407.0,2024-07-09,51305,OWENS ILLINOIS VITORIA CL,Consumidor Livre,NORDESTE,34.8,34.154393
202407.0,2024-07-10,51305,OWENS ILLINOIS VITORIA CL,Consumidor Livre,NORDESTE,34.8,34.150553
202407.0,2024-07-11,51305,OWENS ILLINOIS VITORIA CL,Consumidor Livre,NORDESTE,34.8,34.015047
202407.0,2024-07-12,51305,OWENS ILLINOIS VITORIA CL,Consumidor Livre,NORDESTE,34.8,34.010206000000004
202407.0,2024-07-13,51305,OWENS ILLINOIS VITORIA CL,Consumidor Livre,NORDESTE,34.8,33.333348
202407.0,2024-07-14,51305,OWENS ILLINOIS VITORIA CL,Consumidor Livre,NORDESTE,34.8,33.358508
202407.0,2024-07-15,51305,OWENS ILLINOIS VITORIA CL,Consumidor Livre,NORDESTE,34.8,34.207655
202407.0,2024-07-16,51305,OWENS ILLINOIS VITORIA CL,Consumidor Livre,NORDESTE,34.8,34.226934
202407.0,2024-07-17,51305,OWENS ILLINOIS VITORIA CL,Consumidor Livre,NORDESTE,34.8,31.132389
202407.0,2024-07-18,51305,OWENS ILLINOIS VITORIA CL,Consumidor Livre,NORDESTE,34.8,30.08371
202407.0,2024-07-19,51305,OWENS ILLINOIS VITORIA CL,Consumidor Livre,NORDESTE,34.8,30.112359
202407.0,2024-07-20,51305,OWENS ILLINOIS VITORIA CL,Consumidor Livre,NORDESTE,34.8,29.387861
202407.0,2024-07-21,51305,OWENS ILLINOIS VITORIA CL,Consumidor Livre,NORDESTE,34.8,29.365293
202407.0,2024-07-22,51305,OWENS ILLINOIS VITORIA CL,Consumidor Livre,NORDESTE,34.8,29.949794
202407.0,2024-07-23,51305,OWENS ILLINOIS VITORIA CL,Consumidor Livre,NORDESTE,34.8,30.245434
202407.0,2024-07-24,51305,OWENS ILLINOIS VITORIA CL,Consumidor Livre,NORDESTE,34.8,30.070567
202407.0,2024-07-25,51305,OWENS ILLINOIS VITORIA CL,Consumidor Livre,NORDESTE,34.8,30.016066
202407.0,2024-07-26,51305,OWENS ILLINOIS VITORIA CL,Consumidor Livre,NORDESTE,34.8,30.037569
202407.0,2024-07-27,51305,OWENS ILLINOIS VITORIA CL,Consumidor Livre,NORDESTE,34.8,29.491014
202407.0,2024-07-28,51305,OWENS ILLINOIS VITORIA CL,Consumidor Livre,NORDESTE,34.8,29.440851
202407.0,2024-07-29,51305,OWENS ILLINOIS VITORIA CL,Consumidor Livre,NORDESTE,34.8,30.009923
202407.0,2024-07-30,51305,OWENS ILLINOIS VITORIA CL,Consumidor Livre,NORDESTE,34.8,30.062218
202407.0,2024-07-31,51305,OWENS ILLINOIS VITORIA CL,Consumidor Livre,NORDESTE,34.8,30.365032
202408.0,2024-08-01,51305,OWENS ILLINOIS VITORIA CL,Consumidor Livre,NORDESTE,34.8,30.234938
202408.0,2024-08-02,51305,OWENS ILLINOIS VITORIA CL,Consumidor Livre,NORDESTE,34.8,30.248675
202408.0,2024-08-03,51305,OWENS ILLINOIS VITORIA CL,Consumidor Livre,NORDESTE,34.8,29.375772
202408.0,2024-08-04,51305,OWENS ILLINOIS VITORIA CL,Consumidor Livre,NORDESTE,34.8,29.607023
202408.0,2024-08-05,51305,OWENS ILLINOIS VITORIA CL,Consumidor Livre,NORDESTE,34.8,29.724109
202408.0,2024-08-06,51305,OWENS ILLINOIS VITORIA CL,Consumidor Livre,NORDESTE,34.8,28.415277
202408.0,2024-08-07,51305,OWENS ILLINOIS VITORIA CL,Consumidor Livre,NORDESTE,34.8,27.408694
202408.0,2024-08-08,51305,OWENS ILLINOIS VITORIA CL,Consumidor Livre,NORDESTE,34.8,27.186898
202408.0,2024-08-09,51305,OWENS ILLINOIS VITORIA CL,Consumidor Livre,NORDESTE,34.8,27.27913
202408.0,2024-08-10,51305,OWENS ILLINOIS VITORIA CL,Consumidor Livre,NORDESTE,34.8,26.975073
202408.0,2024-08-11,51305,OWENS ILLINOIS VITORIA CL,Consumidor Livre,NORDESTE,34.8,26.908721
202408.0,2024-08-12,51305,OWENS ILLINOIS VITORIA CL,Consumidor Livre,NORDESTE,34.8,27.773206
202408.0,2024-08-13,51305,OWENS ILLINOIS VITORIA CL,Consumidor Livre,NORDESTE,34.8,27.794283
202408.0,2024-08-14,51305,OWENS ILLINOIS VITORIA CL,Consumidor Livre,NORDESTE,34.8,28.182755
202408.0,2024-08-15,51305,OWENS ILLINOIS VITORIA CL,Consumidor Livre,NORDESTE,34.8,28.350425
202408.0,2024-08-16,51305,OWENS ILLINOIS VITORIA CL,Consumidor Livre,NORDESTE,34.8,28.10083
202408.0,2024-08-17,51305,OWENS ILLINOIS VITORIA CL,Consumidor Livre,NORDESTE,34.8,27.262718
202408.0,2024-08-18,51305,OWENS ILLINOIS VITORIA CL,Consumidor Livre,NORDESTE,34.8,27.131977
202408.0,2024-08-19,51305,OWENS ILLINOIS VITORIA CL,Consumidor Livre,NORDESTE,34.8,27.813578
202408.0,2024-08-20,51305,OWENS ILLINOIS VITORIA CL,Consumidor Livre,NORDESTE,34.8,27.851102
202408.0,2024-08-21,51305,OWENS ILLINOIS VITORIA CL,Consumidor Livre,NORDESTE,34.8,27.937878
202408.0,2024-08-22,51305,OWENS ILLINOIS VITORIA CL,Consumidor Livre,NORDESTE,34.8,28.054827
202408.0,2024-08-23,51305,OWENS ILLINOIS VITORIA CL,Consumidor Livre,NORDESTE,34.8,27.915588
202408.0,2024-08-24,51305,OWENS ILLINOIS VITORIA CL,Consumidor Livre,NORDESTE,34.8,27.469206
202408.0,2024-08-25,51305,OWENS ILLINOIS VITORIA CL,Consumidor Livre,NORDESTE,34.8,27.518673
202408.0,2024-08-26,51305,OWENS ILLINOIS VITORIA CL,Consumidor Livre,NORDESTE,34.8,28.424139
202408.0,2024-08-27,51305,OWENS ILLINOIS VITORIA CL,Consumidor Livre,NORDESTE,34.8,28.471558
202408.0,2024-08-28,51305,OWENS ILLINOIS VITORIA CL,Consumidor Livre,NORDESTE,34.8,28.455042
202408.0,2024-08-29,51305,OWENS ILLINOIS VITORIA CL,Consumidor Livre,NORDESTE,34.8,28.389298
202408.0,2024-08-30,51305,OWENS ILLINOIS VITORIA CL,Consumidor Livre,NORDESTE,34.8,28.356649
202408.0,2024-08-31,51305,OWENS ILLINOIS VITORIA CL,Consumidor Livre,NORDESTE,34.8,27.892625
202409.0,2024-09-01,51305,OWENS ILLINOIS VITORIA CL,Consumidor Livre,NORDESTE,34.8,27.692455
202409.0,2024-09-02,51305,OWENS ILLINOIS VITORIA CL,Consumidor Livre,NORDESTE,34.8,27.681914
202409.0,2024-09-03,51305,OWENS ILLINOIS VITORIA CL,Consumidor Livre,NORDESTE,34.8,27.653101
202409.0,2024-09-04,51305,OWENS ILLINOIS VITORIA CL,Consumidor Livre,NORDESTE,34.8,27.886755
202409.0,2024-09-05,51305,OWENS ILLINOIS VITORIA CL,Consumidor Livre,NORDESTE,34.8,27.812722
202409.0,2024-09-06,51305,OWENS ILLINOIS VITORIA CL,Consumidor Livre,NORDESTE,34.8,27.898564
202409.0,2024-09-07,51305,OWENS ILLINOIS VITORIA CL,Consumidor Livre,NORDESTE,34.8,27.609051
202409.0,2024-09-08,51305,OWENS ILLINOIS VITORIA CL,Consumidor Livre,NORDESTE,34.8,27.883427
202409.0,2024-09-09,51305,OWENS ILLINOIS VITORIA CL,Consumidor Livre,NORDESTE,34.8,29.176594
202409.0,2024-09-10,51305,OWENS ILLINOIS VITORIA CL,Consumidor Livre,NORDESTE,34.8,28.266473
202409.0,2024-09-11,51305,OWENS ILLINOIS VITORIA CL,Consumidor Livre,NORDESTE,34.8,28.517387
202409.0,2024-09-12,51305,OWENS ILLINOIS VITORIA CL,Consumidor Livre,NORDESTE,34.8,28.782585
202409.0,2024-09-13,51305,OWENS ILLINOIS VITORIA CL,Consumidor Livre,NORDESTE,34.8,28.636165
202409.0,2024-09-14,51305,OWENS ILLINOIS VITORIA CL,Consumidor Livre,NORDESTE,34.8,28.132792
202409.0,2024-09-15,51305,OWENS ILLINOIS VITORIA CL,Consumidor Livre,NORDESTE,34.8,28.023106
202409.0,2024-09-16,51305,OWENS ILLINOIS VITORIA CL,Consumidor Livre,NORDESTE,34.8,28.427003
202409.0,2024-09-17,51305,OWENS ILLINOIS VITORIA CL,Consumidor Livre,NORDESTE,34.8,28.422222
202409.0,2024-09-18,51305,OWENS ILLINOIS VITORIA CL,Consumidor Livre,NORDESTE,34.8,28.664089
202409.0,2024-09-19,51305,OWENS ILLINOIS VITORIA CL,Consumidor Livre,NORDESTE,34.8,29.004359
202409.0,2024-09-20,51305,OWENS ILLINOIS VITORIA CL,Consumidor Livre,NORDESTE,34.8,29.200917
202409.0,2024-09-21,51305,OWENS ILLINOIS VITORIA CL,Consumidor Livre,NORDESTE,34.8,28.807913
202409.0,2024-09-22,51305,OWENS ILLINOIS VITORIA CL,Consumidor Livre,NORDESTE,34.8,28.758021
202409.0,2024-09-23,51305,OWENS ILLINOIS VITORIA CL,Consumidor Livre,NORDESTE,34.8,29.121625
202409.0,2024-09-24,51305,OWENS ILLINOIS VITORIA CL,Consumidor Livre,NORDESTE,34.8,29.104821
202409.0,2024-09-25,51305,OWENS ILLINOIS VITORIA CL,Consumidor Livre,NORDESTE,34.8,29.228644
202409.0,2024-09-26,51305,OWENS ILLINOIS VITORIA CL,Consumidor Livre,NORDESTE,34.8,28.982546
202409.0,2024-09-27,51305,OWENS ILLINOIS VITORIA CL,Consumidor Livre,NORDESTE,34.8,28.511719
202409.0,2024-09-28,51305,OWENS ILLINOIS VITORIA CL,Consumidor Livre,NORDESTE,34.8,27.980472
202409.0,2024-09-29,51305,OWENS ILLINOIS VITORIA CL,Consumidor Livre,NORDESTE,34.8,28.204528
202409.0,2024-09-30,51305,OWENS ILLINOIS VITORIA CL,Consumidor Livre,NORDESTE,34.8,28.715609
202410.0,2024-10-01,51305,OWENS ILLINOIS VITORIA CL,Consumidor Livre,NORDESTE,34.8,28.261571
202410.0,2024-10-02,51305,OWENS ILLINOIS VITORIA CL,Consumidor Livre,NORDESTE,34.8,28.353431
202410.0,2024-10-03,51305,OWENS ILLINOIS VITORIA CL,Consumidor Livre,NORDESTE,34.8,28.199951
202410.0,2024-10-04,51305,OWENS ILLINOIS VITORIA CL,Consumidor Livre,NORDESTE,34.8,27.800989
202410.0,2024-10-05,51305,OWENS ILLINOIS VITORIA CL,Consumidor Livre,NORDESTE,34.8,27.227809
202410.0,2024-10-06,51305,OWENS ILLINOIS VITORIA CL,Consumidor Livre,NORDESTE,34.8,27.221557
202410.0,2024-10-07,51305,OWENS ILLINOIS VITORIA CL,Consumidor Livre,NORDESTE,34.8,27.687136
202410.0,2024-10-08,51305,OWENS ILLINOIS VITORIA CL,Consumidor Livre,NORDESTE,34.8,27.866489
202410.0,2024-10-09,51305,OWENS ILLINOIS VITORIA CL,Consumidor Livre,NORDESTE,34.8,17.565032
202410.0,2024-10-10,51305,OWENS ILLINOIS VITORIA CL,Consumidor Livre,NORDESTE,34.8,28.096397
202410.0,2024-10-11,51305,OWENS ILLINOIS VITORIA CL,Consumidor Livre,NORDESTE,34.8,28.235994
202410.0,2024-10-12,51305,OWENS ILLINOIS VITORIA CL,Consumidor Livre,NORDESTE,34.8,27.639843
202410.0,2024-10-13,51305,OWENS ILLINOIS VITORIA CL,Consumidor Livre,NORDESTE,34.8,27.778128
202410.0,2024-10-14,51305,OWENS ILLINOIS VITORIA CL,Consumidor Livre,NORDESTE,34.8,28.226077
202410.0,2024-10-15,51305,OWENS ILLINOIS VITORIA CL,Consumidor Livre,NORDESTE,34.8,28.281102
202410.0,2024-10-16,51305,OWENS ILLINOIS VITORIA CL,Consumidor Livre,NORDESTE,34.8,28.297661
202410.0,2024-10-17,51305,OWENS ILLINOIS VITORIA CL,Consumidor Livre,NORDESTE,34.8,28.478855
202410.0,2024-10-18,51305,OWENS ILLINOIS VITORIA CL,Consumidor Livre,NORDESTE,34.8,28.44203
202410.0,2024-10-19,51305,OWENS ILLINOIS VITORIA CL,Consumidor Livre,NORDESTE,34.8,27.991217
202410.0,2024-10-20,51305,OWENS ILLINOIS VITORIA CL,Consumidor Livre,NORDESTE,34.8,27.95934
202410.0,2024-10-21,51305,OWENS ILLINOIS VITORIA CL,Consumidor Livre,NORDESTE,34.8,28.566276
202410.0,2024-10-22,51305,OWENS ILLINOIS VITORIA CL,Consumidor Livre,NORDESTE,34.8,28.832137
202410.0,2024-10-23,51305,OWENS ILLINOIS VITORIA CL,Consumidor Livre,NORDESTE,34.8,28.570599
202410.0,2024-10-24,51305,OWENS ILLINOIS VITORIA CL,Consumidor Livre,NORDESTE,34.8,28.675876
202410.0,2024-10-25,51305,OWENS ILLINOIS VITORIA CL,Consumidor Livre,NORDESTE,34.8,28.566411
202410.0,2024-10-26,51305,OWENS ILLINOIS VITORIA CL,Consumidor Livre,NORDESTE,34.8,28.057728
202410.0,2024-10-27,51305,OWENS ILLINOIS VITORIA CL,Consumidor Livre,NORDESTE,34.8,27.765989
202410.0,2024-10-28,51305,OWENS ILLINOIS VITORIA CL,Consumidor Livre,NORDESTE,34.8,28.047675
202410.0,2024-10-29,51305,OWENS ILLINOIS VITORIA CL,Consumidor Livre,NORDESTE,34.8,28.098996
202410.0,2024-10-30,51305,OWENS ILLINOIS VITORIA CL,Consumidor Livre,NORDESTE,34.8,28.300252
202410.0,2024-10-31,51305,OWENS ILLINOIS VITORIA CL,Consumidor Livre,NORDESTE,34.8,28.238754
202411.0,2024-11-01,51305,OWENS ILLINOIS VITORIA CL,Consumidor Livre,NORDESTE,34.8,28.24727
202411.0,2024-11-02,51305,OWENS ILLINOIS VITORIA CL,Consumidor Livre,NORDESTE,34.8,27.789322
202411.0,2024-11-03,51305,OWENS ILLINOIS VITORIA CL,Consumidor Livre,NORDESTE,34.8,27.675771
202411.0,2024-11-04,51305,OWENS ILLINOIS VITORIA CL,Consumidor Livre,NORDESTE,34.8,27.319604
202411.0,2024-11-05,51305,OWENS ILLINOIS VITORIA CL,Consumidor Livre,NORDESTE,34.8,26.6943
202411.0,2024-11-06,51305,OWENS ILLINOIS VITORIA CL,Consumidor Livre,NORDESTE,34.8,28.089432
202411.0,2024-11-07,51305,OWENS ILLINOIS VITORIA CL,Consumidor Livre,NORDESTE,34.8,28.898327
202411.0,2024-11-08,51305,OWENS ILLINOIS VITORIA CL,Consumidor Livre,NORDESTE,34.8,29.712292
202411.0,2024-11-09,51305,OWENS ILLINOIS VITORIA CL,Consumidor Livre,NORDESTE,34.8,29.743785
202411.0,2024-11-10,51305,OWENS ILLINOIS VITORIA CL,Consumidor Livre,NORDESTE,34.8,29.70686
202411.0,2024-11-11,51305,OWENS ILLINOIS VITORIA CL,Consumidor Livre,NORDESTE,34.8,30.145498
202411.0,2024-11-12,51305,OWENS ILLINOIS VITORIA CL,Consumidor Livre,NORDESTE,34.8,29.446589
202411.0,2024-11-13,51305,OWENS ILLINOIS VITORIA CL,Consumidor Livre,NORDESTE,34.8,29.14445
202411.0,2024-11-14,51305,OWENS ILLINOIS VITORIA CL,Consumidor Livre,NORDESTE,34.8,29.361237
202411.0,2024-11-15,51305,OWENS ILLINOIS VITORIA CL,Consumidor Livre,NORDESTE,34.8,28.851403
202411.0,2024-11-16,51305,OWENS ILLINOIS VITORIA CL,Consumidor Livre,NORDESTE,34.8,28.860332
202411.0,2024-11-17,51305,OWENS ILLINOIS VITORIA CL,Consumidor Livre,NORDESTE,34.8,28.723887
202411.0,2024-11-18,51305,OWENS ILLINOIS VITORIA CL,Consumidor Livre,NORDESTE,34.8,29.384711
202411.0,2024-11-19,51305,OWENS ILLINOIS VITORIA CL,Consumidor Livre,NORDESTE,34.8,29.264146
202411.0,2024-11-20,51305,OWENS ILLINOIS VITORIA CL,Consumidor Livre,NORDESTE,34.8,28.709474
202411.0,2024-11-21,51305,OWENS ILLINOIS VITORIA CL,Consumidor Livre,NORDESTE,34.8,29.188701
202411.0,2024-11-22,51305,OWENS ILLINOIS VITORIA CL,Consumidor Livre,NORDESTE,34.8,29.442782
202411.0,2024-11-23,51305,OWENS ILLINOIS VITORIA CL,Consumidor Livre,NORDESTE,34.8,29.18204
202411.0,2024-11-24,51305,OWENS ILLINOIS VITORIA CL,Consumidor Livre,NORDESTE,34.8,29.369858
202411.0,2024-11-25,51305,OWENS ILLINOIS VITORIA CL,Consumidor Livre,NORDESTE,34.8,29.783048
202411.0,2024-11-26,51305,OWENS ILLINOIS VITORIA CL,Consumidor Livre,NORDESTE,34.8,29.704794
202411.0,2024-11-27,51305,OWENS ILLINOIS VITORIA CL,Consumidor Livre,NORDESTE,34.8,29.975949
202411.0,2024-11-28,51305,OWENS ILLINOIS VITORIA CL,Consumidor Livre,NORDESTE,34.8,27.617114
202411.0,2024-11-29,51305,OWENS ILLINOIS VITORIA CL,Consumidor Livre,NORDESTE,34.8,30.416222
202411.0,2024-11-30,51305,OWENS ILLINOIS VITORIA CL,Consumidor Livre,NORDESTE,34.8,30.038026
202412.0,2024-12-01,51305,OWENS ILLINOIS VITORIA CL,Consumidor Livre,NORDESTE,34.8,29.851821
202412.0,2024-12-02,51305,OWENS ILLINOIS VITORIA CL,Consumidor Livre,NORDESTE,34.8,30.38573
202412.0,2024-12-03,51305,OWENS ILLINOIS VITORIA CL,Consumidor Livre,NORDESTE,34.8,30.240927
202412.0,2024-12-04,51305,OWENS ILLINOIS VITORIA CL,Consumidor Livre,NORDESTE,34.8,30.101303
202412.0,2024-12-05,51305,OWENS ILLINOIS VITORIA CL,Consumidor Livre,NORDESTE,34.8,29.979988
202412.0,2024-12-06,51305,OWENS ILLINOIS VITORIA CL,Consumidor Livre,NORDESTE,34.8,30.041734
202412.0,2024-12-07,51305,OWENS ILLINOIS VITORIA CL,Consumidor Livre,NORDESTE,34.8,29.701713
202412.0,2024-12-08,51305,OWENS ILLINOIS VITORIA CL,Consumidor Livre,NORDESTE,34.8,29.691925
202412.0,2024-12-09,51305,OWENS ILLINOIS VITORIA CL,Consumidor Livre,NORDESTE,34.8,29.707416
202412.0,2024-12-10,51305,OWENS ILLINOIS VITORIA CL,Consumidor Livre,NORDESTE,34.8,29.755126
202412.0,2024-12-11,51305,OWENS ILLINOIS VITORIA CL,Consumidor Livre,NORDESTE,34.8,29.752987
202412.0,2024-12-12,51305,OWENS ILLINOIS VITORIA CL,Consumidor Livre,NORDESTE,34.8,28.91521
202412.0,2024-12-13,51305,OWENS ILLINOIS VITORIA CL,Consumidor Livre,NORDESTE,34.8,29.804982
202412.0,2024-12-14,51305,OWENS ILLINOIS VITORIA CL,Consumidor Livre,NORDESTE,34.8,29.178178
202412.0,2024-12-15,51305,OWENS ILLINOIS VITORIA CL,Consumidor Livre,NORDESTE,34.8,28.794004
202412.0,2024-12-16,51305,OWENS ILLINOIS VITORIA CL,Consumidor Livre,NORDESTE,34.8,29.354992
202412.0,2024-12-17,51305,OWENS ILLINOIS VITORIA CL,Consumidor Livre,NORDESTE,34.8,29.106579
202412.0,2024-12-18,51305,OWENS ILLINOIS VITORIA CL,Consumidor Livre,NORDESTE,34.8,29.173326
202412.0,2024-12-19,51305,OWENS ILLINOIS VITORIA CL,Consumidor Livre,NORDESTE,34.8,29.79295
202412.0,2024-12-20,51305,OWENS ILLINOIS VITORIA CL,Consumidor Livre,NORDESTE,34.8,29.692314
202412.0,2024-12-21,51305,OWENS ILLINOIS VITORIA CL,Consumidor Livre,NORDESTE,34.8,28.941541
202412.0,2024-12-22,51305,OWENS ILLINOIS VITORIA CL,Consumidor Livre,NORDESTE,34.8,28.777881
202412.0,2024-12-23,51305,OWENS ILLINOIS VITORIA CL,Consumidor Livre,NORDESTE,34.8,29.272398
202412.0,2024-12-24,51305,OWENS ILLINOIS VITORIA CL,Consumidor Livre,NORDESTE,34.8,28.98475
202412.0,2024-12-25,51305,OWENS ILLINOIS VITORIA CL,Consumidor Livre,NORDESTE,34.8,28.776229
202412.0,2024-12-26,51305,OWENS ILLINOIS VITORIA CL,Consumidor Livre,NORDESTE,34.8,29.591946
202412.0,2024-12-27,51305,OWENS ILLINOIS VITORIA CL,Consumidor Livre,NORDESTE,34.8,29.731782
202412.0,2024-12-28,51305,OWENS ILLINOIS VITORIA CL,Consumidor Livre,NORDESTE,34.8,28.968673
202412.0,2024-12-29,51305,OWENS ILLINOIS VITORIA CL,Consumidor Livre,NORDESTE,34.8,28.96675
202412.0,2024-12-30,51305,OWENS ILLINOIS VITORIA CL,Consumidor Livre,NORDESTE,34.8,29.632951
202412.0,2024-12-31,51305,OWENS ILLINOIS VITORIA CL,Consumidor Livre,NORDESTE,34.8,29.193012
202501.0,2025-01-01,51305,OWENS ILLINOIS VITORIA CL,Consumidor Livre,NORDESTE,34.8,29.316737
202501.0,2025-01-02,51305,OWENS ILLINOIS VITORIA CL,Consumidor Livre,NORDESTE,34.8,30.031707
202501.0,2025-01-03,51305,OWENS ILLINOIS VITORIA CL,Consumidor Livre,NORDESTE,34.8,29.911857
202501.0,2025-01-04,51305,OWENS ILLINOIS VITORIA CL,Consumidor Livre,NORDESTE,34.8,29.195684
202501.0,2025-01-05,51305,OWENS ILLINOIS VITORIA CL,Consumidor Livre,NORDESTE,34.8,29.193121
202501.0,2025-01-06,51305,OWENS ILLINOIS VITORIA CL,Consumidor Livre,NORDESTE,34.8,29.681659
202501.0,2025-01-07,51305,OWENS ILLINOIS VITORIA CL,Consumidor Livre,NORDESTE,34.8,29.389952
202501.0,2025-01-08,51305,OWENS ILLINOIS VITORIA CL,Consumidor Livre,NORDESTE,34.8,29.369785
202501.0,2025-01-09,51305,OWENS ILLINOIS VITORIA CL,Consumidor Livre,NORDESTE,34.8,29.647511
202501.0,2025-01-10,51305,OWENS ILLINOIS VITORIA CL,Consumidor Livre,NORDESTE,34.8,29.611651
202501.0,2025-01-11,51305,OWENS ILLINOIS VITORIA CL,Consumidor Livre,NORDESTE,34.8,29.197135
202501.0,2025-01-12,51305,OWENS ILLINOIS VITORIA CL,Consumidor Livre,NORDESTE,34.8,28.375353
202501.0,2025-01-13,51305,OWENS ILLINOIS VITORIA CL,Consumidor Livre,NORDESTE,34.8,29.688561
202501.0,2025-01-14,51305,OWENS ILLINOIS VITORIA CL,Consumidor Livre,NORDESTE,34.8,29.210076
202501.0,2025-01-15,51305,OWENS ILLINOIS VITORIA CL,Consumidor Livre,NORDESTE,34.8,29.793375
202501.0,2025-01-16,51305,OWENS ILLINOIS VITORIA CL,Consumidor Livre,NORDESTE,34.8,31.224139
202501.0,2025-01-17,51305,OWENS ILLINOIS VITORIA CL,Consumidor Livre,NORDESTE,34.8,31.034287
202501.0,2025-01-18,51305,OWENS ILLINOIS VITORIA CL,Consumidor Livre,NORDESTE,34.8,30.670473
202501.0,2025-01-19,51305,OWENS ILLINOIS VITORIA CL,Consumidor Livre,NORDESTE,34.8,30.444426
202501.0,2025-01-20,51305,OWENS ILLINOIS VITORIA CL,Consumidor Livre,NORDESTE,34.8,31.070011
202501.0,2025-01-21,51305,OWENS ILLINOIS VITORIA CL,Consumidor Livre,NORDESTE,34.8,31.077565
202501.0,2025-01-22,51305,OWENS ILLINOIS VITORIA CL,Consumidor Livre,NORDESTE,34.8,30.829991
202501.0,2025-01-23,51305,OWENS ILLINOIS VITORIA CL,Consumidor Livre,NORDESTE,34.8,31.105906
202501.0,2025-01-24,51305,OWENS ILLINOIS VITORIA CL,Consumidor Livre,NORDESTE,34.8,31.00948
202501.0,2025-01-25,51305,OWENS ILLINOIS VITORIA CL,Consumidor Livre,NORDESTE,34.8,30.545908
202501.0,2025-01-26,51305,OWENS ILLINOIS VITORIA CL,Consumidor Livre,NORDESTE,34.8,30.086706
202501.0,2025-01-27,51305,OWENS ILLINOIS VITORIA CL,Consumidor Livre,NORDESTE,34.8,30.728413
202501.0,2025-01-28,51305,OWENS ILLINOIS VITORIA CL,Consumidor Livre,NORDESTE,34.8,30.993834
202501.0,2025-01-29,51305,OWENS ILLINOIS VITORIA CL,Consumidor Livre,NORDESTE,34.8,31.233251
202501.0,2025-01-30,51305,OWENS ILLINOIS VITORIA CL,Consumidor Livre,NORDESTE,34.8,31.620317
202501.0,2025-01-31,51305,OWENS ILLINOIS VITORIA CL,Consumidor Livre,NORDESTE,34.8,30.943849
202502.0,2025-02-01,51305,OWENS ILLINOIS VITORIA CL,Consumidor Livre,NORDESTE,34.8,30.709779
202502.0,2025-02-02,51305,OWENS ILLINOIS VITORIA CL,Consumidor Livre,NORDESTE,34.8,30.690911
202502.0,2025-02-03,51305,OWENS ILLINOIS VITORIA CL,Consumidor Livre,NORDESTE,34.8,31.359612
202502.0,2025-02-04,51305,OWENS ILLINOIS VITORIA CL,Consumidor Livre,NORDESTE,34.8,31.265942
202502.0,2025-02-05,51305,OWENS ILLINOIS VITORIA CL,Consumidor Livre,NORDESTE,34.8,31.067103
202502.0,2025-02-06,51305,OWENS ILLINOIS VITORIA CL,Consumidor Livre,NORDESTE,34.8,30.761377
202502.0,2025-02-07,51305,OWENS ILLINOIS VITORIA CL,Consumidor Livre,NORDESTE,34.8,30.021365
202502.0,2025-02-08,51305,OWENS ILLINOIS VITORIA CL,Consumidor Livre,NORDESTE,34.8,29.679902
202502.0,2025-02-09,51305,OWENS ILLINOIS VITORIA CL,Consumidor Livre,NORDESTE,34.8,29.751743
202502.0,2025-02-10,51305,OWENS ILLINOIS VITORIA CL,Consumidor Livre,NORDESTE,34.8,30.052922
202502.0,2025-02-11,51305,OWENS ILLINOIS VITORIA CL,Consumidor Livre,NORDESTE,34.8,30.471381
202502.0,2025-02-12,51305,OWENS ILLINOIS VITORIA CL,Consumidor Livre,NORDESTE,34.8,30.408734
202502.0,2025-02-13,51305,OWENS ILLINOIS VITORIA CL,Consumidor Livre,NORDESTE,34.8,29.855098
202502.0,2025-02-14,51305,OWENS ILLINOIS VITORIA CL,Consumidor Livre,NORDESTE,34.8,29.903905
202502.0,2025-02-15,51305,OWENS ILLINOIS VITORIA CL,Consumidor Livre,NORDESTE,34.8,29.471687
202502.0,2025-02-16,51305,OWENS ILLINOIS VITORIA CL,Consumidor Livre,NORDESTE,34.8,29.513394
202502.0,2025-02-17,51305,OWENS ILLINOIS VITORIA CL,Consumidor Livre,NORDESTE,34.8,30.176449
202502.0,2025-02-18,51305,OWENS ILLINOIS VITORIA CL,Consumidor Livre,NORDESTE,34.8,30.441602
202502.0,2025-02-19,51305,OWENS ILLINOIS VITORIA CL,Consumidor Livre,NORDESTE,34.8,30.195053
202502.0,2025-02-20,51305,OWENS ILLINOIS VITORIA CL,Consumidor Livre,NORDESTE,34.8,30.330154
202502.0,2025-02-21,51305,OWENS ILLINOIS VITORIA CL,Consumidor Livre,NORDESTE,34.8,30.186588
202502.0,2025-02-22,51305,OWENS ILLINOIS VITORIA CL,Consumidor Livre,NORDESTE,34.8,29.765263
202502.0,2025-02-23,51305,OWENS ILLINOIS VITORIA CL,Consumidor Livre,NORDESTE,34.8,29.869141
202502.0,2025-02-24,51305,OWENS ILLINOIS VITORIA CL,Consumidor Livre,NORDESTE,34.8,30.158423
202502.0,2025-02-25,51305,OWENS ILLINOIS VITORIA CL,Consumidor Livre,NORDESTE,34.8,30.01306
202502.0,2025-02-26,51305,OWENS ILLINOIS VITORIA CL,Consumidor Livre,NORDESTE,34.8,29.75966
202502.0,2025-02-27,51305,OWENS ILLINOIS VITORIA CL,Consumidor Livre,NORDESTE,34.8,30.012249
202502.0,2025-02-28,51305,OWENS ILLINOIS VITORIA CL,Consumidor Livre,NORDESTE,34.8,30.030428
202503.0,2025-03-01,51305,OWENS ILLINOIS VITORIA CL,Consumidor Livre,NORDESTE,34.8,29.456431
202503.0,2025-03-02,51305,OWENS ILLINOIS VITORIA CL,Consumidor Livre,NORDESTE,34.8,29.625762
202503.0,2025-03-03,51305,OWENS ILLINOIS VITORIA CL,Consumidor Livre,NORDESTE,34.8,29.865383
202503.0,2025-03-04,51305,OWENS ILLINOIS VITORIA CL,Consumidor Livre,NORDESTE,34.8,29.691393
202503.0,2025-03-05,51305,OWENS ILLINOIS VITORIA CL,Consumidor Livre,NORDESTE,34.8,29.9374
202503.0,2025-03-06,51305,OWENS ILLINOIS VITORIA CL,Consumidor Livre,NORDESTE,34.8,29.381582
202503.0,2025-03-07,51305,OWENS ILLINOIS VITORIA CL,Consumidor Livre,NORDESTE,34.8,30.537482
202503.0,2025-03-08,51305,OWENS ILLINOIS VITORIA CL,Consumidor Livre,NORDESTE,34.8,29.282971
202503.0,2025-03-09,51305,OWENS ILLINOIS VITORIA CL,Consumidor Livre,NORDESTE,34.8,29.169379
202503.0,2025-03-10,51305,OWENS ILLINOIS VITORIA CL,Consumidor Livre,NORDESTE,34.8,29.344523
202503.0,2025-03-11,51305,OWENS ILLINOIS VITORIA CL,Consumidor Livre,NORDESTE,34.8,29.51698
202503.0,2025-03-12,51305,OWENS ILLINOIS VITORIA CL,Consumidor Livre,NORDESTE,34.8,29.862563
202503.0,2025-03-13,51305,OWENS ILLINOIS VITORIA CL,Consumidor Livre,NORDESTE,34.8,30.589074
202503.0,2025-03-14,51305,OWENS ILLINOIS VITORIA CL,Consumidor Livre,NORDESTE,34.8,30.524491
202503.0,2025-03-15,51305,OWENS ILLINOIS VITORIA CL,Consumidor Livre,NORDESTE,34.8,30.070526
202503.0,2025-03-16,51305,OWENS ILLINOIS VITORIA CL,Consumidor Livre,NORDESTE,34.8,30.082832
202503.0,2025-03-17,51305,OWENS ILLINOIS VITORIA CL,Consumidor Livre,NORDESTE,34.8,30.10297
202503.0,2025-03-18,51305,OWENS ILLINOIS VITORIA CL,Consumidor Livre,NORDESTE,34.8,30.533062
202503.0,2025-03-19,51305,OWENS ILLINOIS VITORIA CL,Consumidor Livre,NORDESTE,34.8,30.291351
202503.0,2025-03-20,51305,OWENS ILLINOIS VITORIA CL,Consumidor Livre,NORDESTE,34.8,30.817608
202503.0,2025-03-21,51305,OWENS ILLINOIS VITORIA CL,Consumidor Livre,NORDESTE,34.8,30.709126
202503.0,2025-03-22,51305,OWENS ILLINOIS VITORIA CL,Consumidor Livre,NORDESTE,34.8,30.196738
202503.0,2025-03-23,51305,OWENS ILLINOIS VITORIA CL,Consumidor Livre,NORDESTE,34.8,30.07026
202503.0,2025-03-24,51305,OWENS ILLINOIS VITORIA CL,Consumidor Livre,NORDESTE,34.8,30.411069
202503.0,2025-03-25,51305,OWENS ILLINOIS VITORIA CL,Consumidor Livre,NORDESTE,34.8,30.743471
202503.0,2025-03-26,51305,OWENS ILLINOIS VITORIA CL,Consumidor Livre,NORDESTE,34.8,30.957113
202503.0,2025-03-27,51305,OWENS ILLINOIS VITORIA CL,Consumidor Livre,NORDESTE,34.8,30.270337
202503.0,2025-03-28,51305,OWENS ILLINOIS VITORIA CL,Consumidor Livre,NORDESTE,34.8,30.515137
202503.0,2025-03-29,51305,OWENS ILLINOIS VITORIA CL,Consumidor Livre,NORDESTE,34.8,29.842906
202503.0,2025-03-30,51305,OWENS ILLINOIS VITORIA CL,Consumidor Livre,NORDESTE,34.8,29.747148
202503.0,2025-03-31,51305,OWENS ILLINOIS VITORIA CL,Consumidor Livre,NORDESTE,34.8,29.88171
202504.0,2025-04-01,51305,OWENS ILLINOIS VITORIA CL,Consumidor Livre,NORDESTE,34.8,30.225036
202504.0,2025-04-02,51305,OWENS ILLINOIS VITORIA CL,Consumidor Livre,NORDESTE,34.8,30.343561
202504.0,2025-04-03,51305,OWENS ILLINOIS VITORIA CL,Consumidor Livre,NORDESTE,34.8,30.511206
202504.0,2025-04-04,51305,OWENS ILLINOIS VITORIA CL,Consumidor Livre,NORDESTE,34.8,30.552019
202504.0,2025-04-05,51305,OWENS ILLINOIS VITORIA CL,Consumidor Livre,NORDESTE,34.8,30.002794
202504.0,2025-04-06,51305,OWENS ILLINOIS VITORIA CL,Consumidor Livre,NORDESTE,34.8,29.930257
202504.0,2025-04-07,51305,OWENS ILLINOIS VITORIA CL,Consumidor Livre,NORDESTE,34.8,30.128314
202504.0,2025-04-08,51305,OWENS ILLINOIS VITORIA CL,Consumidor Livre,NORDESTE,34.8,30.514797
202504.0,2025-04-09,51305,OWENS ILLINOIS VITORIA CL,Consumidor Livre,NORDESTE,34.8,30.578634
202504.0,2025-04-10,51305,OWENS ILLINOIS VITORIA CL,Consumidor Livre,NORDESTE,34.8,30.473863
202504.0,2025-04-11,51305,OWENS ILLINOIS VITORIA CL,Consumidor Livre,NORDESTE,34.8,30.531635
202504.0,2025-04-12,51305,OWENS ILLINOIS VITORIA CL,Consumidor Livre,NORDESTE,34.8,30.00532
202504.0,2025-04-13,51305,OWENS ILLINOIS VITORIA CL,Consumidor Livre,NORDESTE,34.8,29.9502
202504.0,2025-04-14,51305,OWENS ILLINOIS VITORIA CL,Consumidor Livre,NORDESTE,34.8,30.086536
202504.0,2025-04-15,51305,OWENS ILLINOIS VITORIA CL,Consumidor Livre,NORDESTE,34.8,30.443252
202504.0,2025-04-16,51305,OWENS ILLINOIS VITORIA CL,Consumidor Livre,NORDESTE,34.8,30.550739
202504.0,2025-04-17,51305,OWENS ILLINOIS VITORIA CL,Consumidor Livre,NORDESTE,34.8,30.422495
202504.0,2025-04-18,51305,OWENS ILLINOIS VITORIA CL,Consumidor Livre,NORDESTE,34.8,30.573972
202504.0,2025-04-19,51305,OWENS ILLINOIS VITORIA CL,Consumidor Livre,NORDESTE,34.8,29.991962
202504.0,2025-04-20,51305,OWENS ILLINOIS VITORIA CL,Consumidor Livre,NORDESTE,34.8,29.769413
202504.0,2025-04-21,51305,OWENS ILLINOIS VITORIA CL,Consumidor Livre,NORDESTE,34.8,30.009945
202504.0,2025-04-22,51305,OWENS ILLINOIS VITORIA CL,Consumidor Livre,NORDESTE,34.8,30.331051
202504.0,2025-04-23,51305,OWENS ILLINOIS VITORIA CL,Consumidor Livre,NORDESTE,34.8,30.460981
202504.0,2025-04-24,51305,OWENS ILLINOIS VITORIA CL,Consumidor Livre,NORDESTE,34.8,30.499016
202504.0,2025-04-25,51305,OWENS ILLINOIS VITORIA CL,Consumidor Livre,NORDESTE,34.8,30.554237
202504.0,2025-04-26,51305,OWENS ILLINOIS VITORIA CL,Consumidor Livre,NORDESTE,34.8,30.008477
202504.0,2025-04-27,51305,OWENS ILLINOIS VITORIA CL,Consumidor Livre,NORDESTE,34.8,29.874115
202504.0,2025-04-28,51305,OWENS ILLINOIS VITORIA CL,Consumidor Livre,NORDESTE,34.8,30.05779
202504.0,2025-04-29,51305,OWENS ILLINOIS VITORIA CL,Consumidor Livre,NORDESTE,34.8,30.376075
202504.0,2025-04-30,51305,OWENS ILLINOIS VITORIA CL,Consumidor Livre,NORDESTE,34.8,30.469397
202505.0,2025-05-01,51305,OWENS ILLINOIS VITORIA CL,Consumidor Livre,NORDESTE,34.8,30.376343
202505.0,2025-05-02,51305,OWENS ILLINOIS VITORIA CL,Consumidor Livre,NORDESTE,34.8,30.504772
202505.0,2025-05-03,51305,OWENS ILLINOIS VITORIA CL,Consumidor Livre,NORDESTE,34.8,29.943793
202505.0,2025-05-04,51305,OWENS ILLINOIS VITORIA CL,Consumidor Livre,NORDESTE,34.8,29.832537
202505.0,2025-05-05,51305,OWENS ILLINOIS VITORIA CL,Consumidor Livre,NORDESTE,34.8,30.05987
202505.0,2025-05-06,51305,OWENS ILLINOIS VITORIA CL,Consumidor Livre,NORDESTE,34.8,30.433484
202505.0,2025-05-07,51305,OWENS ILLINOIS VITORIA CL,Consumidor Livre,NORDESTE,34.8,30.529659
202505.0,2025-05-08,51305,OWENS ILLINOIS VITORIA CL,Consumidor Livre,NORDESTE,34.8,30.47861
202505.0,2025-05-09,51305,OWENS ILLINOIS VITORIA CL,Consumidor Livre,NORDESTE,34.8,30.618489
202505.0,2025-05-10,51305,OWENS ILLINOIS VITORIA CL,Consumidor Livre,NORDESTE,34.8,30.023329
202505.0,2025-05-11,51305,OWENS ILLINOIS VITORIA CL,Consumidor Livre,NORDESTE,34.8,29.838612
202505.0,2025-05-12,51305,OWENS ILLINOIS VITORIA CL,Consumidor Livre,NORDESTE,34.8,30.04606
202505.0,2025-05-13,51305,OWENS ILLINOIS VITORIA CL,Consumidor Livre,NORDESTE,34.8,30.388061
202505.0,2025-05-14,51305,OWENS ILLINOIS VITORIA CL,Consumidor Livre,NORDESTE,34.8,30.461729
202505.0,2025-05-15,51305,OWENS ILLINOIS VITORIA CL,Consumidor Livre,NORDESTE,34.8,30.432267
202505.0,2025-05-16,51305,OWENS ILLINOIS VITORIA CL,Consumidor Livre,NORDESTE,34.8,30.595792
202505.0,2025-05-17,51305,OWENS ILLINOIS VITORIA CL,Consumidor Livre,NORDESTE,34.8,30.072852
202505.0,2025-05-18,51305,OWENS ILLINOIS VITORIA CL,Consumidor Livre,NORDESTE,34.8,29.846248
202505.0,2025-05-19,51305,OWENS ILLINOIS VITORIA CL,Consumidor Livre,NORDESTE,34.8,30.127883
202505.0,2025-05-20,51305,OWENS ILLINOIS VITORIA CL,Consumidor Livre,NORDESTE,34.8,30.479992
202505.0,2025-05-21,51305,OWENS ILLINOIS VITORIA CL,Consumidor Livre,NORDESTE,34.8,30.546643
202505.0,2025-05-22,51305,OWENS ILLINOIS VITORIA CL,Consumidor Livre,NORDESTE,34.8,30.507519
202505.0,2025-05-23,51305,OWENS ILLINOIS VITORIA CL,Consumidor Livre,NORDESTE,34.8,30.603777
202505.0,2025-05-24,51305,OWENS ILLINOIS VITORIA CL,Consumidor Livre,NORDESTE,34.8,30.019266
202505.0,2025-05-25,51305,OWENS ILLINOIS VITORIA CL,Consumidor Livre,NORDESTE,34.8,29.867888
202505.0,2025-05-26,51305,OWENS ILLINOIS VITORIA CL,Consumidor Livre,NORDESTE,34.8,30.123057
202505.0,2025-05-27,51305,OWENS ILLINOIS VITORIA CL,Consumidor Livre,NORDESTE,34.8,30.496593
202505.0,2025-05-28,51305,OWENS ILLINOIS VITORIA CL,Consumidor Livre,NORDESTE,34.8,30.58267
202505.0,2025-05-29,51305,OWENS ILLINOIS VITORIA CL,Consumidor Livre,NORDESTE,34.8,30.45519
202505.0,2025-05-30,51305,OWENS ILLINOIS VITORIA CL,Consumidor Livre,NORDESTE,34.8,30.526863
202505.0,2025-05-31,51305,OWENS ILLINOIS VITORIA CL,Consumidor Livre,NORDESTE,34.8,29.965466
202506.0,2025-06-01,51305,OWENS ILLINOIS VITORIA CL,Consumidor Livre,NORDESTE,34.8,29.784005
202506.0,2025-06-02,51305,OWENS ILLINOIS VITORIA CL,Consumidor Livre,NORDESTE,34.8,30.041906
202506.0,2025-06-03,51305,OWENS ILLINOIS VITORIA CL,Consumidor Livre,NORDESTE,34.8,30.408144
202506.0,2025-06-04,51305,OWENS ILLINOIS VITORIA CL,Consumidor Livre,NORDESTE,34.8,30.443285
202506.0,2025-06-05,51305,OWENS ILLINOIS VITORIA CL,Consumidor Livre,NORDESTE,34.8,30.443542
202506.0,2025-06-06,51305,OWENS ILLINOIS VITORIA CL,Consumidor Livre,NORDESTE,34.8,30.50454
202506.0,2025-06-07,51305,OWENS ILLINOIS VITORIA CL,Consumidor Livre,NORDESTE,34.8,29.981175
202506.0,2025-06-08,51305,OWENS ILLINOIS VITORIA CL,Consumidor Livre,NORDESTE,34.8,29.82754
202506.0,2025-06-09,51305,OWENS ILLINOIS VITORIA CL,Consumidor Livre,NORDESTE,34.8,29.964985
202506.0,2025-06-10,51305,OWENS ILLINOIS VITORIA CL,Consumidor Livre,NORDESTE,34.8,30.250457
202506.0,2025-06-11,51305,OWENS ILLINOIS VITORIA CL,Consumidor Livre,NORDESTE,34.8,30.340543
202506.0,2025-06-12,51305,OWENS ILLINOIS VITORIA CL,Consumidor Livre,NORDESTE,34.8,30.336942
202506.0,2025-06-13,51305,OWENS ILLINOIS VITORIA CL,Consumidor Livre,NORDESTE,34.8,30.510945
202506.0,2025-06-14,51305,OWENS ILLINOIS VITORIA CL,Consumidor Livre,NORDESTE,34.8,29.945808
202506.0,2025-06-15,51305,OWENS ILLINOIS VITORIA CL,Consumidor Livre,NORDESTE,34.8,29.764643
202506.0,2025-06-16,51305,OWENS ILLINOIS VITORIA CL,Consumidor Livre,NORDESTE,34.8,29.976288
202506.0,2025-06-17,51305,OWENS ILLINOIS VITORIA CL,Consumidor Livre,NORDESTE,34.8,30.33625
202506.0,2025-06-18,51305,OWENS ILLINOIS VITORIA CL,Consumidor Livre,NORDESTE,34.8,30.465824
202506.0,2025-06-19,51305,OWENS ILLINOIS VITORIA CL,Consumidor Livre,NORDESTE,34.8,30.426559
202506.0,2025-06-20,51305,OWENS ILLINOIS VITORIA CL,Consumidor Livre,NORDESTE,34.8,30.532435
202506.0,2025-06-21,51305,OWENS ILLINOIS VITORIA CL,Consumidor Livre,NORDESTE,34.8,29.880773
202506.0,2025-06-22,51305,OWENS ILLINOIS VITORIA CL,Consumidor Livre,NORDESTE,34.8,29.709584
202506.0,2025-06-23,51305,OWENS ILLINOIS VITORIA CL,Consumidor Livre,NORDESTE,34.8,30.039793
202506.0,2025-06-24,51305,OWENS ILLINOIS VITORIA CL,Consumidor Livre,NORDESTE,34.8,30.213613
202506.0,2025-06-25,51305,OWENS ILLINOIS VITORIA CL,Consumidor Livre,NORDESTE,34.8,30.31755
202506.0,2025-06-26,51305,OWENS ILLINOIS VITORIA CL,Consumidor Livre,NORDESTE,34.8,30.431191
202506.0,2025-06-27,51305,OWENS ILLINOIS VITORIA CL,Consumidor Livre,NORDESTE,34.8,30.496283
202506.0,2025-06-28,51305,OWENS ILLINOIS VITORIA CL,Consumidor Livre,NORDESTE,34.8,29.871936
202506.0,2025-06-29,51305,OWENS ILLINOIS VITORIA CL,Consumidor Livre,NORDESTE,34.8,29.654635
202506.0,2025-06-30,51305,OWENS ILLINOIS VITORIA CL,Consumidor Livre,NORDESTE,34.8,29.99116
202507.0,2025-07-01,51305,OWENS ILLINOIS VITORIA CL,Consumidor Livre,NORDESTE,34.8,30.361576
202507.0,2025-07-02,51305,OWENS ILLINOIS VITORIA CL,Consumidor Livre,NORDESTE,34.8,30.450375
202507.0,2025-07-03,51305,OWENS ILLINOIS VITORIA CL,Consumidor Livre,NORDESTE,34.8,30.389181
202507.0,2025-07-04,51305,OWENS ILLINOIS VITORIA CL,Consumidor Livre,NORDESTE,34.8,30.43271
202507.0,2025-07-05,51305,OWENS ILLINOIS VITORIA CL,Consumidor Livre,NORDESTE,34.8,29.769949
202507.0,2025-07-06,51305,OWENS ILLINOIS VITORIA CL,Consumidor Livre,NORDESTE,34.8,29.572036
202507.0,2025-07-07,51305,OWENS ILLINOIS VITORIA CL,Consumidor Livre,NORDESTE,34.8,29.87946
202507.0,2025-07-08,51305,OWENS ILLINOIS VITORIA CL,Consumidor Livre,NORDESTE,34.8,30.24613
202507.0,2025-07-09,51305,OWENS ILLINOIS VITORIA CL,Consumidor Livre,NORDESTE,34.8,30.326037
202507.0,2025-07-10,51305,OWENS ILLINOIS VITORIA CL,Consumidor Livre,NORDESTE,34.8,30.357854
202507.0,2025-07-11,51305,OWENS ILLINOIS VITORIA CL,Consumidor Livre,NORDESTE,34.8,30.473675
202507.0,2025-07-12,51305,OWENS ILLINOIS VITORIA CL,Consumidor Livre,NORDESTE,34.8,29.834997
202507.0,2025-07-13,51305,OWENS ILLINOIS VITORIA CL,Consumidor Livre,NORDESTE,34.8,29.626047
202507.0,2025-07-14,51305,OWENS ILLINOIS VITORIA CL,Consumidor Livre,NORDESTE,34.8,29.919005
202507.0,2025-07-15,51305,OWENS ILLINOIS VITORIA CL,Consumidor Livre,NORDESTE,34.8,30.293885
202507.0,2025-07-16,51305,OWENS ILLINOIS VITORIA CL,Consumidor Livre,NORDESTE,34.8,30.365403
202507.0,2025-07-17,51305,OWENS ILLINOIS VITORIA CL,Consumidor Livre,NORDESTE,34.8,30.351638
202507.0,2025-07-18,51305,OWENS ILLINOIS VITORIA CL,Consumidor Livre,NORDESTE,34.8,30.441908
202507.0,2025-07-19,51305,OWENS ILLINOIS VITORIA CL,Consumidor Livre,NORDESTE,34.8,29.808671
202507.0,2025-07-20,51305,OWENS ILLINOIS VITORIA CL,Consumidor Livre,NORDESTE,34.8,29.659944
202507.0,2025-07-21,51305,OWENS ILLINOIS VITORIA CL,Consumidor Livre,NORDESTE,34.8,29.89593
202507.0,2025-07-22,51305,OWENS ILLINOIS VITORIA CL,Consumidor Livre,NORDESTE,34.8,30.27471
202507.0,2025-07-23,51305,OWENS ILLINOIS VITORIA CL,Consumidor Livre,NORDESTE,34.8,30.324273
202507.0,2025-07-24,51305,OWENS ILLINOIS VITORIA CL,Consumidor Livre,NORDESTE,34.8,30.296449
202507.0,2025-07-25,51305,OWENS ILLINOIS VITORIA CL,Consumidor Livre,NORDESTE,34.8,30.434496
202507.0,2025-07-26,51305,OWENS ILLINOIS VITORIA CL,Consumidor Livre,NORDESTE,34.8,29.824846
202507.0,2025-07-27,51305,OWENS ILLINOIS VITORIA CL,Consumidor Livre,NORDESTE,34.8,29.706881
202507.0,2025-07-28,51305,OWENS ILLINOIS VITORIA CL,Consumidor Livre,NORDESTE,34.8,29.892118
202507.0,2025-07-29,51305,OWENS ILLINOIS VITORIA CL,Consumidor Livre,NORDESTE,34.8,30.125899
202507.0,2025-07-30,51305,OWENS ILLINOIS VITORIA CL,Consumidor Livre,NORDESTE,34.8,30.240004
202507.0,2025-07-31,51305,OWENS ILLINOIS VITORIA CL,Consumidor Livre,NORDESTE,34.8,30.277752
202508.0,2025-08-01,51305,OWENS ILLINOIS VITORIA CL,Consumidor Livre,NORDESTE,34.8,30.403619
202508.0,2025-08-02,51305,OWENS ILLINOIS VITORIA CL,Consumidor Livre,NORDESTE,34.8,29.813237
202508.0,2025-08-03,51305,OWENS ILLINOIS VITORIA CL,Consumidor Livre,NORDESTE,34.8,29.672836
202508.0,2025-08-04,51305,OWENS ILLINOIS VITORIA CL,Consumidor Livre,NORDESTE,34.8,29.93857
202508.0,2025-08-05,51305,OWENS ILLINOIS VITORIA CL,Consumidor Livre,NORDESTE,34.8,30.232956
202508.0,2025-08-06,51305,OWENS ILLINOIS VITORIA CL,Consumidor Livre,NORDESTE,34.8,30.333766
202508.0,2025-08-07,51305,OWENS ILLINOIS VITORIA CL,Consumidor Livre,NORDESTE,34.8,30.305883
202508.0,2025-08-08,51305,OWENS ILLINOIS VITORIA CL,Consumidor Livre,NORDESTE,34.8,30.35921
202508.0,2025-08-09,51305,OWENS ILLINOIS VITORIA CL,Consumidor Livre,NORDESTE,34.8,29.648431
202508.0,2025-08-10,51305,OWENS ILLINOIS VITORIA CL,Consumidor Livre,NORDESTE,34.8,29.403466
202508.0,2025-08-11,51305,OWENS ILLINOIS VITORIA CL,Consumidor Livre,NORDESTE,34.8,29.737063
202508.0,2025-08-12,51305,OWENS ILLINOIS VITORIA CL,Consumidor Livre,NORDESTE,34.8,30.126171
202508.0,2025-08-13,51305,OWENS ILLINOIS VITORIA CL,Consumidor Livre,NORDESTE,34.8,30.233926
202508.0,2025-08-14,51305,OWENS ILLINOIS VITORIA CL,Consumidor Livre,NORDESTE,34.8,30.23197
202508.0,2025-08-15,51305,OWENS ILLINOIS VITORIA CL,Consumidor Livre,NORDESTE,34.8,30.333419
202508.0,2025-08-16,51305,OWENS ILLINOIS VITORIA CL,Consumidor Livre,NORDESTE,34.8,29.74377
202508.0,2025-08-17,51305,OWENS ILLINOIS VITORIA CL,Consumidor Livre,NORDESTE,34.8,29.598917
202508.0,2025-08-18,51305,OWENS ILLINOIS VITORIA CL,Consumidor Livre,NORDESTE,34.8,29.91667
202508.0,2025-08-19,51305,OWENS ILLINOIS VITORIA CL,Consumidor Livre,NORDESTE,34.8,30.308289
202508.0,2025-08-20,51305,OWENS ILLINOIS VITORIA CL,Consumidor Livre,NORDESTE,34.8,30.382217
202508.0,2025-08-21,51305,OWENS ILLINOIS VITORIA CL,Consumidor Livre,NORDESTE,34.8,30.307615
202508.0,2025-08-22,51305,OWENS ILLINOIS VITORIA CL,Consumidor Livre,NORDESTE,34.8,30.453556
202508.0,2025-08-23,51305,OWENS ILLINOIS VITORIA CL,Consumidor Livre,NORDESTE,34.8,29.882817
202508.0,2025-08-24,51305,OWENS ILLINOIS VITORIA CL,Consumidor Livre,NORDESTE,34.8,29.695463
202508.0,2025-08-25,51305,OWENS ILLINOIS VITORIA CL,Consumidor Livre,NORDESTE,34.8,29.839981
202508.0,2025-08-26,51305,OWENS ILLINOIS VITORIA CL,Consumidor Livre,NORDESTE,34.8,30.192891
202508.0,2025-08-27,51305,OWENS ILLINOIS VITORIA CL,Consumidor Livre,NORDESTE,34.8,30.246986
202508.0,2025-08-28,51305,OWENS ILLINOIS VITORIA CL,Consumidor Livre,NORDESTE,34.8,30.260797
202508.0,2025-08-29,51305,OWENS ILLINOIS VITORIA CL,Consumidor Livre,NORDESTE,34.8,30.334038
202508.0,2025-08-30,51305,OWENS ILLINOIS VITORIA CL,Consumidor Livre,NORDESTE,34.8,29.721834
202508.0,2025-08-31,51305,OWENS ILLINOIS VITORIA CL,Consumidor Livre,NORDESTE,34.8,29.568797
