MES_REFERENCIA,DATA,CODIGO_PERFIL_AGENTE,SIGLA_PERFIL_AGENTE,CLASSE_PERFIL_AGENTE,SUBMERCADO,CAPACIDADE_CARGA,CONSUMO_CARGA_ACL
,2023-01-01,46703,SUZANPECAS CL 514,Consumidor Livre,SUDESTE,12.0,0.342558
,2023-01-02,46703,SUZANPECAS CL 514,Consumidor Livre,SUDESTE,12.0,0.31629
,2023-01-03,46703,SUZANPECAS CL 514,Consumidor Livre,SUDESTE,12.0,0.891038
,2023-01-04,46703,SUZANPECAS CL 514,Consumidor Livre,SUDESTE,12.0,0.796373
,2023-01-05,46703,SUZANPECAS CL 514,Consumidor Livre,SUDESTE,12.0,0.812885
,2023-01-06,46703,SUZANPECAS CL 514,Consumidor Livre,SUDESTE,12.0,0.728061
,2023-01-07,46703,SUZANPECAS CL 514,Consumidor Livre,SUDESTE,12.0,0.302871
,2023-01-08,46703,SUZANPECAS CL 514,Consumidor Livre,SUDESTE,12.0,0.3084179999999999
,2023-01-09,46703,SUZANPECAS CL 514,Consumidor Livre,SUDESTE,12.0,4.11094
,2023-01-10,46703,SUZANPECAS CL 514,Consumidor Livre,SUDESTE,12.0,4.700118
,2023-01-11,46703,SUZANPECAS CL 514,Consumidor Livre,SUDESTE,12.0,5.304076
,2023-01-12,46703,SUZANPECAS CL 514,Consumidor Livre,SUDESTE,12.0,4.729617
,2023-01-13,46703,SUZANPECAS CL 514,Consumidor Livre,SUDESTE,12.0,4.478388
,2023-01-14,46703,SUZANPECAS CL 514,Consumidor Livre,SUDESTE,12.0,1.75589
,2023-01-15,46703,SUZANPECAS CL 514,Consumidor Livre,SUDESTE,12.0,0.313014
,2023-01-16,46703,SUZANPECAS CL 514,Consumidor Livre,SUDESTE,12.0,4.447532
,2023-01-17,46703,SUZANPECAS CL 514,Consumidor Livre,SUDESTE,12.0,4.796446
,2023-01-18,46703,SUZANPECAS CL 514,Consumidor Livre,SUDESTE,12.0,4.594987
,2023-01-19,46703,SUZANPECAS CL 514,Consumidor Livre,SUDESTE,12.0,4.5677900000000005
,2023-01-20,46703,SUZANPECAS CL 514,Consumidor Livre,SUDESTE,12.0,4.795691
,2023-01-21,46703,SUZANPECAS CL 514,Consumidor Livre,SUDESTE,12.0,2.261062
,2023-01-22,46703,SUZANPECAS CL 514,Consumidor Livre,SUDESTE,12.0,0.67187
,2023-01-23,46703,SUZANPECAS CL 514,Consumidor Livre,SUDESTE,12.0,4.365756
,2023-01-24,46703,SUZANPECAS CL 514,Consumidor Livre,SUDESTE,12.0,4.887937
,2023-01-25,46703,SUZANPECAS CL 514,Consumidor Livre,SUDESTE,12.0,4.914806
,2023-01-26,46703,SUZANPECAS CL 514,Consumidor Livre,SUDESTE,12.0,4.744839
,2023-01-27,46703,SUZANPECAS CL 514,Consumidor Livre,SUDESTE,12.0,4.459493
,2023-01-28,46703,SUZANPECAS CL 514,Consumidor Livre,SUDESTE,12.0,2.448439
,2023-01-29,46703,SUZANPECAS CL 514,Consumidor Livre,SUDESTE,12.0,0.248596
,2023-01-30,46703,SUZANPECAS CL 514,Consumidor Livre,SUDESTE,12.0,4.356142
,2023-01-31,46703,SUZANPECAS CL 514,Consumidor Livre,SUDESTE,12.0,4.924438
,2023-02-01,46703,SUZANPECAS CL 514,Consumidor Livre,SUDESTE,12.0,4.725715
,2023-02-02,46703,SUZANPECAS CL 514,Consumidor Livre,SUDESTE,12.0,4.749736
,2023-02-03,46703,SUZANPECAS CL 514,Consumidor Livre,SUDESTE,12.0,4.152937
,2023-02-04,46703,SUZANPECAS CL 514,Consumidor Livre,SUDESTE,12.0,2.215141
,2023-02-05,46703,SUZANPECAS CL 514,Consumidor Livre,SUDESTE,12.0,0.820819
,2023-02-06,46703,SUZANPECAS CL 514,Consumidor Livre,SUDESTE,12.0,4.374524
,2023-02-07,46703,SUZANPECAS CL 514,Consumidor Livre,SUDESTE,12.0,5.013542
,2023-02-08,46703,SUZANPECAS CL 514,Consumidor Livre,SUDESTE,12.0,4.623929
,2023-02-09,46703,SUZANPECAS CL 514,Consumidor Livre,SUDESTE,12.0,4.874192
,2023-02-10,46703,SUZANPECAS CL 514,Consumidor Livre,SUDESTE,12.0,4.783943
,2023-02-11,46703,SUZANPECAS CL 514,Consumidor Livre,SUDESTE,12.0,3.121319
,2023-02-12,46703,SUZANPECAS CL 514,Consumidor Livre,SUDESTE,12.0,0.86507
,2023-02-13,46703,SUZANPECAS CL 514,Consumidor Livre,SUDESTE,12.0,4.558461
,2023-02-14,46703,SUZANPECAS CL 514,Consumidor Livre,SUDESTE,12.0,4.487781
,2023-02-15,46703,SUZANPECAS CL 514,Consumidor Livre,SUDESTE,12.0,4.91913
,2023-02-16,46703,SUZANPECAS CL 514,Consumidor Livre,SUDESTE,12.0,4.930438
,2023-02-17,46703,SUZANPECAS CL 514,Consumidor Livre,SUDESTE,12.0,4.733408
,2023-02-18,46703,SUZANPECAS CL 514,Consumidor Livre,SUDESTE,12.0,2.983448
,2023-02-19,46703,SUZANPECAS CL 514,Consumidor Livre,SUDESTE,12.0,0.8046
,2023-02-20,46703,SUZANPECAS CL 514,Consumidor Livre,SUDESTE,12.0,4.476837
,2023-02-21,46703,SUZANPECAS CL 514,Consumidor Livre,SUDESTE,12.0,4.88892
,2023-02-22,46703,SUZANPECAS CL 514,Consumidor Livre,SUDESTE,12.0,5.071299
,2023-02-23,46703,SUZANPECAS CL 514,Consumidor Livre,SUDESTE,12.0,5.180247
,2023-02-24,46703,SUZANPECAS CL 514,Consumidor Livre,SUDESTE,12.0,4.710375
,2023-02-25,46703,SUZANPECAS CL 514,Consumidor Livre,SUDESTE,12.0,2.745641
,2023-02-26,46703,SUZANPECAS CL 514,Consumidor Livre,SUDESTE,12.0,0.46653
,2023-02-27,46703,SUZANPECAS CL 514,Consumidor Livre,SUDESTE,12.0,4.226468
,2023-02-28,46703,SUZANPECAS CL 514,Consumidor Livre,SUDESTE,12.0,5.055122
,2023-03-01,46703,SUZANPECAS CL 514,Consumidor Livre,SUDESTE,12.0,5.142184
,2023-03-02,46703,SUZANPECAS CL 514,Consumidor Livre,SUDESTE,12.0,4.909172
,2023-03-03,46703,SUZANPECAS CL 514,Consumidor Livre,SUDESTE,12.0,4.993123
,2023-03-04,46703,SUZANPECAS CL 514,Consumidor Livre,SUDESTE,12.0,2.048233
,2023-03-05,46703,SUZANPECAS CL 514,Consumidor Livre,SUDESTE,12.0,0.537802
,2023-03-06,46703,SUZANPECAS CL 514,Consumidor Livre,SUDESTE,12.0,4.771876
,2023-03-07,46703,SUZANPECAS CL 514,Consumidor Livre,SUDESTE,12.0,5.23751
,2023-03-08,46703,SUZANPECAS CL 514,Consumidor Livre,SUDESTE,12.0,4.585087
,2023-03-09,46703,SUZANPECAS CL 514,Consumidor Livre,SUDESTE,12.0,5.011061
,2023-03-10,46703,SUZANPECAS CL 514,Consumidor Livre,SUDESTE,12.0,4.374171
,2023-03-11,46703,SUZANPECAS CL 514,Consumidor Livre,SUDESTE,12.0,1.522637
,2023-03-12,46703,SUZANPECAS CL 514,Consumidor Livre,SUDESTE,12.0,0.549961
,2023-03-13,46703,SUZANPECAS CL 514,Consumidor Livre,SUDESTE,12.0,4.421987
,2023-03-14,46703,SUZANPECAS CL 514,Consumidor Livre,SUDESTE,12.0,5.33637
,2023-03-15,46703,SUZANPECAS CL 514,Consumidor Livre,SUDESTE,12.0,5.255574
,2023-03-16,46703,SUZANPECAS CL 514,Consumidor Livre,SUDESTE,12.0,5.640475
,2023-03-17,46703,SUZANPECAS CL 514,Consumidor Livre,SUDESTE,12.0,4.640086
,2023-03-18,46703,SUZANPECAS CL 514,Consumidor Livre,SUDESTE,12.0,2.386513
,2023-03-19,46703,SUZANPECAS CL 514,Consumidor Livre,SUDESTE,12.0,0.6848299999999999
,2023-03-20,46703,SUZANPECAS CL 514,Consumidor Livre,SUDESTE,12.0,4.427753
,2023-03-21,46703,SUZANPECAS CL 514,Consumidor Livre,SUDESTE,12.0,4.681801
,2023-03-22,46703,SUZANPECAS CL 514,Consumidor Livre,SUDESTE,12.0,5.240279
,2023-03-23,46703,SUZANPECAS CL 514,Consumidor Livre,SUDESTE,12.0,5.3541810000000005
,2023-03-24,46703,SUZANPECAS CL 514,Consumidor Livre,SUDESTE,12.0,5.083293
,2023-03-25,46703,SUZANPECAS CL 514,Consumidor Livre,SUDESTE,12.0,2.317503
,2023-03-26,46703,SUZANPECAS CL 514,Consumidor Livre,SUDESTE,12.0,0.389733
,2023-03-27,46703,SUZANPECAS CL 514,Consumidor Livre,SUDESTE,12.0,4.442678
,2023-03-28,46703,SUZANPECAS CL 514,Consumidor Livre,SUDESTE,12.0,4.816797
,2023-03-29,46703,SUZANPECAS CL 514,Consumidor Livre,SUDESTE,12.0,5.131298
,2023-03-30,46703,SUZANPECAS CL 514,Consumidor Livre,SUDESTE,12.0,5.35335
,2023-03-31,46703,SUZANPECAS CL 514,Consumidor Livre,SUDESTE,12.0,4.463264
,2023-04-01,46703,SUZANPECAS CL 514,Consumidor Livre,SUDESTE,12.0,0.947948
,2023-04-02,46703,SUZANPECAS CL 514,Consumidor Livre,SUDESTE,12.0,0.402876
,2023-04-03,46703,SUZANPECAS CL 514,Consumidor Livre,SUDESTE,12.0,4.478946
,2023-04-04,46703,SUZANPECAS CL 514,Consumidor Livre,SUDESTE,12.0,4.91141
,2023-04-05,46703,SUZANPECAS CL 514,Consumidor Livre,SUDESTE,12.0,4.797082
,2023-04-06,46703,SUZANPECAS CL 514,Consumidor Livre,SUDESTE,12.0,5.050109
,2023-04-07,46703,SUZANPECAS CL 514,Consumidor Livre,SUDESTE,12.0,0.808736
,2023-04-08,46703,SUZANPECAS CL 514,Consumidor Livre,SUDESTE,12.0,1.921532
,2023-04-09,46703,SUZANPECAS CL 514,Consumidor Livre,SUDESTE,12.0,0.432935
,2023-04-10,46703,SUZANPECAS CL 514,Consumidor Livre,SUDESTE,12.0,4.809081
,2023-04-11,46703,SUZANPECAS CL 514,Consumidor Livre,SUDESTE,12.0,5.484853
,2023-04-12,46703,SUZANPECAS CL 514,Consumidor Livre,SUDESTE,12.0,5.551441
,2023-04-13,46703,SUZANPECAS CL 514,Consumidor Livre,SUDESTE,12.0,5.042801
,2023-04-14,46703,SUZANPECAS CL 514,Consumidor Livre,SUDESTE,12.0,4.855679
,2023-04-15,46703,SUZANPECAS CL 514,Consumidor Livre,SUDESTE,12.0,2.840604
,2023-04-16,46703,SUZANPECAS CL 514,Consumidor Livre,SUDESTE,12.0,1.236414
,2023-04-17,46703,SUZANPECAS CL 514,Consumidor Livre,SUDESTE,12.0,4.8472100000000005
,2023-04-18,46703,SUZANPECAS CL 514,Consumidor Livre,SUDESTE,12.0,5.436277
,2023-04-19,46703,SUZANPECAS CL 514,Consumidor Livre,SUDESTE,12.0,5.589479
,2023-04-20,46703,SUZANPECAS CL 514,Consumidor Livre,SUDESTE,12.0,5.337054
,2023-04-21,46703,SUZANPECAS CL 514,Consumidor Livre,SUDESTE,12.0,0.738687
,2023-04-22,46703,SUZANPECAS CL 514,Consumidor Livre,SUDESTE,12.0,1.3127879999999998
,2023-04-23,46703,SUZANPECAS CL 514,Consumidor Livre,SUDESTE,12.0,0.455596
,2023-04-24,46703,SUZANPECAS CL 514,Consumidor Livre,SUDESTE,12.0,4.784053
,2023-04-25,46703,SUZANPECAS CL 514,Consumidor Livre,SUDESTE,12.0,5.39368
,2023-04-26,46703,SUZANPECAS CL 514,Consumidor Livre,SUDESTE,12.0,5.327702
,2023-04-27,46703,SUZANPECAS CL 514,Consumidor Livre,SUDESTE,12.0,5.254402
,2023-04-28,46703,SUZANPECAS CL 514,Consumidor Livre,SUDESTE,12.0,5.327083
,2023-04-29,46703,SUZANPECAS CL 514,Consumidor Livre,SUDESTE,12.0,2.804483
,2023-04-30,46703,SUZANPECAS CL 514,Consumidor Livre,SUDESTE,12.0,0.828157
,2023-05-01,46703,SUZANPECAS CL 514,Consumidor Livre,SUDESTE,12.0,0.980454
,2023-05-02,46703,SUZANPECAS CL 514,Consumidor Livre,SUDESTE,12.0,4.861636
,2023-05-03,46703,SUZANPECAS CL 514,Consumidor Livre,SUDESTE,12.0,5.25386
,2023-05-04,46703,SUZANPECAS CL 514,Consumidor Livre,SUDESTE,12.0,5.3559
,2023-05-05,46703,SUZANPECAS CL 514,Consumidor Livre,SUDESTE,12.0,5.41317
,2023-05-06,46703,SUZANPECAS CL 514,Consumidor Livre,SUDESTE,12.0,3.25225
,2023-05-07,46703,SUZANPECAS CL 514,Consumidor Livre,SUDESTE,12.0,0.997824
,2023-05-08,46703,SUZANPECAS CL 514,Consumidor Livre,SUDESTE,12.0,4.948091
,2023-05-09,46703,SUZANPECAS CL 514,Consumidor Livre,SUDESTE,12.0,5.226563
,2023-05-10,46703,SUZANPECAS CL 514,Consumidor Livre,SUDESTE,12.0,5.580834
,2023-05-11,46703,SUZANPECAS CL 514,Consumidor Livre,SUDESTE,12.0,5.20033
,2023-05-12,46703,SUZANPECAS CL 514,Consumidor Livre,SUDESTE,12.0,5.247831
,2023-05-13,46703,SUZANPECAS CL 514,Consumidor Livre,SUDESTE,12.0,2.988796
,2023-05-14,46703,SUZANPECAS CL 514,Consumidor Livre,SUDESTE,12.0,1.081141
,2023-05-15,46703,SUZANPECAS CL 514,Consumidor Livre,SUDESTE,12.0,5.139515
,2023-05-16,46703,SUZANPECAS CL 514,Consumidor Livre,SUDESTE,12.0,5.692095
,2023-05-17,46703,SUZANPECAS CL 514,Consumidor Livre,SUDESTE,12.0,5.737688
,2023-05-18,46703,SUZANPECAS CL 514,Consumidor Livre,SUDESTE,12.0,5.400626
,2023-05-19,46703,SUZANPECAS CL 514,Consumidor Livre,SUDESTE,12.0,5.298375
,2023-05-20,46703,SUZANPECAS CL 514,Consumidor Livre,SUDESTE,12.0,2.587126
,2023-05-21,46703,SUZANPECAS CL 514,Consumidor Livre,SUDESTE,12.0,0.411365
,2023-05-22,46703,SUZANPECAS CL 514,Consumidor Livre,SUDESTE,12.0,4.797687
,2023-05-23,46703,SUZANPECAS CL 514,Consumidor Livre,SUDESTE,12.0,5.315881
,2023-05-24,46703,SUZANPECAS CL 514,Consumidor Livre,SUDESTE,12.0,5.20493
,2023-05-25,46703,SUZANPECAS CL 514,Consumidor Livre,SUDESTE,12.0,5.651408
,2023-05-26,46703,SUZANPECAS CL 514,Consumidor Livre,SUDESTE,12.0,5.328957
,2023-05-27,46703,SUZANPECAS CL 514,Consumidor Livre,SUDESTE,12.0,3.68365
,2023-05-28,46703,SUZANPECAS CL 514,Consumidor Livre,SUDESTE,12.0,1.169291
,2023-05-29,46703,SUZANPECAS CL 514,Consumidor Livre,SUDESTE,12.0,5.183833
,2023-05-30,46703,SUZANPECAS CL 514,Consumidor Livre,SUDESTE,12.0,6.07843
,2023-05-31,46703,SUZANPECAS CL 514,Consumidor Livre,SUDESTE,12.0,5.622817
,2023-06-01,46703,SUZANPECAS CL 514,Consumidor Livre,SUDESTE,12.0,5.956613
,2023-06-02,46703,SUZANPECAS CL 514,Consumidor Livre,SUDESTE,12.0,5.352669
,2023-06-03,46703,SUZANPECAS CL 514,Consumidor Livre,SUDESTE,12.0,4.059945
,2023-06-04,46703,SUZANPECAS CL 514,Consumidor Livre,SUDESTE,12.0,0.928109
,2023-06-05,46703,SUZANPECAS CL 514,Consumidor Livre,SUDESTE,12.0,4.884679
,2023-06-06,46703,SUZANPECAS CL 514,Consumidor Livre,SUDESTE,12.0,5.603187
,2023-06-07,46703,SUZANPECAS CL 514,Consumidor Livre,SUDESTE,12.0,5.871303
,2023-06-08,46703,SUZANPECAS CL 514,Consumidor Livre,SUDESTE,12.0,1.907561
,2023-06-09,46703,SUZANPECAS CL 514,Consumidor Livre,SUDESTE,12.0,4.999948
,2023-06-10,46703,SUZANPECAS CL 514,Consumidor Livre,SUDESTE,12.0,3.208576
,2023-06-11,46703,SUZANPECAS CL 514,Consumidor Livre,SUDESTE,12.0,0.599143
,2023-06-12,46703,SUZANPECAS CL 514,Consumidor Livre,SUDESTE,12.0,5.193496
,2023-06-13,46703,SUZANPECAS CL 514,Consumidor Livre,SUDESTE,12.0,6.065348
,2023-06-14,46703,SUZANPECAS CL 514,Consumidor Livre,SUDESTE,12.0,6.154346
,2023-06-15,46703,SUZANPECAS CL 514,Consumidor Livre,SUDESTE,12.0,5.90149
,2023-06-16,46703,SUZANPECAS CL 514,Consumidor Livre,SUDESTE,12.0,5.509724
,2023-06-17,46703,SUZANPECAS CL 514,Consumidor Livre,SUDESTE,12.0,2.731349
,2023-06-18,46703,SUZANPECAS CL 514,Consumidor Livre,SUDESTE,12.0,0.774676
,2023-06-19,46703,SUZANPECAS CL 514,Consumidor Livre,SUDESTE,12.0,5.332894
,2023-06-20,46703,SUZANPECAS CL 514,Consumidor Livre,SUDESTE,12.0,6.030406
,2023-06-21,46703,SUZANPECAS CL 514,Consumidor Livre,SUDESTE,12.0,6.220721
,2023-06-22,46703,SUZANPECAS CL 514,Consumidor Livre,SUDESTE,12.0,6.17208
,2023-06-23,46703,SUZANPECAS CL 514,Consumidor Livre,SUDESTE,12.0,5.552679
,2023-06-24,46703,SUZANPECAS CL 514,Consumidor Livre,SUDESTE,12.0,3.017678
,2023-06-25,46703,SUZANPECAS CL 514,Consumidor Livre,SUDESTE,12.0,0.774304
,2023-06-26,46703,SUZANPECAS CL 514,Consumidor Livre,SUDESTE,12.0,5.505127
,2023-06-27,46703,SUZANPECAS CL 514,Consumidor Livre,SUDESTE,12.0,6.082619
,2023-06-28,46703,SUZANPECAS CL 514,Consumidor Livre,SUDESTE,12.0,5.477798
,2023-06-29,46703,SUZANPECAS CL 514,Consumidor Livre,SUDESTE,12.0,5.815811
,2023-06-30,46703,SUZANPECAS CL 514,Consumidor Livre,SUDESTE,12.0,5.621612
,2023-07-01,46703,SUZANPECAS CL 514,Consumidor Livre,SUDESTE,12.0,4.301274
,2023-07-02,46703,SUZANPECAS CL 514,Consumidor Livre,SUDESTE,12.0,1.398884
,2023-07-03,46703,SUZANPECAS CL 514,Consumidor Livre,SUDESTE,12.0,5.517702
,2023-07-04,46703,SUZANPECAS CL 514,Consumidor Livre,SUDESTE,12.0,5.843431
,2023-07-05,46703,SUZANPECAS CL 514,Consumidor Livre,SUDESTE,12.0,6.219882
,2023-07-06,46703,SUZANPECAS CL 514,Consumidor Livre,SUDESTE,12.0,6.1971
,2023-07-07,46703,SUZANPECAS CL 514,Consumidor Livre,SUDESTE,12.0,5.965299
,2023-07-08,46703,SUZANPECAS CL 514,Consumidor Livre,SUDESTE,12.0,3.465232
,2023-07-09,46703,SUZANPECAS CL 514,Consumidor Livre,SUDESTE,12.0,0.718751
,2023-07-10,46703,SUZANPECAS CL 514,Consumidor Livre,SUDESTE,12.0,5.531318
,2023-07-11,46703,SUZANPECAS CL 514,Consumidor Livre,SUDESTE,12.0,6.008987
,2023-07-12,46703,SUZANPECAS CL 514,Consumidor Livre,SUDESTE,12.0,6.162958
,2023-07-13,46703,SUZANPECAS CL 514,Consumidor Livre,SUDESTE,12.0,6.153911
,2023-07-14,46703,SUZANPECAS CL 514,Consumidor Livre,SUDESTE,12.0,5.977006
,2023-07-15,46703,SUZANPECAS CL 514,Consumidor Livre,SUDESTE,12.0,3.910312
,2023-07-16,46703,SUZANPECAS CL 514,Consumidor Livre,SUDESTE,12.0,1.123036
,2023-07-17,46703,SUZANPECAS CL 514,Consumidor Livre,SUDESTE,12.0,5.509447
,2023-07-18,46703,SUZANPECAS CL 514,Consumidor Livre,SUDESTE,12.0,6.356302
,2023-07-19,46703,SUZANPECAS CL 514,Consumidor Livre,SUDESTE,12.0,6.253742
,2023-07-20,46703,SUZANPECAS CL 514,Consumidor Livre,SUDESTE,12.0,6.29937
,2023-07-21,46703,SUZANPECAS CL 514,Consumidor Livre,SUDESTE,12.0,5.684364
,2023-07-22,46703,SUZANPECAS CL 514,Consumidor Livre,SUDESTE,12.0,3.732326
,2023-07-23,46703,SUZANPECAS CL 514,Consumidor Livre,SUDESTE,12.0,0.709502
,2023-07-24,46703,SUZANPECAS CL 514,Consumidor Livre,SUDESTE,12.0,5.410338
,2023-07-25,46703,SUZANPECAS CL 514,Consumidor Livre,SUDESTE,12.0,5.899412
,2023-07-26,46703,SUZANPECAS CL 514,Consumidor Livre,SUDESTE,12.0,5.969806
,2023-07-27,46703,SUZANPECAS CL 514,Consumidor Livre,SUDESTE,12.0,6.176342
,2023-07-28,46703,SUZANPECAS CL 514,Consumidor Livre,SUDESTE,12.0,5.825902
,2023-07-29,46703,SUZANPECAS CL 514,Consumidor Livre,SUDESTE,12.0,3.987552
,2023-07-30,46703,SUZANPECAS CL 514,Consumidor Livre,SUDESTE,12.0,1.549144
,2023-07-31,46703,SUZANPECAS CL 514,Consumidor Livre,SUDESTE,12.0,5.505039
,2023-08-01,46703,SUZANPECAS CL 514,Consumidor Livre,SUDESTE,12.0,5.85432
,2023-08-02,46703,SUZANPECAS CL 514,Consumidor Livre,SUDESTE,12.0,5.80508
,2023-08-03,46703,SUZANPECAS CL 514,Consumidor Livre,SUDESTE,12.0,5.940701
,2023-08-04,46703,SUZANPECAS CL 514,Consumidor Livre,SUDESTE,12.0,5.780541
,2023-08-05,46703,SUZANPECAS CL 514,Consumidor Livre,SUDESTE,12.0,3.626743
,2023-08-06,46703,SUZANPECAS CL 514,Consumidor Livre,SUDESTE,12.0,0.900306
,2023-08-07,46703,SUZANPECAS CL 514,Consumidor Livre,SUDESTE,12.0,5.54556
,2023-08-08,46703,SUZANPECAS CL 514,Consumidor Livre,SUDESTE,12.0,5.926015
,2023-08-09,46703,SUZANPECAS CL 514,Consumidor Livre,SUDESTE,12.0,5.768021
,2023-08-10,46703,SUZANPECAS CL 514,Consumidor Livre,SUDESTE,12.0,6.150325
,2023-08-11,46703,SUZANPECAS CL 514,Consumidor Livre,SUDESTE,12.0,5.441551
,2023-08-12,46703,SUZANPECAS CL 514,Consumidor Livre,SUDESTE,12.0,3.473112
,2023-08-13,46703,SUZANPECAS CL 514,Consumidor Livre,SUDESTE,12.0,1.679619
,2023-08-14,46703,SUZANPECAS CL 514,Consumidor Livre,SUDESTE,12.0,5.5024880000000005
,2023-08-15,46703,SUZANPECAS CL 514,Consumidor Livre,SUDESTE,12.0,6.134204
,2023-08-16,46703,SUZANPECAS CL 514,Consumidor Livre,SUDESTE,12.0,5.978581
,2023-08-17,46703,SUZANPECAS CL 514,Consumidor Livre,SUDESTE,12.0,5.742172
,2023-08-18,46703,SUZANPECAS CL 514,Consumidor Livre,SUDESTE,12.0,5.314367
,2023-08-19,46703,SUZANPECAS CL 514,Consumidor Livre,SUDESTE,12.0,2.615904
,2023-08-20,46703,SUZANPECAS CL 514,Consumidor Livre,SUDESTE,12.0,0.756064
,2023-08-21,46703,SUZANPECAS CL 514,Consumidor Livre,SUDESTE,12.0,5.268442
,2023-08-22,46703,SUZANPECAS CL 514,Consumidor Livre,SUDESTE,12.0,5.672628
,2023-08-23,46703,SUZANPECAS CL 514,Consumidor Livre,SUDESTE,12.0,5.867448
,2023-08-24,46703,SUZANPECAS CL 514,Consumidor Livre,SUDESTE,12.0,5.905088
,2023-08-25,46703,SUZANPECAS CL 514,Consumidor Livre,SUDESTE,12.0,5.647011
,2023-08-26,46703,SUZANPECAS CL 514,Consumidor Livre,SUDESTE,12.0,3.53045
,2023-08-27,46703,SUZANPECAS CL 514,Consumidor Livre,SUDESTE,12.0,1.047068
,2023-08-28,46703,SUZANPECAS CL 514,Consumidor Livre,SUDESTE,12.0,5.114891
,2023-08-29,46703,SUZANPECAS CL 514,Consumidor Livre,SUDESTE,12.0,5.904097
,2023-08-30,46703,SUZANPECAS CL 514,Consumidor Livre,SUDESTE,12.0,5.916172
,2023-08-31,46703,SUZANPECAS CL 514,Consumidor Livre,SUDESTE,12.0,5.601481
,2023-09-01,46703,SUZANPECAS CL 514,Consumidor Livre,SUDESTE,12.0,5.2241230000000005
,2023-09-02,46703,SUZANPECAS CL 514,Consumidor Livre,SUDESTE,12.0,2.982209
,2023-09-03,46703,SUZANPECAS CL 514,Consumidor Livre,SUDESTE,12.0,0.627447
,2023-09-04,46703,SUZANPECAS CL 514,Consumidor Livre,SUDESTE,12.0,5.251212
,2023-09-05,46703,SUZANPECAS CL 514,Consumidor Livre,SUDESTE,12.0,5.901676
,2023-09-06,46703,SUZANPECAS CL 514,Consumidor Livre,SUDESTE,12.0,5.454558
,2023-09-07,46703,SUZANPECAS CL 514,Consumidor Livre,SUDESTE,12.0,1.168199
,2023-09-08,46703,SUZANPECAS CL 514,Consumidor Livre,SUDESTE,12.0,4.7898060000000005
,2023-09-09,46703,SUZANPECAS CL 514,Consumidor Livre,SUDESTE,12.0,3.591241
,2023-09-10,46703,SUZANPECAS CL 514,Consumidor Livre,SUDESTE,12.0,1.542814
,2023-09-11,46703,SUZANPECAS CL 514,Consumidor Livre,SUDESTE,12.0,5.379417
,2023-09-12,46703,SUZANPECAS CL 514,Consumidor Livre,SUDESTE,12.0,5.669739
,2023-09-13,46703,SUZANPECAS CL 514,Consumidor Livre,SUDESTE,12.0,5.682282
,2023-09-14,46703,SUZANPECAS CL 514,Consumidor Livre,SUDESTE,12.0,5.749596
,2023-09-15,46703,SUZANPECAS CL 514,Consumidor Livre,SUDESTE,12.0,5.686408
,2023-09-16,46703,SUZANPECAS CL 514,Consumidor Livre,SUDESTE,12.0,2.870785
,2023-09-17,46703,SUZANPECAS CL 514,Consumidor Livre,SUDESTE,12.0,0.40166
,2023-09-18,46703,SUZANPECAS CL 514,Consumidor Livre,SUDESTE,12.0,5.25238
,2023-09-19,46703,SUZANPECAS CL 514,Consumidor Livre,SUDESTE,12.0,5.713576
,2023-09-20,46703,SUZANPECAS CL 514,Consumidor Livre,SUDESTE,12.0,5.9033750000000005
,2023-09-21,46703,SUZANPECAS CL 514,Consumidor Livre,SUDESTE,12.0,6.079433
,2023-09-22,46703,SUZANPECAS CL 514,Consumidor Livre,SUDESTE,12.0,5.696932
,2023-09-23,46703,SUZANPECAS CL 514,Consumidor Livre,SUDESTE,12.0,3.389806
,2023-09-24,46703,SUZANPECAS CL 514,Consumidor Livre,SUDESTE,12.0,1.124071
,2023-09-25,46703,SUZANPECAS CL 514,Consumidor Livre,SUDESTE,12.0,5.687825
,2023-09-26,46703,SUZANPECAS CL 514,Consumidor Livre,SUDESTE,12.0,5.958483
,2023-09-27,46703,SUZANPECAS CL 514,Consumidor Livre,SUDESTE,12.0,5.785989
,2023-09-28,46703,SUZANPECAS CL 514,Consumidor Livre,SUDESTE,12.0,6.119601
,2023-09-29,46703,SUZANPECAS CL 514,Consumidor Livre,SUDESTE,12.0,5.8285
,2023-09-30,46703,SUZANPECAS CL 514,Consumidor Livre,SUDESTE,12.0,2.183555
,2023-10-01,46703,SUZANPECAS CL 514,Consumidor Livre,SUDESTE,12.0,0.383768
,2023-10-02,46703,SUZANPECAS CL 514,Consumidor Livre,SUDESTE,12.0,5.467312
,2023-10-03,46703,SUZANPECAS CL 514,Consumidor Livre,SUDESTE,12.0,5.817804
,2023-10-04,46703,SUZANPECAS CL 514,Consumidor Livre,SUDESTE,12.0,6.402004
,2023-10-05,46703,SUZANPECAS CL 514,Consumidor Livre,SUDESTE,12.0,6.121289
,2023-10-06,46703,SUZANPECAS CL 514,Consumidor Livre,SUDESTE,12.0,5.796758
,2023-10-07,46703,SUZANPECAS CL 514,Consumidor Livre,SUDESTE,12.0,3.227708
,2023-10-08,46703,SUZANPECAS CL 514,Consumidor Livre,SUDESTE,12.0,1.021152
,2023-10-09,46703,SUZANPECAS CL 514,Consumidor Livre,SUDESTE,12.0,5.609805
,2023-10-10,46703,SUZANPECAS CL 514,Consumidor Livre,SUDESTE,12.0,6.064757
,2023-10-11,46703,SUZANPECAS CL 514,Consumidor Livre,SUDESTE,12.0,5.766899
,2023-10-12,46703,SUZANPECAS CL 514,Consumidor Livre,SUDESTE,12.0,1.118375
,2023-10-13,46703,SUZANPECAS CL 514,Consumidor Livre,SUDESTE,12.0,0.805971
,2023-10-14,46703,SUZANPECAS CL 514,Consumidor Livre,SUDESTE,12.0,0.472615
,2023-10-15,46703,SUZANPECAS CL 514,Consumidor Livre,SUDESTE,12.0,0.473549
,2023-10-16,46703,SUZANPECAS CL 514,Consumidor Livre,SUDESTE,12.0,5.63611
,2023-10-17,46703,SUZANPECAS CL 514,Consumidor Livre,SUDESTE,12.0,5.77986
,2023-10-18,46703,SUZANPECAS CL 514,Consumidor Livre,SUDESTE,12.0,5.137346
,2023-10-19,46703,SUZANPECAS CL 514,Consumidor Livre,SUDESTE,12.0,5.238384
,2023-10-20,46703,SUZANPECAS CL 514,Consumidor Livre,SUDESTE,12.0,5.180718
,2023-10-21,46703,SUZANPECAS CL 514,Consumidor Livre,SUDESTE,12.0,1.466223
,2023-10-22,46703,SUZANPECAS CL 514,Consumidor Livre,SUDESTE,12.0,0.479441
,2023-10-23,46703,SUZANPECAS CL 514,Consumidor Livre,SUDESTE,12.0,5.164755
,2023-10-24,46703,SUZANPECAS CL 514,Consumidor Livre,SUDESTE,12.0,5.18648
,2023-10-25,46703,SUZANPECAS CL 514,Consumidor Livre,SUDESTE,12.0,5.610134
,2023-10-26,46703,SUZANPECAS CL 514,Consumidor Livre,SUDESTE,12.0,5.362779
,2023-10-27,46703,SUZANPECAS CL 514,Consumidor Livre,SUDESTE,12.0,4.650144
,2023-10-28,46703,SUZANPECAS CL 514,Consumidor Livre,SUDESTE,12.0,1.602701
,2023-10-29,46703,SUZANPECAS CL 514,Consumidor Livre,SUDESTE,12.0,0.474667
,2023-10-30,46703,SUZANPECAS CL 514,Consumidor Livre,SUDESTE,12.0,5.598153
,2023-10-31,46703,SUZANPECAS CL 514,Consumidor Livre,SUDESTE,12.0,5.5621220000000005
,2023-11-01,46703,SUZANPECAS CL 514,Consumidor Livre,SUDESTE,12.0,4.981581
,2023-11-02,46703,SUZANPECAS CL 514,Consumidor Livre,SUDESTE,12.0,0.648418
,2023-11-03,46703,SUZANPECAS CL 514,Consumidor Livre,SUDESTE,12.0,0.423793
,2023-11-04,46703,SUZANPECAS CL 514,Consumidor Livre,SUDESTE,12.0,0.4147949999999999
,2023-11-05,46703,SUZANPECAS CL 514,Consumidor Livre,SUDESTE,12.0,0.422347
,2023-11-06,46703,SUZANPECAS CL 514,Consumidor Livre,SUDESTE,12.0,5.221912
,2023-11-07,46703,SUZANPECAS CL 514,Consumidor Livre,SUDESTE,12.0,5.838412
,2023-11-08,46703,SUZANPECAS CL 514,Consumidor Livre,SUDESTE,12.0,6.060915
,2023-11-09,46703,SUZANPECAS CL 514,Consumidor Livre,SUDESTE,12.0,5.976287
,2023-11-10,46703,SUZANPECAS CL 514,Consumidor Livre,SUDESTE,12.0,5.016131
,2023-11-11,46703,SUZANPECAS CL 514,Consumidor Livre,SUDESTE,12.0,1.839738
,2023-11-12,46703,SUZANPECAS CL 514,Consumidor Livre,SUDESTE,12.0,0.735926
,2023-11-13,46703,SUZANPECAS CL 514,Consumidor Livre,SUDESTE,12.0,5.422203
,2023-11-14,46703,SUZANPECAS CL 514,Consumidor Livre,SUDESTE,12.0,5.649452
,2023-11-15,46703,SUZANPECAS CL 514,Consumidor Livre,SUDESTE,12.0,5.648745
,2023-11-16,46703,SUZANPECAS CL 514,Consumidor Livre,SUDESTE,12.0,5.896376
,2023-11-17,46703,SUZANPECAS CL 514,Consumidor Livre,SUDESTE,12.0,5.660314
,2023-11-18,46703,SUZANPECAS CL 514,Consumidor Livre,SUDESTE,12.0,1.887206
,2023-11-19,46703,SUZANPECAS CL 514,Consumidor Livre,SUDESTE,12.0,0.425695
,2023-11-20,46703,SUZANPECAS CL 514,Consumidor Livre,SUDESTE,12.0,0.393077
,2023-11-21,46703,SUZANPECAS CL 514,Consumidor Livre,SUDESTE,12.0,5.529896
,2023-11-22,46703,SUZANPECAS CL 514,Consumidor Livre,SUDESTE,12.0,5.435459
,2023-11-23,46703,SUZANPECAS CL 514,Consumidor Livre,SUDESTE,12.0,5.388876
,2023-11-24,46703,SUZANPECAS CL 514,Consumidor Livre,SUDESTE,12.0,4.79439
,2023-11-25,46703,SUZANPECAS CL 514,Consumidor Livre,SUDESTE,12.0,2.231269
,2023-11-26,46703,SUZANPECAS CL 514,Consumidor Livre,SUDESTE,12.0,0.883425
,2023-11-27,46703,SUZANPECAS CL 514,Consumidor Livre,SUDESTE,12.0,5.192365
,2023-11-28,46703,SUZANPECAS CL 514,Consumidor Livre,SUDESTE,12.0,5.481451
,2023-11-29,46703,SUZANPECAS CL 514,Consumidor Livre,SUDESTE,12.0,5.844417
,2023-11-30,46703,SUZANPECAS CL 514,Consumidor Livre,SUDESTE,12.0,5.530852
,2023-12-01,46703,SUZANPECAS CL 514,Consumidor Livre,SUDESTE,12.0,5.06242
,2023-12-02,46703,SUZANPECAS CL 514,Consumidor Livre,SUDESTE,12.0,1.74366
,2023-12-03,46703,SUZANPECAS CL 514,Consumidor Livre,SUDESTE,12.0,0.419115
,2023-12-04,46703,SUZANPECAS CL 514,Consumidor Livre,SUDESTE,12.0,4.95486
,2023-12-05,46703,SUZANPECAS CL 514,Consumidor Livre,SUDESTE,12.0,5.611324
,2023-12-06,46703,SUZANPECAS CL 514,Consumidor Livre,SUDESTE,12.0,5.613727
,2023-12-07,46703,SUZANPECAS CL 514,Consumidor Livre,SUDESTE,12.0,5.479315
,2023-12-08,46703,SUZANPECAS CL 514,Consumidor Livre,SUDESTE,12.0,5.079099
,2023-12-09,46703,SUZANPECAS CL 514,Consumidor Livre,SUDESTE,12.0,3.487893
,2023-12-10,46703,SUZANPECAS CL 514,Consumidor Livre,SUDESTE,12.0,0.867666
,2023-12-11,46703,SUZANPECAS CL 514,Consumidor Livre,SUDESTE,12.0,4.928561
,2023-12-12,46703,SUZANPECAS CL 514,Consumidor Livre,SUDESTE,12.0,5.694813
,2023-12-13,46703,SUZANPECAS CL 514,Consumidor Livre,SUDESTE,12.0,5.762503
,2023-12-14,46703,SUZANPECAS CL 514,Consumidor Livre,SUDESTE,12.0,5.759684
,2023-12-15,46703,SUZANPECAS CL 514,Consumidor Livre,SUDESTE,12.0,5.644708
,2023-12-16,46703,SUZANPECAS CL 514,Consumidor Livre,SUDESTE,12.0,2.954378
,2023-12-17,46703,SUZANPECAS CL 514,Consumidor Livre,SUDESTE,12.0,0.736864
,2023-12-18,46703,SUZANPECAS CL 514,Consumidor Livre,SUDESTE,12.0,5.383344
,2023-12-19,46703,SUZANPECAS CL 514,Consumidor Livre,SUDESTE,12.0,5.186016
,2023-12-20,46703,SUZANPECAS CL 514,Consumidor Livre,SUDESTE,12.0,5.582718
,2023-12-21,46703,SUZANPECAS CL 514,Consumidor Livre,SUDESTE,12.0,4.854724
,2023-12-22,46703,SUZANPECAS CL 514,Consumidor Livre,SUDESTE,12.0,1.264005
,2023-12-23,46703,SUZANPECAS CL 514,Consumidor Livre,SUDESTE,12.0,0.417733
,2023-12-24,46703,SUZANPECAS CL 514,Consumidor Livre,SUDESTE,12.0,0.4086349999999999
,2023-12-25,46703,SUZANPECAS CL 514,Consumidor Livre,SUDESTE,12.0,0.405795
,2023-12-26,46703,SUZANPECAS CL 514,Consumidor Livre,SUDESTE,12.0,0.714559
,2023-12-27,46703,SUZANPECAS CL 514,Consumidor Livre,SUDESTE,12.0,0.628292
,2023-12-28,46703,SUZANPECAS CL 514,Consumidor Livre,SUDESTE,12.0,0.476541
,2023-12-29,46703,SUZANPECAS CL 514,Consumidor Livre,SUDESTE,12.0,0.498542
,2023-12-30,46703,SUZANPECAS CL 514,Consumidor Livre,SUDESTE,12.0,0.314474
,2023-12-31,46703,SUZANPECAS CL 514,Consumidor Livre,SUDESTE,12.0,0.305419
,2024-01-01,46703,SUZANPECAS CL 514,Consumidor Livre,SUDESTE,12.0,0.30291
,2024-01-02,46703,SUZANPECAS CL 514,Consumidor Livre,SUDESTE,12.0,0.686521
,2024-01-03,46703,SUZANPECAS CL 514,Consumidor Livre,SUDESTE,12.0,0.749799
,2024-01-04,46703,SUZANPECAS CL 514,Consumidor Livre,SUDESTE,12.0,0.814672
,2024-01-05,46703,SUZANPECAS CL 514,Consumidor Livre,SUDESTE,12.0,0.811725
,2024-01-06,46703,SUZANPECAS CL 514,Consumidor Livre,SUDESTE,12.0,0.8069919999999999
,2024-01-07,46703,SUZANPECAS CL 514,Consumidor Livre,SUDESTE,12.0,0.547943
,2024-01-08,46703,SUZANPECAS CL 514,Consumidor Livre,SUDESTE,12.0,3.729053
,2024-01-09,46703,SUZANPECAS CL 514,Consumidor Livre,SUDESTE,12.0,4.8176
,2024-01-10,46703,SUZANPECAS CL 514,Consumidor Livre,SUDESTE,12.0,4.472545
,2024-01-11,46703,SUZANPECAS CL 514,Consumidor Livre,SUDESTE,12.0,5.332001
,2024-01-12,46703,SUZANPECAS CL 514,Consumidor Livre,SUDESTE,12.0,4.871489
,2024-01-13,46703,SUZANPECAS CL 514,Consumidor Livre,SUDESTE,12.0,2.0992
,2024-01-14,46703,SUZANPECAS CL 514,Consumidor Livre,SUDESTE,12.0,0.329532
,2024-01-15,46703,SUZANPECAS CL 514,Consumidor Livre,SUDESTE,12.0,4.93222
,2024-01-16,46703,SUZANPECAS CL 514,Consumidor Livre,SUDESTE,12.0,4.913313
,2024-01-17,46703,SUZANPECAS CL 514,Consumidor Livre,SUDESTE,12.0,4.729944
,2024-01-18,46703,SUZANPECAS CL 514,Consumidor Livre,SUDESTE,12.0,4.631136
,2024-01-19,46703,SUZANPECAS CL 514,Consumidor Livre,SUDESTE,12.0,4.088128
,2024-01-20,46703,SUZANPECAS CL 514,Consumidor Livre,SUDESTE,12.0,1.976713
,2024-01-21,46703,SUZANPECAS CL 514,Consumidor Livre,SUDESTE,12.0,1.013298
,2024-01-22,46703,SUZANPECAS CL 514,Consumidor Livre,SUDESTE,12.0,4.468742
,2024-01-23,46703,SUZANPECAS CL 514,Consumidor Livre,SUDESTE,12.0,4.778402
,2024-01-24,46703,SUZANPECAS CL 514,Consumidor Livre,SUDESTE,12.0,5.189679
,2024-01-25,46703,SUZANPECAS CL 514,Consumidor Livre,SUDESTE,12.0,4.747342
,2024-01-26,46703,SUZANPECAS CL 514,Consumidor Livre,SUDESTE,12.0,4.246383
,2024-01-27,46703,SUZANPECAS CL 514,Consumidor Livre,SUDESTE,12.0,2.61916
,2024-01-28,46703,SUZANPECAS CL 514,Consumidor Livre,SUDESTE,12.0,0.576494
,2024-01-29,46703,SUZANPECAS CL 514,Consumidor Livre,SUDESTE,12.0,4.748923
,2024-01-30,46703,SUZANPECAS CL 514,Consumidor Livre,SUDESTE,12.0,5.129347
,2024-01-31,46703,SUZANPECAS CL 514,Consumidor Livre,SUDESTE,12.0,3.576354
,2024-02-01,46703,SUZANPECAS CL 514,Consumidor Livre,SUDESTE,12.0,5.039712
,2024-02-02,46703,SUZANPECAS CL 514,Consumidor Livre,SUDESTE,12.0,4.263105
,2024-02-03,46703,SUZANPECAS CL 514,Consumidor Livre,SUDESTE,12.0,2.116368
,2024-02-04,46703,SUZANPECAS CL 514,Consumidor Livre,SUDESTE,12.0,0.389601
,2024-02-05,46703,SUZANPECAS CL 514,Consumidor Livre,SUDESTE,12.0,4.510831
,2024-02-06,46703,SUZANPECAS CL 514,Consumidor Livre,SUDESTE,12.0,4.604826
,2024-02-07,46703,SUZANPECAS CL 514,Consumidor Livre,SUDESTE,12.0,4.67131
,2024-02-08,46703,SUZANPECAS CL 514,Consumidor Livre,SUDESTE,12.0,4.409046
,2024-02-09,46703,SUZANPECAS CL 514,Consumidor Livre,SUDESTE,12.0,4.848512
,2024-02-10,46703,SUZANPECAS CL 514,Consumidor Livre,SUDESTE,12.0,1.278836
,2024-02-11,46703,SUZANPECAS CL 514,Consumidor Livre,SUDESTE,12.0,0.337663
,2024-02-12,46703,SUZANPECAS CL 514,Consumidor Livre,SUDESTE,12.0,4.951968
,2024-02-13,46703,SUZANPECAS CL 514,Consumidor Livre,SUDESTE,12.0,4.882468
,2024-02-14,46703,SUZANPECAS CL 514,Consumidor Livre,SUDESTE,12.0,5.073775
,2024-02-15,46703,SUZANPECAS CL 514,Consumidor Livre,SUDESTE,12.0,4.709794
,2024-02-16,46703,SUZANPECAS CL 514,Consumidor Livre,SUDESTE,12.0,4.091026
,2024-02-17,46703,SUZANPECAS CL 514,Consumidor Livre,SUDESTE,12.0,1.35741
,2024-02-18,46703,SUZANPECAS CL 514,Consumidor Livre,SUDESTE,12.0,0.357508
,2024-02-19,46703,SUZANPECAS CL 514,Consumidor Livre,SUDESTE,12.0,5.137042
,2024-02-20,46703,SUZANPECAS CL 514,Consumidor Livre,SUDESTE,12.0,5.0505960000000005
,2024-02-21,46703,SUZANPECAS CL 514,Consumidor Livre,SUDESTE,12.0,4.863967
,2024-02-22,46703,SUZANPECAS CL 514,Consumidor Livre,SUDESTE,12.0,4.912867
,2024-02-23,46703,SUZANPECAS CL 514,Consumidor Livre,SUDESTE,12.0,4.403067
,2024-02-24,46703,SUZANPECAS CL 514,Consumidor Livre,SUDESTE,12.0,1.280621
,2024-02-25,46703,SUZANPECAS CL 514,Consumidor Livre,SUDESTE,12.0,0.366215
,2024-02-26,46703,SUZANPECAS CL 514,Consumidor Livre,SUDESTE,12.0,5.006139
,2024-02-27,46703,SUZANPECAS CL 514,Consumidor Livre,SUDESTE,12.0,5.202673
,2024-02-28,46703,SUZANPECAS CL 514,Consumidor Livre,SUDESTE,12.0,5.021855
,2024-02-29,46703,SUZANPECAS CL 514,Consumidor Livre,SUDESTE,12.0,5.063289
202403.0,2024-03-01,46703,SUZANPECAS CL 514,Consumidor Livre,SUDESTE,12.0,4.705304
202403.0,2024-03-02,46703,SUZANPECAS CL 514,Consumidor Livre,SUDESTE,12.0,1.178787
202403.0,2024-03-03,46703,SUZANPECAS CL 514,Consumidor Livre,SUDESTE,12.0,0.339831
202403.0,2024-03-04,46703,SUZANPECAS CL 514,Consumidor Livre,SUDESTE,12.0,5.341816
202403.0,2024-03-05,46703,SUZANPECAS CL 514,Consumidor Livre,SUDESTE,12.0,4.95645
202403.0,2024-03-06,46703,SUZANPECAS CL 514,Consumidor Livre,SUDESTE,12.0,5.211307
202403.0,2024-03-07,46703,SUZANPECAS CL 514,Consumidor Livre,SUDESTE,12.0,5.109275
202403.0,2024-03-08,46703,SUZANPECAS CL 514,Consumidor Livre,SUDESTE,12.0,4.716077
202403.0,2024-03-09,46703,SUZANPECAS CL 514,Consumidor Livre,SUDESTE,12.0,0.998085
202403.0,2024-03-10,46703,SUZANPECAS CL 514,Consumidor Livre,SUDESTE,12.0,0.360175
202403.0,2024-03-11,46703,SUZANPECAS CL 514,Consumidor Livre,SUDESTE,12.0,5.087924
202403.0,2024-03-12,46703,SUZANPECAS CL 514,Consumidor Livre,SUDESTE,12.0,5.038417
202403.0,2024-03-13,46703,SUZANPECAS CL 514,Consumidor Livre,SUDESTE,12.0,4.66803
202403.0,2024-03-14,46703,SUZANPECAS CL 514,Consumidor Livre,SUDESTE,12.0,4.940041
202403.0,2024-03-15,46703,SUZANPECAS CL 514,Consumidor Livre,SUDESTE,12.0,4.391769
202403.0,2024-03-16,46703,SUZANPECAS CL 514,Consumidor Livre,SUDESTE,12.0,1.085362
202403.0,2024-03-17,46703,SUZANPECAS CL 514,Consumidor Livre,SUDESTE,12.0,0.360534
202403.0,2024-03-18,46703,SUZANPECAS CL 514,Consumidor Livre,SUDESTE,12.0,4.924645
202403.0,2024-03-19,46703,SUZANPECAS CL 514,Consumidor Livre,SUDESTE,12.0,4.679902
202403.0,2024-03-20,46703,SUZANPECAS CL 514,Consumidor Livre,SUDESTE,12.0,4.512381
202403.0,2024-03-21,46703,SUZANPECAS CL 514,Consumidor Livre,SUDESTE,12.0,4.683505
202403.0,2024-03-22,46703,SUZANPECAS CL 514,Consumidor Livre,SUDESTE,12.0,4.526373
202403.0,2024-03-23,46703,SUZANPECAS CL 514,Consumidor Livre,SUDESTE,12.0,1.383755
202403.0,2024-03-24,46703,SUZANPECAS CL 514,Consumidor Livre,SUDESTE,12.0,0.394799
202403.0,2024-03-25,46703,SUZANPECAS CL 514,Consumidor Livre,SUDESTE,12.0,4.898556
202403.0,2024-03-26,46703,SUZANPECAS CL 514,Consumidor Livre,SUDESTE,12.0,4.975002
202403.0,2024-03-27,46703,SUZANPECAS CL 514,Consumidor Livre,SUDESTE,12.0,5.213216
202403.0,2024-03-28,46703,SUZANPECAS CL 514,Consumidor Livre,SUDESTE,12.0,4.992844
202403.0,2024-03-29,46703,SUZANPECAS CL 514,Consumidor Livre,SUDESTE,12.0,0.653938
202403.0,2024-03-30,46703,SUZANPECAS CL 514,Consumidor Livre,SUDESTE,12.0,1.048192
202403.0,2024-03-31,46703,SUZANPECAS CL 514,Consumidor Livre,SUDESTE,12.0,0.392873
202404.0,2024-04-01,46703,SUZANPECAS CL 514,Consumidor Livre,SUDESTE,12.0,4.114684
202404.0,2024-04-02,46703,SUZANPECAS CL 514,Consumidor Livre,SUDESTE,12.0,4.946327
202404.0,2024-04-03,46703,SUZANPECAS CL 514,Consumidor Livre,SUDESTE,12.0,4.823727
202404.0,2024-04-04,46703,SUZANPECAS CL 514,Consumidor Livre,SUDESTE,12.0,4.81674
202404.0,2024-04-05,46703,SUZANPECAS CL 514,Consumidor Livre,SUDESTE,12.0,4.629662
202404.0,2024-04-06,46703,SUZANPECAS CL 514,Consumidor Livre,SUDESTE,12.0,2.5184
202404.0,2024-04-07,46703,SUZANPECAS CL 514,Consumidor Livre,SUDESTE,12.0,0.876289
202404.0,2024-04-08,46703,SUZANPECAS CL 514,Consumidor Livre,SUDESTE,12.0,4.723378
202404.0,2024-04-09,46703,SUZANPECAS CL 514,Consumidor Livre,SUDESTE,12.0,4.675139
202404.0,2024-04-10,46703,SUZANPECAS CL 514,Consumidor Livre,SUDESTE,12.0,4.487521
202404.0,2024-04-11,46703,SUZANPECAS CL 514,Consumidor Livre,SUDESTE,12.0,4.678319
202404.0,2024-04-12,46703,SUZANPECAS CL 514,Consumidor Livre,SUDESTE,12.0,4.290981
202404.0,2024-04-13,46703,SUZANPECAS CL 514,Consumidor Livre,SUDESTE,12.0,2.074976
202404.0,2024-04-14,46703,SUZANPECAS CL 514,Consumidor Livre,SUDESTE,12.0,0.553227
202404.0,2024-04-15,46703,SUZANPECAS CL 514,Consumidor Livre,SUDESTE,12.0,5.357713
202404.0,2024-04-16,46703,SUZANPECAS CL 514,Consumidor Livre,SUDESTE,12.0,5.259293
202404.0,2024-04-17,46703,SUZANPECAS CL 514,Consumidor Livre,SUDESTE,12.0,4.941221
202404.0,2024-04-18,46703,SUZANPECAS CL 514,Consumidor Livre,SUDESTE,12.0,5.122747
202404.0,2024-04-19,46703,SUZANPECAS CL 514,Consumidor Livre,SUDESTE,12.0,4.685523
202404.0,2024-04-20,46703,SUZANPECAS CL 514,Consumidor Livre,SUDESTE,12.0,2.881169
202404.0,2024-04-21,46703,SUZANPECAS CL 514,Consumidor Livre,SUDESTE,12.0,0.401927
202404.0,2024-04-22,46703,SUZANPECAS CL 514,Consumidor Livre,SUDESTE,12.0,5.100521
202404.0,2024-04-23,46703,SUZANPECAS CL 514,Consumidor Livre,SUDESTE,12.0,4.872799
202404.0,2024-04-24,46703,SUZANPECAS CL 514,Consumidor Livre,SUDESTE,12.0,5.07549
202404.0,2024-04-25,46703,SUZANPECAS CL 514,Consumidor Livre,SUDESTE,12.0,4.860211
202404.0,2024-04-26,46703,SUZANPECAS CL 514,Consumidor Livre,SUDESTE,12.0,4.951352
202404.0,2024-04-27,46703,SUZANPECAS CL 514,Consumidor Livre,SUDESTE,12.0,1.469573
202404.0,2024-04-28,46703,SUZANPECAS CL 514,Consumidor Livre,SUDESTE,12.0,0.444059
202404.0,2024-04-29,46703,SUZANPECAS CL 514,Consumidor Livre,SUDESTE,12.0,5.151592
202404.0,2024-04-30,46703,SUZANPECAS CL 514,Consumidor Livre,SUDESTE,12.0,4.980315
202405.0,2024-05-01,46703,SUZANPECAS CL 514,Consumidor Livre,SUDESTE,12.0,4.391473
202405.0,2024-05-02,46703,SUZANPECAS CL 514,Consumidor Livre,SUDESTE,12.0,4.942422
202405.0,2024-05-03,46703,SUZANPECAS CL 514,Consumidor Livre,SUDESTE,12.0,0.492252
202405.0,2024-05-04,46703,SUZANPECAS CL 514,Consumidor Livre,SUDESTE,12.0,1.440972
202405.0,2024-05-05,46703,SUZANPECAS CL 514,Consumidor Livre,SUDESTE,12.0,0.471686
202405.0,2024-05-06,46703,SUZANPECAS CL 514,Consumidor Livre,SUDESTE,12.0,5.112168
202405.0,2024-05-07,46703,SUZANPECAS CL 514,Consumidor Livre,SUDESTE,12.0,4.983953
202405.0,2024-05-08,46703,SUZANPECAS CL 514,Consumidor Livre,SUDESTE,12.0,4.636685
202405.0,2024-05-09,46703,SUZANPECAS CL 514,Consumidor Livre,SUDESTE,12.0,4.871798
202405.0,2024-05-10,46703,SUZANPECAS CL 514,Consumidor Livre,SUDESTE,12.0,4.363404
202405.0,2024-05-11,46703,SUZANPECAS CL 514,Consumidor Livre,SUDESTE,12.0,1.542438
202405.0,2024-05-12,46703,SUZANPECAS CL 514,Consumidor Livre,SUDESTE,12.0,0.429307
202405.0,2024-05-13,46703,SUZANPECAS CL 514,Consumidor Livre,SUDESTE,12.0,5.05192
202405.0,2024-05-14,46703,SUZANPECAS CL 514,Consumidor Livre,SUDESTE,12.0,4.8128
202405.0,2024-05-15,46703,SUZANPECAS CL 514,Consumidor Livre,SUDESTE,12.0,5.107601
202405.0,2024-05-16,46703,SUZANPECAS CL 514,Consumidor Livre,SUDESTE,12.0,5.155483
202405.0,2024-05-17,46703,SUZANPECAS CL 514,Consumidor Livre,SUDESTE,12.0,4.59836
202405.0,2024-05-18,46703,SUZANPECAS CL 514,Consumidor Livre,SUDESTE,12.0,2.572744
202405.0,2024-05-19,46703,SUZANPECAS CL 514,Consumidor Livre,SUDESTE,12.0,0.482553
202405.0,2024-05-20,46703,SUZANPECAS CL 514,Consumidor Livre,SUDESTE,12.0,5.547202
202405.0,2024-05-21,46703,SUZANPECAS CL 514,Consumidor Livre,SUDESTE,12.0,5.3076
202405.0,2024-05-22,46703,SUZANPECAS CL 514,Consumidor Livre,SUDESTE,12.0,5.156695
202405.0,2024-05-23,46703,SUZANPECAS CL 514,Consumidor Livre,SUDESTE,12.0,4.946105
202405.0,2024-05-24,46703,SUZANPECAS CL 514,Consumidor Livre,SUDESTE,12.0,4.566167
202405.0,2024-05-25,46703,SUZANPECAS CL 514,Consumidor Livre,SUDESTE,12.0,1.877192
202405.0,2024-05-26,46703,SUZANPECAS CL 514,Consumidor Livre,SUDESTE,12.0,0.593502
202405.0,2024-05-27,46703,SUZANPECAS CL 514,Consumidor Livre,SUDESTE,12.0,5.17548
202405.0,2024-05-28,46703,SUZANPECAS CL 514,Consumidor Livre,SUDESTE,12.0,5.993814
202405.0,2024-05-29,46703,SUZANPECAS CL 514,Consumidor Livre,SUDESTE,12.0,5.418559
202405.0,2024-05-30,46703,SUZANPECAS CL 514,Consumidor Livre,SUDESTE,12.0,5.707248
202405.0,2024-05-31,46703,SUZANPECAS CL 514,Consumidor Livre,SUDESTE,12.0,5.225537
202406.0,2024-06-01,46703,SUZANPECAS CL 514,Consumidor Livre,SUDESTE,12.0,1.898367
202406.0,2024-06-02,46703,SUZANPECAS CL 514,Consumidor Livre,SUDESTE,12.0,0.313406
202406.0,2024-06-03,46703,SUZANPECAS CL 514,Consumidor Livre,SUDESTE,12.0,1.018599
202406.0,2024-06-04,46703,SUZANPECAS CL 514,Consumidor Livre,SUDESTE,12.0,4.636326
202406.0,2024-06-05,46703,SUZANPECAS CL 514,Consumidor Livre,SUDESTE,12.0,5.545025
202406.0,2024-06-06,46703,SUZANPECAS CL 514,Consumidor Livre,SUDESTE,12.0,5.548065
202406.0,2024-06-07,46703,SUZANPECAS CL 514,Consumidor Livre,SUDESTE,12.0,4.988886
202406.0,2024-06-08,46703,SUZANPECAS CL 514,Consumidor Livre,SUDESTE,12.0,1.742082
202406.0,2024-06-09,46703,SUZANPECAS CL 514,Consumidor Livre,SUDESTE,12.0,0.3388
202406.0,2024-06-10,46703,SUZANPECAS CL 514,Consumidor Livre,SUDESTE,12.0,4.827904
202406.0,2024-06-11,46703,SUZANPECAS CL 514,Consumidor Livre,SUDESTE,12.0,5.949386
202406.0,2024-06-12,46703,SUZANPECAS CL 514,Consumidor Livre,SUDESTE,12.0,5.714041
202406.0,2024-06-13,46703,SUZANPECAS CL 514,Consumidor Livre,SUDESTE,12.0,5.881399
202406.0,2024-06-14,46703,SUZANPECAS CL 514,Consumidor Livre,SUDESTE,12.0,5.527395
202406.0,2024-06-15,46703,SUZANPECAS CL 514,Consumidor Livre,SUDESTE,12.0,2.075639
202406.0,2024-06-16,46703,SUZANPECAS CL 514,Consumidor Livre,SUDESTE,12.0,0.354086
202406.0,2024-06-17,46703,SUZANPECAS CL 514,Consumidor Livre,SUDESTE,12.0,5.487853
202406.0,2024-06-18,46703,SUZANPECAS CL 514,Consumidor Livre,SUDESTE,12.0,5.839653
202406.0,2024-06-19,46703,SUZANPECAS CL 514,Consumidor Livre,SUDESTE,12.0,5.573138
202406.0,2024-06-20,46703,SUZANPECAS CL 514,Consumidor Livre,SUDESTE,12.0,5.813484
202406.0,2024-06-21,46703,SUZANPECAS CL 514,Consumidor Livre,SUDESTE,12.0,5.702443
202406.0,2024-06-22,46703,SUZANPECAS CL 514,Consumidor Livre,SUDESTE,12.0,1.901861
202406.0,2024-06-23,46703,SUZANPECAS CL 514,Consumidor Livre,SUDESTE,12.0,0.376148
202406.0,2024-06-24,46703,SUZANPECAS CL 514,Consumidor Livre,SUDESTE,12.0,5.420441
202406.0,2024-06-25,46703,SUZANPECAS CL 514,Consumidor Livre,SUDESTE,12.0,5.571132
202406.0,2024-06-26,46703,SUZANPECAS CL 514,Consumidor Livre,SUDESTE,12.0,5.511496
202406.0,2024-06-27,46703,SUZANPECAS CL 514,Consumidor Livre,SUDESTE,12.0,5.507073
202406.0,2024-06-28,46703,SUZANPECAS CL 514,Consumidor Livre,SUDESTE,12.0,5.297691
202406.0,2024-06-29,46703,SUZANPECAS CL 514,Consumidor Livre,SUDESTE,12.0,2.173263
202406.0,2024-06-30,46703,SUZANPECAS CL 514,Consumidor Livre,SUDESTE,12.0,0.3611229999999999
202407.0,2024-07-01,46703,SUZANPECAS CL 514,Consumidor Livre,SUDESTE,12.0,5.301576
202407.0,2024-07-02,46703,SUZANPECAS CL 514,Consumidor Livre,SUDESTE,12.0,5.753332
202407.0,2024-07-03,46703,SUZANPECAS CL 514,Consumidor Livre,SUDESTE,12.0,5.907532
202407.0,2024-07-04,46703,SUZANPECAS CL 514,Consumidor Livre,SUDESTE,12.0,5.790618
202407.0,2024-07-05,46703,SUZANPECAS CL 514,Consumidor Livre,SUDESTE,12.0,5.012834
202407.0,2024-07-06,46703,SUZANPECAS CL 514,Consumidor Livre,SUDESTE,12.0,2.137997
202407.0,2024-07-07,46703,SUZANPECAS CL 514,Consumidor Livre,SUDESTE,12.0,1.129097
202407.0,2024-07-08,46703,SUZANPECAS CL 514,Consumidor Livre,SUDESTE,12.0,4.477566
202407.0,2024-07-09,46703,SUZANPECAS CL 514,Consumidor Livre,SUDESTE,12.0,4.093055
202407.0,2024-07-10,46703,SUZANPECAS CL 514,Consumidor Livre,SUDESTE,12.0,5.745431
202407.0,2024-07-11,46703,SUZANPECAS CL 514,Consumidor Livre,SUDESTE,12.0,5.800786
202407.0,2024-07-12,46703,SUZANPECAS CL 514,Consumidor Livre,SUDESTE,12.0,5.410476
202407.0,2024-07-13,46703,SUZANPECAS CL 514,Consumidor Livre,SUDESTE,12.0,2.340007
202407.0,2024-07-14,46703,SUZANPECAS CL 514,Consumidor Livre,SUDESTE,12.0,0.395657
202407.0,2024-07-15,46703,SUZANPECAS CL 514,Consumidor Livre,SUDESTE,12.0,5.116449
202407.0,2024-07-16,46703,SUZANPECAS CL 514,Consumidor Livre,SUDESTE,12.0,5.7897870000000005
202407.0,2024-07-17,46703,SUZANPECAS CL 514,Consumidor Livre,SUDESTE,12.0,5.678031
202407.0,2024-07-18,46703,SUZANPECAS CL 514,Consumidor Livre,SUDESTE,12.0,5.825441
202407.0,2024-07-19,46703,SUZANPECAS CL 514,Consumidor Livre,SUDESTE,12.0,5.343568
202407.0,2024-07-20,46703,SUZANPECAS CL 514,Consumidor Livre,SUDESTE,12.0,2.086664
202407.0,2024-07-21,46703,SUZANPECAS CL 514,Consumidor Livre,SUDESTE,12.0,0.537716
202407.0,2024-07-22,46703,SUZANPECAS CL 514,Consumidor Livre,SUDESTE,12.0,5.393832
202407.0,2024-07-23,46703,SUZANPECAS CL 514,Consumidor Livre,SUDESTE,12.0,6.072306
202407.0,2024-07-24,46703,SUZANPECAS CL 514,Consumidor Livre,SUDESTE,12.0,6.147291
202407.0,2024-07-25,46703,SUZANPECAS CL 514,Consumidor Livre,SUDESTE,12.0,5.880502
202407.0,2024-07-26,46703,SUZANPECAS CL 514,Consumidor Livre,SUDESTE,12.0,5.528981
202407.0,2024-07-27,46703,SUZANPECAS CL 514,Consumidor Livre,SUDESTE,12.0,1.827237
202407.0,2024-07-28,46703,SUZANPECAS CL 514,Consumidor Livre,SUDESTE,12.0,0.337673
202407.0,2024-07-29,46703,SUZANPECAS CL 514,Consumidor Livre,SUDESTE,12.0,5.574055
202407.0,2024-07-30,46703,SUZANPECAS CL 514,Consumidor Livre,SUDESTE,12.0,6.07303
202407.0,2024-07-31,46703,SUZANPECAS CL 514,Consumidor Livre,SUDESTE,12.0,5.987053
202408.0,2024-08-01,46703,SUZANPECAS CL 514,Consumidor Livre,SUDESTE,12.0,5.926002
202408.0,2024-08-02,46703,SUZANPECAS CL 514,Consumidor Livre,SUDESTE,12.0,5.579035
202408.0,2024-08-03,46703,SUZANPECAS CL 514,Consumidor Livre,SUDESTE,12.0,1.998473
202408.0,2024-08-04,46703,SUZANPECAS CL 514,Consumidor Livre,SUDESTE,12.0,0.508222
202408.0,2024-08-05,46703,SUZANPECAS CL 514,Consumidor Livre,SUDESTE,12.0,5.380039
202408.0,2024-08-06,46703,SUZANPECAS CL 514,Consumidor Livre,SUDESTE,12.0,5.990403
202408.0,2024-08-07,46703,SUZANPECAS CL 514,Consumidor Livre,SUDESTE,12.0,5.689493
202408.0,2024-08-08,46703,SUZANPECAS CL 514,Consumidor Livre,SUDESTE,12.0,5.492466
202408.0,2024-08-09,46703,SUZANPECAS CL 514,Consumidor Livre,SUDESTE,12.0,5.471265
202408.0,2024-08-10,46703,SUZANPECAS CL 514,Consumidor Livre,SUDESTE,12.0,1.963675
202408.0,2024-08-11,46703,SUZANPECAS CL 514,Consumidor Livre,SUDESTE,12.0,0.445682
202408.0,2024-08-12,46703,SUZANPECAS CL 514,Consumidor Livre,SUDESTE,12.0,5.268571
202408.0,2024-08-13,46703,SUZANPECAS CL 514,Consumidor Livre,SUDESTE,12.0,5.115606
202408.0,2024-08-14,46703,SUZANPECAS CL 514,Consumidor Livre,SUDESTE,12.0,4.587385
202408.0,2024-08-15,46703,SUZANPECAS CL 514,Consumidor Livre,SUDESTE,12.0,5.144014
202408.0,2024-08-16,46703,SUZANPECAS CL 514,Consumidor Livre,SUDESTE,12.0,4.606613
202408.0,2024-08-17,46703,SUZANPECAS CL 514,Consumidor Livre,SUDESTE,12.0,1.779261
202408.0,2024-08-18,46703,SUZANPECAS CL 514,Consumidor Livre,SUDESTE,12.0,0.3696149999999999
202408.0,2024-08-19,46703,SUZANPECAS CL 514,Consumidor Livre,SUDESTE,12.0,5.068552
202408.0,2024-08-20,46703,SUZANPECAS CL 514,Consumidor Livre,SUDESTE,12.0,5.111756
202408.0,2024-08-21,46703,SUZANPECAS CL 514,Consumidor Livre,SUDESTE,12.0,5.126472
202408.0,2024-08-22,46703,SUZANPECAS CL 514,Consumidor Livre,SUDESTE,12.0,5.318406
202408.0,2024-08-23,46703,SUZANPECAS CL 514,Consumidor Livre,SUDESTE,12.0,4.3568620000000005
202408.0,2024-08-24,46703,SUZANPECAS CL 514,Consumidor Livre,SUDESTE,12.0,1.548209
202408.0,2024-08-25,46703,SUZANPECAS CL 514,Consumidor Livre,SUDESTE,12.0,0.447303
202408.0,2024-08-26,46703,SUZANPECAS CL 514,Consumidor Livre,SUDESTE,12.0,5.041999
202408.0,2024-08-27,46703,SUZANPECAS CL 514,Consumidor Livre,SUDESTE,12.0,5.576002
202408.0,2024-08-28,46703,SUZANPECAS CL 514,Consumidor Livre,SUDESTE,12.0,5.095348
202408.0,2024-08-29,46703,SUZANPECAS CL 514,Consumidor Livre,SUDESTE,12.0,5.498743
202408.0,2024-08-30,46703,SUZANPECAS CL 514,Consumidor Livre,SUDESTE,12.0,5.650541
202408.0,2024-08-31,46703,SUZANPECAS CL 514,Consumidor Livre,SUDESTE,12.0,2.100318
202409.0,2024-09-01,46703,SUZANPECAS CL 514,Consumidor Livre,SUDESTE,12.0,0.352574
202409.0,2024-09-02,46703,SUZANPECAS CL 514,Consumidor Livre,SUDESTE,12.0,5.483698
202409.0,2024-09-03,46703,SUZANPECAS CL 514,Consumidor Livre,SUDESTE,12.0,5.663276
202409.0,2024-09-04,46703,SUZANPECAS CL 514,Consumidor Livre,SUDESTE,12.0,5.553287
202409.0,2024-09-05,46703,SUZANPECAS CL 514,Consumidor Livre,SUDESTE,12.0,6.108804
202409.0,2024-09-06,46703,SUZANPECAS CL 514,Consumidor Livre,SUDESTE,12.0,3.027944
202409.0,2024-09-07,46703,SUZANPECAS CL 514,Consumidor Livre,SUDESTE,12.0,0.331173
202409.0,2024-09-08,46703,SUZANPECAS CL 514,Consumidor Livre,SUDESTE,12.0,0.34271
202409.0,2024-09-09,46703,SUZANPECAS CL 514,Consumidor Livre,SUDESTE,12.0,5.12858
202409.0,2024-09-10,46703,SUZANPECAS CL 514,Consumidor Livre,SUDESTE,12.0,5.870183
202409.0,2024-09-11,46703,SUZANPECAS CL 514,Consumidor Livre,SUDESTE,12.0,5.547573
202409.0,2024-09-12,46703,SUZANPECAS CL 514,Consumidor Livre,SUDESTE,12.0,5.683591
202409.0,2024-09-13,46703,SUZANPECAS CL 514,Consumidor Livre,SUDESTE,12.0,5.037672
202409.0,2024-09-14,46703,SUZANPECAS CL 514,Consumidor Livre,SUDESTE,12.0,1.674362
202409.0,2024-09-15,46703,SUZANPECAS CL 514,Consumidor Livre,SUDESTE,12.0,0.405542
202409.0,2024-09-16,46703,SUZANPECAS CL 514,Consumidor Livre,SUDESTE,12.0,5.050139
202409.0,2024-09-17,46703,SUZANPECAS CL 514,Consumidor Livre,SUDESTE,12.0,5.591175
202409.0,2024-09-18,46703,SUZANPECAS CL 514,Consumidor Livre,SUDESTE,12.0,5.506685
202409.0,2024-09-19,46703,SUZANPECAS CL 514,Consumidor Livre,SUDESTE,12.0,5.608846
202409.0,2024-09-20,46703,SUZANPECAS CL 514,Consumidor Livre,SUDESTE,12.0,5.291966
202409.0,2024-09-21,46703,SUZANPECAS CL 514,Consumidor Livre,SUDESTE,12.0,1.816308
202409.0,2024-09-22,46703,SUZANPECAS CL 514,Consumidor Livre,SUDESTE,12.0,0.33404
202409.0,2024-09-23,46703,SUZANPECAS CL 514,Consumidor Livre,SUDESTE,12.0,5.206555
202409.0,2024-09-24,46703,SUZANPECAS CL 514,Consumidor Livre,SUDESTE,12.0,6.101449
202409.0,2024-09-25,46703,SUZANPECAS CL 514,Consumidor Livre,SUDESTE,12.0,5.909251
202409.0,2024-09-26,46703,SUZANPECAS CL 514,Consumidor Livre,SUDESTE,12.0,5.804854
202409.0,2024-09-27,46703,SUZANPECAS CL 514,Consumidor Livre,SUDESTE,12.0,5.844736
202409.0,2024-09-28,46703,SUZANPECAS CL 514,Consumidor Livre,SUDESTE,12.0,1.681309
202409.0,2024-09-29,46703,SUZANPECAS CL 514,Consumidor Livre,SUDESTE,12.0,0.339348
202409.0,2024-09-30,46703,SUZANPECAS CL 514,Consumidor Livre,SUDESTE,12.0,5.649149
202410.0,2024-10-01,46703,SUZANPECAS CL 514,Consumidor Livre,SUDESTE,12.0,6.046387
202410.0,2024-10-02,46703,SUZANPECAS CL 514,Consumidor Livre,SUDESTE,12.0,6.15237
202410.0,2024-10-03,46703,SUZANPECAS CL 514,Consumidor Livre,SUDESTE,12.0,6.073461
202410.0,2024-10-04,46703,SUZANPECAS CL 514,Consumidor Livre,SUDESTE,12.0,5.453556
202410.0,2024-10-05,46703,SUZANPECAS CL 514,Consumidor Livre,SUDESTE,12.0,1.848501
202410.0,2024-10-06,46703,SUZANPECAS CL 514,Consumidor Livre,SUDESTE,12.0,0.424416
202410.0,2024-10-07,46703,SUZANPECAS CL 514,Consumidor Livre,SUDESTE,12.0,5.607166
202410.0,2024-10-08,46703,SUZANPECAS CL 514,Consumidor Livre,SUDESTE,12.0,6.06202
202410.0,2024-10-09,46703,SUZANPECAS CL 514,Consumidor Livre,SUDESTE,12.0,5.998142
202410.0,2024-10-10,46703,SUZANPECAS CL 514,Consumidor Livre,SUDESTE,12.0,6.157115
202410.0,2024-10-11,46703,SUZANPECAS CL 514,Consumidor Livre,SUDESTE,12.0,4.991606
202410.0,2024-10-12,46703,SUZANPECAS CL 514,Consumidor Livre,SUDESTE,12.0,1.95842
202410.0,2024-10-13,46703,SUZANPECAS CL 514,Consumidor Livre,SUDESTE,12.0,0.425083
202410.0,2024-10-14,46703,SUZANPECAS CL 514,Consumidor Livre,SUDESTE,12.0,5.151868
202410.0,2024-10-15,46703,SUZANPECAS CL 514,Consumidor Livre,SUDESTE,12.0,6.0881870000000005
202410.0,2024-10-16,46703,SUZANPECAS CL 514,Consumidor Livre,SUDESTE,12.0,6.218053
202410.0,2024-10-17,46703,SUZANPECAS CL 514,Consumidor Livre,SUDESTE,12.0,6.218174
202410.0,2024-10-18,46703,SUZANPECAS CL 514,Consumidor Livre,SUDESTE,12.0,5.673122
202410.0,2024-10-19,46703,SUZANPECAS CL 514,Consumidor Livre,SUDESTE,12.0,1.675615
202410.0,2024-10-20,46703,SUZANPECAS CL 514,Consumidor Livre,SUDESTE,12.0,0.354003
202410.0,2024-10-21,46703,SUZANPECAS CL 514,Consumidor Livre,SUDESTE,12.0,5.654746
202410.0,2024-10-22,46703,SUZANPECAS CL 514,Consumidor Livre,SUDESTE,12.0,6.220589
202410.0,2024-10-23,46703,SUZANPECAS CL 514,Consumidor Livre,SUDESTE,12.0,6.157632
202410.0,2024-10-24,46703,SUZANPECAS CL 514,Consumidor Livre,SUDESTE,12.0,6.236294
202410.0,2024-10-25,46703,SUZANPECAS CL 514,Consumidor Livre,SUDESTE,12.0,5.87217
202410.0,2024-10-26,46703,SUZANPECAS CL 514,Consumidor Livre,SUDESTE,12.0,1.905789
202410.0,2024-10-27,46703,SUZANPECAS CL 514,Consumidor Livre,SUDESTE,12.0,0.893492
202410.0,2024-10-28,46703,SUZANPECAS CL 514,Consumidor Livre,SUDESTE,12.0,5.479973
202410.0,2024-10-29,46703,SUZANPECAS CL 514,Consumidor Livre,SUDESTE,12.0,6.194884
202410.0,2024-10-30,46703,SUZANPECAS CL 514,Consumidor Livre,SUDESTE,12.0,6.151633
202410.0,2024-10-31,46703,SUZANPECAS CL 514,Consumidor Livre,SUDESTE,12.0,5.873754
202411.0,2024-11-01,46703,SUZANPECAS CL 514,Consumidor Livre,SUDESTE,12.0,3.673626
202411.0,2024-11-02,46703,SUZANPECAS CL 514,Consumidor Livre,SUDESTE,12.0,0.866646
202411.0,2024-11-03,46703,SUZANPECAS CL 514,Consumidor Livre,SUDESTE,12.0,0.403089
202411.0,2024-11-04,46703,SUZANPECAS CL 514,Consumidor Livre,SUDESTE,12.0,5.422114
202411.0,2024-11-05,46703,SUZANPECAS CL 514,Consumidor Livre,SUDESTE,12.0,5.971264
202411.0,2024-11-06,46703,SUZANPECAS CL 514,Consumidor Livre,SUDESTE,12.0,5.700951
202411.0,2024-11-07,46703,SUZANPECAS CL 514,Consumidor Livre,SUDESTE,12.0,5.789942
202411.0,2024-11-08,46703,SUZANPECAS CL 514,Consumidor Livre,SUDESTE,12.0,5.669752
202411.0,2024-11-09,46703,SUZANPECAS CL 514,Consumidor Livre,SUDESTE,12.0,1.703376
202411.0,2024-11-10,46703,SUZANPECAS CL 514,Consumidor Livre,SUDESTE,12.0,0.33048
202411.0,2024-11-11,46703,SUZANPECAS CL 514,Consumidor Livre,SUDESTE,12.0,5.484865
202411.0,2024-11-12,46703,SUZANPECAS CL 514,Consumidor Livre,SUDESTE,12.0,5.57941
202411.0,2024-11-13,46703,SUZANPECAS CL 514,Consumidor Livre,SUDESTE,12.0,5.224267
202411.0,2024-11-14,46703,SUZANPECAS CL 514,Consumidor Livre,SUDESTE,12.0,5.263291
202411.0,2024-11-15,46703,SUZANPECAS CL 514,Consumidor Livre,SUDESTE,12.0,4.7330630000000005
202411.0,2024-11-16,46703,SUZANPECAS CL 514,Consumidor Livre,SUDESTE,12.0,1.025347
202411.0,2024-11-17,46703,SUZANPECAS CL 514,Consumidor Livre,SUDESTE,12.0,0.364673
202411.0,2024-11-18,46703,SUZANPECAS CL 514,Consumidor Livre,SUDESTE,12.0,5.044519
202411.0,2024-11-19,46703,SUZANPECAS CL 514,Consumidor Livre,SUDESTE,12.0,5.300942
202411.0,2024-11-20,46703,SUZANPECAS CL 514,Consumidor Livre,SUDESTE,12.0,5.508578
202411.0,2024-11-21,46703,SUZANPECAS CL 514,Consumidor Livre,SUDESTE,12.0,5.254075
202411.0,2024-11-22,46703,SUZANPECAS CL 514,Consumidor Livre,SUDESTE,12.0,4.700876
202411.0,2024-11-23,46703,SUZANPECAS CL 514,Consumidor Livre,SUDESTE,12.0,1.172735
202411.0,2024-11-24,46703,SUZANPECAS CL 514,Consumidor Livre,SUDESTE,12.0,0.419974
202411.0,2024-11-25,46703,SUZANPECAS CL 514,Consumidor Livre,SUDESTE,12.0,5.345658
202411.0,2024-11-26,46703,SUZANPECAS CL 514,Consumidor Livre,SUDESTE,12.0,5.366199
202411.0,2024-11-27,46703,SUZANPECAS CL 514,Consumidor Livre,SUDESTE,12.0,5.378037
202411.0,2024-11-28,46703,SUZANPECAS CL 514,Consumidor Livre,SUDESTE,12.0,5.409552
202411.0,2024-11-29,46703,SUZANPECAS CL 514,Consumidor Livre,SUDESTE,12.0,5.499081
202411.0,2024-11-30,46703,SUZANPECAS CL 514,Consumidor Livre,SUDESTE,12.0,1.480535
202412.0,2024-12-01,46703,SUZANPECAS CL 514,Consumidor Livre,SUDESTE,12.0,0.431102
202412.0,2024-12-02,46703,SUZANPECAS CL 514,Consumidor Livre,SUDESTE,12.0,5.663192
202412.0,2024-12-03,46703,SUZANPECAS CL 514,Consumidor Livre,SUDESTE,12.0,5.3994670000000005
202412.0,2024-12-04,46703,SUZANPECAS CL 514,Consumidor Livre,SUDESTE,12.0,5.282805
202412.0,2024-12-05,46703,SUZANPECAS CL 514,Consumidor Livre,SUDESTE,12.0,5.358064
202412.0,2024-12-06,46703,SUZANPECAS CL 514,Consumidor Livre,SUDESTE,12.0,5.243444
202412.0,2024-12-07,46703,SUZANPECAS CL 514,Consumidor Livre,SUDESTE,12.0,1.128604
202412.0,2024-12-08,46703,SUZANPECAS CL 514,Consumidor Livre,SUDESTE,12.0,0.389009
202412.0,2024-12-09,46703,SUZANPECAS CL 514,Consumidor Livre,SUDESTE,12.0,5.886974
202412.0,2024-12-10,46703,SUZANPECAS CL 514,Consumidor Livre,SUDESTE,12.0,5.57725
202412.0,2024-12-11,46703,SUZANPECAS CL 514,Consumidor Livre,SUDESTE,12.0,5.569828
202412.0,2024-12-12,46703,SUZANPECAS CL 514,Consumidor Livre,SUDESTE,12.0,5.659646
202412.0,2024-12-13,46703,SUZANPECAS CL 514,Consumidor Livre,SUDESTE,12.0,5.237059
202412.0,2024-12-14,46703,SUZANPECAS CL 514,Consumidor Livre,SUDESTE,12.0,1.338559
202412.0,2024-12-15,46703,SUZANPECAS CL 514,Consumidor Livre,SUDESTE,12.0,0.350485
202412.0,2024-12-16,46703,SUZANPECAS CL 514,Consumidor Livre,SUDESTE,12.0,5.341947
202412.0,2024-12-17,46703,SUZANPECAS CL 514,Consumidor Livre,SUDESTE,12.0,5.236013
202412.0,2024-12-18,46703,SUZANPECAS CL 514,Consumidor Livre,SUDESTE,12.0,5.127054
202412.0,2024-12-19,46703,SUZANPECAS CL 514,Consumidor Livre,SUDESTE,12.0,5.542776
202412.0,2024-12-20,46703,SUZANPECAS CL 514,Consumidor Livre,SUDESTE,12.0,4.34639
202412.0,2024-12-21,46703,SUZANPECAS CL 514,Consumidor Livre,SUDESTE,12.0,0.882709
202412.0,2024-12-22,46703,SUZANPECAS CL 514,Consumidor Livre,SUDESTE,12.0,0.446776
202412.0,2024-12-23,46703,SUZANPECAS CL 514,Consumidor Livre,SUDESTE,12.0,1.104684
202412.0,2024-12-24,46703,SUZANPECAS CL 514,Consumidor Livre,SUDESTE,12.0,0.649249
202412.0,2024-12-25,46703,SUZANPECAS CL 514,Consumidor Livre,SUDESTE,12.0,0.304781
202412.0,2024-12-26,46703,SUZANPECAS CL 514,Consumidor Livre,SUDESTE,12.0,0.953206
202412.0,2024-12-27,46703,SUZANPECAS CL 514,Consumidor Livre,SUDESTE,12.0,0.913367
202412.0,2024-12-28,46703,SUZANPECAS CL 514,Consumidor Livre,SUDESTE,12.0,1.085748
202412.0,2024-12-29,46703,SUZANPECAS CL 514,Consumidor Livre,SUDESTE,12.0,0.868509
202412.0,2024-12-30,46703,SUZANPECAS CL 514,Consumidor Livre,SUDESTE,12.0,0.982209
202412.0,2024-12-31,46703,SUZANPECAS CL 514,Consumidor Livre,SUDESTE,12.0,0.769958
202501.0,2025-01-01,46703,SUZANPECAS CL 514,Consumidor Livre,SUDESTE,12.0,0.567876
202501.0,2025-01-02,46703,SUZANPECAS CL 514,Consumidor Livre,SUDESTE,12.0,0.852538
202501.0,2025-01-03,46703,SUZANPECAS CL 514,Consumidor Livre,SUDESTE,12.0,0.902734
202501.0,2025-01-04,46703,SUZANPECAS CL 514,Consumidor Livre,SUDESTE,12.0,0.751279
202501.0,2025-01-05,46703,SUZANPECAS CL 514,Consumidor Livre,SUDESTE,12.0,0.843964
202501.0,2025-01-06,46703,SUZANPECAS CL 514,Consumidor Livre,SUDESTE,12.0,3.570008
202501.0,2025-01-07,46703,SUZANPECAS CL 514,Consumidor Livre,SUDESTE,12.0,3.920966
202501.0,2025-01-08,46703,SUZANPECAS CL 514,Consumidor Livre,SUDESTE,12.0,4.29394
202501.0,2025-01-09,46703,SUZANPECAS CL 514,Consumidor Livre,SUDESTE,12.0,4.371365
202501.0,2025-01-10,46703,SUZANPECAS CL 514,Consumidor Livre,SUDESTE,12.0,4.040869
202501.0,2025-01-11,46703,SUZANPECAS CL 514,Consumidor Livre,SUDESTE,12.0,1.208418
202501.0,2025-01-12,46703,SUZANPECAS CL 514,Consumidor Livre,SUDESTE,12.0,0.41389
202501.0,2025-01-13,46703,SUZANPECAS CL 514,Consumidor Livre,SUDESTE,12.0,4.79577
202501.0,2025-01-14,46703,SUZANPECAS CL 514,Consumidor Livre,SUDESTE,12.0,5.5083210000000005
202501.0,2025-01-15,46703,SUZANPECAS CL 514,Consumidor Livre,SUDESTE,12.0,5.580773
202501.0,2025-01-16,46703,SUZANPECAS CL 514,Consumidor Livre,SUDESTE,12.0,5.376394
202501.0,2025-01-17,46703,SUZANPECAS CL 514,Consumidor Livre,SUDESTE,12.0,4.617788
202501.0,2025-01-18,46703,SUZANPECAS CL 514,Consumidor Livre,SUDESTE,12.0,1.156361
202501.0,2025-01-19,46703,SUZANPECAS CL 514,Consumidor Livre,SUDESTE,12.0,0.780662
202501.0,2025-01-20,46703,SUZANPECAS CL 514,Consumidor Livre,SUDESTE,12.0,5.078201
202501.0,2025-01-21,46703,SUZANPECAS CL 514,Consumidor Livre,SUDESTE,12.0,5.272925
202501.0,2025-01-22,46703,SUZANPECAS CL 514,Consumidor Livre,SUDESTE,12.0,5.262617
202501.0,2025-01-23,46703,SUZANPECAS CL 514,Consumidor Livre,SUDESTE,12.0,5.413434
202501.0,2025-01-24,46703,SUZANPECAS CL 514,Consumidor Livre,SUDESTE,12.0,5.041956
202501.0,2025-01-25,46703,SUZANPECAS CL 514,Consumidor Livre,SUDESTE,12.0,1.774128
202501.0,2025-01-26,46703,SUZANPECAS CL 514,Consumidor Livre,SUDESTE,12.0,0.360891
202501.0,2025-01-27,46703,SUZANPECAS CL 514,Consumidor Livre,SUDESTE,12.0,5.140447
202501.0,2025-01-28,46703,SUZANPECAS CL 514,Consumidor Livre,SUDESTE,12.0,5.523333
202501.0,2025-01-29,46703,SUZANPECAS CL 514,Consumidor Livre,SUDESTE,12.0,4.292139
202501.0,2025-01-30,46703,SUZANPECAS CL 514,Consumidor Livre,SUDESTE,12.0,4.410675
202501.0,2025-01-31,46703,SUZANPECAS CL 514,Consumidor Livre,SUDESTE,12.0,4.107666
202502.0,2025-02-01,46703,SUZANPECAS CL 514,Consumidor Livre,SUDESTE,12.0,1.690149
202502.0,2025-02-02,46703,SUZANPECAS CL 514,Consumidor Livre,SUDESTE,12.0,1.260855
202502.0,2025-02-03,46703,SUZANPECAS CL 514,Consumidor Livre,SUDESTE,12.0,4.236416
202502.0,2025-02-04,46703,SUZANPECAS CL 514,Consumidor Livre,SUDESTE,12.0,4.689489
202502.0,2025-02-05,46703,SUZANPECAS CL 514,Consumidor Livre,SUDESTE,12.0,4.789057
202502.0,2025-02-06,46703,SUZANPECAS CL 514,Consumidor Livre,SUDESTE,12.0,4.876118
202502.0,2025-02-07,46703,SUZANPECAS CL 514,Consumidor Livre,SUDESTE,12.0,4.214607
202502.0,2025-02-08,46703,SUZANPECAS CL 514,Consumidor Livre,SUDESTE,12.0,0.995437
202502.0,2025-02-09,46703,SUZANPECAS CL 514,Consumidor Livre,SUDESTE,12.0,0.34428
202502.0,2025-02-10,46703,SUZANPECAS CL 514,Consumidor Livre,SUDESTE,12.0,5.011068
202502.0,2025-02-11,46703,SUZANPECAS CL 514,Consumidor Livre,SUDESTE,12.0,5.108744
202502.0,2025-02-12,46703,SUZANPECAS CL 514,Consumidor Livre,SUDESTE,12.0,4.883783
202502.0,2025-02-13,46703,SUZANPECAS CL 514,Consumidor Livre,SUDESTE,12.0,4.868096
202502.0,2025-02-14,46703,SUZANPECAS CL 514,Consumidor Livre,SUDESTE,12.0,4.879114
202502.0,2025-02-15,46703,SUZANPECAS CL 514,Consumidor Livre,SUDESTE,12.0,1.204559
202502.0,2025-02-16,46703,SUZANPECAS CL 514,Consumidor Livre,SUDESTE,12.0,0.435611
202502.0,2025-02-17,46703,SUZANPECAS CL 514,Consumidor Livre,SUDESTE,12.0,5.498173
202502.0,2025-02-18,46703,SUZANPECAS CL 514,Consumidor Livre,SUDESTE,12.0,5.071967
202502.0,2025-02-19,46703,SUZANPECAS CL 514,Consumidor Livre,SUDESTE,12.0,4.965187
202502.0,2025-02-20,46703,SUZANPECAS CL 514,Consumidor Livre,SUDESTE,12.0,4.420483
202502.0,2025-02-21,46703,SUZANPECAS CL 514,Consumidor Livre,SUDESTE,12.0,4.689764
202502.0,2025-02-22,46703,SUZANPECAS CL 514,Consumidor Livre,SUDESTE,12.0,0.933279
202502.0,2025-02-23,46703,SUZANPECAS CL 514,Consumidor Livre,SUDESTE,12.0,0.388694
202502.0,2025-02-24,46703,SUZANPECAS CL 514,Consumidor Livre,SUDESTE,12.0,5.072083
202502.0,2025-02-25,46703,SUZANPECAS CL 514,Consumidor Livre,SUDESTE,12.0,5.023016
202502.0,2025-02-26,46703,SUZANPECAS CL 514,Consumidor Livre,SUDESTE,12.0,5.500552
202502.0,2025-02-27,46703,SUZANPECAS CL 514,Consumidor Livre,SUDESTE,12.0,4.990175
202502.0,2025-02-28,46703,SUZANPECAS CL 514,Consumidor Livre,SUDESTE,12.0,5.129208
202503.0,2025-03-01,46703,SUZANPECAS CL 514,Consumidor Livre,SUDESTE,12.0,1.162384
202503.0,2025-03-02,46703,SUZANPECAS CL 514,Consumidor Livre,SUDESTE,12.0,0.452348
202503.0,2025-03-03,46703,SUZANPECAS CL 514,Consumidor Livre,SUDESTE,12.0,5.035293
202503.0,2025-03-04,46703,SUZANPECAS CL 514,Consumidor Livre,SUDESTE,12.0,5.091474
202503.0,2025-03-05,46703,SUZANPECAS CL 514,Consumidor Livre,SUDESTE,12.0,5.053637
202503.0,2025-03-06,46703,SUZANPECAS CL 514,Consumidor Livre,SUDESTE,12.0,5.3800360000000005
202503.0,2025-03-07,46703,SUZANPECAS CL 514,Consumidor Livre,SUDESTE,12.0,4.7493870000000005
202503.0,2025-03-08,46703,SUZANPECAS CL 514,Consumidor Livre,SUDESTE,12.0,1.140746
202503.0,2025-03-09,46703,SUZANPECAS CL 514,Consumidor Livre,SUDESTE,12.0,0.394909
202503.0,2025-03-10,46703,SUZANPECAS CL 514,Consumidor Livre,SUDESTE,12.0,5.110589
202503.0,2025-03-11,46703,SUZANPECAS CL 514,Consumidor Livre,SUDESTE,12.0,5.076776
202503.0,2025-03-12,46703,SUZANPECAS CL 514,Consumidor Livre,SUDESTE,12.0,5.150974
202503.0,2025-03-13,46703,SUZANPECAS CL 514,Consumidor Livre,SUDESTE,12.0,5.180156
202503.0,2025-03-14,46703,SUZANPECAS CL 514,Consumidor Livre,SUDESTE,12.0,4.616475
202503.0,2025-03-15,46703,SUZANPECAS CL 514,Consumidor Livre,SUDESTE,12.0,0.911858
202503.0,2025-03-16,46703,SUZANPECAS CL 514,Consumidor Livre,SUDESTE,12.0,0.446188
202503.0,2025-03-17,46703,SUZANPECAS CL 514,Consumidor Livre,SUDESTE,12.0,5.263381
202503.0,2025-03-18,46703,SUZANPECAS CL 514,Consumidor Livre,SUDESTE,12.0,5.2166
202503.0,2025-03-19,46703,SUZANPECAS CL 514,Consumidor Livre,SUDESTE,12.0,5.327051
202503.0,2025-03-20,46703,SUZANPECAS CL 514,Consumidor Livre,SUDESTE,12.0,5.190167
202503.0,2025-03-21,46703,SUZANPECAS CL 514,Consumidor Livre,SUDESTE,12.0,4.688743
202503.0,2025-03-22,46703,SUZANPECAS CL 514,Consumidor Livre,SUDESTE,12.0,1.132265
202503.0,2025-03-23,46703,SUZANPECAS CL 514,Consumidor Livre,SUDESTE,12.0,0.447619
202503.0,2025-03-24,46703,SUZANPECAS CL 514,Consumidor Livre,SUDESTE,12.0,4.901507
202503.0,2025-03-25,46703,SUZANPECAS CL 514,Consumidor Livre,SUDESTE,12.0,4.496517
202503.0,2025-03-26,46703,SUZANPECAS CL 514,Consumidor Livre,SUDESTE,12.0,5.294265
202503.0,2025-03-27,46703,SUZANPECAS CL 514,Consumidor Livre,SUDESTE,12.0,4.740842
202503.0,2025-03-28,46703,SUZANPECAS CL 514,Consumidor Livre,SUDESTE,12.0,4.723165
202503.0,2025-03-29,46703,SUZANPECAS CL 514,Consumidor Livre,SUDESTE,12.0,1.231646
202503.0,2025-03-30,46703,SUZANPECAS CL 514,Consumidor Livre,SUDESTE,12.0,0.394955
202503.0,2025-03-31,46703,SUZANPECAS CL 514,Consumidor Livre,SUDESTE,12.0,5.12178
202504.0,2025-04-01,46703,SUZANPECAS CL 514,Consumidor Livre,SUDESTE,12.0,4.885511
202504.0,2025-04-02,46703,SUZANPECAS CL 514,Consumidor Livre,SUDESTE,12.0,5.094772
202504.0,2025-04-03,46703,SUZANPECAS CL 514,Consumidor Livre,SUDESTE,12.0,5.033281
202504.0,2025-04-04,46703,SUZANPECAS CL 514,Consumidor Livre,SUDESTE,12.0,3.916929
202504.0,2025-04-05,46703,SUZANPECAS CL 514,Consumidor Livre,SUDESTE,12.0,0.637642
202504.0,2025-04-06,46703,SUZANPECAS CL 514,Consumidor Livre,SUDESTE,12.0,0.372452
202504.0,2025-04-07,46703,SUZANPECAS CL 514,Consumidor Livre,SUDESTE,12.0,4.597739
202504.0,2025-04-08,46703,SUZANPECAS CL 514,Consumidor Livre,SUDESTE,12.0,4.653489
202504.0,2025-04-09,46703,SUZANPECAS CL 514,Consumidor Livre,SUDESTE,12.0,4.742792
202504.0,2025-04-10,46703,SUZANPECAS CL 514,Consumidor Livre,SUDESTE,12.0,4.655278
202504.0,2025-04-11,46703,SUZANPECAS CL 514,Consumidor Livre,SUDESTE,12.0,3.18592
202504.0,2025-04-12,46703,SUZANPECAS CL 514,Consumidor Livre,SUDESTE,12.0,0.329414
202504.0,2025-04-13,46703,SUZANPECAS CL 514,Consumidor Livre,SUDESTE,12.0,0.316688
202504.0,2025-04-14,46703,SUZANPECAS CL 514,Consumidor Livre,SUDESTE,12.0,4.544688
202504.0,2025-04-15,46703,SUZANPECAS CL 514,Consumidor Livre,SUDESTE,12.0,4.284432
202504.0,2025-04-16,46703,SUZANPECAS CL 514,Consumidor Livre,SUDESTE,12.0,4.32358
202504.0,2025-04-17,46703,SUZANPECAS CL 514,Consumidor Livre,SUDESTE,12.0,4.123604
202504.0,2025-04-18,46703,SUZANPECAS CL 514,Consumidor Livre,SUDESTE,12.0,0.377652
202504.0,2025-04-19,46703,SUZANPECAS CL 514,Consumidor Livre,SUDESTE,12.0,0.615121
202504.0,2025-04-20,46703,SUZANPECAS CL 514,Consumidor Livre,SUDESTE,12.0,0.360927
202504.0,2025-04-21,46703,SUZANPECAS CL 514,Consumidor Livre,SUDESTE,12.0,3.882818
202504.0,2025-04-22,46703,SUZANPECAS CL 514,Consumidor Livre,SUDESTE,12.0,4.60779
202504.0,2025-04-23,46703,SUZANPECAS CL 514,Consumidor Livre,SUDESTE,12.0,5.3241700000000005
202504.0,2025-04-24,46703,SUZANPECAS CL 514,Consumidor Livre,SUDESTE,12.0,5.253266
202504.0,2025-04-25,46703,SUZANPECAS CL 514,Consumidor Livre,SUDESTE,12.0,3.883672
202504.0,2025-04-26,46703,SUZANPECAS CL 514,Consumidor Livre,SUDESTE,12.0,0.319983
202504.0,2025-04-27,46703,SUZANPECAS CL 514,Consumidor Livre,SUDESTE,12.0,0.301288
202504.0,2025-04-28,46703,SUZANPECAS CL 514,Consumidor Livre,SUDESTE,12.0,5.092892
202504.0,2025-04-29,46703,SUZANPECAS CL 514,Consumidor Livre,SUDESTE,12.0,4.753378
202504.0,2025-04-30,46703,SUZANPECAS CL 514,Consumidor Livre,SUDESTE,12.0,4.308467
202505.0,2025-05-01,46703,SUZANPECAS CL 514,Consumidor Livre,SUDESTE,12.0,0.297723
202505.0,2025-05-02,46703,SUZANPECAS CL 514,Consumidor Livre,SUDESTE,12.0,0.306959
202505.0,2025-05-03,46703,SUZANPECAS CL 514,Consumidor Livre,SUDESTE,12.0,0.379981
202505.0,2025-05-04,46703,SUZANPECAS CL 514,Consumidor Livre,SUDESTE,12.0,0.4047779999999999
202505.0,2025-05-05,46703,SUZANPECAS CL 514,Consumidor Livre,SUDESTE,12.0,4.255999
202505.0,2025-05-06,46703,SUZANPECAS CL 514,Consumidor Livre,SUDESTE,12.0,4.080184
202505.0,2025-05-07,46703,SUZANPECAS CL 514,Consumidor Livre,SUDESTE,12.0,4.036457
202505.0,2025-05-08,46703,SUZANPECAS CL 514,Consumidor Livre,SUDESTE,12.0,4.320255
202505.0,2025-05-09,46703,SUZANPECAS CL 514,Consumidor Livre,SUDESTE,12.0,3.513772
202505.0,2025-05-10,46703,SUZANPECAS CL 514,Consumidor Livre,SUDESTE,12.0,0.348167
202505.0,2025-05-11,46703,SUZANPECAS CL 514,Consumidor Livre,SUDESTE,12.0,0.331825
202505.0,2025-05-12,46703,SUZANPECAS CL 514,Consumidor Livre,SUDESTE,12.0,4.220384
202505.0,2025-05-13,46703,SUZANPECAS CL 514,Consumidor Livre,SUDESTE,12.0,4.051383
202505.0,2025-05-14,46703,SUZANPECAS CL 514,Consumidor Livre,SUDESTE,12.0,4.556302
202505.0,2025-05-15,46703,SUZANPECAS CL 514,Consumidor Livre,SUDESTE,12.0,4.381288
202505.0,2025-05-16,46703,SUZANPECAS CL 514,Consumidor Livre,SUDESTE,12.0,4.30944
202505.0,2025-05-17,46703,SUZANPECAS CL 514,Consumidor Livre,SUDESTE,12.0,2.134166
202505.0,2025-05-18,46703,SUZANPECAS CL 514,Consumidor Livre,SUDESTE,12.0,0.786433
202505.0,2025-05-19,46703,SUZANPECAS CL 514,Consumidor Livre,SUDESTE,12.0,4.587983
202505.0,2025-05-20,46703,SUZANPECAS CL 514,Consumidor Livre,SUDESTE,12.0,4.808094
202505.0,2025-05-21,46703,SUZANPECAS CL 514,Consumidor Livre,SUDESTE,12.0,5.323561
202505.0,2025-05-22,46703,SUZANPECAS CL 514,Consumidor Livre,SUDESTE,12.0,4.639631
202505.0,2025-05-23,46703,SUZANPECAS CL 514,Consumidor Livre,SUDESTE,12.0,4.384829
202505.0,2025-05-24,46703,SUZANPECAS CL 514,Consumidor Livre,SUDESTE,12.0,1.02065
202505.0,2025-05-25,46703,SUZANPECAS CL 514,Consumidor Livre,SUDESTE,12.0,0.325509
202505.0,2025-05-26,46703,SUZANPECAS CL 514,Consumidor Livre,SUDESTE,12.0,4.706885
202505.0,2025-05-27,46703,SUZANPECAS CL 514,Consumidor Livre,SUDESTE,12.0,4.008428
202505.0,2025-05-28,46703,SUZANPECAS CL 514,Consumidor Livre,SUDESTE,12.0,4.314652
202505.0,2025-05-29,46703,SUZANPECAS CL 514,Consumidor Livre,SUDESTE,12.0,4.578237
202505.0,2025-05-30,46703,SUZANPECAS CL 514,Consumidor Livre,SUDESTE,12.0,3.31131
202505.0,2025-05-31,46703,SUZANPECAS CL 514,Consumidor Livre,SUDESTE,12.0,0.302296
202506.0,2025-06-01,46703,SUZANPECAS CL 514,Consumidor Livre,SUDESTE,12.0,0.320307
202506.0,2025-06-02,46703,SUZANPECAS CL 514,Consumidor Livre,SUDESTE,12.0,4.321238
202506.0,2025-06-03,46703,SUZANPECAS CL 514,Consumidor Livre,SUDESTE,12.0,4.320148
202506.0,2025-06-04,46703,SUZANPECAS CL 514,Consumidor Livre,SUDESTE,12.0,3.986018
202506.0,2025-06-05,46703,SUZANPECAS CL 514,Consumidor Livre,SUDESTE,12.0,4.049461
202506.0,2025-06-06,46703,SUZANPECAS CL 514,Consumidor Livre,SUDESTE,12.0,3.195006
202506.0,2025-06-07,46703,SUZANPECAS CL 514,Consumidor Livre,SUDESTE,12.0,0.318508
202506.0,2025-06-08,46703,SUZANPECAS CL 514,Consumidor Livre,SUDESTE,12.0,0.319393
202506.0,2025-06-09,46703,SUZANPECAS CL 514,Consumidor Livre,SUDESTE,12.0,4.53655
202506.0,2025-06-10,46703,SUZANPECAS CL 514,Consumidor Livre,SUDESTE,12.0,4.126675
202506.0,2025-06-11,46703,SUZANPECAS CL 514,Consumidor Livre,SUDESTE,12.0,3.96124
202506.0,2025-06-12,46703,SUZANPECAS CL 514,Consumidor Livre,SUDESTE,12.0,4.098826
202506.0,2025-06-13,46703,SUZANPECAS CL 514,Consumidor Livre,SUDESTE,12.0,2.689255
202506.0,2025-06-14,46703,SUZANPECAS CL 514,Consumidor Livre,SUDESTE,12.0,0.309383
202506.0,2025-06-15,46703,SUZANPECAS CL 514,Consumidor Livre,SUDESTE,12.0,0.304095
202506.0,2025-06-16,46703,SUZANPECAS CL 514,Consumidor Livre,SUDESTE,12.0,2.974831
202506.0,2025-06-17,46703,SUZANPECAS CL 514,Consumidor Livre,SUDESTE,12.0,3.069685
202506.0,2025-06-18,46703,SUZANPECAS CL 514,Consumidor Livre,SUDESTE,12.0,3.25108
202506.0,2025-06-19,46703,SUZANPECAS CL 514,Consumidor Livre,SUDESTE,12.0,0.328727
202506.0,2025-06-20,46703,SUZANPECAS CL 514,Consumidor Livre,SUDESTE,12.0,0.3847669999999999
202506.0,2025-06-21,46703,SUZANPECAS CL 514,Consumidor Livre,SUDESTE,12.0,0.326368
202506.0,2025-06-22,46703,SUZANPECAS CL 514,Consumidor Livre,SUDESTE,12.0,0.339412
202506.0,2025-06-23,46703,SUZANPECAS CL 514,Consumidor Livre,SUDESTE,12.0,4.128491
202506.0,2025-06-24,46703,SUZANPECAS CL 514,Consumidor Livre,SUDESTE,12.0,3.946008
202506.0,2025-06-25,46703,SUZANPECAS CL 514,Consumidor Livre,SUDESTE,12.0,3.86992
202506.0,2025-06-26,46703,SUZANPECAS CL 514,Consumidor Livre,SUDESTE,12.0,4.103466
202506.0,2025-06-27,46703,SUZANPECAS CL 514,Consumidor Livre,SUDESTE,12.0,3.572515
202506.0,2025-06-28,46703,SUZANPECAS CL 514,Consumidor Livre,SUDESTE,12.0,0.348222
202506.0,2025-06-29,46703,SUZANPECAS CL 514,Consumidor Livre,SUDESTE,12.0,0.342764
202506.0,2025-06-30,46703,SUZANPECAS CL 514,Consumidor Livre,SUDESTE,12.0,4.132529
202507.0,2025-07-01,46703,SUZANPECAS CL 514,Consumidor Livre,SUDESTE,12.0,4.647319
202507.0,2025-07-02,46703,SUZANPECAS CL 514,Consumidor Livre,SUDESTE,12.0,4.372089
202507.0,2025-07-03,46703,SUZANPECAS CL 514,Consumidor Livre,SUDESTE,12.0,4.311303
202507.0,2025-07-04,46703,SUZANPECAS CL 514,Consumidor Livre,SUDESTE,12.0,3.716797
202507.0,2025-07-05,46703,SUZANPECAS CL 514,Consumidor Livre,SUDESTE,12.0,0.3186
202507.0,2025-07-06,46703,SUZANPECAS CL 514,Consumidor Livre,SUDESTE,12.0,0.318719
202507.0,2025-07-07,46703,SUZANPECAS CL 514,Consumidor Livre,SUDESTE,12.0,4.387979
202507.0,2025-07-08,46703,SUZANPECAS CL 514,Consumidor Livre,SUDESTE,12.0,4.342307
202507.0,2025-07-09,46703,SUZANPECAS CL 514,Consumidor Livre,SUDESTE,12.0,3.677509
202507.0,2025-07-10,46703,SUZANPECAS CL 514,Consumidor Livre,SUDESTE,12.0,3.666428
202507.0,2025-07-11,46703,SUZANPECAS CL 514,Consumidor Livre,SUDESTE,12.0,1.141051
202507.0,2025-07-12,46703,SUZANPECAS CL 514,Consumidor Livre,SUDESTE,12.0,0.314247
202507.0,2025-07-13,46703,SUZANPECAS CL 514,Consumidor Livre,SUDESTE,12.0,0.307966
202507.0,2025-07-14,46703,SUZANPECAS CL 514,Consumidor Livre,SUDESTE,12.0,4.162284
202507.0,2025-07-15,46703,SUZANPECAS CL 514,Consumidor Livre,SUDESTE,12.0,3.929513
202507.0,2025-07-16,46703,SUZANPECAS CL 514,Consumidor Livre,SUDESTE,12.0,4.272911
202507.0,2025-07-17,46703,SUZANPECAS CL 514,Consumidor Livre,SUDESTE,12.0,4.320258
202507.0,2025-07-18,46703,SUZANPECAS CL 514,Consumidor Livre,SUDESTE,12.0,4.468135
202507.0,2025-07-19,46703,SUZANPECAS CL 514,Consumidor Livre,SUDESTE,12.0,1.265275
202507.0,2025-07-20,46703,SUZANPECAS CL 514,Consumidor Livre,SUDESTE,12.0,0.361315
202507.0,2025-07-21,46703,SUZANPECAS CL 514,Consumidor Livre,SUDESTE,12.0,4.810661
202507.0,2025-07-22,46703,SUZANPECAS CL 514,Consumidor Livre,SUDESTE,12.0,4.249552
202507.0,2025-07-23,46703,SUZANPECAS CL 514,Consumidor Livre,SUDESTE,12.0,4.792968
202507.0,2025-07-24,46703,SUZANPECAS CL 514,Consumidor Livre,SUDESTE,12.0,4.533396
202507.0,2025-07-25,46703,SUZANPECAS CL 514,Consumidor Livre,SUDESTE,12.0,3.725905
202507.0,2025-07-26,46703,SUZANPECAS CL 514,Consumidor Livre,SUDESTE,12.0,0.952684
202507.0,2025-07-27,46703,SUZANPECAS CL 514,Consumidor Livre,SUDESTE,12.0,0.324884
202507.0,2025-07-28,46703,SUZANPECAS CL 514,Consumidor Livre,SUDESTE,12.0,4.554429
202507.0,2025-07-29,46703,SUZANPECAS CL 514,Consumidor Livre,SUDESTE,12.0,4.582849
202507.0,2025-07-30,46703,SUZANPECAS CL 514,Consumidor Livre,SUDESTE,12.0,5.022216
202507.0,2025-07-31,46703,SUZANPECAS CL 514,Consumidor Livre,SUDESTE,12.0,4.90358
202508.0,2025-08-01,46703,SUZANPECAS CL 514,Consumidor Livre,SUDESTE,12.0,4.293849
202508.0,2025-08-02,46703,SUZANPECAS CL 514,Consumidor Livre,SUDESTE,12.0,1.255627
202508.0,2025-08-03,46703,SUZANPECAS CL 514,Consumidor Livre,SUDESTE,12.0,0.321791
202508.0,2025-08-04,46703,SUZANPECAS CL 514,Consumidor Livre,SUDESTE,12.0,4.817041
202508.0,2025-08-05,46703,SUZANPECAS CL 514,Consumidor Livre,SUDESTE,12.0,5.004309
202508.0,2025-08-06,46703,SUZANPECAS CL 514,Consumidor Livre,SUDESTE,12.0,4.615678
202508.0,2025-08-07,46703,SUZANPECAS CL 514,Consumidor Livre,SUDESTE,12.0,4.842653
202508.0,2025-08-08,46703,SUZANPECAS CL 514,Consumidor Livre,SUDESTE,12.0,4.00122
202508.0,2025-08-09,46703,SUZANPECAS CL 514,Consumidor Livre,SUDESTE,12.0,1.327766
202508.0,2025-08-10,46703,SUZANPECAS CL 514,Consumidor Livre,SUDESTE,12.0,0.326285
202508.0,2025-08-11,46703,SUZANPECAS CL 514,Consumidor Livre,SUDESTE,12.0,4.939906
202508.0,2025-08-12,46703,SUZANPECAS CL 514,Consumidor Livre,SUDESTE,12.0,4.943163
202508.0,2025-08-13,46703,SUZANPECAS CL 514,Consumidor Livre,SUDESTE,12.0,4.797542
202508.0,2025-08-14,46703,SUZANPECAS CL 514,Consumidor Livre,SUDESTE,12.0,4.618913
202508.0,2025-08-15,46703,SUZANPECAS CL 514,Consumidor Livre,SUDESTE,12.0,4.46469
202508.0,2025-08-16,46703,SUZANPECAS CL 514,Consumidor Livre,SUDESTE,12.0,1.389469
202508.0,2025-08-17,46703,SUZANPECAS CL 514,Consumidor Livre,SUDESTE,12.0,0.337054
202508.0,2025-08-18,46703,SUZANPECAS CL 514,Consumidor Livre,SUDESTE,12.0,4.935678
202508.0,2025-08-19,46703,SUZANPECAS CL 514,Consumidor Livre,SUDESTE,12.0,4.615495
202508.0,2025-08-20,46703,SUZANPECAS CL 514,Consumidor Livre,SUDESTE,12.0,4.60044
202508.0,2025-08-21,46703,SUZANPECAS CL 514,Consumidor Livre,SUDESTE,12.0,4.390337
202508.0,2025-08-22,46703,SUZANPECAS CL 514,Consumidor Livre,SUDESTE,12.0,3.813624
202508.0,2025-08-23,46703,SUZANPECAS CL 514,Consumidor Livre,SUDESTE,12.0,1.135589
202508.0,2025-08-24,46703,SUZANPECAS CL 514,Consumidor Livre,SUDESTE,12.0,1.11965
202508.0,2025-08-25,46703,SUZANPECAS CL 514,Consumidor Livre,SUDESTE,12.0,4.379207
202508.0,2025-08-26,46703,SUZANPECAS CL 514,Consumidor Livre,SUDESTE,12.0,4.61881
202508.0,2025-08-27,46703,SUZANPECAS CL 514,Consumidor Livre,SUDESTE,12.0,4.133739
202508.0,2025-08-28,46703,SUZANPECAS CL 514,Consumidor Livre,SUDESTE,12.0,4.408973
202508.0,2025-08-29,46703,SUZANPECAS CL 514,Consumidor Livre,SUDESTE,12.0,4.106218
202508.0,2025-08-30,46703,SUZANPECAS CL 514,Consumidor Livre,SUDESTE,12.0,1.065902
202508.0,2025-08-31,46703,SUZANPECAS CL 514,Consumidor Livre,SUDESTE,12.0,0.436593
