MES_REFERENCIA,DATA,CODIGO_PERFIL_AGENTE,SIGLA_PERFIL_AGENTE,CLASSE_PERFIL_AGENTE,SUBMERCADO,CAPACIDADE_CARGA,CONSUMO_CARGA_ACL
,2023-12-01,104711,TECPLAM,Consumidor Livre,NORTE,16.799999999999997,11.319455
,2023-12-02,104711,TECPLAM,Consumidor Livre,NORTE,16.799999999999997,3.899115
,2023-12-03,104711,TECPLAM,Consumidor Livre,NORTE,16.799999999999997,0.842131
,2023-12-04,104711,TECPLAM,Consumidor Livre,NORTE,16.799999999999997,10.693834
,2023-12-05,104711,TECPLAM,Consumidor Livre,NORTE,16.799999999999997,11.296369
,2023-12-06,104711,TECPLAM,Consumidor Livre,NORTE,16.799999999999997,11.578819
,2023-12-07,104711,TECPLAM,Consumidor Livre,NORTE,16.799999999999997,9.93795
,2023-12-08,104711,TECPLAM,Consumidor Livre,NORTE,16.799999999999997,1.335647
,2023-12-09,104711,TECPLAM,Consumidor Livre,NORTE,16.799999999999997,0.755356
,2023-12-10,104711,TECPLAM,Consumidor Livre,NORTE,16.799999999999997,0.748744
,2023-12-11,104711,TECPLAM,Consumidor Livre,NORTE,16.799999999999997,9.947673
,2023-12-12,104711,TECPLAM,Consumidor Livre,NORTE,16.799999999999997,9.348704
,2023-12-13,104711,TECPLAM,Consumidor Livre,NORTE,16.799999999999997,10.602034
,2023-12-14,104711,TECPLAM,Consumidor Livre,NORTE,16.799999999999997,10.928083
,2023-12-15,104711,TECPLAM,Consumidor Livre,NORTE,16.799999999999997,6.9524230000000005
,2023-12-16,104711,TECPLAM,Consumidor Livre,NORTE,16.799999999999997,0.962493
,2023-12-17,104711,TECPLAM,Consumidor Livre,NORTE,16.799999999999997,0.851832
,2023-12-18,104711,TECPLAM,Consumidor Livre,NORTE,16.799999999999997,1.113693
,2023-12-19,104711,TECPLAM,Consumidor Livre,NORTE,16.799999999999997,1.405849
,2023-12-20,104711,TECPLAM,Consumidor Livre,NORTE,16.799999999999997,0.837782
,2023-12-21,104711,TECPLAM,Consumidor Livre,NORTE,16.799999999999997,1.698695
,2023-12-22,104711,TECPLAM,Consumidor Livre,NORTE,16.799999999999997,1.8118
,2023-12-23,104711,TECPLAM,Consumidor Livre,NORTE,16.799999999999997,0.879849
,2023-12-24,104711,TECPLAM,Consumidor Livre,NORTE,16.799999999999997,0.849213
,2023-12-25,104711,TECPLAM,Consumidor Livre,NORTE,16.799999999999997,0.842197
,2023-12-26,104711,TECPLAM,Consumidor Livre,NORTE,16.799999999999997,2.343027
,2023-12-27,104711,TECPLAM,Consumidor Livre,NORTE,16.799999999999997,1.929738
,2023-12-28,104711,TECPLAM,Consumidor Livre,NORTE,16.799999999999997,1.849468
,2023-12-29,104711,TECPLAM,Consumidor Livre,NORTE,16.799999999999997,1.11943
,2023-12-30,104711,TECPLAM,Consumidor Livre,NORTE,16.799999999999997,0.801467
,2023-12-31,104711,TECPLAM,Consumidor Livre,NORTE,16.799999999999997,0.790972
,2024-01-01,104711,TECPLAM,Consumidor Livre,NORTE,16.799999999999997,0.811646
,2024-01-02,104711,TECPLAM,Consumidor Livre,NORTE,16.799999999999997,3.167474
,2024-01-03,104711,TECPLAM,Consumidor Livre,NORTE,16.799999999999997,4.617746
,2024-01-04,104711,TECPLAM,Consumidor Livre,NORTE,16.799999999999997,8.998225
,2024-01-05,104711,TECPLAM,Consumidor Livre,NORTE,16.799999999999997,9.246432
,2024-01-06,104711,TECPLAM,Consumidor Livre,NORTE,16.799999999999997,6.49633
,2024-01-07,104711,TECPLAM,Consumidor Livre,NORTE,16.799999999999997,3.254785
,2024-01-08,104711,TECPLAM,Consumidor Livre,NORTE,16.799999999999997,10.343935
,2024-01-09,104711,TECPLAM,Consumidor Livre,NORTE,16.799999999999997,10.524006
,2024-01-10,104711,TECPLAM,Consumidor Livre,NORTE,16.799999999999997,11.489421
,2024-01-11,104711,TECPLAM,Consumidor Livre,NORTE,16.799999999999997,11.282197
,2024-01-12,104711,TECPLAM,Consumidor Livre,NORTE,16.799999999999997,11.128698
,2024-01-13,104711,TECPLAM,Consumidor Livre,NORTE,16.799999999999997,4.261402
,2024-01-14,104711,TECPLAM,Consumidor Livre,NORTE,16.799999999999997,1.153833
,2024-01-15,104711,TECPLAM,Consumidor Livre,NORTE,16.799999999999997,10.142056
,2024-01-16,104711,TECPLAM,Consumidor Livre,NORTE,16.799999999999997,10.265907
,2024-01-17,104711,TECPLAM,Consumidor Livre,NORTE,16.799999999999997,10.843798
,2024-01-18,104711,TECPLAM,Consumidor Livre,NORTE,16.799999999999997,10.649104
,2024-01-19,104711,TECPLAM,Consumidor Livre,NORTE,16.799999999999997,11.435152
,2024-01-20,104711,TECPLAM,Consumidor Livre,NORTE,16.799999999999997,3.567869
,2024-01-21,104711,TECPLAM,Consumidor Livre,NORTE,16.799999999999997,0.8228260000000001
,2024-01-22,104711,TECPLAM,Consumidor Livre,NORTE,16.799999999999997,10.154819
,2024-01-23,104711,TECPLAM,Consumidor Livre,NORTE,16.799999999999997,10.854125
,2024-01-24,104711,TECPLAM,Consumidor Livre,NORTE,16.799999999999997,11.293397
,2024-01-25,104711,TECPLAM,Consumidor Livre,NORTE,16.799999999999997,11.569666
,2024-01-26,104711,TECPLAM,Consumidor Livre,NORTE,16.799999999999997,11.14712
,2024-01-27,104711,TECPLAM,Consumidor Livre,NORTE,16.799999999999997,3.509881
,2024-01-28,104711,TECPLAM,Consumidor Livre,NORTE,16.799999999999997,1.47545
,2024-01-29,104711,TECPLAM,Consumidor Livre,NORTE,16.799999999999997,10.91924
,2024-01-30,104711,TECPLAM,Consumidor Livre,NORTE,16.799999999999997,11.763495
,2024-01-31,104711,TECPLAM,Consumidor Livre,NORTE,16.799999999999997,11.748644
,2024-02-01,104711,TECPLAM,Consumidor Livre,NORTE,16.799999999999997,10.578292
,2024-02-02,104711,TECPLAM,Consumidor Livre,NORTE,16.799999999999997,10.755631
,2024-02-03,104711,TECPLAM,Consumidor Livre,NORTE,16.799999999999997,4.578641
,2024-02-04,104711,TECPLAM,Consumidor Livre,NORTE,16.799999999999997,1.099041
,2024-02-05,104711,TECPLAM,Consumidor Livre,NORTE,16.799999999999997,10.756574
,2024-02-06,104711,TECPLAM,Consumidor Livre,NORTE,16.799999999999997,12.512973
,2024-02-07,104711,TECPLAM,Consumidor Livre,NORTE,16.799999999999997,10.850751
,2024-02-08,104711,TECPLAM,Consumidor Livre,NORTE,16.799999999999997,11.572007
,2024-02-09,104711,TECPLAM,Consumidor Livre,NORTE,16.799999999999997,10.733696
,2024-02-10,104711,TECPLAM,Consumidor Livre,NORTE,16.799999999999997,2.315877
,2024-02-11,104711,TECPLAM,Consumidor Livre,NORTE,16.799999999999997,0.759289
,2024-02-12,104711,TECPLAM,Consumidor Livre,NORTE,16.799999999999997,0.799709
,2024-02-13,104711,TECPLAM,Consumidor Livre,NORTE,16.799999999999997,0.854046
,2024-02-14,104711,TECPLAM,Consumidor Livre,NORTE,16.799999999999997,2.745291
,2024-02-15,104711,TECPLAM,Consumidor Livre,NORTE,16.799999999999997,10.181533
,2024-02-16,104711,TECPLAM,Consumidor Livre,NORTE,16.799999999999997,10.543362
,2024-02-17,104711,TECPLAM,Consumidor Livre,NORTE,16.799999999999997,7.36549
,2024-02-18,104711,TECPLAM,Consumidor Livre,NORTE,16.799999999999997,1.779263
,2024-02-19,104711,TECPLAM,Consumidor Livre,NORTE,16.799999999999997,9.356803
,2024-02-20,104711,TECPLAM,Consumidor Livre,NORTE,16.799999999999997,10.684775
,2024-02-21,104711,TECPLAM,Consumidor Livre,NORTE,16.799999999999997,11.460981
,2024-02-22,104711,TECPLAM,Consumidor Livre,NORTE,16.799999999999997,12.484797
,2024-02-23,104711,TECPLAM,Consumidor Livre,NORTE,16.799999999999997,10.899555
,2024-02-24,104711,TECPLAM,Consumidor Livre,NORTE,16.799999999999997,2.084899
,2024-02-25,104711,TECPLAM,Consumidor Livre,NORTE,16.799999999999997,0.877151
,2024-02-26,104711,TECPLAM,Consumidor Livre,NORTE,16.799999999999997,9.368745
,2024-02-27,104711,TECPLAM,Consumidor Livre,NORTE,16.799999999999997,11.229493
,2024-02-28,104711,TECPLAM,Consumidor Livre,NORTE,16.799999999999997,10.865313
,2024-02-29,104711,TECPLAM,Consumidor Livre,NORTE,16.799999999999997,11.610673
202403.0,2024-03-01,104711,TECPLAM,Consumidor Livre,NORTE,16.799999999999997,11.151605
202403.0,2024-03-02,104711,TECPLAM,Consumidor Livre,NORTE,16.799999999999997,3.900358
202403.0,2024-03-03,104711,TECPLAM,Consumidor Livre,NORTE,16.799999999999997,0.857618
202403.0,2024-03-04,104711,TECPLAM,Consumidor Livre,NORTE,16.799999999999997,9.032118
202403.0,2024-03-05,104711,TECPLAM,Consumidor Livre,NORTE,16.799999999999997,11.057264
202403.0,2024-03-06,104711,TECPLAM,Consumidor Livre,NORTE,16.799999999999997,11.004369
202403.0,2024-03-07,104711,TECPLAM,Consumidor Livre,NORTE,16.799999999999997,11.910796
202403.0,2024-03-08,104711,TECPLAM,Consumidor Livre,NORTE,16.799999999999997,11.754406
202403.0,2024-03-09,104711,TECPLAM,Consumidor Livre,NORTE,16.799999999999997,4.754514
202403.0,2024-03-10,104711,TECPLAM,Consumidor Livre,NORTE,16.799999999999997,1.395598
202403.0,2024-03-11,104711,TECPLAM,Consumidor Livre,NORTE,16.799999999999997,10.308882
202403.0,2024-03-12,104711,TECPLAM,Consumidor Livre,NORTE,16.799999999999997,12.149774
202403.0,2024-03-13,104711,TECPLAM,Consumidor Livre,NORTE,16.799999999999997,10.782903
202403.0,2024-03-14,104711,TECPLAM,Consumidor Livre,NORTE,16.799999999999997,12.328916
202403.0,2024-03-15,104711,TECPLAM,Consumidor Livre,NORTE,16.799999999999997,12.634657
202403.0,2024-03-16,104711,TECPLAM,Consumidor Livre,NORTE,16.799999999999997,6.478812
202403.0,2024-03-17,104711,TECPLAM,Consumidor Livre,NORTE,16.799999999999997,1.1011
202403.0,2024-03-18,104711,TECPLAM,Consumidor Livre,NORTE,16.799999999999997,9.781408
202403.0,2024-03-19,104711,TECPLAM,Consumidor Livre,NORTE,16.799999999999997,11.125546
202403.0,2024-03-20,104711,TECPLAM,Consumidor Livre,NORTE,16.799999999999997,11.041552
202403.0,2024-03-21,104711,TECPLAM,Consumidor Livre,NORTE,16.799999999999997,10.940675
202403.0,2024-03-22,104711,TECPLAM,Consumidor Livre,NORTE,16.799999999999997,9.765698
202403.0,2024-03-23,104711,TECPLAM,Consumidor Livre,NORTE,16.799999999999997,0.976311
202403.0,2024-03-24,104711,TECPLAM,Consumidor Livre,NORTE,16.799999999999997,0.880266
202403.0,2024-03-25,104711,TECPLAM,Consumidor Livre,NORTE,16.799999999999997,9.410359
202403.0,2024-03-26,104711,TECPLAM,Consumidor Livre,NORTE,16.799999999999997,11.781888
202403.0,2024-03-27,104711,TECPLAM,Consumidor Livre,NORTE,16.799999999999997,11.681525
202403.0,2024-03-28,104711,TECPLAM,Consumidor Livre,NORTE,16.799999999999997,10.687162
202403.0,2024-03-29,104711,TECPLAM,Consumidor Livre,NORTE,16.799999999999997,1.848761
202403.0,2024-03-30,104711,TECPLAM,Consumidor Livre,NORTE,16.799999999999997,1.092311
202403.0,2024-03-31,104711,TECPLAM,Consumidor Livre,NORTE,16.799999999999997,0.860598
202404.0,2024-04-01,104711,TECPLAM,Consumidor Livre,NORTE,16.799999999999997,10.242633
202404.0,2024-04-02,104711,TECPLAM,Consumidor Livre,NORTE,16.799999999999997,11.883176
202404.0,2024-04-03,104711,TECPLAM,Consumidor Livre,NORTE,16.799999999999997,11.501427
202404.0,2024-04-04,104711,TECPLAM,Consumidor Livre,NORTE,16.799999999999997,12.253595
202404.0,2024-04-05,104711,TECPLAM,Consumidor Livre,NORTE,16.799999999999997,10.566729
202404.0,2024-04-06,104711,TECPLAM,Consumidor Livre,NORTE,16.799999999999997,4.439623
202404.0,2024-04-07,104711,TECPLAM,Consumidor Livre,NORTE,16.799999999999997,1.053706
202404.0,2024-04-08,104711,TECPLAM,Consumidor Livre,NORTE,16.799999999999997,11.009606
202404.0,2024-04-09,104711,TECPLAM,Consumidor Livre,NORTE,16.799999999999997,12.009204
202404.0,2024-04-10,104711,TECPLAM,Consumidor Livre,NORTE,16.799999999999997,11.659136
202404.0,2024-04-11,104711,TECPLAM,Consumidor Livre,NORTE,16.799999999999997,11.334932
202404.0,2024-04-12,104711,TECPLAM,Consumidor Livre,NORTE,16.799999999999997,9.972012
202404.0,2024-04-13,104711,TECPLAM,Consumidor Livre,NORTE,16.799999999999997,4.331851
202404.0,2024-04-14,104711,TECPLAM,Consumidor Livre,NORTE,16.799999999999997,0.688777
202404.0,2024-04-15,104711,TECPLAM,Consumidor Livre,NORTE,16.799999999999997,10.625703
202404.0,2024-04-16,104711,TECPLAM,Consumidor Livre,NORTE,16.799999999999997,11.551501
202404.0,2024-04-17,104711,TECPLAM,Consumidor Livre,NORTE,16.799999999999997,10.864733
202404.0,2024-04-18,104711,TECPLAM,Consumidor Livre,NORTE,16.799999999999997,10.650398
202404.0,2024-04-19,104711,TECPLAM,Consumidor Livre,NORTE,16.799999999999997,11.317698
202404.0,2024-04-20,104711,TECPLAM,Consumidor Livre,NORTE,16.799999999999997,3.5234
202404.0,2024-04-21,104711,TECPLAM,Consumidor Livre,NORTE,16.799999999999997,0.928222
202404.0,2024-04-22,104711,TECPLAM,Consumidor Livre,NORTE,16.799999999999997,9.621351
202404.0,2024-04-23,104711,TECPLAM,Consumidor Livre,NORTE,16.799999999999997,11.032971
202404.0,2024-04-24,104711,TECPLAM,Consumidor Livre,NORTE,16.799999999999997,10.671617
202404.0,2024-04-25,104711,TECPLAM,Consumidor Livre,NORTE,16.799999999999997,10.381446
202404.0,2024-04-26,104711,TECPLAM,Consumidor Livre,NORTE,16.799999999999997,11.453099
202404.0,2024-04-27,104711,TECPLAM,Consumidor Livre,NORTE,16.799999999999997,5.861647
202404.0,2024-04-28,104711,TECPLAM,Consumidor Livre,NORTE,16.799999999999997,1.02616
202404.0,2024-04-29,104711,TECPLAM,Consumidor Livre,NORTE,16.799999999999997,10.54121
202404.0,2024-04-30,104711,TECPLAM,Consumidor Livre,NORTE,16.799999999999997,11.997349
202405.0,2024-05-01,104711,TECPLAM,Consumidor Livre,NORTE,16.799999999999997,2.132569
202405.0,2024-05-02,104711,TECPLAM,Consumidor Livre,NORTE,16.799999999999997,11.231696
202405.0,2024-05-03,104711,TECPLAM,Consumidor Livre,NORTE,16.799999999999997,12.426849
202405.0,2024-05-04,104711,TECPLAM,Consumidor Livre,NORTE,16.799999999999997,3.424394
202405.0,2024-05-05,104711,TECPLAM,Consumidor Livre,NORTE,16.799999999999997,1.032492
202405.0,2024-05-06,104711,TECPLAM,Consumidor Livre,NORTE,16.799999999999997,10.476756
202405.0,2024-05-07,104711,TECPLAM,Consumidor Livre,NORTE,16.799999999999997,11.633025
202405.0,2024-05-08,104711,TECPLAM,Consumidor Livre,NORTE,16.799999999999997,11.56273
202405.0,2024-05-09,104711,TECPLAM,Consumidor Livre,NORTE,16.799999999999997,12.049613
202405.0,2024-05-10,104711,TECPLAM,Consumidor Livre,NORTE,16.799999999999997,11.856143
202405.0,2024-05-11,104711,TECPLAM,Consumidor Livre,NORTE,16.799999999999997,7.128688
202405.0,2024-05-12,104711,TECPLAM,Consumidor Livre,NORTE,16.799999999999997,0.873929
202405.0,2024-05-13,104711,TECPLAM,Consumidor Livre,NORTE,16.799999999999997,10.185226
202405.0,2024-05-14,104711,TECPLAM,Consumidor Livre,NORTE,16.799999999999997,11.444667
202405.0,2024-05-15,104711,TECPLAM,Consumidor Livre,NORTE,16.799999999999997,11.833166
202405.0,2024-05-16,104711,TECPLAM,Consumidor Livre,NORTE,16.799999999999997,11.59545
202405.0,2024-05-17,104711,TECPLAM,Consumidor Livre,NORTE,16.799999999999997,7.025255
202405.0,2024-05-18,104711,TECPLAM,Consumidor Livre,NORTE,16.799999999999997,3.864313
202405.0,2024-05-19,104711,TECPLAM,Consumidor Livre,NORTE,16.799999999999997,1.836763
202405.0,2024-05-20,104711,TECPLAM,Consumidor Livre,NORTE,16.799999999999997,9.889213
202405.0,2024-05-21,104711,TECPLAM,Consumidor Livre,NORTE,16.799999999999997,11.830545
202405.0,2024-05-22,104711,TECPLAM,Consumidor Livre,NORTE,16.799999999999997,12.271982
202405.0,2024-05-23,104711,TECPLAM,Consumidor Livre,NORTE,16.799999999999997,12.016235
202405.0,2024-05-24,104711,TECPLAM,Consumidor Livre,NORTE,16.799999999999997,11.99879
202405.0,2024-05-25,104711,TECPLAM,Consumidor Livre,NORTE,16.799999999999997,4.078851
202405.0,2024-05-26,104711,TECPLAM,Consumidor Livre,NORTE,16.799999999999997,0.833403
202405.0,2024-05-27,104711,TECPLAM,Consumidor Livre,NORTE,16.799999999999997,10.227494
202405.0,2024-05-28,104711,TECPLAM,Consumidor Livre,NORTE,16.799999999999997,10.835758
202405.0,2024-05-29,104711,TECPLAM,Consumidor Livre,NORTE,16.799999999999997,10.590642
202405.0,2024-05-30,104711,TECPLAM,Consumidor Livre,NORTE,16.799999999999997,1.806913
202405.0,2024-05-31,104711,TECPLAM,Consumidor Livre,NORTE,16.799999999999997,9.666785
202406.0,2024-06-01,104711,TECPLAM,Consumidor Livre,NORTE,16.799999999999997,2.364402
202406.0,2024-06-02,104711,TECPLAM,Consumidor Livre,NORTE,16.799999999999997,0.843102
202406.0,2024-06-03,104711,TECPLAM,Consumidor Livre,NORTE,16.799999999999997,9.769828
202406.0,2024-06-04,104711,TECPLAM,Consumidor Livre,NORTE,16.799999999999997,11.670027
202406.0,2024-06-05,104711,TECPLAM,Consumidor Livre,NORTE,16.799999999999997,12.119857
202406.0,2024-06-06,104711,TECPLAM,Consumidor Livre,NORTE,16.799999999999997,11.498833
202406.0,2024-06-07,104711,TECPLAM,Consumidor Livre,NORTE,16.799999999999997,11.797007
202406.0,2024-06-08,104711,TECPLAM,Consumidor Livre,NORTE,16.799999999999997,3.480703
202406.0,2024-06-09,104711,TECPLAM,Consumidor Livre,NORTE,16.799999999999997,0.869382
202406.0,2024-06-10,104711,TECPLAM,Consumidor Livre,NORTE,16.799999999999997,10.433384
202406.0,2024-06-11,104711,TECPLAM,Consumidor Livre,NORTE,16.799999999999997,12.022614
202406.0,2024-06-12,104711,TECPLAM,Consumidor Livre,NORTE,16.799999999999997,11.881366
202406.0,2024-06-13,104711,TECPLAM,Consumidor Livre,NORTE,16.799999999999997,12.067952
202406.0,2024-06-14,104711,TECPLAM,Consumidor Livre,NORTE,16.799999999999997,12.15056
202406.0,2024-06-15,104711,TECPLAM,Consumidor Livre,NORTE,16.799999999999997,2.257172
202406.0,2024-06-16,104711,TECPLAM,Consumidor Livre,NORTE,16.799999999999997,0.884251
202406.0,2024-06-17,104711,TECPLAM,Consumidor Livre,NORTE,16.799999999999997,10.399674
202406.0,2024-06-18,104711,TECPLAM,Consumidor Livre,NORTE,16.799999999999997,11.933009
202406.0,2024-06-19,104711,TECPLAM,Consumidor Livre,NORTE,16.799999999999997,11.509799
202406.0,2024-06-20,104711,TECPLAM,Consumidor Livre,NORTE,16.799999999999997,11.975438
202406.0,2024-06-21,104711,TECPLAM,Consumidor Livre,NORTE,16.799999999999997,11.03614
202406.0,2024-06-22,104711,TECPLAM,Consumidor Livre,NORTE,16.799999999999997,3.033809
202406.0,2024-06-23,104711,TECPLAM,Consumidor Livre,NORTE,16.799999999999997,0.957991
202406.0,2024-06-24,104711,TECPLAM,Consumidor Livre,NORTE,16.799999999999997,2.865089
202406.0,2024-06-25,104711,TECPLAM,Consumidor Livre,NORTE,16.799999999999997,6.141267
202406.0,2024-06-26,104711,TECPLAM,Consumidor Livre,NORTE,16.799999999999997,5.458471
202406.0,2024-06-27,104711,TECPLAM,Consumidor Livre,NORTE,16.799999999999997,5.323602
202406.0,2024-06-28,104711,TECPLAM,Consumidor Livre,NORTE,16.799999999999997,6.369065
202406.0,2024-06-29,104711,TECPLAM,Consumidor Livre,NORTE,16.799999999999997,0.995187
202406.0,2024-06-30,104711,TECPLAM,Consumidor Livre,NORTE,16.799999999999997,0.967428
202407.0,2024-07-01,104711,TECPLAM,Consumidor Livre,NORTE,16.799999999999997,6.553084
202407.0,2024-07-02,104711,TECPLAM,Consumidor Livre,NORTE,16.799999999999997,6.379107
202407.0,2024-07-03,104711,TECPLAM,Consumidor Livre,NORTE,16.799999999999997,6.271993
202407.0,2024-07-04,104711,TECPLAM,Consumidor Livre,NORTE,16.799999999999997,6.434934
202407.0,2024-07-05,104711,TECPLAM,Consumidor Livre,NORTE,16.799999999999997,7.94805
202407.0,2024-07-06,104711,TECPLAM,Consumidor Livre,NORTE,16.799999999999997,5.391621
202407.0,2024-07-07,104711,TECPLAM,Consumidor Livre,NORTE,16.799999999999997,1.526652
202407.0,2024-07-08,104711,TECPLAM,Consumidor Livre,NORTE,16.799999999999997,10.428792
202407.0,2024-07-09,104711,TECPLAM,Consumidor Livre,NORTE,16.799999999999997,12.109335
202407.0,2024-07-10,104711,TECPLAM,Consumidor Livre,NORTE,16.799999999999997,10.632332
202407.0,2024-07-11,104711,TECPLAM,Consumidor Livre,NORTE,16.799999999999997,11.023081
202407.0,2024-07-12,104711,TECPLAM,Consumidor Livre,NORTE,16.799999999999997,10.64859
202407.0,2024-07-13,104711,TECPLAM,Consumidor Livre,NORTE,16.799999999999997,3.084265
202407.0,2024-07-14,104711,TECPLAM,Consumidor Livre,NORTE,16.799999999999997,0.851113
202407.0,2024-07-15,104711,TECPLAM,Consumidor Livre,NORTE,16.799999999999997,10.157051
202407.0,2024-07-16,104711,TECPLAM,Consumidor Livre,NORTE,16.799999999999997,12.037384
202407.0,2024-07-17,104711,TECPLAM,Consumidor Livre,NORTE,16.799999999999997,11.075258
202407.0,2024-07-18,104711,TECPLAM,Consumidor Livre,NORTE,16.799999999999997,11.96342
202407.0,2024-07-19,104711,TECPLAM,Consumidor Livre,NORTE,16.799999999999997,12.176821
202407.0,2024-07-20,104711,TECPLAM,Consumidor Livre,NORTE,16.799999999999997,1.969228
202407.0,2024-07-21,104711,TECPLAM,Consumidor Livre,NORTE,16.799999999999997,0.845048
202407.0,2024-07-22,104711,TECPLAM,Consumidor Livre,NORTE,16.799999999999997,10.119425
202407.0,2024-07-23,104711,TECPLAM,Consumidor Livre,NORTE,16.799999999999997,11.25542
202407.0,2024-07-24,104711,TECPLAM,Consumidor Livre,NORTE,16.799999999999997,11.193092
202407.0,2024-07-25,104711,TECPLAM,Consumidor Livre,NORTE,16.799999999999997,11.724441
202407.0,2024-07-26,104711,TECPLAM,Consumidor Livre,NORTE,16.799999999999997,11.554636
202407.0,2024-07-27,104711,TECPLAM,Consumidor Livre,NORTE,16.799999999999997,3.792263
202407.0,2024-07-28,104711,TECPLAM,Consumidor Livre,NORTE,16.799999999999997,0.986946
202407.0,2024-07-29,104711,TECPLAM,Consumidor Livre,NORTE,16.799999999999997,10.23446
202407.0,2024-07-30,104711,TECPLAM,Consumidor Livre,NORTE,16.799999999999997,11.524753
202407.0,2024-07-31,104711,TECPLAM,Consumidor Livre,NORTE,16.799999999999997,11.291579
202408.0,2024-08-01,104711,TECPLAM,Consumidor Livre,NORTE,16.799999999999997,11.700975
202408.0,2024-08-02,104711,TECPLAM,Consumidor Livre,NORTE,16.799999999999997,8.869401
202408.0,2024-08-03,104711,TECPLAM,Consumidor Livre,NORTE,16.799999999999997,2.215556
202408.0,2024-08-04,104711,TECPLAM,Consumidor Livre,NORTE,16.799999999999997,0.906785
202408.0,2024-08-05,104711,TECPLAM,Consumidor Livre,NORTE,16.799999999999997,7.333244
202408.0,2024-08-06,104711,TECPLAM,Consumidor Livre,NORTE,16.799999999999997,11.442543
202408.0,2024-08-07,104711,TECPLAM,Consumidor Livre,NORTE,16.799999999999997,10.926909
202408.0,2024-08-08,104711,TECPLAM,Consumidor Livre,NORTE,16.799999999999997,11.543735
202408.0,2024-08-09,104711,TECPLAM,Consumidor Livre,NORTE,16.799999999999997,11.492776
202408.0,2024-08-10,104711,TECPLAM,Consumidor Livre,NORTE,16.799999999999997,2.274726
202408.0,2024-08-11,104711,TECPLAM,Consumidor Livre,NORTE,16.799999999999997,0.762405
202408.0,2024-08-12,104711,TECPLAM,Consumidor Livre,NORTE,16.799999999999997,9.636183
202408.0,2024-08-13,104711,TECPLAM,Consumidor Livre,NORTE,16.799999999999997,11.337192
202408.0,2024-08-14,104711,TECPLAM,Consumidor Livre,NORTE,16.799999999999997,10.607288
202408.0,2024-08-15,104711,TECPLAM,Consumidor Livre,NORTE,16.799999999999997,11.566509
202408.0,2024-08-16,104711,TECPLAM,Consumidor Livre,NORTE,16.799999999999997,11.328736
202408.0,2024-08-17,104711,TECPLAM,Consumidor Livre,NORTE,16.799999999999997,3.505456
202408.0,2024-08-18,104711,TECPLAM,Consumidor Livre,NORTE,16.799999999999997,0.832229
202408.0,2024-08-19,104711,TECPLAM,Consumidor Livre,NORTE,16.799999999999997,10.490343
202408.0,2024-08-20,104711,TECPLAM,Consumidor Livre,NORTE,16.799999999999997,11.932312
202408.0,2024-08-21,104711,TECPLAM,Consumidor Livre,NORTE,16.799999999999997,12.06749
202408.0,2024-08-22,104711,TECPLAM,Consumidor Livre,NORTE,16.799999999999997,12.297057
202408.0,2024-08-23,104711,TECPLAM,Consumidor Livre,NORTE,16.799999999999997,12.027515
202408.0,2024-08-24,104711,TECPLAM,Consumidor Livre,NORTE,16.799999999999997,3.858484
202408.0,2024-08-25,104711,TECPLAM,Consumidor Livre,NORTE,16.799999999999997,0.938062
202408.0,2024-08-26,104711,TECPLAM,Consumidor Livre,NORTE,16.799999999999997,10.198003
202408.0,2024-08-27,104711,TECPLAM,Consumidor Livre,NORTE,16.799999999999997,12.363049
202408.0,2024-08-28,104711,TECPLAM,Consumidor Livre,NORTE,16.799999999999997,12.132006
202408.0,2024-08-29,104711,TECPLAM,Consumidor Livre,NORTE,16.799999999999997,12.35458
202408.0,2024-08-30,104711,TECPLAM,Consumidor Livre,NORTE,16.799999999999997,12.238518
202408.0,2024-08-31,104711,TECPLAM,Consumidor Livre,NORTE,16.799999999999997,5.031822
202409.0,2024-09-01,104711,TECPLAM,Consumidor Livre,NORTE,16.799999999999997,1.048229
202409.0,2024-09-02,104711,TECPLAM,Consumidor Livre,NORTE,16.799999999999997,11.14009
202409.0,2024-09-03,104711,TECPLAM,Consumidor Livre,NORTE,16.799999999999997,12.477003
202409.0,2024-09-04,104711,TECPLAM,Consumidor Livre,NORTE,16.799999999999997,12.459733
202409.0,2024-09-05,104711,TECPLAM,Consumidor Livre,NORTE,16.799999999999997,9.312178
202409.0,2024-09-06,104711,TECPLAM,Consumidor Livre,NORTE,16.799999999999997,5.650577
202409.0,2024-09-07,104711,TECPLAM,Consumidor Livre,NORTE,16.799999999999997,0.660268
202409.0,2024-09-08,104711,TECPLAM,Consumidor Livre,NORTE,16.799999999999997,1.111733
202409.0,2024-09-09,104711,TECPLAM,Consumidor Livre,NORTE,16.799999999999997,11.195565
202409.0,2024-09-10,104711,TECPLAM,Consumidor Livre,NORTE,16.799999999999997,12.731793
202409.0,2024-09-11,104711,TECPLAM,Consumidor Livre,NORTE,16.799999999999997,12.215753
202409.0,2024-09-12,104711,TECPLAM,Consumidor Livre,NORTE,16.799999999999997,12.786677
202409.0,2024-09-13,104711,TECPLAM,Consumidor Livre,NORTE,16.799999999999997,12.695333
202409.0,2024-09-14,104711,TECPLAM,Consumidor Livre,NORTE,16.799999999999997,5.603696
202409.0,2024-09-15,104711,TECPLAM,Consumidor Livre,NORTE,16.799999999999997,0.979732
202409.0,2024-09-16,104711,TECPLAM,Consumidor Livre,NORTE,16.799999999999997,11.045808
202409.0,2024-09-17,104711,TECPLAM,Consumidor Livre,NORTE,16.799999999999997,12.985345
202409.0,2024-09-18,104711,TECPLAM,Consumidor Livre,NORTE,16.799999999999997,12.877261
202409.0,2024-09-19,104711,TECPLAM,Consumidor Livre,NORTE,16.799999999999997,13.359791
202409.0,2024-09-20,104711,TECPLAM,Consumidor Livre,NORTE,16.799999999999997,12.389944
202409.0,2024-09-21,104711,TECPLAM,Consumidor Livre,NORTE,16.799999999999997,6.088757
202409.0,2024-09-22,104711,TECPLAM,Consumidor Livre,NORTE,16.799999999999997,1.128554
202409.0,2024-09-23,104711,TECPLAM,Consumidor Livre,NORTE,16.799999999999997,11.489734
202409.0,2024-09-24,104711,TECPLAM,Consumidor Livre,NORTE,16.799999999999997,12.410303
202409.0,2024-09-25,104711,TECPLAM,Consumidor Livre,NORTE,16.799999999999997,13.076785
202409.0,2024-09-26,104711,TECPLAM,Consumidor Livre,NORTE,16.799999999999997,13.344259
202409.0,2024-09-27,104711,TECPLAM,Consumidor Livre,NORTE,16.799999999999997,13.105545
202409.0,2024-09-28,104711,TECPLAM,Consumidor Livre,NORTE,16.799999999999997,5.233807
202409.0,2024-09-29,104711,TECPLAM,Consumidor Livre,NORTE,16.799999999999997,1.216021
202409.0,2024-09-30,104711,TECPLAM,Consumidor Livre,NORTE,16.799999999999997,11.319384
202410.0,2024-10-01,104711,TECPLAM,Consumidor Livre,NORTE,16.799999999999997,12.441605
202410.0,2024-10-02,104711,TECPLAM,Consumidor Livre,NORTE,16.799999999999997,13.06668
202410.0,2024-10-03,104711,TECPLAM,Consumidor Livre,NORTE,16.799999999999997,12.811829
202410.0,2024-10-04,104711,TECPLAM,Consumidor Livre,NORTE,16.799999999999997,12.352295
202410.0,2024-10-05,104711,TECPLAM,Consumidor Livre,NORTE,16.799999999999997,3.835774
202410.0,2024-10-06,104711,TECPLAM,Consumidor Livre,NORTE,16.799999999999997,1.013487
202410.0,2024-10-07,104711,TECPLAM,Consumidor Livre,NORTE,16.799999999999997,10.874717
202410.0,2024-10-08,104711,TECPLAM,Consumidor Livre,NORTE,16.799999999999997,13.007952
202410.0,2024-10-09,104711,TECPLAM,Consumidor Livre,NORTE,16.799999999999997,13.986391
202410.0,2024-10-10,104711,TECPLAM,Consumidor Livre,NORTE,16.799999999999997,12.870552
202410.0,2024-10-11,104711,TECPLAM,Consumidor Livre,NORTE,16.799999999999997,13.264768
202410.0,2024-10-12,104711,TECPLAM,Consumidor Livre,NORTE,16.799999999999997,2.484212
202410.0,2024-10-13,104711,TECPLAM,Consumidor Livre,NORTE,16.799999999999997,1.05101
202410.0,2024-10-14,104711,TECPLAM,Consumidor Livre,NORTE,16.799999999999997,11.235958
202410.0,2024-10-15,104711,TECPLAM,Consumidor Livre,NORTE,16.799999999999997,12.457903
202410.0,2024-10-16,104711,TECPLAM,Consumidor Livre,NORTE,16.799999999999997,12.247373
202410.0,2024-10-17,104711,TECPLAM,Consumidor Livre,NORTE,16.799999999999997,12.560151
202410.0,2024-10-18,104711,TECPLAM,Consumidor Livre,NORTE,16.799999999999997,12.461898
202410.0,2024-10-19,104711,TECPLAM,Consumidor Livre,NORTE,16.799999999999997,11.920865
202410.0,2024-10-20,104711,TECPLAM,Consumidor Livre,NORTE,16.799999999999997,2.799854
202410.0,2024-10-21,104711,TECPLAM,Consumidor Livre,NORTE,16.799999999999997,10.721805
202410.0,2024-10-22,104711,TECPLAM,Consumidor Livre,NORTE,16.799999999999997,11.777899
202410.0,2024-10-23,104711,TECPLAM,Consumidor Livre,NORTE,16.799999999999997,12.051489
202410.0,2024-10-24,104711,TECPLAM,Consumidor Livre,NORTE,16.799999999999997,9.296992
202410.0,2024-10-25,104711,TECPLAM,Consumidor Livre,NORTE,16.799999999999997,6.043632
202410.0,2024-10-26,104711,TECPLAM,Consumidor Livre,NORTE,16.799999999999997,0.907595
202410.0,2024-10-27,104711,TECPLAM,Consumidor Livre,NORTE,16.799999999999997,0.940634
202410.0,2024-10-28,104711,TECPLAM,Consumidor Livre,NORTE,16.799999999999997,10.635277
202410.0,2024-10-29,104711,TECPLAM,Consumidor Livre,NORTE,16.799999999999997,12.594184
202410.0,2024-10-30,104711,TECPLAM,Consumidor Livre,NORTE,16.799999999999997,12.260488
202410.0,2024-10-31,104711,TECPLAM,Consumidor Livre,NORTE,16.799999999999997,12.805214
202411.0,2024-11-01,104711,TECPLAM,Consumidor Livre,NORTE,16.799999999999997,12.471093
202411.0,2024-11-02,104711,TECPLAM,Consumidor Livre,NORTE,16.799999999999997,2.473659
202411.0,2024-11-03,104711,TECPLAM,Consumidor Livre,NORTE,16.799999999999997,1.10989
202411.0,2024-11-04,104711,TECPLAM,Consumidor Livre,NORTE,16.799999999999997,10.670098
202411.0,2024-11-05,104711,TECPLAM,Consumidor Livre,NORTE,16.799999999999997,13.349951
202411.0,2024-11-06,104711,TECPLAM,Consumidor Livre,NORTE,16.799999999999997,12.512828
202411.0,2024-11-07,104711,TECPLAM,Consumidor Livre,NORTE,16.799999999999997,12.310863
202411.0,2024-11-08,104711,TECPLAM,Consumidor Livre,NORTE,16.799999999999997,12.42508
202411.0,2024-11-09,104711,TECPLAM,Consumidor Livre,NORTE,16.799999999999997,9.247339
202411.0,2024-11-10,104711,TECPLAM,Consumidor Livre,NORTE,16.799999999999997,2.349817
202411.0,2024-11-11,104711,TECPLAM,Consumidor Livre,NORTE,16.799999999999997,11.476647
202411.0,2024-11-12,104711,TECPLAM,Consumidor Livre,NORTE,16.799999999999997,12.609559
202411.0,2024-11-13,104711,TECPLAM,Consumidor Livre,NORTE,16.799999999999997,12.474874
202411.0,2024-11-14,104711,TECPLAM,Consumidor Livre,NORTE,16.799999999999997,12.074311
202411.0,2024-11-15,104711,TECPLAM,Consumidor Livre,NORTE,16.799999999999997,5.686763
202411.0,2024-11-16,104711,TECPLAM,Consumidor Livre,NORTE,16.799999999999997,0.994273
202411.0,2024-11-17,104711,TECPLAM,Consumidor Livre,NORTE,16.799999999999997,1.008079
202411.0,2024-11-18,104711,TECPLAM,Consumidor Livre,NORTE,16.799999999999997,1.098932
202411.0,2024-11-19,104711,TECPLAM,Consumidor Livre,NORTE,16.799999999999997,10.828016
202411.0,2024-11-20,104711,TECPLAM,Consumidor Livre,NORTE,16.799999999999997,12.835663
202411.0,2024-11-21,104711,TECPLAM,Consumidor Livre,NORTE,16.799999999999997,12.378282
202411.0,2024-11-22,104711,TECPLAM,Consumidor Livre,NORTE,16.799999999999997,11.896481
202411.0,2024-11-23,104711,TECPLAM,Consumidor Livre,NORTE,16.799999999999997,2.368044
202411.0,2024-11-24,104711,TECPLAM,Consumidor Livre,NORTE,16.799999999999997,1.115361
202411.0,2024-11-25,104711,TECPLAM,Consumidor Livre,NORTE,16.799999999999997,10.379687
202411.0,2024-11-26,104711,TECPLAM,Consumidor Livre,NORTE,16.799999999999997,11.619249
202411.0,2024-11-27,104711,TECPLAM,Consumidor Livre,NORTE,16.799999999999997,11.545176
202411.0,2024-11-28,104711,TECPLAM,Consumidor Livre,NORTE,16.799999999999997,12.418095
202411.0,2024-11-29,104711,TECPLAM,Consumidor Livre,NORTE,16.799999999999997,12.995282
202411.0,2024-11-30,104711,TECPLAM,Consumidor Livre,NORTE,16.799999999999997,5.305508
202412.0,2024-12-01,104711,TECPLAM,Consumidor Livre,NORTE,16.799999999999997,1.046754
202412.0,2024-12-02,104711,TECPLAM,Consumidor Livre,NORTE,16.799999999999997,10.946655
202412.0,2024-12-03,104711,TECPLAM,Consumidor Livre,NORTE,16.799999999999997,12.568189
202412.0,2024-12-04,104711,TECPLAM,Consumidor Livre,NORTE,16.799999999999997,11.833279
202412.0,2024-12-05,104711,TECPLAM,Consumidor Livre,NORTE,16.799999999999997,10.135426
202412.0,2024-12-06,104711,TECPLAM,Consumidor Livre,NORTE,16.799999999999997,6.226165
202412.0,2024-12-07,104711,TECPLAM,Consumidor Livre,NORTE,16.799999999999997,4.486693
202412.0,2024-12-08,104711,TECPLAM,Consumidor Livre,NORTE,16.799999999999997,1.392529
202412.0,2024-12-09,104711,TECPLAM,Consumidor Livre,NORTE,16.799999999999997,10.227115
202412.0,2024-12-10,104711,TECPLAM,Consumidor Livre,NORTE,16.799999999999997,10.551835
202412.0,2024-12-11,104711,TECPLAM,Consumidor Livre,NORTE,16.799999999999997,9.865333
202412.0,2024-12-12,104711,TECPLAM,Consumidor Livre,NORTE,16.799999999999997,10.36823
202412.0,2024-12-13,104711,TECPLAM,Consumidor Livre,NORTE,16.799999999999997,8.673087
202412.0,2024-12-14,104711,TECPLAM,Consumidor Livre,NORTE,16.799999999999997,1.801092
202412.0,2024-12-15,104711,TECPLAM,Consumidor Livre,NORTE,16.799999999999997,0.935215
202412.0,2024-12-16,104711,TECPLAM,Consumidor Livre,NORTE,16.799999999999997,2.220926
202412.0,2024-12-17,104711,TECPLAM,Consumidor Livre,NORTE,16.799999999999997,1.646658
202412.0,2024-12-18,104711,TECPLAM,Consumidor Livre,NORTE,16.799999999999997,0.977548
202412.0,2024-12-19,104711,TECPLAM,Consumidor Livre,NORTE,16.799999999999997,1.275428
202412.0,2024-12-20,104711,TECPLAM,Consumidor Livre,NORTE,16.799999999999997,1.804661
202412.0,2024-12-21,104711,TECPLAM,Consumidor Livre,NORTE,16.799999999999997,1.124976
202412.0,2024-12-22,104711,TECPLAM,Consumidor Livre,NORTE,16.799999999999997,0.959864
202412.0,2024-12-23,104711,TECPLAM,Consumidor Livre,NORTE,16.799999999999997,0.9673
202412.0,2024-12-24,104711,TECPLAM,Consumidor Livre,NORTE,16.799999999999997,0.971658
202412.0,2024-12-25,104711,TECPLAM,Consumidor Livre,NORTE,16.799999999999997,0.970084
202412.0,2024-12-26,104711,TECPLAM,Consumidor Livre,NORTE,16.799999999999997,1.543384
202412.0,2024-12-27,104711,TECPLAM,Consumidor Livre,NORTE,16.799999999999997,1.27284
202412.0,2024-12-28,104711,TECPLAM,Consumidor Livre,NORTE,16.799999999999997,1.171279
202412.0,2024-12-29,104711,TECPLAM,Consumidor Livre,NORTE,16.799999999999997,0.915329
202412.0,2024-12-30,104711,TECPLAM,Consumidor Livre,NORTE,16.799999999999997,0.820576
202412.0,2024-12-31,104711,TECPLAM,Consumidor Livre,NORTE,16.799999999999997,0.99866
202501.0,2025-01-01,104711,TECPLAM,Consumidor Livre,NORTE,16.799999999999997,0.916473
202501.0,2025-01-02,104711,TECPLAM,Consumidor Livre,NORTE,16.799999999999997,4.421716
202501.0,2025-01-03,104711,TECPLAM,Consumidor Livre,NORTE,16.799999999999997,8.35673
202501.0,2025-01-04,104711,TECPLAM,Consumidor Livre,NORTE,16.799999999999997,7.189894
202501.0,2025-01-05,104711,TECPLAM,Consumidor Livre,NORTE,16.799999999999997,0.990218
202501.0,2025-01-06,104711,TECPLAM,Consumidor Livre,NORTE,16.799999999999997,10.101658
202501.0,2025-01-07,104711,TECPLAM,Consumidor Livre,NORTE,16.799999999999997,12.425484
202501.0,2025-01-08,104711,TECPLAM,Consumidor Livre,NORTE,16.799999999999997,11.328508
202501.0,2025-01-09,104711,TECPLAM,Consumidor Livre,NORTE,16.799999999999997,11.867665
202501.0,2025-01-10,104711,TECPLAM,Consumidor Livre,NORTE,16.799999999999997,12.045395
202501.0,2025-01-11,104711,TECPLAM,Consumidor Livre,NORTE,16.799999999999997,2.508574
202501.0,2025-01-12,104711,TECPLAM,Consumidor Livre,NORTE,16.799999999999997,1.142339
202501.0,2025-01-13,104711,TECPLAM,Consumidor Livre,NORTE,16.799999999999997,10.962344
202501.0,2025-01-14,104711,TECPLAM,Consumidor Livre,NORTE,16.799999999999997,12.190959
202501.0,2025-01-15,104711,TECPLAM,Consumidor Livre,NORTE,16.799999999999997,12.043951
202501.0,2025-01-16,104711,TECPLAM,Consumidor Livre,NORTE,16.799999999999997,12.035433
202501.0,2025-01-17,104711,TECPLAM,Consumidor Livre,NORTE,16.799999999999997,12.664234
202501.0,2025-01-18,104711,TECPLAM,Consumidor Livre,NORTE,16.799999999999997,5.26143
202501.0,2025-01-19,104711,TECPLAM,Consumidor Livre,NORTE,16.799999999999997,1.290353
202501.0,2025-01-20,104711,TECPLAM,Consumidor Livre,NORTE,16.799999999999997,11.387884
202501.0,2025-01-21,104711,TECPLAM,Consumidor Livre,NORTE,16.799999999999997,12.441997
202501.0,2025-01-22,104711,TECPLAM,Consumidor Livre,NORTE,16.799999999999997,12.767543
202501.0,2025-01-23,104711,TECPLAM,Consumidor Livre,NORTE,16.799999999999997,12.946306
202501.0,2025-01-24,104711,TECPLAM,Consumidor Livre,NORTE,16.799999999999997,12.209959
202501.0,2025-01-25,104711,TECPLAM,Consumidor Livre,NORTE,16.799999999999997,2.189647
202501.0,2025-01-26,104711,TECPLAM,Consumidor Livre,NORTE,16.799999999999997,1.209478
202501.0,2025-01-27,104711,TECPLAM,Consumidor Livre,NORTE,16.799999999999997,11.607415
202501.0,2025-01-28,104711,TECPLAM,Consumidor Livre,NORTE,16.799999999999997,12.929593
202501.0,2025-01-29,104711,TECPLAM,Consumidor Livre,NORTE,16.799999999999997,11.994572
202501.0,2025-01-30,104711,TECPLAM,Consumidor Livre,NORTE,16.799999999999997,11.299966
202501.0,2025-01-31,104711,TECPLAM,Consumidor Livre,NORTE,16.799999999999997,11.64522
202502.0,2025-02-01,104711,TECPLAM,Consumidor Livre,NORTE,16.799999999999997,4.628304
202502.0,2025-02-02,104711,TECPLAM,Consumidor Livre,NORTE,16.799999999999997,1.424313
202502.0,2025-02-03,104711,TECPLAM,Consumidor Livre,NORTE,16.799999999999997,10.572247
202502.0,2025-02-04,104711,TECPLAM,Consumidor Livre,NORTE,16.799999999999997,11.451755
202502.0,2025-02-05,104711,TECPLAM,Consumidor Livre,NORTE,16.799999999999997,12.562694
202502.0,2025-02-06,104711,TECPLAM,Consumidor Livre,NORTE,16.799999999999997,12.268592
202502.0,2025-02-07,104711,TECPLAM,Consumidor Livre,NORTE,16.799999999999997,11.463782
202502.0,2025-02-08,104711,TECPLAM,Consumidor Livre,NORTE,16.799999999999997,2.691564
202502.0,2025-02-09,104711,TECPLAM,Consumidor Livre,NORTE,16.799999999999997,1.427169
202502.0,2025-02-10,104711,TECPLAM,Consumidor Livre,NORTE,16.799999999999997,9.849267
202502.0,2025-02-11,104711,TECPLAM,Consumidor Livre,NORTE,16.799999999999997,12.819015
202502.0,2025-02-12,104711,TECPLAM,Consumidor Livre,NORTE,16.799999999999997,11.381978
202502.0,2025-02-13,104711,TECPLAM,Consumidor Livre,NORTE,16.799999999999997,13.026282
202502.0,2025-02-14,104711,TECPLAM,Consumidor Livre,NORTE,16.799999999999997,11.376863
202502.0,2025-02-15,104711,TECPLAM,Consumidor Livre,NORTE,16.799999999999997,2.409604
202502.0,2025-02-16,104711,TECPLAM,Consumidor Livre,NORTE,16.799999999999997,1.59686
202502.0,2025-02-17,104711,TECPLAM,Consumidor Livre,NORTE,16.799999999999997,11.792817
202502.0,2025-02-18,104711,TECPLAM,Consumidor Livre,NORTE,16.799999999999997,12.209784
202502.0,2025-02-19,104711,TECPLAM,Consumidor Livre,NORTE,16.799999999999997,11.79399
202502.0,2025-02-20,104711,TECPLAM,Consumidor Livre,NORTE,16.799999999999997,12.136237
202502.0,2025-02-21,104711,TECPLAM,Consumidor Livre,NORTE,16.799999999999997,11.444955
202502.0,2025-02-22,104711,TECPLAM,Consumidor Livre,NORTE,16.799999999999997,5.307429
202502.0,2025-02-23,104711,TECPLAM,Consumidor Livre,NORTE,16.799999999999997,1.206419
202502.0,2025-02-24,104711,TECPLAM,Consumidor Livre,NORTE,16.799999999999997,12.230879
202502.0,2025-02-25,104711,TECPLAM,Consumidor Livre,NORTE,16.799999999999997,12.899345
202502.0,2025-02-26,104711,TECPLAM,Consumidor Livre,NORTE,16.799999999999997,12.113993
202502.0,2025-02-27,104711,TECPLAM,Consumidor Livre,NORTE,16.799999999999997,13.318591
202502.0,2025-02-28,104711,TECPLAM,Consumidor Livre,NORTE,16.799999999999997,12.495463
202503.0,2025-03-01,104711,TECPLAM,Consumidor Livre,NORTE,16.799999999999997,2.743953
202503.0,2025-03-02,104711,TECPLAM,Consumidor Livre,NORTE,16.799999999999997,1.218494
202503.0,2025-03-03,104711,TECPLAM,Consumidor Livre,NORTE,16.799999999999997,1.410161
202503.0,2025-03-04,104711,TECPLAM,Consumidor Livre,NORTE,16.799999999999997,1.40509
202503.0,2025-03-05,104711,TECPLAM,Consumidor Livre,NORTE,16.799999999999997,1.333216
202503.0,2025-03-06,104711,TECPLAM,Consumidor Livre,NORTE,16.799999999999997,12.041295
202503.0,2025-03-07,104711,TECPLAM,Consumidor Livre,NORTE,16.799999999999997,12.640021
202503.0,2025-03-08,104711,TECPLAM,Consumidor Livre,NORTE,16.799999999999997,10.598643
202503.0,2025-03-09,104711,TECPLAM,Consumidor Livre,NORTE,16.799999999999997,2.306521
202503.0,2025-03-10,104711,TECPLAM,Consumidor Livre,NORTE,16.799999999999997,11.679522
202503.0,2025-03-11,104711,TECPLAM,Consumidor Livre,NORTE,16.799999999999997,13.088443
202503.0,2025-03-12,104711,TECPLAM,Consumidor Livre,NORTE,16.799999999999997,11.9529
202503.0,2025-03-13,104711,TECPLAM,Consumidor Livre,NORTE,16.799999999999997,11.411867
202503.0,2025-03-14,104711,TECPLAM,Consumidor Livre,NORTE,16.799999999999997,12.452929
202503.0,2025-03-15,104711,TECPLAM,Consumidor Livre,NORTE,16.799999999999997,4.665066
202503.0,2025-03-16,104711,TECPLAM,Consumidor Livre,NORTE,16.799999999999997,1.015548
202503.0,2025-03-17,104711,TECPLAM,Consumidor Livre,NORTE,16.799999999999997,11.227714
202503.0,2025-03-18,104711,TECPLAM,Consumidor Livre,NORTE,16.799999999999997,13.243941
202503.0,2025-03-19,104711,TECPLAM,Consumidor Livre,NORTE,16.799999999999997,11.948734
202503.0,2025-03-20,104711,TECPLAM,Consumidor Livre,NORTE,16.799999999999997,12.185842
202503.0,2025-03-21,104711,TECPLAM,Consumidor Livre,NORTE,16.799999999999997,11.489325
202503.0,2025-03-22,104711,TECPLAM,Consumidor Livre,NORTE,16.799999999999997,2.360403
202503.0,2025-03-23,104711,TECPLAM,Consumidor Livre,NORTE,16.799999999999997,1.152901
202503.0,2025-03-24,104711,TECPLAM,Consumidor Livre,NORTE,16.799999999999997,11.527873
202503.0,2025-03-25,104711,TECPLAM,Consumidor Livre,NORTE,16.799999999999997,10.832766
202503.0,2025-03-26,104711,TECPLAM,Consumidor Livre,NORTE,16.799999999999997,11.396328
202503.0,2025-03-27,104711,TECPLAM,Consumidor Livre,NORTE,16.799999999999997,11.29256
202503.0,2025-03-28,104711,TECPLAM,Consumidor Livre,NORTE,16.799999999999997,11.754773
202503.0,2025-03-29,104711,TECPLAM,Consumidor Livre,NORTE,16.799999999999997,4.35518
202503.0,2025-03-30,104711,TECPLAM,Consumidor Livre,NORTE,16.799999999999997,1.147986
202503.0,2025-03-31,104711,TECPLAM,Consumidor Livre,NORTE,16.799999999999997,10.8258
202504.0,2025-04-01,104711,TECPLAM,Consumidor Livre,NORTE,16.799999999999997,12.419572
202504.0,2025-04-02,104711,TECPLAM,Consumidor Livre,NORTE,16.799999999999997,11.299212
202504.0,2025-04-03,104711,TECPLAM,Consumidor Livre,NORTE,16.799999999999997,11.397168
202504.0,2025-04-04,104711,TECPLAM,Consumidor Livre,NORTE,16.799999999999997,11.93169
202504.0,2025-04-05,104711,TECPLAM,Consumidor Livre,NORTE,16.799999999999997,5.674686
202504.0,2025-04-06,104711,TECPLAM,Consumidor Livre,NORTE,16.799999999999997,1.389064
202504.0,2025-04-07,104711,TECPLAM,Consumidor Livre,NORTE,16.799999999999997,10.69799
202504.0,2025-04-08,104711,TECPLAM,Consumidor Livre,NORTE,16.799999999999997,12.235479
202504.0,2025-04-09,104711,TECPLAM,Consumidor Livre,NORTE,16.799999999999997,13.203998
202504.0,2025-04-10,104711,TECPLAM,Consumidor Livre,NORTE,16.799999999999997,12.751568
202504.0,2025-04-11,104711,TECPLAM,Consumidor Livre,NORTE,16.799999999999997,11.992336
202504.0,2025-04-12,104711,TECPLAM,Consumidor Livre,NORTE,16.799999999999997,8.980789999999999
202504.0,2025-04-13,104711,TECPLAM,Consumidor Livre,NORTE,16.799999999999997,2.295604
202504.0,2025-04-14,104711,TECPLAM,Consumidor Livre,NORTE,16.799999999999997,11.316993
202504.0,2025-04-15,104711,TECPLAM,Consumidor Livre,NORTE,16.799999999999997,13.386142
202504.0,2025-04-16,104711,TECPLAM,Consumidor Livre,NORTE,16.799999999999997,13.624814
202504.0,2025-04-17,104711,TECPLAM,Consumidor Livre,NORTE,16.799999999999997,13.3166
202504.0,2025-04-18,104711,TECPLAM,Consumidor Livre,NORTE,16.799999999999997,2.766571
202504.0,2025-04-19,104711,TECPLAM,Consumidor Livre,NORTE,16.799999999999997,1.643435
202504.0,2025-04-20,104711,TECPLAM,Consumidor Livre,NORTE,16.799999999999997,1.255071
202504.0,2025-04-21,104711,TECPLAM,Consumidor Livre,NORTE,16.799999999999997,1.381163
202504.0,2025-04-22,104711,TECPLAM,Consumidor Livre,NORTE,16.799999999999997,11.751492
202504.0,2025-04-23,104711,TECPLAM,Consumidor Livre,NORTE,16.799999999999997,13.181215
202504.0,2025-04-24,104711,TECPLAM,Consumidor Livre,NORTE,16.799999999999997,12.475892
202504.0,2025-04-25,104711,TECPLAM,Consumidor Livre,NORTE,16.799999999999997,13.362213
202504.0,2025-04-26,104711,TECPLAM,Consumidor Livre,NORTE,16.799999999999997,10.18029
202504.0,2025-04-27,104711,TECPLAM,Consumidor Livre,NORTE,16.799999999999997,2.542655
202504.0,2025-04-28,104711,TECPLAM,Consumidor Livre,NORTE,16.799999999999997,11.349422
202504.0,2025-04-29,104711,TECPLAM,Consumidor Livre,NORTE,16.799999999999997,13.946473
202504.0,2025-04-30,104711,TECPLAM,Consumidor Livre,NORTE,16.799999999999997,13.145541
202505.0,2025-05-01,104711,TECPLAM,Consumidor Livre,NORTE,16.799999999999997,3.804261
202505.0,2025-05-02,104711,TECPLAM,Consumidor Livre,NORTE,16.799999999999997,11.860411
202505.0,2025-05-03,104711,TECPLAM,Consumidor Livre,NORTE,16.799999999999997,5.334077
202505.0,2025-05-04,104711,TECPLAM,Consumidor Livre,NORTE,16.799999999999997,1.234096
202505.0,2025-05-05,104711,TECPLAM,Consumidor Livre,NORTE,16.799999999999997,11.713294
202505.0,2025-05-06,104711,TECPLAM,Consumidor Livre,NORTE,16.799999999999997,13.823107
202505.0,2025-05-07,104711,TECPLAM,Consumidor Livre,NORTE,16.799999999999997,13.600279
202505.0,2025-05-08,104711,TECPLAM,Consumidor Livre,NORTE,16.799999999999997,13.213464
202505.0,2025-05-09,104711,TECPLAM,Consumidor Livre,NORTE,16.799999999999997,13.516424
202505.0,2025-05-10,104711,TECPLAM,Consumidor Livre,NORTE,16.799999999999997,10.256896
202505.0,2025-05-11,104711,TECPLAM,Consumidor Livre,NORTE,16.799999999999997,2.503895
202505.0,2025-05-12,104711,TECPLAM,Consumidor Livre,NORTE,16.799999999999997,11.443073
202505.0,2025-05-13,104711,TECPLAM,Consumidor Livre,NORTE,16.799999999999997,12.394147
202505.0,2025-05-14,104711,TECPLAM,Consumidor Livre,NORTE,16.799999999999997,13.017129
202505.0,2025-05-15,104711,TECPLAM,Consumidor Livre,NORTE,16.799999999999997,13.208287
202505.0,2025-05-16,104711,TECPLAM,Consumidor Livre,NORTE,16.799999999999997,7.012169
202505.0,2025-05-17,104711,TECPLAM,Consumidor Livre,NORTE,16.799999999999997,6.800642
202505.0,2025-05-18,104711,TECPLAM,Consumidor Livre,NORTE,16.799999999999997,1.45046
202505.0,2025-05-19,104711,TECPLAM,Consumidor Livre,NORTE,16.799999999999997,11.171604
202505.0,2025-05-20,104711,TECPLAM,Consumidor Livre,NORTE,16.799999999999997,12.446738
202505.0,2025-05-21,104711,TECPLAM,Consumidor Livre,NORTE,16.799999999999997,12.785527
202505.0,2025-05-22,104711,TECPLAM,Consumidor Livre,NORTE,16.799999999999997,12.691114
202505.0,2025-05-23,104711,TECPLAM,Consumidor Livre,NORTE,16.799999999999997,13.044012
202505.0,2025-05-24,104711,TECPLAM,Consumidor Livre,NORTE,16.799999999999997,9.815995
202505.0,2025-05-25,104711,TECPLAM,Consumidor Livre,NORTE,16.799999999999997,1.23251
202505.0,2025-05-26,104711,TECPLAM,Consumidor Livre,NORTE,16.799999999999997,11.629283
202505.0,2025-05-27,104711,TECPLAM,Consumidor Livre,NORTE,16.799999999999997,12.905742
202505.0,2025-05-28,104711,TECPLAM,Consumidor Livre,NORTE,16.799999999999997,12.896694
202505.0,2025-05-29,104711,TECPLAM,Consumidor Livre,NORTE,16.799999999999997,12.638614
202505.0,2025-05-30,104711,TECPLAM,Consumidor Livre,NORTE,16.799999999999997,12.6443
202505.0,2025-05-31,104711,TECPLAM,Consumidor Livre,NORTE,16.799999999999997,7.256597
202506.0,2025-06-01,104711,TECPLAM,Consumidor Livre,NORTE,16.799999999999997,1.198217
202506.0,2025-06-02,104711,TECPLAM,Consumidor Livre,NORTE,16.799999999999997,11.601595
202506.0,2025-06-03,104711,TECPLAM,Consumidor Livre,NORTE,16.799999999999997,12.923217
202506.0,2025-06-04,104711,TECPLAM,Consumidor Livre,NORTE,16.799999999999997,12.474209
202506.0,2025-06-05,104711,TECPLAM,Consumidor Livre,NORTE,16.799999999999997,12.764825
202506.0,2025-06-06,104711,TECPLAM,Consumidor Livre,NORTE,16.799999999999997,12.73406
202506.0,2025-06-07,104711,TECPLAM,Consumidor Livre,NORTE,16.799999999999997,2.788553
202506.0,2025-06-08,104711,TECPLAM,Consumidor Livre,NORTE,16.799999999999997,1.266732
202506.0,2025-06-09,104711,TECPLAM,Consumidor Livre,NORTE,16.799999999999997,11.50335
202506.0,2025-06-10,104711,TECPLAM,Consumidor Livre,NORTE,16.799999999999997,13.070639
202506.0,2025-06-11,104711,TECPLAM,Consumidor Livre,NORTE,16.799999999999997,12.644478
202506.0,2025-06-12,104711,TECPLAM,Consumidor Livre,NORTE,16.799999999999997,12.243988
202506.0,2025-06-13,104711,TECPLAM,Consumidor Livre,NORTE,16.799999999999997,12.472517
202506.0,2025-06-14,104711,TECPLAM,Consumidor Livre,NORTE,16.799999999999997,11.881796
202506.0,2025-06-15,104711,TECPLAM,Consumidor Livre,NORTE,16.799999999999997,2.25678
202506.0,2025-06-16,104711,TECPLAM,Consumidor Livre,NORTE,16.799999999999997,10.889833
202506.0,2025-06-17,104711,TECPLAM,Consumidor Livre,NORTE,16.799999999999997,12.777912
202506.0,2025-06-18,104711,TECPLAM,Consumidor Livre,NORTE,16.799999999999997,12.772061
202506.0,2025-06-19,104711,TECPLAM,Consumidor Livre,NORTE,16.799999999999997,12.02211
202506.0,2025-06-20,104711,TECPLAM,Consumidor Livre,NORTE,16.799999999999997,2.325001
202506.0,2025-06-21,104711,TECPLAM,Consumidor Livre,NORTE,16.799999999999997,1.219131
202506.0,2025-06-22,104711,TECPLAM,Consumidor Livre,NORTE,16.799999999999997,1.236513
202506.0,2025-06-23,104711,TECPLAM,Consumidor Livre,NORTE,16.799999999999997,1.966419
202506.0,2025-06-24,104711,TECPLAM,Consumidor Livre,NORTE,16.799999999999997,2.291728
202506.0,2025-06-25,104711,TECPLAM,Consumidor Livre,NORTE,16.799999999999997,1.854882
202506.0,2025-06-26,104711,TECPLAM,Consumidor Livre,NORTE,16.799999999999997,1.978363
202506.0,2025-06-27,104711,TECPLAM,Consumidor Livre,NORTE,16.799999999999997,2.029602
202506.0,2025-06-28,104711,TECPLAM,Consumidor Livre,NORTE,16.799999999999997,1.153572
202506.0,2025-06-29,104711,TECPLAM,Consumidor Livre,NORTE,16.799999999999997,1.13913
202506.0,2025-06-30,104711,TECPLAM,Consumidor Livre,NORTE,16.799999999999997,2.250823
202507.0,2025-07-01,104711,TECPLAM,Consumidor Livre,NORTE,16.799999999999997,1.850033
202507.0,2025-07-02,104711,TECPLAM,Consumidor Livre,NORTE,16.799999999999997,2.188686
202507.0,2025-07-03,104711,TECPLAM,Consumidor Livre,NORTE,16.799999999999997,2.816657
202507.0,2025-07-04,104711,TECPLAM,Consumidor Livre,NORTE,16.799999999999997,4.353623
202507.0,2025-07-05,104711,TECPLAM,Consumidor Livre,NORTE,16.799999999999997,1.169913
202507.0,2025-07-06,104711,TECPLAM,Consumidor Livre,NORTE,16.799999999999997,1.22306
202507.0,2025-07-07,104711,TECPLAM,Consumidor Livre,NORTE,16.799999999999997,11.947292
202507.0,2025-07-08,104711,TECPLAM,Consumidor Livre,NORTE,16.799999999999997,13.490814
202507.0,2025-07-09,104711,TECPLAM,Consumidor Livre,NORTE,16.799999999999997,12.909874
202507.0,2025-07-10,104711,TECPLAM,Consumidor Livre,NORTE,16.799999999999997,12.588955
202507.0,2025-07-11,104711,TECPLAM,Consumidor Livre,NORTE,16.799999999999997,13.10253
202507.0,2025-07-12,104711,TECPLAM,Consumidor Livre,NORTE,16.799999999999997,4.934258
202507.0,2025-07-13,104711,TECPLAM,Consumidor Livre,NORTE,16.799999999999997,1.411995
202507.0,2025-07-14,104711,TECPLAM,Consumidor Livre,NORTE,16.799999999999997,12.077989
202507.0,2025-07-15,104711,TECPLAM,Consumidor Livre,NORTE,16.799999999999997,13.76348
202507.0,2025-07-16,104711,TECPLAM,Consumidor Livre,NORTE,16.799999999999997,13.734416
202507.0,2025-07-17,104711,TECPLAM,Consumidor Livre,NORTE,16.799999999999997,13.286492
202507.0,2025-07-18,104711,TECPLAM,Consumidor Livre,NORTE,16.799999999999997,12.863538
202507.0,2025-07-19,104711,TECPLAM,Consumidor Livre,NORTE,16.799999999999997,7.014848
202507.0,2025-07-20,104711,TECPLAM,Consumidor Livre,NORTE,16.799999999999997,1.270973
202507.0,2025-07-21,104711,TECPLAM,Consumidor Livre,NORTE,16.799999999999997,11.52476
202507.0,2025-07-22,104711,TECPLAM,Consumidor Livre,NORTE,16.799999999999997,12.623468
202507.0,2025-07-23,104711,TECPLAM,Consumidor Livre,NORTE,16.799999999999997,12.8455
202507.0,2025-07-24,104711,TECPLAM,Consumidor Livre,NORTE,16.799999999999997,12.665608
202507.0,2025-07-25,104711,TECPLAM,Consumidor Livre,NORTE,16.799999999999997,12.751926
202507.0,2025-07-26,104711,TECPLAM,Consumidor Livre,NORTE,16.799999999999997,7.171679
202507.0,2025-07-27,104711,TECPLAM,Consumidor Livre,NORTE,16.799999999999997,1.330557
202507.0,2025-07-28,104711,TECPLAM,Consumidor Livre,NORTE,16.799999999999997,11.380804
202507.0,2025-07-29,104711,TECPLAM,Consumidor Livre,NORTE,16.799999999999997,12.961042
202507.0,2025-07-30,104711,TECPLAM,Consumidor Livre,NORTE,16.799999999999997,12.315795
202507.0,2025-07-31,104711,TECPLAM,Consumidor Livre,NORTE,16.799999999999997,12.137416
202508.0,2025-08-01,104711,TECPLAM,Consumidor Livre,NORTE,16.799999999999997,12.230597
202508.0,2025-08-02,104711,TECPLAM,Consumidor Livre,NORTE,16.799999999999997,8.41802
202508.0,2025-08-03,104711,TECPLAM,Consumidor Livre,NORTE,16.799999999999997,1.411385
202508.0,2025-08-04,104711,TECPLAM,Consumidor Livre,NORTE,16.799999999999997,11.078908
202508.0,2025-08-05,104711,TECPLAM,Consumidor Livre,NORTE,16.799999999999997,12.415588
202508.0,2025-08-06,104711,TECPLAM,Consumidor Livre,NORTE,16.799999999999997,12.131887
202508.0,2025-08-07,104711,TECPLAM,Consumidor Livre,NORTE,16.799999999999997,12.095038
202508.0,2025-08-08,104711,TECPLAM,Consumidor Livre,NORTE,16.799999999999997,11.980095
202508.0,2025-08-09,104711,TECPLAM,Consumidor Livre,NORTE,16.799999999999997,5.931069
202508.0,2025-08-10,104711,TECPLAM,Consumidor Livre,NORTE,16.799999999999997,1.206636
202508.0,2025-08-11,104711,TECPLAM,Consumidor Livre,NORTE,16.799999999999997,10.957434
202508.0,2025-08-12,104711,TECPLAM,Consumidor Livre,NORTE,16.799999999999997,12.479659
202508.0,2025-08-13,104711,TECPLAM,Consumidor Livre,NORTE,16.799999999999997,13.006459
202508.0,2025-08-14,104711,TECPLAM,Consumidor Livre,NORTE,16.799999999999997,12.854077
202508.0,2025-08-15,104711,TECPLAM,Consumidor Livre,NORTE,16.799999999999997,12.29768
202508.0,2025-08-16,104711,TECPLAM,Consumidor Livre,NORTE,16.799999999999997,8.785259
202508.0,2025-08-17,104711,TECPLAM,Consumidor Livre,NORTE,16.799999999999997,1.866322
202508.0,2025-08-18,104711,TECPLAM,Consumidor Livre,NORTE,16.799999999999997,11.466862
202508.0,2025-08-19,104711,TECPLAM,Consumidor Livre,NORTE,16.799999999999997,13.211809
202508.0,2025-08-20,104711,TECPLAM,Consumidor Livre,NORTE,16.799999999999997,13.09748
202508.0,2025-08-21,104711,TECPLAM,Consumidor Livre,NORTE,16.799999999999997,13.105039
202508.0,2025-08-22,104711,TECPLAM,Consumidor Livre,NORTE,16.799999999999997,12.942043
202508.0,2025-08-23,104711,TECPLAM,Consumidor Livre,NORTE,16.799999999999997,6.973467
202508.0,2025-08-24,104711,TECPLAM,Consumidor Livre,NORTE,16.799999999999997,1.280924
202508.0,2025-08-25,104711,TECPLAM,Consumidor Livre,NORTE,16.799999999999997,11.498726
202508.0,2025-08-26,104711,TECPLAM,Consumidor Livre,NORTE,16.799999999999997,13.275894
202508.0,2025-08-27,104711,TECPLAM,Consumidor Livre,NORTE,16.799999999999997,12.828283
202508.0,2025-08-28,104711,TECPLAM,Consumidor Livre,NORTE,16.799999999999997,13.245988
202508.0,2025-08-29,104711,TECPLAM,Consumidor Livre,NORTE,16.799999999999997,12.811747
202508.0,2025-08-30,104711,TECPLAM,Consumidor Livre,NORTE,16.799999999999997,2.848741
202508.0,2025-08-31,104711,TECPLAM,Consumidor Livre,NORTE,16.799999999999997,1.256027
