MES_REFERENCIA,DATA,CODIGO_PERFIL_AGENTE,SIGLA_PERFIL_AGENTE,CLASSE_PERFIL_AGENTE,SUBMERCADO,CAPACIDADE_CARGA,CONSUMO_CARGA_ACL
,2022-01-01,2377.0,ACUM MOURA,Consumidor Livre,NORDESTE,388.8,205.155261
,2022-01-02,2377.0,ACUM MOURA,Consumidor Livre,NORDESTE,388.8,178.418776
,2022-01-03,2377.0,ACUM MOURA,Consumidor Livre,NORDESTE,388.8,353.362318
,2022-01-04,2377.0,ACUM MOURA,Consumidor Livre,NORDESTE,388.8,446.927056
,2022-01-05,2377.0,ACUM MOURA,Consumidor Livre,NORDESTE,388.8,454.834688
,2022-01-06,2377.0,ACUM MOURA,Consumidor Livre,NORDESTE,388.8,473.040621
,2022-01-07,2377.0,ACUM MOURA,Consumidor Livre,NORDESTE,388.8,468.843858
,2022-01-08,2377.0,ACUM MOURA,Consumidor Livre,NORDESTE,388.8,456.294101
,2022-01-09,2377.0,ACUM MOURA,Consumidor Livre,NORDESTE,388.8,285.867047
,2022-01-10,2377.0,ACUM MOURA,Consumidor Livre,NORDESTE,388.8,379.090499
,2022-01-11,2377.0,ACUM MOURA,Consumidor Livre,NORDESTE,388.8,466.580659
,2022-01-12,2377.0,ACUM MOURA,Consumidor Livre,NORDESTE,388.8,468.668295
,2022-01-13,2377.0,ACUM MOURA,Consumidor Livre,NORDESTE,388.8,484.387646
,2022-01-14,2377.0,ACUM MOURA,Consumidor Livre,NORDESTE,388.8,476.217103
,2022-01-15,2377.0,ACUM MOURA,Consumidor Livre,NORDESTE,388.8,463.37229
,2022-01-16,2377.0,ACUM MOURA,Consumidor Livre,NORDESTE,388.8,323.136073
,2022-01-17,2377.0,ACUM MOURA,Consumidor Livre,NORDESTE,388.8,366.276871
,2022-01-18,2377.0,ACUM MOURA,Consumidor Livre,NORDESTE,388.8,468.115904
,2022-01-19,2377.0,ACUM MOURA,Consumidor Livre,NORDESTE,388.8,459.415585
,2022-01-20,2377.0,ACUM MOURA,Consumidor Livre,NORDESTE,388.8,327.143018
,2022-01-21,2377.0,ACUM MOURA,Consumidor Livre,NORDESTE,388.8,360.96131
,2022-01-22,2377.0,ACUM MOURA,Consumidor Livre,NORDESTE,388.8,468.024802
,2022-01-23,2377.0,ACUM MOURA,Consumidor Livre,NORDESTE,388.8,306.545709
,2022-01-24,2377.0,ACUM MOURA,Consumidor Livre,NORDESTE,388.8,369.510534
,2022-01-25,2377.0,ACUM MOURA,Consumidor Livre,NORDESTE,388.8,473.344392
,2022-01-26,2377.0,ACUM MOURA,Consumidor Livre,NORDESTE,388.8,465.078635
,2022-01-27,2377.0,ACUM MOURA,Consumidor Livre,NORDESTE,388.8,457.476239
,2022-01-28,2377.0,ACUM MOURA,Consumidor Livre,NORDESTE,388.8,443.289575
,2022-01-29,2377.0,ACUM MOURA,Consumidor Livre,NORDESTE,388.8,466.142995
,2022-01-30,2377.0,ACUM MOURA,Consumidor Livre,NORDESTE,388.8,307.247471
,2022-01-31,2377.0,ACUM MOURA,Consumidor Livre,NORDESTE,388.8,404.969446
,2022-02-01,2377.0,ACUM MOURA,Consumidor Livre,NORDESTE,388.8,461.385789
,2022-02-02,2377.0,ACUM MOURA,Consumidor Livre,NORDESTE,388.8,474.778785
,2022-02-03,2377.0,ACUM MOURA,Consumidor Livre,NORDESTE,388.8,481.434305
,2022-02-04,2377.0,ACUM MOURA,Consumidor Livre,NORDESTE,388.8,470.593611
,2022-02-05,2377.0,ACUM MOURA,Consumidor Livre,NORDESTE,388.8,467.25428
,2022-02-06,2377.0,ACUM MOURA,Consumidor Livre,NORDESTE,388.8,337.558469
,2022-02-07,2377.0,ACUM MOURA,Consumidor Livre,NORDESTE,388.8,400.218669
,2022-02-08,2377.0,ACUM MOURA,Consumidor Livre,NORDESTE,388.8,462.830936
,2022-02-09,2377.0,ACUM MOURA,Consumidor Livre,NORDESTE,388.8,472.076314
,2022-02-10,2377.0,ACUM MOURA,Consumidor Livre,NORDESTE,388.8,466.160433
,2022-02-11,2377.0,ACUM MOURA,Consumidor Livre,NORDESTE,388.8,458.288485
,2022-02-12,2377.0,ACUM MOURA,Consumidor Livre,NORDESTE,388.8,453.51815
,2022-02-13,2377.0,ACUM MOURA,Consumidor Livre,NORDESTE,388.8,328.606042
,2022-02-14,2377.0,ACUM MOURA,Consumidor Livre,NORDESTE,388.8,381.755474
,2022-02-15,2377.0,ACUM MOURA,Consumidor Livre,NORDESTE,388.8,468.291744
,2022-02-16,2377.0,ACUM MOURA,Consumidor Livre,NORDESTE,388.8,476.078817
,2022-02-17,2377.0,ACUM MOURA,Consumidor Livre,NORDESTE,388.8,490.005161
,2022-02-18,2377.0,ACUM MOURA,Consumidor Livre,NORDESTE,388.8,482.61414
,2022-02-19,2377.0,ACUM MOURA,Consumidor Livre,NORDESTE,388.8,463.064805
,2022-02-20,2377.0,ACUM MOURA,Consumidor Livre,NORDESTE,388.8,321.894819
,2022-02-21,2377.0,ACUM MOURA,Consumidor Livre,NORDESTE,388.8,366.308042
,2022-02-22,2377.0,ACUM MOURA,Consumidor Livre,NORDESTE,388.8,475.429963
,2022-02-23,2377.0,ACUM MOURA,Consumidor Livre,NORDESTE,388.8,467.908558
,2022-02-24,2377.0,ACUM MOURA,Consumidor Livre,NORDESTE,388.8,475.629282
,2022-02-25,2377.0,ACUM MOURA,Consumidor Livre,NORDESTE,388.8,471.989234
,2022-02-26,2377.0,ACUM MOURA,Consumidor Livre,NORDESTE,388.8,450.370878
,2022-02-27,2377.0,ACUM MOURA,Consumidor Livre,NORDESTE,388.8,337.692185
,2022-02-28,2377.0,ACUM MOURA,Consumidor Livre,NORDESTE,388.8,377.268835
,2022-03-01,2377.0,ACUM MOURA,Consumidor Livre,NORDESTE,388.8,482.161166
,2022-03-02,2377.0,ACUM MOURA,Consumidor Livre,NORDESTE,388.8,477.534181
,2022-03-03,2377.0,ACUM MOURA,Consumidor Livre,NORDESTE,388.8,484.381828
,2022-03-04,2377.0,ACUM MOURA,Consumidor Livre,NORDESTE,388.8,477.2762
,2022-03-05,2377.0,ACUM MOURA,Consumidor Livre,NORDESTE,388.8,469.940899
,2022-03-06,2377.0,ACUM MOURA,Consumidor Livre,NORDESTE,388.8,348.054121
,2022-03-07,2377.0,ACUM MOURA,Consumidor Livre,NORDESTE,388.8,398.896616
,2022-03-08,2377.0,ACUM MOURA,Consumidor Livre,NORDESTE,388.8,460.782229
,2022-03-09,2377.0,ACUM MOURA,Consumidor Livre,NORDESTE,388.8,471.266082
,2022-03-10,2377.0,ACUM MOURA,Consumidor Livre,NORDESTE,388.8,466.133483
,2022-03-11,2377.0,ACUM MOURA,Consumidor Livre,NORDESTE,388.8,463.431388
,2022-03-12,2377.0,ACUM MOURA,Consumidor Livre,NORDESTE,388.8,449.605137
,2022-03-13,2377.0,ACUM MOURA,Consumidor Livre,NORDESTE,388.8,252.512257
,2022-03-14,2377.0,ACUM MOURA,Consumidor Livre,NORDESTE,388.8,378.157621
,2022-03-15,2377.0,ACUM MOURA,Consumidor Livre,NORDESTE,388.8,462.385354
,2022-03-16,2377.0,ACUM MOURA,Consumidor Livre,NORDESTE,388.8,457.162601
,2022-03-17,2377.0,ACUM MOURA,Consumidor Livre,NORDESTE,388.8,460.785564
,2022-03-18,2377.0,ACUM MOURA,Consumidor Livre,NORDESTE,388.8,457.532942
,2022-03-19,2377.0,ACUM MOURA,Consumidor Livre,NORDESTE,388.8,457.190281
,2022-03-20,2377.0,ACUM MOURA,Consumidor Livre,NORDESTE,388.8,310.827475
,2022-03-21,2377.0,ACUM MOURA,Consumidor Livre,NORDESTE,388.8,368.182589
,2022-03-22,2377.0,ACUM MOURA,Consumidor Livre,NORDESTE,388.8,459.524381
,2022-03-23,2377.0,ACUM MOURA,Consumidor Livre,NORDESTE,388.8,446.637183
,2022-03-24,2377.0,ACUM MOURA,Consumidor Livre,NORDESTE,388.8,452.439036
,2022-03-25,2377.0,ACUM MOURA,Consumidor Livre,NORDESTE,388.8,459.856249
,2022-03-26,2377.0,ACUM MOURA,Consumidor Livre,NORDESTE,388.8,448.579359
,2022-03-27,2377.0,ACUM MOURA,Consumidor Livre,NORDESTE,388.8,323.398132
,2022-03-28,2377.0,ACUM MOURA,Consumidor Livre,NORDESTE,388.8,377.084661
,2022-03-29,2377.0,ACUM MOURA,Consumidor Livre,NORDESTE,388.8,451.069094
,2022-03-30,2377.0,ACUM MOURA,Consumidor Livre,NORDESTE,388.8,464.979863
,2022-03-31,2377.0,ACUM MOURA,Consumidor Livre,NORDESTE,388.8,465.339032
,2022-04-01,2377.0,ACUM MOURA,Consumidor Livre,NORDESTE,388.8,460.277947
,2022-04-02,2377.0,ACUM MOURA,Consumidor Livre,NORDESTE,388.8,442.962598
,2022-04-03,2377.0,ACUM MOURA,Consumidor Livre,NORDESTE,388.8,323.086815
,2022-04-04,2377.0,ACUM MOURA,Consumidor Livre,NORDESTE,388.8,376.108464
,2022-04-05,2377.0,ACUM MOURA,Consumidor Livre,NORDESTE,388.8,451.64346
,2022-04-06,2377.0,ACUM MOURA,Consumidor Livre,NORDESTE,388.8,460.507928
,2022-04-07,2377.0,ACUM MOURA,Consumidor Livre,NORDESTE,388.8,451.727927
,2022-04-08,2377.0,ACUM MOURA,Consumidor Livre,NORDESTE,388.8,466.152971
,2022-04-09,2377.0,ACUM MOURA,Consumidor Livre,NORDESTE,388.8,455.53649
,2022-04-10,2377.0,ACUM MOURA,Consumidor Livre,NORDESTE,388.8,337.614313
,2022-04-11,2377.0,ACUM MOURA,Consumidor Livre,NORDESTE,388.8,375.481619
,2022-04-12,2377.0,ACUM MOURA,Consumidor Livre,NORDESTE,388.8,457.639519
,2022-04-13,2377.0,ACUM MOURA,Consumidor Livre,NORDESTE,388.8,448.560153
,2022-04-14,2377.0,ACUM MOURA,Consumidor Livre,NORDESTE,388.8,452.801947
,2022-04-15,2377.0,ACUM MOURA,Consumidor Livre,NORDESTE,388.8,305.444538
,2022-04-16,2377.0,ACUM MOURA,Consumidor Livre,NORDESTE,388.8,331.259953
,2022-04-17,2377.0,ACUM MOURA,Consumidor Livre,NORDESTE,388.8,315.73376
,2022-04-18,2377.0,ACUM MOURA,Consumidor Livre,NORDESTE,388.8,365.357951
,2022-04-19,2377.0,ACUM MOURA,Consumidor Livre,NORDESTE,388.8,461.531737
,2022-04-20,2377.0,ACUM MOURA,Consumidor Livre,NORDESTE,388.8,458.349979
,2022-04-21,2377.0,ACUM MOURA,Consumidor Livre,NORDESTE,388.8,359.72873500000003
,2022-04-22,2377.0,ACUM MOURA,Consumidor Livre,NORDESTE,388.8,422.212786
,2022-04-23,2377.0,ACUM MOURA,Consumidor Livre,NORDESTE,388.8,462.457363
,2022-04-24,2377.0,ACUM MOURA,Consumidor Livre,NORDESTE,388.8,339.225476
,2022-04-25,2377.0,ACUM MOURA,Consumidor Livre,NORDESTE,388.8,394.299677
,2022-04-26,2377.0,ACUM MOURA,Consumidor Livre,NORDESTE,388.8,447.038871
,2022-04-27,2377.0,ACUM MOURA,Consumidor Livre,NORDESTE,388.8,473.220539
,2022-04-28,2377.0,ACUM MOURA,Consumidor Livre,NORDESTE,388.8,465.013686
,2022-04-29,2377.0,ACUM MOURA,Consumidor Livre,NORDESTE,388.8,474.079933
,2022-04-30,2377.0,ACUM MOURA,Consumidor Livre,NORDESTE,388.8,455.877446
,2022-05-01,2377.0,ACUM MOURA,Consumidor Livre,NORDESTE,388.8,246.35833
,2022-05-02,2377.0,ACUM MOURA,Consumidor Livre,NORDESTE,388.8,381.986774
,2022-05-03,2377.0,ACUM MOURA,Consumidor Livre,NORDESTE,388.8,477.16054
,2022-05-04,2377.0,ACUM MOURA,Consumidor Livre,NORDESTE,388.8,464.625066
,2022-05-05,2377.0,ACUM MOURA,Consumidor Livre,NORDESTE,388.8,463.376362
,2022-05-06,2377.0,ACUM MOURA,Consumidor Livre,NORDESTE,388.8,475.746732
,2022-05-07,2377.0,ACUM MOURA,Consumidor Livre,NORDESTE,388.8,472.660417
,2022-05-08,2377.0,ACUM MOURA,Consumidor Livre,NORDESTE,388.8,350.981042
,2022-05-09,2377.0,ACUM MOURA,Consumidor Livre,NORDESTE,388.8,394.157169
,2022-05-10,2377.0,ACUM MOURA,Consumidor Livre,NORDESTE,388.8,470.235051
,2022-05-11,2377.0,ACUM MOURA,Consumidor Livre,NORDESTE,388.8,486.109054
,2022-05-12,2377.0,ACUM MOURA,Consumidor Livre,NORDESTE,388.8,492.375052
,2022-05-13,2377.0,ACUM MOURA,Consumidor Livre,NORDESTE,388.8,491.980838
,2022-05-14,2377.0,ACUM MOURA,Consumidor Livre,NORDESTE,388.8,473.812163
,2022-05-15,2377.0,ACUM MOURA,Consumidor Livre,NORDESTE,388.8,360.149927
,2022-05-16,2377.0,ACUM MOURA,Consumidor Livre,NORDESTE,388.8,402.003203
,2022-05-17,2377.0,ACUM MOURA,Consumidor Livre,NORDESTE,388.8,484.21072
,2022-05-18,2377.0,ACUM MOURA,Consumidor Livre,NORDESTE,388.8,473.110007
,2022-05-19,2377.0,ACUM MOURA,Consumidor Livre,NORDESTE,388.8,467.191109
,2022-05-20,2377.0,ACUM MOURA,Consumidor Livre,NORDESTE,388.8,438.549262
,2022-05-21,2377.0,ACUM MOURA,Consumidor Livre,NORDESTE,388.8,443.577584
,2022-05-22,2377.0,ACUM MOURA,Consumidor Livre,NORDESTE,388.8,318.027841
,2022-05-23,2377.0,ACUM MOURA,Consumidor Livre,NORDESTE,388.8,378.665209
,2022-05-24,2377.0,ACUM MOURA,Consumidor Livre,NORDESTE,388.8,468.924046
,2022-05-25,2377.0,ACUM MOURA,Consumidor Livre,NORDESTE,388.8,464.444933
,2022-05-26,2377.0,ACUM MOURA,Consumidor Livre,NORDESTE,388.8,475.86642
,2022-05-27,2377.0,ACUM MOURA,Consumidor Livre,NORDESTE,388.8,463.252362
,2022-05-28,2377.0,ACUM MOURA,Consumidor Livre,NORDESTE,388.8,460.093529
,2022-05-29,2377.0,ACUM MOURA,Consumidor Livre,NORDESTE,388.8,312.196602
,2022-05-30,2377.0,ACUM MOURA,Consumidor Livre,NORDESTE,388.8,377.87609
,2022-05-31,2377.0,ACUM MOURA,Consumidor Livre,NORDESTE,388.8,483.470316
,2022-06-01,2377.0,ACUM MOURA,Consumidor Livre,NORDESTE,388.8,461.909177
,2022-06-02,2377.0,ACUM MOURA,Consumidor Livre,NORDESTE,388.8,461.73589
,2022-06-03,2377.0,ACUM MOURA,Consumidor Livre,NORDESTE,388.8,469.537599
,2022-06-04,2377.0,ACUM MOURA,Consumidor Livre,NORDESTE,388.8,455.797838
,2022-06-05,2377.0,ACUM MOURA,Consumidor Livre,NORDESTE,388.8,315.608978
,2022-06-06,2377.0,ACUM MOURA,Consumidor Livre,NORDESTE,388.8,399.685692
,2022-06-07,2377.0,ACUM MOURA,Consumidor Livre,NORDESTE,388.8,446.07325
,2022-06-08,2377.0,ACUM MOURA,Consumidor Livre,NORDESTE,388.8,446.025381
,2022-06-09,2377.0,ACUM MOURA,Consumidor Livre,NORDESTE,388.8,449.977285
,2022-06-10,2377.0,ACUM MOURA,Consumidor Livre,NORDESTE,388.8,435.575624
,2022-06-11,2377.0,ACUM MOURA,Consumidor Livre,NORDESTE,388.8,455.368411
,2022-06-12,2377.0,ACUM MOURA,Consumidor Livre,NORDESTE,388.8,325.438747
,2022-06-13,2377.0,ACUM MOURA,Consumidor Livre,NORDESTE,388.8,394.042257
,2022-06-14,2377.0,ACUM MOURA,Consumidor Livre,NORDESTE,388.8,454.112138
,2022-06-15,2377.0,ACUM MOURA,Consumidor Livre,NORDESTE,388.8,464.980642
,2022-06-16,2377.0,ACUM MOURA,Consumidor Livre,NORDESTE,388.8,468.825863
,2022-06-17,2377.0,ACUM MOURA,Consumidor Livre,NORDESTE,388.8,461.323513
,2022-06-18,2377.0,ACUM MOURA,Consumidor Livre,NORDESTE,388.8,451.078737
,2022-06-19,2377.0,ACUM MOURA,Consumidor Livre,NORDESTE,388.8,325.629428
,2022-06-20,2377.0,ACUM MOURA,Consumidor Livre,NORDESTE,388.8,386.753272
,2022-06-21,2377.0,ACUM MOURA,Consumidor Livre,NORDESTE,388.8,463.651016
,2022-06-22,2377.0,ACUM MOURA,Consumidor Livre,NORDESTE,388.8,455.400564
,2022-06-23,2377.0,ACUM MOURA,Consumidor Livre,NORDESTE,388.8,442.942777
,2022-06-24,2377.0,ACUM MOURA,Consumidor Livre,NORDESTE,388.8,383.382258
,2022-06-25,2377.0,ACUM MOURA,Consumidor Livre,NORDESTE,388.8,458.397469
,2022-06-26,2377.0,ACUM MOURA,Consumidor Livre,NORDESTE,388.8,298.183156
,2022-06-27,2377.0,ACUM MOURA,Consumidor Livre,NORDESTE,388.8,357.812364
,2022-06-28,2377.0,ACUM MOURA,Consumidor Livre,NORDESTE,388.8,457.465844
,2022-06-29,2377.0,ACUM MOURA,Consumidor Livre,NORDESTE,388.8,440.960291
,2022-06-30,2377.0,ACUM MOURA,Consumidor Livre,NORDESTE,388.8,452.320223
,2022-07-01,2377.0,ACUM MOURA,Consumidor Livre,NORDESTE,388.8,456.23139
,2022-07-02,2377.0,ACUM MOURA,Consumidor Livre,NORDESTE,388.8,452.168612
,2022-07-03,2377.0,ACUM MOURA,Consumidor Livre,NORDESTE,388.8,334.763818
,2022-07-04,2377.0,ACUM MOURA,Consumidor Livre,NORDESTE,388.8,362.390009
,2022-07-05,2377.0,ACUM MOURA,Consumidor Livre,NORDESTE,388.8,458.754062
,2022-07-06,2377.0,ACUM MOURA,Consumidor Livre,NORDESTE,388.8,457.178061
,2022-07-07,2377.0,ACUM MOURA,Consumidor Livre,NORDESTE,388.8,453.598685
,2022-07-08,2377.0,ACUM MOURA,Consumidor Livre,NORDESTE,388.8,459.931096
,2022-07-09,2377.0,ACUM MOURA,Consumidor Livre,NORDESTE,388.8,435.766761
,2022-07-10,2377.0,ACUM MOURA,Consumidor Livre,NORDESTE,388.8,311.848885
,2022-07-11,2377.0,ACUM MOURA,Consumidor Livre,NORDESTE,388.8,292.689508
,2022-07-12,2377.0,ACUM MOURA,Consumidor Livre,NORDESTE,388.8,456.57882
,2022-07-13,2377.0,ACUM MOURA,Consumidor Livre,NORDESTE,388.8,451.081567
,2022-07-14,2377.0,ACUM MOURA,Consumidor Livre,NORDESTE,388.8,457.941797
,2022-07-15,2377.0,ACUM MOURA,Consumidor Livre,NORDESTE,388.8,457.176126
,2022-07-16,2377.0,ACUM MOURA,Consumidor Livre,NORDESTE,388.8,452.32096
,2022-07-17,2377.0,ACUM MOURA,Consumidor Livre,NORDESTE,388.8,309.260245
,2022-07-18,2377.0,ACUM MOURA,Consumidor Livre,NORDESTE,388.8,363.324839
,2022-07-19,2377.0,ACUM MOURA,Consumidor Livre,NORDESTE,388.8,458.331547
,2022-07-20,2377.0,ACUM MOURA,Consumidor Livre,NORDESTE,388.8,448.597686
,2022-07-21,2377.0,ACUM MOURA,Consumidor Livre,NORDESTE,388.8,443.334122
,2022-07-22,2377.0,ACUM MOURA,Consumidor Livre,NORDESTE,388.8,448.867793
,2022-07-23,2377.0,ACUM MOURA,Consumidor Livre,NORDESTE,388.8,454.128522
,2022-07-24,2377.0,ACUM MOURA,Consumidor Livre,NORDESTE,388.8,310.246718
,2022-07-25,2377.0,ACUM MOURA,Consumidor Livre,NORDESTE,388.8,354.226652
,2022-07-26,2377.0,ACUM MOURA,Consumidor Livre,NORDESTE,388.8,462.3413
,2022-07-27,2377.0,ACUM MOURA,Consumidor Livre,NORDESTE,388.8,446.797704
,2022-07-28,2377.0,ACUM MOURA,Consumidor Livre,NORDESTE,388.8,452.879186
,2022-07-29,2377.0,ACUM MOURA,Consumidor Livre,NORDESTE,388.8,450.804895
,2022-07-30,2377.0,ACUM MOURA,Consumidor Livre,NORDESTE,388.8,439.596924
,2022-07-31,2377.0,ACUM MOURA,Consumidor Livre,NORDESTE,388.8,309.155498
,2022-08-01,2377.0,ACUM MOURA,Consumidor Livre,NORDESTE,388.8,370.610822
,2022-08-02,2377.0,ACUM MOURA,Consumidor Livre,NORDESTE,388.8,450.034325
,2022-08-03,2377.0,ACUM MOURA,Consumidor Livre,NORDESTE,388.8,440.182243
,2022-08-04,2377.0,ACUM MOURA,Consumidor Livre,NORDESTE,388.8,452.915361
,2022-08-05,2377.0,ACUM MOURA,Consumidor Livre,NORDESTE,388.8,451.464469
,2022-08-06,2377.0,ACUM MOURA,Consumidor Livre,NORDESTE,388.8,444.426925
,2022-08-07,2377.0,ACUM MOURA,Consumidor Livre,NORDESTE,388.8,315.603646
,2022-08-08,2377.0,ACUM MOURA,Consumidor Livre,NORDESTE,388.8,350.97346
,2022-08-09,2377.0,ACUM MOURA,Consumidor Livre,NORDESTE,388.8,457.940572
,2022-08-10,2377.0,ACUM MOURA,Consumidor Livre,NORDESTE,388.8,450.183767
,2022-08-11,2377.0,ACUM MOURA,Consumidor Livre,NORDESTE,388.8,456.983734
,2022-08-12,2377.0,ACUM MOURA,Consumidor Livre,NORDESTE,388.8,444.56224
,2022-08-13,2377.0,ACUM MOURA,Consumidor Livre,NORDESTE,388.8,435.212013
,2022-08-14,2377.0,ACUM MOURA,Consumidor Livre,NORDESTE,388.8,303.465002
,2022-08-15,2377.0,ACUM MOURA,Consumidor Livre,NORDESTE,388.8,358.049952
,2022-08-16,2377.0,ACUM MOURA,Consumidor Livre,NORDESTE,388.8,448.484029
,2022-08-17,2377.0,ACUM MOURA,Consumidor Livre,NORDESTE,388.8,444.153588
,2022-08-18,2377.0,ACUM MOURA,Consumidor Livre,NORDESTE,388.8,442.901104
,2022-08-19,2377.0,ACUM MOURA,Consumidor Livre,NORDESTE,388.8,442.675402
,2022-08-20,2377.0,ACUM MOURA,Consumidor Livre,NORDESTE,388.8,448.844711
,2022-08-21,2377.0,ACUM MOURA,Consumidor Livre,NORDESTE,388.8,301.014199
,2022-08-22,2377.0,ACUM MOURA,Consumidor Livre,NORDESTE,388.8,351.072504
,2022-08-23,2377.0,ACUM MOURA,Consumidor Livre,NORDESTE,388.8,453.812937
,2022-08-24,2377.0,ACUM MOURA,Consumidor Livre,NORDESTE,388.8,461.431865
,2022-08-25,2377.0,ACUM MOURA,Consumidor Livre,NORDESTE,388.8,449.728463
,2022-08-26,2377.0,ACUM MOURA,Consumidor Livre,NORDESTE,388.8,440.799256
,2022-08-27,2377.0,ACUM MOURA,Consumidor Livre,NORDESTE,388.8,432.135533
,2022-08-28,2377.0,ACUM MOURA,Consumidor Livre,NORDESTE,388.8,298.159664
,2022-08-29,2377.0,ACUM MOURA,Consumidor Livre,NORDESTE,388.8,347.553546
,2022-08-30,2377.0,ACUM MOURA,Consumidor Livre,NORDESTE,388.8,456.57043
,2022-08-31,2377.0,ACUM MOURA,Consumidor Livre,NORDESTE,388.8,446.409933
,2022-09-01,2377.0,ACUM MOURA,Consumidor Livre,NORDESTE,388.8,451.845828
,2022-09-02,2377.0,ACUM MOURA,Consumidor Livre,NORDESTE,388.8,437.618136
,2022-09-03,2377.0,ACUM MOURA,Consumidor Livre,NORDESTE,388.8,443.020689
,2022-09-04,2377.0,ACUM MOURA,Consumidor Livre,NORDESTE,388.8,307.216302
,2022-09-05,2377.0,ACUM MOURA,Consumidor Livre,NORDESTE,388.8,355.216541
,2022-09-06,2377.0,ACUM MOURA,Consumidor Livre,NORDESTE,388.8,430.456362
,2022-09-07,2377.0,ACUM MOURA,Consumidor Livre,NORDESTE,388.8,291.736418
,2022-09-08,2377.0,ACUM MOURA,Consumidor Livre,NORDESTE,388.8,312.095249
,2022-09-09,2377.0,ACUM MOURA,Consumidor Livre,NORDESTE,388.8,435.177906
,2022-09-10,2377.0,ACUM MOURA,Consumidor Livre,NORDESTE,388.8,406.332266
,2022-09-11,2377.0,ACUM MOURA,Consumidor Livre,NORDESTE,388.8,246.370171
,2022-09-12,2377.0,ACUM MOURA,Consumidor Livre,NORDESTE,388.8,330.984572
,2022-09-13,2377.0,ACUM MOURA,Consumidor Livre,NORDESTE,388.8,415.029334
,2022-09-14,2377.0,ACUM MOURA,Consumidor Livre,NORDESTE,388.8,426.095518
,2022-09-15,2377.0,ACUM MOURA,Consumidor Livre,NORDESTE,388.8,444.108426
,2022-09-16,2377.0,ACUM MOURA,Consumidor Livre,NORDESTE,388.8,424.229259
,2022-09-17,2377.0,ACUM MOURA,Consumidor Livre,NORDESTE,388.8,419.833187
,2022-09-18,2377.0,ACUM MOURA,Consumidor Livre,NORDESTE,388.8,278.186471
,2022-09-19,2377.0,ACUM MOURA,Consumidor Livre,NORDESTE,388.8,344.303777
,2022-09-20,2377.0,ACUM MOURA,Consumidor Livre,NORDESTE,388.8,416.886517
,2022-09-21,2377.0,ACUM MOURA,Consumidor Livre,NORDESTE,388.8,427.945613
,2022-09-22,2377.0,ACUM MOURA,Consumidor Livre,NORDESTE,388.8,434.528012
,2022-09-23,2377.0,ACUM MOURA,Consumidor Livre,NORDESTE,388.8,435.897489
,2022-09-24,2377.0,ACUM MOURA,Consumidor Livre,NORDESTE,388.8,436.824579
,2022-09-25,2377.0,ACUM MOURA,Consumidor Livre,NORDESTE,388.8,314.315129
,2022-09-26,2377.0,ACUM MOURA,Consumidor Livre,NORDESTE,388.8,357.418772
,2022-09-27,2377.0,ACUM MOURA,Consumidor Livre,NORDESTE,388.8,437.286686
,2022-09-28,2377.0,ACUM MOURA,Consumidor Livre,NORDESTE,388.8,443.554082
,2022-09-29,2377.0,ACUM MOURA,Consumidor Livre,NORDESTE,388.8,463.815332
,2022-09-30,2377.0,ACUM MOURA,Consumidor Livre,NORDESTE,388.8,465.17786
,2022-10-01,2377.0,ACUM MOURA,Consumidor Livre,NORDESTE,388.8,450.102048
,2022-10-02,2377.0,ACUM MOURA,Consumidor Livre,NORDESTE,388.8,319.192765
,2022-10-03,2377.0,ACUM MOURA,Consumidor Livre,NORDESTE,388.8,380.308388
,2022-10-04,2377.0,ACUM MOURA,Consumidor Livre,NORDESTE,388.8,461.101849
,2022-10-05,2377.0,ACUM MOURA,Consumidor Livre,NORDESTE,388.8,449.997956
,2022-10-06,2377.0,ACUM MOURA,Consumidor Livre,NORDESTE,388.8,448.551275
,2022-10-07,2377.0,ACUM MOURA,Consumidor Livre,NORDESTE,388.8,449.15828
,2022-10-08,2377.0,ACUM MOURA,Consumidor Livre,NORDESTE,388.8,459.133708
,2022-10-09,2377.0,ACUM MOURA,Consumidor Livre,NORDESTE,388.8,308.178436
,2022-10-10,2377.0,ACUM MOURA,Consumidor Livre,NORDESTE,388.8,369.466055
,2022-10-11,2377.0,ACUM MOURA,Consumidor Livre,NORDESTE,388.8,455.427514
,2022-10-12,2377.0,ACUM MOURA,Consumidor Livre,NORDESTE,388.8,287.995339
,2022-10-13,2377.0,ACUM MOURA,Consumidor Livre,NORDESTE,388.8,355.288187
,2022-10-14,2377.0,ACUM MOURA,Consumidor Livre,NORDESTE,388.8,435.030213
,2022-10-15,2377.0,ACUM MOURA,Consumidor Livre,NORDESTE,388.8,442.842426
,2022-10-16,2377.0,ACUM MOURA,Consumidor Livre,NORDESTE,388.8,283.468885
,2022-10-17,2377.0,ACUM MOURA,Consumidor Livre,NORDESTE,388.8,363.606651
,2022-10-18,2377.0,ACUM MOURA,Consumidor Livre,NORDESTE,388.8,468.635656
,2022-10-19,2377.0,ACUM MOURA,Consumidor Livre,NORDESTE,388.8,464.449139
,2022-10-20,2377.0,ACUM MOURA,Consumidor Livre,NORDESTE,388.8,453.193958
,2022-10-21,2377.0,ACUM MOURA,Consumidor Livre,NORDESTE,388.8,451.796083
,2022-10-22,2377.0,ACUM MOURA,Consumidor Livre,NORDESTE,388.8,443.214575
,2022-10-23,2377.0,ACUM MOURA,Consumidor Livre,NORDESTE,388.8,319.188759
,2022-10-24,2377.0,ACUM MOURA,Consumidor Livre,NORDESTE,388.8,379.356476
,2022-10-25,2377.0,ACUM MOURA,Consumidor Livre,NORDESTE,388.8,474.446282
,2022-10-26,2377.0,ACUM MOURA,Consumidor Livre,NORDESTE,388.8,465.444788
,2022-10-27,2377.0,ACUM MOURA,Consumidor Livre,NORDESTE,388.8,463.186291
,2022-10-28,2377.0,ACUM MOURA,Consumidor Livre,NORDESTE,388.8,460.110888
,2022-10-29,2377.0,ACUM MOURA,Consumidor Livre,NORDESTE,388.8,464.692773
,2022-10-30,2377.0,ACUM MOURA,Consumidor Livre,NORDESTE,388.8,327.971351
,2022-10-31,2377.0,ACUM MOURA,Consumidor Livre,NORDESTE,388.8,385.456685
,2022-11-01,2377.0,ACUM MOURA,Consumidor Livre,NORDESTE,388.8,457.418264
,2022-11-02,2377.0,ACUM MOURA,Consumidor Livre,NORDESTE,388.8,312.420236
,2022-11-03,2377.0,ACUM MOURA,Consumidor Livre,NORDESTE,388.8,367.490597
,2022-11-04,2377.0,ACUM MOURA,Consumidor Livre,NORDESTE,388.8,451.775483
,2022-11-05,2377.0,ACUM MOURA,Consumidor Livre,NORDESTE,388.8,430.740331
,2022-11-06,2377.0,ACUM MOURA,Consumidor Livre,NORDESTE,388.8,299.28579
,2022-11-07,2377.0,ACUM MOURA,Consumidor Livre,NORDESTE,388.8,363.911127
,2022-11-08,2377.0,ACUM MOURA,Consumidor Livre,NORDESTE,388.8,449.803271
,2022-11-09,2377.0,ACUM MOURA,Consumidor Livre,NORDESTE,388.8,448.165558
,2022-11-10,2377.0,ACUM MOURA,Consumidor Livre,NORDESTE,388.8,446.55241
,2022-11-11,2377.0,ACUM MOURA,Consumidor Livre,NORDESTE,388.8,434.616493
,2022-11-12,2377.0,ACUM MOURA,Consumidor Livre,NORDESTE,388.8,443.587021
,2022-11-13,2377.0,ACUM MOURA,Consumidor Livre,NORDESTE,388.8,290.279965
,2022-11-14,2377.0,ACUM MOURA,Consumidor Livre,NORDESTE,388.8,322.304515
,2022-11-15,2377.0,ACUM MOURA,Consumidor Livre,NORDESTE,388.8,316.190506
,2022-11-16,2377.0,ACUM MOURA,Consumidor Livre,NORDESTE,388.8,362.564616
,2022-11-17,2377.0,ACUM MOURA,Consumidor Livre,NORDESTE,388.8,442.199822
,2022-11-18,2377.0,ACUM MOURA,Consumidor Livre,NORDESTE,388.8,438.401006
,2022-11-19,2377.0,ACUM MOURA,Consumidor Livre,NORDESTE,388.8,444.840872
,2022-11-20,2377.0,ACUM MOURA,Consumidor Livre,NORDESTE,388.8,287.699064
,2022-11-21,2377.0,ACUM MOURA,Consumidor Livre,NORDESTE,388.8,363.655154
,2022-11-22,2377.0,ACUM MOURA,Consumidor Livre,NORDESTE,388.8,455.000028
,2022-11-23,2377.0,ACUM MOURA,Consumidor Livre,NORDESTE,388.8,430.405754
,2022-11-24,2377.0,ACUM MOURA,Consumidor Livre,NORDESTE,388.8,432.57009
,2022-11-25,2377.0,ACUM MOURA,Consumidor Livre,NORDESTE,388.8,424.424739
,2022-11-26,2377.0,ACUM MOURA,Consumidor Livre,NORDESTE,388.8,436.455537
,2022-11-27,2377.0,ACUM MOURA,Consumidor Livre,NORDESTE,388.8,286.393532
,2022-11-28,2377.0,ACUM MOURA,Consumidor Livre,NORDESTE,388.8,337.180367
,2022-11-29,2377.0,ACUM MOURA,Consumidor Livre,NORDESTE,388.8,437.181145
,2022-11-30,2377.0,ACUM MOURA,Consumidor Livre,NORDESTE,388.8,439.951486
,2022-12-01,2377.0,ACUM MOURA,Consumidor Livre,NORDESTE,388.8,425.975395
,2022-12-02,2377.0,ACUM MOURA,Consumidor Livre,NORDESTE,388.8,419.353553
,2022-12-03,2377.0,ACUM MOURA,Consumidor Livre,NORDESTE,388.8,426.343873
,2022-12-04,2377.0,ACUM MOURA,Consumidor Livre,NORDESTE,388.8,297.082686
,2022-12-05,2377.0,ACUM MOURA,Consumidor Livre,NORDESTE,388.8,336.845565
,2022-12-06,2377.0,ACUM MOURA,Consumidor Livre,NORDESTE,388.8,417.051028
,2022-12-07,2377.0,ACUM MOURA,Consumidor Livre,NORDESTE,388.8,427.644182
,2022-12-08,2377.0,ACUM MOURA,Consumidor Livre,NORDESTE,388.8,285.797793
,2022-12-09,2377.0,ACUM MOURA,Consumidor Livre,NORDESTE,388.8,312.797291
,2022-12-10,2377.0,ACUM MOURA,Consumidor Livre,NORDESTE,388.8,420.819539
,2022-12-11,2377.0,ACUM MOURA,Consumidor Livre,NORDESTE,388.8,293.478406
,2022-12-12,2377.0,ACUM MOURA,Consumidor Livre,NORDESTE,388.8,334.7604
,2022-12-13,2377.0,ACUM MOURA,Consumidor Livre,NORDESTE,388.8,437.652469
,2022-12-14,2377.0,ACUM MOURA,Consumidor Livre,NORDESTE,388.8,436.877757
,2022-12-15,2377.0,ACUM MOURA,Consumidor Livre,NORDESTE,388.8,430.836384
,2022-12-16,2377.0,ACUM MOURA,Consumidor Livre,NORDESTE,388.8,424.944428
,2022-12-17,2377.0,ACUM MOURA,Consumidor Livre,NORDESTE,388.8,412.265305
,2022-12-18,2377.0,ACUM MOURA,Consumidor Livre,NORDESTE,388.8,274.962186
,2022-12-19,2377.0,ACUM MOURA,Consumidor Livre,NORDESTE,388.8,311.369285
,2022-12-20,2377.0,ACUM MOURA,Consumidor Livre,NORDESTE,388.8,394.251293
,2022-12-21,2377.0,ACUM MOURA,Consumidor Livre,NORDESTE,388.8,386.290306
,2022-12-22,2377.0,ACUM MOURA,Consumidor Livre,NORDESTE,388.8,388.836467
,2022-12-23,2377.0,ACUM MOURA,Consumidor Livre,NORDESTE,388.8,369.505489
,2022-12-24,2377.0,ACUM MOURA,Consumidor Livre,NORDESTE,388.8,356.27754600000003
,2022-12-25,2377.0,ACUM MOURA,Consumidor Livre,NORDESTE,388.8,204.353213
,2022-12-26,2377.0,ACUM MOURA,Consumidor Livre,NORDESTE,388.8,276.790814
,2022-12-27,2377.0,ACUM MOURA,Consumidor Livre,NORDESTE,388.8,384.365905
,2022-12-28,2377.0,ACUM MOURA,Consumidor Livre,NORDESTE,388.8,398.500366
,2022-12-29,2377.0,ACUM MOURA,Consumidor Livre,NORDESTE,388.8,395.854973
,2022-12-30,2377.0,ACUM MOURA,Consumidor Livre,NORDESTE,388.8,388.896695
,2022-12-31,2377.0,ACUM MOURA,Consumidor Livre,NORDESTE,388.8,358.667497
,2023-01-01,2377.0,ACUM MOURA,Consumidor Livre,NORDESTE,388.8,204.958448
,2023-01-02,2377.0,ACUM MOURA,Consumidor Livre,NORDESTE,388.8,311.076856
,2023-01-03,2377.0,ACUM MOURA,Consumidor Livre,NORDESTE,388.8,387.264161
,2023-01-04,2377.0,ACUM MOURA,Consumidor Livre,NORDESTE,388.8,393.758001
,2023-01-05,2377.0,ACUM MOURA,Consumidor Livre,NORDESTE,388.8,428.769052
,2023-01-06,2377.0,ACUM MOURA,Consumidor Livre,NORDESTE,388.8,415.787976
,2023-01-07,2377.0,ACUM MOURA,Consumidor Livre,NORDESTE,388.8,408.557221
,2023-01-08,2377.0,ACUM MOURA,Consumidor Livre,NORDESTE,388.8,268.056152
,2023-01-09,2377.0,ACUM MOURA,Consumidor Livre,NORDESTE,388.8,353.153764
,2023-01-10,2377.0,ACUM MOURA,Consumidor Livre,NORDESTE,388.8,427.881072
,2023-01-11,2377.0,ACUM MOURA,Consumidor Livre,NORDESTE,388.8,423.705091
,2023-01-12,2377.0,ACUM MOURA,Consumidor Livre,NORDESTE,388.8,422.644516
,2023-01-13,2377.0,ACUM MOURA,Consumidor Livre,NORDESTE,388.8,444.634833
,2023-01-14,2377.0,ACUM MOURA,Consumidor Livre,NORDESTE,388.8,424.314624
,2023-01-15,2377.0,ACUM MOURA,Consumidor Livre,NORDESTE,388.8,288.401541
,2023-01-16,2377.0,ACUM MOURA,Consumidor Livre,NORDESTE,388.8,346.342032
,2023-01-17,2377.0,ACUM MOURA,Consumidor Livre,NORDESTE,388.8,422.50008
,2023-01-18,2377.0,ACUM MOURA,Consumidor Livre,NORDESTE,388.8,430.532798
,2023-01-19,2377.0,ACUM MOURA,Consumidor Livre,NORDESTE,388.8,436.975243
,2023-01-20,2377.0,ACUM MOURA,Consumidor Livre,NORDESTE,388.8,238.014414
,2023-01-21,2377.0,ACUM MOURA,Consumidor Livre,NORDESTE,388.8,358.600612
,2023-01-22,2377.0,ACUM MOURA,Consumidor Livre,NORDESTE,388.8,271.28013500000003
,2023-01-23,2377.0,ACUM MOURA,Consumidor Livre,NORDESTE,388.8,327.414025
,2023-01-24,2377.0,ACUM MOURA,Consumidor Livre,NORDESTE,388.8,381.166749
,2023-01-25,2377.0,ACUM MOURA,Consumidor Livre,NORDESTE,388.8,402.783827
,2023-01-26,2377.0,ACUM MOURA,Consumidor Livre,NORDESTE,388.8,432.126429
,2023-01-27,2377.0,ACUM MOURA,Consumidor Livre,NORDESTE,388.8,429.145215
,2023-01-28,2377.0,ACUM MOURA,Consumidor Livre,NORDESTE,388.8,434.046796
,2023-01-29,2377.0,ACUM MOURA,Consumidor Livre,NORDESTE,388.8,321.003853
,2023-01-30,2377.0,ACUM MOURA,Consumidor Livre,NORDESTE,388.8,392.408423
,2023-01-31,2377.0,ACUM MOURA,Consumidor Livre,NORDESTE,388.8,444.842598
,2023-02-01,2377.0,ACUM MOURA,Consumidor Livre,NORDESTE,388.8,437.81056
,2023-02-02,2377.0,ACUM MOURA,Consumidor Livre,NORDESTE,388.8,436.291564
,2023-02-03,2377.0,ACUM MOURA,Consumidor Livre,NORDESTE,388.8,449.584073
,2023-02-04,2377.0,ACUM MOURA,Consumidor Livre,NORDESTE,388.8,441.609056
,2023-02-05,2377.0,ACUM MOURA,Consumidor Livre,NORDESTE,388.8,291.840935
,2023-02-06,2377.0,ACUM MOURA,Consumidor Livre,NORDESTE,388.8,375.83481
,2023-02-07,2377.0,ACUM MOURA,Consumidor Livre,NORDESTE,388.8,455.838212
,2023-02-08,2377.0,ACUM MOURA,Consumidor Livre,NORDESTE,388.8,456.14206
,2023-02-09,2377.0,ACUM MOURA,Consumidor Livre,NORDESTE,388.8,467.690451
,2023-02-10,2377.0,ACUM MOURA,Consumidor Livre,NORDESTE,388.8,451.554714
,2023-02-11,2377.0,ACUM MOURA,Consumidor Livre,NORDESTE,388.8,445.891537
,2023-02-12,2377.0,ACUM MOURA,Consumidor Livre,NORDESTE,388.8,342.278151
,2023-02-13,2377.0,ACUM MOURA,Consumidor Livre,NORDESTE,388.8,399.56709
,2023-02-14,2377.0,ACUM MOURA,Consumidor Livre,NORDESTE,388.8,464.460521
,2023-02-15,2377.0,ACUM MOURA,Consumidor Livre,NORDESTE,388.8,458.127033
,2023-02-16,2377.0,ACUM MOURA,Consumidor Livre,NORDESTE,388.8,442.955688
,2023-02-17,2377.0,ACUM MOURA,Consumidor Livre,NORDESTE,388.8,435.384073
,2023-02-18,2377.0,ACUM MOURA,Consumidor Livre,NORDESTE,388.8,431.017833
,2023-02-19,2377.0,ACUM MOURA,Consumidor Livre,NORDESTE,388.8,323.473143
,2023-02-20,2377.0,ACUM MOURA,Consumidor Livre,NORDESTE,388.8,395.241644
,2023-02-21,2377.0,ACUM MOURA,Consumidor Livre,NORDESTE,388.8,470.395259
,2023-02-22,2377.0,ACUM MOURA,Consumidor Livre,NORDESTE,388.8,460.054931
,2023-02-23,2377.0,ACUM MOURA,Consumidor Livre,NORDESTE,388.8,455.780766
,2023-02-24,2377.0,ACUM MOURA,Consumidor Livre,NORDESTE,388.8,458.463263
,2023-02-25,2377.0,ACUM MOURA,Consumidor Livre,NORDESTE,388.8,464.970201
,2023-02-26,2377.0,ACUM MOURA,Consumidor Livre,NORDESTE,388.8,340.92492
,2023-02-27,2377.0,ACUM MOURA,Consumidor Livre,NORDESTE,388.8,384.528272
,2023-02-28,2377.0,ACUM MOURA,Consumidor Livre,NORDESTE,388.8,448.022013
,2023-03-01,2377.0,ACUM MOURA,Consumidor Livre,NORDESTE,388.8,443.593841
,2023-03-02,2377.0,ACUM MOURA,Consumidor Livre,NORDESTE,388.8,450.601521
,2023-03-03,2377.0,ACUM MOURA,Consumidor Livre,NORDESTE,388.8,437.778034
,2023-03-04,2377.0,ACUM MOURA,Consumidor Livre,NORDESTE,388.8,435.910944
,2023-03-05,2377.0,ACUM MOURA,Consumidor Livre,NORDESTE,388.8,311.597045
,2023-03-06,2377.0,ACUM MOURA,Consumidor Livre,NORDESTE,388.8,210.804702
,2023-03-07,2377.0,ACUM MOURA,Consumidor Livre,NORDESTE,388.8,349.131141
,2023-03-08,2377.0,ACUM MOURA,Consumidor Livre,NORDESTE,388.8,441.808037
,2023-03-09,2377.0,ACUM MOURA,Consumidor Livre,NORDESTE,388.8,442.428034
,2023-03-10,2377.0,ACUM MOURA,Consumidor Livre,NORDESTE,388.8,453.579194
,2023-03-11,2377.0,ACUM MOURA,Consumidor Livre,NORDESTE,388.8,450.504535
,2023-03-12,2377.0,ACUM MOURA,Consumidor Livre,NORDESTE,388.8,312.941445
,2023-03-13,2377.0,ACUM MOURA,Consumidor Livre,NORDESTE,388.8,358.500654
,2023-03-14,2377.0,ACUM MOURA,Consumidor Livre,NORDESTE,388.8,444.909436
,2023-03-15,2377.0,ACUM MOURA,Consumidor Livre,NORDESTE,388.8,448.304938
,2023-03-16,2377.0,ACUM MOURA,Consumidor Livre,NORDESTE,388.8,452.658956
,2023-03-17,2377.0,ACUM MOURA,Consumidor Livre,NORDESTE,388.8,453.208371
,2023-03-18,2377.0,ACUM MOURA,Consumidor Livre,NORDESTE,388.8,420.975411
,2023-03-19,2377.0,ACUM MOURA,Consumidor Livre,NORDESTE,388.8,310.619863
,2023-03-20,2377.0,ACUM MOURA,Consumidor Livre,NORDESTE,388.8,371.595265
,2023-03-21,2377.0,ACUM MOURA,Consumidor Livre,NORDESTE,388.8,435.218289
,2023-03-22,2377.0,ACUM MOURA,Consumidor Livre,NORDESTE,388.8,432.591334
,2023-03-23,2377.0,ACUM MOURA,Consumidor Livre,NORDESTE,388.8,448.529392
,2023-03-24,2377.0,ACUM MOURA,Consumidor Livre,NORDESTE,388.8,442.97685
,2023-03-25,2377.0,ACUM MOURA,Consumidor Livre,NORDESTE,388.8,432.611116
,2023-03-26,2377.0,ACUM MOURA,Consumidor Livre,NORDESTE,388.8,309.616499
,2023-03-27,2377.0,ACUM MOURA,Consumidor Livre,NORDESTE,388.8,358.415541
,2023-03-28,2377.0,ACUM MOURA,Consumidor Livre,NORDESTE,388.8,443.482518
,2023-03-29,2377.0,ACUM MOURA,Consumidor Livre,NORDESTE,388.8,439.920754
,2023-03-30,2377.0,ACUM MOURA,Consumidor Livre,NORDESTE,388.8,443.007061
,2023-03-31,2377.0,ACUM MOURA,Consumidor Livre,NORDESTE,388.8,439.362349
,2023-04-01,2377.0,ACUM MOURA,Consumidor Livre,NORDESTE,388.8,441.602599
,2023-04-02,2377.0,ACUM MOURA,Consumidor Livre,NORDESTE,388.8,310.110493
,2023-04-03,2377.0,ACUM MOURA,Consumidor Livre,NORDESTE,388.8,364.697134
,2023-04-04,2377.0,ACUM MOURA,Consumidor Livre,NORDESTE,388.8,446.399253
,2023-04-05,2377.0,ACUM MOURA,Consumidor Livre,NORDESTE,388.8,444.54528
,2023-04-06,2377.0,ACUM MOURA,Consumidor Livre,NORDESTE,388.8,446.178585
,2023-04-07,2377.0,ACUM MOURA,Consumidor Livre,NORDESTE,388.8,296.543798
,2023-04-08,2377.0,ACUM MOURA,Consumidor Livre,NORDESTE,388.8,367.884847
,2023-04-09,2377.0,ACUM MOURA,Consumidor Livre,NORDESTE,388.8,313.756854
,2023-04-10,2377.0,ACUM MOURA,Consumidor Livre,NORDESTE,388.8,352.00547
,2023-04-11,2377.0,ACUM MOURA,Consumidor Livre,NORDESTE,388.8,447.756543
,2023-04-12,2377.0,ACUM MOURA,Consumidor Livre,NORDESTE,388.8,433.921348
,2023-04-13,2377.0,ACUM MOURA,Consumidor Livre,NORDESTE,388.8,440.647364
,2023-04-14,2377.0,ACUM MOURA,Consumidor Livre,NORDESTE,388.8,439.857744
,2023-04-15,2377.0,ACUM MOURA,Consumidor Livre,NORDESTE,388.8,431.799651
,2023-04-16,2377.0,ACUM MOURA,Consumidor Livre,NORDESTE,388.8,306.028602
,2023-04-17,2377.0,ACUM MOURA,Consumidor Livre,NORDESTE,388.8,372.078322
,2023-04-18,2377.0,ACUM MOURA,Consumidor Livre,NORDESTE,388.8,440.75655
,2023-04-19,2377.0,ACUM MOURA,Consumidor Livre,NORDESTE,388.8,428.970387
,2023-04-20,2377.0,ACUM MOURA,Consumidor Livre,NORDESTE,388.8,398.397593
,2023-04-21,2377.0,ACUM MOURA,Consumidor Livre,NORDESTE,388.8,339.150355
,2023-04-22,2377.0,ACUM MOURA,Consumidor Livre,NORDESTE,388.8,364.110519
,2023-04-23,2377.0,ACUM MOURA,Consumidor Livre,NORDESTE,388.8,311.991571
,2023-04-24,2377.0,ACUM MOURA,Consumidor Livre,NORDESTE,388.8,372.398881
,2023-04-25,2377.0,ACUM MOURA,Consumidor Livre,NORDESTE,388.8,441.036554
,2023-04-26,2377.0,ACUM MOURA,Consumidor Livre,NORDESTE,388.8,446.289444
,2023-04-27,2377.0,ACUM MOURA,Consumidor Livre,NORDESTE,388.8,452.625034
,2023-04-28,2377.0,ACUM MOURA,Consumidor Livre,NORDESTE,388.8,450.089098
,2023-04-29,2377.0,ACUM MOURA,Consumidor Livre,NORDESTE,388.8,437.876932
,2023-04-30,2377.0,ACUM MOURA,Consumidor Livre,NORDESTE,388.8,324.659575
,2023-05-01,2377.0,ACUM MOURA,Consumidor Livre,NORDESTE,388.8,165.395212
,2023-05-02,2377.0,ACUM MOURA,Consumidor Livre,NORDESTE,388.8,362.867547
,2023-05-03,2377.0,ACUM MOURA,Consumidor Livre,NORDESTE,388.8,442.857589
,2023-05-04,2377.0,ACUM MOURA,Consumidor Livre,NORDESTE,388.8,439.004776
,2023-05-05,2377.0,ACUM MOURA,Consumidor Livre,NORDESTE,388.8,448.42083
,2023-05-06,2377.0,ACUM MOURA,Consumidor Livre,NORDESTE,388.8,430.436846
,2023-05-07,2377.0,ACUM MOURA,Consumidor Livre,NORDESTE,388.8,320.189122
,2023-05-08,2377.0,ACUM MOURA,Consumidor Livre,NORDESTE,388.8,385.118582
,2023-05-09,2377.0,ACUM MOURA,Consumidor Livre,NORDESTE,388.8,441.197264
,2023-05-10,2377.0,ACUM MOURA,Consumidor Livre,NORDESTE,388.8,441.02808
,2023-05-11,2377.0,ACUM MOURA,Consumidor Livre,NORDESTE,388.8,434.311569
,2023-05-12,2377.0,ACUM MOURA,Consumidor Livre,NORDESTE,388.8,449.606728
,2023-05-13,2377.0,ACUM MOURA,Consumidor Livre,NORDESTE,388.8,436.183074
,2023-05-14,2377.0,ACUM MOURA,Consumidor Livre,NORDESTE,388.8,309.934088
,2023-05-15,2377.0,ACUM MOURA,Consumidor Livre,NORDESTE,388.8,403.401134
,2023-05-16,2377.0,ACUM MOURA,Consumidor Livre,NORDESTE,388.8,467.760858
,2023-05-17,2377.0,ACUM MOURA,Consumidor Livre,NORDESTE,388.8,453.914314
,2023-05-18,2377.0,ACUM MOURA,Consumidor Livre,NORDESTE,388.8,451.244475
,2023-05-19,2377.0,ACUM MOURA,Consumidor Livre,NORDESTE,388.8,441.644381
,2023-05-20,2377.0,ACUM MOURA,Consumidor Livre,NORDESTE,388.8,434.227316
,2023-05-21,2377.0,ACUM MOURA,Consumidor Livre,NORDESTE,388.8,320.747166
,2023-05-22,2377.0,ACUM MOURA,Consumidor Livre,NORDESTE,388.8,394.633835
,2023-05-23,2377.0,ACUM MOURA,Consumidor Livre,NORDESTE,388.8,447.561849
,2023-05-24,2377.0,ACUM MOURA,Consumidor Livre,NORDESTE,388.8,450.677772
,2023-05-25,2377.0,ACUM MOURA,Consumidor Livre,NORDESTE,388.8,461.729243
,2023-05-26,2377.0,ACUM MOURA,Consumidor Livre,NORDESTE,388.8,467.822542
,2023-05-27,2377.0,ACUM MOURA,Consumidor Livre,NORDESTE,388.8,443.866664
,2023-05-28,2377.0,ACUM MOURA,Consumidor Livre,NORDESTE,388.8,350.511238
,2023-05-29,2377.0,ACUM MOURA,Consumidor Livre,NORDESTE,388.8,399.211117
,2023-05-30,2377.0,ACUM MOURA,Consumidor Livre,NORDESTE,388.8,464.743901
,2023-05-31,2377.0,ACUM MOURA,Consumidor Livre,NORDESTE,388.8,464.166123
,2023-06-01,2377.0,ACUM MOURA,Consumidor Livre,NORDESTE,388.8,455.211083
,2023-06-02,2377.0,ACUM MOURA,Consumidor Livre,NORDESTE,388.8,460.628831
,2023-06-03,2377.0,ACUM MOURA,Consumidor Livre,NORDESTE,388.8,445.609312
,2023-06-04,2377.0,ACUM MOURA,Consumidor Livre,NORDESTE,388.8,332.561425
,2023-06-05,2377.0,ACUM MOURA,Consumidor Livre,NORDESTE,388.8,387.682391
,2023-06-06,2377.0,ACUM MOURA,Consumidor Livre,NORDESTE,388.8,448.545389
,2023-06-07,2377.0,ACUM MOURA,Consumidor Livre,NORDESTE,388.8,439.525542
,2023-06-08,2377.0,ACUM MOURA,Consumidor Livre,NORDESTE,388.8,463.759047
,2023-06-09,2377.0,ACUM MOURA,Consumidor Livre,NORDESTE,388.8,462.066614
,2023-06-10,2377.0,ACUM MOURA,Consumidor Livre,NORDESTE,388.8,452.296933
,2023-06-11,2377.0,ACUM MOURA,Consumidor Livre,NORDESTE,388.8,251.511941
,2023-06-12,2377.0,ACUM MOURA,Consumidor Livre,NORDESTE,388.8,387.850935
,2023-06-13,2377.0,ACUM MOURA,Consumidor Livre,NORDESTE,388.8,437.936882
,2023-06-14,2377.0,ACUM MOURA,Consumidor Livre,NORDESTE,388.8,440.557862
,2023-06-15,2377.0,ACUM MOURA,Consumidor Livre,NORDESTE,388.8,448.025375
,2023-06-16,2377.0,ACUM MOURA,Consumidor Livre,NORDESTE,388.8,452.404902
,2023-06-17,2377.0,ACUM MOURA,Consumidor Livre,NORDESTE,388.8,462.392756
,2023-06-18,2377.0,ACUM MOURA,Consumidor Livre,NORDESTE,388.8,343.778268
,2023-06-19,2377.0,ACUM MOURA,Consumidor Livre,NORDESTE,388.8,408.879357
,2023-06-20,2377.0,ACUM MOURA,Consumidor Livre,NORDESTE,388.8,460.858477
,2023-06-21,2377.0,ACUM MOURA,Consumidor Livre,NORDESTE,388.8,452.623704
,2023-06-22,2377.0,ACUM MOURA,Consumidor Livre,NORDESTE,388.8,459.380367
,2023-06-23,2377.0,ACUM MOURA,Consumidor Livre,NORDESTE,388.8,432.187196
,2023-06-24,2377.0,ACUM MOURA,Consumidor Livre,NORDESTE,388.8,388.610121
,2023-06-25,2377.0,ACUM MOURA,Consumidor Livre,NORDESTE,388.8,335.72793
,2023-06-26,2377.0,ACUM MOURA,Consumidor Livre,NORDESTE,388.8,375.306491
,2023-06-27,2377.0,ACUM MOURA,Consumidor Livre,NORDESTE,388.8,456.36493
,2023-06-28,2377.0,ACUM MOURA,Consumidor Livre,NORDESTE,388.8,441.106567
,2023-06-29,2377.0,ACUM MOURA,Consumidor Livre,NORDESTE,388.8,454.68164
,2023-06-30,2377.0,ACUM MOURA,Consumidor Livre,NORDESTE,388.8,450.278226
,2023-07-01,2377.0,ACUM MOURA,Consumidor Livre,NORDESTE,388.8,442.718779
,2023-07-02,2377.0,ACUM MOURA,Consumidor Livre,NORDESTE,388.8,344.116267
,2023-07-03,2377.0,ACUM MOURA,Consumidor Livre,NORDESTE,388.8,386.349006
,2023-07-04,2377.0,ACUM MOURA,Consumidor Livre,NORDESTE,388.8,456.303013
,2023-07-05,2377.0,ACUM MOURA,Consumidor Livre,NORDESTE,388.8,466.046363
,2023-07-06,2377.0,ACUM MOURA,Consumidor Livre,NORDESTE,388.8,461.80633
,2023-07-07,2377.0,ACUM MOURA,Consumidor Livre,NORDESTE,388.8,456.895091
,2023-07-08,2377.0,ACUM MOURA,Consumidor Livre,NORDESTE,388.8,428.890718
,2023-07-09,2377.0,ACUM MOURA,Consumidor Livre,NORDESTE,388.8,326.91418600000003
,2023-07-10,2377.0,ACUM MOURA,Consumidor Livre,NORDESTE,388.8,374.172558
,2023-07-11,2377.0,ACUM MOURA,Consumidor Livre,NORDESTE,388.8,437.68717
,2023-07-12,2377.0,ACUM MOURA,Consumidor Livre,NORDESTE,388.8,422.248508
,2023-07-13,2377.0,ACUM MOURA,Consumidor Livre,NORDESTE,388.8,457.635194
,2023-07-14,2377.0,ACUM MOURA,Consumidor Livre,NORDESTE,388.8,442.545193
,2023-07-15,2377.0,ACUM MOURA,Consumidor Livre,NORDESTE,388.8,452.463727
,2023-07-16,2377.0,ACUM MOURA,Consumidor Livre,NORDESTE,388.8,337.245958
,2023-07-17,2377.0,ACUM MOURA,Consumidor Livre,NORDESTE,388.8,347.558896
,2023-07-18,2377.0,ACUM MOURA,Consumidor Livre,NORDESTE,388.8,439.903625
,2023-07-19,2377.0,ACUM MOURA,Consumidor Livre,NORDESTE,388.8,459.838197
,2023-07-20,2377.0,ACUM MOURA,Consumidor Livre,NORDESTE,388.8,467.378044
,2023-07-21,2377.0,ACUM MOURA,Consumidor Livre,NORDESTE,388.8,454.303917
,2023-07-22,2377.0,ACUM MOURA,Consumidor Livre,NORDESTE,388.8,451.231188
,2023-07-23,2377.0,ACUM MOURA,Consumidor Livre,NORDESTE,388.8,367.00889
,2023-07-24,2377.0,ACUM MOURA,Consumidor Livre,NORDESTE,388.8,407.405846
,2023-07-25,2377.0,ACUM MOURA,Consumidor Livre,NORDESTE,388.8,477.292422
,2023-07-26,2377.0,ACUM MOURA,Consumidor Livre,NORDESTE,388.8,476.772256
,2023-07-27,2377.0,ACUM MOURA,Consumidor Livre,NORDESTE,388.8,470.606948
,2023-07-28,2377.0,ACUM MOURA,Consumidor Livre,NORDESTE,388.8,468.499678
,2023-07-29,2377.0,ACUM MOURA,Consumidor Livre,NORDESTE,388.8,447.707277
,2023-07-30,2377.0,ACUM MOURA,Consumidor Livre,NORDESTE,388.8,376.675885
,2023-07-31,2377.0,ACUM MOURA,Consumidor Livre,NORDESTE,388.8,425.840036
,2023-08-01,2377.0,ACUM MOURA,Consumidor Livre,NORDESTE,388.8,477.469838
,2023-08-02,2377.0,ACUM MOURA,Consumidor Livre,NORDESTE,388.8,462.663732
,2023-08-03,2377.0,ACUM MOURA,Consumidor Livre,NORDESTE,388.8,468.39055
,2023-08-04,2377.0,ACUM MOURA,Consumidor Livre,NORDESTE,388.8,468.090534
,2023-08-05,2377.0,ACUM MOURA,Consumidor Livre,NORDESTE,388.8,453.318024
,2023-08-06,2377.0,ACUM MOURA,Consumidor Livre,NORDESTE,388.8,324.823458
,2023-08-07,2377.0,ACUM MOURA,Consumidor Livre,NORDESTE,388.8,426.918399
,2023-08-08,2377.0,ACUM MOURA,Consumidor Livre,NORDESTE,388.8,466.656069
,2023-08-09,2377.0,ACUM MOURA,Consumidor Livre,NORDESTE,388.8,463.015666
,2023-08-10,2377.0,ACUM MOURA,Consumidor Livre,NORDESTE,388.8,484.689666
,2023-08-11,2377.0,ACUM MOURA,Consumidor Livre,NORDESTE,388.8,469.4163
,2023-08-12,2377.0,ACUM MOURA,Consumidor Livre,NORDESTE,388.8,457.352474
,2023-08-13,2377.0,ACUM MOURA,Consumidor Livre,NORDESTE,388.8,366.777864
,2023-08-14,2377.0,ACUM MOURA,Consumidor Livre,NORDESTE,388.8,415.699235
,2023-08-15,2377.0,ACUM MOURA,Consumidor Livre,NORDESTE,388.8,423.220793
,2023-08-16,2377.0,ACUM MOURA,Consumidor Livre,NORDESTE,388.8,451.393725
,2023-08-17,2377.0,ACUM MOURA,Consumidor Livre,NORDESTE,388.8,448.32728
,2023-08-18,2377.0,ACUM MOURA,Consumidor Livre,NORDESTE,388.8,472.465662
,2023-08-19,2377.0,ACUM MOURA,Consumidor Livre,NORDESTE,388.8,448.366127
,2023-08-20,2377.0,ACUM MOURA,Consumidor Livre,NORDESTE,388.8,368.153015
,2023-08-21,2377.0,ACUM MOURA,Consumidor Livre,NORDESTE,388.8,392.697779
,2023-08-22,2377.0,ACUM MOURA,Consumidor Livre,NORDESTE,388.8,472.080941
,2023-08-23,2377.0,ACUM MOURA,Consumidor Livre,NORDESTE,388.8,460.95034
,2023-08-24,2377.0,ACUM MOURA,Consumidor Livre,NORDESTE,388.8,454.713504
,2023-08-25,2377.0,ACUM MOURA,Consumidor Livre,NORDESTE,388.8,473.048973
,2023-08-26,2377.0,ACUM MOURA,Consumidor Livre,NORDESTE,388.8,471.158458
,2023-08-27,2377.0,ACUM MOURA,Consumidor Livre,NORDESTE,388.8,353.869323
,2023-08-28,2377.0,ACUM MOURA,Consumidor Livre,NORDESTE,388.8,421.464937
,2023-08-29,2377.0,ACUM MOURA,Consumidor Livre,NORDESTE,388.8,462.777461
,2023-08-30,2377.0,ACUM MOURA,Consumidor Livre,NORDESTE,388.8,466.825952
,2023-08-31,2377.0,ACUM MOURA,Consumidor Livre,NORDESTE,388.8,474.944185
,2023-09-01,2377.0,ACUM MOURA,Consumidor Livre,NORDESTE,388.8,471.947374
,2023-09-02,2377.0,ACUM MOURA,Consumidor Livre,NORDESTE,388.8,473.883559
,2023-09-03,2377.0,ACUM MOURA,Consumidor Livre,NORDESTE,388.8,348.761221
,2023-09-04,2377.0,ACUM MOURA,Consumidor Livre,NORDESTE,388.8,416.665082
,2023-09-05,2377.0,ACUM MOURA,Consumidor Livre,NORDESTE,388.8,454.9986
,2023-09-06,2377.0,ACUM MOURA,Consumidor Livre,NORDESTE,388.8,454.406068
,2023-09-07,2377.0,ACUM MOURA,Consumidor Livre,NORDESTE,388.8,428.924677
,2023-09-08,2377.0,ACUM MOURA,Consumidor Livre,NORDESTE,388.8,465.154419
,2023-09-09,2377.0,ACUM MOURA,Consumidor Livre,NORDESTE,388.8,455.282251
,2023-09-10,2377.0,ACUM MOURA,Consumidor Livre,NORDESTE,388.8,262.856125
,2023-09-11,2377.0,ACUM MOURA,Consumidor Livre,NORDESTE,388.8,289.209382
,2023-09-12,2377.0,ACUM MOURA,Consumidor Livre,NORDESTE,388.8,385.336059
,2023-09-13,2377.0,ACUM MOURA,Consumidor Livre,NORDESTE,388.8,454.99187
,2023-09-14,2377.0,ACUM MOURA,Consumidor Livre,NORDESTE,388.8,442.647271
,2023-09-15,2377.0,ACUM MOURA,Consumidor Livre,NORDESTE,388.8,457.700646
,2023-09-16,2377.0,ACUM MOURA,Consumidor Livre,NORDESTE,388.8,456.138579
,2023-09-17,2377.0,ACUM MOURA,Consumidor Livre,NORDESTE,388.8,339.364608
,2023-09-18,2377.0,ACUM MOURA,Consumidor Livre,NORDESTE,388.8,404.726641
,2023-09-19,2377.0,ACUM MOURA,Consumidor Livre,NORDESTE,388.8,462.264522
,2023-09-20,2377.0,ACUM MOURA,Consumidor Livre,NORDESTE,388.8,452.660363
,2023-09-21,2377.0,ACUM MOURA,Consumidor Livre,NORDESTE,388.8,448.626849
,2023-09-22,2377.0,ACUM MOURA,Consumidor Livre,NORDESTE,388.8,453.228427
,2023-09-23,2377.0,ACUM MOURA,Consumidor Livre,NORDESTE,388.8,452.071971
,2023-09-24,2377.0,ACUM MOURA,Consumidor Livre,NORDESTE,388.8,353.234051
,2023-09-25,2377.0,ACUM MOURA,Consumidor Livre,NORDESTE,388.8,395.378722
,2023-09-26,2377.0,ACUM MOURA,Consumidor Livre,NORDESTE,388.8,467.184281
,2023-09-27,2377.0,ACUM MOURA,Consumidor Livre,NORDESTE,388.8,462.044176
,2023-09-28,2377.0,ACUM MOURA,Consumidor Livre,NORDESTE,388.8,467.119829
,2023-09-29,2377.0,ACUM MOURA,Consumidor Livre,NORDESTE,388.8,466.568205
,2023-09-30,2377.0,ACUM MOURA,Consumidor Livre,NORDESTE,388.8,451.729994
,2023-10-01,2377.0,ACUM MOURA,Consumidor Livre,NORDESTE,388.8,340.780531
,2023-10-02,2377.0,ACUM MOURA,Consumidor Livre,NORDESTE,388.8,413.997618
,2023-10-03,2377.0,ACUM MOURA,Consumidor Livre,NORDESTE,388.8,464.816286
,2023-10-04,2377.0,ACUM MOURA,Consumidor Livre,NORDESTE,388.8,458.55285
,2023-10-05,2377.0,ACUM MOURA,Consumidor Livre,NORDESTE,388.8,455.962141
,2023-10-06,2377.0,ACUM MOURA,Consumidor Livre,NORDESTE,388.8,458.542002
,2023-10-07,2377.0,ACUM MOURA,Consumidor Livre,NORDESTE,388.8,463.952916
,2023-10-08,2377.0,ACUM MOURA,Consumidor Livre,NORDESTE,388.8,367.679303
,2023-10-09,2377.0,ACUM MOURA,Consumidor Livre,NORDESTE,388.8,407.082727
,2023-10-10,2377.0,ACUM MOURA,Consumidor Livre,NORDESTE,388.8,450.943219
,2023-10-11,2377.0,ACUM MOURA,Consumidor Livre,NORDESTE,388.8,470.009361
,2023-10-12,2377.0,ACUM MOURA,Consumidor Livre,NORDESTE,388.8,273.487546
,2023-10-13,2377.0,ACUM MOURA,Consumidor Livre,NORDESTE,388.8,398.02068
,2023-10-14,2377.0,ACUM MOURA,Consumidor Livre,NORDESTE,388.8,436.534435
,2023-10-15,2377.0,ACUM MOURA,Consumidor Livre,NORDESTE,388.8,350.61863900000003
,2023-10-16,2377.0,ACUM MOURA,Consumidor Livre,NORDESTE,388.8,419.059609
,2023-10-17,2377.0,ACUM MOURA,Consumidor Livre,NORDESTE,388.8,469.895629
,2023-10-18,2377.0,ACUM MOURA,Consumidor Livre,NORDESTE,388.8,459.994066
,2023-10-19,2377.0,ACUM MOURA,Consumidor Livre,NORDESTE,388.8,430.449892
,2023-10-20,2377.0,ACUM MOURA,Consumidor Livre,NORDESTE,388.8,470.887344
,2023-10-21,2377.0,ACUM MOURA,Consumidor Livre,NORDESTE,388.8,457.509762
,2023-10-22,2377.0,ACUM MOURA,Consumidor Livre,NORDESTE,388.8,349.992265
,2023-10-23,2377.0,ACUM MOURA,Consumidor Livre,NORDESTE,388.8,413.123565
,2023-10-24,2377.0,ACUM MOURA,Consumidor Livre,NORDESTE,388.8,466.020643
,2023-10-25,2377.0,ACUM MOURA,Consumidor Livre,NORDESTE,388.8,466.042362
,2023-10-26,2377.0,ACUM MOURA,Consumidor Livre,NORDESTE,388.8,455.825251
,2023-10-27,2377.0,ACUM MOURA,Consumidor Livre,NORDESTE,388.8,454.95807
,2023-10-28,2377.0,ACUM MOURA,Consumidor Livre,NORDESTE,388.8,450.09486
,2023-10-29,2377.0,ACUM MOURA,Consumidor Livre,NORDESTE,388.8,359.839724
,2023-10-30,2377.0,ACUM MOURA,Consumidor Livre,NORDESTE,388.8,405.028385
,2023-10-31,2377.0,ACUM MOURA,Consumidor Livre,NORDESTE,388.8,458.345302
,2023-11-01,2377.0,ACUM MOURA,Consumidor Livre,NORDESTE,388.8,445.520491
,2023-11-02,2377.0,ACUM MOURA,Consumidor Livre,NORDESTE,388.8,334.222825
,2023-11-03,2377.0,ACUM MOURA,Consumidor Livre,NORDESTE,388.8,379.038114
,2023-11-04,2377.0,ACUM MOURA,Consumidor Livre,NORDESTE,388.8,443.744463
,2023-11-05,2377.0,ACUM MOURA,Consumidor Livre,NORDESTE,388.8,335.838979
,2023-11-06,2377.0,ACUM MOURA,Consumidor Livre,NORDESTE,388.8,398.997907
,2023-11-07,2377.0,ACUM MOURA,Consumidor Livre,NORDESTE,388.8,460.364876
,2023-11-08,2377.0,ACUM MOURA,Consumidor Livre,NORDESTE,388.8,447.659995
,2023-11-09,2377.0,ACUM MOURA,Consumidor Livre,NORDESTE,388.8,461.037439
,2023-11-10,2377.0,ACUM MOURA,Consumidor Livre,NORDESTE,388.8,465.023204
,2023-11-11,2377.0,ACUM MOURA,Consumidor Livre,NORDESTE,388.8,451.795481
,2023-11-12,2377.0,ACUM MOURA,Consumidor Livre,NORDESTE,388.8,358.153833
,2023-11-13,2377.0,ACUM MOURA,Consumidor Livre,NORDESTE,388.8,401.718885
,2023-11-14,2377.0,ACUM MOURA,Consumidor Livre,NORDESTE,388.8,450.088059
,2023-11-15,2377.0,ACUM MOURA,Consumidor Livre,NORDESTE,388.8,335.546526
,2023-11-16,2377.0,ACUM MOURA,Consumidor Livre,NORDESTE,388.8,384.439254
,2023-11-17,2377.0,ACUM MOURA,Consumidor Livre,NORDESTE,388.8,451.894571
,2023-11-18,2377.0,ACUM MOURA,Consumidor Livre,NORDESTE,388.8,445.670608
,2023-11-19,2377.0,ACUM MOURA,Consumidor Livre,NORDESTE,388.8,347.54076
,2023-11-20,2377.0,ACUM MOURA,Consumidor Livre,NORDESTE,388.8,395.265861
,2023-11-21,2377.0,ACUM MOURA,Consumidor Livre,NORDESTE,388.8,455.343126
,2023-11-22,2377.0,ACUM MOURA,Consumidor Livre,NORDESTE,388.8,459.061341
,2023-11-23,2377.0,ACUM MOURA,Consumidor Livre,NORDESTE,388.8,468.456378
,2023-11-24,2377.0,ACUM MOURA,Consumidor Livre,NORDESTE,388.8,465.533362
,2023-11-25,2377.0,ACUM MOURA,Consumidor Livre,NORDESTE,388.8,445.145252
,2023-11-26,2377.0,ACUM MOURA,Consumidor Livre,NORDESTE,388.8,340.965949
,2023-11-27,2377.0,ACUM MOURA,Consumidor Livre,NORDESTE,388.8,384.045392
,2023-11-28,2377.0,ACUM MOURA,Consumidor Livre,NORDESTE,388.8,469.808638
,2023-11-29,2377.0,ACUM MOURA,Consumidor Livre,NORDESTE,388.8,463.30344
,2023-11-30,2377.0,ACUM MOURA,Consumidor Livre,NORDESTE,388.8,467.332597
,2023-12-01,2377.0,ACUM MOURA,Consumidor Livre,NORDESTE,388.8,462.979256
,2023-12-02,2377.0,ACUM MOURA,Consumidor Livre,NORDESTE,388.8,448.289067
,2023-12-03,2377.0,ACUM MOURA,Consumidor Livre,NORDESTE,388.8,355.755023
,2023-12-04,2377.0,ACUM MOURA,Consumidor Livre,NORDESTE,388.8,400.561352
,2023-12-05,2377.0,ACUM MOURA,Consumidor Livre,NORDESTE,388.8,444.875513
,2023-12-06,2377.0,ACUM MOURA,Consumidor Livre,NORDESTE,388.8,458.31019
,2023-12-07,2377.0,ACUM MOURA,Consumidor Livre,NORDESTE,388.8,463.954315
,2023-12-08,2377.0,ACUM MOURA,Consumidor Livre,NORDESTE,388.8,393.118604
,2023-12-09,2377.0,ACUM MOURA,Consumidor Livre,NORDESTE,388.8,415.906855
,2023-12-10,2377.0,ACUM MOURA,Consumidor Livre,NORDESTE,388.8,349.150689
,2023-12-11,2377.0,ACUM MOURA,Consumidor Livre,NORDESTE,388.8,393.991922
,2023-12-12,2377.0,ACUM MOURA,Consumidor Livre,NORDESTE,388.8,470.726206
,2023-12-13,2377.0,ACUM MOURA,Consumidor Livre,NORDESTE,388.8,462.58367
,2023-12-14,2377.0,ACUM MOURA,Consumidor Livre,NORDESTE,388.8,469.73436
,2023-12-15,2377.0,ACUM MOURA,Consumidor Livre,NORDESTE,388.8,477.168456
,2023-12-16,2377.0,ACUM MOURA,Consumidor Livre,NORDESTE,388.8,459.070272
,2023-12-17,2377.0,ACUM MOURA,Consumidor Livre,NORDESTE,388.8,336.048287
,2023-12-18,2377.0,ACUM MOURA,Consumidor Livre,NORDESTE,388.8,385.223088
,2023-12-19,2377.0,ACUM MOURA,Consumidor Livre,NORDESTE,388.8,457.982031
,2023-12-20,2377.0,ACUM MOURA,Consumidor Livre,NORDESTE,388.8,439.40136
,2023-12-21,2377.0,ACUM MOURA,Consumidor Livre,NORDESTE,388.8,456.06863
,2023-12-22,2377.0,ACUM MOURA,Consumidor Livre,NORDESTE,388.8,466.53033
,2023-12-23,2377.0,ACUM MOURA,Consumidor Livre,NORDESTE,388.8,457.289374
,2023-12-24,2377.0,ACUM MOURA,Consumidor Livre,NORDESTE,388.8,307.140746
,2023-12-25,2377.0,ACUM MOURA,Consumidor Livre,NORDESTE,388.8,210.111507
,2023-12-26,2377.0,ACUM MOURA,Consumidor Livre,NORDESTE,388.8,327.512277
,2023-12-27,2377.0,ACUM MOURA,Consumidor Livre,NORDESTE,388.8,442.101612
,2023-12-28,2377.0,ACUM MOURA,Consumidor Livre,NORDESTE,388.8,443.298801
,2023-12-29,2377.0,ACUM MOURA,Consumidor Livre,NORDESTE,388.8,441.504588
,2023-12-30,2377.0,ACUM MOURA,Consumidor Livre,NORDESTE,388.8,428.79095
,2023-12-31,2377.0,ACUM MOURA,Consumidor Livre,NORDESTE,388.8,309.90504500000003
,2024-01-01,2377.0,ACUM MOURA,Consumidor Livre,NORDESTE,388.8,170.79418
,2024-01-02,2377.0,ACUM MOURA,Consumidor Livre,NORDESTE,388.8,336.361561
,2024-01-03,2377.0,ACUM MOURA,Consumidor Livre,NORDESTE,388.8,437.760568
,2024-01-04,2377.0,ACUM MOURA,Consumidor Livre,NORDESTE,388.8,435.730706
,2024-01-05,2377.0,ACUM MOURA,Consumidor Livre,NORDESTE,388.8,444.528814
,2024-01-06,2377.0,ACUM MOURA,Consumidor Livre,NORDESTE,388.8,441.685049
,2024-01-07,2377.0,ACUM MOURA,Consumidor Livre,NORDESTE,388.8,340.432583
,2024-01-08,2377.0,ACUM MOURA,Consumidor Livre,NORDESTE,388.8,381.195455
,2024-01-09,2377.0,ACUM MOURA,Consumidor Livre,NORDESTE,388.8,436.651995
,2024-01-10,2377.0,ACUM MOURA,Consumidor Livre,NORDESTE,388.8,441.581512
,2024-01-11,2377.0,ACUM MOURA,Consumidor Livre,NORDESTE,388.8,445.429295
,2024-01-12,2377.0,ACUM MOURA,Consumidor Livre,NORDESTE,388.8,449.695355
,2024-01-13,2377.0,ACUM MOURA,Consumidor Livre,NORDESTE,388.8,453.829603
,2024-01-14,2377.0,ACUM MOURA,Consumidor Livre,NORDESTE,388.8,348.662533
,2024-01-15,2377.0,ACUM MOURA,Consumidor Livre,NORDESTE,388.8,387.440745
,2024-01-16,2377.0,ACUM MOURA,Consumidor Livre,NORDESTE,388.8,430.692684
,2024-01-17,2377.0,ACUM MOURA,Consumidor Livre,NORDESTE,388.8,424.422962
,2024-01-18,2377.0,ACUM MOURA,Consumidor Livre,NORDESTE,388.8,440.081692
,2024-01-19,2377.0,ACUM MOURA,Consumidor Livre,NORDESTE,388.8,438.555802
,2024-01-20,2377.0,ACUM MOURA,Consumidor Livre,NORDESTE,388.8,425.841632
,2024-01-21,2377.0,ACUM MOURA,Consumidor Livre,NORDESTE,388.8,332.078808
,2024-01-22,2377.0,ACUM MOURA,Consumidor Livre,NORDESTE,388.8,404.20056
,2024-01-23,2377.0,ACUM MOURA,Consumidor Livre,NORDESTE,388.8,454.192317
,2024-01-24,2377.0,ACUM MOURA,Consumidor Livre,NORDESTE,388.8,449.608417
,2024-01-25,2377.0,ACUM MOURA,Consumidor Livre,NORDESTE,388.8,451.754469
,2024-01-26,2377.0,ACUM MOURA,Consumidor Livre,NORDESTE,388.8,423.462117
,2024-01-27,2377.0,ACUM MOURA,Consumidor Livre,NORDESTE,388.8,441.696423
,2024-01-28,2377.0,ACUM MOURA,Consumidor Livre,NORDESTE,388.8,342.914339
,2024-01-29,2377.0,ACUM MOURA,Consumidor Livre,NORDESTE,388.8,403.636864
,2024-01-30,2377.0,ACUM MOURA,Consumidor Livre,NORDESTE,388.8,449.420981
,2024-01-31,2377.0,ACUM MOURA,Consumidor Livre,NORDESTE,388.8,457.637878
,2024-02-01,2377.0,ACUM MOURA,Consumidor Livre,NORDESTE,388.8,466.284116
,2024-02-02,2377.0,ACUM MOURA,Consumidor Livre,NORDESTE,388.8,468.16865
,2024-02-03,2377.0,ACUM MOURA,Consumidor Livre,NORDESTE,388.8,457.363974
,2024-02-04,2377.0,ACUM MOURA,Consumidor Livre,NORDESTE,388.8,341.697421
,2024-02-05,2377.0,ACUM MOURA,Consumidor Livre,NORDESTE,388.8,401.806218
,2024-02-06,2377.0,ACUM MOURA,Consumidor Livre,NORDESTE,388.8,458.254462
,2024-02-07,2377.0,ACUM MOURA,Consumidor Livre,NORDESTE,388.8,452.990871
,2024-02-08,2377.0,ACUM MOURA,Consumidor Livre,NORDESTE,388.8,453.145352
,2024-02-09,2377.0,ACUM MOURA,Consumidor Livre,NORDESTE,388.8,458.213137
,2024-02-10,2377.0,ACUM MOURA,Consumidor Livre,NORDESTE,388.8,439.927455
,2024-02-11,2377.0,ACUM MOURA,Consumidor Livre,NORDESTE,388.8,379.774464
,2024-02-12,2377.0,ACUM MOURA,Consumidor Livre,NORDESTE,388.8,406.815697
,2024-02-13,2377.0,ACUM MOURA,Consumidor Livre,NORDESTE,388.8,470.988378
,2024-02-14,2377.0,ACUM MOURA,Consumidor Livre,NORDESTE,388.8,482.66418
,2024-02-15,2377.0,ACUM MOURA,Consumidor Livre,NORDESTE,388.8,482.17332
,2024-02-16,2377.0,ACUM MOURA,Consumidor Livre,NORDESTE,388.8,475.107831
,2024-02-17,2377.0,ACUM MOURA,Consumidor Livre,NORDESTE,388.8,459.317609
,2024-02-18,2377.0,ACUM MOURA,Consumidor Livre,NORDESTE,388.8,380.912186
,2024-02-19,2377.0,ACUM MOURA,Consumidor Livre,NORDESTE,388.8,417.762876
,2024-02-20,2377.0,ACUM MOURA,Consumidor Livre,NORDESTE,388.8,485.858652
,2024-02-21,2377.0,ACUM MOURA,Consumidor Livre,NORDESTE,388.8,477.150117
,2024-02-22,2377.0,ACUM MOURA,Consumidor Livre,NORDESTE,388.8,475.009035
,2024-02-23,2377.0,ACUM MOURA,Consumidor Livre,NORDESTE,388.8,476.0935
,2024-02-24,2377.0,ACUM MOURA,Consumidor Livre,NORDESTE,388.8,474.371443
,2024-02-25,2377.0,ACUM MOURA,Consumidor Livre,NORDESTE,388.8,398.930698
,2024-02-26,2377.0,ACUM MOURA,Consumidor Livre,NORDESTE,388.8,422.308647
,2024-02-27,2377.0,ACUM MOURA,Consumidor Livre,NORDESTE,388.8,484.016462
,2024-02-28,2377.0,ACUM MOURA,Consumidor Livre,NORDESTE,388.8,480.686036
,2024-02-29,2377.0,ACUM MOURA,Consumidor Livre,NORDESTE,388.8,445.679643
202403.0,2024-03-01,2377.0,ACUM MOURA,Consumidor Livre,NORDESTE,388.8,473.299458
202403.0,2024-03-01,2377.0,ACUM MOURA,Consumidor Livre,NORDESTE,388.8,473.299458
,2024-03-01,,ACUM MOURA,,,388.8,473.299458
202403.0,2024-03-02,2377.0,ACUM MOURA,Consumidor Livre,NORDESTE,388.8,471.097463
202403.0,2024-03-02,2377.0,ACUM MOURA,Consumidor Livre,NORDESTE,388.8,471.097463
,2024-03-02,,ACUM MOURA,,,388.8,471.097463
202403.0,2024-03-03,2377.0,ACUM MOURA,Consumidor Livre,NORDESTE,388.8,388.056705
202403.0,2024-03-03,2377.0,ACUM MOURA,Consumidor Livre,NORDESTE,388.8,388.056705
,2024-03-03,,ACUM MOURA,,,388.8,388.056705
202403.0,2024-03-04,2377.0,ACUM MOURA,Consumidor Livre,NORDESTE,388.8,445.321017
202403.0,2024-03-04,2377.0,ACUM MOURA,Consumidor Livre,NORDESTE,388.8,445.321017
,2024-03-04,,ACUM MOURA,,,388.8,445.321017
202403.0,2024-03-05,2377.0,ACUM MOURA,Consumidor Livre,NORDESTE,388.8,483.467344
202403.0,2024-03-05,2377.0,ACUM MOURA,Consumidor Livre,NORDESTE,388.8,483.467344
,2024-03-05,,ACUM MOURA,,,388.8,483.467344
202403.0,2024-03-06,2377.0,ACUM MOURA,Consumidor Livre,NORDESTE,388.8,457.312621
202403.0,2024-03-06,2377.0,ACUM MOURA,Consumidor Livre,NORDESTE,388.8,457.312621
,2024-03-06,,ACUM MOURA,,,388.8,457.312621
202403.0,2024-03-07,2377.0,ACUM MOURA,Consumidor Livre,NORDESTE,388.8,486.8681
202403.0,2024-03-07,2377.0,ACUM MOURA,Consumidor Livre,NORDESTE,388.8,486.8681
,2024-03-07,,ACUM MOURA,,,388.8,486.8681
202403.0,2024-03-08,2377.0,ACUM MOURA,Consumidor Livre,NORDESTE,388.8,498.280014
202403.0,2024-03-08,2377.0,ACUM MOURA,Consumidor Livre,NORDESTE,388.8,498.280014
,2024-03-08,,ACUM MOURA,,,388.8,498.280014
202403.0,2024-03-09,2377.0,ACUM MOURA,Consumidor Livre,NORDESTE,388.8,477.460728
202403.0,2024-03-09,2377.0,ACUM MOURA,Consumidor Livre,NORDESTE,388.8,477.460728
,2024-03-09,,ACUM MOURA,,,388.8,477.460728
202403.0,2024-03-10,2377.0,ACUM MOURA,Consumidor Livre,NORDESTE,388.8,412.01743
202403.0,2024-03-10,2377.0,ACUM MOURA,Consumidor Livre,NORDESTE,388.8,412.01743
,2024-03-10,,ACUM MOURA,,,388.8,412.01743
202403.0,2024-03-11,2377.0,ACUM MOURA,Consumidor Livre,NORDESTE,388.8,434.134079
202403.0,2024-03-11,2377.0,ACUM MOURA,Consumidor Livre,NORDESTE,388.8,434.134079
,2024-03-11,,ACUM MOURA,,,388.8,434.134079
202403.0,2024-03-12,2377.0,ACUM MOURA,Consumidor Livre,NORDESTE,388.8,489.164005
202403.0,2024-03-12,2377.0,ACUM MOURA,Consumidor Livre,NORDESTE,388.8,489.164005
,2024-03-12,,ACUM MOURA,,,388.8,489.164005
202403.0,2024-03-13,2377.0,ACUM MOURA,Consumidor Livre,NORDESTE,388.8,505.008395
202403.0,2024-03-13,2377.0,ACUM MOURA,Consumidor Livre,NORDESTE,388.8,505.008395
,2024-03-13,,ACUM MOURA,,,388.8,505.008395
202403.0,2024-03-14,2377.0,ACUM MOURA,Consumidor Livre,NORDESTE,388.8,506.55704
202403.0,2024-03-14,2377.0,ACUM MOURA,Consumidor Livre,NORDESTE,388.8,506.55704
,2024-03-14,,ACUM MOURA,,,388.8,506.55704
202403.0,2024-03-15,2377.0,ACUM MOURA,Consumidor Livre,NORDESTE,388.8,504.554297
202403.0,2024-03-15,2377.0,ACUM MOURA,Consumidor Livre,NORDESTE,388.8,504.554297
,2024-03-15,,ACUM MOURA,,,388.8,504.554297
202403.0,2024-03-16,2377.0,ACUM MOURA,Consumidor Livre,NORDESTE,388.8,489.638364
202403.0,2024-03-16,2377.0,ACUM MOURA,Consumidor Livre,NORDESTE,388.8,489.638364
,2024-03-16,,ACUM MOURA,,,388.8,489.638364
202403.0,2024-03-17,2377.0,ACUM MOURA,Consumidor Livre,NORDESTE,388.8,422.053918
202403.0,2024-03-17,2377.0,ACUM MOURA,Consumidor Livre,NORDESTE,388.8,422.053918
,2024-03-17,,ACUM MOURA,,,388.8,422.053918
202403.0,2024-03-18,2377.0,ACUM MOURA,Consumidor Livre,NORDESTE,388.8,439.833934
202403.0,2024-03-18,2377.0,ACUM MOURA,Consumidor Livre,NORDESTE,388.8,439.833934
,2024-03-18,,ACUM MOURA,,,388.8,439.833934
202403.0,2024-03-19,2377.0,ACUM MOURA,Consumidor Livre,NORDESTE,388.8,497.387068
202403.0,2024-03-19,2377.0,ACUM MOURA,Consumidor Livre,NORDESTE,388.8,497.387068
,2024-03-19,,ACUM MOURA,,,388.8,497.387068
202403.0,2024-03-20,2377.0,ACUM MOURA,Consumidor Livre,NORDESTE,388.8,497.624314
202403.0,2024-03-20,2377.0,ACUM MOURA,Consumidor Livre,NORDESTE,388.8,497.624314
,2024-03-20,,ACUM MOURA,,,388.8,497.624314
202403.0,2024-03-21,2377.0,ACUM MOURA,Consumidor Livre,NORDESTE,388.8,518.078265
202403.0,2024-03-21,2377.0,ACUM MOURA,Consumidor Livre,NORDESTE,388.8,518.078265
,2024-03-21,,ACUM MOURA,,,388.8,518.078265
202403.0,2024-03-22,2377.0,ACUM MOURA,Consumidor Livre,NORDESTE,388.8,515.807432
202403.0,2024-03-22,2377.0,ACUM MOURA,Consumidor Livre,NORDESTE,388.8,515.807432
,2024-03-22,,ACUM MOURA,,,388.8,515.807432
202403.0,2024-03-23,2377.0,ACUM MOURA,Consumidor Livre,NORDESTE,388.8,527.725654
202403.0,2024-03-23,2377.0,ACUM MOURA,Consumidor Livre,NORDESTE,388.8,527.725654
,2024-03-23,,ACUM MOURA,,,388.8,527.725654
202403.0,2024-03-24,2377.0,ACUM MOURA,Consumidor Livre,NORDESTE,388.8,430.125965
202403.0,2024-03-24,2377.0,ACUM MOURA,Consumidor Livre,NORDESTE,388.8,430.125965
,2024-03-24,,ACUM MOURA,,,388.8,430.125965
202403.0,2024-03-25,2377.0,ACUM MOURA,Consumidor Livre,NORDESTE,388.8,467.261099
202403.0,2024-03-25,2377.0,ACUM MOURA,Consumidor Livre,NORDESTE,388.8,467.261099
,2024-03-25,,ACUM MOURA,,,388.8,467.261099
202403.0,2024-03-26,2377.0,ACUM MOURA,Consumidor Livre,NORDESTE,388.8,516.878238
202403.0,2024-03-26,2377.0,ACUM MOURA,Consumidor Livre,NORDESTE,388.8,516.878238
,2024-03-26,,ACUM MOURA,,,388.8,516.878238
202403.0,2024-03-27,2377.0,ACUM MOURA,Consumidor Livre,NORDESTE,388.8,504.40862
202403.0,2024-03-27,2377.0,ACUM MOURA,Consumidor Livre,NORDESTE,388.8,504.40862
,2024-03-27,,ACUM MOURA,,,388.8,504.40862
202403.0,2024-03-28,2377.0,ACUM MOURA,Consumidor Livre,NORDESTE,388.8,493.739443
202403.0,2024-03-28,2377.0,ACUM MOURA,Consumidor Livre,NORDESTE,388.8,493.739443
,2024-03-28,,ACUM MOURA,,,388.8,493.739443
202403.0,2024-03-29,2377.0,ACUM MOURA,Consumidor Livre,NORDESTE,388.8,415.766445
202403.0,2024-03-29,2377.0,ACUM MOURA,Consumidor Livre,NORDESTE,388.8,415.766445
,2024-03-29,,ACUM MOURA,,,388.8,415.766445
202403.0,2024-03-30,2377.0,ACUM MOURA,Consumidor Livre,NORDESTE,388.8,428.274911
202403.0,2024-03-30,2377.0,ACUM MOURA,Consumidor Livre,NORDESTE,388.8,428.274911
,2024-03-30,,ACUM MOURA,,,388.8,428.274911
202403.0,2024-03-31,2377.0,ACUM MOURA,Consumidor Livre,NORDESTE,388.8,431.323239
202403.0,2024-03-31,2377.0,ACUM MOURA,Consumidor Livre,NORDESTE,388.8,431.323239
,2024-03-31,,ACUM MOURA,,,388.8,431.323239
202404.0,2024-04-01,2377.0,ACUM MOURA,Consumidor Livre,NORDESTE,388.8,460.026695
202404.0,2024-04-01,2377.0,ACUM MOURA,Consumidor Livre,NORDESTE,388.8,460.026695
,2024-04-01,,ACUM MOURA,,,388.8,460.026695
202404.0,2024-04-02,2377.0,ACUM MOURA,Consumidor Livre,NORDESTE,388.8,508.257161
202404.0,2024-04-02,2377.0,ACUM MOURA,Consumidor Livre,NORDESTE,388.8,508.257161
,2024-04-02,,ACUM MOURA,,,388.8,508.257161
202404.0,2024-04-03,2377.0,ACUM MOURA,Consumidor Livre,NORDESTE,388.8,509.393125
202404.0,2024-04-03,2377.0,ACUM MOURA,Consumidor Livre,NORDESTE,388.8,509.393125
,2024-04-03,,ACUM MOURA,,,388.8,509.393125
202404.0,2024-04-04,2377.0,ACUM MOURA,Consumidor Livre,NORDESTE,388.8,505.375498
202404.0,2024-04-04,2377.0,ACUM MOURA,Consumidor Livre,NORDESTE,388.8,505.375498
,2024-04-04,,ACUM MOURA,,,388.8,505.375498
202404.0,2024-04-05,2377.0,ACUM MOURA,Consumidor Livre,NORDESTE,388.8,508.549201
202404.0,2024-04-05,2377.0,ACUM MOURA,Consumidor Livre,NORDESTE,388.8,508.549201
,2024-04-05,,ACUM MOURA,,,388.8,508.549201
202404.0,2024-04-06,2377.0,ACUM MOURA,Consumidor Livre,NORDESTE,388.8,500.905719
202404.0,2024-04-06,2377.0,ACUM MOURA,Consumidor Livre,NORDESTE,388.8,500.905719
,2024-04-06,,ACUM MOURA,,,388.8,500.905719
202404.0,2024-04-07,2377.0,ACUM MOURA,Consumidor Livre,NORDESTE,388.8,430.457653
202404.0,2024-04-07,2377.0,ACUM MOURA,Consumidor Livre,NORDESTE,388.8,430.457653
,2024-04-07,,ACUM MOURA,,,388.8,430.457653
202404.0,2024-04-08,2377.0,ACUM MOURA,Consumidor Livre,NORDESTE,388.8,472.072561
202404.0,2024-04-08,2377.0,ACUM MOURA,Consumidor Livre,NORDESTE,388.8,472.072561
,2024-04-08,,ACUM MOURA,,,388.8,472.072561
202404.0,2024-04-09,2377.0,ACUM MOURA,Consumidor Livre,NORDESTE,388.8,501.645653
202404.0,2024-04-09,2377.0,ACUM MOURA,Consumidor Livre,NORDESTE,388.8,501.645653
,2024-04-09,,ACUM MOURA,,,388.8,501.645653
202404.0,2024-04-10,2377.0,ACUM MOURA,Consumidor Livre,NORDESTE,388.8,507.613316
202404.0,2024-04-10,2377.0,ACUM MOURA,Consumidor Livre,NORDESTE,388.8,507.613316
,2024-04-10,,ACUM MOURA,,,388.8,507.613316
202404.0,2024-04-11,2377.0,ACUM MOURA,Consumidor Livre,NORDESTE,388.8,514.157537
202404.0,2024-04-11,2377.0,ACUM MOURA,Consumidor Livre,NORDESTE,388.8,514.157537
,2024-04-11,,ACUM MOURA,,,388.8,514.157537
202404.0,2024-04-12,2377.0,ACUM MOURA,Consumidor Livre,NORDESTE,388.8,507.029778
202404.0,2024-04-12,2377.0,ACUM MOURA,Consumidor Livre,NORDESTE,388.8,507.029778
,2024-04-12,,ACUM MOURA,,,388.8,507.029778
202404.0,2024-04-13,2377.0,ACUM MOURA,Consumidor Livre,NORDESTE,388.8,512.299297
202404.0,2024-04-13,2377.0,ACUM MOURA,Consumidor Livre,NORDESTE,388.8,512.299297
,2024-04-13,,ACUM MOURA,,,388.8,512.299297
202404.0,2024-04-14,2377.0,ACUM MOURA,Consumidor Livre,NORDESTE,388.8,419.587202
202404.0,2024-04-14,2377.0,ACUM MOURA,Consumidor Livre,NORDESTE,388.8,419.587202
,2024-04-14,,ACUM MOURA,,,388.8,419.587202
202404.0,2024-04-15,2377.0,ACUM MOURA,Consumidor Livre,NORDESTE,388.8,475.944581
202404.0,2024-04-15,2377.0,ACUM MOURA,Consumidor Livre,NORDESTE,388.8,475.944581
,2024-04-15,,ACUM MOURA,,,388.8,475.944581
202404.0,2024-04-16,2377.0,ACUM MOURA,Consumidor Livre,NORDESTE,388.8,516.329195
202404.0,2024-04-16,2377.0,ACUM MOURA,Consumidor Livre,NORDESTE,388.8,516.329195
,2024-04-16,,ACUM MOURA,,,388.8,516.329195
202404.0,2024-04-17,2377.0,ACUM MOURA,Consumidor Livre,NORDESTE,388.8,513.166395
202404.0,2024-04-17,2377.0,ACUM MOURA,Consumidor Livre,NORDESTE,388.8,513.166395
,2024-04-17,,ACUM MOURA,,,388.8,513.166395
202404.0,2024-04-18,2377.0,ACUM MOURA,Consumidor Livre,NORDESTE,388.8,524.846316
202404.0,2024-04-18,2377.0,ACUM MOURA,Consumidor Livre,NORDESTE,388.8,524.846316
,2024-04-18,,ACUM MOURA,,,388.8,524.846316
202404.0,2024-04-19,2377.0,ACUM MOURA,Consumidor Livre,NORDESTE,388.8,510.908004
202404.0,2024-04-19,2377.0,ACUM MOURA,Consumidor Livre,NORDESTE,388.8,510.908004
,2024-04-19,,ACUM MOURA,,,388.8,510.908004
202404.0,2024-04-20,2377.0,ACUM MOURA,Consumidor Livre,NORDESTE,388.8,505.056799
202404.0,2024-04-20,2377.0,ACUM MOURA,Consumidor Livre,NORDESTE,388.8,505.056799
,2024-04-20,,ACUM MOURA,,,388.8,505.056799
202404.0,2024-04-21,2377.0,ACUM MOURA,Consumidor Livre,NORDESTE,388.8,429.156618
202404.0,2024-04-21,2377.0,ACUM MOURA,Consumidor Livre,NORDESTE,388.8,429.156618
,2024-04-21,,ACUM MOURA,,,388.8,429.156618
202404.0,2024-04-22,2377.0,ACUM MOURA,Consumidor Livre,NORDESTE,388.8,481.233788
202404.0,2024-04-22,2377.0,ACUM MOURA,Consumidor Livre,NORDESTE,388.8,481.233788
,2024-04-22,,ACUM MOURA,,,388.8,481.233788
202404.0,2024-04-23,2377.0,ACUM MOURA,Consumidor Livre,NORDESTE,388.8,523.859411
202404.0,2024-04-23,2377.0,ACUM MOURA,Consumidor Livre,NORDESTE,388.8,523.859411
,2024-04-23,,ACUM MOURA,,,388.8,523.859411
202404.0,2024-04-24,2377.0,ACUM MOURA,Consumidor Livre,NORDESTE,388.8,517.508628
202404.0,2024-04-24,2377.0,ACUM MOURA,Consumidor Livre,NORDESTE,388.8,517.508628
,2024-04-24,,ACUM MOURA,,,388.8,517.508628
202404.0,2024-04-25,2377.0,ACUM MOURA,Consumidor Livre,NORDESTE,388.8,519.477562
202404.0,2024-04-25,2377.0,ACUM MOURA,Consumidor Livre,NORDESTE,388.8,519.477562
,2024-04-25,,ACUM MOURA,,,388.8,519.477562
202404.0,2024-04-26,2377.0,ACUM MOURA,Consumidor Livre,NORDESTE,388.8,514.553613
202404.0,2024-04-26,2377.0,ACUM MOURA,Consumidor Livre,NORDESTE,388.8,514.553613
,2024-04-26,,ACUM MOURA,,,388.8,514.553613
202404.0,2024-04-27,2377.0,ACUM MOURA,Consumidor Livre,NORDESTE,388.8,502.704301
202404.0,2024-04-27,2377.0,ACUM MOURA,Consumidor Livre,NORDESTE,388.8,502.704301
,2024-04-27,,ACUM MOURA,,,388.8,502.704301
202404.0,2024-04-28,2377.0,ACUM MOURA,Consumidor Livre,NORDESTE,388.8,399.104953
202404.0,2024-04-28,2377.0,ACUM MOURA,Consumidor Livre,NORDESTE,388.8,399.104953
,2024-04-28,,ACUM MOURA,,,388.8,399.104953
202404.0,2024-04-29,2377.0,ACUM MOURA,Consumidor Livre,NORDESTE,388.8,442.559494
202404.0,2024-04-29,2377.0,ACUM MOURA,Consumidor Livre,NORDESTE,388.8,442.559494
,2024-04-29,,ACUM MOURA,,,388.8,442.559494
202404.0,2024-04-30,2377.0,ACUM MOURA,Consumidor Livre,NORDESTE,388.8,488.486171
202404.0,2024-04-30,2377.0,ACUM MOURA,Consumidor Livre,NORDESTE,388.8,488.486171
,2024-04-30,,ACUM MOURA,,,388.8,488.486171
202405.0,2024-05-01,2377.0,ACUM MOURA,Consumidor Livre,NORDESTE,388.8,386.141482
202405.0,2024-05-01,2377.0,ACUM MOURA,Consumidor Livre,NORDESTE,388.8,386.141482
,2024-05-01,,ACUM MOURA,,,388.8,386.141482
202405.0,2024-05-02,2377.0,ACUM MOURA,Consumidor Livre,NORDESTE,388.8,442.696589
202405.0,2024-05-02,2377.0,ACUM MOURA,Consumidor Livre,NORDESTE,388.8,442.696589
,2024-05-02,,ACUM MOURA,,,388.8,442.696589
202405.0,2024-05-03,2377.0,ACUM MOURA,Consumidor Livre,NORDESTE,388.8,495.100882
202405.0,2024-05-03,2377.0,ACUM MOURA,Consumidor Livre,NORDESTE,388.8,495.100882
,2024-05-03,,ACUM MOURA,,,388.8,495.100882
202405.0,2024-05-04,2377.0,ACUM MOURA,Consumidor Livre,NORDESTE,388.8,472.720687
202405.0,2024-05-04,2377.0,ACUM MOURA,Consumidor Livre,NORDESTE,388.8,472.720687
,2024-05-04,,ACUM MOURA,,,388.8,472.720687
202405.0,2024-05-05,2377.0,ACUM MOURA,Consumidor Livre,NORDESTE,388.8,389.244638
202405.0,2024-05-05,2377.0,ACUM MOURA,Consumidor Livre,NORDESTE,388.8,389.244638
,2024-05-05,,ACUM MOURA,,,388.8,389.244638
202405.0,2024-05-06,2377.0,ACUM MOURA,Consumidor Livre,NORDESTE,388.8,440.859141
202405.0,2024-05-06,2377.0,ACUM MOURA,Consumidor Livre,NORDESTE,388.8,440.859141
,2024-05-06,,ACUM MOURA,,,388.8,440.859141
202405.0,2024-05-07,2377.0,ACUM MOURA,Consumidor Livre,NORDESTE,388.8,493.519001
202405.0,2024-05-07,2377.0,ACUM MOURA,Consumidor Livre,NORDESTE,388.8,493.519001
,2024-05-07,,ACUM MOURA,,,388.8,493.519001
202405.0,2024-05-08,2377.0,ACUM MOURA,Consumidor Livre,NORDESTE,388.8,496.38665
202405.0,2024-05-08,2377.0,ACUM MOURA,Consumidor Livre,NORDESTE,388.8,496.38665
,2024-05-08,,ACUM MOURA,,,388.8,496.38665
202405.0,2024-05-09,2377.0,ACUM MOURA,Consumidor Livre,NORDESTE,388.8,496.346058
202405.0,2024-05-09,2377.0,ACUM MOURA,Consumidor Livre,NORDESTE,388.8,496.346058
,2024-05-09,,ACUM MOURA,,,388.8,496.346058
202405.0,2024-05-10,2377.0,ACUM MOURA,Consumidor Livre,NORDESTE,388.8,494.195112
202405.0,2024-05-10,2377.0,ACUM MOURA,Consumidor Livre,NORDESTE,388.8,494.195112
,2024-05-10,,ACUM MOURA,,,388.8,494.195112
202405.0,2024-05-11,2377.0,ACUM MOURA,Consumidor Livre,NORDESTE,388.8,496.261961
202405.0,2024-05-11,2377.0,ACUM MOURA,Consumidor Livre,NORDESTE,388.8,496.261961
,2024-05-11,,ACUM MOURA,,,388.8,496.261961
202405.0,2024-05-12,2377.0,ACUM MOURA,Consumidor Livre,NORDESTE,388.8,413.377722
202405.0,2024-05-12,2377.0,ACUM MOURA,Consumidor Livre,NORDESTE,388.8,413.377722
,2024-05-12,,ACUM MOURA,,,388.8,413.377722
202405.0,2024-05-13,2377.0,ACUM MOURA,Consumidor Livre,NORDESTE,388.8,460.033002
202405.0,2024-05-13,2377.0,ACUM MOURA,Consumidor Livre,NORDESTE,388.8,460.033002
,2024-05-13,,ACUM MOURA,,,388.8,460.033002
202405.0,2024-05-14,2377.0,ACUM MOURA,Consumidor Livre,NORDESTE,388.8,505.656894
202405.0,2024-05-14,2377.0,ACUM MOURA,Consumidor Livre,NORDESTE,388.8,505.656894
,2024-05-14,,ACUM MOURA,,,388.8,505.656894
202405.0,2024-05-15,2377.0,ACUM MOURA,Consumidor Livre,NORDESTE,388.8,503.811201
202405.0,2024-05-15,2377.0,ACUM MOURA,Consumidor Livre,NORDESTE,388.8,503.811201
,2024-05-15,,ACUM MOURA,,,388.8,503.811201
202405.0,2024-05-16,2377.0,ACUM MOURA,Consumidor Livre,NORDESTE,388.8,511.129197
202405.0,2024-05-16,2377.0,ACUM MOURA,Consumidor Livre,NORDESTE,388.8,511.129197
,2024-05-16,,ACUM MOURA,,,388.8,511.129197
202405.0,2024-05-17,2377.0,ACUM MOURA,Consumidor Livre,NORDESTE,388.8,522.012965
202405.0,2024-05-17,2377.0,ACUM MOURA,Consumidor Livre,NORDESTE,388.8,522.012965
,2024-05-17,,ACUM MOURA,,,388.8,522.012965
202405.0,2024-05-18,2377.0,ACUM MOURA,Consumidor Livre,NORDESTE,388.8,521.607374
202405.0,2024-05-18,2377.0,ACUM MOURA,Consumidor Livre,NORDESTE,388.8,521.607374
,2024-05-18,,ACUM MOURA,,,388.8,521.607374
202405.0,2024-05-19,2377.0,ACUM MOURA,Consumidor Livre,NORDESTE,388.8,437.064317
202405.0,2024-05-19,2377.0,ACUM MOURA,Consumidor Livre,NORDESTE,388.8,437.064317
,2024-05-19,,ACUM MOURA,,,388.8,437.064317
202405.0,2024-05-20,2377.0,ACUM MOURA,Consumidor Livre,NORDESTE,388.8,480.533379
202405.0,2024-05-20,2377.0,ACUM MOURA,Consumidor Livre,NORDESTE,388.8,480.533379
,2024-05-20,,ACUM MOURA,,,388.8,480.533379
202405.0,2024-05-21,2377.0,ACUM MOURA,Consumidor Livre,NORDESTE,388.8,518.341761
202405.0,2024-05-21,2377.0,ACUM MOURA,Consumidor Livre,NORDESTE,388.8,518.341761
,2024-05-21,,ACUM MOURA,,,388.8,518.341761
202405.0,2024-05-22,2377.0,ACUM MOURA,Consumidor Livre,NORDESTE,388.8,520.6423139999999
202405.0,2024-05-22,2377.0,ACUM MOURA,Consumidor Livre,NORDESTE,388.8,520.6423139999999
,2024-05-22,,ACUM MOURA,,,388.8,520.6423139999999
202405.0,2024-05-23,2377.0,ACUM MOURA,Consumidor Livre,NORDESTE,388.8,522.538982
202405.0,2024-05-23,2377.0,ACUM MOURA,Consumidor Livre,NORDESTE,388.8,522.538982
,2024-05-23,,ACUM MOURA,,,388.8,522.538982
202405.0,2024-05-24,2377.0,ACUM MOURA,Consumidor Livre,NORDESTE,388.8,540.803757
202405.0,2024-05-24,2377.0,ACUM MOURA,Consumidor Livre,NORDESTE,388.8,540.803757
,2024-05-24,,ACUM MOURA,,,388.8,540.803757
202405.0,2024-05-25,2377.0,ACUM MOURA,Consumidor Livre,NORDESTE,388.8,502.365925
202405.0,2024-05-25,2377.0,ACUM MOURA,Consumidor Livre,NORDESTE,388.8,502.365925
,2024-05-25,,ACUM MOURA,,,388.8,502.365925
202405.0,2024-05-26,2377.0,ACUM MOURA,Consumidor Livre,NORDESTE,388.8,453.612794
202405.0,2024-05-26,2377.0,ACUM MOURA,Consumidor Livre,NORDESTE,388.8,453.612794
,2024-05-26,,ACUM MOURA,,,388.8,453.612794
202405.0,2024-05-27,2377.0,ACUM MOURA,Consumidor Livre,NORDESTE,388.8,489.126136
202405.0,2024-05-27,2377.0,ACUM MOURA,Consumidor Livre,NORDESTE,388.8,489.126136
,2024-05-27,,ACUM MOURA,,,388.8,489.126136
202405.0,2024-05-28,2377.0,ACUM MOURA,Consumidor Livre,NORDESTE,388.8,514.296842
202405.0,2024-05-28,2377.0,ACUM MOURA,Consumidor Livre,NORDESTE,388.8,514.296842
,2024-05-28,,ACUM MOURA,,,388.8,514.296842
202405.0,2024-05-29,2377.0,ACUM MOURA,Consumidor Livre,NORDESTE,388.8,531.604334
202405.0,2024-05-29,2377.0,ACUM MOURA,Consumidor Livre,NORDESTE,388.8,531.604334
,2024-05-29,,ACUM MOURA,,,388.8,531.604334
202405.0,2024-05-30,2377.0,ACUM MOURA,Consumidor Livre,NORDESTE,388.8,523.839802
202405.0,2024-05-30,2377.0,ACUM MOURA,Consumidor Livre,NORDESTE,388.8,523.839802
,2024-05-30,,ACUM MOURA,,,388.8,523.839802
202405.0,2024-05-31,2377.0,ACUM MOURA,Consumidor Livre,NORDESTE,388.8,528.728431
202405.0,2024-05-31,2377.0,ACUM MOURA,Consumidor Livre,NORDESTE,388.8,528.728431
,2024-05-31,,ACUM MOURA,,,388.8,528.728431
202406.0,2024-06-01,2377.0,ACUM MOURA,Consumidor Livre,NORDESTE,388.8,504.291732
202406.0,2024-06-01,2377.0,ACUM MOURA,Consumidor Livre,NORDESTE,388.8,504.291732
,2024-06-01,,ACUM MOURA,,,388.8,504.291732
202406.0,2024-06-02,2377.0,ACUM MOURA,Consumidor Livre,NORDESTE,388.8,449.548733
202406.0,2024-06-02,2377.0,ACUM MOURA,Consumidor Livre,NORDESTE,388.8,449.548733
,2024-06-02,,ACUM MOURA,,,388.8,449.548733
202406.0,2024-06-03,2377.0,ACUM MOURA,Consumidor Livre,NORDESTE,388.8,488.327197
202406.0,2024-06-03,2377.0,ACUM MOURA,Consumidor Livre,NORDESTE,388.8,488.327197
,2024-06-03,,ACUM MOURA,,,388.8,488.327197
202406.0,2024-06-04,2377.0,ACUM MOURA,Consumidor Livre,NORDESTE,388.8,506.715009
202406.0,2024-06-04,2377.0,ACUM MOURA,Consumidor Livre,NORDESTE,388.8,506.715009
,2024-06-04,,ACUM MOURA,,,388.8,506.715009
202406.0,2024-06-05,2377.0,ACUM MOURA,Consumidor Livre,NORDESTE,388.8,505.482969
202406.0,2024-06-05,2377.0,ACUM MOURA,Consumidor Livre,NORDESTE,388.8,505.482969
,2024-06-05,,ACUM MOURA,,,388.8,505.482969
202406.0,2024-06-06,2377.0,ACUM MOURA,Consumidor Livre,NORDESTE,388.8,527.362267
202406.0,2024-06-06,2377.0,ACUM MOURA,Consumidor Livre,NORDESTE,388.8,527.362267
,2024-06-06,,ACUM MOURA,,,388.8,527.362267
202406.0,2024-06-07,2377.0,ACUM MOURA,Consumidor Livre,NORDESTE,388.8,507.31048
202406.0,2024-06-07,2377.0,ACUM MOURA,Consumidor Livre,NORDESTE,388.8,507.31048
,2024-06-07,,ACUM MOURA,,,388.8,507.31048
202406.0,2024-06-08,2377.0,ACUM MOURA,Consumidor Livre,NORDESTE,388.8,520.05746
202406.0,2024-06-08,2377.0,ACUM MOURA,Consumidor Livre,NORDESTE,388.8,520.05746
,2024-06-08,,ACUM MOURA,,,388.8,520.05746
202406.0,2024-06-09,2377.0,ACUM MOURA,Consumidor Livre,NORDESTE,388.8,466.574838
202406.0,2024-06-09,2377.0,ACUM MOURA,Consumidor Livre,NORDESTE,388.8,466.574838
,2024-06-09,,ACUM MOURA,,,388.8,466.574838
202406.0,2024-06-10,2377.0,ACUM MOURA,Consumidor Livre,NORDESTE,388.8,487.45052
202406.0,2024-06-10,2377.0,ACUM MOURA,Consumidor Livre,NORDESTE,388.8,487.45052
,2024-06-10,,ACUM MOURA,,,388.8,487.45052
202406.0,2024-06-11,2377.0,ACUM MOURA,Consumidor Livre,NORDESTE,388.8,501.979269
202406.0,2024-06-11,2377.0,ACUM MOURA,Consumidor Livre,NORDESTE,388.8,501.979269
,2024-06-11,,ACUM MOURA,,,388.8,501.979269
202406.0,2024-06-12,2377.0,ACUM MOURA,Consumidor Livre,NORDESTE,388.8,507.102482
202406.0,2024-06-12,2377.0,ACUM MOURA,Consumidor Livre,NORDESTE,388.8,507.102482
,2024-06-12,,ACUM MOURA,,,388.8,507.102482
202406.0,2024-06-13,2377.0,ACUM MOURA,Consumidor Livre,NORDESTE,388.8,518.600363
202406.0,2024-06-13,2377.0,ACUM MOURA,Consumidor Livre,NORDESTE,388.8,518.600363
,2024-06-13,,ACUM MOURA,,,388.8,518.600363
202406.0,2024-06-14,2377.0,ACUM MOURA,Consumidor Livre,NORDESTE,388.8,525.389171
202406.0,2024-06-14,2377.0,ACUM MOURA,Consumidor Livre,NORDESTE,388.8,525.389171
,2024-06-14,,ACUM MOURA,,,388.8,525.389171
202406.0,2024-06-15,2377.0,ACUM MOURA,Consumidor Livre,NORDESTE,388.8,523.821932
202406.0,2024-06-15,2377.0,ACUM MOURA,Consumidor Livre,NORDESTE,388.8,523.821932
,2024-06-15,,ACUM MOURA,,,388.8,523.821932
202406.0,2024-06-16,2377.0,ACUM MOURA,Consumidor Livre,NORDESTE,388.8,457.281538
202406.0,2024-06-16,2377.0,ACUM MOURA,Consumidor Livre,NORDESTE,388.8,457.281538
,2024-06-16,,ACUM MOURA,,,388.8,457.281538
202406.0,2024-06-17,2377.0,ACUM MOURA,Consumidor Livre,NORDESTE,388.8,491.645309
202406.0,2024-06-17,2377.0,ACUM MOURA,Consumidor Livre,NORDESTE,388.8,491.645309
,2024-06-17,,ACUM MOURA,,,388.8,491.645309
202406.0,2024-06-18,2377.0,ACUM MOURA,Consumidor Livre,NORDESTE,388.8,514.490867
202406.0,2024-06-18,2377.0,ACUM MOURA,Consumidor Livre,NORDESTE,388.8,514.490867
,2024-06-18,,ACUM MOURA,,,388.8,514.490867
202406.0,2024-06-19,2377.0,ACUM MOURA,Consumidor Livre,NORDESTE,388.8,523.78479
202406.0,2024-06-19,2377.0,ACUM MOURA,Consumidor Livre,NORDESTE,388.8,523.78479
,2024-06-19,,ACUM MOURA,,,388.8,523.78479
202406.0,2024-06-20,2377.0,ACUM MOURA,Consumidor Livre,NORDESTE,388.8,509.126041
202406.0,2024-06-20,2377.0,ACUM MOURA,Consumidor Livre,NORDESTE,388.8,509.126041
,2024-06-20,,ACUM MOURA,,,388.8,509.126041
202406.0,2024-06-21,2377.0,ACUM MOURA,Consumidor Livre,NORDESTE,388.8,518.71413
202406.0,2024-06-21,2377.0,ACUM MOURA,Consumidor Livre,NORDESTE,388.8,518.71413
,2024-06-21,,ACUM MOURA,,,388.8,518.71413
202406.0,2024-06-22,2377.0,ACUM MOURA,Consumidor Livre,NORDESTE,388.8,515.783176
202406.0,2024-06-22,2377.0,ACUM MOURA,Consumidor Livre,NORDESTE,388.8,515.783176
,2024-06-22,,ACUM MOURA,,,388.8,515.783176
202406.0,2024-06-23,2377.0,ACUM MOURA,Consumidor Livre,NORDESTE,388.8,429.419967
202406.0,2024-06-23,2377.0,ACUM MOURA,Consumidor Livre,NORDESTE,388.8,429.419967
,2024-06-23,,ACUM MOURA,,,388.8,429.419967
202406.0,2024-06-24,2377.0,ACUM MOURA,Consumidor Livre,NORDESTE,388.8,417.506887
202406.0,2024-06-24,2377.0,ACUM MOURA,Consumidor Livre,NORDESTE,388.8,417.506887
,2024-06-24,,ACUM MOURA,,,388.8,417.506887
202406.0,2024-06-25,2377.0,ACUM MOURA,Consumidor Livre,NORDESTE,388.8,507.242268
202406.0,2024-06-25,2377.0,ACUM MOURA,Consumidor Livre,NORDESTE,388.8,507.242268
,2024-06-25,,ACUM MOURA,,,388.8,507.242268
202406.0,2024-06-26,2377.0,ACUM MOURA,Consumidor Livre,NORDESTE,388.8,507.021061
202406.0,2024-06-26,2377.0,ACUM MOURA,Consumidor Livre,NORDESTE,388.8,507.021061
,2024-06-26,,ACUM MOURA,,,388.8,507.021061
202406.0,2024-06-27,2377.0,ACUM MOURA,Consumidor Livre,NORDESTE,388.8,515.152709
202406.0,2024-06-27,2377.0,ACUM MOURA,Consumidor Livre,NORDESTE,388.8,515.152709
,2024-06-27,,ACUM MOURA,,,388.8,515.152709
202406.0,2024-06-28,2377.0,ACUM MOURA,Consumidor Livre,NORDESTE,388.8,510.435032
202406.0,2024-06-28,2377.0,ACUM MOURA,Consumidor Livre,NORDESTE,388.8,510.435032
,2024-06-28,,ACUM MOURA,,,388.8,510.435032
202406.0,2024-06-29,2377.0,ACUM MOURA,Consumidor Livre,NORDESTE,388.8,517.93683
202406.0,2024-06-29,2377.0,ACUM MOURA,Consumidor Livre,NORDESTE,388.8,517.93683
,2024-06-29,,ACUM MOURA,,,388.8,517.93683
202406.0,2024-06-30,2377.0,ACUM MOURA,Consumidor Livre,NORDESTE,388.8,451.32603
202406.0,2024-06-30,2377.0,ACUM MOURA,Consumidor Livre,NORDESTE,388.8,451.32603
,2024-06-30,,ACUM MOURA,,,388.8,451.32603
202407.0,2024-07-01,2377.0,ACUM MOURA,Consumidor Livre,NORDESTE,388.8,479.416644
202407.0,2024-07-01,2377.0,ACUM MOURA,Consumidor Livre,NORDESTE,388.8,479.416644
,2024-07-01,,ACUM MOURA,,,388.8,479.416644
202407.0,2024-07-02,2377.0,ACUM MOURA,Consumidor Livre,NORDESTE,388.8,514.207123
202407.0,2024-07-02,2377.0,ACUM MOURA,Consumidor Livre,NORDESTE,388.8,514.207123
,2024-07-02,,ACUM MOURA,,,388.8,514.207123
202407.0,2024-07-03,2377.0,ACUM MOURA,Consumidor Livre,NORDESTE,388.8,517.466664
202407.0,2024-07-03,2377.0,ACUM MOURA,Consumidor Livre,NORDESTE,388.8,517.466664
,2024-07-03,,ACUM MOURA,,,388.8,517.466664
202407.0,2024-07-04,2377.0,ACUM MOURA,Consumidor Livre,NORDESTE,388.8,513.214552
202407.0,2024-07-04,2377.0,ACUM MOURA,Consumidor Livre,NORDESTE,388.8,513.214552
,2024-07-04,,ACUM MOURA,,,388.8,513.214552
202407.0,2024-07-05,2377.0,ACUM MOURA,Consumidor Livre,NORDESTE,388.8,506.19512
202407.0,2024-07-05,2377.0,ACUM MOURA,Consumidor Livre,NORDESTE,388.8,506.19512
,2024-07-05,,ACUM MOURA,,,388.8,506.19512
202407.0,2024-07-06,2377.0,ACUM MOURA,Consumidor Livre,NORDESTE,388.8,497.531829
202407.0,2024-07-06,2377.0,ACUM MOURA,Consumidor Livre,NORDESTE,388.8,497.531829
,2024-07-06,,ACUM MOURA,,,388.8,497.531829
202407.0,2024-07-07,2377.0,ACUM MOURA,Consumidor Livre,NORDESTE,388.8,291.156224
202407.0,2024-07-07,2377.0,ACUM MOURA,Consumidor Livre,NORDESTE,388.8,291.156224
,2024-07-07,,ACUM MOURA,,,388.8,291.156224
202407.0,2024-07-08,2377.0,ACUM MOURA,Consumidor Livre,NORDESTE,388.8,361.222244
202407.0,2024-07-08,2377.0,ACUM MOURA,Consumidor Livre,NORDESTE,388.8,361.222244
,2024-07-08,,ACUM MOURA,,,388.8,361.222244
202407.0,2024-07-09,2377.0,ACUM MOURA,Consumidor Livre,NORDESTE,388.8,485.839665
202407.0,2024-07-09,2377.0,ACUM MOURA,Consumidor Livre,NORDESTE,388.8,485.839665
,2024-07-09,,ACUM MOURA,,,388.8,485.839665
202407.0,2024-07-10,2377.0,ACUM MOURA,Consumidor Livre,NORDESTE,388.8,506.317763
202407.0,2024-07-10,2377.0,ACUM MOURA,Consumidor Livre,NORDESTE,388.8,506.317763
,2024-07-10,,ACUM MOURA,,,388.8,506.317763
202407.0,2024-07-11,2377.0,ACUM MOURA,Consumidor Livre,NORDESTE,388.8,520.225989
202407.0,2024-07-11,2377.0,ACUM MOURA,Consumidor Livre,NORDESTE,388.8,520.225989
,2024-07-11,,ACUM MOURA,,,388.8,520.225989
202407.0,2024-07-12,2377.0,ACUM MOURA,Consumidor Livre,NORDESTE,388.8,531.690591
202407.0,2024-07-12,2377.0,ACUM MOURA,Consumidor Livre,NORDESTE,388.8,531.690591
,2024-07-12,,ACUM MOURA,,,388.8,531.690591
202407.0,2024-07-13,2377.0,ACUM MOURA,Consumidor Livre,NORDESTE,388.8,512.30672
202407.0,2024-07-13,2377.0,ACUM MOURA,Consumidor Livre,NORDESTE,388.8,512.30672
,2024-07-13,,ACUM MOURA,,,388.8,512.30672
202407.0,2024-07-14,2377.0,ACUM MOURA,Consumidor Livre,NORDESTE,388.8,449.675692
202407.0,2024-07-14,2377.0,ACUM MOURA,Consumidor Livre,NORDESTE,388.8,449.675692
,2024-07-14,,ACUM MOURA,,,388.8,449.675692
202407.0,2024-07-15,2377.0,ACUM MOURA,Consumidor Livre,NORDESTE,388.8,478.417326
202407.0,2024-07-15,2377.0,ACUM MOURA,Consumidor Livre,NORDESTE,388.8,478.417326
,2024-07-15,,ACUM MOURA,,,388.8,478.417326
202407.0,2024-07-16,2377.0,ACUM MOURA,Consumidor Livre,NORDESTE,388.8,511.079479
202407.0,2024-07-16,2377.0,ACUM MOURA,Consumidor Livre,NORDESTE,388.8,511.079479
,2024-07-16,,ACUM MOURA,,,388.8,511.079479
202407.0,2024-07-17,2377.0,ACUM MOURA,Consumidor Livre,NORDESTE,388.8,522.050819
202407.0,2024-07-17,2377.0,ACUM MOURA,Consumidor Livre,NORDESTE,388.8,522.050819
,2024-07-17,,ACUM MOURA,,,388.8,522.050819
202407.0,2024-07-18,2377.0,ACUM MOURA,Consumidor Livre,NORDESTE,388.8,525.72773
202407.0,2024-07-18,2377.0,ACUM MOURA,Consumidor Livre,NORDESTE,388.8,525.72773
,2024-07-18,,ACUM MOURA,,,388.8,525.72773
202407.0,2024-07-19,2377.0,ACUM MOURA,Consumidor Livre,NORDESTE,388.8,532.751212
202407.0,2024-07-19,2377.0,ACUM MOURA,Consumidor Livre,NORDESTE,388.8,532.751212
,2024-07-19,,ACUM MOURA,,,388.8,532.751212
202407.0,2024-07-20,2377.0,ACUM MOURA,Consumidor Livre,NORDESTE,388.8,522.187352
202407.0,2024-07-20,2377.0,ACUM MOURA,Consumidor Livre,NORDESTE,388.8,522.187352
,2024-07-20,,ACUM MOURA,,,388.8,522.187352
202407.0,2024-07-21,2377.0,ACUM MOURA,Consumidor Livre,NORDESTE,388.8,432.30254
202407.0,2024-07-21,2377.0,ACUM MOURA,Consumidor Livre,NORDESTE,388.8,432.30254
,2024-07-21,,ACUM MOURA,,,388.8,432.30254
202407.0,2024-07-22,2377.0,ACUM MOURA,Consumidor Livre,NORDESTE,388.8,472.478242
202407.0,2024-07-22,2377.0,ACUM MOURA,Consumidor Livre,NORDESTE,388.8,472.478242
,2024-07-22,,ACUM MOURA,,,388.8,472.478242
202407.0,2024-07-23,2377.0,ACUM MOURA,Consumidor Livre,NORDESTE,388.8,505.283975
202407.0,2024-07-23,2377.0,ACUM MOURA,Consumidor Livre,NORDESTE,388.8,505.283975
,2024-07-23,,ACUM MOURA,,,388.8,505.283975
202407.0,2024-07-24,2377.0,ACUM MOURA,Consumidor Livre,NORDESTE,388.8,514.513094
202407.0,2024-07-24,2377.0,ACUM MOURA,Consumidor Livre,NORDESTE,388.8,514.513094
,2024-07-24,,ACUM MOURA,,,388.8,514.513094
202407.0,2024-07-25,2377.0,ACUM MOURA,Consumidor Livre,NORDESTE,388.8,506.738051
202407.0,2024-07-25,2377.0,ACUM MOURA,Consumidor Livre,NORDESTE,388.8,506.738051
,2024-07-25,,ACUM MOURA,,,388.8,506.738051
202407.0,2024-07-26,2377.0,ACUM MOURA,Consumidor Livre,NORDESTE,388.8,517.173959
202407.0,2024-07-26,2377.0,ACUM MOURA,Consumidor Livre,NORDESTE,388.8,517.173959
,2024-07-26,,ACUM MOURA,,,388.8,517.173959
202407.0,2024-07-27,2377.0,ACUM MOURA,Consumidor Livre,NORDESTE,388.8,521.273482
202407.0,2024-07-27,2377.0,ACUM MOURA,Consumidor Livre,NORDESTE,388.8,521.273482
,2024-07-27,,ACUM MOURA,,,388.8,521.273482
202407.0,2024-07-28,2377.0,ACUM MOURA,Consumidor Livre,NORDESTE,388.8,435.075828
202407.0,2024-07-28,2377.0,ACUM MOURA,Consumidor Livre,NORDESTE,388.8,435.075828
,2024-07-28,,ACUM MOURA,,,388.8,435.075828
202407.0,2024-07-29,2377.0,ACUM MOURA,Consumidor Livre,NORDESTE,388.8,483.467862
202407.0,2024-07-29,2377.0,ACUM MOURA,Consumidor Livre,NORDESTE,388.8,483.467862
,2024-07-29,,ACUM MOURA,,,388.8,483.467862
202407.0,2024-07-30,2377.0,ACUM MOURA,Consumidor Livre,NORDESTE,388.8,513.74119
202407.0,2024-07-30,2377.0,ACUM MOURA,Consumidor Livre,NORDESTE,388.8,513.74119
,2024-07-30,,ACUM MOURA,,,388.8,513.74119
202407.0,2024-07-31,2377.0,ACUM MOURA,Consumidor Livre,NORDESTE,388.8,516.039701
202407.0,2024-07-31,2377.0,ACUM MOURA,Consumidor Livre,NORDESTE,388.8,516.039701
,2024-07-31,,ACUM MOURA,,,388.8,516.039701
202408.0,2024-08-01,2377.0,ACUM MOURA,Consumidor Livre,NORDESTE,388.8,510.417673
202408.0,2024-08-01,2377.0,ACUM MOURA,Consumidor Livre,NORDESTE,388.8,510.417673
,2024-08-01,,ACUM MOURA,,,388.8,510.417673
202408.0,2024-08-02,2377.0,ACUM MOURA,Consumidor Livre,NORDESTE,388.8,507.726299
202408.0,2024-08-02,2377.0,ACUM MOURA,Consumidor Livre,NORDESTE,388.8,507.726299
,2024-08-02,,ACUM MOURA,,,388.8,507.726299
202408.0,2024-08-03,2377.0,ACUM MOURA,Consumidor Livre,NORDESTE,388.8,486.355311
202408.0,2024-08-03,2377.0,ACUM MOURA,Consumidor Livre,NORDESTE,388.8,486.355311
,2024-08-03,,ACUM MOURA,,,388.8,486.355311
202408.0,2024-08-04,2377.0,ACUM MOURA,Consumidor Livre,NORDESTE,388.8,394.207136
202408.0,2024-08-04,2377.0,ACUM MOURA,Consumidor Livre,NORDESTE,388.8,394.207136
,2024-08-04,,ACUM MOURA,,,388.8,394.207136
202408.0,2024-08-05,2377.0,ACUM MOURA,Consumidor Livre,NORDESTE,388.8,471.040072
202408.0,2024-08-05,2377.0,ACUM MOURA,Consumidor Livre,NORDESTE,388.8,471.040072
,2024-08-05,,ACUM MOURA,,,388.8,471.040072
202408.0,2024-08-06,2377.0,ACUM MOURA,Consumidor Livre,NORDESTE,388.8,507.804779
202408.0,2024-08-06,2377.0,ACUM MOURA,Consumidor Livre,NORDESTE,388.8,507.804779
,2024-08-06,,ACUM MOURA,,,388.8,507.804779
202408.0,2024-08-07,2377.0,ACUM MOURA,Consumidor Livre,NORDESTE,388.8,496.365511
202408.0,2024-08-07,2377.0,ACUM MOURA,Consumidor Livre,NORDESTE,388.8,496.365511
,2024-08-07,,ACUM MOURA,,,388.8,496.365511
202408.0,2024-08-08,2377.0,ACUM MOURA,Consumidor Livre,NORDESTE,388.8,511.43908
202408.0,2024-08-08,2377.0,ACUM MOURA,Consumidor Livre,NORDESTE,388.8,511.43908
,2024-08-08,,ACUM MOURA,,,388.8,511.43908
202408.0,2024-08-09,2377.0,ACUM MOURA,Consumidor Livre,NORDESTE,388.8,525.142152
202408.0,2024-08-09,2377.0,ACUM MOURA,Consumidor Livre,NORDESTE,388.8,525.142152
,2024-08-09,,ACUM MOURA,,,388.8,525.142152
202408.0,2024-08-10,2377.0,ACUM MOURA,Consumidor Livre,NORDESTE,388.8,523.615157
202408.0,2024-08-10,2377.0,ACUM MOURA,Consumidor Livre,NORDESTE,388.8,523.615157
,2024-08-10,,ACUM MOURA,,,388.8,523.615157
202408.0,2024-08-11,2377.0,ACUM MOURA,Consumidor Livre,NORDESTE,388.8,431.820866
202408.0,2024-08-11,2377.0,ACUM MOURA,Consumidor Livre,NORDESTE,388.8,431.820866
,2024-08-11,,ACUM MOURA,,,388.8,431.820866
202408.0,2024-08-12,2377.0,ACUM MOURA,Consumidor Livre,NORDESTE,388.8,498.207071
202408.0,2024-08-12,2377.0,ACUM MOURA,Consumidor Livre,NORDESTE,388.8,498.207071
,2024-08-12,,ACUM MOURA,,,388.8,498.207071
202408.0,2024-08-13,2377.0,ACUM MOURA,Consumidor Livre,NORDESTE,388.8,520.261104
202408.0,2024-08-13,2377.0,ACUM MOURA,Consumidor Livre,NORDESTE,388.8,520.261104
,2024-08-13,,ACUM MOURA,,,388.8,520.261104
202408.0,2024-08-14,2377.0,ACUM MOURA,Consumidor Livre,NORDESTE,388.8,527.8924049999999
202408.0,2024-08-14,2377.0,ACUM MOURA,Consumidor Livre,NORDESTE,388.8,527.8924049999999
,2024-08-14,,ACUM MOURA,,,388.8,527.8924049999999
202408.0,2024-08-15,2377.0,ACUM MOURA,Consumidor Livre,NORDESTE,388.8,531.385188
202408.0,2024-08-15,2377.0,ACUM MOURA,Consumidor Livre,NORDESTE,388.8,531.385188
,2024-08-15,,ACUM MOURA,,,388.8,531.385188
202408.0,2024-08-16,2377.0,ACUM MOURA,Consumidor Livre,NORDESTE,388.8,523.123243
202408.0,2024-08-16,2377.0,ACUM MOURA,Consumidor Livre,NORDESTE,388.8,523.123243
,2024-08-16,,ACUM MOURA,,,388.8,523.123243
202408.0,2024-08-17,2377.0,ACUM MOURA,Consumidor Livre,NORDESTE,388.8,524.118352
202408.0,2024-08-17,2377.0,ACUM MOURA,Consumidor Livre,NORDESTE,388.8,524.118352
,2024-08-17,,ACUM MOURA,,,388.8,524.118352
202408.0,2024-08-18,2377.0,ACUM MOURA,Consumidor Livre,NORDESTE,388.8,481.180077
202408.0,2024-08-18,2377.0,ACUM MOURA,Consumidor Livre,NORDESTE,388.8,481.180077
,2024-08-18,,ACUM MOURA,,,388.8,481.180077
202408.0,2024-08-19,2377.0,ACUM MOURA,Consumidor Livre,NORDESTE,388.8,483.001978
202408.0,2024-08-19,2377.0,ACUM MOURA,Consumidor Livre,NORDESTE,388.8,483.001978
,2024-08-19,,ACUM MOURA,,,388.8,483.001978
202408.0,2024-08-20,2377.0,ACUM MOURA,Consumidor Livre,NORDESTE,388.8,511.149392
202408.0,2024-08-20,2377.0,ACUM MOURA,Consumidor Livre,NORDESTE,388.8,511.149392
,2024-08-20,,ACUM MOURA,,,388.8,511.149392
202408.0,2024-08-21,2377.0,ACUM MOURA,Consumidor Livre,NORDESTE,388.8,536.933479
202408.0,2024-08-21,2377.0,ACUM MOURA,Consumidor Livre,NORDESTE,388.8,536.933479
,2024-08-21,,ACUM MOURA,,,388.8,536.933479
202408.0,2024-08-22,2377.0,ACUM MOURA,Consumidor Livre,NORDESTE,388.8,531.934079
202408.0,2024-08-22,2377.0,ACUM MOURA,Consumidor Livre,NORDESTE,388.8,531.934079
,2024-08-22,,ACUM MOURA,,,388.8,531.934079
202408.0,2024-08-23,2377.0,ACUM MOURA,Consumidor Livre,NORDESTE,388.8,522.938309
202408.0,2024-08-23,2377.0,ACUM MOURA,Consumidor Livre,NORDESTE,388.8,522.938309
,2024-08-23,,ACUM MOURA,,,388.8,522.938309
202408.0,2024-08-24,2377.0,ACUM MOURA,Consumidor Livre,NORDESTE,388.8,518.591486
202408.0,2024-08-24,2377.0,ACUM MOURA,Consumidor Livre,NORDESTE,388.8,518.591486
,2024-08-24,,ACUM MOURA,,,388.8,518.591486
202408.0,2024-08-25,2377.0,ACUM MOURA,Consumidor Livre,NORDESTE,388.8,465.10785
202408.0,2024-08-25,2377.0,ACUM MOURA,Consumidor Livre,NORDESTE,388.8,465.10785
,2024-08-25,,ACUM MOURA,,,388.8,465.10785
202408.0,2024-08-26,2377.0,ACUM MOURA,Consumidor Livre,NORDESTE,388.8,491.632153
202408.0,2024-08-26,2377.0,ACUM MOURA,Consumidor Livre,NORDESTE,388.8,491.632153
,2024-08-26,,ACUM MOURA,,,388.8,491.632153
202408.0,2024-08-27,2377.0,ACUM MOURA,Consumidor Livre,NORDESTE,388.8,531.275531
202408.0,2024-08-27,2377.0,ACUM MOURA,Consumidor Livre,NORDESTE,388.8,531.275531
,2024-08-27,,ACUM MOURA,,,388.8,531.275531
202408.0,2024-08-28,2377.0,ACUM MOURA,Consumidor Livre,NORDESTE,388.8,511.524927
202408.0,2024-08-28,2377.0,ACUM MOURA,Consumidor Livre,NORDESTE,388.8,511.524927
,2024-08-28,,ACUM MOURA,,,388.8,511.524927
202408.0,2024-08-29,2377.0,ACUM MOURA,Consumidor Livre,NORDESTE,388.8,535.579469
202408.0,2024-08-29,2377.0,ACUM MOURA,Consumidor Livre,NORDESTE,388.8,535.579469
,2024-08-29,,ACUM MOURA,,,388.8,535.579469
202408.0,2024-08-30,2377.0,ACUM MOURA,Consumidor Livre,NORDESTE,388.8,529.001057
202408.0,2024-08-30,2377.0,ACUM MOURA,Consumidor Livre,NORDESTE,388.8,529.001057
,2024-08-30,,ACUM MOURA,,,388.8,529.001057
202408.0,2024-08-31,2377.0,ACUM MOURA,Consumidor Livre,NORDESTE,388.8,535.654148
202408.0,2024-08-31,2377.0,ACUM MOURA,Consumidor Livre,NORDESTE,388.8,535.654148
,2024-08-31,,ACUM MOURA,,,388.8,535.654148
202409.0,2024-09-01,2377.0,ACUM MOURA,Consumidor Livre,NORDESTE,388.8,338.21288
202409.0,2024-09-01,2377.0,ACUM MOURA,Consumidor Livre,NORDESTE,388.8,338.21288
,2024-09-01,,ACUM MOURA,,,388.8,338.21288
202409.0,2024-09-02,2377.0,ACUM MOURA,Consumidor Livre,NORDESTE,388.8,488.212586
202409.0,2024-09-02,2377.0,ACUM MOURA,Consumidor Livre,NORDESTE,388.8,488.212586
,2024-09-02,,ACUM MOURA,,,388.8,488.212586
202409.0,2024-09-03,2377.0,ACUM MOURA,Consumidor Livre,NORDESTE,388.8,518.292626
202409.0,2024-09-03,2377.0,ACUM MOURA,Consumidor Livre,NORDESTE,388.8,518.292626
,2024-09-03,,ACUM MOURA,,,388.8,518.292626
202409.0,2024-09-04,2377.0,ACUM MOURA,Consumidor Livre,NORDESTE,388.8,528.379747
202409.0,2024-09-04,2377.0,ACUM MOURA,Consumidor Livre,NORDESTE,388.8,528.379747
,2024-09-04,,ACUM MOURA,,,388.8,528.379747
202409.0,2024-09-05,2377.0,ACUM MOURA,Consumidor Livre,NORDESTE,388.8,509.02204
202409.0,2024-09-05,2377.0,ACUM MOURA,Consumidor Livre,NORDESTE,388.8,509.02204
,2024-09-05,,ACUM MOURA,,,388.8,509.02204
202409.0,2024-09-06,2377.0,ACUM MOURA,Consumidor Livre,NORDESTE,388.8,520.99314
202409.0,2024-09-06,2377.0,ACUM MOURA,Consumidor Livre,NORDESTE,388.8,520.99314
,2024-09-06,,ACUM MOURA,,,388.8,520.99314
202409.0,2024-09-07,2377.0,ACUM MOURA,Consumidor Livre,NORDESTE,388.8,499.884099
202409.0,2024-09-07,2377.0,ACUM MOURA,Consumidor Livre,NORDESTE,388.8,499.884099
,2024-09-07,,ACUM MOURA,,,388.8,499.884099
202409.0,2024-09-08,2377.0,ACUM MOURA,Consumidor Livre,NORDESTE,388.8,437.448999
202409.0,2024-09-08,2377.0,ACUM MOURA,Consumidor Livre,NORDESTE,388.8,437.448999
,2024-09-08,,ACUM MOURA,,,388.8,437.448999
202409.0,2024-09-09,2377.0,ACUM MOURA,Consumidor Livre,NORDESTE,388.8,481.981455
202409.0,2024-09-09,2377.0,ACUM MOURA,Consumidor Livre,NORDESTE,388.8,481.981455
,2024-09-09,,ACUM MOURA,,,388.8,481.981455
202409.0,2024-09-10,2377.0,ACUM MOURA,Consumidor Livre,NORDESTE,388.8,511.754999
202409.0,2024-09-10,2377.0,ACUM MOURA,Consumidor Livre,NORDESTE,388.8,511.754999
,2024-09-10,,ACUM MOURA,,,388.8,511.754999
202409.0,2024-09-11,2377.0,ACUM MOURA,Consumidor Livre,NORDESTE,388.8,492.966942
202409.0,2024-09-11,2377.0,ACUM MOURA,Consumidor Livre,NORDESTE,388.8,492.966942
,2024-09-11,,ACUM MOURA,,,388.8,492.966942
202409.0,2024-09-12,2377.0,ACUM MOURA,Consumidor Livre,NORDESTE,388.8,493.572116
202409.0,2024-09-12,2377.0,ACUM MOURA,Consumidor Livre,NORDESTE,388.8,493.572116
,2024-09-12,,ACUM MOURA,,,388.8,493.572116
202409.0,2024-09-13,2377.0,ACUM MOURA,Consumidor Livre,NORDESTE,388.8,521.838954
202409.0,2024-09-13,2377.0,ACUM MOURA,Consumidor Livre,NORDESTE,388.8,521.838954
,2024-09-13,,ACUM MOURA,,,388.8,521.838954
202409.0,2024-09-14,2377.0,ACUM MOURA,Consumidor Livre,NORDESTE,388.8,530.998184
202409.0,2024-09-14,2377.0,ACUM MOURA,Consumidor Livre,NORDESTE,388.8,530.998184
,2024-09-14,,ACUM MOURA,,,388.8,530.998184
202409.0,2024-09-15,2377.0,ACUM MOURA,Consumidor Livre,NORDESTE,388.8,458.118404
202409.0,2024-09-15,2377.0,ACUM MOURA,Consumidor Livre,NORDESTE,388.8,458.118404
,2024-09-15,,ACUM MOURA,,,388.8,458.118404
202409.0,2024-09-16,2377.0,ACUM MOURA,Consumidor Livre,NORDESTE,388.8,465.184128
202409.0,2024-09-16,2377.0,ACUM MOURA,Consumidor Livre,NORDESTE,388.8,465.184128
,2024-09-16,,ACUM MOURA,,,388.8,465.184128
202409.0,2024-09-17,2377.0,ACUM MOURA,Consumidor Livre,NORDESTE,388.8,503.988217
202409.0,2024-09-17,2377.0,ACUM MOURA,Consumidor Livre,NORDESTE,388.8,503.988217
,2024-09-17,,ACUM MOURA,,,388.8,503.988217
202409.0,2024-09-18,2377.0,ACUM MOURA,Consumidor Livre,NORDESTE,388.8,506.137275
202409.0,2024-09-18,2377.0,ACUM MOURA,Consumidor Livre,NORDESTE,388.8,506.137275
,2024-09-18,,ACUM MOURA,,,388.8,506.137275
202409.0,2024-09-19,2377.0,ACUM MOURA,Consumidor Livre,NORDESTE,388.8,508.3091
202409.0,2024-09-19,2377.0,ACUM MOURA,Consumidor Livre,NORDESTE,388.8,508.3091
,2024-09-19,,ACUM MOURA,,,388.8,508.3091
202409.0,2024-09-20,2377.0,ACUM MOURA,Consumidor Livre,NORDESTE,388.8,504.614035
202409.0,2024-09-20,2377.0,ACUM MOURA,Consumidor Livre,NORDESTE,388.8,504.614035
,2024-09-20,,ACUM MOURA,,,388.8,504.614035
202409.0,2024-09-21,2377.0,ACUM MOURA,Consumidor Livre,NORDESTE,388.8,506.930596
202409.0,2024-09-21,2377.0,ACUM MOURA,Consumidor Livre,NORDESTE,388.8,506.930596
,2024-09-21,,ACUM MOURA,,,388.8,506.930596
202409.0,2024-09-22,2377.0,ACUM MOURA,Consumidor Livre,NORDESTE,388.8,444.047527
202409.0,2024-09-22,2377.0,ACUM MOURA,Consumidor Livre,NORDESTE,388.8,444.047527
,2024-09-22,,ACUM MOURA,,,388.8,444.047527
202409.0,2024-09-23,2377.0,ACUM MOURA,Consumidor Livre,NORDESTE,388.8,425.032538
202409.0,2024-09-23,2377.0,ACUM MOURA,Consumidor Livre,NORDESTE,388.8,425.032538
,2024-09-23,,ACUM MOURA,,,388.8,425.032538
202409.0,2024-09-24,2377.0,ACUM MOURA,Consumidor Livre,NORDESTE,388.8,523.696519
202409.0,2024-09-24,2377.0,ACUM MOURA,Consumidor Livre,NORDESTE,388.8,523.696519
,2024-09-24,,ACUM MOURA,,,388.8,523.696519
202409.0,2024-09-25,2377.0,ACUM MOURA,Consumidor Livre,NORDESTE,388.8,536.110002
202409.0,2024-09-25,2377.0,ACUM MOURA,Consumidor Livre,NORDESTE,388.8,536.110002
,2024-09-25,,ACUM MOURA,,,388.8,536.110002
202409.0,2024-09-26,2377.0,ACUM MOURA,Consumidor Livre,NORDESTE,388.8,519.155739
202409.0,2024-09-26,2377.0,ACUM MOURA,Consumidor Livre,NORDESTE,388.8,519.155739
,2024-09-26,,ACUM MOURA,,,388.8,519.155739
202409.0,2024-09-27,2377.0,ACUM MOURA,Consumidor Livre,NORDESTE,388.8,507.512879
202409.0,2024-09-27,2377.0,ACUM MOURA,Consumidor Livre,NORDESTE,388.8,507.512879
,2024-09-27,,ACUM MOURA,,,388.8,507.512879
202409.0,2024-09-28,2377.0,ACUM MOURA,Consumidor Livre,NORDESTE,388.8,512.801974
202409.0,2024-09-28,2377.0,ACUM MOURA,Consumidor Livre,NORDESTE,388.8,512.801974
,2024-09-28,,ACUM MOURA,,,388.8,512.801974
202409.0,2024-09-29,2377.0,ACUM MOURA,Consumidor Livre,NORDESTE,388.8,448.992452
202409.0,2024-09-29,2377.0,ACUM MOURA,Consumidor Livre,NORDESTE,388.8,448.992452
,2024-09-29,,ACUM MOURA,,,388.8,448.992452
202409.0,2024-09-30,2377.0,ACUM MOURA,Consumidor Livre,NORDESTE,388.8,454.837257
202409.0,2024-09-30,2377.0,ACUM MOURA,Consumidor Livre,NORDESTE,388.8,454.837257
,2024-09-30,,ACUM MOURA,,,388.8,454.837257
202410.0,2024-10-01,2377.0,ACUM MOURA,Consumidor Livre,NORDESTE,388.8,524.093374
202410.0,2024-10-01,2377.0,ACUM MOURA,Consumidor Livre,NORDESTE,388.8,524.093374
,2024-10-01,,ACUM MOURA,,,388.8,524.093374
202410.0,2024-10-02,2377.0,ACUM MOURA,Consumidor Livre,NORDESTE,388.8,519.672244
202410.0,2024-10-02,2377.0,ACUM MOURA,Consumidor Livre,NORDESTE,388.8,519.672244
,2024-10-02,,ACUM MOURA,,,388.8,519.672244
202410.0,2024-10-03,2377.0,ACUM MOURA,Consumidor Livre,NORDESTE,388.8,514.002068
202410.0,2024-10-03,2377.0,ACUM MOURA,Consumidor Livre,NORDESTE,388.8,514.002068
,2024-10-03,,ACUM MOURA,,,388.8,514.002068
202410.0,2024-10-04,2377.0,ACUM MOURA,Consumidor Livre,NORDESTE,388.8,523.413394
202410.0,2024-10-04,2377.0,ACUM MOURA,Consumidor Livre,NORDESTE,388.8,523.413394
,2024-10-04,,ACUM MOURA,,,388.8,523.413394
202410.0,2024-10-05,2377.0,ACUM MOURA,Consumidor Livre,NORDESTE,388.8,514.918644
202410.0,2024-10-05,2377.0,ACUM MOURA,Consumidor Livre,NORDESTE,388.8,514.918644
,2024-10-05,,ACUM MOURA,,,388.8,514.918644
202410.0,2024-10-06,2377.0,ACUM MOURA,Consumidor Livre,NORDESTE,388.8,422.319719
202410.0,2024-10-06,2377.0,ACUM MOURA,Consumidor Livre,NORDESTE,388.8,422.319719
,2024-10-06,,ACUM MOURA,,,388.8,422.319719
202410.0,2024-10-07,2377.0,ACUM MOURA,Consumidor Livre,NORDESTE,388.8,474.368037
202410.0,2024-10-07,2377.0,ACUM MOURA,Consumidor Livre,NORDESTE,388.8,474.368037
,2024-10-07,,ACUM MOURA,,,388.8,474.368037
202410.0,2024-10-08,2377.0,ACUM MOURA,Consumidor Livre,NORDESTE,388.8,517.949575
202410.0,2024-10-08,2377.0,ACUM MOURA,Consumidor Livre,NORDESTE,388.8,517.949575
,2024-10-08,,ACUM MOURA,,,388.8,517.949575
202410.0,2024-10-09,2377.0,ACUM MOURA,Consumidor Livre,NORDESTE,388.8,520.581295
202410.0,2024-10-09,2377.0,ACUM MOURA,Consumidor Livre,NORDESTE,388.8,520.581295
,2024-10-09,,ACUM MOURA,,,388.8,520.581295
202410.0,2024-10-10,2377.0,ACUM MOURA,Consumidor Livre,NORDESTE,388.8,511.258995
202410.0,2024-10-10,2377.0,ACUM MOURA,Consumidor Livre,NORDESTE,388.8,511.258995
,2024-10-10,,ACUM MOURA,,,388.8,511.258995
202410.0,2024-10-11,2377.0,ACUM MOURA,Consumidor Livre,NORDESTE,388.8,513.984869
202410.0,2024-10-11,2377.0,ACUM MOURA,Consumidor Livre,NORDESTE,388.8,513.984869
,2024-10-11,,ACUM MOURA,,,388.8,513.984869
202410.0,2024-10-12,2377.0,ACUM MOURA,Consumidor Livre,NORDESTE,388.8,497.344395
202410.0,2024-10-12,2377.0,ACUM MOURA,Consumidor Livre,NORDESTE,388.8,497.344395
,2024-10-12,,ACUM MOURA,,,388.8,497.344395
202410.0,2024-10-13,2377.0,ACUM MOURA,Consumidor Livre,NORDESTE,388.8,411.575783
202410.0,2024-10-13,2377.0,ACUM MOURA,Consumidor Livre,NORDESTE,388.8,411.575783
,2024-10-13,,ACUM MOURA,,,388.8,411.575783
202410.0,2024-10-14,2377.0,ACUM MOURA,Consumidor Livre,NORDESTE,388.8,462.577899
202410.0,2024-10-14,2377.0,ACUM MOURA,Consumidor Livre,NORDESTE,388.8,462.577899
,2024-10-14,,ACUM MOURA,,,388.8,462.577899
202410.0,2024-10-15,2377.0,ACUM MOURA,Consumidor Livre,NORDESTE,388.8,515.828799
202410.0,2024-10-15,2377.0,ACUM MOURA,Consumidor Livre,NORDESTE,388.8,515.828799
,2024-10-15,,ACUM MOURA,,,388.8,515.828799
202410.0,2024-10-16,2377.0,ACUM MOURA,Consumidor Livre,NORDESTE,388.8,519.931645
202410.0,2024-10-16,2377.0,ACUM MOURA,Consumidor Livre,NORDESTE,388.8,519.931645
,2024-10-16,,ACUM MOURA,,,388.8,519.931645
202410.0,2024-10-17,2377.0,ACUM MOURA,Consumidor Livre,NORDESTE,388.8,532.582332
202410.0,2024-10-17,2377.0,ACUM MOURA,Consumidor Livre,NORDESTE,388.8,532.582332
,2024-10-17,,ACUM MOURA,,,388.8,532.582332
202410.0,2024-10-18,2377.0,ACUM MOURA,Consumidor Livre,NORDESTE,388.8,527.095981
202410.0,2024-10-18,2377.0,ACUM MOURA,Consumidor Livre,NORDESTE,388.8,527.095981
,2024-10-18,,ACUM MOURA,,,388.8,527.095981
202410.0,2024-10-19,2377.0,ACUM MOURA,Consumidor Livre,NORDESTE,388.8,532.981683
202410.0,2024-10-19,2377.0,ACUM MOURA,Consumidor Livre,NORDESTE,388.8,532.981683
,2024-10-19,,ACUM MOURA,,,388.8,532.981683
202410.0,2024-10-20,2377.0,ACUM MOURA,Consumidor Livre,NORDESTE,388.8,429.645025
202410.0,2024-10-20,2377.0,ACUM MOURA,Consumidor Livre,NORDESTE,388.8,429.645025
,2024-10-20,,ACUM MOURA,,,388.8,429.645025
202410.0,2024-10-21,2377.0,ACUM MOURA,Consumidor Livre,NORDESTE,388.8,492.988759
202410.0,2024-10-21,2377.0,ACUM MOURA,Consumidor Livre,NORDESTE,388.8,492.988759
,2024-10-21,,ACUM MOURA,,,388.8,492.988759
202410.0,2024-10-22,2377.0,ACUM MOURA,Consumidor Livre,NORDESTE,388.8,545.59204
202410.0,2024-10-22,2377.0,ACUM MOURA,Consumidor Livre,NORDESTE,388.8,545.59204
,2024-10-22,,ACUM MOURA,,,388.8,545.59204
202410.0,2024-10-23,2377.0,ACUM MOURA,Consumidor Livre,NORDESTE,388.8,543.656684
202410.0,2024-10-23,2377.0,ACUM MOURA,Consumidor Livre,NORDESTE,388.8,543.656684
,2024-10-23,,ACUM MOURA,,,388.8,543.656684
202410.0,2024-10-24,2377.0,ACUM MOURA,Consumidor Livre,NORDESTE,388.8,539.525756
202410.0,2024-10-24,2377.0,ACUM MOURA,Consumidor Livre,NORDESTE,388.8,539.525756
,2024-10-24,,ACUM MOURA,,,388.8,539.525756
202410.0,2024-10-25,2377.0,ACUM MOURA,Consumidor Livre,NORDESTE,388.8,550.838319
202410.0,2024-10-25,2377.0,ACUM MOURA,Consumidor Livre,NORDESTE,388.8,550.838319
,2024-10-25,,ACUM MOURA,,,388.8,550.838319
202410.0,2024-10-26,2377.0,ACUM MOURA,Consumidor Livre,NORDESTE,388.8,533.216738
202410.0,2024-10-26,2377.0,ACUM MOURA,Consumidor Livre,NORDESTE,388.8,533.216738
,2024-10-26,,ACUM MOURA,,,388.8,533.216738
202410.0,2024-10-27,2377.0,ACUM MOURA,Consumidor Livre,NORDESTE,388.8,440.482962
202410.0,2024-10-27,2377.0,ACUM MOURA,Consumidor Livre,NORDESTE,388.8,440.482962
,2024-10-27,,ACUM MOURA,,,388.8,440.482962
202410.0,2024-10-28,2377.0,ACUM MOURA,Consumidor Livre,NORDESTE,388.8,494.940378
202410.0,2024-10-28,2377.0,ACUM MOURA,Consumidor Livre,NORDESTE,388.8,494.940378
,2024-10-28,,ACUM MOURA,,,388.8,494.940378
202410.0,2024-10-29,2377.0,ACUM MOURA,Consumidor Livre,NORDESTE,388.8,541.784743
202410.0,2024-10-29,2377.0,ACUM MOURA,Consumidor Livre,NORDESTE,388.8,541.784743
,2024-10-29,,ACUM MOURA,,,388.8,541.784743
202410.0,2024-10-30,2377.0,ACUM MOURA,Consumidor Livre,NORDESTE,388.8,519.881111
202410.0,2024-10-30,2377.0,ACUM MOURA,Consumidor Livre,NORDESTE,388.8,519.881111
,2024-10-30,,ACUM MOURA,,,388.8,519.881111
202410.0,2024-10-31,2377.0,ACUM MOURA,Consumidor Livre,NORDESTE,388.8,534.902037
202410.0,2024-10-31,2377.0,ACUM MOURA,Consumidor Livre,NORDESTE,388.8,534.902037
,2024-10-31,,ACUM MOURA,,,388.8,534.902037
202411.0,2024-11-01,2377.0,ACUM MOURA,Consumidor Livre,NORDESTE,388.8,500.112272
202411.0,2024-11-01,2377.0,ACUM MOURA,Consumidor Livre,NORDESTE,388.8,500.112272
,2024-11-01,,ACUM MOURA,,,388.8,500.112272
202411.0,2024-11-02,2377.0,ACUM MOURA,Consumidor Livre,NORDESTE,388.8,419.381952
202411.0,2024-11-02,2377.0,ACUM MOURA,Consumidor Livre,NORDESTE,388.8,419.381952
,2024-11-02,,ACUM MOURA,,,388.8,419.381952
202411.0,2024-11-03,2377.0,ACUM MOURA,Consumidor Livre,NORDESTE,388.8,342.943427
202411.0,2024-11-03,2377.0,ACUM MOURA,Consumidor Livre,NORDESTE,388.8,342.943427
,2024-11-03,,ACUM MOURA,,,388.8,342.943427
202411.0,2024-11-04,2377.0,ACUM MOURA,Consumidor Livre,NORDESTE,388.8,451.452207
202411.0,2024-11-04,2377.0,ACUM MOURA,Consumidor Livre,NORDESTE,388.8,451.452207
,2024-11-04,,ACUM MOURA,,,388.8,451.452207
202411.0,2024-11-05,2377.0,ACUM MOURA,Consumidor Livre,NORDESTE,388.8,470.852543
202411.0,2024-11-05,2377.0,ACUM MOURA,Consumidor Livre,NORDESTE,388.8,470.852543
,2024-11-05,,ACUM MOURA,,,388.8,470.852543
202411.0,2024-11-06,2377.0,ACUM MOURA,Consumidor Livre,NORDESTE,388.8,516.772243
202411.0,2024-11-06,2377.0,ACUM MOURA,Consumidor Livre,NORDESTE,388.8,516.772243
,2024-11-06,,ACUM MOURA,,,388.8,516.772243
202411.0,2024-11-07,2377.0,ACUM MOURA,Consumidor Livre,NORDESTE,388.8,531.516176
202411.0,2024-11-07,2377.0,ACUM MOURA,Consumidor Livre,NORDESTE,388.8,531.516176
,2024-11-07,,ACUM MOURA,,,388.8,531.516176
202411.0,2024-11-08,2377.0,ACUM MOURA,Consumidor Livre,NORDESTE,388.8,548.828228
202411.0,2024-11-08,2377.0,ACUM MOURA,Consumidor Livre,NORDESTE,388.8,548.828228
,2024-11-08,,ACUM MOURA,,,388.8,548.828228
202411.0,2024-11-09,2377.0,ACUM MOURA,Consumidor Livre,NORDESTE,388.8,535.403612
202411.0,2024-11-09,2377.0,ACUM MOURA,Consumidor Livre,NORDESTE,388.8,535.403612
,2024-11-09,,ACUM MOURA,,,388.8,535.403612
202411.0,2024-11-10,2377.0,ACUM MOURA,Consumidor Livre,NORDESTE,388.8,436.637514
202411.0,2024-11-10,2377.0,ACUM MOURA,Consumidor Livre,NORDESTE,388.8,436.637514
,2024-11-10,,ACUM MOURA,,,388.8,436.637514
202411.0,2024-11-11,2377.0,ACUM MOURA,Consumidor Livre,NORDESTE,388.8,474.459528
202411.0,2024-11-11,2377.0,ACUM MOURA,Consumidor Livre,NORDESTE,388.8,474.459528
,2024-11-11,,ACUM MOURA,,,388.8,474.459528
202411.0,2024-11-12,2377.0,ACUM MOURA,Consumidor Livre,NORDESTE,388.8,526.484278
202411.0,2024-11-12,2377.0,ACUM MOURA,Consumidor Livre,NORDESTE,388.8,526.484278
,2024-11-12,,ACUM MOURA,,,388.8,526.484278
202411.0,2024-11-13,2377.0,ACUM MOURA,Consumidor Livre,NORDESTE,388.8,535.157572
202411.0,2024-11-13,2377.0,ACUM MOURA,Consumidor Livre,NORDESTE,388.8,535.157572
,2024-11-13,,ACUM MOURA,,,388.8,535.157572
202411.0,2024-11-14,2377.0,ACUM MOURA,Consumidor Livre,NORDESTE,388.8,543.009063
202411.0,2024-11-14,2377.0,ACUM MOURA,Consumidor Livre,NORDESTE,388.8,543.009063
,2024-11-14,,ACUM MOURA,,,388.8,543.009063
202411.0,2024-11-15,2377.0,ACUM MOURA,Consumidor Livre,NORDESTE,388.8,467.670739
202411.0,2024-11-15,2377.0,ACUM MOURA,Consumidor Livre,NORDESTE,388.8,467.670739
,2024-11-15,,ACUM MOURA,,,388.8,467.670739
202411.0,2024-11-16,2377.0,ACUM MOURA,Consumidor Livre,NORDESTE,388.8,472.420386
202411.0,2024-11-16,2377.0,ACUM MOURA,Consumidor Livre,NORDESTE,388.8,472.420386
,2024-11-16,,ACUM MOURA,,,388.8,472.420386
202411.0,2024-11-17,2377.0,ACUM MOURA,Consumidor Livre,NORDESTE,388.8,439.156
202411.0,2024-11-17,2377.0,ACUM MOURA,Consumidor Livre,NORDESTE,388.8,439.156
,2024-11-17,,ACUM MOURA,,,388.8,439.156
202411.0,2024-11-18,2377.0,ACUM MOURA,Consumidor Livre,NORDESTE,388.8,463.516339
202411.0,2024-11-18,2377.0,ACUM MOURA,Consumidor Livre,NORDESTE,388.8,463.516339
,2024-11-18,,ACUM MOURA,,,388.8,463.516339
202411.0,2024-11-19,2377.0,ACUM MOURA,Consumidor Livre,NORDESTE,388.8,522.966592
202411.0,2024-11-19,2377.0,ACUM MOURA,Consumidor Livre,NORDESTE,388.8,522.966592
,2024-11-19,,ACUM MOURA,,,388.8,522.966592
202411.0,2024-11-20,2377.0,ACUM MOURA,Consumidor Livre,NORDESTE,388.8,458.344356
202411.0,2024-11-20,2377.0,ACUM MOURA,Consumidor Livre,NORDESTE,388.8,458.344356
,2024-11-20,,ACUM MOURA,,,388.8,458.344356
202411.0,2024-11-21,2377.0,ACUM MOURA,Consumidor Livre,NORDESTE,388.8,477.023146
202411.0,2024-11-21,2377.0,ACUM MOURA,Consumidor Livre,NORDESTE,388.8,477.023146
,2024-11-21,,ACUM MOURA,,,388.8,477.023146
202411.0,2024-11-22,2377.0,ACUM MOURA,Consumidor Livre,NORDESTE,388.8,537.910126
202411.0,2024-11-22,2377.0,ACUM MOURA,Consumidor Livre,NORDESTE,388.8,537.910126
,2024-11-22,,ACUM MOURA,,,388.8,537.910126
202411.0,2024-11-23,2377.0,ACUM MOURA,Consumidor Livre,NORDESTE,388.8,541.581526
202411.0,2024-11-23,2377.0,ACUM MOURA,Consumidor Livre,NORDESTE,388.8,541.581526
,2024-11-23,,ACUM MOURA,,,388.8,541.581526
202411.0,2024-11-24,2377.0,ACUM MOURA,Consumidor Livre,NORDESTE,388.8,377.574368
202411.0,2024-11-24,2377.0,ACUM MOURA,Consumidor Livre,NORDESTE,388.8,377.574368
,2024-11-24,,ACUM MOURA,,,388.8,377.574368
202411.0,2024-11-25,2377.0,ACUM MOURA,Consumidor Livre,NORDESTE,388.8,467.48161
202411.0,2024-11-25,2377.0,ACUM MOURA,Consumidor Livre,NORDESTE,388.8,467.48161
,2024-11-25,,ACUM MOURA,,,388.8,467.48161
202411.0,2024-11-26,2377.0,ACUM MOURA,Consumidor Livre,NORDESTE,388.8,541.721158
202411.0,2024-11-26,2377.0,ACUM MOURA,Consumidor Livre,NORDESTE,388.8,541.721158
,2024-11-26,,ACUM MOURA,,,388.8,541.721158
202411.0,2024-11-27,2377.0,ACUM MOURA,Consumidor Livre,NORDESTE,388.8,540.453857
202411.0,2024-11-27,2377.0,ACUM MOURA,Consumidor Livre,NORDESTE,388.8,540.453857
,2024-11-27,,ACUM MOURA,,,388.8,540.453857
202411.0,2024-11-28,2377.0,ACUM MOURA,Consumidor Livre,NORDESTE,388.8,544.123587
202411.0,2024-11-28,2377.0,ACUM MOURA,Consumidor Livre,NORDESTE,388.8,544.123587
,2024-11-28,,ACUM MOURA,,,388.8,544.123587
202411.0,2024-11-29,2377.0,ACUM MOURA,Consumidor Livre,NORDESTE,388.8,537.41874
202411.0,2024-11-29,2377.0,ACUM MOURA,Consumidor Livre,NORDESTE,388.8,537.41874
,2024-11-29,,ACUM MOURA,,,388.8,537.41874
202411.0,2024-11-30,2377.0,ACUM MOURA,Consumidor Livre,NORDESTE,388.8,553.138659
202411.0,2024-11-30,2377.0,ACUM MOURA,Consumidor Livre,NORDESTE,388.8,553.138659
,2024-11-30,,ACUM MOURA,,,388.8,553.138659
202412.0,2024-12-01,2377.0,ACUM MOURA,Consumidor Livre,NORDESTE,388.8,458.42758
202412.0,2024-12-01,2377.0,ACUM MOURA,Consumidor Livre,NORDESTE,388.8,458.42758
,2024-12-01,,ACUM MOURA,,,388.8,458.42758
202412.0,2024-12-02,2377.0,ACUM MOURA,Consumidor Livre,NORDESTE,388.8,485.354821
202412.0,2024-12-02,2377.0,ACUM MOURA,Consumidor Livre,NORDESTE,388.8,485.354821
,2024-12-02,,ACUM MOURA,,,388.8,485.354821
202412.0,2024-12-03,2377.0,ACUM MOURA,Consumidor Livre,NORDESTE,388.8,538.650508
202412.0,2024-12-03,2377.0,ACUM MOURA,Consumidor Livre,NORDESTE,388.8,538.650508
,2024-12-03,,ACUM MOURA,,,388.8,538.650508
202412.0,2024-12-04,2377.0,ACUM MOURA,Consumidor Livre,NORDESTE,388.8,543.71152
202412.0,2024-12-04,2377.0,ACUM MOURA,Consumidor Livre,NORDESTE,388.8,543.71152
,2024-12-04,,ACUM MOURA,,,388.8,543.71152
202412.0,2024-12-05,2377.0,ACUM MOURA,Consumidor Livre,NORDESTE,388.8,540.61627
202412.0,2024-12-05,2377.0,ACUM MOURA,Consumidor Livre,NORDESTE,388.8,540.61627
,2024-12-05,,ACUM MOURA,,,388.8,540.61627
202412.0,2024-12-06,2377.0,ACUM MOURA,Consumidor Livre,NORDESTE,388.8,527.587233
202412.0,2024-12-06,2377.0,ACUM MOURA,Consumidor Livre,NORDESTE,388.8,527.587233
,2024-12-06,,ACUM MOURA,,,388.8,527.587233
202412.0,2024-12-07,2377.0,ACUM MOURA,Consumidor Livre,NORDESTE,388.8,541.018362
202412.0,2024-12-07,2377.0,ACUM MOURA,Consumidor Livre,NORDESTE,388.8,541.018362
,2024-12-07,,ACUM MOURA,,,388.8,541.018362
202412.0,2024-12-08,2377.0,ACUM MOURA,Consumidor Livre,NORDESTE,388.8,445.538176
202412.0,2024-12-08,2377.0,ACUM MOURA,Consumidor Livre,NORDESTE,388.8,445.538176
,2024-12-08,,ACUM MOURA,,,388.8,445.538176
202412.0,2024-12-09,2377.0,ACUM MOURA,Consumidor Livre,NORDESTE,388.8,477.49359
202412.0,2024-12-09,2377.0,ACUM MOURA,Consumidor Livre,NORDESTE,388.8,477.49359
,2024-12-09,,ACUM MOURA,,,388.8,477.49359
202412.0,2024-12-10,2377.0,ACUM MOURA,Consumidor Livre,NORDESTE,388.8,538.666591
202412.0,2024-12-10,2377.0,ACUM MOURA,Consumidor Livre,NORDESTE,388.8,538.666591
,2024-12-10,,ACUM MOURA,,,388.8,538.666591
202412.0,2024-12-11,2377.0,ACUM MOURA,Consumidor Livre,NORDESTE,388.8,542.783227
202412.0,2024-12-11,2377.0,ACUM MOURA,Consumidor Livre,NORDESTE,388.8,542.783227
,2024-12-11,,ACUM MOURA,,,388.8,542.783227
202412.0,2024-12-12,2377.0,ACUM MOURA,Consumidor Livre,NORDESTE,388.8,550.91043
202412.0,2024-12-12,2377.0,ACUM MOURA,Consumidor Livre,NORDESTE,388.8,550.91043
,2024-12-12,,ACUM MOURA,,,388.8,550.91043
202412.0,2024-12-13,2377.0,ACUM MOURA,Consumidor Livre,NORDESTE,388.8,532.299252
202412.0,2024-12-13,2377.0,ACUM MOURA,Consumidor Livre,NORDESTE,388.8,532.299252
,2024-12-13,,ACUM MOURA,,,388.8,532.299252
202412.0,2024-12-14,2377.0,ACUM MOURA,Consumidor Livre,NORDESTE,388.8,545.453834
202412.0,2024-12-14,2377.0,ACUM MOURA,Consumidor Livre,NORDESTE,388.8,545.453834
,2024-12-14,,ACUM MOURA,,,388.8,545.453834
202412.0,2024-12-15,2377.0,ACUM MOURA,Consumidor Livre,NORDESTE,388.8,465.627349
202412.0,2024-12-15,2377.0,ACUM MOURA,Consumidor Livre,NORDESTE,388.8,465.627349
,2024-12-15,,ACUM MOURA,,,388.8,465.627349
202412.0,2024-12-16,2377.0,ACUM MOURA,Consumidor Livre,NORDESTE,388.8,525.70117
202412.0,2024-12-16,2377.0,ACUM MOURA,Consumidor Livre,NORDESTE,388.8,525.70117
,2024-12-16,,ACUM MOURA,,,388.8,525.70117
202412.0,2024-12-17,2377.0,ACUM MOURA,Consumidor Livre,NORDESTE,388.8,548.554086
202412.0,2024-12-17,2377.0,ACUM MOURA,Consumidor Livre,NORDESTE,388.8,548.554086
,2024-12-17,,ACUM MOURA,,,388.8,548.554086
202412.0,2024-12-18,2377.0,ACUM MOURA,Consumidor Livre,NORDESTE,388.8,556.061624
202412.0,2024-12-18,2377.0,ACUM MOURA,Consumidor Livre,NORDESTE,388.8,556.061624
,2024-12-18,,ACUM MOURA,,,388.8,556.061624
202412.0,2024-12-19,2377.0,ACUM MOURA,Consumidor Livre,NORDESTE,388.8,562.948226
202412.0,2024-12-19,2377.0,ACUM MOURA,Consumidor Livre,NORDESTE,388.8,562.948226
,2024-12-19,,ACUM MOURA,,,388.8,562.948226
202412.0,2024-12-20,2377.0,ACUM MOURA,Consumidor Livre,NORDESTE,388.8,559.111977
202412.0,2024-12-20,2377.0,ACUM MOURA,Consumidor Livre,NORDESTE,388.8,559.111977
,2024-12-20,,ACUM MOURA,,,388.8,559.111977
202412.0,2024-12-21,2377.0,ACUM MOURA,Consumidor Livre,NORDESTE,388.8,532.53324
202412.0,2024-12-21,2377.0,ACUM MOURA,Consumidor Livre,NORDESTE,388.8,532.53324
,2024-12-21,,ACUM MOURA,,,388.8,532.53324
202412.0,2024-12-22,2377.0,ACUM MOURA,Consumidor Livre,NORDESTE,388.8,461.679175
202412.0,2024-12-22,2377.0,ACUM MOURA,Consumidor Livre,NORDESTE,388.8,461.679175
,2024-12-22,,ACUM MOURA,,,388.8,461.679175
202412.0,2024-12-23,2377.0,ACUM MOURA,Consumidor Livre,NORDESTE,388.8,468.95563
202412.0,2024-12-23,2377.0,ACUM MOURA,Consumidor Livre,NORDESTE,388.8,468.95563
,2024-12-23,,ACUM MOURA,,,388.8,468.95563
202412.0,2024-12-24,2377.0,ACUM MOURA,Consumidor Livre,NORDESTE,388.8,502.573663
202412.0,2024-12-24,2377.0,ACUM MOURA,Consumidor Livre,NORDESTE,388.8,502.573663
,2024-12-24,,ACUM MOURA,,,388.8,502.573663
202412.0,2024-12-25,2377.0,ACUM MOURA,Consumidor Livre,NORDESTE,388.8,331.617073
202412.0,2024-12-25,2377.0,ACUM MOURA,Consumidor Livre,NORDESTE,388.8,331.617073
,2024-12-25,,ACUM MOURA,,,388.8,331.617073
202412.0,2024-12-26,2377.0,ACUM MOURA,Consumidor Livre,NORDESTE,388.8,437.553224
202412.0,2024-12-26,2377.0,ACUM MOURA,Consumidor Livre,NORDESTE,388.8,437.553224
,2024-12-26,,ACUM MOURA,,,388.8,437.553224
202412.0,2024-12-27,2377.0,ACUM MOURA,Consumidor Livre,NORDESTE,388.8,521.352738
202412.0,2024-12-27,2377.0,ACUM MOURA,Consumidor Livre,NORDESTE,388.8,521.352738
,2024-12-27,,ACUM MOURA,,,388.8,521.352738
202412.0,2024-12-28,2377.0,ACUM MOURA,Consumidor Livre,NORDESTE,388.8,508.810584
202412.0,2024-12-28,2377.0,ACUM MOURA,Consumidor Livre,NORDESTE,388.8,508.810584
,2024-12-28,,ACUM MOURA,,,388.8,508.810584
202412.0,2024-12-29,2377.0,ACUM MOURA,Consumidor Livre,NORDESTE,388.8,464.519886
202412.0,2024-12-29,2377.0,ACUM MOURA,Consumidor Livre,NORDESTE,388.8,464.519886
,2024-12-29,,ACUM MOURA,,,388.8,464.519886
202412.0,2024-12-30,2377.0,ACUM MOURA,Consumidor Livre,NORDESTE,388.8,473.076137
202412.0,2024-12-30,2377.0,ACUM MOURA,Consumidor Livre,NORDESTE,388.8,473.076137
,2024-12-30,,ACUM MOURA,,,388.8,473.076137
202412.0,2024-12-31,2377.0,ACUM MOURA,Consumidor Livre,NORDESTE,388.8,484.909416
202412.0,2024-12-31,2377.0,ACUM MOURA,Consumidor Livre,NORDESTE,388.8,484.909416
,2024-12-31,,ACUM MOURA,,,388.8,484.909416
202501.0,2025-01-01,2377.0,ACUM MOURA,Consumidor Livre,NORDESTE,388.8,280.758707
202501.0,2025-01-01,2377.0,ACUM MOURA,Consumidor Livre,NORDESTE,388.8,280.758707
,2025-01-01,,ACUM MOURA,,,388.8,280.758707
202501.0,2025-01-02,2377.0,ACUM MOURA,Consumidor Livre,NORDESTE,388.8,397.819731
202501.0,2025-01-02,2377.0,ACUM MOURA,Consumidor Livre,NORDESTE,388.8,397.819731
,2025-01-02,,ACUM MOURA,,,388.8,397.819731
202501.0,2025-01-03,2377.0,ACUM MOURA,Consumidor Livre,NORDESTE,388.8,515.535361
202501.0,2025-01-03,2377.0,ACUM MOURA,Consumidor Livre,NORDESTE,388.8,515.535361
,2025-01-03,,ACUM MOURA,,,388.8,515.535361
202501.0,2025-01-04,2377.0,ACUM MOURA,Consumidor Livre,NORDESTE,388.8,522.607998
202501.0,2025-01-04,2377.0,ACUM MOURA,Consumidor Livre,NORDESTE,388.8,522.607998
,2025-01-04,,ACUM MOURA,,,388.8,522.607998
202501.0,2025-01-05,2377.0,ACUM MOURA,Consumidor Livre,NORDESTE,388.8,442.673434
202501.0,2025-01-05,2377.0,ACUM MOURA,Consumidor Livre,NORDESTE,388.8,442.673434
,2025-01-05,,ACUM MOURA,,,388.8,442.673434
202501.0,2025-01-06,2377.0,ACUM MOURA,Consumidor Livre,NORDESTE,388.8,494.08288
202501.0,2025-01-06,2377.0,ACUM MOURA,Consumidor Livre,NORDESTE,388.8,494.08288
,2025-01-06,,ACUM MOURA,,,388.8,494.08288
202501.0,2025-01-07,2377.0,ACUM MOURA,Consumidor Livre,NORDESTE,388.8,528.898877
202501.0,2025-01-07,2377.0,ACUM MOURA,Consumidor Livre,NORDESTE,388.8,528.898877
,2025-01-07,,ACUM MOURA,,,388.8,528.898877
202501.0,2025-01-08,2377.0,ACUM MOURA,Consumidor Livre,NORDESTE,388.8,538.199675
202501.0,2025-01-08,2377.0,ACUM MOURA,Consumidor Livre,NORDESTE,388.8,538.199675
,2025-01-08,,ACUM MOURA,,,388.8,538.199675
202501.0,2025-01-09,2377.0,ACUM MOURA,Consumidor Livre,NORDESTE,388.8,548.062915
202501.0,2025-01-09,2377.0,ACUM MOURA,Consumidor Livre,NORDESTE,388.8,548.062915
,2025-01-09,,ACUM MOURA,,,388.8,548.062915
202501.0,2025-01-10,2377.0,ACUM MOURA,Consumidor Livre,NORDESTE,388.8,497.333911
202501.0,2025-01-10,2377.0,ACUM MOURA,Consumidor Livre,NORDESTE,388.8,497.333911
,2025-01-10,,ACUM MOURA,,,388.8,497.333911
202501.0,2025-01-11,2377.0,ACUM MOURA,Consumidor Livre,NORDESTE,388.8,495.831713
202501.0,2025-01-11,2377.0,ACUM MOURA,Consumidor Livre,NORDESTE,388.8,495.831713
,2025-01-11,,ACUM MOURA,,,388.8,495.831713
202501.0,2025-01-12,2377.0,ACUM MOURA,Consumidor Livre,NORDESTE,388.8,421.963125
202501.0,2025-01-12,2377.0,ACUM MOURA,Consumidor Livre,NORDESTE,388.8,421.963125
,2025-01-12,,ACUM MOURA,,,388.8,421.963125
202501.0,2025-01-13,2377.0,ACUM MOURA,Consumidor Livre,NORDESTE,388.8,477.294099
202501.0,2025-01-13,2377.0,ACUM MOURA,Consumidor Livre,NORDESTE,388.8,477.294099
,2025-01-13,,ACUM MOURA,,,388.8,477.294099
202501.0,2025-01-14,2377.0,ACUM MOURA,Consumidor Livre,NORDESTE,388.8,516.907213
202501.0,2025-01-14,2377.0,ACUM MOURA,Consumidor Livre,NORDESTE,388.8,516.907213
,2025-01-14,,ACUM MOURA,,,388.8,516.907213
202501.0,2025-01-15,2377.0,ACUM MOURA,Consumidor Livre,NORDESTE,388.8,516.55005
202501.0,2025-01-15,2377.0,ACUM MOURA,Consumidor Livre,NORDESTE,388.8,516.55005
,2025-01-15,,ACUM MOURA,,,388.8,516.55005
202501.0,2025-01-16,2377.0,ACUM MOURA,Consumidor Livre,NORDESTE,388.8,533.496122
202501.0,2025-01-16,2377.0,ACUM MOURA,Consumidor Livre,NORDESTE,388.8,533.496122
,2025-01-16,,ACUM MOURA,,,388.8,533.496122
202501.0,2025-01-17,2377.0,ACUM MOURA,Consumidor Livre,NORDESTE,388.8,544.967757
202501.0,2025-01-17,2377.0,ACUM MOURA,Consumidor Livre,NORDESTE,388.8,544.967757
,2025-01-17,,ACUM MOURA,,,388.8,544.967757
202501.0,2025-01-18,2377.0,ACUM MOURA,Consumidor Livre,NORDESTE,388.8,533.739404
202501.0,2025-01-18,2377.0,ACUM MOURA,Consumidor Livre,NORDESTE,388.8,533.739404
,2025-01-18,,ACUM MOURA,,,388.8,533.739404
202501.0,2025-01-19,2377.0,ACUM MOURA,Consumidor Livre,NORDESTE,388.8,477.03387
202501.0,2025-01-19,2377.0,ACUM MOURA,Consumidor Livre,NORDESTE,388.8,477.03387
,2025-01-19,,ACUM MOURA,,,388.8,477.03387
202501.0,2025-01-20,2377.0,ACUM MOURA,Consumidor Livre,NORDESTE,388.8,487.625629
202501.0,2025-01-20,2377.0,ACUM MOURA,Consumidor Livre,NORDESTE,388.8,487.625629
,2025-01-20,,ACUM MOURA,,,388.8,487.625629
202501.0,2025-01-21,2377.0,ACUM MOURA,Consumidor Livre,NORDESTE,388.8,539.288222
202501.0,2025-01-21,2377.0,ACUM MOURA,Consumidor Livre,NORDESTE,388.8,539.288222
,2025-01-21,,ACUM MOURA,,,388.8,539.288222
202501.0,2025-01-22,2377.0,ACUM MOURA,Consumidor Livre,NORDESTE,388.8,538.703359
202501.0,2025-01-22,2377.0,ACUM MOURA,Consumidor Livre,NORDESTE,388.8,538.703359
,2025-01-22,,ACUM MOURA,,,388.8,538.703359
202501.0,2025-01-23,2377.0,ACUM MOURA,Consumidor Livre,NORDESTE,388.8,546.588247
202501.0,2025-01-23,2377.0,ACUM MOURA,Consumidor Livre,NORDESTE,388.8,546.588247
,2025-01-23,,ACUM MOURA,,,388.8,546.588247
202501.0,2025-01-24,2377.0,ACUM MOURA,Consumidor Livre,NORDESTE,388.8,546.27714
202501.0,2025-01-24,2377.0,ACUM MOURA,Consumidor Livre,NORDESTE,388.8,546.27714
,2025-01-24,,ACUM MOURA,,,388.8,546.27714
202501.0,2025-01-25,2377.0,ACUM MOURA,Consumidor Livre,NORDESTE,388.8,543.361466
202501.0,2025-01-25,2377.0,ACUM MOURA,Consumidor Livre,NORDESTE,388.8,543.361466
,2025-01-25,,ACUM MOURA,,,388.8,543.361466
202501.0,2025-01-26,2377.0,ACUM MOURA,Consumidor Livre,NORDESTE,388.8,476.782273
202501.0,2025-01-26,2377.0,ACUM MOURA,Consumidor Livre,NORDESTE,388.8,476.782273
,2025-01-26,,ACUM MOURA,,,388.8,476.782273
202501.0,2025-01-27,2377.0,ACUM MOURA,Consumidor Livre,NORDESTE,388.8,506.074962
202501.0,2025-01-27,2377.0,ACUM MOURA,Consumidor Livre,NORDESTE,388.8,506.074962
,2025-01-27,,ACUM MOURA,,,388.8,506.074962
202501.0,2025-01-28,2377.0,ACUM MOURA,Consumidor Livre,NORDESTE,388.8,526.479734
202501.0,2025-01-28,2377.0,ACUM MOURA,Consumidor Livre,NORDESTE,388.8,526.479734
,2025-01-28,,ACUM MOURA,,,388.8,526.479734
202501.0,2025-01-29,2377.0,ACUM MOURA,Consumidor Livre,NORDESTE,388.8,530.493375
202501.0,2025-01-29,2377.0,ACUM MOURA,Consumidor Livre,NORDESTE,388.8,530.493375
,2025-01-29,,ACUM MOURA,,,388.8,530.493375
202501.0,2025-01-30,2377.0,ACUM MOURA,Consumidor Livre,NORDESTE,388.8,531.394893
202501.0,2025-01-30,2377.0,ACUM MOURA,Consumidor Livre,NORDESTE,388.8,531.394893
,2025-01-30,,ACUM MOURA,,,388.8,531.394893
202501.0,2025-01-31,2377.0,ACUM MOURA,Consumidor Livre,NORDESTE,388.8,544.722395
202501.0,2025-01-31,2377.0,ACUM MOURA,Consumidor Livre,NORDESTE,388.8,544.722395
,2025-01-31,,ACUM MOURA,,,388.8,544.722395
202502.0,2025-02-01,2377.0,ACUM MOURA,Consumidor Livre,NORDESTE,388.8,530.063849
202502.0,2025-02-01,2377.0,ACUM MOURA,Consumidor Livre,NORDESTE,388.8,530.063849
,2025-02-01,,ACUM MOURA,,,388.8,530.063849
202502.0,2025-02-02,2377.0,ACUM MOURA,Consumidor Livre,NORDESTE,388.8,444.201934
202502.0,2025-02-02,2377.0,ACUM MOURA,Consumidor Livre,NORDESTE,388.8,444.201934
,2025-02-02,,ACUM MOURA,,,388.8,444.201934
202502.0,2025-02-03,2377.0,ACUM MOURA,Consumidor Livre,NORDESTE,388.8,521.677163
202502.0,2025-02-03,2377.0,ACUM MOURA,Consumidor Livre,NORDESTE,388.8,521.677163
,2025-02-03,,ACUM MOURA,,,388.8,521.677163
202502.0,2025-02-04,2377.0,ACUM MOURA,Consumidor Livre,NORDESTE,388.8,529.297106
202502.0,2025-02-04,2377.0,ACUM MOURA,Consumidor Livre,NORDESTE,388.8,529.297106
,2025-02-04,,ACUM MOURA,,,388.8,529.297106
202502.0,2025-02-05,2377.0,ACUM MOURA,Consumidor Livre,NORDESTE,388.8,512.556796
202502.0,2025-02-05,2377.0,ACUM MOURA,Consumidor Livre,NORDESTE,388.8,512.556796
,2025-02-05,,ACUM MOURA,,,388.8,512.556796
202502.0,2025-02-06,2377.0,ACUM MOURA,Consumidor Livre,NORDESTE,388.8,517.303571
202502.0,2025-02-06,2377.0,ACUM MOURA,Consumidor Livre,NORDESTE,388.8,517.303571
,2025-02-06,,ACUM MOURA,,,388.8,517.303571
202502.0,2025-02-07,2377.0,ACUM MOURA,Consumidor Livre,NORDESTE,388.8,526.638647
202502.0,2025-02-07,2377.0,ACUM MOURA,Consumidor Livre,NORDESTE,388.8,526.638647
,2025-02-07,,ACUM MOURA,,,388.8,526.638647
202502.0,2025-02-08,2377.0,ACUM MOURA,Consumidor Livre,NORDESTE,388.8,531.727293
202502.0,2025-02-08,2377.0,ACUM MOURA,Consumidor Livre,NORDESTE,388.8,531.727293
,2025-02-08,,ACUM MOURA,,,388.8,531.727293
202502.0,2025-02-09,2377.0,ACUM MOURA,Consumidor Livre,NORDESTE,388.8,464.342255
202502.0,2025-02-09,2377.0,ACUM MOURA,Consumidor Livre,NORDESTE,388.8,464.342255
,2025-02-09,,ACUM MOURA,,,388.8,464.342255
202502.0,2025-02-10,2377.0,ACUM MOURA,Consumidor Livre,NORDESTE,388.8,514.475737
202502.0,2025-02-10,2377.0,ACUM MOURA,Consumidor Livre,NORDESTE,388.8,514.475737
,2025-02-10,,ACUM MOURA,,,388.8,514.475737
202502.0,2025-02-11,2377.0,ACUM MOURA,Consumidor Livre,NORDESTE,388.8,539.626714
202502.0,2025-02-11,2377.0,ACUM MOURA,Consumidor Livre,NORDESTE,388.8,539.626714
,2025-02-11,,ACUM MOURA,,,388.8,539.626714
202502.0,2025-02-12,2377.0,ACUM MOURA,Consumidor Livre,NORDESTE,388.8,538.611264
202502.0,2025-02-12,2377.0,ACUM MOURA,Consumidor Livre,NORDESTE,388.8,538.611264
,2025-02-12,,ACUM MOURA,,,388.8,538.611264
202502.0,2025-02-13,2377.0,ACUM MOURA,Consumidor Livre,NORDESTE,388.8,518.091558
202502.0,2025-02-13,2377.0,ACUM MOURA,Consumidor Livre,NORDESTE,388.8,518.091558
,2025-02-13,,ACUM MOURA,,,388.8,518.091558
202502.0,2025-02-14,2377.0,ACUM MOURA,Consumidor Livre,NORDESTE,388.8,529.35782
202502.0,2025-02-14,2377.0,ACUM MOURA,Consumidor Livre,NORDESTE,388.8,529.35782
,2025-02-14,,ACUM MOURA,,,388.8,529.35782
202502.0,2025-02-15,2377.0,ACUM MOURA,Consumidor Livre,NORDESTE,388.8,524.800807
202502.0,2025-02-15,2377.0,ACUM MOURA,Consumidor Livre,NORDESTE,388.8,524.800807
,2025-02-15,,ACUM MOURA,,,388.8,524.800807
202502.0,2025-02-16,2377.0,ACUM MOURA,Consumidor Livre,NORDESTE,388.8,493.701513
202502.0,2025-02-16,2377.0,ACUM MOURA,Consumidor Livre,NORDESTE,388.8,493.701513
,2025-02-16,,ACUM MOURA,,,388.8,493.701513
202502.0,2025-02-17,2377.0,ACUM MOURA,Consumidor Livre,NORDESTE,388.8,516.416082
202502.0,2025-02-17,2377.0,ACUM MOURA,Consumidor Livre,NORDESTE,388.8,516.416082
,2025-02-17,,ACUM MOURA,,,388.8,516.416082
202502.0,2025-02-18,2377.0,ACUM MOURA,Consumidor Livre,NORDESTE,388.8,536.29772
202502.0,2025-02-18,2377.0,ACUM MOURA,Consumidor Livre,NORDESTE,388.8,536.29772
,2025-02-18,,ACUM MOURA,,,388.8,536.29772
202502.0,2025-02-19,2377.0,ACUM MOURA,Consumidor Livre,NORDESTE,388.8,534.362377
202502.0,2025-02-19,2377.0,ACUM MOURA,Consumidor Livre,NORDESTE,388.8,534.362377
,2025-02-19,,ACUM MOURA,,,388.8,534.362377
202502.0,2025-02-20,2377.0,ACUM MOURA,Consumidor Livre,NORDESTE,388.8,550.276091
202502.0,2025-02-20,2377.0,ACUM MOURA,Consumidor Livre,NORDESTE,388.8,550.276091
,2025-02-20,,ACUM MOURA,,,388.8,550.276091
202502.0,2025-02-21,2377.0,ACUM MOURA,Consumidor Livre,NORDESTE,388.8,551.018728
202502.0,2025-02-21,2377.0,ACUM MOURA,Consumidor Livre,NORDESTE,388.8,551.018728
,2025-02-21,,ACUM MOURA,,,388.8,551.018728
202502.0,2025-02-22,2377.0,ACUM MOURA,Consumidor Livre,NORDESTE,388.8,561.05443
202502.0,2025-02-22,2377.0,ACUM MOURA,Consumidor Livre,NORDESTE,388.8,561.05443
,2025-02-22,,ACUM MOURA,,,388.8,561.05443
202502.0,2025-02-23,2377.0,ACUM MOURA,Consumidor Livre,NORDESTE,388.8,449.17933
202502.0,2025-02-23,2377.0,ACUM MOURA,Consumidor Livre,NORDESTE,388.8,449.17933
,2025-02-23,,ACUM MOURA,,,388.8,449.17933
202502.0,2025-02-24,2377.0,ACUM MOURA,Consumidor Livre,NORDESTE,388.8,511.703349
202502.0,2025-02-24,2377.0,ACUM MOURA,Consumidor Livre,NORDESTE,388.8,511.703349
,2025-02-24,,ACUM MOURA,,,388.8,511.703349
202502.0,2025-02-25,2377.0,ACUM MOURA,Consumidor Livre,NORDESTE,388.8,548.187945
202502.0,2025-02-25,2377.0,ACUM MOURA,Consumidor Livre,NORDESTE,388.8,548.187945
,2025-02-25,,ACUM MOURA,,,388.8,548.187945
202502.0,2025-02-26,2377.0,ACUM MOURA,Consumidor Livre,NORDESTE,388.8,552.116459
202502.0,2025-02-26,2377.0,ACUM MOURA,Consumidor Livre,NORDESTE,388.8,552.116459
,2025-02-26,,ACUM MOURA,,,388.8,552.116459
202502.0,2025-02-27,2377.0,ACUM MOURA,Consumidor Livre,NORDESTE,388.8,570.458622
202502.0,2025-02-27,2377.0,ACUM MOURA,Consumidor Livre,NORDESTE,388.8,570.458622
,2025-02-27,,ACUM MOURA,,,388.8,570.458622
202502.0,2025-02-28,2377.0,ACUM MOURA,Consumidor Livre,NORDESTE,388.8,553.62795
202502.0,2025-02-28,2377.0,ACUM MOURA,Consumidor Livre,NORDESTE,388.8,553.62795
,2025-02-28,,ACUM MOURA,,,388.8,553.62795
202503.0,2025-03-01,2377.0,ACUM MOURA,Consumidor Livre,NORDESTE,388.8,552.375761
202503.0,2025-03-01,2377.0,ACUM MOURA,Consumidor Livre,NORDESTE,388.8,552.375761
,2025-03-01,,ACUM MOURA,,,388.8,552.375761
202503.0,2025-03-02,2377.0,ACUM MOURA,Consumidor Livre,NORDESTE,388.8,499.294194
202503.0,2025-03-02,2377.0,ACUM MOURA,Consumidor Livre,NORDESTE,388.8,499.294194
,2025-03-02,,ACUM MOURA,,,388.8,499.294194
202503.0,2025-03-03,2377.0,ACUM MOURA,Consumidor Livre,NORDESTE,388.8,530.708149
202503.0,2025-03-03,2377.0,ACUM MOURA,Consumidor Livre,NORDESTE,388.8,530.708149
,2025-03-03,,ACUM MOURA,,,388.8,530.708149
202503.0,2025-03-04,2377.0,ACUM MOURA,Consumidor Livre,NORDESTE,388.8,555.661351
202503.0,2025-03-04,2377.0,ACUM MOURA,Consumidor Livre,NORDESTE,388.8,555.661351
,2025-03-04,,ACUM MOURA,,,388.8,555.661351
202503.0,2025-03-05,2377.0,ACUM MOURA,Consumidor Livre,NORDESTE,388.8,581.706446
202503.0,2025-03-05,2377.0,ACUM MOURA,Consumidor Livre,NORDESTE,388.8,581.706446
,2025-03-05,,ACUM MOURA,,,388.8,581.706446
202503.0,2025-03-06,2377.0,ACUM MOURA,Consumidor Livre,NORDESTE,388.8,580.829656
202503.0,2025-03-06,2377.0,ACUM MOURA,Consumidor Livre,NORDESTE,388.8,580.829656
,2025-03-06,,ACUM MOURA,,,388.8,580.829656
202503.0,2025-03-07,2377.0,ACUM MOURA,Consumidor Livre,NORDESTE,388.8,573.20563
202503.0,2025-03-07,2377.0,ACUM MOURA,Consumidor Livre,NORDESTE,388.8,573.20563
,2025-03-07,,ACUM MOURA,,,388.8,573.20563
202503.0,2025-03-08,2377.0,ACUM MOURA,Consumidor Livre,NORDESTE,388.8,580.187162
202503.0,2025-03-08,2377.0,ACUM MOURA,Consumidor Livre,NORDESTE,388.8,580.187162
,2025-03-08,,ACUM MOURA,,,388.8,580.187162
202503.0,2025-03-09,2377.0,ACUM MOURA,Consumidor Livre,NORDESTE,388.8,496.335848
202503.0,2025-03-09,2377.0,ACUM MOURA,Consumidor Livre,NORDESTE,388.8,496.335848
,2025-03-09,,ACUM MOURA,,,388.8,496.335848
202503.0,2025-03-10,2377.0,ACUM MOURA,Consumidor Livre,NORDESTE,388.8,535.472772
202503.0,2025-03-10,2377.0,ACUM MOURA,Consumidor Livre,NORDESTE,388.8,535.472772
,2025-03-10,,ACUM MOURA,,,388.8,535.472772
202503.0,2025-03-11,2377.0,ACUM MOURA,Consumidor Livre,NORDESTE,388.8,559.655825
202503.0,2025-03-11,2377.0,ACUM MOURA,Consumidor Livre,NORDESTE,388.8,559.655825
,2025-03-11,,ACUM MOURA,,,388.8,559.655825
202503.0,2025-03-12,2377.0,ACUM MOURA,Consumidor Livre,NORDESTE,388.8,545.326497
202503.0,2025-03-12,2377.0,ACUM MOURA,Consumidor Livre,NORDESTE,388.8,545.326497
,2025-03-12,,ACUM MOURA,,,388.8,545.326497
202503.0,2025-03-13,2377.0,ACUM MOURA,Consumidor Livre,NORDESTE,388.8,544.466757
202503.0,2025-03-13,2377.0,ACUM MOURA,Consumidor Livre,NORDESTE,388.8,544.466757
,2025-03-13,,ACUM MOURA,,,388.8,544.466757
202503.0,2025-03-14,2377.0,ACUM MOURA,Consumidor Livre,NORDESTE,388.8,542.886456
202503.0,2025-03-14,2377.0,ACUM MOURA,Consumidor Livre,NORDESTE,388.8,542.886456
,2025-03-14,,ACUM MOURA,,,388.8,542.886456
202503.0,2025-03-15,2377.0,ACUM MOURA,Consumidor Livre,NORDESTE,388.8,545.062496
202503.0,2025-03-15,2377.0,ACUM MOURA,Consumidor Livre,NORDESTE,388.8,545.062496
,2025-03-15,,ACUM MOURA,,,388.8,545.062496
202503.0,2025-03-16,2377.0,ACUM MOURA,Consumidor Livre,NORDESTE,388.8,497.285428
202503.0,2025-03-16,2377.0,ACUM MOURA,Consumidor Livre,NORDESTE,388.8,497.285428
,2025-03-16,,ACUM MOURA,,,388.8,497.285428
202503.0,2025-03-17,2377.0,ACUM MOURA,Consumidor Livre,NORDESTE,388.8,538.389537
202503.0,2025-03-17,2377.0,ACUM MOURA,Consumidor Livre,NORDESTE,388.8,538.389537
,2025-03-17,,ACUM MOURA,,,388.8,538.389537
202503.0,2025-03-18,2377.0,ACUM MOURA,Consumidor Livre,NORDESTE,388.8,552.552108
202503.0,2025-03-18,2377.0,ACUM MOURA,Consumidor Livre,NORDESTE,388.8,552.552108
,2025-03-18,,ACUM MOURA,,,388.8,552.552108
202503.0,2025-03-19,2377.0,ACUM MOURA,Consumidor Livre,NORDESTE,388.8,568.646918
202503.0,2025-03-19,2377.0,ACUM MOURA,Consumidor Livre,NORDESTE,388.8,568.646918
,2025-03-19,,ACUM MOURA,,,388.8,568.646918
202503.0,2025-03-20,2377.0,ACUM MOURA,Consumidor Livre,NORDESTE,388.8,563.688021
202503.0,2025-03-20,2377.0,ACUM MOURA,Consumidor Livre,NORDESTE,388.8,563.688021
,2025-03-20,,ACUM MOURA,,,388.8,563.688021
202503.0,2025-03-21,2377.0,ACUM MOURA,Consumidor Livre,NORDESTE,388.8,566.217097
202503.0,2025-03-21,2377.0,ACUM MOURA,Consumidor Livre,NORDESTE,388.8,566.217097
,2025-03-21,,ACUM MOURA,,,388.8,566.217097
202503.0,2025-03-22,2377.0,ACUM MOURA,Consumidor Livre,NORDESTE,388.8,546.956301
202503.0,2025-03-22,2377.0,ACUM MOURA,Consumidor Livre,NORDESTE,388.8,546.956301
,2025-03-22,,ACUM MOURA,,,388.8,546.956301
202503.0,2025-03-23,2377.0,ACUM MOURA,Consumidor Livre,NORDESTE,388.8,509.369177
202503.0,2025-03-23,2377.0,ACUM MOURA,Consumidor Livre,NORDESTE,388.8,509.369177
,2025-03-23,,ACUM MOURA,,,388.8,509.369177
202503.0,2025-03-24,2377.0,ACUM MOURA,Consumidor Livre,NORDESTE,388.8,535.553713
202503.0,2025-03-24,2377.0,ACUM MOURA,Consumidor Livre,NORDESTE,388.8,535.553713
,2025-03-24,,ACUM MOURA,,,388.8,535.553713
202503.0,2025-03-25,2377.0,ACUM MOURA,Consumidor Livre,NORDESTE,388.8,553.227633
202503.0,2025-03-25,2377.0,ACUM MOURA,Consumidor Livre,NORDESTE,388.8,553.227633
,2025-03-25,,ACUM MOURA,,,388.8,553.227633
202503.0,2025-03-26,2377.0,ACUM MOURA,Consumidor Livre,NORDESTE,388.8,568.385481
202503.0,2025-03-26,2377.0,ACUM MOURA,Consumidor Livre,NORDESTE,388.8,568.385481
,2025-03-26,,ACUM MOURA,,,388.8,568.385481
202503.0,2025-03-27,2377.0,ACUM MOURA,Consumidor Livre,NORDESTE,388.8,561.373331
202503.0,2025-03-27,2377.0,ACUM MOURA,Consumidor Livre,NORDESTE,388.8,561.373331
,2025-03-27,,ACUM MOURA,,,388.8,561.373331
202503.0,2025-03-28,2377.0,ACUM MOURA,Consumidor Livre,NORDESTE,388.8,563.312732
202503.0,2025-03-28,2377.0,ACUM MOURA,Consumidor Livre,NORDESTE,388.8,563.312732
,2025-03-28,,ACUM MOURA,,,388.8,563.312732
202503.0,2025-03-29,2377.0,ACUM MOURA,Consumidor Livre,NORDESTE,388.8,559.029843
202503.0,2025-03-29,2377.0,ACUM MOURA,Consumidor Livre,NORDESTE,388.8,559.029843
,2025-03-29,,ACUM MOURA,,,388.8,559.029843
202503.0,2025-03-30,2377.0,ACUM MOURA,Consumidor Livre,NORDESTE,388.8,352.452241
202503.0,2025-03-30,2377.0,ACUM MOURA,Consumidor Livre,NORDESTE,388.8,352.452241
,2025-03-30,,ACUM MOURA,,,388.8,352.452241
202503.0,2025-03-31,2377.0,ACUM MOURA,Consumidor Livre,NORDESTE,388.8,542.740685
202503.0,2025-03-31,2377.0,ACUM MOURA,Consumidor Livre,NORDESTE,388.8,542.740685
,2025-03-31,,ACUM MOURA,,,388.8,542.740685
202504.0,2025-04-01,2377.0,ACUM MOURA,Consumidor Livre,NORDESTE,388.8,564.820113
202504.0,2025-04-01,2377.0,ACUM MOURA,Consumidor Livre,NORDESTE,388.8,564.820113
,2025-04-01,,ACUM MOURA,,,388.8,564.820113
202504.0,2025-04-02,2377.0,ACUM MOURA,Consumidor Livre,NORDESTE,388.8,560.398951
202504.0,2025-04-02,2377.0,ACUM MOURA,Consumidor Livre,NORDESTE,388.8,560.398951
,2025-04-02,,ACUM MOURA,,,388.8,560.398951
202504.0,2025-04-03,2377.0,ACUM MOURA,Consumidor Livre,NORDESTE,388.8,555.41242
202504.0,2025-04-03,2377.0,ACUM MOURA,Consumidor Livre,NORDESTE,388.8,555.41242
,2025-04-03,,ACUM MOURA,,,388.8,555.41242
202504.0,2025-04-04,2377.0,ACUM MOURA,Consumidor Livre,NORDESTE,388.8,544.734663
202504.0,2025-04-04,2377.0,ACUM MOURA,Consumidor Livre,NORDESTE,388.8,544.734663
,2025-04-04,,ACUM MOURA,,,388.8,544.734663
202504.0,2025-04-05,2377.0,ACUM MOURA,Consumidor Livre,NORDESTE,388.8,555.257197
202504.0,2025-04-05,2377.0,ACUM MOURA,Consumidor Livre,NORDESTE,388.8,555.257197
,2025-04-05,,ACUM MOURA,,,388.8,555.257197
202504.0,2025-04-06,2377.0,ACUM MOURA,Consumidor Livre,NORDESTE,388.8,500.040383
202504.0,2025-04-06,2377.0,ACUM MOURA,Consumidor Livre,NORDESTE,388.8,500.040383
,2025-04-06,,ACUM MOURA,,,388.8,500.040383
202504.0,2025-04-07,2377.0,ACUM MOURA,Consumidor Livre,NORDESTE,388.8,544.111879
202504.0,2025-04-07,2377.0,ACUM MOURA,Consumidor Livre,NORDESTE,388.8,544.111879
,2025-04-07,,ACUM MOURA,,,388.8,544.111879
202504.0,2025-04-08,2377.0,ACUM MOURA,Consumidor Livre,NORDESTE,388.8,547.859007
202504.0,2025-04-08,2377.0,ACUM MOURA,Consumidor Livre,NORDESTE,388.8,547.859007
,2025-04-08,,ACUM MOURA,,,388.8,547.859007
202504.0,2025-04-09,2377.0,ACUM MOURA,Consumidor Livre,NORDESTE,388.8,569.88965
202504.0,2025-04-09,2377.0,ACUM MOURA,Consumidor Livre,NORDESTE,388.8,569.88965
,2025-04-09,,ACUM MOURA,,,388.8,569.88965
202504.0,2025-04-10,2377.0,ACUM MOURA,Consumidor Livre,NORDESTE,388.8,578.778655
202504.0,2025-04-10,2377.0,ACUM MOURA,Consumidor Livre,NORDESTE,388.8,578.778655
,2025-04-10,,ACUM MOURA,,,388.8,578.778655
202504.0,2025-04-11,2377.0,ACUM MOURA,Consumidor Livre,NORDESTE,388.8,524.784886
202504.0,2025-04-11,2377.0,ACUM MOURA,Consumidor Livre,NORDESTE,388.8,524.784886
,2025-04-11,,ACUM MOURA,,,388.8,524.784886
202504.0,2025-04-12,2377.0,ACUM MOURA,Consumidor Livre,NORDESTE,388.8,495.227083
202504.0,2025-04-12,2377.0,ACUM MOURA,Consumidor Livre,NORDESTE,388.8,495.227083
,2025-04-12,,ACUM MOURA,,,388.8,495.227083
202504.0,2025-04-13,2377.0,ACUM MOURA,Consumidor Livre,NORDESTE,388.8,505.554881
202504.0,2025-04-13,2377.0,ACUM MOURA,Consumidor Livre,NORDESTE,388.8,505.554881
,2025-04-13,,ACUM MOURA,,,388.8,505.554881
202504.0,2025-04-14,2377.0,ACUM MOURA,Consumidor Livre,NORDESTE,388.8,543.784571
202504.0,2025-04-14,2377.0,ACUM MOURA,Consumidor Livre,NORDESTE,388.8,543.784571
,2025-04-14,,ACUM MOURA,,,388.8,543.784571
202504.0,2025-04-15,2377.0,ACUM MOURA,Consumidor Livre,NORDESTE,388.8,558.987331
202504.0,2025-04-15,2377.0,ACUM MOURA,Consumidor Livre,NORDESTE,388.8,558.987331
,2025-04-15,,ACUM MOURA,,,388.8,558.987331
202504.0,2025-04-16,2377.0,ACUM MOURA,Consumidor Livre,NORDESTE,388.8,574.311213
202504.0,2025-04-16,2377.0,ACUM MOURA,Consumidor Livre,NORDESTE,388.8,574.311213
,2025-04-16,,ACUM MOURA,,,388.8,574.311213
202504.0,2025-04-17,2377.0,ACUM MOURA,Consumidor Livre,NORDESTE,388.8,575.026513
202504.0,2025-04-17,2377.0,ACUM MOURA,Consumidor Livre,NORDESTE,388.8,575.026513
,2025-04-17,,ACUM MOURA,,,388.8,575.026513
202504.0,2025-04-18,2377.0,ACUM MOURA,Consumidor Livre,NORDESTE,388.8,492.81807
202504.0,2025-04-18,2377.0,ACUM MOURA,Consumidor Livre,NORDESTE,388.8,492.81807
,2025-04-18,,ACUM MOURA,,,388.8,492.81807
202504.0,2025-04-19,2377.0,ACUM MOURA,Consumidor Livre,NORDESTE,388.8,485.598389
202504.0,2025-04-19,2377.0,ACUM MOURA,Consumidor Livre,NORDESTE,388.8,485.598389
,2025-04-19,,ACUM MOURA,,,388.8,485.598389
202504.0,2025-04-20,2377.0,ACUM MOURA,Consumidor Livre,NORDESTE,388.8,487.868967
202504.0,2025-04-20,2377.0,ACUM MOURA,Consumidor Livre,NORDESTE,388.8,487.868967
,2025-04-20,,ACUM MOURA,,,388.8,487.868967
202504.0,2025-04-21,2377.0,ACUM MOURA,Consumidor Livre,NORDESTE,388.8,538.247641
202504.0,2025-04-21,2377.0,ACUM MOURA,Consumidor Livre,NORDESTE,388.8,538.247641
,2025-04-21,,ACUM MOURA,,,388.8,538.247641
202504.0,2025-04-22,2377.0,ACUM MOURA,Consumidor Livre,NORDESTE,388.8,543.547393
202504.0,2025-04-22,2377.0,ACUM MOURA,Consumidor Livre,NORDESTE,388.8,543.547393
,2025-04-22,,ACUM MOURA,,,388.8,543.547393
202504.0,2025-04-23,2377.0,ACUM MOURA,Consumidor Livre,NORDESTE,388.8,543.459311
202504.0,2025-04-23,2377.0,ACUM MOURA,Consumidor Livre,NORDESTE,388.8,543.459311
,2025-04-23,,ACUM MOURA,,,388.8,543.459311
202504.0,2025-04-24,2377.0,ACUM MOURA,Consumidor Livre,NORDESTE,388.8,570.425927
202504.0,2025-04-24,2377.0,ACUM MOURA,Consumidor Livre,NORDESTE,388.8,570.425927
,2025-04-24,,ACUM MOURA,,,388.8,570.425927
202504.0,2025-04-25,2377.0,ACUM MOURA,Consumidor Livre,NORDESTE,388.8,564.53018
202504.0,2025-04-25,2377.0,ACUM MOURA,Consumidor Livre,NORDESTE,388.8,564.53018
,2025-04-25,,ACUM MOURA,,,388.8,564.53018
202504.0,2025-04-26,2377.0,ACUM MOURA,Consumidor Livre,NORDESTE,388.8,542.294871
202504.0,2025-04-26,2377.0,ACUM MOURA,Consumidor Livre,NORDESTE,388.8,542.294871
,2025-04-26,,ACUM MOURA,,,388.8,542.294871
202504.0,2025-04-27,2377.0,ACUM MOURA,Consumidor Livre,NORDESTE,388.8,514.758275
202504.0,2025-04-27,2377.0,ACUM MOURA,Consumidor Livre,NORDESTE,388.8,514.758275
,2025-04-27,,ACUM MOURA,,,388.8,514.758275
202504.0,2025-04-28,2377.0,ACUM MOURA,Consumidor Livre,NORDESTE,388.8,546.489389
202504.0,2025-04-28,2377.0,ACUM MOURA,Consumidor Livre,NORDESTE,388.8,546.489389
,2025-04-28,,ACUM MOURA,,,388.8,546.489389
202504.0,2025-04-29,2377.0,ACUM MOURA,Consumidor Livre,NORDESTE,388.8,562.470205
202504.0,2025-04-29,2377.0,ACUM MOURA,Consumidor Livre,NORDESTE,388.8,562.470205
,2025-04-29,,ACUM MOURA,,,388.8,562.470205
202504.0,2025-04-30,2377.0,ACUM MOURA,Consumidor Livre,NORDESTE,388.8,601.047045
202504.0,2025-04-30,2377.0,ACUM MOURA,Consumidor Livre,NORDESTE,388.8,601.047045
,2025-04-30,,ACUM MOURA,,,388.8,601.047045
202505.0,2025-05-01,2377.0,ACUM MOURA,Consumidor Livre,NORDESTE,388.8,553.541649
202505.0,2025-05-01,2377.0,ACUM MOURA,Consumidor Livre,NORDESTE,388.8,553.541649
,2025-05-01,,ACUM MOURA,,,388.8,553.541649
202505.0,2025-05-02,2377.0,ACUM MOURA,Consumidor Livre,NORDESTE,388.8,567.178091
202505.0,2025-05-02,2377.0,ACUM MOURA,Consumidor Livre,NORDESTE,388.8,567.178091
,2025-05-02,,ACUM MOURA,,,388.8,567.178091
202505.0,2025-05-03,2377.0,ACUM MOURA,Consumidor Livre,NORDESTE,388.8,554.871802
202505.0,2025-05-03,2377.0,ACUM MOURA,Consumidor Livre,NORDESTE,388.8,554.871802
,2025-05-03,,ACUM MOURA,,,388.8,554.871802
202505.0,2025-05-04,2377.0,ACUM MOURA,Consumidor Livre,NORDESTE,388.8,494.797395
202505.0,2025-05-04,2377.0,ACUM MOURA,Consumidor Livre,NORDESTE,388.8,494.797395
,2025-05-04,,ACUM MOURA,,,388.8,494.797395
202505.0,2025-05-05,2377.0,ACUM MOURA,Consumidor Livre,NORDESTE,388.8,514.295892
202505.0,2025-05-05,2377.0,ACUM MOURA,Consumidor Livre,NORDESTE,388.8,514.295892
,2025-05-05,,ACUM MOURA,,,388.8,514.295892
202505.0,2025-05-06,2377.0,ACUM MOURA,Consumidor Livre,NORDESTE,388.8,553.4646290000001
202505.0,2025-05-06,2377.0,ACUM MOURA,Consumidor Livre,NORDESTE,388.8,553.4646290000001
,2025-05-06,,ACUM MOURA,,,388.8,553.4646290000001
202505.0,2025-05-07,2377.0,ACUM MOURA,Consumidor Livre,NORDESTE,388.8,551.843676
202505.0,2025-05-07,2377.0,ACUM MOURA,Consumidor Livre,NORDESTE,388.8,551.843676
,2025-05-07,,ACUM MOURA,,,388.8,551.843676
202505.0,2025-05-08,2377.0,ACUM MOURA,Consumidor Livre,NORDESTE,388.8,563.33902
202505.0,2025-05-08,2377.0,ACUM MOURA,Consumidor Livre,NORDESTE,388.8,563.33902
,2025-05-08,,ACUM MOURA,,,388.8,563.33902
202505.0,2025-05-09,2377.0,ACUM MOURA,Consumidor Livre,NORDESTE,388.8,581.811126
202505.0,2025-05-09,2377.0,ACUM MOURA,Consumidor Livre,NORDESTE,388.8,581.811126
,2025-05-09,,ACUM MOURA,,,388.8,581.811126
202505.0,2025-05-10,2377.0,ACUM MOURA,Consumidor Livre,NORDESTE,388.8,582.601596
202505.0,2025-05-10,2377.0,ACUM MOURA,Consumidor Livre,NORDESTE,388.8,582.601596
,2025-05-10,,ACUM MOURA,,,388.8,582.601596
202505.0,2025-05-11,2377.0,ACUM MOURA,Consumidor Livre,NORDESTE,388.8,514.47957
202505.0,2025-05-11,2377.0,ACUM MOURA,Consumidor Livre,NORDESTE,388.8,514.47957
,2025-05-11,,ACUM MOURA,,,388.8,514.47957
202505.0,2025-05-12,2377.0,ACUM MOURA,Consumidor Livre,NORDESTE,388.8,559.689309
202505.0,2025-05-12,2377.0,ACUM MOURA,Consumidor Livre,NORDESTE,388.8,559.689309
,2025-05-12,,ACUM MOURA,,,388.8,559.689309
202505.0,2025-05-13,2377.0,ACUM MOURA,Consumidor Livre,NORDESTE,388.8,568.589987
202505.0,2025-05-13,2377.0,ACUM MOURA,Consumidor Livre,NORDESTE,388.8,568.589987
,2025-05-13,,ACUM MOURA,,,388.8,568.589987
202505.0,2025-05-14,2377.0,ACUM MOURA,Consumidor Livre,NORDESTE,388.8,570.421774
202505.0,2025-05-14,2377.0,ACUM MOURA,Consumidor Livre,NORDESTE,388.8,570.421774
,2025-05-14,,ACUM MOURA,,,388.8,570.421774
202505.0,2025-05-15,2377.0,ACUM MOURA,Consumidor Livre,NORDESTE,388.8,582.409321
202505.0,2025-05-15,2377.0,ACUM MOURA,Consumidor Livre,NORDESTE,388.8,582.409321
,2025-05-15,,ACUM MOURA,,,388.8,582.409321
202505.0,2025-05-16,2377.0,ACUM MOURA,Consumidor Livre,NORDESTE,388.8,560.736678
202505.0,2025-05-16,2377.0,ACUM MOURA,Consumidor Livre,NORDESTE,388.8,560.736678
,2025-05-16,,ACUM MOURA,,,388.8,560.736678
202505.0,2025-05-17,2377.0,ACUM MOURA,Consumidor Livre,NORDESTE,388.8,545.882009
202505.0,2025-05-17,2377.0,ACUM MOURA,Consumidor Livre,NORDESTE,388.8,545.882009
,2025-05-17,,ACUM MOURA,,,388.8,545.882009
202505.0,2025-05-18,2377.0,ACUM MOURA,Consumidor Livre,NORDESTE,388.8,493.459408
202505.0,2025-05-18,2377.0,ACUM MOURA,Consumidor Livre,NORDESTE,388.8,493.459408
,2025-05-18,,ACUM MOURA,,,388.8,493.459408
202505.0,2025-05-19,2377.0,ACUM MOURA,Consumidor Livre,NORDESTE,388.8,534.027159
202505.0,2025-05-19,2377.0,ACUM MOURA,Consumidor Livre,NORDESTE,388.8,534.027159
,2025-05-19,,ACUM MOURA,,,388.8,534.027159
202505.0,2025-05-20,2377.0,ACUM MOURA,Consumidor Livre,NORDESTE,388.8,541.658694
202505.0,2025-05-20,2377.0,ACUM MOURA,Consumidor Livre,NORDESTE,388.8,541.658694
,2025-05-20,,ACUM MOURA,,,388.8,541.658694
202505.0,2025-05-21,2377.0,ACUM MOURA,Consumidor Livre,NORDESTE,388.8,543.693344
202505.0,2025-05-21,2377.0,ACUM MOURA,Consumidor Livre,NORDESTE,388.8,543.693344
,2025-05-21,,ACUM MOURA,,,388.8,543.693344
202505.0,2025-05-22,2377.0,ACUM MOURA,Consumidor Livre,NORDESTE,388.8,552.183266
202505.0,2025-05-22,2377.0,ACUM MOURA,Consumidor Livre,NORDESTE,388.8,552.183266
,2025-05-22,,ACUM MOURA,,,388.8,552.183266
202505.0,2025-05-23,2377.0,ACUM MOURA,Consumidor Livre,NORDESTE,388.8,572.698946
202505.0,2025-05-23,2377.0,ACUM MOURA,Consumidor Livre,NORDESTE,388.8,572.698946
,2025-05-23,,ACUM MOURA,,,388.8,572.698946
202505.0,2025-05-24,2377.0,ACUM MOURA,Consumidor Livre,NORDESTE,388.8,568.217608
202505.0,2025-05-24,2377.0,ACUM MOURA,Consumidor Livre,NORDESTE,388.8,568.217608
,2025-05-24,,ACUM MOURA,,,388.8,568.217608
202505.0,2025-05-25,2377.0,ACUM MOURA,Consumidor Livre,NORDESTE,388.8,542.361415
202505.0,2025-05-25,2377.0,ACUM MOURA,Consumidor Livre,NORDESTE,388.8,542.361415
,2025-05-25,,ACUM MOURA,,,388.8,542.361415
202505.0,2025-05-26,2377.0,ACUM MOURA,Consumidor Livre,NORDESTE,388.8,554.651148
202505.0,2025-05-26,2377.0,ACUM MOURA,Consumidor Livre,NORDESTE,388.8,554.651148
,2025-05-26,,ACUM MOURA,,,388.8,554.651148
202505.0,2025-05-27,2377.0,ACUM MOURA,Consumidor Livre,NORDESTE,388.8,577.437426
202505.0,2025-05-27,2377.0,ACUM MOURA,Consumidor Livre,NORDESTE,388.8,577.437426
,2025-05-27,,ACUM MOURA,,,388.8,577.437426
202505.0,2025-05-28,2377.0,ACUM MOURA,Consumidor Livre,NORDESTE,388.8,579.933293
202505.0,2025-05-28,2377.0,ACUM MOURA,Consumidor Livre,NORDESTE,388.8,579.933293
,2025-05-28,,ACUM MOURA,,,388.8,579.933293
202505.0,2025-05-29,2377.0,ACUM MOURA,Consumidor Livre,NORDESTE,388.8,583.438958
202505.0,2025-05-29,2377.0,ACUM MOURA,Consumidor Livre,NORDESTE,388.8,583.438958
,2025-05-29,,ACUM MOURA,,,388.8,583.438958
202505.0,2025-05-30,2377.0,ACUM MOURA,Consumidor Livre,NORDESTE,388.8,590.692364
202505.0,2025-05-30,2377.0,ACUM MOURA,Consumidor Livre,NORDESTE,388.8,590.692364
,2025-05-30,,ACUM MOURA,,,388.8,590.692364
202505.0,2025-05-31,2377.0,ACUM MOURA,Consumidor Livre,NORDESTE,388.8,592.851533
202505.0,2025-05-31,2377.0,ACUM MOURA,Consumidor Livre,NORDESTE,388.8,592.851533
,2025-05-31,,ACUM MOURA,,,388.8,592.851533
202506.0,2025-06-01,2377.0,ACUM MOURA,Consumidor Livre,NORDESTE,388.8,526.530885
202506.0,2025-06-01,2377.0,ACUM MOURA,Consumidor Livre,NORDESTE,388.8,526.530885
,2025-06-01,,ACUM MOURA,,,388.8,526.530885
202506.0,2025-06-02,2377.0,ACUM MOURA,Consumidor Livre,NORDESTE,388.8,542.299341
202506.0,2025-06-02,2377.0,ACUM MOURA,Consumidor Livre,NORDESTE,388.8,542.299341
,2025-06-02,,ACUM MOURA,,,388.8,542.299341
202506.0,2025-06-03,2377.0,ACUM MOURA,Consumidor Livre,NORDESTE,388.8,540.627245
202506.0,2025-06-03,2377.0,ACUM MOURA,Consumidor Livre,NORDESTE,388.8,540.627245
,2025-06-03,,ACUM MOURA,,,388.8,540.627245
202506.0,2025-06-04,2377.0,ACUM MOURA,Consumidor Livre,NORDESTE,388.8,579.772632
202506.0,2025-06-04,2377.0,ACUM MOURA,Consumidor Livre,NORDESTE,388.8,579.772632
,2025-06-04,,ACUM MOURA,,,388.8,579.772632
202506.0,2025-06-05,2377.0,ACUM MOURA,Consumidor Livre,NORDESTE,388.8,568.162683
202506.0,2025-06-05,2377.0,ACUM MOURA,Consumidor Livre,NORDESTE,388.8,568.162683
,2025-06-05,,ACUM MOURA,,,388.8,568.162683
202506.0,2025-06-06,2377.0,ACUM MOURA,Consumidor Livre,NORDESTE,388.8,557.546239
202506.0,2025-06-06,2377.0,ACUM MOURA,Consumidor Livre,NORDESTE,388.8,557.546239
,2025-06-06,,ACUM MOURA,,,388.8,557.546239
202506.0,2025-06-07,2377.0,ACUM MOURA,Consumidor Livre,NORDESTE,388.8,566.144056
202506.0,2025-06-07,2377.0,ACUM MOURA,Consumidor Livre,NORDESTE,388.8,566.144056
,2025-06-07,,ACUM MOURA,,,388.8,566.144056
202506.0,2025-06-08,2377.0,ACUM MOURA,Consumidor Livre,NORDESTE,388.8,530.415381
202506.0,2025-06-08,2377.0,ACUM MOURA,Consumidor Livre,NORDESTE,388.8,530.415381
,2025-06-08,,ACUM MOURA,,,388.8,530.415381
202506.0,2025-06-09,2377.0,ACUM MOURA,Consumidor Livre,NORDESTE,388.8,550.430388
202506.0,2025-06-09,2377.0,ACUM MOURA,Consumidor Livre,NORDESTE,388.8,550.430388
,2025-06-09,,ACUM MOURA,,,388.8,550.430388
202506.0,2025-06-10,2377.0,ACUM MOURA,Consumidor Livre,NORDESTE,388.8,562.401764
202506.0,2025-06-10,2377.0,ACUM MOURA,Consumidor Livre,NORDESTE,388.8,562.401764
,2025-06-10,,ACUM MOURA,,,388.8,562.401764
202506.0,2025-06-11,2377.0,ACUM MOURA,Consumidor Livre,NORDESTE,388.8,564.709144
202506.0,2025-06-11,2377.0,ACUM MOURA,Consumidor Livre,NORDESTE,388.8,564.709144
,2025-06-11,,ACUM MOURA,,,388.8,564.709144
202506.0,2025-06-12,2377.0,ACUM MOURA,Consumidor Livre,NORDESTE,388.8,581.405114
202506.0,2025-06-12,2377.0,ACUM MOURA,Consumidor Livre,NORDESTE,388.8,581.405114
,2025-06-12,,ACUM MOURA,,,388.8,581.405114
202506.0,2025-06-13,2377.0,ACUM MOURA,Consumidor Livre,NORDESTE,388.8,569.191116
202506.0,2025-06-13,2377.0,ACUM MOURA,Consumidor Livre,NORDESTE,388.8,569.191116
,2025-06-13,,ACUM MOURA,,,388.8,569.191116
202506.0,2025-06-14,2377.0,ACUM MOURA,Consumidor Livre,NORDESTE,388.8,557.796959
202506.0,2025-06-14,2377.0,ACUM MOURA,Consumidor Livre,NORDESTE,388.8,557.796959
,2025-06-14,,ACUM MOURA,,,388.8,557.796959
202506.0,2025-06-15,2377.0,ACUM MOURA,Consumidor Livre,NORDESTE,388.8,487.7846
202506.0,2025-06-15,2377.0,ACUM MOURA,Consumidor Livre,NORDESTE,388.8,487.7846
,2025-06-15,,ACUM MOURA,,,388.8,487.7846
202506.0,2025-06-16,2377.0,ACUM MOURA,Consumidor Livre,NORDESTE,388.8,528.674248
202506.0,2025-06-16,2377.0,ACUM MOURA,Consumidor Livre,NORDESTE,388.8,528.674248
,2025-06-16,,ACUM MOURA,,,388.8,528.674248
202506.0,2025-06-17,2377.0,ACUM MOURA,Consumidor Livre,NORDESTE,388.8,556.470109
202506.0,2025-06-17,2377.0,ACUM MOURA,Consumidor Livre,NORDESTE,388.8,556.470109
,2025-06-17,,ACUM MOURA,,,388.8,556.470109
202506.0,2025-06-18,2377.0,ACUM MOURA,Consumidor Livre,NORDESTE,388.8,576.240309
202506.0,2025-06-18,2377.0,ACUM MOURA,Consumidor Livre,NORDESTE,388.8,576.240309
,2025-06-18,,ACUM MOURA,,,388.8,576.240309
202506.0,2025-06-19,2377.0,ACUM MOURA,Consumidor Livre,NORDESTE,388.8,584.886056
202506.0,2025-06-19,2377.0,ACUM MOURA,Consumidor Livre,NORDESTE,388.8,584.886056
,2025-06-19,,ACUM MOURA,,,388.8,584.886056
202506.0,2025-06-20,2377.0,ACUM MOURA,Consumidor Livre,NORDESTE,388.8,591.941639
202506.0,2025-06-20,2377.0,ACUM MOURA,Consumidor Livre,NORDESTE,388.8,591.941639
,2025-06-20,,ACUM MOURA,,,388.8,591.941639
202506.0,2025-06-21,2377.0,ACUM MOURA,Consumidor Livre,NORDESTE,388.8,583.988551
202506.0,2025-06-21,2377.0,ACUM MOURA,Consumidor Livre,NORDESTE,388.8,583.988551
,2025-06-21,,ACUM MOURA,,,388.8,583.988551
202506.0,2025-06-22,2377.0,ACUM MOURA,Consumidor Livre,NORDESTE,388.8,506.757814
202506.0,2025-06-22,2377.0,ACUM MOURA,Consumidor Livre,NORDESTE,388.8,506.757814
,2025-06-22,,ACUM MOURA,,,388.8,506.757814
202506.0,2025-06-23,2377.0,ACUM MOURA,Consumidor Livre,NORDESTE,388.8,523.367754
202506.0,2025-06-23,2377.0,ACUM MOURA,Consumidor Livre,NORDESTE,388.8,523.367754
,2025-06-23,,ACUM MOURA,,,388.8,523.367754
202506.0,2025-06-24,2377.0,ACUM MOURA,Consumidor Livre,NORDESTE,388.8,529.929532
202506.0,2025-06-24,2377.0,ACUM MOURA,Consumidor Livre,NORDESTE,388.8,529.929532
,2025-06-24,,ACUM MOURA,,,388.8,529.929532
202506.0,2025-06-25,2377.0,ACUM MOURA,Consumidor Livre,NORDESTE,388.8,584.074561
202506.0,2025-06-25,2377.0,ACUM MOURA,Consumidor Livre,NORDESTE,388.8,584.074561
,2025-06-25,,ACUM MOURA,,,388.8,584.074561
202506.0,2025-06-26,2377.0,ACUM MOURA,Consumidor Livre,NORDESTE,388.8,567.015027
202506.0,2025-06-26,2377.0,ACUM MOURA,Consumidor Livre,NORDESTE,388.8,567.015027
,2025-06-26,,ACUM MOURA,,,388.8,567.015027
202506.0,2025-06-27,2377.0,ACUM MOURA,Consumidor Livre,NORDESTE,388.8,587.799036
202506.0,2025-06-27,2377.0,ACUM MOURA,Consumidor Livre,NORDESTE,388.8,587.799036
,2025-06-27,,ACUM MOURA,,,388.8,587.799036
202506.0,2025-06-28,2377.0,ACUM MOURA,Consumidor Livre,NORDESTE,388.8,587.169639
202506.0,2025-06-28,2377.0,ACUM MOURA,Consumidor Livre,NORDESTE,388.8,587.169639
,2025-06-28,,ACUM MOURA,,,388.8,587.169639
202506.0,2025-06-29,2377.0,ACUM MOURA,Consumidor Livre,NORDESTE,388.8,529.005656
202506.0,2025-06-29,2377.0,ACUM MOURA,Consumidor Livre,NORDESTE,388.8,529.005656
,2025-06-29,,ACUM MOURA,,,388.8,529.005656
202506.0,2025-06-30,2377.0,ACUM MOURA,Consumidor Livre,NORDESTE,388.8,551.751806
202506.0,2025-06-30,2377.0,ACUM MOURA,Consumidor Livre,NORDESTE,388.8,551.751806
,2025-06-30,,ACUM MOURA,,,388.8,551.751806
202507.0,2025-07-01,2377.0,ACUM MOURA,Consumidor Livre,NORDESTE,388.8,569.088815
202507.0,2025-07-01,2377.0,ACUM MOURA,Consumidor Livre,NORDESTE,388.8,569.088815
,2025-07-01,,ACUM MOURA,,,388.8,569.088815
202507.0,2025-07-02,2377.0,ACUM MOURA,Consumidor Livre,NORDESTE,388.8,582.261574
202507.0,2025-07-02,2377.0,ACUM MOURA,Consumidor Livre,NORDESTE,388.8,582.261574
,2025-07-02,,ACUM MOURA,,,388.8,582.261574
202507.0,2025-07-03,2377.0,ACUM MOURA,Consumidor Livre,NORDESTE,388.8,583.782754
202507.0,2025-07-03,2377.0,ACUM MOURA,Consumidor Livre,NORDESTE,388.8,583.782754
,2025-07-03,,ACUM MOURA,,,388.8,583.782754
202507.0,2025-07-04,2377.0,ACUM MOURA,Consumidor Livre,NORDESTE,388.8,598.332072
202507.0,2025-07-04,2377.0,ACUM MOURA,Consumidor Livre,NORDESTE,388.8,598.332072
,2025-07-04,,ACUM MOURA,,,388.8,598.332072
202507.0,2025-07-05,2377.0,ACUM MOURA,Consumidor Livre,NORDESTE,388.8,578.1876
202507.0,2025-07-05,2377.0,ACUM MOURA,Consumidor Livre,NORDESTE,388.8,578.1876
,2025-07-05,,ACUM MOURA,,,388.8,578.1876
202507.0,2025-07-06,2377.0,ACUM MOURA,Consumidor Livre,NORDESTE,388.8,520.921607
202507.0,2025-07-06,2377.0,ACUM MOURA,Consumidor Livre,NORDESTE,388.8,520.921607
,2025-07-06,,ACUM MOURA,,,388.8,520.921607
202507.0,2025-07-07,2377.0,ACUM MOURA,Consumidor Livre,NORDESTE,388.8,525.135943
202507.0,2025-07-07,2377.0,ACUM MOURA,Consumidor Livre,NORDESTE,388.8,525.135943
,2025-07-07,,ACUM MOURA,,,388.8,525.135943
202507.0,2025-07-08,2377.0,ACUM MOURA,Consumidor Livre,NORDESTE,388.8,566.550536
202507.0,2025-07-08,2377.0,ACUM MOURA,Consumidor Livre,NORDESTE,388.8,566.550536
,2025-07-08,,ACUM MOURA,,,388.8,566.550536
202507.0,2025-07-09,2377.0,ACUM MOURA,Consumidor Livre,NORDESTE,388.8,561.7971670000001
202507.0,2025-07-09,2377.0,ACUM MOURA,Consumidor Livre,NORDESTE,388.8,561.7971670000001
,2025-07-09,,ACUM MOURA,,,388.8,561.7971670000001
202507.0,2025-07-10,2377.0,ACUM MOURA,Consumidor Livre,NORDESTE,388.8,585.256585
202507.0,2025-07-10,2377.0,ACUM MOURA,Consumidor Livre,NORDESTE,388.8,585.256585
,2025-07-10,,ACUM MOURA,,,388.8,585.256585
202507.0,2025-07-11,2377.0,ACUM MOURA,Consumidor Livre,NORDESTE,388.8,571.823522
202507.0,2025-07-11,2377.0,ACUM MOURA,Consumidor Livre,NORDESTE,388.8,571.823522
,2025-07-11,,ACUM MOURA,,,388.8,571.823522
202507.0,2025-07-12,2377.0,ACUM MOURA,Consumidor Livre,NORDESTE,388.8,580.828971
202507.0,2025-07-12,2377.0,ACUM MOURA,Consumidor Livre,NORDESTE,388.8,580.828971
,2025-07-12,,ACUM MOURA,,,388.8,580.828971
202507.0,2025-07-13,2377.0,ACUM MOURA,Consumidor Livre,NORDESTE,388.8,515.870123
202507.0,2025-07-13,2377.0,ACUM MOURA,Consumidor Livre,NORDESTE,388.8,515.870123
,2025-07-13,,ACUM MOURA,,,388.8,515.870123
202507.0,2025-07-14,2377.0,ACUM MOURA,Consumidor Livre,NORDESTE,388.8,545.067487
202507.0,2025-07-14,2377.0,ACUM MOURA,Consumidor Livre,NORDESTE,388.8,545.067487
,2025-07-14,,ACUM MOURA,,,388.8,545.067487
202507.0,2025-07-15,2377.0,ACUM MOURA,Consumidor Livre,NORDESTE,388.8,561.512002
202507.0,2025-07-15,2377.0,ACUM MOURA,Consumidor Livre,NORDESTE,388.8,561.512002
,2025-07-15,,ACUM MOURA,,,388.8,561.512002
202507.0,2025-07-16,2377.0,ACUM MOURA,Consumidor Livre,NORDESTE,388.8,582.168172
202507.0,2025-07-16,2377.0,ACUM MOURA,Consumidor Livre,NORDESTE,388.8,582.168172
,2025-07-16,,ACUM MOURA,,,388.8,582.168172
202507.0,2025-07-17,2377.0,ACUM MOURA,Consumidor Livre,NORDESTE,388.8,581.1965299999999
202507.0,2025-07-17,2377.0,ACUM MOURA,Consumidor Livre,NORDESTE,388.8,581.1965299999999
,2025-07-17,,ACUM MOURA,,,388.8,581.1965299999999
202507.0,2025-07-18,2377.0,ACUM MOURA,Consumidor Livre,NORDESTE,388.8,589.0700870000001
202507.0,2025-07-18,2377.0,ACUM MOURA,Consumidor Livre,NORDESTE,388.8,589.0700870000001
,2025-07-18,,ACUM MOURA,,,388.8,589.0700870000001
202507.0,2025-07-19,2377.0,ACUM MOURA,Consumidor Livre,NORDESTE,388.8,589.640888
202507.0,2025-07-19,2377.0,ACUM MOURA,Consumidor Livre,NORDESTE,388.8,589.640888
,2025-07-19,,ACUM MOURA,,,388.8,589.640888
202507.0,2025-07-20,2377.0,ACUM MOURA,Consumidor Livre,NORDESTE,388.8,527.156744
202507.0,2025-07-20,2377.0,ACUM MOURA,Consumidor Livre,NORDESTE,388.8,527.156744
,2025-07-20,,ACUM MOURA,,,388.8,527.156744
202507.0,2025-07-21,2377.0,ACUM MOURA,Consumidor Livre,NORDESTE,388.8,556.245822
202507.0,2025-07-21,2377.0,ACUM MOURA,Consumidor Livre,NORDESTE,388.8,556.245822
,2025-07-21,,ACUM MOURA,,,388.8,556.245822
202507.0,2025-07-22,2377.0,ACUM MOURA,Consumidor Livre,NORDESTE,388.8,589.094174
202507.0,2025-07-22,2377.0,ACUM MOURA,Consumidor Livre,NORDESTE,388.8,589.094174
,2025-07-22,,ACUM MOURA,,,388.8,589.094174
202507.0,2025-07-23,2377.0,ACUM MOURA,Consumidor Livre,NORDESTE,388.8,580.874477
202507.0,2025-07-23,2377.0,ACUM MOURA,Consumidor Livre,NORDESTE,388.8,580.874477
,2025-07-23,,ACUM MOURA,,,388.8,580.874477
202507.0,2025-07-24,2377.0,ACUM MOURA,Consumidor Livre,NORDESTE,388.8,584.5516680000001
202507.0,2025-07-24,2377.0,ACUM MOURA,Consumidor Livre,NORDESTE,388.8,584.5516680000001
,2025-07-24,,ACUM MOURA,,,388.8,584.5516680000001
202507.0,2025-07-25,2377.0,ACUM MOURA,Consumidor Livre,NORDESTE,388.8,586.307464
202507.0,2025-07-25,2377.0,ACUM MOURA,Consumidor Livre,NORDESTE,388.8,586.307464
,2025-07-25,,ACUM MOURA,,,388.8,586.307464
202507.0,2025-07-26,2377.0,ACUM MOURA,Consumidor Livre,NORDESTE,388.8,579.879083
202507.0,2025-07-26,2377.0,ACUM MOURA,Consumidor Livre,NORDESTE,388.8,579.879083
,2025-07-26,,ACUM MOURA,,,388.8,579.879083
202507.0,2025-07-27,2377.0,ACUM MOURA,Consumidor Livre,NORDESTE,388.8,508.47272
202507.0,2025-07-27,2377.0,ACUM MOURA,Consumidor Livre,NORDESTE,388.8,508.47272
,2025-07-27,,ACUM MOURA,,,388.8,508.47272
202507.0,2025-07-28,2377.0,ACUM MOURA,Consumidor Livre,NORDESTE,388.8,516.768071
202507.0,2025-07-28,2377.0,ACUM MOURA,Consumidor Livre,NORDESTE,388.8,516.768071
,2025-07-28,,ACUM MOURA,,,388.8,516.768071
202507.0,2025-07-29,2377.0,ACUM MOURA,Consumidor Livre,NORDESTE,388.8,578.598391
202507.0,2025-07-29,2377.0,ACUM MOURA,Consumidor Livre,NORDESTE,388.8,578.598391
,2025-07-29,,ACUM MOURA,,,388.8,578.598391
202507.0,2025-07-30,2377.0,ACUM MOURA,Consumidor Livre,NORDESTE,388.8,591.123239
202507.0,2025-07-30,2377.0,ACUM MOURA,Consumidor Livre,NORDESTE,388.8,591.123239
,2025-07-30,,ACUM MOURA,,,388.8,591.123239
202507.0,2025-07-31,2377.0,ACUM MOURA,Consumidor Livre,NORDESTE,388.8,587.153537
202507.0,2025-07-31,2377.0,ACUM MOURA,Consumidor Livre,NORDESTE,388.8,587.153537
,2025-07-31,,ACUM MOURA,,,388.8,587.153537
202508.0,2025-08-01,2377.0,ACUM MOURA,Consumidor Livre,NORDESTE,388.8,588.308181
202508.0,2025-08-01,2377.0,ACUM MOURA,Consumidor Livre,NORDESTE,388.8,588.308181
,2025-08-01,,ACUM MOURA,,,388.8,588.308181
202508.0,2025-08-02,2377.0,ACUM MOURA,Consumidor Livre,NORDESTE,388.8,598.234295
202508.0,2025-08-02,2377.0,ACUM MOURA,Consumidor Livre,NORDESTE,388.8,598.234295
,2025-08-02,,ACUM MOURA,,,388.8,598.234295
202508.0,2025-08-03,2377.0,ACUM MOURA,Consumidor Livre,NORDESTE,388.8,448.154083
202508.0,2025-08-03,2377.0,ACUM MOURA,Consumidor Livre,NORDESTE,388.8,448.154083
,2025-08-03,,ACUM MOURA,,,388.8,448.154083
202508.0,2025-08-04,2377.0,ACUM MOURA,Consumidor Livre,NORDESTE,388.8,509.46553
202508.0,2025-08-04,2377.0,ACUM MOURA,Consumidor Livre,NORDESTE,388.8,509.46553
,2025-08-04,,ACUM MOURA,,,388.8,509.46553
202508.0,2025-08-05,2377.0,ACUM MOURA,Consumidor Livre,NORDESTE,388.8,561.18181
202508.0,2025-08-05,2377.0,ACUM MOURA,Consumidor Livre,NORDESTE,388.8,561.18181
,2025-08-05,,ACUM MOURA,,,388.8,561.18181
202508.0,2025-08-06,2377.0,ACUM MOURA,Consumidor Livre,NORDESTE,388.8,571.157571
202508.0,2025-08-06,2377.0,ACUM MOURA,Consumidor Livre,NORDESTE,388.8,571.157571
,2025-08-06,,ACUM MOURA,,,388.8,571.157571
202508.0,2025-08-07,2377.0,ACUM MOURA,Consumidor Livre,NORDESTE,388.8,574.048832
202508.0,2025-08-07,2377.0,ACUM MOURA,Consumidor Livre,NORDESTE,388.8,574.048832
,2025-08-07,,ACUM MOURA,,,388.8,574.048832
202508.0,2025-08-08,2377.0,ACUM MOURA,Consumidor Livre,NORDESTE,388.8,574.3963650000001
202508.0,2025-08-08,2377.0,ACUM MOURA,Consumidor Livre,NORDESTE,388.8,574.3963650000001
,2025-08-08,,ACUM MOURA,,,388.8,574.3963650000001
202508.0,2025-08-09,2377.0,ACUM MOURA,Consumidor Livre,NORDESTE,388.8,560.805969
202508.0,2025-08-09,2377.0,ACUM MOURA,Consumidor Livre,NORDESTE,388.8,560.805969
,2025-08-09,,ACUM MOURA,,,388.8,560.805969
202508.0,2025-08-10,2377.0,ACUM MOURA,Consumidor Livre,NORDESTE,388.8,458.728122
202508.0,2025-08-10,2377.0,ACUM MOURA,Consumidor Livre,NORDESTE,388.8,458.728122
,2025-08-10,,ACUM MOURA,,,388.8,458.728122
202508.0,2025-08-11,2377.0,ACUM MOURA,Consumidor Livre,NORDESTE,388.8,550.126902
202508.0,2025-08-11,2377.0,ACUM MOURA,Consumidor Livre,NORDESTE,388.8,550.126902
,2025-08-11,,ACUM MOURA,,,388.8,550.126902
202508.0,2025-08-12,2377.0,ACUM MOURA,Consumidor Livre,NORDESTE,388.8,593.440159
202508.0,2025-08-12,2377.0,ACUM MOURA,Consumidor Livre,NORDESTE,388.8,593.440159
,2025-08-12,,ACUM MOURA,,,388.8,593.440159
202508.0,2025-08-13,2377.0,ACUM MOURA,Consumidor Livre,NORDESTE,388.8,594.21957
202508.0,2025-08-13,2377.0,ACUM MOURA,Consumidor Livre,NORDESTE,388.8,594.21957
,2025-08-13,,ACUM MOURA,,,388.8,594.21957
202508.0,2025-08-14,2377.0,ACUM MOURA,Consumidor Livre,NORDESTE,388.8,596.199335
202508.0,2025-08-14,2377.0,ACUM MOURA,Consumidor Livre,NORDESTE,388.8,596.199335
,2025-08-14,,ACUM MOURA,,,388.8,596.199335
202508.0,2025-08-15,2377.0,ACUM MOURA,Consumidor Livre,NORDESTE,388.8,595.907262
202508.0,2025-08-15,2377.0,ACUM MOURA,Consumidor Livre,NORDESTE,388.8,595.907262
,2025-08-15,,ACUM MOURA,,,388.8,595.907262
202508.0,2025-08-16,2377.0,ACUM MOURA,Consumidor Livre,NORDESTE,388.8,591.3516070000001
202508.0,2025-08-16,2377.0,ACUM MOURA,Consumidor Livre,NORDESTE,388.8,591.3516070000001
,2025-08-16,,ACUM MOURA,,,388.8,591.3516070000001
202508.0,2025-08-17,2377.0,ACUM MOURA,Consumidor Livre,NORDESTE,388.8,499.269058
202508.0,2025-08-17,2377.0,ACUM MOURA,Consumidor Livre,NORDESTE,388.8,499.269058
,2025-08-17,,ACUM MOURA,,,388.8,499.269058
202508.0,2025-08-18,2377.0,ACUM MOURA,Consumidor Livre,NORDESTE,388.8,536.891237
202508.0,2025-08-18,2377.0,ACUM MOURA,Consumidor Livre,NORDESTE,388.8,536.891237
,2025-08-18,,ACUM MOURA,,,388.8,536.891237
202508.0,2025-08-19,2377.0,ACUM MOURA,Consumidor Livre,NORDESTE,388.8,590.049072
202508.0,2025-08-19,2377.0,ACUM MOURA,Consumidor Livre,NORDESTE,388.8,590.049072
,2025-08-19,,ACUM MOURA,,,388.8,590.049072
202508.0,2025-08-20,2377.0,ACUM MOURA,Consumidor Livre,NORDESTE,388.8,585.033468
202508.0,2025-08-20,2377.0,ACUM MOURA,Consumidor Livre,NORDESTE,388.8,585.033468
,2025-08-20,,ACUM MOURA,,,388.8,585.033468
202508.0,2025-08-21,2377.0,ACUM MOURA,Consumidor Livre,NORDESTE,388.8,576.395036
202508.0,2025-08-21,2377.0,ACUM MOURA,Consumidor Livre,NORDESTE,388.8,576.395036
,2025-08-21,,ACUM MOURA,,,388.8,576.395036
202508.0,2025-08-22,2377.0,ACUM MOURA,Consumidor Livre,NORDESTE,388.8,591.37717
202508.0,2025-08-22,2377.0,ACUM MOURA,Consumidor Livre,NORDESTE,388.8,591.37717
,2025-08-22,,ACUM MOURA,,,388.8,591.37717
202508.0,2025-08-23,2377.0,ACUM MOURA,Consumidor Livre,NORDESTE,388.8,593.322611
202508.0,2025-08-23,2377.0,ACUM MOURA,Consumidor Livre,NORDESTE,388.8,593.322611
,2025-08-23,,ACUM MOURA,,,388.8,593.322611
202508.0,2025-08-24,2377.0,ACUM MOURA,Consumidor Livre,NORDESTE,388.8,488.971596
202508.0,2025-08-24,2377.0,ACUM MOURA,Consumidor Livre,NORDESTE,388.8,488.971596
,2025-08-24,,ACUM MOURA,,,388.8,488.971596
202508.0,2025-08-25,2377.0,ACUM MOURA,Consumidor Livre,NORDESTE,388.8,498.417232
202508.0,2025-08-25,2377.0,ACUM MOURA,Consumidor Livre,NORDESTE,388.8,498.417232
,2025-08-25,,ACUM MOURA,,,388.8,498.417232
202508.0,2025-08-26,2377.0,ACUM MOURA,Consumidor Livre,NORDESTE,388.8,553.876184
202508.0,2025-08-26,2377.0,ACUM MOURA,Consumidor Livre,NORDESTE,388.8,553.876184
,2025-08-26,,ACUM MOURA,,,388.8,553.876184
202508.0,2025-08-27,2377.0,ACUM MOURA,Consumidor Livre,NORDESTE,388.8,584.163875
202508.0,2025-08-27,2377.0,ACUM MOURA,Consumidor Livre,NORDESTE,388.8,584.163875
,2025-08-27,,ACUM MOURA,,,388.8,584.163875
202508.0,2025-08-28,2377.0,ACUM MOURA,Consumidor Livre,NORDESTE,388.8,597.177673
202508.0,2025-08-28,2377.0,ACUM MOURA,Consumidor Livre,NORDESTE,388.8,597.177673
,2025-08-28,,ACUM MOURA,,,388.8,597.177673
202508.0,2025-08-29,2377.0,ACUM MOURA,Consumidor Livre,NORDESTE,388.8,611.764655
202508.0,2025-08-29,2377.0,ACUM MOURA,Consumidor Livre,NORDESTE,388.8,611.764655
,2025-08-29,,ACUM MOURA,,,388.8,611.764655
202508.0,2025-08-30,2377.0,ACUM MOURA,Consumidor Livre,NORDESTE,388.8,586.727787
202508.0,2025-08-30,2377.0,ACUM MOURA,Consumidor Livre,NORDESTE,388.8,586.727787
,2025-08-30,,ACUM MOURA,,,388.8,586.727787
202508.0,2025-08-31,2377.0,ACUM MOURA,Consumidor Livre,NORDESTE,388.8,489.137131
202508.0,2025-08-31,2377.0,ACUM MOURA,Consumidor Livre,NORDESTE,388.8,489.137131
,2025-08-31,,ACUM MOURA,,,388.8,489.137131
