MES_REFERENCIA,DATA,CODIGO_PERFIL_AGENTE,SIGLA_PERFIL_AGENTE,CLASSE_PERFIL_AGENTE,SUBMERCADO,CAPACIDADE_CARGA,CONSUMO_CARGA_ACL
,2023-01-01,56477.0,BARKI JACAREPAGUA CE SE,Consumidor Especial,SUDESTE,12.0,2.382119
,2023-01-02,56477.0,BARKI JACAREPAGUA CE SE,Consumidor Especial,SUDESTE,12.0,5.227477
,2023-01-03,56477.0,BARKI JACAREPAGUA CE SE,Consumidor Especial,SUDESTE,12.0,5.79025
,2023-01-04,56477.0,BARKI JACAREPAGUA CE SE,Consumidor Especial,SUDESTE,12.0,5.548627
,2023-01-05,56477.0,BARKI JACAREPAGUA CE SE,Consumidor Especial,SUDESTE,12.0,4.435167
,2023-01-06,56477.0,BARKI JACAREPAGUA CE SE,Consumidor Especial,SUDESTE,12.0,3.765121
,2023-01-07,56477.0,BARKI JACAREPAGUA CE SE,Consumidor Especial,SUDESTE,12.0,2.443664
,2023-01-08,56477.0,BARKI JACAREPAGUA CE SE,Consumidor Especial,SUDESTE,12.0,2.164119
,2023-01-09,56477.0,BARKI JACAREPAGUA CE SE,Consumidor Especial,SUDESTE,12.0,3.959551
,2023-01-10,56477.0,BARKI JACAREPAGUA CE SE,Consumidor Especial,SUDESTE,12.0,4.761538
,2023-01-11,56477.0,BARKI JACAREPAGUA CE SE,Consumidor Especial,SUDESTE,12.0,5.224259
,2023-01-12,56477.0,BARKI JACAREPAGUA CE SE,Consumidor Especial,SUDESTE,12.0,5.624472
,2023-01-13,56477.0,BARKI JACAREPAGUA CE SE,Consumidor Especial,SUDESTE,12.0,5.932961
,2023-01-14,56477.0,BARKI JACAREPAGUA CE SE,Consumidor Especial,SUDESTE,12.0,3.208889
,2023-01-15,56477.0,BARKI JACAREPAGUA CE SE,Consumidor Especial,SUDESTE,12.0,2.816046
,2023-01-16,56477.0,BARKI JACAREPAGUA CE SE,Consumidor Especial,SUDESTE,12.0,6.747279
,2023-01-17,56477.0,BARKI JACAREPAGUA CE SE,Consumidor Especial,SUDESTE,12.0,6.351122
,2023-01-18,56477.0,BARKI JACAREPAGUA CE SE,Consumidor Especial,SUDESTE,12.0,6.30271
,2023-01-19,56477.0,BARKI JACAREPAGUA CE SE,Consumidor Especial,SUDESTE,12.0,6.127642
,2023-01-20,56477.0,BARKI JACAREPAGUA CE SE,Consumidor Especial,SUDESTE,12.0,2.845271
,2023-01-21,56477.0,BARKI JACAREPAGUA CE SE,Consumidor Especial,SUDESTE,12.0,2.767504
,2023-01-22,56477.0,BARKI JACAREPAGUA CE SE,Consumidor Especial,SUDESTE,12.0,2.443215
,2023-01-23,56477.0,BARKI JACAREPAGUA CE SE,Consumidor Especial,SUDESTE,12.0,5.627503
,2023-01-24,56477.0,BARKI JACAREPAGUA CE SE,Consumidor Especial,SUDESTE,12.0,5.567315
,2023-01-25,56477.0,BARKI JACAREPAGUA CE SE,Consumidor Especial,SUDESTE,12.0,5.677849
,2023-01-26,56477.0,BARKI JACAREPAGUA CE SE,Consumidor Especial,SUDESTE,12.0,5.382114
,2023-01-27,56477.0,BARKI JACAREPAGUA CE SE,Consumidor Especial,SUDESTE,12.0,5.626915
,2023-01-28,56477.0,BARKI JACAREPAGUA CE SE,Consumidor Especial,SUDESTE,12.0,2.928996
,2023-01-29,56477.0,BARKI JACAREPAGUA CE SE,Consumidor Especial,SUDESTE,12.0,2.215494
,2023-01-30,56477.0,BARKI JACAREPAGUA CE SE,Consumidor Especial,SUDESTE,12.0,5.954687
,2023-01-31,56477.0,BARKI JACAREPAGUA CE SE,Consumidor Especial,SUDESTE,12.0,6.209435
,2023-02-01,56477.0,BARKI JACAREPAGUA CE SE,Consumidor Especial,SUDESTE,12.0,6.182673
,2023-02-02,56477.0,BARKI JACAREPAGUA CE SE,Consumidor Especial,SUDESTE,12.0,6.264077
,2023-02-03,56477.0,BARKI JACAREPAGUA CE SE,Consumidor Especial,SUDESTE,12.0,6.266309
,2023-02-04,56477.0,BARKI JACAREPAGUA CE SE,Consumidor Especial,SUDESTE,12.0,3.119335
,2023-02-05,56477.0,BARKI JACAREPAGUA CE SE,Consumidor Especial,SUDESTE,12.0,2.662987
,2023-02-06,56477.0,BARKI JACAREPAGUA CE SE,Consumidor Especial,SUDESTE,12.0,6.468309
,2023-02-07,56477.0,BARKI JACAREPAGUA CE SE,Consumidor Especial,SUDESTE,12.0,6.066865
,2023-02-08,56477.0,BARKI JACAREPAGUA CE SE,Consumidor Especial,SUDESTE,12.0,5.47412
,2023-02-09,56477.0,BARKI JACAREPAGUA CE SE,Consumidor Especial,SUDESTE,12.0,5.932814
,2023-02-10,56477.0,BARKI JACAREPAGUA CE SE,Consumidor Especial,SUDESTE,12.0,5.972109
,2023-02-11,56477.0,BARKI JACAREPAGUA CE SE,Consumidor Especial,SUDESTE,12.0,3.155724
,2023-02-12,56477.0,BARKI JACAREPAGUA CE SE,Consumidor Especial,SUDESTE,12.0,2.6354100000000003
,2023-02-13,56477.0,BARKI JACAREPAGUA CE SE,Consumidor Especial,SUDESTE,12.0,5.975193
,2023-02-14,56477.0,BARKI JACAREPAGUA CE SE,Consumidor Especial,SUDESTE,12.0,6.021463
,2023-02-15,56477.0,BARKI JACAREPAGUA CE SE,Consumidor Especial,SUDESTE,12.0,6.360487
,2023-02-16,56477.0,BARKI JACAREPAGUA CE SE,Consumidor Especial,SUDESTE,12.0,6.233545
,2023-02-17,56477.0,BARKI JACAREPAGUA CE SE,Consumidor Especial,SUDESTE,12.0,5.977569
,2023-02-18,56477.0,BARKI JACAREPAGUA CE SE,Consumidor Especial,SUDESTE,12.0,3.030156
,2023-02-19,56477.0,BARKI JACAREPAGUA CE SE,Consumidor Especial,SUDESTE,12.0,2.658068
,2023-02-20,56477.0,BARKI JACAREPAGUA CE SE,Consumidor Especial,SUDESTE,12.0,3.208427
,2023-02-21,56477.0,BARKI JACAREPAGUA CE SE,Consumidor Especial,SUDESTE,12.0,2.606073
,2023-02-22,56477.0,BARKI JACAREPAGUA CE SE,Consumidor Especial,SUDESTE,12.0,3.574363
,2023-02-23,56477.0,BARKI JACAREPAGUA CE SE,Consumidor Especial,SUDESTE,12.0,5.504778
,2023-02-24,56477.0,BARKI JACAREPAGUA CE SE,Consumidor Especial,SUDESTE,12.0,5.389557
,2023-02-25,56477.0,BARKI JACAREPAGUA CE SE,Consumidor Especial,SUDESTE,12.0,3.34028
,2023-02-26,56477.0,BARKI JACAREPAGUA CE SE,Consumidor Especial,SUDESTE,12.0,2.7594
,2023-02-27,56477.0,BARKI JACAREPAGUA CE SE,Consumidor Especial,SUDESTE,12.0,6.679048
,2023-02-28,56477.0,BARKI JACAREPAGUA CE SE,Consumidor Especial,SUDESTE,12.0,6.444524
,2023-03-01,56477.0,BARKI JACAREPAGUA CE SE,Consumidor Especial,SUDESTE,12.0,6.132275
,2023-03-02,56477.0,BARKI JACAREPAGUA CE SE,Consumidor Especial,SUDESTE,12.0,6.402991
,2023-03-03,56477.0,BARKI JACAREPAGUA CE SE,Consumidor Especial,SUDESTE,12.0,6.515503
,2023-03-04,56477.0,BARKI JACAREPAGUA CE SE,Consumidor Especial,SUDESTE,12.0,3.312888
,2023-03-05,56477.0,BARKI JACAREPAGUA CE SE,Consumidor Especial,SUDESTE,12.0,2.788525
,2023-03-06,56477.0,BARKI JACAREPAGUA CE SE,Consumidor Especial,SUDESTE,12.0,6.192434
,2023-03-07,56477.0,BARKI JACAREPAGUA CE SE,Consumidor Especial,SUDESTE,12.0,6.228069
,2023-03-08,56477.0,BARKI JACAREPAGUA CE SE,Consumidor Especial,SUDESTE,12.0,6.029723000000001
,2023-03-09,56477.0,BARKI JACAREPAGUA CE SE,Consumidor Especial,SUDESTE,12.0,6.4754380000000005
,2023-03-10,56477.0,BARKI JACAREPAGUA CE SE,Consumidor Especial,SUDESTE,12.0,6.279761
,2023-03-11,56477.0,BARKI JACAREPAGUA CE SE,Consumidor Especial,SUDESTE,12.0,3.078518
,2023-03-12,56477.0,BARKI JACAREPAGUA CE SE,Consumidor Especial,SUDESTE,12.0,2.608908
,2023-03-13,56477.0,BARKI JACAREPAGUA CE SE,Consumidor Especial,SUDESTE,12.0,5.907541
,2023-03-14,56477.0,BARKI JACAREPAGUA CE SE,Consumidor Especial,SUDESTE,12.0,6.068593
,2023-03-15,56477.0,BARKI JACAREPAGUA CE SE,Consumidor Especial,SUDESTE,12.0,5.955964
,2023-03-16,56477.0,BARKI JACAREPAGUA CE SE,Consumidor Especial,SUDESTE,12.0,6.150701
,2023-03-17,56477.0,BARKI JACAREPAGUA CE SE,Consumidor Especial,SUDESTE,12.0,5.738785
,2023-03-18,56477.0,BARKI JACAREPAGUA CE SE,Consumidor Especial,SUDESTE,12.0,3.247256
,2023-03-19,56477.0,BARKI JACAREPAGUA CE SE,Consumidor Especial,SUDESTE,12.0,2.626947
,2023-03-20,56477.0,BARKI JACAREPAGUA CE SE,Consumidor Especial,SUDESTE,12.0,6.679989
,2023-03-21,56477.0,BARKI JACAREPAGUA CE SE,Consumidor Especial,SUDESTE,12.0,6.573777
,2023-03-22,56477.0,BARKI JACAREPAGUA CE SE,Consumidor Especial,SUDESTE,12.0,6.316878
,2023-03-23,56477.0,BARKI JACAREPAGUA CE SE,Consumidor Especial,SUDESTE,12.0,6.169948
,2023-03-24,56477.0,BARKI JACAREPAGUA CE SE,Consumidor Especial,SUDESTE,12.0,6.244579
,2023-03-25,56477.0,BARKI JACAREPAGUA CE SE,Consumidor Especial,SUDESTE,12.0,3.067559
,2023-03-26,56477.0,BARKI JACAREPAGUA CE SE,Consumidor Especial,SUDESTE,12.0,2.571454
,2023-03-27,56477.0,BARKI JACAREPAGUA CE SE,Consumidor Especial,SUDESTE,12.0,5.696631
,2023-03-28,56477.0,BARKI JACAREPAGUA CE SE,Consumidor Especial,SUDESTE,12.0,5.545742
,2023-03-29,56477.0,BARKI JACAREPAGUA CE SE,Consumidor Especial,SUDESTE,12.0,5.828234
,2023-03-30,56477.0,BARKI JACAREPAGUA CE SE,Consumidor Especial,SUDESTE,12.0,6.258012
,2023-03-31,56477.0,BARKI JACAREPAGUA CE SE,Consumidor Especial,SUDESTE,12.0,5.755712
,2023-04-01,56477.0,BARKI JACAREPAGUA CE SE,Consumidor Especial,SUDESTE,12.0,3.298963
,2023-04-02,56477.0,BARKI JACAREPAGUA CE SE,Consumidor Especial,SUDESTE,12.0,2.557512
,2023-04-03,56477.0,BARKI JACAREPAGUA CE SE,Consumidor Especial,SUDESTE,12.0,5.570825
,2023-04-04,56477.0,BARKI JACAREPAGUA CE SE,Consumidor Especial,SUDESTE,12.0,5.958471
,2023-04-05,56477.0,BARKI JACAREPAGUA CE SE,Consumidor Especial,SUDESTE,12.0,6.01836
,2023-04-06,56477.0,BARKI JACAREPAGUA CE SE,Consumidor Especial,SUDESTE,12.0,5.705541
,2023-04-07,56477.0,BARKI JACAREPAGUA CE SE,Consumidor Especial,SUDESTE,12.0,2.842145
,2023-04-08,56477.0,BARKI JACAREPAGUA CE SE,Consumidor Especial,SUDESTE,12.0,2.803066
,2023-04-09,56477.0,BARKI JACAREPAGUA CE SE,Consumidor Especial,SUDESTE,12.0,2.388891
,2023-04-10,56477.0,BARKI JACAREPAGUA CE SE,Consumidor Especial,SUDESTE,12.0,4.975829
,2023-04-11,56477.0,BARKI JACAREPAGUA CE SE,Consumidor Especial,SUDESTE,12.0,5.344318
,2023-04-12,56477.0,BARKI JACAREPAGUA CE SE,Consumidor Especial,SUDESTE,12.0,5.524603
,2023-04-13,56477.0,BARKI JACAREPAGUA CE SE,Consumidor Especial,SUDESTE,12.0,5.923046
,2023-04-14,56477.0,BARKI JACAREPAGUA CE SE,Consumidor Especial,SUDESTE,12.0,5.707576
,2023-04-15,56477.0,BARKI JACAREPAGUA CE SE,Consumidor Especial,SUDESTE,12.0,2.94677
,2023-04-16,56477.0,BARKI JACAREPAGUA CE SE,Consumidor Especial,SUDESTE,12.0,2.49822
,2023-04-17,56477.0,BARKI JACAREPAGUA CE SE,Consumidor Especial,SUDESTE,12.0,5.899427
,2023-04-18,56477.0,BARKI JACAREPAGUA CE SE,Consumidor Especial,SUDESTE,12.0,5.765285
,2023-04-19,56477.0,BARKI JACAREPAGUA CE SE,Consumidor Especial,SUDESTE,12.0,5.203959
,2023-04-20,56477.0,BARKI JACAREPAGUA CE SE,Consumidor Especial,SUDESTE,12.0,5.275566
,2023-04-21,56477.0,BARKI JACAREPAGUA CE SE,Consumidor Especial,SUDESTE,12.0,2.789344
,2023-04-22,56477.0,BARKI JACAREPAGUA CE SE,Consumidor Especial,SUDESTE,12.0,2.785753
,2023-04-23,56477.0,BARKI JACAREPAGUA CE SE,Consumidor Especial,SUDESTE,12.0,2.470059
,2023-04-24,56477.0,BARKI JACAREPAGUA CE SE,Consumidor Especial,SUDESTE,12.0,4.887373
,2023-04-25,56477.0,BARKI JACAREPAGUA CE SE,Consumidor Especial,SUDESTE,12.0,5.2919030000000005
,2023-04-26,56477.0,BARKI JACAREPAGUA CE SE,Consumidor Especial,SUDESTE,12.0,5.422733
,2023-04-27,56477.0,BARKI JACAREPAGUA CE SE,Consumidor Especial,SUDESTE,12.0,5.6522120000000005
,2023-04-28,56477.0,BARKI JACAREPAGUA CE SE,Consumidor Especial,SUDESTE,12.0,4.555727
,2023-04-29,56477.0,BARKI JACAREPAGUA CE SE,Consumidor Especial,SUDESTE,12.0,2.796349
,2023-04-30,56477.0,BARKI JACAREPAGUA CE SE,Consumidor Especial,SUDESTE,12.0,2.448556
,2023-05-01,56477.0,BARKI JACAREPAGUA CE SE,Consumidor Especial,SUDESTE,12.0,2.626251
,2023-05-02,56477.0,BARKI JACAREPAGUA CE SE,Consumidor Especial,SUDESTE,12.0,5.457652
,2023-05-03,56477.0,BARKI JACAREPAGUA CE SE,Consumidor Especial,SUDESTE,12.0,5.469969
,2023-05-04,56477.0,BARKI JACAREPAGUA CE SE,Consumidor Especial,SUDESTE,12.0,5.541658
,2023-05-05,56477.0,BARKI JACAREPAGUA CE SE,Consumidor Especial,SUDESTE,12.0,5.3579870000000005
,2023-05-06,56477.0,BARKI JACAREPAGUA CE SE,Consumidor Especial,SUDESTE,12.0,2.919569
,2023-05-07,56477.0,BARKI JACAREPAGUA CE SE,Consumidor Especial,SUDESTE,12.0,2.463209
,2023-05-08,56477.0,BARKI JACAREPAGUA CE SE,Consumidor Especial,SUDESTE,12.0,5.505615
,2023-05-09,56477.0,BARKI JACAREPAGUA CE SE,Consumidor Especial,SUDESTE,12.0,5.647903
,2023-05-10,56477.0,BARKI JACAREPAGUA CE SE,Consumidor Especial,SUDESTE,12.0,4.84051
,2023-05-11,56477.0,BARKI JACAREPAGUA CE SE,Consumidor Especial,SUDESTE,12.0,4.670002
,2023-05-12,56477.0,BARKI JACAREPAGUA CE SE,Consumidor Especial,SUDESTE,12.0,4.324662
,2023-05-13,56477.0,BARKI JACAREPAGUA CE SE,Consumidor Especial,SUDESTE,12.0,2.714572
,2023-05-14,56477.0,BARKI JACAREPAGUA CE SE,Consumidor Especial,SUDESTE,12.0,2.366885
,2023-05-15,56477.0,BARKI JACAREPAGUA CE SE,Consumidor Especial,SUDESTE,12.0,4.584307
,2023-05-16,56477.0,BARKI JACAREPAGUA CE SE,Consumidor Especial,SUDESTE,12.0,4.33983
,2023-05-17,56477.0,BARKI JACAREPAGUA CE SE,Consumidor Especial,SUDESTE,12.0,4.216602
,2023-05-18,56477.0,BARKI JACAREPAGUA CE SE,Consumidor Especial,SUDESTE,12.0,4.1016
,2023-05-19,56477.0,BARKI JACAREPAGUA CE SE,Consumidor Especial,SUDESTE,12.0,4.076439
,2023-05-20,56477.0,BARKI JACAREPAGUA CE SE,Consumidor Especial,SUDESTE,12.0,2.541441
,2023-05-21,56477.0,BARKI JACAREPAGUA CE SE,Consumidor Especial,SUDESTE,12.0,2.320912
,2023-05-22,56477.0,BARKI JACAREPAGUA CE SE,Consumidor Especial,SUDESTE,12.0,4.420896
,2023-05-23,56477.0,BARKI JACAREPAGUA CE SE,Consumidor Especial,SUDESTE,12.0,4.637432
,2023-05-24,56477.0,BARKI JACAREPAGUA CE SE,Consumidor Especial,SUDESTE,12.0,4.983543
,2023-05-25,56477.0,BARKI JACAREPAGUA CE SE,Consumidor Especial,SUDESTE,12.0,4.96763
,2023-05-26,56477.0,BARKI JACAREPAGUA CE SE,Consumidor Especial,SUDESTE,12.0,4.754151
,2023-05-27,56477.0,BARKI JACAREPAGUA CE SE,Consumidor Especial,SUDESTE,12.0,2.856467
,2023-05-28,56477.0,BARKI JACAREPAGUA CE SE,Consumidor Especial,SUDESTE,12.0,2.426367
,2023-05-29,56477.0,BARKI JACAREPAGUA CE SE,Consumidor Especial,SUDESTE,12.0,4.155177
,2023-05-30,56477.0,BARKI JACAREPAGUA CE SE,Consumidor Especial,SUDESTE,12.0,4.190784
,2023-05-31,56477.0,BARKI JACAREPAGUA CE SE,Consumidor Especial,SUDESTE,12.0,3.945283
,2023-06-01,56477.0,BARKI JACAREPAGUA CE SE,Consumidor Especial,SUDESTE,12.0,4.251136
,2023-06-02,56477.0,BARKI JACAREPAGUA CE SE,Consumidor Especial,SUDESTE,12.0,4.298422
,2023-06-03,56477.0,BARKI JACAREPAGUA CE SE,Consumidor Especial,SUDESTE,12.0,2.75735
,2023-06-04,56477.0,BARKI JACAREPAGUA CE SE,Consumidor Especial,SUDESTE,12.0,2.385123
,2023-06-05,56477.0,BARKI JACAREPAGUA CE SE,Consumidor Especial,SUDESTE,12.0,4.541658
,2023-06-06,56477.0,BARKI JACAREPAGUA CE SE,Consumidor Especial,SUDESTE,12.0,4.597028
,2023-06-07,56477.0,BARKI JACAREPAGUA CE SE,Consumidor Especial,SUDESTE,12.0,4.357992
,2023-06-08,56477.0,BARKI JACAREPAGUA CE SE,Consumidor Especial,SUDESTE,12.0,2.924121
,2023-06-09,56477.0,BARKI JACAREPAGUA CE SE,Consumidor Especial,SUDESTE,12.0,3.485213
,2023-06-10,56477.0,BARKI JACAREPAGUA CE SE,Consumidor Especial,SUDESTE,12.0,2.721065
,2023-06-11,56477.0,BARKI JACAREPAGUA CE SE,Consumidor Especial,SUDESTE,12.0,2.379935
,2023-06-12,56477.0,BARKI JACAREPAGUA CE SE,Consumidor Especial,SUDESTE,12.0,5.031598
,2023-06-13,56477.0,BARKI JACAREPAGUA CE SE,Consumidor Especial,SUDESTE,12.0,5.003386
,2023-06-14,56477.0,BARKI JACAREPAGUA CE SE,Consumidor Especial,SUDESTE,12.0,4.792758
,2023-06-15,56477.0,BARKI JACAREPAGUA CE SE,Consumidor Especial,SUDESTE,12.0,4.95959
,2023-06-16,56477.0,BARKI JACAREPAGUA CE SE,Consumidor Especial,SUDESTE,12.0,4.529317
,2023-06-17,56477.0,BARKI JACAREPAGUA CE SE,Consumidor Especial,SUDESTE,12.0,2.658607
,2023-06-18,56477.0,BARKI JACAREPAGUA CE SE,Consumidor Especial,SUDESTE,12.0,2.288868
,2023-06-19,56477.0,BARKI JACAREPAGUA CE SE,Consumidor Especial,SUDESTE,12.0,3.955723
,2023-06-20,56477.0,BARKI JACAREPAGUA CE SE,Consumidor Especial,SUDESTE,12.0,4.069667
,2023-06-21,56477.0,BARKI JACAREPAGUA CE SE,Consumidor Especial,SUDESTE,12.0,4.146072
,2023-06-22,56477.0,BARKI JACAREPAGUA CE SE,Consumidor Especial,SUDESTE,12.0,4.29536
,2023-06-23,56477.0,BARKI JACAREPAGUA CE SE,Consumidor Especial,SUDESTE,12.0,4.263539
,2023-06-24,56477.0,BARKI JACAREPAGUA CE SE,Consumidor Especial,SUDESTE,12.0,2.7239
,2023-06-25,56477.0,BARKI JACAREPAGUA CE SE,Consumidor Especial,SUDESTE,12.0,2.31283
,2023-06-26,56477.0,BARKI JACAREPAGUA CE SE,Consumidor Especial,SUDESTE,12.0,4.640258
,2023-06-27,56477.0,BARKI JACAREPAGUA CE SE,Consumidor Especial,SUDESTE,12.0,4.891076
,2023-06-28,56477.0,BARKI JACAREPAGUA CE SE,Consumidor Especial,SUDESTE,12.0,4.9682390000000005
,2023-06-29,56477.0,BARKI JACAREPAGUA CE SE,Consumidor Especial,SUDESTE,12.0,4.488303
,2023-06-30,56477.0,BARKI JACAREPAGUA CE SE,Consumidor Especial,SUDESTE,12.0,4.073393
,2023-07-01,56477.0,BARKI JACAREPAGUA CE SE,Consumidor Especial,SUDESTE,12.0,2.56246
,2023-07-02,56477.0,BARKI JACAREPAGUA CE SE,Consumidor Especial,SUDESTE,12.0,2.402869
,2023-07-03,56477.0,BARKI JACAREPAGUA CE SE,Consumidor Especial,SUDESTE,12.0,3.894313
,2023-07-04,56477.0,BARKI JACAREPAGUA CE SE,Consumidor Especial,SUDESTE,12.0,3.797984
,2023-07-05,56477.0,BARKI JACAREPAGUA CE SE,Consumidor Especial,SUDESTE,12.0,3.845621
,2023-07-06,56477.0,BARKI JACAREPAGUA CE SE,Consumidor Especial,SUDESTE,12.0,3.979689
,2023-07-07,56477.0,BARKI JACAREPAGUA CE SE,Consumidor Especial,SUDESTE,12.0,4.148075
,2023-07-08,56477.0,BARKI JACAREPAGUA CE SE,Consumidor Especial,SUDESTE,12.0,2.6421710000000003
,2023-07-09,56477.0,BARKI JACAREPAGUA CE SE,Consumidor Especial,SUDESTE,12.0,2.347827
,2023-07-10,56477.0,BARKI JACAREPAGUA CE SE,Consumidor Especial,SUDESTE,12.0,4.405272
,2023-07-11,56477.0,BARKI JACAREPAGUA CE SE,Consumidor Especial,SUDESTE,12.0,4.726796
,2023-07-12,56477.0,BARKI JACAREPAGUA CE SE,Consumidor Especial,SUDESTE,12.0,5.048476
,2023-07-13,56477.0,BARKI JACAREPAGUA CE SE,Consumidor Especial,SUDESTE,12.0,5.918736
,2023-07-14,56477.0,BARKI JACAREPAGUA CE SE,Consumidor Especial,SUDESTE,12.0,4.170209
,2023-07-15,56477.0,BARKI JACAREPAGUA CE SE,Consumidor Especial,SUDESTE,12.0,2.53918
,2023-07-16,56477.0,BARKI JACAREPAGUA CE SE,Consumidor Especial,SUDESTE,12.0,2.296802
,2023-07-17,56477.0,BARKI JACAREPAGUA CE SE,Consumidor Especial,SUDESTE,12.0,4.230089
,2023-07-18,56477.0,BARKI JACAREPAGUA CE SE,Consumidor Especial,SUDESTE,12.0,4.084131
,2023-07-19,56477.0,BARKI JACAREPAGUA CE SE,Consumidor Especial,SUDESTE,12.0,3.917229
,2023-07-20,56477.0,BARKI JACAREPAGUA CE SE,Consumidor Especial,SUDESTE,12.0,3.837172
,2023-07-21,56477.0,BARKI JACAREPAGUA CE SE,Consumidor Especial,SUDESTE,12.0,3.731638
,2023-07-22,56477.0,BARKI JACAREPAGUA CE SE,Consumidor Especial,SUDESTE,12.0,2.597069
,2023-07-23,56477.0,BARKI JACAREPAGUA CE SE,Consumidor Especial,SUDESTE,12.0,2.359141
,2023-07-24,56477.0,BARKI JACAREPAGUA CE SE,Consumidor Especial,SUDESTE,12.0,4.49427
,2023-07-25,56477.0,BARKI JACAREPAGUA CE SE,Consumidor Especial,SUDESTE,12.0,4.673241
,2023-07-26,56477.0,BARKI JACAREPAGUA CE SE,Consumidor Especial,SUDESTE,12.0,4.758671
,2023-07-27,56477.0,BARKI JACAREPAGUA CE SE,Consumidor Especial,SUDESTE,12.0,5.169486
,2023-07-28,56477.0,BARKI JACAREPAGUA CE SE,Consumidor Especial,SUDESTE,12.0,4.816342
,2023-07-29,56477.0,BARKI JACAREPAGUA CE SE,Consumidor Especial,SUDESTE,12.0,2.681022
,2023-07-30,56477.0,BARKI JACAREPAGUA CE SE,Consumidor Especial,SUDESTE,12.0,2.383058
,2023-07-31,56477.0,BARKI JACAREPAGUA CE SE,Consumidor Especial,SUDESTE,12.0,4.261201
,2023-08-01,56477.0,BARKI JACAREPAGUA CE SE,Consumidor Especial,SUDESTE,12.0,4.276344
,2023-08-02,56477.0,BARKI JACAREPAGUA CE SE,Consumidor Especial,SUDESTE,12.0,4.359654
,2023-08-03,56477.0,BARKI JACAREPAGUA CE SE,Consumidor Especial,SUDESTE,12.0,4.731204
,2023-08-04,56477.0,BARKI JACAREPAGUA CE SE,Consumidor Especial,SUDESTE,12.0,4.343672
,2023-08-05,56477.0,BARKI JACAREPAGUA CE SE,Consumidor Especial,SUDESTE,12.0,2.656476
,2023-08-06,56477.0,BARKI JACAREPAGUA CE SE,Consumidor Especial,SUDESTE,12.0,2.4675700000000003
,2023-08-07,56477.0,BARKI JACAREPAGUA CE SE,Consumidor Especial,SUDESTE,12.0,5.183614
,2023-08-08,56477.0,BARKI JACAREPAGUA CE SE,Consumidor Especial,SUDESTE,12.0,4.6058010000000005
,2023-08-09,56477.0,BARKI JACAREPAGUA CE SE,Consumidor Especial,SUDESTE,12.0,4.430734
,2023-08-10,56477.0,BARKI JACAREPAGUA CE SE,Consumidor Especial,SUDESTE,12.0,4.806169
,2023-08-11,56477.0,BARKI JACAREPAGUA CE SE,Consumidor Especial,SUDESTE,12.0,5.238666
,2023-08-12,56477.0,BARKI JACAREPAGUA CE SE,Consumidor Especial,SUDESTE,12.0,3.058776
,2023-08-13,56477.0,BARKI JACAREPAGUA CE SE,Consumidor Especial,SUDESTE,12.0,2.469086
,2023-08-14,56477.0,BARKI JACAREPAGUA CE SE,Consumidor Especial,SUDESTE,12.0,4.079076
,2023-08-15,56477.0,BARKI JACAREPAGUA CE SE,Consumidor Especial,SUDESTE,12.0,4.295015
,2023-08-16,56477.0,BARKI JACAREPAGUA CE SE,Consumidor Especial,SUDESTE,12.0,4.763003
,2023-08-17,56477.0,BARKI JACAREPAGUA CE SE,Consumidor Especial,SUDESTE,12.0,4.983841
,2023-08-18,56477.0,BARKI JACAREPAGUA CE SE,Consumidor Especial,SUDESTE,12.0,5.41895
,2023-08-19,56477.0,BARKI JACAREPAGUA CE SE,Consumidor Especial,SUDESTE,12.0,2.97819
,2023-08-20,56477.0,BARKI JACAREPAGUA CE SE,Consumidor Especial,SUDESTE,12.0,2.384729
,2023-08-21,56477.0,BARKI JACAREPAGUA CE SE,Consumidor Especial,SUDESTE,12.0,4.878776
,2023-08-22,56477.0,BARKI JACAREPAGUA CE SE,Consumidor Especial,SUDESTE,12.0,5.128261
,2023-08-23,56477.0,BARKI JACAREPAGUA CE SE,Consumidor Especial,SUDESTE,12.0,5.919463
,2023-08-24,56477.0,BARKI JACAREPAGUA CE SE,Consumidor Especial,SUDESTE,12.0,6.406629000000001
,2023-08-25,56477.0,BARKI JACAREPAGUA CE SE,Consumidor Especial,SUDESTE,12.0,5.235113
,2023-08-26,56477.0,BARKI JACAREPAGUA CE SE,Consumidor Especial,SUDESTE,12.0,2.607005
,2023-08-27,56477.0,BARKI JACAREPAGUA CE SE,Consumidor Especial,SUDESTE,12.0,2.235762
,2023-08-28,56477.0,BARKI JACAREPAGUA CE SE,Consumidor Especial,SUDESTE,12.0,3.53561
,2023-08-29,56477.0,BARKI JACAREPAGUA CE SE,Consumidor Especial,SUDESTE,12.0,3.91067
,2023-08-30,56477.0,BARKI JACAREPAGUA CE SE,Consumidor Especial,SUDESTE,12.0,4.227847
,2023-08-31,56477.0,BARKI JACAREPAGUA CE SE,Consumidor Especial,SUDESTE,12.0,4.336852
,2023-09-01,56477.0,BARKI JACAREPAGUA CE SE,Consumidor Especial,SUDESTE,12.0,4.595883
,2023-09-02,56477.0,BARKI JACAREPAGUA CE SE,Consumidor Especial,SUDESTE,12.0,2.940829
,2023-09-03,56477.0,BARKI JACAREPAGUA CE SE,Consumidor Especial,SUDESTE,12.0,2.676325
,2023-09-04,56477.0,BARKI JACAREPAGUA CE SE,Consumidor Especial,SUDESTE,12.0,6.277421
,2023-09-05,56477.0,BARKI JACAREPAGUA CE SE,Consumidor Especial,SUDESTE,12.0,6.0530800000000005
,2023-09-06,56477.0,BARKI JACAREPAGUA CE SE,Consumidor Especial,SUDESTE,12.0,4.880813
,2023-09-07,56477.0,BARKI JACAREPAGUA CE SE,Consumidor Especial,SUDESTE,12.0,2.930198
,2023-09-08,56477.0,BARKI JACAREPAGUA CE SE,Consumidor Especial,SUDESTE,12.0,4.164262
,2023-09-09,56477.0,BARKI JACAREPAGUA CE SE,Consumidor Especial,SUDESTE,12.0,2.835307
,2023-09-10,56477.0,BARKI JACAREPAGUA CE SE,Consumidor Especial,SUDESTE,12.0,2.547437
,2023-09-11,56477.0,BARKI JACAREPAGUA CE SE,Consumidor Especial,SUDESTE,12.0,5.55923
,2023-09-12,56477.0,BARKI JACAREPAGUA CE SE,Consumidor Especial,SUDESTE,12.0,6.02735
,2023-09-13,56477.0,BARKI JACAREPAGUA CE SE,Consumidor Especial,SUDESTE,12.0,6.301627
,2023-09-14,56477.0,BARKI JACAREPAGUA CE SE,Consumidor Especial,SUDESTE,12.0,6.240281
,2023-09-15,56477.0,BARKI JACAREPAGUA CE SE,Consumidor Especial,SUDESTE,12.0,4.255927
,2023-09-16,56477.0,BARKI JACAREPAGUA CE SE,Consumidor Especial,SUDESTE,12.0,2.778273
,2023-09-17,56477.0,BARKI JACAREPAGUA CE SE,Consumidor Especial,SUDESTE,12.0,2.609821
,2023-09-18,56477.0,BARKI JACAREPAGUA CE SE,Consumidor Especial,SUDESTE,12.0,6.428355
,2023-09-19,56477.0,BARKI JACAREPAGUA CE SE,Consumidor Especial,SUDESTE,12.0,6.183207
,2023-09-20,56477.0,BARKI JACAREPAGUA CE SE,Consumidor Especial,SUDESTE,12.0,5.710886
,2023-09-21,56477.0,BARKI JACAREPAGUA CE SE,Consumidor Especial,SUDESTE,12.0,5.825349
,2023-09-22,56477.0,BARKI JACAREPAGUA CE SE,Consumidor Especial,SUDESTE,12.0,5.735617
,2023-09-23,56477.0,BARKI JACAREPAGUA CE SE,Consumidor Especial,SUDESTE,12.0,3.1028990000000003
,2023-09-24,56477.0,BARKI JACAREPAGUA CE SE,Consumidor Especial,SUDESTE,12.0,2.772837
,2023-09-25,56477.0,BARKI JACAREPAGUA CE SE,Consumidor Especial,SUDESTE,12.0,5.937941
,2023-09-26,56477.0,BARKI JACAREPAGUA CE SE,Consumidor Especial,SUDESTE,12.0,6.462069
,2023-09-27,56477.0,BARKI JACAREPAGUA CE SE,Consumidor Especial,SUDESTE,12.0,6.577791
,2023-09-28,56477.0,BARKI JACAREPAGUA CE SE,Consumidor Especial,SUDESTE,12.0,4.887039
,2023-09-29,56477.0,BARKI JACAREPAGUA CE SE,Consumidor Especial,SUDESTE,12.0,4.647311
,2023-09-30,56477.0,BARKI JACAREPAGUA CE SE,Consumidor Especial,SUDESTE,12.0,2.928369
,2023-10-01,56477.0,BARKI JACAREPAGUA CE SE,Consumidor Especial,SUDESTE,12.0,2.575376
,2023-10-02,56477.0,BARKI JACAREPAGUA CE SE,Consumidor Especial,SUDESTE,12.0,4.678009
,2023-10-03,56477.0,BARKI JACAREPAGUA CE SE,Consumidor Especial,SUDESTE,12.0,4.824025
,2023-10-04,56477.0,BARKI JACAREPAGUA CE SE,Consumidor Especial,SUDESTE,12.0,5.802373
,2023-10-05,56477.0,BARKI JACAREPAGUA CE SE,Consumidor Especial,SUDESTE,12.0,5.539669
,2023-10-06,56477.0,BARKI JACAREPAGUA CE SE,Consumidor Especial,SUDESTE,12.0,5.772217
,2023-10-07,56477.0,BARKI JACAREPAGUA CE SE,Consumidor Especial,SUDESTE,12.0,3.355627
,2023-10-08,56477.0,BARKI JACAREPAGUA CE SE,Consumidor Especial,SUDESTE,12.0,2.876855
,2023-10-09,56477.0,BARKI JACAREPAGUA CE SE,Consumidor Especial,SUDESTE,12.0,5.566744
,2023-10-10,56477.0,BARKI JACAREPAGUA CE SE,Consumidor Especial,SUDESTE,12.0,5.438578
,2023-10-11,56477.0,BARKI JACAREPAGUA CE SE,Consumidor Especial,SUDESTE,12.0,5.960843
,2023-10-12,56477.0,BARKI JACAREPAGUA CE SE,Consumidor Especial,SUDESTE,12.0,3.553979
,2023-10-13,56477.0,BARKI JACAREPAGUA CE SE,Consumidor Especial,SUDESTE,12.0,4.7181750000000005
,2023-10-14,56477.0,BARKI JACAREPAGUA CE SE,Consumidor Especial,SUDESTE,12.0,2.854261
,2023-10-15,56477.0,BARKI JACAREPAGUA CE SE,Consumidor Especial,SUDESTE,12.0,2.596329
,2023-10-16,56477.0,BARKI JACAREPAGUA CE SE,Consumidor Especial,SUDESTE,12.0,4.701707
,2023-10-17,56477.0,BARKI JACAREPAGUA CE SE,Consumidor Especial,SUDESTE,12.0,6.045127
,2023-10-18,56477.0,BARKI JACAREPAGUA CE SE,Consumidor Especial,SUDESTE,12.0,5.521165
,2023-10-19,56477.0,BARKI JACAREPAGUA CE SE,Consumidor Especial,SUDESTE,12.0,4.978881
,2023-10-20,56477.0,BARKI JACAREPAGUA CE SE,Consumidor Especial,SUDESTE,12.0,4.358692
,2023-10-21,56477.0,BARKI JACAREPAGUA CE SE,Consumidor Especial,SUDESTE,12.0,2.808106
,2023-10-22,56477.0,BARKI JACAREPAGUA CE SE,Consumidor Especial,SUDESTE,12.0,2.427801
,2023-10-23,56477.0,BARKI JACAREPAGUA CE SE,Consumidor Especial,SUDESTE,12.0,5.537091
,2023-10-24,56477.0,BARKI JACAREPAGUA CE SE,Consumidor Especial,SUDESTE,12.0,6.141134
,2023-10-25,56477.0,BARKI JACAREPAGUA CE SE,Consumidor Especial,SUDESTE,12.0,5.254917
,2023-10-26,56477.0,BARKI JACAREPAGUA CE SE,Consumidor Especial,SUDESTE,12.0,4.903626
,2023-10-27,56477.0,BARKI JACAREPAGUA CE SE,Consumidor Especial,SUDESTE,12.0,4.8046
,2023-10-28,56477.0,BARKI JACAREPAGUA CE SE,Consumidor Especial,SUDESTE,12.0,3.080632
,2023-10-29,56477.0,BARKI JACAREPAGUA CE SE,Consumidor Especial,SUDESTE,12.0,2.775719
,2023-10-30,56477.0,BARKI JACAREPAGUA CE SE,Consumidor Especial,SUDESTE,12.0,6.498561
,2023-10-31,56477.0,BARKI JACAREPAGUA CE SE,Consumidor Especial,SUDESTE,12.0,6.490191
,2023-11-01,56477.0,BARKI JACAREPAGUA CE SE,Consumidor Especial,SUDESTE,12.0,5.626423
,2023-11-02,56477.0,BARKI JACAREPAGUA CE SE,Consumidor Especial,SUDESTE,12.0,3.16709
,2023-11-03,56477.0,BARKI JACAREPAGUA CE SE,Consumidor Especial,SUDESTE,12.0,5.120022
,2023-11-04,56477.0,BARKI JACAREPAGUA CE SE,Consumidor Especial,SUDESTE,12.0,0.0
,2023-11-05,56477.0,BARKI JACAREPAGUA CE SE,Consumidor Especial,SUDESTE,12.0,0.0
,2023-11-06,56477.0,BARKI JACAREPAGUA CE SE,Consumidor Especial,SUDESTE,12.0,0.0
,2023-11-07,56477.0,BARKI JACAREPAGUA CE SE,Consumidor Especial,SUDESTE,12.0,0.5849409999999999
,2023-11-08,56477.0,BARKI JACAREPAGUA CE SE,Consumidor Especial,SUDESTE,12.0,5.682258
,2023-11-09,56477.0,BARKI JACAREPAGUA CE SE,Consumidor Especial,SUDESTE,12.0,6.475239
,2023-11-10,56477.0,BARKI JACAREPAGUA CE SE,Consumidor Especial,SUDESTE,12.0,5.922211
,2023-11-11,56477.0,BARKI JACAREPAGUA CE SE,Consumidor Especial,SUDESTE,12.0,3.346478
,2023-11-12,56477.0,BARKI JACAREPAGUA CE SE,Consumidor Especial,SUDESTE,12.0,2.930658
,2023-11-13,56477.0,BARKI JACAREPAGUA CE SE,Consumidor Especial,SUDESTE,12.0,6.911941000000001
,2023-11-14,56477.0,BARKI JACAREPAGUA CE SE,Consumidor Especial,SUDESTE,12.0,6.981969
,2023-11-15,56477.0,BARKI JACAREPAGUA CE SE,Consumidor Especial,SUDESTE,12.0,3.451456
,2023-11-16,56477.0,BARKI JACAREPAGUA CE SE,Consumidor Especial,SUDESTE,12.0,7.180399
,2023-11-17,56477.0,BARKI JACAREPAGUA CE SE,Consumidor Especial,SUDESTE,12.0,6.837765
,2023-11-18,56477.0,BARKI JACAREPAGUA CE SE,Consumidor Especial,SUDESTE,12.0,3.700781
,2023-11-19,56477.0,BARKI JACAREPAGUA CE SE,Consumidor Especial,SUDESTE,12.0,3.063212
,2023-11-20,56477.0,BARKI JACAREPAGUA CE SE,Consumidor Especial,SUDESTE,12.0,3.314503
,2023-11-21,56477.0,BARKI JACAREPAGUA CE SE,Consumidor Especial,SUDESTE,12.0,6.419523
,2023-11-22,56477.0,BARKI JACAREPAGUA CE SE,Consumidor Especial,SUDESTE,12.0,7.111159
,2023-11-23,56477.0,BARKI JACAREPAGUA CE SE,Consumidor Especial,SUDESTE,12.0,6.692936
,2023-11-24,56477.0,BARKI JACAREPAGUA CE SE,Consumidor Especial,SUDESTE,12.0,5.271367
,2023-11-25,56477.0,BARKI JACAREPAGUA CE SE,Consumidor Especial,SUDESTE,12.0,3.201967
,2023-11-26,56477.0,BARKI JACAREPAGUA CE SE,Consumidor Especial,SUDESTE,12.0,2.671653
,2023-11-27,56477.0,BARKI JACAREPAGUA CE SE,Consumidor Especial,SUDESTE,12.0,6.077057
,2023-11-28,56477.0,BARKI JACAREPAGUA CE SE,Consumidor Especial,SUDESTE,12.0,6.483993
,2023-11-29,56477.0,BARKI JACAREPAGUA CE SE,Consumidor Especial,SUDESTE,12.0,6.349935
,2023-11-30,56477.0,BARKI JACAREPAGUA CE SE,Consumidor Especial,SUDESTE,12.0,7.083949
,2023-12-01,56477.0,BARKI JACAREPAGUA CE SE,Consumidor Especial,SUDESTE,12.0,6.536162
,2023-12-02,56477.0,BARKI JACAREPAGUA CE SE,Consumidor Especial,SUDESTE,12.0,3.489974
,2023-12-03,56477.0,BARKI JACAREPAGUA CE SE,Consumidor Especial,SUDESTE,12.0,2.963946
,2023-12-04,56477.0,BARKI JACAREPAGUA CE SE,Consumidor Especial,SUDESTE,12.0,6.809052
,2023-12-05,56477.0,BARKI JACAREPAGUA CE SE,Consumidor Especial,SUDESTE,12.0,6.716169
,2023-12-06,56477.0,BARKI JACAREPAGUA CE SE,Consumidor Especial,SUDESTE,12.0,7.127286
,2023-12-07,56477.0,BARKI JACAREPAGUA CE SE,Consumidor Especial,SUDESTE,12.0,7.354886
,2023-12-08,56477.0,BARKI JACAREPAGUA CE SE,Consumidor Especial,SUDESTE,12.0,6.902344
,2023-12-09,56477.0,BARKI JACAREPAGUA CE SE,Consumidor Especial,SUDESTE,12.0,3.495779
,2023-12-10,56477.0,BARKI JACAREPAGUA CE SE,Consumidor Especial,SUDESTE,12.0,2.979513
,2023-12-11,56477.0,BARKI JACAREPAGUA CE SE,Consumidor Especial,SUDESTE,12.0,5.437122
,2023-12-12,56477.0,BARKI JACAREPAGUA CE SE,Consumidor Especial,SUDESTE,12.0,6.158075999999999
,2023-12-13,56477.0,BARKI JACAREPAGUA CE SE,Consumidor Especial,SUDESTE,12.0,6.063276
,2023-12-14,56477.0,BARKI JACAREPAGUA CE SE,Consumidor Especial,SUDESTE,12.0,5.394805
,2023-12-15,56477.0,BARKI JACAREPAGUA CE SE,Consumidor Especial,SUDESTE,12.0,7.273490000000001
,2023-12-16,56477.0,BARKI JACAREPAGUA CE SE,Consumidor Especial,SUDESTE,12.0,3.607678
,2023-12-17,56477.0,BARKI JACAREPAGUA CE SE,Consumidor Especial,SUDESTE,12.0,2.871811
,2023-12-18,56477.0,BARKI JACAREPAGUA CE SE,Consumidor Especial,SUDESTE,12.0,7.064036
,2023-12-19,56477.0,BARKI JACAREPAGUA CE SE,Consumidor Especial,SUDESTE,12.0,6.821092
,2023-12-20,56477.0,BARKI JACAREPAGUA CE SE,Consumidor Especial,SUDESTE,12.0,5.682096
,2023-12-21,56477.0,BARKI JACAREPAGUA CE SE,Consumidor Especial,SUDESTE,12.0,6.003764
,2023-12-22,56477.0,BARKI JACAREPAGUA CE SE,Consumidor Especial,SUDESTE,12.0,5.513392
,2023-12-23,56477.0,BARKI JACAREPAGUA CE SE,Consumidor Especial,SUDESTE,12.0,3.449257
,2023-12-24,56477.0,BARKI JACAREPAGUA CE SE,Consumidor Especial,SUDESTE,12.0,3.009349
,2023-12-25,56477.0,BARKI JACAREPAGUA CE SE,Consumidor Especial,SUDESTE,12.0,2.851402
,2023-12-26,56477.0,BARKI JACAREPAGUA CE SE,Consumidor Especial,SUDESTE,12.0,5.690216
,2023-12-27,56477.0,BARKI JACAREPAGUA CE SE,Consumidor Especial,SUDESTE,12.0,5.197593
,2023-12-28,56477.0,BARKI JACAREPAGUA CE SE,Consumidor Especial,SUDESTE,12.0,5.24756
,2023-12-29,56477.0,BARKI JACAREPAGUA CE SE,Consumidor Especial,SUDESTE,12.0,5.389902
,2023-12-30,56477.0,BARKI JACAREPAGUA CE SE,Consumidor Especial,SUDESTE,12.0,3.151252
,2023-12-31,56477.0,BARKI JACAREPAGUA CE SE,Consumidor Especial,SUDESTE,12.0,2.745927
,2024-01-01,56477.0,BARKI JACAREPAGUA CE SE,Consumidor Especial,SUDESTE,12.0,2.718821
,2024-01-02,56477.0,BARKI JACAREPAGUA CE SE,Consumidor Especial,SUDESTE,12.0,5.092834
,2024-01-03,56477.0,BARKI JACAREPAGUA CE SE,Consumidor Especial,SUDESTE,12.0,5.642579
,2024-01-04,56477.0,BARKI JACAREPAGUA CE SE,Consumidor Especial,SUDESTE,12.0,5.55519
,2024-01-05,56477.0,BARKI JACAREPAGUA CE SE,Consumidor Especial,SUDESTE,12.0,5.472739
,2024-01-06,56477.0,BARKI JACAREPAGUA CE SE,Consumidor Especial,SUDESTE,12.0,3.25962
,2024-01-07,56477.0,BARKI JACAREPAGUA CE SE,Consumidor Especial,SUDESTE,12.0,2.865296
,2024-01-08,56477.0,BARKI JACAREPAGUA CE SE,Consumidor Especial,SUDESTE,12.0,6.829582
,2024-01-09,56477.0,BARKI JACAREPAGUA CE SE,Consumidor Especial,SUDESTE,12.0,6.9769820000000005
,2024-01-10,56477.0,BARKI JACAREPAGUA CE SE,Consumidor Especial,SUDESTE,12.0,7.123587
,2024-01-11,56477.0,BARKI JACAREPAGUA CE SE,Consumidor Especial,SUDESTE,12.0,3.887376
,2024-01-12,56477.0,BARKI JACAREPAGUA CE SE,Consumidor Especial,SUDESTE,12.0,1.217174
,2024-01-13,56477.0,BARKI JACAREPAGUA CE SE,Consumidor Especial,SUDESTE,12.0,0.815851
,2024-01-14,56477.0,BARKI JACAREPAGUA CE SE,Consumidor Especial,SUDESTE,12.0,3.147854
,2024-01-15,56477.0,BARKI JACAREPAGUA CE SE,Consumidor Especial,SUDESTE,12.0,5.968999
,2024-01-16,56477.0,BARKI JACAREPAGUA CE SE,Consumidor Especial,SUDESTE,12.0,6.004885
,2024-01-17,56477.0,BARKI JACAREPAGUA CE SE,Consumidor Especial,SUDESTE,12.0,7.53378
,2024-01-18,56477.0,BARKI JACAREPAGUA CE SE,Consumidor Especial,SUDESTE,12.0,7.052589
,2024-01-19,56477.0,BARKI JACAREPAGUA CE SE,Consumidor Especial,SUDESTE,12.0,6.359322
,2024-01-20,56477.0,BARKI JACAREPAGUA CE SE,Consumidor Especial,SUDESTE,12.0,3.525509
,2024-01-21,56477.0,BARKI JACAREPAGUA CE SE,Consumidor Especial,SUDESTE,12.0,3.104297
,2024-01-22,56477.0,BARKI JACAREPAGUA CE SE,Consumidor Especial,SUDESTE,12.0,6.476102
,2024-01-23,56477.0,BARKI JACAREPAGUA CE SE,Consumidor Especial,SUDESTE,12.0,4.98422
,2024-01-24,56477.0,BARKI JACAREPAGUA CE SE,Consumidor Especial,SUDESTE,12.0,4.864348
,2024-01-25,56477.0,BARKI JACAREPAGUA CE SE,Consumidor Especial,SUDESTE,12.0,5.410852
,2024-01-26,56477.0,BARKI JACAREPAGUA CE SE,Consumidor Especial,SUDESTE,12.0,4.823567
,2024-01-27,56477.0,BARKI JACAREPAGUA CE SE,Consumidor Especial,SUDESTE,12.0,3.176651
,2024-01-28,56477.0,BARKI JACAREPAGUA CE SE,Consumidor Especial,SUDESTE,12.0,2.761361
,2024-01-29,56477.0,BARKI JACAREPAGUA CE SE,Consumidor Especial,SUDESTE,12.0,6.098546
,2024-01-30,56477.0,BARKI JACAREPAGUA CE SE,Consumidor Especial,SUDESTE,12.0,6.639136
,2024-01-31,56477.0,BARKI JACAREPAGUA CE SE,Consumidor Especial,SUDESTE,12.0,6.578178
,2024-02-01,56477.0,BARKI JACAREPAGUA CE SE,Consumidor Especial,SUDESTE,12.0,6.310539
,2024-02-02,56477.0,BARKI JACAREPAGUA CE SE,Consumidor Especial,SUDESTE,12.0,5.773686
,2024-02-03,56477.0,BARKI JACAREPAGUA CE SE,Consumidor Especial,SUDESTE,12.0,3.441495
,2024-02-04,56477.0,BARKI JACAREPAGUA CE SE,Consumidor Especial,SUDESTE,12.0,2.940085
,2024-02-05,56477.0,BARKI JACAREPAGUA CE SE,Consumidor Especial,SUDESTE,12.0,6.608825
,2024-02-06,56477.0,BARKI JACAREPAGUA CE SE,Consumidor Especial,SUDESTE,12.0,6.657749
,2024-02-07,56477.0,BARKI JACAREPAGUA CE SE,Consumidor Especial,SUDESTE,12.0,6.746968
,2024-02-08,56477.0,BARKI JACAREPAGUA CE SE,Consumidor Especial,SUDESTE,12.0,6.751166
,2024-02-09,56477.0,BARKI JACAREPAGUA CE SE,Consumidor Especial,SUDESTE,12.0,6.256362
,2024-02-10,56477.0,BARKI JACAREPAGUA CE SE,Consumidor Especial,SUDESTE,12.0,3.444968
,2024-02-11,56477.0,BARKI JACAREPAGUA CE SE,Consumidor Especial,SUDESTE,12.0,3.062453
,2024-02-12,56477.0,BARKI JACAREPAGUA CE SE,Consumidor Especial,SUDESTE,12.0,3.496348
,2024-02-13,56477.0,BARKI JACAREPAGUA CE SE,Consumidor Especial,SUDESTE,12.0,3.162436
,2024-02-14,56477.0,BARKI JACAREPAGUA CE SE,Consumidor Especial,SUDESTE,12.0,4.176645
,2024-02-15,56477.0,BARKI JACAREPAGUA CE SE,Consumidor Especial,SUDESTE,12.0,5.750663
,2024-02-16,56477.0,BARKI JACAREPAGUA CE SE,Consumidor Especial,SUDESTE,12.0,5.779486
,2024-02-17,56477.0,BARKI JACAREPAGUA CE SE,Consumidor Especial,SUDESTE,12.0,3.446375
,2024-02-18,56477.0,BARKI JACAREPAGUA CE SE,Consumidor Especial,SUDESTE,12.0,2.991398
,2024-02-19,56477.0,BARKI JACAREPAGUA CE SE,Consumidor Especial,SUDESTE,12.0,6.630406
,2024-02-20,56477.0,BARKI JACAREPAGUA CE SE,Consumidor Especial,SUDESTE,12.0,6.310488
,2024-02-21,56477.0,BARKI JACAREPAGUA CE SE,Consumidor Especial,SUDESTE,12.0,6.267384
,2024-02-22,56477.0,BARKI JACAREPAGUA CE SE,Consumidor Especial,SUDESTE,12.0,6.300536
,2024-02-23,56477.0,BARKI JACAREPAGUA CE SE,Consumidor Especial,SUDESTE,12.0,6.581016
,2024-02-24,56477.0,BARKI JACAREPAGUA CE SE,Consumidor Especial,SUDESTE,12.0,3.569418
,2024-02-25,56477.0,BARKI JACAREPAGUA CE SE,Consumidor Especial,SUDESTE,12.0,3.133252
,2024-02-26,56477.0,BARKI JACAREPAGUA CE SE,Consumidor Especial,SUDESTE,12.0,7.158175
,2024-02-27,56477.0,BARKI JACAREPAGUA CE SE,Consumidor Especial,SUDESTE,12.0,6.934883
,2024-02-28,56477.0,BARKI JACAREPAGUA CE SE,Consumidor Especial,SUDESTE,12.0,7.118307
,2024-02-29,56477.0,BARKI JACAREPAGUA CE SE,Consumidor Especial,SUDESTE,12.0,7.105514
202403.0,2024-03-01,56477.0,BARKI JACAREPAGUA CE SE,Consumidor Especial,SUDESTE,12.0,6.45101
202403.0,2024-03-01,56477.0,BARKI JACAREPAGUA CE SE,Consumidor Especial,SUDESTE,12.0,6.45101
,2024-03-01,,BARKI JACAREPAGUA CE SE,,,12.0,6.45101
202403.0,2024-03-02,56477.0,BARKI JACAREPAGUA CE SE,Consumidor Especial,SUDESTE,12.0,3.465456
202403.0,2024-03-02,56477.0,BARKI JACAREPAGUA CE SE,Consumidor Especial,SUDESTE,12.0,3.465456
,2024-03-02,,BARKI JACAREPAGUA CE SE,,,12.0,3.465456
202403.0,2024-03-03,56477.0,BARKI JACAREPAGUA CE SE,Consumidor Especial,SUDESTE,12.0,3.148704
202403.0,2024-03-03,56477.0,BARKI JACAREPAGUA CE SE,Consumidor Especial,SUDESTE,12.0,3.148704
,2024-03-03,,BARKI JACAREPAGUA CE SE,,,12.0,3.148704
202403.0,2024-03-04,56477.0,BARKI JACAREPAGUA CE SE,Consumidor Especial,SUDESTE,12.0,6.632384
202403.0,2024-03-04,56477.0,BARKI JACAREPAGUA CE SE,Consumidor Especial,SUDESTE,12.0,6.632384
,2024-03-04,,BARKI JACAREPAGUA CE SE,,,12.0,6.632384
202403.0,2024-03-05,56477.0,BARKI JACAREPAGUA CE SE,Consumidor Especial,SUDESTE,12.0,6.809005
202403.0,2024-03-05,56477.0,BARKI JACAREPAGUA CE SE,Consumidor Especial,SUDESTE,12.0,6.809005
,2024-03-05,,BARKI JACAREPAGUA CE SE,,,12.0,6.809005
202403.0,2024-03-06,56477.0,BARKI JACAREPAGUA CE SE,Consumidor Especial,SUDESTE,12.0,6.319926
202403.0,2024-03-06,56477.0,BARKI JACAREPAGUA CE SE,Consumidor Especial,SUDESTE,12.0,6.319926
,2024-03-06,,BARKI JACAREPAGUA CE SE,,,12.0,6.319926
202403.0,2024-03-07,56477.0,BARKI JACAREPAGUA CE SE,Consumidor Especial,SUDESTE,12.0,6.258757
202403.0,2024-03-07,56477.0,BARKI JACAREPAGUA CE SE,Consumidor Especial,SUDESTE,12.0,6.258757
,2024-03-07,,BARKI JACAREPAGUA CE SE,,,12.0,6.258757
202403.0,2024-03-08,56477.0,BARKI JACAREPAGUA CE SE,Consumidor Especial,SUDESTE,12.0,6.231003
202403.0,2024-03-08,56477.0,BARKI JACAREPAGUA CE SE,Consumidor Especial,SUDESTE,12.0,6.231003
,2024-03-08,,BARKI JACAREPAGUA CE SE,,,12.0,6.231003
202403.0,2024-03-09,56477.0,BARKI JACAREPAGUA CE SE,Consumidor Especial,SUDESTE,12.0,3.502866
202403.0,2024-03-09,56477.0,BARKI JACAREPAGUA CE SE,Consumidor Especial,SUDESTE,12.0,3.502866
,2024-03-09,,BARKI JACAREPAGUA CE SE,,,12.0,3.502866
202403.0,2024-03-10,56477.0,BARKI JACAREPAGUA CE SE,Consumidor Especial,SUDESTE,12.0,3.014664
202403.0,2024-03-10,56477.0,BARKI JACAREPAGUA CE SE,Consumidor Especial,SUDESTE,12.0,3.014664
,2024-03-10,,BARKI JACAREPAGUA CE SE,,,12.0,3.014664
202403.0,2024-03-11,56477.0,BARKI JACAREPAGUA CE SE,Consumidor Especial,SUDESTE,12.0,6.65
202403.0,2024-03-11,56477.0,BARKI JACAREPAGUA CE SE,Consumidor Especial,SUDESTE,12.0,6.65
,2024-03-11,,BARKI JACAREPAGUA CE SE,,,12.0,6.65
202403.0,2024-03-12,56477.0,BARKI JACAREPAGUA CE SE,Consumidor Especial,SUDESTE,12.0,5.995314
202403.0,2024-03-12,56477.0,BARKI JACAREPAGUA CE SE,Consumidor Especial,SUDESTE,12.0,5.995314
,2024-03-12,,BARKI JACAREPAGUA CE SE,,,12.0,5.995314
202403.0,2024-03-13,56477.0,BARKI JACAREPAGUA CE SE,Consumidor Especial,SUDESTE,12.0,5.979558
202403.0,2024-03-13,56477.0,BARKI JACAREPAGUA CE SE,Consumidor Especial,SUDESTE,12.0,5.979558
,2024-03-13,,BARKI JACAREPAGUA CE SE,,,12.0,5.979558
202403.0,2024-03-14,56477.0,BARKI JACAREPAGUA CE SE,Consumidor Especial,SUDESTE,12.0,6.192689
202403.0,2024-03-14,56477.0,BARKI JACAREPAGUA CE SE,Consumidor Especial,SUDESTE,12.0,6.192689
,2024-03-14,,BARKI JACAREPAGUA CE SE,,,12.0,6.192689
202403.0,2024-03-15,56477.0,BARKI JACAREPAGUA CE SE,Consumidor Especial,SUDESTE,12.0,6.35077
202403.0,2024-03-15,56477.0,BARKI JACAREPAGUA CE SE,Consumidor Especial,SUDESTE,12.0,6.35077
,2024-03-15,,BARKI JACAREPAGUA CE SE,,,12.0,6.35077
202403.0,2024-03-16,56477.0,BARKI JACAREPAGUA CE SE,Consumidor Especial,SUDESTE,12.0,3.477815
202403.0,2024-03-16,56477.0,BARKI JACAREPAGUA CE SE,Consumidor Especial,SUDESTE,12.0,3.477815
,2024-03-16,,BARKI JACAREPAGUA CE SE,,,12.0,3.477815
202403.0,2024-03-17,56477.0,BARKI JACAREPAGUA CE SE,Consumidor Especial,SUDESTE,12.0,3.160995
202403.0,2024-03-17,56477.0,BARKI JACAREPAGUA CE SE,Consumidor Especial,SUDESTE,12.0,3.160995
,2024-03-17,,BARKI JACAREPAGUA CE SE,,,12.0,3.160995
202403.0,2024-03-18,56477.0,BARKI JACAREPAGUA CE SE,Consumidor Especial,SUDESTE,12.0,7.023914
202403.0,2024-03-18,56477.0,BARKI JACAREPAGUA CE SE,Consumidor Especial,SUDESTE,12.0,7.023914
,2024-03-18,,BARKI JACAREPAGUA CE SE,,,12.0,7.023914
202403.0,2024-03-19,56477.0,BARKI JACAREPAGUA CE SE,Consumidor Especial,SUDESTE,12.0,6.712602
202403.0,2024-03-19,56477.0,BARKI JACAREPAGUA CE SE,Consumidor Especial,SUDESTE,12.0,6.712602
,2024-03-19,,BARKI JACAREPAGUA CE SE,,,12.0,6.712602
202403.0,2024-03-20,56477.0,BARKI JACAREPAGUA CE SE,Consumidor Especial,SUDESTE,12.0,6.777951
202403.0,2024-03-20,56477.0,BARKI JACAREPAGUA CE SE,Consumidor Especial,SUDESTE,12.0,6.777951
,2024-03-20,,BARKI JACAREPAGUA CE SE,,,12.0,6.777951
202403.0,2024-03-21,56477.0,BARKI JACAREPAGUA CE SE,Consumidor Especial,SUDESTE,12.0,7.304856
202403.0,2024-03-21,56477.0,BARKI JACAREPAGUA CE SE,Consumidor Especial,SUDESTE,12.0,7.304856
,2024-03-21,,BARKI JACAREPAGUA CE SE,,,12.0,7.304856
202403.0,2024-03-22,56477.0,BARKI JACAREPAGUA CE SE,Consumidor Especial,SUDESTE,12.0,5.5928
202403.0,2024-03-22,56477.0,BARKI JACAREPAGUA CE SE,Consumidor Especial,SUDESTE,12.0,5.5928
,2024-03-22,,BARKI JACAREPAGUA CE SE,,,12.0,5.5928
202403.0,2024-03-23,56477.0,BARKI JACAREPAGUA CE SE,Consumidor Especial,SUDESTE,12.0,3.221811
202403.0,2024-03-23,56477.0,BARKI JACAREPAGUA CE SE,Consumidor Especial,SUDESTE,12.0,3.221811
,2024-03-23,,BARKI JACAREPAGUA CE SE,,,12.0,3.221811
202403.0,2024-03-24,56477.0,BARKI JACAREPAGUA CE SE,Consumidor Especial,SUDESTE,12.0,2.806279
202403.0,2024-03-24,56477.0,BARKI JACAREPAGUA CE SE,Consumidor Especial,SUDESTE,12.0,2.806279
,2024-03-24,,BARKI JACAREPAGUA CE SE,,,12.0,2.806279
202403.0,2024-03-25,56477.0,BARKI JACAREPAGUA CE SE,Consumidor Especial,SUDESTE,12.0,5.811838
202403.0,2024-03-25,56477.0,BARKI JACAREPAGUA CE SE,Consumidor Especial,SUDESTE,12.0,5.811838
,2024-03-25,,BARKI JACAREPAGUA CE SE,,,12.0,5.811838
202403.0,2024-03-26,56477.0,BARKI JACAREPAGUA CE SE,Consumidor Especial,SUDESTE,12.0,5.399809
202403.0,2024-03-26,56477.0,BARKI JACAREPAGUA CE SE,Consumidor Especial,SUDESTE,12.0,5.399809
,2024-03-26,,BARKI JACAREPAGUA CE SE,,,12.0,5.399809
202403.0,2024-03-27,56477.0,BARKI JACAREPAGUA CE SE,Consumidor Especial,SUDESTE,12.0,5.128038
202403.0,2024-03-27,56477.0,BARKI JACAREPAGUA CE SE,Consumidor Especial,SUDESTE,12.0,5.128038
,2024-03-27,,BARKI JACAREPAGUA CE SE,,,12.0,5.128038
202403.0,2024-03-28,56477.0,BARKI JACAREPAGUA CE SE,Consumidor Especial,SUDESTE,12.0,5.067619
202403.0,2024-03-28,56477.0,BARKI JACAREPAGUA CE SE,Consumidor Especial,SUDESTE,12.0,5.067619
,2024-03-28,,BARKI JACAREPAGUA CE SE,,,12.0,5.067619
202403.0,2024-03-29,56477.0,BARKI JACAREPAGUA CE SE,Consumidor Especial,SUDESTE,12.0,2.880631
202403.0,2024-03-29,56477.0,BARKI JACAREPAGUA CE SE,Consumidor Especial,SUDESTE,12.0,2.880631
,2024-03-29,,BARKI JACAREPAGUA CE SE,,,12.0,2.880631
202403.0,2024-03-30,56477.0,BARKI JACAREPAGUA CE SE,Consumidor Especial,SUDESTE,12.0,3.001406
202403.0,2024-03-30,56477.0,BARKI JACAREPAGUA CE SE,Consumidor Especial,SUDESTE,12.0,3.001406
,2024-03-30,,BARKI JACAREPAGUA CE SE,,,12.0,3.001406
202403.0,2024-03-31,56477.0,BARKI JACAREPAGUA CE SE,Consumidor Especial,SUDESTE,12.0,2.595131
202403.0,2024-03-31,56477.0,BARKI JACAREPAGUA CE SE,Consumidor Especial,SUDESTE,12.0,2.595131
,2024-03-31,,BARKI JACAREPAGUA CE SE,,,12.0,2.595131
202404.0,2024-04-01,56477.0,BARKI JACAREPAGUA CE SE,Consumidor Especial,SUDESTE,12.0,5.716932
202404.0,2024-04-01,56477.0,BARKI JACAREPAGUA CE SE,Consumidor Especial,SUDESTE,12.0,5.716932
,2024-04-01,,BARKI JACAREPAGUA CE SE,,,12.0,5.716932
202404.0,2024-04-02,56477.0,BARKI JACAREPAGUA CE SE,Consumidor Especial,SUDESTE,12.0,6.074287
202404.0,2024-04-02,56477.0,BARKI JACAREPAGUA CE SE,Consumidor Especial,SUDESTE,12.0,6.074287
,2024-04-02,,BARKI JACAREPAGUA CE SE,,,12.0,6.074287
202404.0,2024-04-03,56477.0,BARKI JACAREPAGUA CE SE,Consumidor Especial,SUDESTE,12.0,5.850563
202404.0,2024-04-03,56477.0,BARKI JACAREPAGUA CE SE,Consumidor Especial,SUDESTE,12.0,5.850563
,2024-04-03,,BARKI JACAREPAGUA CE SE,,,12.0,5.850563
202404.0,2024-04-04,56477.0,BARKI JACAREPAGUA CE SE,Consumidor Especial,SUDESTE,12.0,5.786545
202404.0,2024-04-04,56477.0,BARKI JACAREPAGUA CE SE,Consumidor Especial,SUDESTE,12.0,5.786545
,2024-04-04,,BARKI JACAREPAGUA CE SE,,,12.0,5.786545
202404.0,2024-04-05,56477.0,BARKI JACAREPAGUA CE SE,Consumidor Especial,SUDESTE,12.0,5.766469
202404.0,2024-04-05,56477.0,BARKI JACAREPAGUA CE SE,Consumidor Especial,SUDESTE,12.0,5.766469
,2024-04-05,,BARKI JACAREPAGUA CE SE,,,12.0,5.766469
202404.0,2024-04-06,56477.0,BARKI JACAREPAGUA CE SE,Consumidor Especial,SUDESTE,12.0,3.240669
202404.0,2024-04-06,56477.0,BARKI JACAREPAGUA CE SE,Consumidor Especial,SUDESTE,12.0,3.240669
,2024-04-06,,BARKI JACAREPAGUA CE SE,,,12.0,3.240669
202404.0,2024-04-07,56477.0,BARKI JACAREPAGUA CE SE,Consumidor Especial,SUDESTE,12.0,2.81895
202404.0,2024-04-07,56477.0,BARKI JACAREPAGUA CE SE,Consumidor Especial,SUDESTE,12.0,2.81895
,2024-04-07,,BARKI JACAREPAGUA CE SE,,,12.0,2.81895
202404.0,2024-04-08,56477.0,BARKI JACAREPAGUA CE SE,Consumidor Especial,SUDESTE,12.0,6.112144
202404.0,2024-04-08,56477.0,BARKI JACAREPAGUA CE SE,Consumidor Especial,SUDESTE,12.0,6.112144
,2024-04-08,,BARKI JACAREPAGUA CE SE,,,12.0,6.112144
202404.0,2024-04-09,56477.0,BARKI JACAREPAGUA CE SE,Consumidor Especial,SUDESTE,12.0,6.128233
202404.0,2024-04-09,56477.0,BARKI JACAREPAGUA CE SE,Consumidor Especial,SUDESTE,12.0,6.128233
,2024-04-09,,BARKI JACAREPAGUA CE SE,,,12.0,6.128233
202404.0,2024-04-10,56477.0,BARKI JACAREPAGUA CE SE,Consumidor Especial,SUDESTE,12.0,5.952067
202404.0,2024-04-10,56477.0,BARKI JACAREPAGUA CE SE,Consumidor Especial,SUDESTE,12.0,5.952067
,2024-04-10,,BARKI JACAREPAGUA CE SE,,,12.0,5.952067
202404.0,2024-04-11,56477.0,BARKI JACAREPAGUA CE SE,Consumidor Especial,SUDESTE,12.0,5.857712
202404.0,2024-04-11,56477.0,BARKI JACAREPAGUA CE SE,Consumidor Especial,SUDESTE,12.0,5.857712
,2024-04-11,,BARKI JACAREPAGUA CE SE,,,12.0,5.857712
202404.0,2024-04-12,56477.0,BARKI JACAREPAGUA CE SE,Consumidor Especial,SUDESTE,12.0,5.5712660000000005
202404.0,2024-04-12,56477.0,BARKI JACAREPAGUA CE SE,Consumidor Especial,SUDESTE,12.0,5.5712660000000005
,2024-04-12,,BARKI JACAREPAGUA CE SE,,,12.0,5.5712660000000005
202404.0,2024-04-13,56477.0,BARKI JACAREPAGUA CE SE,Consumidor Especial,SUDESTE,12.0,3.235813
202404.0,2024-04-13,56477.0,BARKI JACAREPAGUA CE SE,Consumidor Especial,SUDESTE,12.0,3.235813
,2024-04-13,,BARKI JACAREPAGUA CE SE,,,12.0,3.235813
202404.0,2024-04-14,56477.0,BARKI JACAREPAGUA CE SE,Consumidor Especial,SUDESTE,12.0,2.848765
202404.0,2024-04-14,56477.0,BARKI JACAREPAGUA CE SE,Consumidor Especial,SUDESTE,12.0,2.848765
,2024-04-14,,BARKI JACAREPAGUA CE SE,,,12.0,2.848765
202404.0,2024-04-15,56477.0,BARKI JACAREPAGUA CE SE,Consumidor Especial,SUDESTE,12.0,6.075358
202404.0,2024-04-15,56477.0,BARKI JACAREPAGUA CE SE,Consumidor Especial,SUDESTE,12.0,6.075358
,2024-04-15,,BARKI JACAREPAGUA CE SE,,,12.0,6.075358
202404.0,2024-04-16,56477.0,BARKI JACAREPAGUA CE SE,Consumidor Especial,SUDESTE,12.0,6.275713
202404.0,2024-04-16,56477.0,BARKI JACAREPAGUA CE SE,Consumidor Especial,SUDESTE,12.0,6.275713
,2024-04-16,,BARKI JACAREPAGUA CE SE,,,12.0,6.275713
202404.0,2024-04-17,56477.0,BARKI JACAREPAGUA CE SE,Consumidor Especial,SUDESTE,12.0,6.248078
202404.0,2024-04-17,56477.0,BARKI JACAREPAGUA CE SE,Consumidor Especial,SUDESTE,12.0,6.248078
,2024-04-17,,BARKI JACAREPAGUA CE SE,,,12.0,6.248078
202404.0,2024-04-18,56477.0,BARKI JACAREPAGUA CE SE,Consumidor Especial,SUDESTE,12.0,5.065283
202404.0,2024-04-18,56477.0,BARKI JACAREPAGUA CE SE,Consumidor Especial,SUDESTE,12.0,5.065283
,2024-04-18,,BARKI JACAREPAGUA CE SE,,,12.0,5.065283
202404.0,2024-04-19,56477.0,BARKI JACAREPAGUA CE SE,Consumidor Especial,SUDESTE,12.0,4.831602
202404.0,2024-04-19,56477.0,BARKI JACAREPAGUA CE SE,Consumidor Especial,SUDESTE,12.0,4.831602
,2024-04-19,,BARKI JACAREPAGUA CE SE,,,12.0,4.831602
202404.0,2024-04-20,56477.0,BARKI JACAREPAGUA CE SE,Consumidor Especial,SUDESTE,12.0,2.866532
202404.0,2024-04-20,56477.0,BARKI JACAREPAGUA CE SE,Consumidor Especial,SUDESTE,12.0,2.866532
,2024-04-20,,BARKI JACAREPAGUA CE SE,,,12.0,2.866532
202404.0,2024-04-21,56477.0,BARKI JACAREPAGUA CE SE,Consumidor Especial,SUDESTE,12.0,2.511111
202404.0,2024-04-21,56477.0,BARKI JACAREPAGUA CE SE,Consumidor Especial,SUDESTE,12.0,2.511111
,2024-04-21,,BARKI JACAREPAGUA CE SE,,,12.0,2.511111
202404.0,2024-04-22,56477.0,BARKI JACAREPAGUA CE SE,Consumidor Especial,SUDESTE,12.0,5.19346
202404.0,2024-04-22,56477.0,BARKI JACAREPAGUA CE SE,Consumidor Especial,SUDESTE,12.0,5.19346
,2024-04-22,,BARKI JACAREPAGUA CE SE,,,12.0,5.19346
202404.0,2024-04-23,56477.0,BARKI JACAREPAGUA CE SE,Consumidor Especial,SUDESTE,12.0,3.361273
202404.0,2024-04-23,56477.0,BARKI JACAREPAGUA CE SE,Consumidor Especial,SUDESTE,12.0,3.361273
,2024-04-23,,BARKI JACAREPAGUA CE SE,,,12.0,3.361273
202404.0,2024-04-24,56477.0,BARKI JACAREPAGUA CE SE,Consumidor Especial,SUDESTE,12.0,6.138884
202404.0,2024-04-24,56477.0,BARKI JACAREPAGUA CE SE,Consumidor Especial,SUDESTE,12.0,6.138884
,2024-04-24,,BARKI JACAREPAGUA CE SE,,,12.0,6.138884
202404.0,2024-04-25,56477.0,BARKI JACAREPAGUA CE SE,Consumidor Especial,SUDESTE,12.0,5.687547
202404.0,2024-04-25,56477.0,BARKI JACAREPAGUA CE SE,Consumidor Especial,SUDESTE,12.0,5.687547
,2024-04-25,,BARKI JACAREPAGUA CE SE,,,12.0,5.687547
202404.0,2024-04-26,56477.0,BARKI JACAREPAGUA CE SE,Consumidor Especial,SUDESTE,12.0,5.45669
202404.0,2024-04-26,56477.0,BARKI JACAREPAGUA CE SE,Consumidor Especial,SUDESTE,12.0,5.45669
,2024-04-26,,BARKI JACAREPAGUA CE SE,,,12.0,5.45669
202404.0,2024-04-27,56477.0,BARKI JACAREPAGUA CE SE,Consumidor Especial,SUDESTE,12.0,3.212109
202404.0,2024-04-27,56477.0,BARKI JACAREPAGUA CE SE,Consumidor Especial,SUDESTE,12.0,3.212109
,2024-04-27,,BARKI JACAREPAGUA CE SE,,,12.0,3.212109
202404.0,2024-04-28,56477.0,BARKI JACAREPAGUA CE SE,Consumidor Especial,SUDESTE,12.0,2.894702
202404.0,2024-04-28,56477.0,BARKI JACAREPAGUA CE SE,Consumidor Especial,SUDESTE,12.0,2.894702
,2024-04-28,,BARKI JACAREPAGUA CE SE,,,12.0,2.894702
202404.0,2024-04-29,56477.0,BARKI JACAREPAGUA CE SE,Consumidor Especial,SUDESTE,12.0,6.414491
202404.0,2024-04-29,56477.0,BARKI JACAREPAGUA CE SE,Consumidor Especial,SUDESTE,12.0,6.414491
,2024-04-29,,BARKI JACAREPAGUA CE SE,,,12.0,6.414491
202404.0,2024-04-30,56477.0,BARKI JACAREPAGUA CE SE,Consumidor Especial,SUDESTE,12.0,6.668551
202404.0,2024-04-30,56477.0,BARKI JACAREPAGUA CE SE,Consumidor Especial,SUDESTE,12.0,6.668551
,2024-04-30,,BARKI JACAREPAGUA CE SE,,,12.0,6.668551
202405.0,2024-05-01,56477.0,BARKI JACAREPAGUA CE SE,Consumidor Especial,SUDESTE,12.0,3.641471
202405.0,2024-05-01,56477.0,BARKI JACAREPAGUA CE SE,Consumidor Especial,SUDESTE,12.0,3.641471
,2024-05-01,,BARKI JACAREPAGUA CE SE,,,12.0,3.641471
202405.0,2024-05-02,56477.0,BARKI JACAREPAGUA CE SE,Consumidor Especial,SUDESTE,12.0,6.941098
202405.0,2024-05-02,56477.0,BARKI JACAREPAGUA CE SE,Consumidor Especial,SUDESTE,12.0,6.941098
,2024-05-02,,BARKI JACAREPAGUA CE SE,,,12.0,6.941098
202405.0,2024-05-03,56477.0,BARKI JACAREPAGUA CE SE,Consumidor Especial,SUDESTE,12.0,6.244772
202405.0,2024-05-03,56477.0,BARKI JACAREPAGUA CE SE,Consumidor Especial,SUDESTE,12.0,6.244772
,2024-05-03,,BARKI JACAREPAGUA CE SE,,,12.0,6.244772
202405.0,2024-05-04,56477.0,BARKI JACAREPAGUA CE SE,Consumidor Especial,SUDESTE,12.0,3.238896
202405.0,2024-05-04,56477.0,BARKI JACAREPAGUA CE SE,Consumidor Especial,SUDESTE,12.0,3.238896
,2024-05-04,,BARKI JACAREPAGUA CE SE,,,12.0,3.238896
202405.0,2024-05-05,56477.0,BARKI JACAREPAGUA CE SE,Consumidor Especial,SUDESTE,12.0,2.860886
202405.0,2024-05-05,56477.0,BARKI JACAREPAGUA CE SE,Consumidor Especial,SUDESTE,12.0,2.860886
,2024-05-05,,BARKI JACAREPAGUA CE SE,,,12.0,2.860886
202405.0,2024-05-06,56477.0,BARKI JACAREPAGUA CE SE,Consumidor Especial,SUDESTE,12.0,6.349439
202405.0,2024-05-06,56477.0,BARKI JACAREPAGUA CE SE,Consumidor Especial,SUDESTE,12.0,6.349439
,2024-05-06,,BARKI JACAREPAGUA CE SE,,,12.0,6.349439
202405.0,2024-05-07,56477.0,BARKI JACAREPAGUA CE SE,Consumidor Especial,SUDESTE,12.0,6.490181
202405.0,2024-05-07,56477.0,BARKI JACAREPAGUA CE SE,Consumidor Especial,SUDESTE,12.0,6.490181
,2024-05-07,,BARKI JACAREPAGUA CE SE,,,12.0,6.490181
202405.0,2024-05-08,56477.0,BARKI JACAREPAGUA CE SE,Consumidor Especial,SUDESTE,12.0,6.606738
202405.0,2024-05-08,56477.0,BARKI JACAREPAGUA CE SE,Consumidor Especial,SUDESTE,12.0,6.606738
,2024-05-08,,BARKI JACAREPAGUA CE SE,,,12.0,6.606738
202405.0,2024-05-09,56477.0,BARKI JACAREPAGUA CE SE,Consumidor Especial,SUDESTE,12.0,6.73085
202405.0,2024-05-09,56477.0,BARKI JACAREPAGUA CE SE,Consumidor Especial,SUDESTE,12.0,6.73085
,2024-05-09,,BARKI JACAREPAGUA CE SE,,,12.0,6.73085
202405.0,2024-05-10,56477.0,BARKI JACAREPAGUA CE SE,Consumidor Especial,SUDESTE,12.0,5.980808
202405.0,2024-05-10,56477.0,BARKI JACAREPAGUA CE SE,Consumidor Especial,SUDESTE,12.0,5.980808
,2024-05-10,,BARKI JACAREPAGUA CE SE,,,12.0,5.980808
202405.0,2024-05-11,56477.0,BARKI JACAREPAGUA CE SE,Consumidor Especial,SUDESTE,12.0,3.494013
202405.0,2024-05-11,56477.0,BARKI JACAREPAGUA CE SE,Consumidor Especial,SUDESTE,12.0,3.494013
,2024-05-11,,BARKI JACAREPAGUA CE SE,,,12.0,3.494013
202405.0,2024-05-12,56477.0,BARKI JACAREPAGUA CE SE,Consumidor Especial,SUDESTE,12.0,2.847026
202405.0,2024-05-12,56477.0,BARKI JACAREPAGUA CE SE,Consumidor Especial,SUDESTE,12.0,2.847026
,2024-05-12,,BARKI JACAREPAGUA CE SE,,,12.0,2.847026
202405.0,2024-05-13,56477.0,BARKI JACAREPAGUA CE SE,Consumidor Especial,SUDESTE,12.0,5.894236
202405.0,2024-05-13,56477.0,BARKI JACAREPAGUA CE SE,Consumidor Especial,SUDESTE,12.0,5.894236
,2024-05-13,,BARKI JACAREPAGUA CE SE,,,12.0,5.894236
202405.0,2024-05-14,56477.0,BARKI JACAREPAGUA CE SE,Consumidor Especial,SUDESTE,12.0,6.310443
202405.0,2024-05-14,56477.0,BARKI JACAREPAGUA CE SE,Consumidor Especial,SUDESTE,12.0,6.310443
,2024-05-14,,BARKI JACAREPAGUA CE SE,,,12.0,6.310443
202405.0,2024-05-15,56477.0,BARKI JACAREPAGUA CE SE,Consumidor Especial,SUDESTE,12.0,4.924844
202405.0,2024-05-15,56477.0,BARKI JACAREPAGUA CE SE,Consumidor Especial,SUDESTE,12.0,4.924844
,2024-05-15,,BARKI JACAREPAGUA CE SE,,,12.0,4.924844
202405.0,2024-05-16,56477.0,BARKI JACAREPAGUA CE SE,Consumidor Especial,SUDESTE,12.0,5.250787
202405.0,2024-05-16,56477.0,BARKI JACAREPAGUA CE SE,Consumidor Especial,SUDESTE,12.0,5.250787
,2024-05-16,,BARKI JACAREPAGUA CE SE,,,12.0,5.250787
202405.0,2024-05-17,56477.0,BARKI JACAREPAGUA CE SE,Consumidor Especial,SUDESTE,12.0,5.987009
202405.0,2024-05-17,56477.0,BARKI JACAREPAGUA CE SE,Consumidor Especial,SUDESTE,12.0,5.987009
,2024-05-17,,BARKI JACAREPAGUA CE SE,,,12.0,5.987009
202405.0,2024-05-18,56477.0,BARKI JACAREPAGUA CE SE,Consumidor Especial,SUDESTE,12.0,3.154561
202405.0,2024-05-18,56477.0,BARKI JACAREPAGUA CE SE,Consumidor Especial,SUDESTE,12.0,3.154561
,2024-05-18,,BARKI JACAREPAGUA CE SE,,,12.0,3.154561
202405.0,2024-05-19,56477.0,BARKI JACAREPAGUA CE SE,Consumidor Especial,SUDESTE,12.0,2.745357
202405.0,2024-05-19,56477.0,BARKI JACAREPAGUA CE SE,Consumidor Especial,SUDESTE,12.0,2.745357
,2024-05-19,,BARKI JACAREPAGUA CE SE,,,12.0,2.745357
202405.0,2024-05-20,56477.0,BARKI JACAREPAGUA CE SE,Consumidor Especial,SUDESTE,12.0,5.881452
202405.0,2024-05-20,56477.0,BARKI JACAREPAGUA CE SE,Consumidor Especial,SUDESTE,12.0,5.881452
,2024-05-20,,BARKI JACAREPAGUA CE SE,,,12.0,5.881452
202405.0,2024-05-21,56477.0,BARKI JACAREPAGUA CE SE,Consumidor Especial,SUDESTE,12.0,5.136622
202405.0,2024-05-21,56477.0,BARKI JACAREPAGUA CE SE,Consumidor Especial,SUDESTE,12.0,5.136622
,2024-05-21,,BARKI JACAREPAGUA CE SE,,,12.0,5.136622
202405.0,2024-05-22,56477.0,BARKI JACAREPAGUA CE SE,Consumidor Especial,SUDESTE,12.0,5.418169
202405.0,2024-05-22,56477.0,BARKI JACAREPAGUA CE SE,Consumidor Especial,SUDESTE,12.0,5.418169
,2024-05-22,,BARKI JACAREPAGUA CE SE,,,12.0,5.418169
202405.0,2024-05-23,56477.0,BARKI JACAREPAGUA CE SE,Consumidor Especial,SUDESTE,12.0,5.493282
202405.0,2024-05-23,56477.0,BARKI JACAREPAGUA CE SE,Consumidor Especial,SUDESTE,12.0,5.493282
,2024-05-23,,BARKI JACAREPAGUA CE SE,,,12.0,5.493282
202405.0,2024-05-24,56477.0,BARKI JACAREPAGUA CE SE,Consumidor Especial,SUDESTE,12.0,5.447208
202405.0,2024-05-24,56477.0,BARKI JACAREPAGUA CE SE,Consumidor Especial,SUDESTE,12.0,5.447208
,2024-05-24,,BARKI JACAREPAGUA CE SE,,,12.0,5.447208
202405.0,2024-05-25,56477.0,BARKI JACAREPAGUA CE SE,Consumidor Especial,SUDESTE,12.0,3.033385
202405.0,2024-05-25,56477.0,BARKI JACAREPAGUA CE SE,Consumidor Especial,SUDESTE,12.0,3.033385
,2024-05-25,,BARKI JACAREPAGUA CE SE,,,12.0,3.033385
202405.0,2024-05-26,56477.0,BARKI JACAREPAGUA CE SE,Consumidor Especial,SUDESTE,12.0,2.526673
202405.0,2024-05-26,56477.0,BARKI JACAREPAGUA CE SE,Consumidor Especial,SUDESTE,12.0,2.526673
,2024-05-26,,BARKI JACAREPAGUA CE SE,,,12.0,2.526673
202405.0,2024-05-27,56477.0,BARKI JACAREPAGUA CE SE,Consumidor Especial,SUDESTE,12.0,4.467642
202405.0,2024-05-27,56477.0,BARKI JACAREPAGUA CE SE,Consumidor Especial,SUDESTE,12.0,4.467642
,2024-05-27,,BARKI JACAREPAGUA CE SE,,,12.0,4.467642
202405.0,2024-05-28,56477.0,BARKI JACAREPAGUA CE SE,Consumidor Especial,SUDESTE,12.0,5.200551
202405.0,2024-05-28,56477.0,BARKI JACAREPAGUA CE SE,Consumidor Especial,SUDESTE,12.0,5.200551
,2024-05-28,,BARKI JACAREPAGUA CE SE,,,12.0,5.200551
202405.0,2024-05-29,56477.0,BARKI JACAREPAGUA CE SE,Consumidor Especial,SUDESTE,12.0,4.362094
202405.0,2024-05-29,56477.0,BARKI JACAREPAGUA CE SE,Consumidor Especial,SUDESTE,12.0,4.362094
,2024-05-29,,BARKI JACAREPAGUA CE SE,,,12.0,4.362094
202405.0,2024-05-30,56477.0,BARKI JACAREPAGUA CE SE,Consumidor Especial,SUDESTE,12.0,3.012402
202405.0,2024-05-30,56477.0,BARKI JACAREPAGUA CE SE,Consumidor Especial,SUDESTE,12.0,3.012402
,2024-05-30,,BARKI JACAREPAGUA CE SE,,,12.0,3.012402
202405.0,2024-05-31,56477.0,BARKI JACAREPAGUA CE SE,Consumidor Especial,SUDESTE,12.0,3.794479
202405.0,2024-05-31,56477.0,BARKI JACAREPAGUA CE SE,Consumidor Especial,SUDESTE,12.0,3.794479
,2024-05-31,,BARKI JACAREPAGUA CE SE,,,12.0,3.794479
202406.0,2024-06-01,56477.0,BARKI JACAREPAGUA CE SE,Consumidor Especial,SUDESTE,12.0,2.790059
202406.0,2024-06-01,56477.0,BARKI JACAREPAGUA CE SE,Consumidor Especial,SUDESTE,12.0,2.790059
,2024-06-01,,BARKI JACAREPAGUA CE SE,,,12.0,2.790059
202406.0,2024-06-02,56477.0,BARKI JACAREPAGUA CE SE,Consumidor Especial,SUDESTE,12.0,2.456354
202406.0,2024-06-02,56477.0,BARKI JACAREPAGUA CE SE,Consumidor Especial,SUDESTE,12.0,2.456354
,2024-06-02,,BARKI JACAREPAGUA CE SE,,,12.0,2.456354
202406.0,2024-06-03,56477.0,BARKI JACAREPAGUA CE SE,Consumidor Especial,SUDESTE,12.0,4.734837
202406.0,2024-06-03,56477.0,BARKI JACAREPAGUA CE SE,Consumidor Especial,SUDESTE,12.0,4.734837
,2024-06-03,,BARKI JACAREPAGUA CE SE,,,12.0,4.734837
202406.0,2024-06-04,56477.0,BARKI JACAREPAGUA CE SE,Consumidor Especial,SUDESTE,12.0,4.74484
202406.0,2024-06-04,56477.0,BARKI JACAREPAGUA CE SE,Consumidor Especial,SUDESTE,12.0,4.74484
,2024-06-04,,BARKI JACAREPAGUA CE SE,,,12.0,4.74484
202406.0,2024-06-05,56477.0,BARKI JACAREPAGUA CE SE,Consumidor Especial,SUDESTE,12.0,4.498863
202406.0,2024-06-05,56477.0,BARKI JACAREPAGUA CE SE,Consumidor Especial,SUDESTE,12.0,4.498863
,2024-06-05,,BARKI JACAREPAGUA CE SE,,,12.0,4.498863
202406.0,2024-06-06,56477.0,BARKI JACAREPAGUA CE SE,Consumidor Especial,SUDESTE,12.0,4.621228
202406.0,2024-06-06,56477.0,BARKI JACAREPAGUA CE SE,Consumidor Especial,SUDESTE,12.0,4.621228
,2024-06-06,,BARKI JACAREPAGUA CE SE,,,12.0,4.621228
202406.0,2024-06-07,56477.0,BARKI JACAREPAGUA CE SE,Consumidor Especial,SUDESTE,12.0,4.761013
202406.0,2024-06-07,56477.0,BARKI JACAREPAGUA CE SE,Consumidor Especial,SUDESTE,12.0,4.761013
,2024-06-07,,BARKI JACAREPAGUA CE SE,,,12.0,4.761013
202406.0,2024-06-08,56477.0,BARKI JACAREPAGUA CE SE,Consumidor Especial,SUDESTE,12.0,2.937294
202406.0,2024-06-08,56477.0,BARKI JACAREPAGUA CE SE,Consumidor Especial,SUDESTE,12.0,2.937294
,2024-06-08,,BARKI JACAREPAGUA CE SE,,,12.0,2.937294
202406.0,2024-06-09,56477.0,BARKI JACAREPAGUA CE SE,Consumidor Especial,SUDESTE,12.0,2.58216
202406.0,2024-06-09,56477.0,BARKI JACAREPAGUA CE SE,Consumidor Especial,SUDESTE,12.0,2.58216
,2024-06-09,,BARKI JACAREPAGUA CE SE,,,12.0,2.58216
202406.0,2024-06-10,56477.0,BARKI JACAREPAGUA CE SE,Consumidor Especial,SUDESTE,12.0,5.062057
202406.0,2024-06-10,56477.0,BARKI JACAREPAGUA CE SE,Consumidor Especial,SUDESTE,12.0,5.062057
,2024-06-10,,BARKI JACAREPAGUA CE SE,,,12.0,5.062057
202406.0,2024-06-11,56477.0,BARKI JACAREPAGUA CE SE,Consumidor Especial,SUDESTE,12.0,5.034825
202406.0,2024-06-11,56477.0,BARKI JACAREPAGUA CE SE,Consumidor Especial,SUDESTE,12.0,5.034825
,2024-06-11,,BARKI JACAREPAGUA CE SE,,,12.0,5.034825
202406.0,2024-06-12,56477.0,BARKI JACAREPAGUA CE SE,Consumidor Especial,SUDESTE,12.0,4.969323
202406.0,2024-06-12,56477.0,BARKI JACAREPAGUA CE SE,Consumidor Especial,SUDESTE,12.0,4.969323
,2024-06-12,,BARKI JACAREPAGUA CE SE,,,12.0,4.969323
202406.0,2024-06-13,56477.0,BARKI JACAREPAGUA CE SE,Consumidor Especial,SUDESTE,12.0,4.965015
202406.0,2024-06-13,56477.0,BARKI JACAREPAGUA CE SE,Consumidor Especial,SUDESTE,12.0,4.965015
,2024-06-13,,BARKI JACAREPAGUA CE SE,,,12.0,4.965015
202406.0,2024-06-14,56477.0,BARKI JACAREPAGUA CE SE,Consumidor Especial,SUDESTE,12.0,4.681578
202406.0,2024-06-14,56477.0,BARKI JACAREPAGUA CE SE,Consumidor Especial,SUDESTE,12.0,4.681578
,2024-06-14,,BARKI JACAREPAGUA CE SE,,,12.0,4.681578
202406.0,2024-06-15,56477.0,BARKI JACAREPAGUA CE SE,Consumidor Especial,SUDESTE,12.0,2.999027
202406.0,2024-06-15,56477.0,BARKI JACAREPAGUA CE SE,Consumidor Especial,SUDESTE,12.0,2.999027
,2024-06-15,,BARKI JACAREPAGUA CE SE,,,12.0,2.999027
202406.0,2024-06-16,56477.0,BARKI JACAREPAGUA CE SE,Consumidor Especial,SUDESTE,12.0,2.651471
202406.0,2024-06-16,56477.0,BARKI JACAREPAGUA CE SE,Consumidor Especial,SUDESTE,12.0,2.651471
,2024-06-16,,BARKI JACAREPAGUA CE SE,,,12.0,2.651471
202406.0,2024-06-17,56477.0,BARKI JACAREPAGUA CE SE,Consumidor Especial,SUDESTE,12.0,5.311139
202406.0,2024-06-17,56477.0,BARKI JACAREPAGUA CE SE,Consumidor Especial,SUDESTE,12.0,5.311139
,2024-06-17,,BARKI JACAREPAGUA CE SE,,,12.0,5.311139
202406.0,2024-06-18,56477.0,BARKI JACAREPAGUA CE SE,Consumidor Especial,SUDESTE,12.0,5.366897
202406.0,2024-06-18,56477.0,BARKI JACAREPAGUA CE SE,Consumidor Especial,SUDESTE,12.0,5.366897
,2024-06-18,,BARKI JACAREPAGUA CE SE,,,12.0,5.366897
202406.0,2024-06-19,56477.0,BARKI JACAREPAGUA CE SE,Consumidor Especial,SUDESTE,12.0,5.172179
202406.0,2024-06-19,56477.0,BARKI JACAREPAGUA CE SE,Consumidor Especial,SUDESTE,12.0,5.172179
,2024-06-19,,BARKI JACAREPAGUA CE SE,,,12.0,5.172179
202406.0,2024-06-20,56477.0,BARKI JACAREPAGUA CE SE,Consumidor Especial,SUDESTE,12.0,4.920783
202406.0,2024-06-20,56477.0,BARKI JACAREPAGUA CE SE,Consumidor Especial,SUDESTE,12.0,4.920783
,2024-06-20,,BARKI JACAREPAGUA CE SE,,,12.0,4.920783
202406.0,2024-06-21,56477.0,BARKI JACAREPAGUA CE SE,Consumidor Especial,SUDESTE,12.0,4.544429
202406.0,2024-06-21,56477.0,BARKI JACAREPAGUA CE SE,Consumidor Especial,SUDESTE,12.0,4.544429
,2024-06-21,,BARKI JACAREPAGUA CE SE,,,12.0,4.544429
202406.0,2024-06-22,56477.0,BARKI JACAREPAGUA CE SE,Consumidor Especial,SUDESTE,12.0,3.037506
202406.0,2024-06-22,56477.0,BARKI JACAREPAGUA CE SE,Consumidor Especial,SUDESTE,12.0,3.037506
,2024-06-22,,BARKI JACAREPAGUA CE SE,,,12.0,3.037506
202406.0,2024-06-23,56477.0,BARKI JACAREPAGUA CE SE,Consumidor Especial,SUDESTE,12.0,2.72177
202406.0,2024-06-23,56477.0,BARKI JACAREPAGUA CE SE,Consumidor Especial,SUDESTE,12.0,2.72177
,2024-06-23,,BARKI JACAREPAGUA CE SE,,,12.0,2.72177
202406.0,2024-06-24,56477.0,BARKI JACAREPAGUA CE SE,Consumidor Especial,SUDESTE,12.0,5.589984
202406.0,2024-06-24,56477.0,BARKI JACAREPAGUA CE SE,Consumidor Especial,SUDESTE,12.0,5.589984
,2024-06-24,,BARKI JACAREPAGUA CE SE,,,12.0,5.589984
202406.0,2024-06-25,56477.0,BARKI JACAREPAGUA CE SE,Consumidor Especial,SUDESTE,12.0,5.198944
202406.0,2024-06-25,56477.0,BARKI JACAREPAGUA CE SE,Consumidor Especial,SUDESTE,12.0,5.198944
,2024-06-25,,BARKI JACAREPAGUA CE SE,,,12.0,5.198944
202406.0,2024-06-26,56477.0,BARKI JACAREPAGUA CE SE,Consumidor Especial,SUDESTE,12.0,5.609245
202406.0,2024-06-26,56477.0,BARKI JACAREPAGUA CE SE,Consumidor Especial,SUDESTE,12.0,5.609245
,2024-06-26,,BARKI JACAREPAGUA CE SE,,,12.0,5.609245
202406.0,2024-06-27,56477.0,BARKI JACAREPAGUA CE SE,Consumidor Especial,SUDESTE,12.0,5.112384
202406.0,2024-06-27,56477.0,BARKI JACAREPAGUA CE SE,Consumidor Especial,SUDESTE,12.0,5.112384
,2024-06-27,,BARKI JACAREPAGUA CE SE,,,12.0,5.112384
202406.0,2024-06-28,56477.0,BARKI JACAREPAGUA CE SE,Consumidor Especial,SUDESTE,12.0,5.094505
202406.0,2024-06-28,56477.0,BARKI JACAREPAGUA CE SE,Consumidor Especial,SUDESTE,12.0,5.094505
,2024-06-28,,BARKI JACAREPAGUA CE SE,,,12.0,5.094505
202406.0,2024-06-29,56477.0,BARKI JACAREPAGUA CE SE,Consumidor Especial,SUDESTE,12.0,3.042076
202406.0,2024-06-29,56477.0,BARKI JACAREPAGUA CE SE,Consumidor Especial,SUDESTE,12.0,3.042076
,2024-06-29,,BARKI JACAREPAGUA CE SE,,,12.0,3.042076
202406.0,2024-06-30,56477.0,BARKI JACAREPAGUA CE SE,Consumidor Especial,SUDESTE,12.0,2.487237
202406.0,2024-06-30,56477.0,BARKI JACAREPAGUA CE SE,Consumidor Especial,SUDESTE,12.0,2.487237
,2024-06-30,,BARKI JACAREPAGUA CE SE,,,12.0,2.487237
202407.0,2024-07-01,56477.0,BARKI JACAREPAGUA CE SE,Consumidor Especial,SUDESTE,12.0,3.984151
202407.0,2024-07-01,56477.0,BARKI JACAREPAGUA CE SE,Consumidor Especial,SUDESTE,12.0,3.984151
,2024-07-01,,BARKI JACAREPAGUA CE SE,,,12.0,3.984151
202407.0,2024-07-02,56477.0,BARKI JACAREPAGUA CE SE,Consumidor Especial,SUDESTE,12.0,4.317388
202407.0,2024-07-02,56477.0,BARKI JACAREPAGUA CE SE,Consumidor Especial,SUDESTE,12.0,4.317388
,2024-07-02,,BARKI JACAREPAGUA CE SE,,,12.0,4.317388
202407.0,2024-07-03,56477.0,BARKI JACAREPAGUA CE SE,Consumidor Especial,SUDESTE,12.0,4.642956
202407.0,2024-07-03,56477.0,BARKI JACAREPAGUA CE SE,Consumidor Especial,SUDESTE,12.0,4.642956
,2024-07-03,,BARKI JACAREPAGUA CE SE,,,12.0,4.642956
202407.0,2024-07-04,56477.0,BARKI JACAREPAGUA CE SE,Consumidor Especial,SUDESTE,12.0,5.105648
202407.0,2024-07-04,56477.0,BARKI JACAREPAGUA CE SE,Consumidor Especial,SUDESTE,12.0,5.105648
,2024-07-04,,BARKI JACAREPAGUA CE SE,,,12.0,5.105648
202407.0,2024-07-05,56477.0,BARKI JACAREPAGUA CE SE,Consumidor Especial,SUDESTE,12.0,4.760852
202407.0,2024-07-05,56477.0,BARKI JACAREPAGUA CE SE,Consumidor Especial,SUDESTE,12.0,4.760852
,2024-07-05,,BARKI JACAREPAGUA CE SE,,,12.0,4.760852
202407.0,2024-07-06,56477.0,BARKI JACAREPAGUA CE SE,Consumidor Especial,SUDESTE,12.0,2.876197
202407.0,2024-07-06,56477.0,BARKI JACAREPAGUA CE SE,Consumidor Especial,SUDESTE,12.0,2.876197
,2024-07-06,,BARKI JACAREPAGUA CE SE,,,12.0,2.876197
202407.0,2024-07-07,56477.0,BARKI JACAREPAGUA CE SE,Consumidor Especial,SUDESTE,12.0,2.5985
202407.0,2024-07-07,56477.0,BARKI JACAREPAGUA CE SE,Consumidor Especial,SUDESTE,12.0,2.5985
,2024-07-07,,BARKI JACAREPAGUA CE SE,,,12.0,2.5985
202407.0,2024-07-08,56477.0,BARKI JACAREPAGUA CE SE,Consumidor Especial,SUDESTE,12.0,4.290457
202407.0,2024-07-08,56477.0,BARKI JACAREPAGUA CE SE,Consumidor Especial,SUDESTE,12.0,4.290457
,2024-07-08,,BARKI JACAREPAGUA CE SE,,,12.0,4.290457
202407.0,2024-07-09,56477.0,BARKI JACAREPAGUA CE SE,Consumidor Especial,SUDESTE,12.0,4.175298
202407.0,2024-07-09,56477.0,BARKI JACAREPAGUA CE SE,Consumidor Especial,SUDESTE,12.0,4.175298
,2024-07-09,,BARKI JACAREPAGUA CE SE,,,12.0,4.175298
202407.0,2024-07-10,56477.0,BARKI JACAREPAGUA CE SE,Consumidor Especial,SUDESTE,12.0,4.795428
202407.0,2024-07-10,56477.0,BARKI JACAREPAGUA CE SE,Consumidor Especial,SUDESTE,12.0,4.795428
,2024-07-10,,BARKI JACAREPAGUA CE SE,,,12.0,4.795428
202407.0,2024-07-11,56477.0,BARKI JACAREPAGUA CE SE,Consumidor Especial,SUDESTE,12.0,4.302744
202407.0,2024-07-11,56477.0,BARKI JACAREPAGUA CE SE,Consumidor Especial,SUDESTE,12.0,4.302744
,2024-07-11,,BARKI JACAREPAGUA CE SE,,,12.0,4.302744
202407.0,2024-07-12,56477.0,BARKI JACAREPAGUA CE SE,Consumidor Especial,SUDESTE,12.0,4.1571
202407.0,2024-07-12,56477.0,BARKI JACAREPAGUA CE SE,Consumidor Especial,SUDESTE,12.0,4.1571
,2024-07-12,,BARKI JACAREPAGUA CE SE,,,12.0,4.1571
202407.0,2024-07-13,56477.0,BARKI JACAREPAGUA CE SE,Consumidor Especial,SUDESTE,12.0,2.766441
202407.0,2024-07-13,56477.0,BARKI JACAREPAGUA CE SE,Consumidor Especial,SUDESTE,12.0,2.766441
,2024-07-13,,BARKI JACAREPAGUA CE SE,,,12.0,2.766441
202407.0,2024-07-14,56477.0,BARKI JACAREPAGUA CE SE,Consumidor Especial,SUDESTE,12.0,2.5025
202407.0,2024-07-14,56477.0,BARKI JACAREPAGUA CE SE,Consumidor Especial,SUDESTE,12.0,2.5025
,2024-07-14,,BARKI JACAREPAGUA CE SE,,,12.0,2.5025
202407.0,2024-07-15,56477.0,BARKI JACAREPAGUA CE SE,Consumidor Especial,SUDESTE,12.0,4.1084380000000005
202407.0,2024-07-15,56477.0,BARKI JACAREPAGUA CE SE,Consumidor Especial,SUDESTE,12.0,4.1084380000000005
,2024-07-15,,BARKI JACAREPAGUA CE SE,,,12.0,4.1084380000000005
202407.0,2024-07-16,56477.0,BARKI JACAREPAGUA CE SE,Consumidor Especial,SUDESTE,12.0,4.131703
202407.0,2024-07-16,56477.0,BARKI JACAREPAGUA CE SE,Consumidor Especial,SUDESTE,12.0,4.131703
,2024-07-16,,BARKI JACAREPAGUA CE SE,,,12.0,4.131703
202407.0,2024-07-17,56477.0,BARKI JACAREPAGUA CE SE,Consumidor Especial,SUDESTE,12.0,4.227654
202407.0,2024-07-17,56477.0,BARKI JACAREPAGUA CE SE,Consumidor Especial,SUDESTE,12.0,4.227654
,2024-07-17,,BARKI JACAREPAGUA CE SE,,,12.0,4.227654
202407.0,2024-07-18,56477.0,BARKI JACAREPAGUA CE SE,Consumidor Especial,SUDESTE,12.0,4.194755
202407.0,2024-07-18,56477.0,BARKI JACAREPAGUA CE SE,Consumidor Especial,SUDESTE,12.0,4.194755
,2024-07-18,,BARKI JACAREPAGUA CE SE,,,12.0,4.194755
202407.0,2024-07-19,56477.0,BARKI JACAREPAGUA CE SE,Consumidor Especial,SUDESTE,12.0,4.012985
202407.0,2024-07-19,56477.0,BARKI JACAREPAGUA CE SE,Consumidor Especial,SUDESTE,12.0,4.012985
,2024-07-19,,BARKI JACAREPAGUA CE SE,,,12.0,4.012985
202407.0,2024-07-20,56477.0,BARKI JACAREPAGUA CE SE,Consumidor Especial,SUDESTE,12.0,2.691028
202407.0,2024-07-20,56477.0,BARKI JACAREPAGUA CE SE,Consumidor Especial,SUDESTE,12.0,2.691028
,2024-07-20,,BARKI JACAREPAGUA CE SE,,,12.0,2.691028
202407.0,2024-07-21,56477.0,BARKI JACAREPAGUA CE SE,Consumidor Especial,SUDESTE,12.0,2.51511
202407.0,2024-07-21,56477.0,BARKI JACAREPAGUA CE SE,Consumidor Especial,SUDESTE,12.0,2.51511
,2024-07-21,,BARKI JACAREPAGUA CE SE,,,12.0,2.51511
202407.0,2024-07-22,56477.0,BARKI JACAREPAGUA CE SE,Consumidor Especial,SUDESTE,12.0,4.200183
202407.0,2024-07-22,56477.0,BARKI JACAREPAGUA CE SE,Consumidor Especial,SUDESTE,12.0,4.200183
,2024-07-22,,BARKI JACAREPAGUA CE SE,,,12.0,4.200183
202407.0,2024-07-23,56477.0,BARKI JACAREPAGUA CE SE,Consumidor Especial,SUDESTE,12.0,4.313026
202407.0,2024-07-23,56477.0,BARKI JACAREPAGUA CE SE,Consumidor Especial,SUDESTE,12.0,4.313026
,2024-07-23,,BARKI JACAREPAGUA CE SE,,,12.0,4.313026
202407.0,2024-07-24,56477.0,BARKI JACAREPAGUA CE SE,Consumidor Especial,SUDESTE,12.0,4.201838
202407.0,2024-07-24,56477.0,BARKI JACAREPAGUA CE SE,Consumidor Especial,SUDESTE,12.0,4.201838
,2024-07-24,,BARKI JACAREPAGUA CE SE,,,12.0,4.201838
202407.0,2024-07-25,56477.0,BARKI JACAREPAGUA CE SE,Consumidor Especial,SUDESTE,12.0,4.420213
202407.0,2024-07-25,56477.0,BARKI JACAREPAGUA CE SE,Consumidor Especial,SUDESTE,12.0,4.420213
,2024-07-25,,BARKI JACAREPAGUA CE SE,,,12.0,4.420213
202407.0,2024-07-26,56477.0,BARKI JACAREPAGUA CE SE,Consumidor Especial,SUDESTE,12.0,4.169023
202407.0,2024-07-26,56477.0,BARKI JACAREPAGUA CE SE,Consumidor Especial,SUDESTE,12.0,4.169023
,2024-07-26,,BARKI JACAREPAGUA CE SE,,,12.0,4.169023
202407.0,2024-07-27,56477.0,BARKI JACAREPAGUA CE SE,Consumidor Especial,SUDESTE,12.0,2.884343
202407.0,2024-07-27,56477.0,BARKI JACAREPAGUA CE SE,Consumidor Especial,SUDESTE,12.0,2.884343
,2024-07-27,,BARKI JACAREPAGUA CE SE,,,12.0,2.884343
202407.0,2024-07-28,56477.0,BARKI JACAREPAGUA CE SE,Consumidor Especial,SUDESTE,12.0,2.662296
202407.0,2024-07-28,56477.0,BARKI JACAREPAGUA CE SE,Consumidor Especial,SUDESTE,12.0,2.662296
,2024-07-28,,BARKI JACAREPAGUA CE SE,,,12.0,2.662296
202407.0,2024-07-29,56477.0,BARKI JACAREPAGUA CE SE,Consumidor Especial,SUDESTE,12.0,4.376863
202407.0,2024-07-29,56477.0,BARKI JACAREPAGUA CE SE,Consumidor Especial,SUDESTE,12.0,4.376863
,2024-07-29,,BARKI JACAREPAGUA CE SE,,,12.0,4.376863
202407.0,2024-07-30,56477.0,BARKI JACAREPAGUA CE SE,Consumidor Especial,SUDESTE,12.0,4.161907
202407.0,2024-07-30,56477.0,BARKI JACAREPAGUA CE SE,Consumidor Especial,SUDESTE,12.0,4.161907
,2024-07-30,,BARKI JACAREPAGUA CE SE,,,12.0,4.161907
202407.0,2024-07-31,56477.0,BARKI JACAREPAGUA CE SE,Consumidor Especial,SUDESTE,12.0,4.467835
202407.0,2024-07-31,56477.0,BARKI JACAREPAGUA CE SE,Consumidor Especial,SUDESTE,12.0,4.467835
,2024-07-31,,BARKI JACAREPAGUA CE SE,,,12.0,4.467835
202408.0,2024-08-01,56477.0,BARKI JACAREPAGUA CE SE,Consumidor Especial,SUDESTE,12.0,4.695758
202408.0,2024-08-01,56477.0,BARKI JACAREPAGUA CE SE,Consumidor Especial,SUDESTE,12.0,4.695758
,2024-08-01,,BARKI JACAREPAGUA CE SE,,,12.0,4.695758
202408.0,2024-08-02,56477.0,BARKI JACAREPAGUA CE SE,Consumidor Especial,SUDESTE,12.0,4.615921
202408.0,2024-08-02,56477.0,BARKI JACAREPAGUA CE SE,Consumidor Especial,SUDESTE,12.0,4.615921
,2024-08-02,,BARKI JACAREPAGUA CE SE,,,12.0,4.615921
202408.0,2024-08-03,56477.0,BARKI JACAREPAGUA CE SE,Consumidor Especial,SUDESTE,12.0,3.105906
202408.0,2024-08-03,56477.0,BARKI JACAREPAGUA CE SE,Consumidor Especial,SUDESTE,12.0,3.105906
,2024-08-03,,BARKI JACAREPAGUA CE SE,,,12.0,3.105906
202408.0,2024-08-04,56477.0,BARKI JACAREPAGUA CE SE,Consumidor Especial,SUDESTE,12.0,2.860484
202408.0,2024-08-04,56477.0,BARKI JACAREPAGUA CE SE,Consumidor Especial,SUDESTE,12.0,2.860484
,2024-08-04,,BARKI JACAREPAGUA CE SE,,,12.0,2.860484
202408.0,2024-08-05,56477.0,BARKI JACAREPAGUA CE SE,Consumidor Especial,SUDESTE,12.0,5.618192
202408.0,2024-08-05,56477.0,BARKI JACAREPAGUA CE SE,Consumidor Especial,SUDESTE,12.0,5.618192
,2024-08-05,,BARKI JACAREPAGUA CE SE,,,12.0,5.618192
202408.0,2024-08-06,56477.0,BARKI JACAREPAGUA CE SE,Consumidor Especial,SUDESTE,12.0,5.458858
202408.0,2024-08-06,56477.0,BARKI JACAREPAGUA CE SE,Consumidor Especial,SUDESTE,12.0,5.458858
,2024-08-06,,BARKI JACAREPAGUA CE SE,,,12.0,5.458858
202408.0,2024-08-07,56477.0,BARKI JACAREPAGUA CE SE,Consumidor Especial,SUDESTE,12.0,5.770782
202408.0,2024-08-07,56477.0,BARKI JACAREPAGUA CE SE,Consumidor Especial,SUDESTE,12.0,5.770782
,2024-08-07,,BARKI JACAREPAGUA CE SE,,,12.0,5.770782
202408.0,2024-08-08,56477.0,BARKI JACAREPAGUA CE SE,Consumidor Especial,SUDESTE,12.0,6.053415
202408.0,2024-08-08,56477.0,BARKI JACAREPAGUA CE SE,Consumidor Especial,SUDESTE,12.0,6.053415
,2024-08-08,,BARKI JACAREPAGUA CE SE,,,12.0,6.053415
202408.0,2024-08-09,56477.0,BARKI JACAREPAGUA CE SE,Consumidor Especial,SUDESTE,12.0,4.981483
202408.0,2024-08-09,56477.0,BARKI JACAREPAGUA CE SE,Consumidor Especial,SUDESTE,12.0,4.981483
,2024-08-09,,BARKI JACAREPAGUA CE SE,,,12.0,4.981483
202408.0,2024-08-10,56477.0,BARKI JACAREPAGUA CE SE,Consumidor Especial,SUDESTE,12.0,3.029143
202408.0,2024-08-10,56477.0,BARKI JACAREPAGUA CE SE,Consumidor Especial,SUDESTE,12.0,3.029143
,2024-08-10,,BARKI JACAREPAGUA CE SE,,,12.0,3.029143
202408.0,2024-08-11,56477.0,BARKI JACAREPAGUA CE SE,Consumidor Especial,SUDESTE,12.0,2.66494
202408.0,2024-08-11,56477.0,BARKI JACAREPAGUA CE SE,Consumidor Especial,SUDESTE,12.0,2.66494
,2024-08-11,,BARKI JACAREPAGUA CE SE,,,12.0,2.66494
202408.0,2024-08-12,56477.0,BARKI JACAREPAGUA CE SE,Consumidor Especial,SUDESTE,12.0,4.102044
202408.0,2024-08-12,56477.0,BARKI JACAREPAGUA CE SE,Consumidor Especial,SUDESTE,12.0,4.102044
,2024-08-12,,BARKI JACAREPAGUA CE SE,,,12.0,4.102044
202408.0,2024-08-13,56477.0,BARKI JACAREPAGUA CE SE,Consumidor Especial,SUDESTE,12.0,3.849957
202408.0,2024-08-13,56477.0,BARKI JACAREPAGUA CE SE,Consumidor Especial,SUDESTE,12.0,3.849957
,2024-08-13,,BARKI JACAREPAGUA CE SE,,,12.0,3.849957
202408.0,2024-08-14,56477.0,BARKI JACAREPAGUA CE SE,Consumidor Especial,SUDESTE,12.0,3.986257
202408.0,2024-08-14,56477.0,BARKI JACAREPAGUA CE SE,Consumidor Especial,SUDESTE,12.0,3.986257
,2024-08-14,,BARKI JACAREPAGUA CE SE,,,12.0,3.986257
202408.0,2024-08-15,56477.0,BARKI JACAREPAGUA CE SE,Consumidor Especial,SUDESTE,12.0,4.388515
202408.0,2024-08-15,56477.0,BARKI JACAREPAGUA CE SE,Consumidor Especial,SUDESTE,12.0,4.388515
,2024-08-15,,BARKI JACAREPAGUA CE SE,,,12.0,4.388515
202408.0,2024-08-16,56477.0,BARKI JACAREPAGUA CE SE,Consumidor Especial,SUDESTE,12.0,4.936786
202408.0,2024-08-16,56477.0,BARKI JACAREPAGUA CE SE,Consumidor Especial,SUDESTE,12.0,4.936786
,2024-08-16,,BARKI JACAREPAGUA CE SE,,,12.0,4.936786
202408.0,2024-08-17,56477.0,BARKI JACAREPAGUA CE SE,Consumidor Especial,SUDESTE,12.0,3.240696
202408.0,2024-08-17,56477.0,BARKI JACAREPAGUA CE SE,Consumidor Especial,SUDESTE,12.0,3.240696
,2024-08-17,,BARKI JACAREPAGUA CE SE,,,12.0,3.240696
202408.0,2024-08-18,56477.0,BARKI JACAREPAGUA CE SE,Consumidor Especial,SUDESTE,12.0,2.566004
202408.0,2024-08-18,56477.0,BARKI JACAREPAGUA CE SE,Consumidor Especial,SUDESTE,12.0,2.566004
,2024-08-18,,BARKI JACAREPAGUA CE SE,,,12.0,2.566004
202408.0,2024-08-19,56477.0,BARKI JACAREPAGUA CE SE,Consumidor Especial,SUDESTE,12.0,5.412657
202408.0,2024-08-19,56477.0,BARKI JACAREPAGUA CE SE,Consumidor Especial,SUDESTE,12.0,5.412657
,2024-08-19,,BARKI JACAREPAGUA CE SE,,,12.0,5.412657
202408.0,2024-08-20,56477.0,BARKI JACAREPAGUA CE SE,Consumidor Especial,SUDESTE,12.0,5.301465
202408.0,2024-08-20,56477.0,BARKI JACAREPAGUA CE SE,Consumidor Especial,SUDESTE,12.0,5.301465
,2024-08-20,,BARKI JACAREPAGUA CE SE,,,12.0,5.301465
202408.0,2024-08-21,56477.0,BARKI JACAREPAGUA CE SE,Consumidor Especial,SUDESTE,12.0,5.211523
202408.0,2024-08-21,56477.0,BARKI JACAREPAGUA CE SE,Consumidor Especial,SUDESTE,12.0,5.211523
,2024-08-21,,BARKI JACAREPAGUA CE SE,,,12.0,5.211523
202408.0,2024-08-22,56477.0,BARKI JACAREPAGUA CE SE,Consumidor Especial,SUDESTE,12.0,5.642935
202408.0,2024-08-22,56477.0,BARKI JACAREPAGUA CE SE,Consumidor Especial,SUDESTE,12.0,5.642935
,2024-08-22,,BARKI JACAREPAGUA CE SE,,,12.0,5.642935
202408.0,2024-08-23,56477.0,BARKI JACAREPAGUA CE SE,Consumidor Especial,SUDESTE,12.0,5.918786
202408.0,2024-08-23,56477.0,BARKI JACAREPAGUA CE SE,Consumidor Especial,SUDESTE,12.0,5.918786
,2024-08-23,,BARKI JACAREPAGUA CE SE,,,12.0,5.918786
202408.0,2024-08-24,56477.0,BARKI JACAREPAGUA CE SE,Consumidor Especial,SUDESTE,12.0,3.457117
202408.0,2024-08-24,56477.0,BARKI JACAREPAGUA CE SE,Consumidor Especial,SUDESTE,12.0,3.457117
,2024-08-24,,BARKI JACAREPAGUA CE SE,,,12.0,3.457117
202408.0,2024-08-25,56477.0,BARKI JACAREPAGUA CE SE,Consumidor Especial,SUDESTE,12.0,2.738583
202408.0,2024-08-25,56477.0,BARKI JACAREPAGUA CE SE,Consumidor Especial,SUDESTE,12.0,2.738583
,2024-08-25,,BARKI JACAREPAGUA CE SE,,,12.0,2.738583
202408.0,2024-08-26,56477.0,BARKI JACAREPAGUA CE SE,Consumidor Especial,SUDESTE,12.0,3.706059
202408.0,2024-08-26,56477.0,BARKI JACAREPAGUA CE SE,Consumidor Especial,SUDESTE,12.0,3.706059
,2024-08-26,,BARKI JACAREPAGUA CE SE,,,12.0,3.706059
202408.0,2024-08-27,56477.0,BARKI JACAREPAGUA CE SE,Consumidor Especial,SUDESTE,12.0,4.000528
202408.0,2024-08-27,56477.0,BARKI JACAREPAGUA CE SE,Consumidor Especial,SUDESTE,12.0,4.000528
,2024-08-27,,BARKI JACAREPAGUA CE SE,,,12.0,4.000528
202408.0,2024-08-28,56477.0,BARKI JACAREPAGUA CE SE,Consumidor Especial,SUDESTE,12.0,4.212723
202408.0,2024-08-28,56477.0,BARKI JACAREPAGUA CE SE,Consumidor Especial,SUDESTE,12.0,4.212723
,2024-08-28,,BARKI JACAREPAGUA CE SE,,,12.0,4.212723
202408.0,2024-08-29,56477.0,BARKI JACAREPAGUA CE SE,Consumidor Especial,SUDESTE,12.0,4.622634
202408.0,2024-08-29,56477.0,BARKI JACAREPAGUA CE SE,Consumidor Especial,SUDESTE,12.0,4.622634
,2024-08-29,,BARKI JACAREPAGUA CE SE,,,12.0,4.622634
202408.0,2024-08-30,56477.0,BARKI JACAREPAGUA CE SE,Consumidor Especial,SUDESTE,12.0,4.699235
202408.0,2024-08-30,56477.0,BARKI JACAREPAGUA CE SE,Consumidor Especial,SUDESTE,12.0,4.699235
,2024-08-30,,BARKI JACAREPAGUA CE SE,,,12.0,4.699235
202408.0,2024-08-31,56477.0,BARKI JACAREPAGUA CE SE,Consumidor Especial,SUDESTE,12.0,3.201841
202408.0,2024-08-31,56477.0,BARKI JACAREPAGUA CE SE,Consumidor Especial,SUDESTE,12.0,3.201841
,2024-08-31,,BARKI JACAREPAGUA CE SE,,,12.0,3.201841
202409.0,2024-09-01,56477.0,BARKI JACAREPAGUA CE SE,Consumidor Especial,SUDESTE,12.0,2.736456
202409.0,2024-09-01,56477.0,BARKI JACAREPAGUA CE SE,Consumidor Especial,SUDESTE,12.0,2.736456
,2024-09-01,,BARKI JACAREPAGUA CE SE,,,12.0,2.736456
202409.0,2024-09-02,56477.0,BARKI JACAREPAGUA CE SE,Consumidor Especial,SUDESTE,12.0,4.962763
202409.0,2024-09-02,56477.0,BARKI JACAREPAGUA CE SE,Consumidor Especial,SUDESTE,12.0,4.962763
,2024-09-02,,BARKI JACAREPAGUA CE SE,,,12.0,4.962763
202409.0,2024-09-03,56477.0,BARKI JACAREPAGUA CE SE,Consumidor Especial,SUDESTE,12.0,4.921714
202409.0,2024-09-03,56477.0,BARKI JACAREPAGUA CE SE,Consumidor Especial,SUDESTE,12.0,4.921714
,2024-09-03,,BARKI JACAREPAGUA CE SE,,,12.0,4.921714
202409.0,2024-09-04,56477.0,BARKI JACAREPAGUA CE SE,Consumidor Especial,SUDESTE,12.0,5.245858
202409.0,2024-09-04,56477.0,BARKI JACAREPAGUA CE SE,Consumidor Especial,SUDESTE,12.0,5.245858
,2024-09-04,,BARKI JACAREPAGUA CE SE,,,12.0,5.245858
202409.0,2024-09-05,56477.0,BARKI JACAREPAGUA CE SE,Consumidor Especial,SUDESTE,12.0,5.275111
202409.0,2024-09-05,56477.0,BARKI JACAREPAGUA CE SE,Consumidor Especial,SUDESTE,12.0,5.275111
,2024-09-05,,BARKI JACAREPAGUA CE SE,,,12.0,5.275111
202409.0,2024-09-06,56477.0,BARKI JACAREPAGUA CE SE,Consumidor Especial,SUDESTE,12.0,4.543026
202409.0,2024-09-06,56477.0,BARKI JACAREPAGUA CE SE,Consumidor Especial,SUDESTE,12.0,4.543026
,2024-09-06,,BARKI JACAREPAGUA CE SE,,,12.0,4.543026
202409.0,2024-09-07,56477.0,BARKI JACAREPAGUA CE SE,Consumidor Especial,SUDESTE,12.0,3.058323
202409.0,2024-09-07,56477.0,BARKI JACAREPAGUA CE SE,Consumidor Especial,SUDESTE,12.0,3.058323
,2024-09-07,,BARKI JACAREPAGUA CE SE,,,12.0,3.058323
202409.0,2024-09-08,56477.0,BARKI JACAREPAGUA CE SE,Consumidor Especial,SUDESTE,12.0,2.913567
202409.0,2024-09-08,56477.0,BARKI JACAREPAGUA CE SE,Consumidor Especial,SUDESTE,12.0,2.913567
,2024-09-08,,BARKI JACAREPAGUA CE SE,,,12.0,2.913567
202409.0,2024-09-09,56477.0,BARKI JACAREPAGUA CE SE,Consumidor Especial,SUDESTE,12.0,5.836943
202409.0,2024-09-09,56477.0,BARKI JACAREPAGUA CE SE,Consumidor Especial,SUDESTE,12.0,5.836943
,2024-09-09,,BARKI JACAREPAGUA CE SE,,,12.0,5.836943
202409.0,2024-09-10,56477.0,BARKI JACAREPAGUA CE SE,Consumidor Especial,SUDESTE,12.0,5.782551
202409.0,2024-09-10,56477.0,BARKI JACAREPAGUA CE SE,Consumidor Especial,SUDESTE,12.0,5.782551
,2024-09-10,,BARKI JACAREPAGUA CE SE,,,12.0,5.782551
202409.0,2024-09-11,56477.0,BARKI JACAREPAGUA CE SE,Consumidor Especial,SUDESTE,12.0,6.272392
202409.0,2024-09-11,56477.0,BARKI JACAREPAGUA CE SE,Consumidor Especial,SUDESTE,12.0,6.272392
,2024-09-11,,BARKI JACAREPAGUA CE SE,,,12.0,6.272392
202409.0,2024-09-12,56477.0,BARKI JACAREPAGUA CE SE,Consumidor Especial,SUDESTE,12.0,6.501358
202409.0,2024-09-12,56477.0,BARKI JACAREPAGUA CE SE,Consumidor Especial,SUDESTE,12.0,6.501358
,2024-09-12,,BARKI JACAREPAGUA CE SE,,,12.0,6.501358
202409.0,2024-09-13,56477.0,BARKI JACAREPAGUA CE SE,Consumidor Especial,SUDESTE,12.0,6.051845
202409.0,2024-09-13,56477.0,BARKI JACAREPAGUA CE SE,Consumidor Especial,SUDESTE,12.0,6.051845
,2024-09-13,,BARKI JACAREPAGUA CE SE,,,12.0,6.051845
202409.0,2024-09-14,56477.0,BARKI JACAREPAGUA CE SE,Consumidor Especial,SUDESTE,12.0,3.465713
202409.0,2024-09-14,56477.0,BARKI JACAREPAGUA CE SE,Consumidor Especial,SUDESTE,12.0,3.465713
,2024-09-14,,BARKI JACAREPAGUA CE SE,,,12.0,3.465713
202409.0,2024-09-15,56477.0,BARKI JACAREPAGUA CE SE,Consumidor Especial,SUDESTE,12.0,2.8367
202409.0,2024-09-15,56477.0,BARKI JACAREPAGUA CE SE,Consumidor Especial,SUDESTE,12.0,2.8367
,2024-09-15,,BARKI JACAREPAGUA CE SE,,,12.0,2.8367
202409.0,2024-09-16,56477.0,BARKI JACAREPAGUA CE SE,Consumidor Especial,SUDESTE,12.0,5.401631
202409.0,2024-09-16,56477.0,BARKI JACAREPAGUA CE SE,Consumidor Especial,SUDESTE,12.0,5.401631
,2024-09-16,,BARKI JACAREPAGUA CE SE,,,12.0,5.401631
202409.0,2024-09-17,56477.0,BARKI JACAREPAGUA CE SE,Consumidor Especial,SUDESTE,12.0,4.650559
202409.0,2024-09-17,56477.0,BARKI JACAREPAGUA CE SE,Consumidor Especial,SUDESTE,12.0,4.650559
,2024-09-17,,BARKI JACAREPAGUA CE SE,,,12.0,4.650559
202409.0,2024-09-18,56477.0,BARKI JACAREPAGUA CE SE,Consumidor Especial,SUDESTE,12.0,4.802548
202409.0,2024-09-18,56477.0,BARKI JACAREPAGUA CE SE,Consumidor Especial,SUDESTE,12.0,4.802548
,2024-09-18,,BARKI JACAREPAGUA CE SE,,,12.0,4.802548
202409.0,2024-09-19,56477.0,BARKI JACAREPAGUA CE SE,Consumidor Especial,SUDESTE,12.0,5.285256
202409.0,2024-09-19,56477.0,BARKI JACAREPAGUA CE SE,Consumidor Especial,SUDESTE,12.0,5.285256
,2024-09-19,,BARKI JACAREPAGUA CE SE,,,12.0,5.285256
202409.0,2024-09-20,56477.0,BARKI JACAREPAGUA CE SE,Consumidor Especial,SUDESTE,12.0,5.604908
202409.0,2024-09-20,56477.0,BARKI JACAREPAGUA CE SE,Consumidor Especial,SUDESTE,12.0,5.604908
,2024-09-20,,BARKI JACAREPAGUA CE SE,,,12.0,5.604908
202409.0,2024-09-21,56477.0,BARKI JACAREPAGUA CE SE,Consumidor Especial,SUDESTE,12.0,3.429536
202409.0,2024-09-21,56477.0,BARKI JACAREPAGUA CE SE,Consumidor Especial,SUDESTE,12.0,3.429536
,2024-09-21,,BARKI JACAREPAGUA CE SE,,,12.0,3.429536
202409.0,2024-09-22,56477.0,BARKI JACAREPAGUA CE SE,Consumidor Especial,SUDESTE,12.0,2.901359
202409.0,2024-09-22,56477.0,BARKI JACAREPAGUA CE SE,Consumidor Especial,SUDESTE,12.0,2.901359
,2024-09-22,,BARKI JACAREPAGUA CE SE,,,12.0,2.901359
202409.0,2024-09-23,56477.0,BARKI JACAREPAGUA CE SE,Consumidor Especial,SUDESTE,12.0,6.071159
202409.0,2024-09-23,56477.0,BARKI JACAREPAGUA CE SE,Consumidor Especial,SUDESTE,12.0,6.071159
,2024-09-23,,BARKI JACAREPAGUA CE SE,,,12.0,6.071159
202409.0,2024-09-24,56477.0,BARKI JACAREPAGUA CE SE,Consumidor Especial,SUDESTE,12.0,6.113071
202409.0,2024-09-24,56477.0,BARKI JACAREPAGUA CE SE,Consumidor Especial,SUDESTE,12.0,6.113071
,2024-09-24,,BARKI JACAREPAGUA CE SE,,,12.0,6.113071
202409.0,2024-09-25,56477.0,BARKI JACAREPAGUA CE SE,Consumidor Especial,SUDESTE,12.0,6.408495
202409.0,2024-09-25,56477.0,BARKI JACAREPAGUA CE SE,Consumidor Especial,SUDESTE,12.0,6.408495
,2024-09-25,,BARKI JACAREPAGUA CE SE,,,12.0,6.408495
202409.0,2024-09-26,56477.0,BARKI JACAREPAGUA CE SE,Consumidor Especial,SUDESTE,12.0,6.525124
202409.0,2024-09-26,56477.0,BARKI JACAREPAGUA CE SE,Consumidor Especial,SUDESTE,12.0,6.525124
,2024-09-26,,BARKI JACAREPAGUA CE SE,,,12.0,6.525124
202409.0,2024-09-27,56477.0,BARKI JACAREPAGUA CE SE,Consumidor Especial,SUDESTE,12.0,5.635164
202409.0,2024-09-27,56477.0,BARKI JACAREPAGUA CE SE,Consumidor Especial,SUDESTE,12.0,5.635164
,2024-09-27,,BARKI JACAREPAGUA CE SE,,,12.0,5.635164
202409.0,2024-09-28,56477.0,BARKI JACAREPAGUA CE SE,Consumidor Especial,SUDESTE,12.0,3.27068
202409.0,2024-09-28,56477.0,BARKI JACAREPAGUA CE SE,Consumidor Especial,SUDESTE,12.0,3.27068
,2024-09-28,,BARKI JACAREPAGUA CE SE,,,12.0,3.27068
202409.0,2024-09-29,56477.0,BARKI JACAREPAGUA CE SE,Consumidor Especial,SUDESTE,12.0,2.656963
202409.0,2024-09-29,56477.0,BARKI JACAREPAGUA CE SE,Consumidor Especial,SUDESTE,12.0,2.656963
,2024-09-29,,BARKI JACAREPAGUA CE SE,,,12.0,2.656963
202409.0,2024-09-30,56477.0,BARKI JACAREPAGUA CE SE,Consumidor Especial,SUDESTE,12.0,5.871896
202409.0,2024-09-30,56477.0,BARKI JACAREPAGUA CE SE,Consumidor Especial,SUDESTE,12.0,5.871896
,2024-09-30,,BARKI JACAREPAGUA CE SE,,,12.0,5.871896
202410.0,2024-10-01,56477.0,BARKI JACAREPAGUA CE SE,Consumidor Especial,SUDESTE,12.0,6.62337
202410.0,2024-10-01,56477.0,BARKI JACAREPAGUA CE SE,Consumidor Especial,SUDESTE,12.0,6.62337
,2024-10-01,,BARKI JACAREPAGUA CE SE,,,12.0,6.62337
202410.0,2024-10-02,56477.0,BARKI JACAREPAGUA CE SE,Consumidor Especial,SUDESTE,12.0,6.507202
202410.0,2024-10-02,56477.0,BARKI JACAREPAGUA CE SE,Consumidor Especial,SUDESTE,12.0,6.507202
,2024-10-02,,BARKI JACAREPAGUA CE SE,,,12.0,6.507202
202410.0,2024-10-03,56477.0,BARKI JACAREPAGUA CE SE,Consumidor Especial,SUDESTE,12.0,5.528231
202410.0,2024-10-03,56477.0,BARKI JACAREPAGUA CE SE,Consumidor Especial,SUDESTE,12.0,5.528231
,2024-10-03,,BARKI JACAREPAGUA CE SE,,,12.0,5.528231
202410.0,2024-10-04,56477.0,BARKI JACAREPAGUA CE SE,Consumidor Especial,SUDESTE,12.0,4.557123
202410.0,2024-10-04,56477.0,BARKI JACAREPAGUA CE SE,Consumidor Especial,SUDESTE,12.0,4.557123
,2024-10-04,,BARKI JACAREPAGUA CE SE,,,12.0,4.557123
202410.0,2024-10-05,56477.0,BARKI JACAREPAGUA CE SE,Consumidor Especial,SUDESTE,12.0,3.178538
202410.0,2024-10-05,56477.0,BARKI JACAREPAGUA CE SE,Consumidor Especial,SUDESTE,12.0,3.178538
,2024-10-05,,BARKI JACAREPAGUA CE SE,,,12.0,3.178538
202410.0,2024-10-06,56477.0,BARKI JACAREPAGUA CE SE,Consumidor Especial,SUDESTE,12.0,2.761747
202410.0,2024-10-06,56477.0,BARKI JACAREPAGUA CE SE,Consumidor Especial,SUDESTE,12.0,2.761747
,2024-10-06,,BARKI JACAREPAGUA CE SE,,,12.0,2.761747
202410.0,2024-10-07,56477.0,BARKI JACAREPAGUA CE SE,Consumidor Especial,SUDESTE,12.0,5.130245
202410.0,2024-10-07,56477.0,BARKI JACAREPAGUA CE SE,Consumidor Especial,SUDESTE,12.0,5.130245
,2024-10-07,,BARKI JACAREPAGUA CE SE,,,12.0,5.130245
202410.0,2024-10-08,56477.0,BARKI JACAREPAGUA CE SE,Consumidor Especial,SUDESTE,12.0,5.293423
202410.0,2024-10-08,56477.0,BARKI JACAREPAGUA CE SE,Consumidor Especial,SUDESTE,12.0,5.293423
,2024-10-08,,BARKI JACAREPAGUA CE SE,,,12.0,5.293423
202410.0,2024-10-09,56477.0,BARKI JACAREPAGUA CE SE,Consumidor Especial,SUDESTE,12.0,5.237291
202410.0,2024-10-09,56477.0,BARKI JACAREPAGUA CE SE,Consumidor Especial,SUDESTE,12.0,5.237291
,2024-10-09,,BARKI JACAREPAGUA CE SE,,,12.0,5.237291
202410.0,2024-10-10,56477.0,BARKI JACAREPAGUA CE SE,Consumidor Especial,SUDESTE,12.0,4.911372
202410.0,2024-10-10,56477.0,BARKI JACAREPAGUA CE SE,Consumidor Especial,SUDESTE,12.0,4.911372
,2024-10-10,,BARKI JACAREPAGUA CE SE,,,12.0,4.911372
202410.0,2024-10-11,56477.0,BARKI JACAREPAGUA CE SE,Consumidor Especial,SUDESTE,12.0,5.310721
202410.0,2024-10-11,56477.0,BARKI JACAREPAGUA CE SE,Consumidor Especial,SUDESTE,12.0,5.310721
,2024-10-11,,BARKI JACAREPAGUA CE SE,,,12.0,5.310721
202410.0,2024-10-12,56477.0,BARKI JACAREPAGUA CE SE,Consumidor Especial,SUDESTE,12.0,3.264752
202410.0,2024-10-12,56477.0,BARKI JACAREPAGUA CE SE,Consumidor Especial,SUDESTE,12.0,3.264752
,2024-10-12,,BARKI JACAREPAGUA CE SE,,,12.0,3.264752
202410.0,2024-10-13,56477.0,BARKI JACAREPAGUA CE SE,Consumidor Especial,SUDESTE,12.0,2.874362
202410.0,2024-10-13,56477.0,BARKI JACAREPAGUA CE SE,Consumidor Especial,SUDESTE,12.0,2.874362
,2024-10-13,,BARKI JACAREPAGUA CE SE,,,12.0,2.874362
202410.0,2024-10-14,56477.0,BARKI JACAREPAGUA CE SE,Consumidor Especial,SUDESTE,12.0,5.409635
202410.0,2024-10-14,56477.0,BARKI JACAREPAGUA CE SE,Consumidor Especial,SUDESTE,12.0,5.409635
,2024-10-14,,BARKI JACAREPAGUA CE SE,,,12.0,5.409635
202410.0,2024-10-15,56477.0,BARKI JACAREPAGUA CE SE,Consumidor Especial,SUDESTE,12.0,5.538478
202410.0,2024-10-15,56477.0,BARKI JACAREPAGUA CE SE,Consumidor Especial,SUDESTE,12.0,5.538478
,2024-10-15,,BARKI JACAREPAGUA CE SE,,,12.0,5.538478
202410.0,2024-10-16,56477.0,BARKI JACAREPAGUA CE SE,Consumidor Especial,SUDESTE,12.0,5.602995
202410.0,2024-10-16,56477.0,BARKI JACAREPAGUA CE SE,Consumidor Especial,SUDESTE,12.0,5.602995
,2024-10-16,,BARKI JACAREPAGUA CE SE,,,12.0,5.602995
202410.0,2024-10-17,56477.0,BARKI JACAREPAGUA CE SE,Consumidor Especial,SUDESTE,12.0,5.535853
202410.0,2024-10-17,56477.0,BARKI JACAREPAGUA CE SE,Consumidor Especial,SUDESTE,12.0,5.535853
,2024-10-17,,BARKI JACAREPAGUA CE SE,,,12.0,5.535853
202410.0,2024-10-18,56477.0,BARKI JACAREPAGUA CE SE,Consumidor Especial,SUDESTE,12.0,5.258677
202410.0,2024-10-18,56477.0,BARKI JACAREPAGUA CE SE,Consumidor Especial,SUDESTE,12.0,5.258677
,2024-10-18,,BARKI JACAREPAGUA CE SE,,,12.0,5.258677
202410.0,2024-10-19,56477.0,BARKI JACAREPAGUA CE SE,Consumidor Especial,SUDESTE,12.0,3.280521
202410.0,2024-10-19,56477.0,BARKI JACAREPAGUA CE SE,Consumidor Especial,SUDESTE,12.0,3.280521
,2024-10-19,,BARKI JACAREPAGUA CE SE,,,12.0,3.280521
202410.0,2024-10-20,56477.0,BARKI JACAREPAGUA CE SE,Consumidor Especial,SUDESTE,12.0,2.890196
202410.0,2024-10-20,56477.0,BARKI JACAREPAGUA CE SE,Consumidor Especial,SUDESTE,12.0,2.890196
,2024-10-20,,BARKI JACAREPAGUA CE SE,,,12.0,2.890196
202410.0,2024-10-21,56477.0,BARKI JACAREPAGUA CE SE,Consumidor Especial,SUDESTE,12.0,4.15558
202410.0,2024-10-21,56477.0,BARKI JACAREPAGUA CE SE,Consumidor Especial,SUDESTE,12.0,4.15558
,2024-10-21,,BARKI JACAREPAGUA CE SE,,,12.0,4.15558
202410.0,2024-10-22,56477.0,BARKI JACAREPAGUA CE SE,Consumidor Especial,SUDESTE,12.0,6.023807
202410.0,2024-10-22,56477.0,BARKI JACAREPAGUA CE SE,Consumidor Especial,SUDESTE,12.0,6.023807
,2024-10-22,,BARKI JACAREPAGUA CE SE,,,12.0,6.023807
202410.0,2024-10-23,56477.0,BARKI JACAREPAGUA CE SE,Consumidor Especial,SUDESTE,12.0,6.339226
202410.0,2024-10-23,56477.0,BARKI JACAREPAGUA CE SE,Consumidor Especial,SUDESTE,12.0,6.339226
,2024-10-23,,BARKI JACAREPAGUA CE SE,,,12.0,6.339226
202410.0,2024-10-24,56477.0,BARKI JACAREPAGUA CE SE,Consumidor Especial,SUDESTE,12.0,6.23605
202410.0,2024-10-24,56477.0,BARKI JACAREPAGUA CE SE,Consumidor Especial,SUDESTE,12.0,6.23605
,2024-10-24,,BARKI JACAREPAGUA CE SE,,,12.0,6.23605
202410.0,2024-10-25,56477.0,BARKI JACAREPAGUA CE SE,Consumidor Especial,SUDESTE,12.0,6.244917
202410.0,2024-10-25,56477.0,BARKI JACAREPAGUA CE SE,Consumidor Especial,SUDESTE,12.0,6.244917
,2024-10-25,,BARKI JACAREPAGUA CE SE,,,12.0,6.244917
202410.0,2024-10-26,56477.0,BARKI JACAREPAGUA CE SE,Consumidor Especial,SUDESTE,12.0,3.596636
202410.0,2024-10-26,56477.0,BARKI JACAREPAGUA CE SE,Consumidor Especial,SUDESTE,12.0,3.596636
,2024-10-26,,BARKI JACAREPAGUA CE SE,,,12.0,3.596636
202410.0,2024-10-27,56477.0,BARKI JACAREPAGUA CE SE,Consumidor Especial,SUDESTE,12.0,2.936413
202410.0,2024-10-27,56477.0,BARKI JACAREPAGUA CE SE,Consumidor Especial,SUDESTE,12.0,2.936413
,2024-10-27,,BARKI JACAREPAGUA CE SE,,,12.0,2.936413
202410.0,2024-10-28,56477.0,BARKI JACAREPAGUA CE SE,Consumidor Especial,SUDESTE,12.0,4.818901
202410.0,2024-10-28,56477.0,BARKI JACAREPAGUA CE SE,Consumidor Especial,SUDESTE,12.0,4.818901
,2024-10-28,,BARKI JACAREPAGUA CE SE,,,12.0,4.818901
202410.0,2024-10-29,56477.0,BARKI JACAREPAGUA CE SE,Consumidor Especial,SUDESTE,12.0,5.096492
202410.0,2024-10-29,56477.0,BARKI JACAREPAGUA CE SE,Consumidor Especial,SUDESTE,12.0,5.096492
,2024-10-29,,BARKI JACAREPAGUA CE SE,,,12.0,5.096492
202410.0,2024-10-30,56477.0,BARKI JACAREPAGUA CE SE,Consumidor Especial,SUDESTE,12.0,5.29643
202410.0,2024-10-30,56477.0,BARKI JACAREPAGUA CE SE,Consumidor Especial,SUDESTE,12.0,5.29643
,2024-10-30,,BARKI JACAREPAGUA CE SE,,,12.0,5.29643
202410.0,2024-10-31,56477.0,BARKI JACAREPAGUA CE SE,Consumidor Especial,SUDESTE,12.0,5.670981
202410.0,2024-10-31,56477.0,BARKI JACAREPAGUA CE SE,Consumidor Especial,SUDESTE,12.0,5.670981
,2024-10-31,,BARKI JACAREPAGUA CE SE,,,12.0,5.670981
202411.0,2024-11-01,56477.0,BARKI JACAREPAGUA CE SE,Consumidor Especial,SUDESTE,12.0,5.496538
202411.0,2024-11-01,56477.0,BARKI JACAREPAGUA CE SE,Consumidor Especial,SUDESTE,12.0,5.496538
,2024-11-01,,BARKI JACAREPAGUA CE SE,,,12.0,5.496538
202411.0,2024-11-02,56477.0,BARKI JACAREPAGUA CE SE,Consumidor Especial,SUDESTE,12.0,3.39876
202411.0,2024-11-02,56477.0,BARKI JACAREPAGUA CE SE,Consumidor Especial,SUDESTE,12.0,3.39876
,2024-11-02,,BARKI JACAREPAGUA CE SE,,,12.0,3.39876
202411.0,2024-11-03,56477.0,BARKI JACAREPAGUA CE SE,Consumidor Especial,SUDESTE,12.0,3.009484
202411.0,2024-11-03,56477.0,BARKI JACAREPAGUA CE SE,Consumidor Especial,SUDESTE,12.0,3.009484
,2024-11-03,,BARKI JACAREPAGUA CE SE,,,12.0,3.009484
202411.0,2024-11-04,56477.0,BARKI JACAREPAGUA CE SE,Consumidor Especial,SUDESTE,12.0,5.872902
202411.0,2024-11-04,56477.0,BARKI JACAREPAGUA CE SE,Consumidor Especial,SUDESTE,12.0,5.872902
,2024-11-04,,BARKI JACAREPAGUA CE SE,,,12.0,5.872902
202411.0,2024-11-05,56477.0,BARKI JACAREPAGUA CE SE,Consumidor Especial,SUDESTE,12.0,6.316262
202411.0,2024-11-05,56477.0,BARKI JACAREPAGUA CE SE,Consumidor Especial,SUDESTE,12.0,6.316262
,2024-11-05,,BARKI JACAREPAGUA CE SE,,,12.0,6.316262
202411.0,2024-11-06,56477.0,BARKI JACAREPAGUA CE SE,Consumidor Especial,SUDESTE,12.0,6.644099
202411.0,2024-11-06,56477.0,BARKI JACAREPAGUA CE SE,Consumidor Especial,SUDESTE,12.0,6.644099
,2024-11-06,,BARKI JACAREPAGUA CE SE,,,12.0,6.644099
202411.0,2024-11-07,56477.0,BARKI JACAREPAGUA CE SE,Consumidor Especial,SUDESTE,12.0,6.817973
202411.0,2024-11-07,56477.0,BARKI JACAREPAGUA CE SE,Consumidor Especial,SUDESTE,12.0,6.817973
,2024-11-07,,BARKI JACAREPAGUA CE SE,,,12.0,6.817973
202411.0,2024-11-08,56477.0,BARKI JACAREPAGUA CE SE,Consumidor Especial,SUDESTE,12.0,6.091983
202411.0,2024-11-08,56477.0,BARKI JACAREPAGUA CE SE,Consumidor Especial,SUDESTE,12.0,6.091983
,2024-11-08,,BARKI JACAREPAGUA CE SE,,,12.0,6.091983
202411.0,2024-11-09,56477.0,BARKI JACAREPAGUA CE SE,Consumidor Especial,SUDESTE,12.0,3.448473
202411.0,2024-11-09,56477.0,BARKI JACAREPAGUA CE SE,Consumidor Especial,SUDESTE,12.0,3.448473
,2024-11-09,,BARKI JACAREPAGUA CE SE,,,12.0,3.448473
202411.0,2024-11-10,56477.0,BARKI JACAREPAGUA CE SE,Consumidor Especial,SUDESTE,12.0,2.986673
202411.0,2024-11-10,56477.0,BARKI JACAREPAGUA CE SE,Consumidor Especial,SUDESTE,12.0,2.986673
,2024-11-10,,BARKI JACAREPAGUA CE SE,,,12.0,2.986673
202411.0,2024-11-11,56477.0,BARKI JACAREPAGUA CE SE,Consumidor Especial,SUDESTE,12.0,6.050448
202411.0,2024-11-11,56477.0,BARKI JACAREPAGUA CE SE,Consumidor Especial,SUDESTE,12.0,6.050448
,2024-11-11,,BARKI JACAREPAGUA CE SE,,,12.0,6.050448
202411.0,2024-11-12,56477.0,BARKI JACAREPAGUA CE SE,Consumidor Especial,SUDESTE,12.0,6.535339
202411.0,2024-11-12,56477.0,BARKI JACAREPAGUA CE SE,Consumidor Especial,SUDESTE,12.0,6.535339
,2024-11-12,,BARKI JACAREPAGUA CE SE,,,12.0,6.535339
202411.0,2024-11-13,56477.0,BARKI JACAREPAGUA CE SE,Consumidor Especial,SUDESTE,12.0,5.01752
202411.0,2024-11-13,56477.0,BARKI JACAREPAGUA CE SE,Consumidor Especial,SUDESTE,12.0,5.01752
,2024-11-13,,BARKI JACAREPAGUA CE SE,,,12.0,5.01752
202411.0,2024-11-14,56477.0,BARKI JACAREPAGUA CE SE,Consumidor Especial,SUDESTE,12.0,4.758881
202411.0,2024-11-14,56477.0,BARKI JACAREPAGUA CE SE,Consumidor Especial,SUDESTE,12.0,4.758881
,2024-11-14,,BARKI JACAREPAGUA CE SE,,,12.0,4.758881
202411.0,2024-11-15,56477.0,BARKI JACAREPAGUA CE SE,Consumidor Especial,SUDESTE,12.0,3.153717
202411.0,2024-11-15,56477.0,BARKI JACAREPAGUA CE SE,Consumidor Especial,SUDESTE,12.0,3.153717
,2024-11-15,,BARKI JACAREPAGUA CE SE,,,12.0,3.153717
202411.0,2024-11-16,56477.0,BARKI JACAREPAGUA CE SE,Consumidor Especial,SUDESTE,12.0,3.248001
202411.0,2024-11-16,56477.0,BARKI JACAREPAGUA CE SE,Consumidor Especial,SUDESTE,12.0,3.248001
,2024-11-16,,BARKI JACAREPAGUA CE SE,,,12.0,3.248001
202411.0,2024-11-17,56477.0,BARKI JACAREPAGUA CE SE,Consumidor Especial,SUDESTE,12.0,3.083418
202411.0,2024-11-17,56477.0,BARKI JACAREPAGUA CE SE,Consumidor Especial,SUDESTE,12.0,3.083418
,2024-11-17,,BARKI JACAREPAGUA CE SE,,,12.0,3.083418
202411.0,2024-11-18,56477.0,BARKI JACAREPAGUA CE SE,Consumidor Especial,SUDESTE,12.0,5.703306
202411.0,2024-11-18,56477.0,BARKI JACAREPAGUA CE SE,Consumidor Especial,SUDESTE,12.0,5.703306
,2024-11-18,,BARKI JACAREPAGUA CE SE,,,12.0,5.703306
202411.0,2024-11-19,56477.0,BARKI JACAREPAGUA CE SE,Consumidor Especial,SUDESTE,12.0,5.264392
202411.0,2024-11-19,56477.0,BARKI JACAREPAGUA CE SE,Consumidor Especial,SUDESTE,12.0,5.264392
,2024-11-19,,BARKI JACAREPAGUA CE SE,,,12.0,5.264392
202411.0,2024-11-20,56477.0,BARKI JACAREPAGUA CE SE,Consumidor Especial,SUDESTE,12.0,1.477461
202411.0,2024-11-20,56477.0,BARKI JACAREPAGUA CE SE,Consumidor Especial,SUDESTE,12.0,1.477461
,2024-11-20,,BARKI JACAREPAGUA CE SE,,,12.0,1.477461
202411.0,2024-11-21,56477.0,BARKI JACAREPAGUA CE SE,Consumidor Especial,SUDESTE,12.0,5.717882
202411.0,2024-11-21,56477.0,BARKI JACAREPAGUA CE SE,Consumidor Especial,SUDESTE,12.0,5.717882
,2024-11-21,,BARKI JACAREPAGUA CE SE,,,12.0,5.717882
202411.0,2024-11-22,56477.0,BARKI JACAREPAGUA CE SE,Consumidor Especial,SUDESTE,12.0,5.082864
202411.0,2024-11-22,56477.0,BARKI JACAREPAGUA CE SE,Consumidor Especial,SUDESTE,12.0,5.082864
,2024-11-22,,BARKI JACAREPAGUA CE SE,,,12.0,5.082864
202411.0,2024-11-23,56477.0,BARKI JACAREPAGUA CE SE,Consumidor Especial,SUDESTE,12.0,3.056143
202411.0,2024-11-23,56477.0,BARKI JACAREPAGUA CE SE,Consumidor Especial,SUDESTE,12.0,3.056143
,2024-11-23,,BARKI JACAREPAGUA CE SE,,,12.0,3.056143
202411.0,2024-11-24,56477.0,BARKI JACAREPAGUA CE SE,Consumidor Especial,SUDESTE,12.0,2.84301
202411.0,2024-11-24,56477.0,BARKI JACAREPAGUA CE SE,Consumidor Especial,SUDESTE,12.0,2.84301
,2024-11-24,,BARKI JACAREPAGUA CE SE,,,12.0,2.84301
202411.0,2024-11-25,56477.0,BARKI JACAREPAGUA CE SE,Consumidor Especial,SUDESTE,12.0,5.744626
202411.0,2024-11-25,56477.0,BARKI JACAREPAGUA CE SE,Consumidor Especial,SUDESTE,12.0,5.744626
,2024-11-25,,BARKI JACAREPAGUA CE SE,,,12.0,5.744626
202411.0,2024-11-26,56477.0,BARKI JACAREPAGUA CE SE,Consumidor Especial,SUDESTE,12.0,6.243371
202411.0,2024-11-26,56477.0,BARKI JACAREPAGUA CE SE,Consumidor Especial,SUDESTE,12.0,6.243371
,2024-11-26,,BARKI JACAREPAGUA CE SE,,,12.0,6.243371
202411.0,2024-11-27,56477.0,BARKI JACAREPAGUA CE SE,Consumidor Especial,SUDESTE,12.0,7.069129
202411.0,2024-11-27,56477.0,BARKI JACAREPAGUA CE SE,Consumidor Especial,SUDESTE,12.0,7.069129
,2024-11-27,,BARKI JACAREPAGUA CE SE,,,12.0,7.069129
202411.0,2024-11-28,56477.0,BARKI JACAREPAGUA CE SE,Consumidor Especial,SUDESTE,12.0,7.593473
202411.0,2024-11-28,56477.0,BARKI JACAREPAGUA CE SE,Consumidor Especial,SUDESTE,12.0,7.593473
,2024-11-28,,BARKI JACAREPAGUA CE SE,,,12.0,7.593473
202411.0,2024-11-29,56477.0,BARKI JACAREPAGUA CE SE,Consumidor Especial,SUDESTE,12.0,6.204043
202411.0,2024-11-29,56477.0,BARKI JACAREPAGUA CE SE,Consumidor Especial,SUDESTE,12.0,6.204043
,2024-11-29,,BARKI JACAREPAGUA CE SE,,,12.0,6.204043
202411.0,2024-11-30,56477.0,BARKI JACAREPAGUA CE SE,Consumidor Especial,SUDESTE,12.0,3.560655
202411.0,2024-11-30,56477.0,BARKI JACAREPAGUA CE SE,Consumidor Especial,SUDESTE,12.0,3.560655
,2024-11-30,,BARKI JACAREPAGUA CE SE,,,12.0,3.560655
202412.0,2024-12-01,56477.0,BARKI JACAREPAGUA CE SE,Consumidor Especial,SUDESTE,12.0,3.008151
202412.0,2024-12-01,56477.0,BARKI JACAREPAGUA CE SE,Consumidor Especial,SUDESTE,12.0,3.008151
,2024-12-01,,BARKI JACAREPAGUA CE SE,,,12.0,3.008151
202412.0,2024-12-02,56477.0,BARKI JACAREPAGUA CE SE,Consumidor Especial,SUDESTE,12.0,7.081965
202412.0,2024-12-02,56477.0,BARKI JACAREPAGUA CE SE,Consumidor Especial,SUDESTE,12.0,7.081965
,2024-12-02,,BARKI JACAREPAGUA CE SE,,,12.0,7.081965
202412.0,2024-12-03,56477.0,BARKI JACAREPAGUA CE SE,Consumidor Especial,SUDESTE,12.0,6.434501
202412.0,2024-12-03,56477.0,BARKI JACAREPAGUA CE SE,Consumidor Especial,SUDESTE,12.0,6.434501
,2024-12-03,,BARKI JACAREPAGUA CE SE,,,12.0,6.434501
202412.0,2024-12-04,56477.0,BARKI JACAREPAGUA CE SE,Consumidor Especial,SUDESTE,12.0,5.349307
202412.0,2024-12-04,56477.0,BARKI JACAREPAGUA CE SE,Consumidor Especial,SUDESTE,12.0,5.349307
,2024-12-04,,BARKI JACAREPAGUA CE SE,,,12.0,5.349307
202412.0,2024-12-05,56477.0,BARKI JACAREPAGUA CE SE,Consumidor Especial,SUDESTE,12.0,5.295497
202412.0,2024-12-05,56477.0,BARKI JACAREPAGUA CE SE,Consumidor Especial,SUDESTE,12.0,5.295497
,2024-12-05,,BARKI JACAREPAGUA CE SE,,,12.0,5.295497
202412.0,2024-12-06,56477.0,BARKI JACAREPAGUA CE SE,Consumidor Especial,SUDESTE,12.0,6.648136
202412.0,2024-12-06,56477.0,BARKI JACAREPAGUA CE SE,Consumidor Especial,SUDESTE,12.0,6.648136
,2024-12-06,,BARKI JACAREPAGUA CE SE,,,12.0,6.648136
202412.0,2024-12-07,56477.0,BARKI JACAREPAGUA CE SE,Consumidor Especial,SUDESTE,12.0,2.119641
202412.0,2024-12-07,56477.0,BARKI JACAREPAGUA CE SE,Consumidor Especial,SUDESTE,12.0,2.119641
,2024-12-07,,BARKI JACAREPAGUA CE SE,,,12.0,2.119641
202412.0,2024-12-08,56477.0,BARKI JACAREPAGUA CE SE,Consumidor Especial,SUDESTE,12.0,3.264549
202412.0,2024-12-08,56477.0,BARKI JACAREPAGUA CE SE,Consumidor Especial,SUDESTE,12.0,3.264549
,2024-12-08,,BARKI JACAREPAGUA CE SE,,,12.0,3.264549
202412.0,2024-12-09,56477.0,BARKI JACAREPAGUA CE SE,Consumidor Especial,SUDESTE,12.0,6.844052
202412.0,2024-12-09,56477.0,BARKI JACAREPAGUA CE SE,Consumidor Especial,SUDESTE,12.0,6.844052
,2024-12-09,,BARKI JACAREPAGUA CE SE,,,12.0,6.844052
202412.0,2024-12-10,56477.0,BARKI JACAREPAGUA CE SE,Consumidor Especial,SUDESTE,12.0,6.713322
202412.0,2024-12-10,56477.0,BARKI JACAREPAGUA CE SE,Consumidor Especial,SUDESTE,12.0,6.713322
,2024-12-10,,BARKI JACAREPAGUA CE SE,,,12.0,6.713322
202412.0,2024-12-11,56477.0,BARKI JACAREPAGUA CE SE,Consumidor Especial,SUDESTE,12.0,6.077131
202412.0,2024-12-11,56477.0,BARKI JACAREPAGUA CE SE,Consumidor Especial,SUDESTE,12.0,6.077131
,2024-12-11,,BARKI JACAREPAGUA CE SE,,,12.0,6.077131
202412.0,2024-12-12,56477.0,BARKI JACAREPAGUA CE SE,Consumidor Especial,SUDESTE,12.0,6.149704
202412.0,2024-12-12,56477.0,BARKI JACAREPAGUA CE SE,Consumidor Especial,SUDESTE,12.0,6.149704
,2024-12-12,,BARKI JACAREPAGUA CE SE,,,12.0,6.149704
202412.0,2024-12-13,56477.0,BARKI JACAREPAGUA CE SE,Consumidor Especial,SUDESTE,12.0,6.0495
202412.0,2024-12-13,56477.0,BARKI JACAREPAGUA CE SE,Consumidor Especial,SUDESTE,12.0,6.0495
,2024-12-13,,BARKI JACAREPAGUA CE SE,,,12.0,6.0495
202412.0,2024-12-14,56477.0,BARKI JACAREPAGUA CE SE,Consumidor Especial,SUDESTE,12.0,3.672867
202412.0,2024-12-14,56477.0,BARKI JACAREPAGUA CE SE,Consumidor Especial,SUDESTE,12.0,3.672867
,2024-12-14,,BARKI JACAREPAGUA CE SE,,,12.0,3.672867
202412.0,2024-12-15,56477.0,BARKI JACAREPAGUA CE SE,Consumidor Especial,SUDESTE,12.0,3.242689
202412.0,2024-12-15,56477.0,BARKI JACAREPAGUA CE SE,Consumidor Especial,SUDESTE,12.0,3.242689
,2024-12-15,,BARKI JACAREPAGUA CE SE,,,12.0,3.242689
202412.0,2024-12-16,56477.0,BARKI JACAREPAGUA CE SE,Consumidor Especial,SUDESTE,12.0,7.040431
202412.0,2024-12-16,56477.0,BARKI JACAREPAGUA CE SE,Consumidor Especial,SUDESTE,12.0,7.040431
,2024-12-16,,BARKI JACAREPAGUA CE SE,,,12.0,7.040431
202412.0,2024-12-17,56477.0,BARKI JACAREPAGUA CE SE,Consumidor Especial,SUDESTE,12.0,6.4924
202412.0,2024-12-17,56477.0,BARKI JACAREPAGUA CE SE,Consumidor Especial,SUDESTE,12.0,6.4924
,2024-12-17,,BARKI JACAREPAGUA CE SE,,,12.0,6.4924
202412.0,2024-12-18,56477.0,BARKI JACAREPAGUA CE SE,Consumidor Especial,SUDESTE,12.0,5.980705
202412.0,2024-12-18,56477.0,BARKI JACAREPAGUA CE SE,Consumidor Especial,SUDESTE,12.0,5.980705
,2024-12-18,,BARKI JACAREPAGUA CE SE,,,12.0,5.980705
202412.0,2024-12-19,56477.0,BARKI JACAREPAGUA CE SE,Consumidor Especial,SUDESTE,12.0,6.364535
202412.0,2024-12-19,56477.0,BARKI JACAREPAGUA CE SE,Consumidor Especial,SUDESTE,12.0,6.364535
,2024-12-19,,BARKI JACAREPAGUA CE SE,,,12.0,6.364535
202412.0,2024-12-20,56477.0,BARKI JACAREPAGUA CE SE,Consumidor Especial,SUDESTE,12.0,6.011433
202412.0,2024-12-20,56477.0,BARKI JACAREPAGUA CE SE,Consumidor Especial,SUDESTE,12.0,6.011433
,2024-12-20,,BARKI JACAREPAGUA CE SE,,,12.0,6.011433
202412.0,2024-12-21,56477.0,BARKI JACAREPAGUA CE SE,Consumidor Especial,SUDESTE,12.0,3.760886
202412.0,2024-12-21,56477.0,BARKI JACAREPAGUA CE SE,Consumidor Especial,SUDESTE,12.0,3.760886
,2024-12-21,,BARKI JACAREPAGUA CE SE,,,12.0,3.760886
202412.0,2024-12-22,56477.0,BARKI JACAREPAGUA CE SE,Consumidor Especial,SUDESTE,12.0,3.095818
202412.0,2024-12-22,56477.0,BARKI JACAREPAGUA CE SE,Consumidor Especial,SUDESTE,12.0,3.095818
,2024-12-22,,BARKI JACAREPAGUA CE SE,,,12.0,3.095818
202412.0,2024-12-23,56477.0,BARKI JACAREPAGUA CE SE,Consumidor Especial,SUDESTE,12.0,5.105516
202412.0,2024-12-23,56477.0,BARKI JACAREPAGUA CE SE,Consumidor Especial,SUDESTE,12.0,5.105516
,2024-12-23,,BARKI JACAREPAGUA CE SE,,,12.0,5.105516
202412.0,2024-12-24,56477.0,BARKI JACAREPAGUA CE SE,Consumidor Especial,SUDESTE,12.0,3.205423
202412.0,2024-12-24,56477.0,BARKI JACAREPAGUA CE SE,Consumidor Especial,SUDESTE,12.0,3.205423
,2024-12-24,,BARKI JACAREPAGUA CE SE,,,12.0,3.205423
202412.0,2024-12-25,56477.0,BARKI JACAREPAGUA CE SE,Consumidor Especial,SUDESTE,12.0,2.972812
202412.0,2024-12-25,56477.0,BARKI JACAREPAGUA CE SE,Consumidor Especial,SUDESTE,12.0,2.972812
,2024-12-25,,BARKI JACAREPAGUA CE SE,,,12.0,2.972812
202412.0,2024-12-26,56477.0,BARKI JACAREPAGUA CE SE,Consumidor Especial,SUDESTE,12.0,5.340494
202412.0,2024-12-26,56477.0,BARKI JACAREPAGUA CE SE,Consumidor Especial,SUDESTE,12.0,5.340494
,2024-12-26,,BARKI JACAREPAGUA CE SE,,,12.0,5.340494
202412.0,2024-12-27,56477.0,BARKI JACAREPAGUA CE SE,Consumidor Especial,SUDESTE,12.0,5.006887
202412.0,2024-12-27,56477.0,BARKI JACAREPAGUA CE SE,Consumidor Especial,SUDESTE,12.0,5.006887
,2024-12-27,,BARKI JACAREPAGUA CE SE,,,12.0,5.006887
202412.0,2024-12-28,56477.0,BARKI JACAREPAGUA CE SE,Consumidor Especial,SUDESTE,12.0,3.263422
202412.0,2024-12-28,56477.0,BARKI JACAREPAGUA CE SE,Consumidor Especial,SUDESTE,12.0,3.263422
,2024-12-28,,BARKI JACAREPAGUA CE SE,,,12.0,3.263422
202412.0,2024-12-29,56477.0,BARKI JACAREPAGUA CE SE,Consumidor Especial,SUDESTE,12.0,2.74311
202412.0,2024-12-29,56477.0,BARKI JACAREPAGUA CE SE,Consumidor Especial,SUDESTE,12.0,2.74311
,2024-12-29,,BARKI JACAREPAGUA CE SE,,,12.0,2.74311
202412.0,2024-12-30,56477.0,BARKI JACAREPAGUA CE SE,Consumidor Especial,SUDESTE,12.0,4.716857
202412.0,2024-12-30,56477.0,BARKI JACAREPAGUA CE SE,Consumidor Especial,SUDESTE,12.0,4.716857
,2024-12-30,,BARKI JACAREPAGUA CE SE,,,12.0,4.716857
202412.0,2024-12-31,56477.0,BARKI JACAREPAGUA CE SE,Consumidor Especial,SUDESTE,12.0,3.285132
202412.0,2024-12-31,56477.0,BARKI JACAREPAGUA CE SE,Consumidor Especial,SUDESTE,12.0,3.285132
,2024-12-31,,BARKI JACAREPAGUA CE SE,,,12.0,3.285132
202501.0,2025-01-01,56477.0,BARKI JACAREPAGUA CE SE,Consumidor Especial,SUDESTE,12.0,2.843821
202501.0,2025-01-01,56477.0,BARKI JACAREPAGUA CE SE,Consumidor Especial,SUDESTE,12.0,2.843821
,2025-01-01,,BARKI JACAREPAGUA CE SE,,,12.0,2.843821
202501.0,2025-01-02,56477.0,BARKI JACAREPAGUA CE SE,Consumidor Especial,SUDESTE,12.0,4.986592
202501.0,2025-01-02,56477.0,BARKI JACAREPAGUA CE SE,Consumidor Especial,SUDESTE,12.0,4.986592
,2025-01-02,,BARKI JACAREPAGUA CE SE,,,12.0,4.986592
202501.0,2025-01-03,56477.0,BARKI JACAREPAGUA CE SE,Consumidor Especial,SUDESTE,12.0,5.4605310000000005
202501.0,2025-01-03,56477.0,BARKI JACAREPAGUA CE SE,Consumidor Especial,SUDESTE,12.0,5.4605310000000005
,2025-01-03,,BARKI JACAREPAGUA CE SE,,,12.0,5.4605310000000005
202501.0,2025-01-04,56477.0,BARKI JACAREPAGUA CE SE,Consumidor Especial,SUDESTE,12.0,3.40376
202501.0,2025-01-04,56477.0,BARKI JACAREPAGUA CE SE,Consumidor Especial,SUDESTE,12.0,3.40376
,2025-01-04,,BARKI JACAREPAGUA CE SE,,,12.0,3.40376
202501.0,2025-01-05,56477.0,BARKI JACAREPAGUA CE SE,Consumidor Especial,SUDESTE,12.0,3.005541
202501.0,2025-01-05,56477.0,BARKI JACAREPAGUA CE SE,Consumidor Especial,SUDESTE,12.0,3.005541
,2025-01-05,,BARKI JACAREPAGUA CE SE,,,12.0,3.005541
202501.0,2025-01-06,56477.0,BARKI JACAREPAGUA CE SE,Consumidor Especial,SUDESTE,12.0,6.561878
202501.0,2025-01-06,56477.0,BARKI JACAREPAGUA CE SE,Consumidor Especial,SUDESTE,12.0,6.561878
,2025-01-06,,BARKI JACAREPAGUA CE SE,,,12.0,6.561878
202501.0,2025-01-07,56477.0,BARKI JACAREPAGUA CE SE,Consumidor Especial,SUDESTE,12.0,6.181629
202501.0,2025-01-07,56477.0,BARKI JACAREPAGUA CE SE,Consumidor Especial,SUDESTE,12.0,6.181629
,2025-01-07,,BARKI JACAREPAGUA CE SE,,,12.0,6.181629
202501.0,2025-01-08,56477.0,BARKI JACAREPAGUA CE SE,Consumidor Especial,SUDESTE,12.0,6.041163
202501.0,2025-01-08,56477.0,BARKI JACAREPAGUA CE SE,Consumidor Especial,SUDESTE,12.0,6.041163
,2025-01-08,,BARKI JACAREPAGUA CE SE,,,12.0,6.041163
202501.0,2025-01-09,56477.0,BARKI JACAREPAGUA CE SE,Consumidor Especial,SUDESTE,12.0,5.313449
202501.0,2025-01-09,56477.0,BARKI JACAREPAGUA CE SE,Consumidor Especial,SUDESTE,12.0,5.313449
,2025-01-09,,BARKI JACAREPAGUA CE SE,,,12.0,5.313449
202501.0,2025-01-10,56477.0,BARKI JACAREPAGUA CE SE,Consumidor Especial,SUDESTE,12.0,5.610364
202501.0,2025-01-10,56477.0,BARKI JACAREPAGUA CE SE,Consumidor Especial,SUDESTE,12.0,5.610364
,2025-01-10,,BARKI JACAREPAGUA CE SE,,,12.0,5.610364
202501.0,2025-01-11,56477.0,BARKI JACAREPAGUA CE SE,Consumidor Especial,SUDESTE,12.0,3.275891
202501.0,2025-01-11,56477.0,BARKI JACAREPAGUA CE SE,Consumidor Especial,SUDESTE,12.0,3.275891
,2025-01-11,,BARKI JACAREPAGUA CE SE,,,12.0,3.275891
202501.0,2025-01-12,56477.0,BARKI JACAREPAGUA CE SE,Consumidor Especial,SUDESTE,12.0,2.922424
202501.0,2025-01-12,56477.0,BARKI JACAREPAGUA CE SE,Consumidor Especial,SUDESTE,12.0,2.922424
,2025-01-12,,BARKI JACAREPAGUA CE SE,,,12.0,2.922424
202501.0,2025-01-13,56477.0,BARKI JACAREPAGUA CE SE,Consumidor Especial,SUDESTE,12.0,5.387205
202501.0,2025-01-13,56477.0,BARKI JACAREPAGUA CE SE,Consumidor Especial,SUDESTE,12.0,5.387205
,2025-01-13,,BARKI JACAREPAGUA CE SE,,,12.0,5.387205
202501.0,2025-01-14,56477.0,BARKI JACAREPAGUA CE SE,Consumidor Especial,SUDESTE,12.0,5.404923
202501.0,2025-01-14,56477.0,BARKI JACAREPAGUA CE SE,Consumidor Especial,SUDESTE,12.0,5.404923
,2025-01-14,,BARKI JACAREPAGUA CE SE,,,12.0,5.404923
202501.0,2025-01-15,56477.0,BARKI JACAREPAGUA CE SE,Consumidor Especial,SUDESTE,12.0,5.578678
202501.0,2025-01-15,56477.0,BARKI JACAREPAGUA CE SE,Consumidor Especial,SUDESTE,12.0,5.578678
,2025-01-15,,BARKI JACAREPAGUA CE SE,,,12.0,5.578678
202501.0,2025-01-16,56477.0,BARKI JACAREPAGUA CE SE,Consumidor Especial,SUDESTE,12.0,6.35704
202501.0,2025-01-16,56477.0,BARKI JACAREPAGUA CE SE,Consumidor Especial,SUDESTE,12.0,6.35704
,2025-01-16,,BARKI JACAREPAGUA CE SE,,,12.0,6.35704
202501.0,2025-01-17,56477.0,BARKI JACAREPAGUA CE SE,Consumidor Especial,SUDESTE,12.0,7.057327
202501.0,2025-01-17,56477.0,BARKI JACAREPAGUA CE SE,Consumidor Especial,SUDESTE,12.0,7.057327
,2025-01-17,,BARKI JACAREPAGUA CE SE,,,12.0,7.057327
202501.0,2025-01-18,56477.0,BARKI JACAREPAGUA CE SE,Consumidor Especial,SUDESTE,12.0,4.024868
202501.0,2025-01-18,56477.0,BARKI JACAREPAGUA CE SE,Consumidor Especial,SUDESTE,12.0,4.024868
,2025-01-18,,BARKI JACAREPAGUA CE SE,,,12.0,4.024868
202501.0,2025-01-19,56477.0,BARKI JACAREPAGUA CE SE,Consumidor Especial,SUDESTE,12.0,3.317167
202501.0,2025-01-19,56477.0,BARKI JACAREPAGUA CE SE,Consumidor Especial,SUDESTE,12.0,3.317167
,2025-01-19,,BARKI JACAREPAGUA CE SE,,,12.0,3.317167
202501.0,2025-01-20,56477.0,BARKI JACAREPAGUA CE SE,Consumidor Especial,SUDESTE,12.0,3.84013
202501.0,2025-01-20,56477.0,BARKI JACAREPAGUA CE SE,Consumidor Especial,SUDESTE,12.0,3.84013
,2025-01-20,,BARKI JACAREPAGUA CE SE,,,12.0,3.84013
202501.0,2025-01-21,56477.0,BARKI JACAREPAGUA CE SE,Consumidor Especial,SUDESTE,12.0,7.901279
202501.0,2025-01-21,56477.0,BARKI JACAREPAGUA CE SE,Consumidor Especial,SUDESTE,12.0,7.901279
,2025-01-21,,BARKI JACAREPAGUA CE SE,,,12.0,7.901279
202501.0,2025-01-22,56477.0,BARKI JACAREPAGUA CE SE,Consumidor Especial,SUDESTE,12.0,7.637559
202501.0,2025-01-22,56477.0,BARKI JACAREPAGUA CE SE,Consumidor Especial,SUDESTE,12.0,7.637559
,2025-01-22,,BARKI JACAREPAGUA CE SE,,,12.0,7.637559
202501.0,2025-01-23,56477.0,BARKI JACAREPAGUA CE SE,Consumidor Especial,SUDESTE,12.0,7.717406
202501.0,2025-01-23,56477.0,BARKI JACAREPAGUA CE SE,Consumidor Especial,SUDESTE,12.0,7.717406
,2025-01-23,,BARKI JACAREPAGUA CE SE,,,12.0,7.717406
202501.0,2025-01-24,56477.0,BARKI JACAREPAGUA CE SE,Consumidor Especial,SUDESTE,12.0,7.130763
202501.0,2025-01-24,56477.0,BARKI JACAREPAGUA CE SE,Consumidor Especial,SUDESTE,12.0,7.130763
,2025-01-24,,BARKI JACAREPAGUA CE SE,,,12.0,7.130763
202501.0,2025-01-25,56477.0,BARKI JACAREPAGUA CE SE,Consumidor Especial,SUDESTE,12.0,4.033567
202501.0,2025-01-25,56477.0,BARKI JACAREPAGUA CE SE,Consumidor Especial,SUDESTE,12.0,4.033567
,2025-01-25,,BARKI JACAREPAGUA CE SE,,,12.0,4.033567
202501.0,2025-01-26,56477.0,BARKI JACAREPAGUA CE SE,Consumidor Especial,SUDESTE,12.0,3.38574
202501.0,2025-01-26,56477.0,BARKI JACAREPAGUA CE SE,Consumidor Especial,SUDESTE,12.0,3.38574
,2025-01-26,,BARKI JACAREPAGUA CE SE,,,12.0,3.38574
202501.0,2025-01-27,56477.0,BARKI JACAREPAGUA CE SE,Consumidor Especial,SUDESTE,12.0,6.897304
202501.0,2025-01-27,56477.0,BARKI JACAREPAGUA CE SE,Consumidor Especial,SUDESTE,12.0,6.897304
,2025-01-27,,BARKI JACAREPAGUA CE SE,,,12.0,6.897304
202501.0,2025-01-28,56477.0,BARKI JACAREPAGUA CE SE,Consumidor Especial,SUDESTE,12.0,6.917676
202501.0,2025-01-28,56477.0,BARKI JACAREPAGUA CE SE,Consumidor Especial,SUDESTE,12.0,6.917676
,2025-01-28,,BARKI JACAREPAGUA CE SE,,,12.0,6.917676
202501.0,2025-01-29,56477.0,BARKI JACAREPAGUA CE SE,Consumidor Especial,SUDESTE,12.0,6.93638
202501.0,2025-01-29,56477.0,BARKI JACAREPAGUA CE SE,Consumidor Especial,SUDESTE,12.0,6.93638
,2025-01-29,,BARKI JACAREPAGUA CE SE,,,12.0,6.93638
202501.0,2025-01-30,56477.0,BARKI JACAREPAGUA CE SE,Consumidor Especial,SUDESTE,12.0,6.799106
202501.0,2025-01-30,56477.0,BARKI JACAREPAGUA CE SE,Consumidor Especial,SUDESTE,12.0,6.799106
,2025-01-30,,BARKI JACAREPAGUA CE SE,,,12.0,6.799106
202501.0,2025-01-31,56477.0,BARKI JACAREPAGUA CE SE,Consumidor Especial,SUDESTE,12.0,6.750511
202501.0,2025-01-31,56477.0,BARKI JACAREPAGUA CE SE,Consumidor Especial,SUDESTE,12.0,6.750511
,2025-01-31,,BARKI JACAREPAGUA CE SE,,,12.0,6.750511
202502.0,2025-02-01,56477.0,BARKI JACAREPAGUA CE SE,Consumidor Especial,SUDESTE,12.0,3.901193
202502.0,2025-02-01,56477.0,BARKI JACAREPAGUA CE SE,Consumidor Especial,SUDESTE,12.0,3.901193
,2025-02-01,,BARKI JACAREPAGUA CE SE,,,12.0,3.901193
202502.0,2025-02-02,56477.0,BARKI JACAREPAGUA CE SE,Consumidor Especial,SUDESTE,12.0,3.348982
202502.0,2025-02-02,56477.0,BARKI JACAREPAGUA CE SE,Consumidor Especial,SUDESTE,12.0,3.348982
,2025-02-02,,BARKI JACAREPAGUA CE SE,,,12.0,3.348982
202502.0,2025-02-03,56477.0,BARKI JACAREPAGUA CE SE,Consumidor Especial,SUDESTE,12.0,7.576128
202502.0,2025-02-03,56477.0,BARKI JACAREPAGUA CE SE,Consumidor Especial,SUDESTE,12.0,7.576128
,2025-02-03,,BARKI JACAREPAGUA CE SE,,,12.0,7.576128
202502.0,2025-02-04,56477.0,BARKI JACAREPAGUA CE SE,Consumidor Especial,SUDESTE,12.0,7.731822
202502.0,2025-02-04,56477.0,BARKI JACAREPAGUA CE SE,Consumidor Especial,SUDESTE,12.0,7.731822
,2025-02-04,,BARKI JACAREPAGUA CE SE,,,12.0,7.731822
202502.0,2025-02-05,56477.0,BARKI JACAREPAGUA CE SE,Consumidor Especial,SUDESTE,12.0,7.74739
202502.0,2025-02-05,56477.0,BARKI JACAREPAGUA CE SE,Consumidor Especial,SUDESTE,12.0,7.74739
,2025-02-05,,BARKI JACAREPAGUA CE SE,,,12.0,7.74739
202502.0,2025-02-06,56477.0,BARKI JACAREPAGUA CE SE,Consumidor Especial,SUDESTE,12.0,8.110486
202502.0,2025-02-06,56477.0,BARKI JACAREPAGUA CE SE,Consumidor Especial,SUDESTE,12.0,8.110486
,2025-02-06,,BARKI JACAREPAGUA CE SE,,,12.0,8.110486
202502.0,2025-02-07,56477.0,BARKI JACAREPAGUA CE SE,Consumidor Especial,SUDESTE,12.0,7.671053
202502.0,2025-02-07,56477.0,BARKI JACAREPAGUA CE SE,Consumidor Especial,SUDESTE,12.0,7.671053
,2025-02-07,,BARKI JACAREPAGUA CE SE,,,12.0,7.671053
202502.0,2025-02-08,56477.0,BARKI JACAREPAGUA CE SE,Consumidor Especial,SUDESTE,12.0,3.85009
202502.0,2025-02-08,56477.0,BARKI JACAREPAGUA CE SE,Consumidor Especial,SUDESTE,12.0,3.85009
,2025-02-08,,BARKI JACAREPAGUA CE SE,,,12.0,3.85009
202502.0,2025-02-09,56477.0,BARKI JACAREPAGUA CE SE,Consumidor Especial,SUDESTE,12.0,3.334432
202502.0,2025-02-09,56477.0,BARKI JACAREPAGUA CE SE,Consumidor Especial,SUDESTE,12.0,3.334432
,2025-02-09,,BARKI JACAREPAGUA CE SE,,,12.0,3.334432
202502.0,2025-02-10,56477.0,BARKI JACAREPAGUA CE SE,Consumidor Especial,SUDESTE,12.0,7.349967
202502.0,2025-02-10,56477.0,BARKI JACAREPAGUA CE SE,Consumidor Especial,SUDESTE,12.0,7.349967
,2025-02-10,,BARKI JACAREPAGUA CE SE,,,12.0,7.349967
202502.0,2025-02-11,56477.0,BARKI JACAREPAGUA CE SE,Consumidor Especial,SUDESTE,12.0,7.53274
202502.0,2025-02-11,56477.0,BARKI JACAREPAGUA CE SE,Consumidor Especial,SUDESTE,12.0,7.53274
,2025-02-11,,BARKI JACAREPAGUA CE SE,,,12.0,7.53274
202502.0,2025-02-12,56477.0,BARKI JACAREPAGUA CE SE,Consumidor Especial,SUDESTE,12.0,7.723076
202502.0,2025-02-12,56477.0,BARKI JACAREPAGUA CE SE,Consumidor Especial,SUDESTE,12.0,7.723076
,2025-02-12,,BARKI JACAREPAGUA CE SE,,,12.0,7.723076
202502.0,2025-02-13,56477.0,BARKI JACAREPAGUA CE SE,Consumidor Especial,SUDESTE,12.0,7.921046
202502.0,2025-02-13,56477.0,BARKI JACAREPAGUA CE SE,Consumidor Especial,SUDESTE,12.0,7.921046
,2025-02-13,,BARKI JACAREPAGUA CE SE,,,12.0,7.921046
202502.0,2025-02-14,56477.0,BARKI JACAREPAGUA CE SE,Consumidor Especial,SUDESTE,12.0,7.429888
202502.0,2025-02-14,56477.0,BARKI JACAREPAGUA CE SE,Consumidor Especial,SUDESTE,12.0,7.429888
,2025-02-14,,BARKI JACAREPAGUA CE SE,,,12.0,7.429888
202502.0,2025-02-15,56477.0,BARKI JACAREPAGUA CE SE,Consumidor Especial,SUDESTE,12.0,4.110544
202502.0,2025-02-15,56477.0,BARKI JACAREPAGUA CE SE,Consumidor Especial,SUDESTE,12.0,4.110544
,2025-02-15,,BARKI JACAREPAGUA CE SE,,,12.0,4.110544
202502.0,2025-02-16,56477.0,BARKI JACAREPAGUA CE SE,Consumidor Especial,SUDESTE,12.0,3.642568
202502.0,2025-02-16,56477.0,BARKI JACAREPAGUA CE SE,Consumidor Especial,SUDESTE,12.0,3.642568
,2025-02-16,,BARKI JACAREPAGUA CE SE,,,12.0,3.642568
202502.0,2025-02-17,56477.0,BARKI JACAREPAGUA CE SE,Consumidor Especial,SUDESTE,12.0,8.172743
202502.0,2025-02-17,56477.0,BARKI JACAREPAGUA CE SE,Consumidor Especial,SUDESTE,12.0,8.172743
,2025-02-17,,BARKI JACAREPAGUA CE SE,,,12.0,8.172743
202502.0,2025-02-18,56477.0,BARKI JACAREPAGUA CE SE,Consumidor Especial,SUDESTE,12.0,8.219775
202502.0,2025-02-18,56477.0,BARKI JACAREPAGUA CE SE,Consumidor Especial,SUDESTE,12.0,8.219775
,2025-02-18,,BARKI JACAREPAGUA CE SE,,,12.0,8.219775
202502.0,2025-02-19,56477.0,BARKI JACAREPAGUA CE SE,Consumidor Especial,SUDESTE,12.0,7.840944
202502.0,2025-02-19,56477.0,BARKI JACAREPAGUA CE SE,Consumidor Especial,SUDESTE,12.0,7.840944
,2025-02-19,,BARKI JACAREPAGUA CE SE,,,12.0,7.840944
202502.0,2025-02-20,56477.0,BARKI JACAREPAGUA CE SE,Consumidor Especial,SUDESTE,12.0,8.033178
202502.0,2025-02-20,56477.0,BARKI JACAREPAGUA CE SE,Consumidor Especial,SUDESTE,12.0,8.033178
,2025-02-20,,BARKI JACAREPAGUA CE SE,,,12.0,8.033178
202502.0,2025-02-21,56477.0,BARKI JACAREPAGUA CE SE,Consumidor Especial,SUDESTE,12.0,7.57515
202502.0,2025-02-21,56477.0,BARKI JACAREPAGUA CE SE,Consumidor Especial,SUDESTE,12.0,7.57515
,2025-02-21,,BARKI JACAREPAGUA CE SE,,,12.0,7.57515
202502.0,2025-02-22,56477.0,BARKI JACAREPAGUA CE SE,Consumidor Especial,SUDESTE,12.0,3.977428
202502.0,2025-02-22,56477.0,BARKI JACAREPAGUA CE SE,Consumidor Especial,SUDESTE,12.0,3.977428
,2025-02-22,,BARKI JACAREPAGUA CE SE,,,12.0,3.977428
202502.0,2025-02-23,56477.0,BARKI JACAREPAGUA CE SE,Consumidor Especial,SUDESTE,12.0,3.339016
202502.0,2025-02-23,56477.0,BARKI JACAREPAGUA CE SE,Consumidor Especial,SUDESTE,12.0,3.339016
,2025-02-23,,BARKI JACAREPAGUA CE SE,,,12.0,3.339016
202502.0,2025-02-24,56477.0,BARKI JACAREPAGUA CE SE,Consumidor Especial,SUDESTE,12.0,5.909483
202502.0,2025-02-24,56477.0,BARKI JACAREPAGUA CE SE,Consumidor Especial,SUDESTE,12.0,5.909483
,2025-02-24,,BARKI JACAREPAGUA CE SE,,,12.0,5.909483
202502.0,2025-02-25,56477.0,BARKI JACAREPAGUA CE SE,Consumidor Especial,SUDESTE,12.0,7.685919
202502.0,2025-02-25,56477.0,BARKI JACAREPAGUA CE SE,Consumidor Especial,SUDESTE,12.0,7.685919
,2025-02-25,,BARKI JACAREPAGUA CE SE,,,12.0,7.685919
202502.0,2025-02-26,56477.0,BARKI JACAREPAGUA CE SE,Consumidor Especial,SUDESTE,12.0,7.782924
202502.0,2025-02-26,56477.0,BARKI JACAREPAGUA CE SE,Consumidor Especial,SUDESTE,12.0,7.782924
,2025-02-26,,BARKI JACAREPAGUA CE SE,,,12.0,7.782924
202502.0,2025-02-27,56477.0,BARKI JACAREPAGUA CE SE,Consumidor Especial,SUDESTE,12.0,7.724545
202502.0,2025-02-27,56477.0,BARKI JACAREPAGUA CE SE,Consumidor Especial,SUDESTE,12.0,7.724545
,2025-02-27,,BARKI JACAREPAGUA CE SE,,,12.0,7.724545
202502.0,2025-02-28,56477.0,BARKI JACAREPAGUA CE SE,Consumidor Especial,SUDESTE,12.0,7.171306
202502.0,2025-02-28,56477.0,BARKI JACAREPAGUA CE SE,Consumidor Especial,SUDESTE,12.0,7.171306
,2025-02-28,,BARKI JACAREPAGUA CE SE,,,12.0,7.171306
202503.0,2025-03-01,56477.0,BARKI JACAREPAGUA CE SE,Consumidor Especial,SUDESTE,12.0,3.703747
202503.0,2025-03-01,56477.0,BARKI JACAREPAGUA CE SE,Consumidor Especial,SUDESTE,12.0,3.703747
,2025-03-01,,BARKI JACAREPAGUA CE SE,,,12.0,3.703747
202503.0,2025-03-02,56477.0,BARKI JACAREPAGUA CE SE,Consumidor Especial,SUDESTE,12.0,3.320388
202503.0,2025-03-02,56477.0,BARKI JACAREPAGUA CE SE,Consumidor Especial,SUDESTE,12.0,3.320388
,2025-03-02,,BARKI JACAREPAGUA CE SE,,,12.0,3.320388
202503.0,2025-03-03,56477.0,BARKI JACAREPAGUA CE SE,Consumidor Especial,SUDESTE,12.0,3.519529
202503.0,2025-03-03,56477.0,BARKI JACAREPAGUA CE SE,Consumidor Especial,SUDESTE,12.0,3.519529
,2025-03-03,,BARKI JACAREPAGUA CE SE,,,12.0,3.519529
202503.0,2025-03-04,56477.0,BARKI JACAREPAGUA CE SE,Consumidor Especial,SUDESTE,12.0,3.27699
202503.0,2025-03-04,56477.0,BARKI JACAREPAGUA CE SE,Consumidor Especial,SUDESTE,12.0,3.27699
,2025-03-04,,BARKI JACAREPAGUA CE SE,,,12.0,3.27699
202503.0,2025-03-05,56477.0,BARKI JACAREPAGUA CE SE,Consumidor Especial,SUDESTE,12.0,4.242319
202503.0,2025-03-05,56477.0,BARKI JACAREPAGUA CE SE,Consumidor Especial,SUDESTE,12.0,4.242319
,2025-03-05,,BARKI JACAREPAGUA CE SE,,,12.0,4.242319
202503.0,2025-03-06,56477.0,BARKI JACAREPAGUA CE SE,Consumidor Especial,SUDESTE,12.0,7.093446
202503.0,2025-03-06,56477.0,BARKI JACAREPAGUA CE SE,Consumidor Especial,SUDESTE,12.0,7.093446
,2025-03-06,,BARKI JACAREPAGUA CE SE,,,12.0,7.093446
202503.0,2025-03-07,56477.0,BARKI JACAREPAGUA CE SE,Consumidor Especial,SUDESTE,12.0,6.589383
202503.0,2025-03-07,56477.0,BARKI JACAREPAGUA CE SE,Consumidor Especial,SUDESTE,12.0,6.589383
,2025-03-07,,BARKI JACAREPAGUA CE SE,,,12.0,6.589383
202503.0,2025-03-08,56477.0,BARKI JACAREPAGUA CE SE,Consumidor Especial,SUDESTE,12.0,3.819274
202503.0,2025-03-08,56477.0,BARKI JACAREPAGUA CE SE,Consumidor Especial,SUDESTE,12.0,3.819274
,2025-03-08,,BARKI JACAREPAGUA CE SE,,,12.0,3.819274
202503.0,2025-03-09,56477.0,BARKI JACAREPAGUA CE SE,Consumidor Especial,SUDESTE,12.0,3.258839
202503.0,2025-03-09,56477.0,BARKI JACAREPAGUA CE SE,Consumidor Especial,SUDESTE,12.0,3.258839
,2025-03-09,,BARKI JACAREPAGUA CE SE,,,12.0,3.258839
202503.0,2025-03-10,56477.0,BARKI JACAREPAGUA CE SE,Consumidor Especial,SUDESTE,12.0,7.373476
202503.0,2025-03-10,56477.0,BARKI JACAREPAGUA CE SE,Consumidor Especial,SUDESTE,12.0,7.373476
,2025-03-10,,BARKI JACAREPAGUA CE SE,,,12.0,7.373476
202503.0,2025-03-11,56477.0,BARKI JACAREPAGUA CE SE,Consumidor Especial,SUDESTE,12.0,7.421124
202503.0,2025-03-11,56477.0,BARKI JACAREPAGUA CE SE,Consumidor Especial,SUDESTE,12.0,7.421124
,2025-03-11,,BARKI JACAREPAGUA CE SE,,,12.0,7.421124
202503.0,2025-03-12,56477.0,BARKI JACAREPAGUA CE SE,Consumidor Especial,SUDESTE,12.0,7.471853999999999
202503.0,2025-03-12,56477.0,BARKI JACAREPAGUA CE SE,Consumidor Especial,SUDESTE,12.0,7.471853999999999
,2025-03-12,,BARKI JACAREPAGUA CE SE,,,12.0,7.471853999999999
202503.0,2025-03-13,56477.0,BARKI JACAREPAGUA CE SE,Consumidor Especial,SUDESTE,12.0,7.170017
202503.0,2025-03-13,56477.0,BARKI JACAREPAGUA CE SE,Consumidor Especial,SUDESTE,12.0,7.170017
,2025-03-13,,BARKI JACAREPAGUA CE SE,,,12.0,7.170017
202503.0,2025-03-14,56477.0,BARKI JACAREPAGUA CE SE,Consumidor Especial,SUDESTE,12.0,6.869197
202503.0,2025-03-14,56477.0,BARKI JACAREPAGUA CE SE,Consumidor Especial,SUDESTE,12.0,6.869197
,2025-03-14,,BARKI JACAREPAGUA CE SE,,,12.0,6.869197
202503.0,2025-03-15,56477.0,BARKI JACAREPAGUA CE SE,Consumidor Especial,SUDESTE,12.0,3.925826
202503.0,2025-03-15,56477.0,BARKI JACAREPAGUA CE SE,Consumidor Especial,SUDESTE,12.0,3.925826
,2025-03-15,,BARKI JACAREPAGUA CE SE,,,12.0,3.925826
202503.0,2025-03-16,56477.0,BARKI JACAREPAGUA CE SE,Consumidor Especial,SUDESTE,12.0,3.205049
202503.0,2025-03-16,56477.0,BARKI JACAREPAGUA CE SE,Consumidor Especial,SUDESTE,12.0,3.205049
,2025-03-16,,BARKI JACAREPAGUA CE SE,,,12.0,3.205049
202503.0,2025-03-17,56477.0,BARKI JACAREPAGUA CE SE,Consumidor Especial,SUDESTE,12.0,6.041723
202503.0,2025-03-17,56477.0,BARKI JACAREPAGUA CE SE,Consumidor Especial,SUDESTE,12.0,6.041723
,2025-03-17,,BARKI JACAREPAGUA CE SE,,,12.0,6.041723
202503.0,2025-03-18,56477.0,BARKI JACAREPAGUA CE SE,Consumidor Especial,SUDESTE,12.0,6.678932
202503.0,2025-03-18,56477.0,BARKI JACAREPAGUA CE SE,Consumidor Especial,SUDESTE,12.0,6.678932
,2025-03-18,,BARKI JACAREPAGUA CE SE,,,12.0,6.678932
202503.0,2025-03-19,56477.0,BARKI JACAREPAGUA CE SE,Consumidor Especial,SUDESTE,12.0,6.31312
202503.0,2025-03-19,56477.0,BARKI JACAREPAGUA CE SE,Consumidor Especial,SUDESTE,12.0,6.31312
,2025-03-19,,BARKI JACAREPAGUA CE SE,,,12.0,6.31312
202503.0,2025-03-20,56477.0,BARKI JACAREPAGUA CE SE,Consumidor Especial,SUDESTE,12.0,6.001725
202503.0,2025-03-20,56477.0,BARKI JACAREPAGUA CE SE,Consumidor Especial,SUDESTE,12.0,6.001725
,2025-03-20,,BARKI JACAREPAGUA CE SE,,,12.0,6.001725
202503.0,2025-03-21,56477.0,BARKI JACAREPAGUA CE SE,Consumidor Especial,SUDESTE,12.0,5.869641
202503.0,2025-03-21,56477.0,BARKI JACAREPAGUA CE SE,Consumidor Especial,SUDESTE,12.0,5.869641
,2025-03-21,,BARKI JACAREPAGUA CE SE,,,12.0,5.869641
202503.0,2025-03-22,56477.0,BARKI JACAREPAGUA CE SE,Consumidor Especial,SUDESTE,12.0,3.386568
202503.0,2025-03-22,56477.0,BARKI JACAREPAGUA CE SE,Consumidor Especial,SUDESTE,12.0,3.386568
,2025-03-22,,BARKI JACAREPAGUA CE SE,,,12.0,3.386568
202503.0,2025-03-23,56477.0,BARKI JACAREPAGUA CE SE,Consumidor Especial,SUDESTE,12.0,3.083338
202503.0,2025-03-23,56477.0,BARKI JACAREPAGUA CE SE,Consumidor Especial,SUDESTE,12.0,3.083338
,2025-03-23,,BARKI JACAREPAGUA CE SE,,,12.0,3.083338
202503.0,2025-03-24,56477.0,BARKI JACAREPAGUA CE SE,Consumidor Especial,SUDESTE,12.0,6.261431
202503.0,2025-03-24,56477.0,BARKI JACAREPAGUA CE SE,Consumidor Especial,SUDESTE,12.0,6.261431
,2025-03-24,,BARKI JACAREPAGUA CE SE,,,12.0,6.261431
202503.0,2025-03-25,56477.0,BARKI JACAREPAGUA CE SE,Consumidor Especial,SUDESTE,12.0,6.733511
202503.0,2025-03-25,56477.0,BARKI JACAREPAGUA CE SE,Consumidor Especial,SUDESTE,12.0,6.733511
,2025-03-25,,BARKI JACAREPAGUA CE SE,,,12.0,6.733511
202503.0,2025-03-26,56477.0,BARKI JACAREPAGUA CE SE,Consumidor Especial,SUDESTE,12.0,6.77456
202503.0,2025-03-26,56477.0,BARKI JACAREPAGUA CE SE,Consumidor Especial,SUDESTE,12.0,6.77456
,2025-03-26,,BARKI JACAREPAGUA CE SE,,,12.0,6.77456
202503.0,2025-03-27,56477.0,BARKI JACAREPAGUA CE SE,Consumidor Especial,SUDESTE,12.0,6.87446
202503.0,2025-03-27,56477.0,BARKI JACAREPAGUA CE SE,Consumidor Especial,SUDESTE,12.0,6.87446
,2025-03-27,,BARKI JACAREPAGUA CE SE,,,12.0,6.87446
202503.0,2025-03-28,56477.0,BARKI JACAREPAGUA CE SE,Consumidor Especial,SUDESTE,12.0,3.580711
202503.0,2025-03-28,56477.0,BARKI JACAREPAGUA CE SE,Consumidor Especial,SUDESTE,12.0,3.580711
,2025-03-28,,BARKI JACAREPAGUA CE SE,,,12.0,3.580711
202503.0,2025-03-29,56477.0,BARKI JACAREPAGUA CE SE,Consumidor Especial,SUDESTE,12.0,3.574424
202503.0,2025-03-29,56477.0,BARKI JACAREPAGUA CE SE,Consumidor Especial,SUDESTE,12.0,3.574424
,2025-03-29,,BARKI JACAREPAGUA CE SE,,,12.0,3.574424
202503.0,2025-03-30,56477.0,BARKI JACAREPAGUA CE SE,Consumidor Especial,SUDESTE,12.0,3.246887
202503.0,2025-03-30,56477.0,BARKI JACAREPAGUA CE SE,Consumidor Especial,SUDESTE,12.0,3.246887
,2025-03-30,,BARKI JACAREPAGUA CE SE,,,12.0,3.246887
202503.0,2025-03-31,56477.0,BARKI JACAREPAGUA CE SE,Consumidor Especial,SUDESTE,12.0,6.978883000000001
202503.0,2025-03-31,56477.0,BARKI JACAREPAGUA CE SE,Consumidor Especial,SUDESTE,12.0,6.978883000000001
,2025-03-31,,BARKI JACAREPAGUA CE SE,,,12.0,6.978883000000001
202504.0,2025-04-01,56477.0,BARKI JACAREPAGUA CE SE,Consumidor Especial,SUDESTE,12.0,7.239788
202504.0,2025-04-01,56477.0,BARKI JACAREPAGUA CE SE,Consumidor Especial,SUDESTE,12.0,7.239788
,2025-04-01,,BARKI JACAREPAGUA CE SE,,,12.0,7.239788
202504.0,2025-04-02,56477.0,BARKI JACAREPAGUA CE SE,Consumidor Especial,SUDESTE,12.0,7.195537
202504.0,2025-04-02,56477.0,BARKI JACAREPAGUA CE SE,Consumidor Especial,SUDESTE,12.0,7.195537
,2025-04-02,,BARKI JACAREPAGUA CE SE,,,12.0,7.195537
202504.0,2025-04-03,56477.0,BARKI JACAREPAGUA CE SE,Consumidor Especial,SUDESTE,12.0,7.442057999999999
202504.0,2025-04-03,56477.0,BARKI JACAREPAGUA CE SE,Consumidor Especial,SUDESTE,12.0,7.442057999999999
,2025-04-03,,BARKI JACAREPAGUA CE SE,,,12.0,7.442057999999999
202504.0,2025-04-04,56477.0,BARKI JACAREPAGUA CE SE,Consumidor Especial,SUDESTE,12.0,6.652105
202504.0,2025-04-04,56477.0,BARKI JACAREPAGUA CE SE,Consumidor Especial,SUDESTE,12.0,6.652105
,2025-04-04,,BARKI JACAREPAGUA CE SE,,,12.0,6.652105
202504.0,2025-04-05,56477.0,BARKI JACAREPAGUA CE SE,Consumidor Especial,SUDESTE,12.0,3.272361
202504.0,2025-04-05,56477.0,BARKI JACAREPAGUA CE SE,Consumidor Especial,SUDESTE,12.0,3.272361
,2025-04-05,,BARKI JACAREPAGUA CE SE,,,12.0,3.272361
202504.0,2025-04-06,56477.0,BARKI JACAREPAGUA CE SE,Consumidor Especial,SUDESTE,12.0,2.719822
202504.0,2025-04-06,56477.0,BARKI JACAREPAGUA CE SE,Consumidor Especial,SUDESTE,12.0,2.719822
,2025-04-06,,BARKI JACAREPAGUA CE SE,,,12.0,2.719822
202504.0,2025-04-07,56477.0,BARKI JACAREPAGUA CE SE,Consumidor Especial,SUDESTE,12.0,5.549028
202504.0,2025-04-07,56477.0,BARKI JACAREPAGUA CE SE,Consumidor Especial,SUDESTE,12.0,5.549028
,2025-04-07,,BARKI JACAREPAGUA CE SE,,,12.0,5.549028
202504.0,2025-04-08,56477.0,BARKI JACAREPAGUA CE SE,Consumidor Especial,SUDESTE,12.0,5.602796
202504.0,2025-04-08,56477.0,BARKI JACAREPAGUA CE SE,Consumidor Especial,SUDESTE,12.0,5.602796
,2025-04-08,,BARKI JACAREPAGUA CE SE,,,12.0,5.602796
202504.0,2025-04-09,56477.0,BARKI JACAREPAGUA CE SE,Consumidor Especial,SUDESTE,12.0,6.411104
202504.0,2025-04-09,56477.0,BARKI JACAREPAGUA CE SE,Consumidor Especial,SUDESTE,12.0,6.411104
,2025-04-09,,BARKI JACAREPAGUA CE SE,,,12.0,6.411104
202504.0,2025-04-10,56477.0,BARKI JACAREPAGUA CE SE,Consumidor Especial,SUDESTE,12.0,6.032161
202504.0,2025-04-10,56477.0,BARKI JACAREPAGUA CE SE,Consumidor Especial,SUDESTE,12.0,6.032161
,2025-04-10,,BARKI JACAREPAGUA CE SE,,,12.0,6.032161
202504.0,2025-04-11,56477.0,BARKI JACAREPAGUA CE SE,Consumidor Especial,SUDESTE,12.0,5.515193
202504.0,2025-04-11,56477.0,BARKI JACAREPAGUA CE SE,Consumidor Especial,SUDESTE,12.0,5.515193
,2025-04-11,,BARKI JACAREPAGUA CE SE,,,12.0,5.515193
202504.0,2025-04-12,56477.0,BARKI JACAREPAGUA CE SE,Consumidor Especial,SUDESTE,12.0,3.322476
202504.0,2025-04-12,56477.0,BARKI JACAREPAGUA CE SE,Consumidor Especial,SUDESTE,12.0,3.322476
,2025-04-12,,BARKI JACAREPAGUA CE SE,,,12.0,3.322476
202504.0,2025-04-13,56477.0,BARKI JACAREPAGUA CE SE,Consumidor Especial,SUDESTE,12.0,3.031055
202504.0,2025-04-13,56477.0,BARKI JACAREPAGUA CE SE,Consumidor Especial,SUDESTE,12.0,3.031055
,2025-04-13,,BARKI JACAREPAGUA CE SE,,,12.0,3.031055
202504.0,2025-04-14,56477.0,BARKI JACAREPAGUA CE SE,Consumidor Especial,SUDESTE,12.0,5.749902
202504.0,2025-04-14,56477.0,BARKI JACAREPAGUA CE SE,Consumidor Especial,SUDESTE,12.0,5.749902
,2025-04-14,,BARKI JACAREPAGUA CE SE,,,12.0,5.749902
202504.0,2025-04-15,56477.0,BARKI JACAREPAGUA CE SE,Consumidor Especial,SUDESTE,12.0,5.717266
202504.0,2025-04-15,56477.0,BARKI JACAREPAGUA CE SE,Consumidor Especial,SUDESTE,12.0,5.717266
,2025-04-15,,BARKI JACAREPAGUA CE SE,,,12.0,5.717266
202504.0,2025-04-16,56477.0,BARKI JACAREPAGUA CE SE,Consumidor Especial,SUDESTE,12.0,5.426822
202504.0,2025-04-16,56477.0,BARKI JACAREPAGUA CE SE,Consumidor Especial,SUDESTE,12.0,5.426822
,2025-04-16,,BARKI JACAREPAGUA CE SE,,,12.0,5.426822
202504.0,2025-04-17,56477.0,BARKI JACAREPAGUA CE SE,Consumidor Especial,SUDESTE,12.0,5.827672
202504.0,2025-04-17,56477.0,BARKI JACAREPAGUA CE SE,Consumidor Especial,SUDESTE,12.0,5.827672
,2025-04-17,,BARKI JACAREPAGUA CE SE,,,12.0,5.827672
202504.0,2025-04-18,56477.0,BARKI JACAREPAGUA CE SE,Consumidor Especial,SUDESTE,12.0,3.212681
202504.0,2025-04-18,56477.0,BARKI JACAREPAGUA CE SE,Consumidor Especial,SUDESTE,12.0,3.212681
,2025-04-18,,BARKI JACAREPAGUA CE SE,,,12.0,3.212681
202504.0,2025-04-19,56477.0,BARKI JACAREPAGUA CE SE,Consumidor Especial,SUDESTE,12.0,3.376885
202504.0,2025-04-19,56477.0,BARKI JACAREPAGUA CE SE,Consumidor Especial,SUDESTE,12.0,3.376885
,2025-04-19,,BARKI JACAREPAGUA CE SE,,,12.0,3.376885
202504.0,2025-04-20,56477.0,BARKI JACAREPAGUA CE SE,Consumidor Especial,SUDESTE,12.0,2.898101
202504.0,2025-04-20,56477.0,BARKI JACAREPAGUA CE SE,Consumidor Especial,SUDESTE,12.0,2.898101
,2025-04-20,,BARKI JACAREPAGUA CE SE,,,12.0,2.898101
202504.0,2025-04-21,56477.0,BARKI JACAREPAGUA CE SE,Consumidor Especial,SUDESTE,12.0,3.069675
202504.0,2025-04-21,56477.0,BARKI JACAREPAGUA CE SE,Consumidor Especial,SUDESTE,12.0,3.069675
,2025-04-21,,BARKI JACAREPAGUA CE SE,,,12.0,3.069675
202504.0,2025-04-22,56477.0,BARKI JACAREPAGUA CE SE,Consumidor Especial,SUDESTE,12.0,4.394775
202504.0,2025-04-22,56477.0,BARKI JACAREPAGUA CE SE,Consumidor Especial,SUDESTE,12.0,4.394775
,2025-04-22,,BARKI JACAREPAGUA CE SE,,,12.0,4.394775
202504.0,2025-04-23,56477.0,BARKI JACAREPAGUA CE SE,Consumidor Especial,SUDESTE,12.0,3.08062
202504.0,2025-04-23,56477.0,BARKI JACAREPAGUA CE SE,Consumidor Especial,SUDESTE,12.0,3.08062
,2025-04-23,,BARKI JACAREPAGUA CE SE,,,12.0,3.08062
202504.0,2025-04-24,56477.0,BARKI JACAREPAGUA CE SE,Consumidor Especial,SUDESTE,12.0,6.064717
202504.0,2025-04-24,56477.0,BARKI JACAREPAGUA CE SE,Consumidor Especial,SUDESTE,12.0,6.064717
,2025-04-24,,BARKI JACAREPAGUA CE SE,,,12.0,6.064717
202504.0,2025-04-25,56477.0,BARKI JACAREPAGUA CE SE,Consumidor Especial,SUDESTE,12.0,5.237101
202504.0,2025-04-25,56477.0,BARKI JACAREPAGUA CE SE,Consumidor Especial,SUDESTE,12.0,5.237101
,2025-04-25,,BARKI JACAREPAGUA CE SE,,,12.0,5.237101
202504.0,2025-04-26,56477.0,BARKI JACAREPAGUA CE SE,Consumidor Especial,SUDESTE,12.0,3.198808
202504.0,2025-04-26,56477.0,BARKI JACAREPAGUA CE SE,Consumidor Especial,SUDESTE,12.0,3.198808
,2025-04-26,,BARKI JACAREPAGUA CE SE,,,12.0,3.198808
202504.0,2025-04-27,56477.0,BARKI JACAREPAGUA CE SE,Consumidor Especial,SUDESTE,12.0,2.887999
202504.0,2025-04-27,56477.0,BARKI JACAREPAGUA CE SE,Consumidor Especial,SUDESTE,12.0,2.887999
,2025-04-27,,BARKI JACAREPAGUA CE SE,,,12.0,2.887999
202504.0,2025-04-28,56477.0,BARKI JACAREPAGUA CE SE,Consumidor Especial,SUDESTE,12.0,6.248196
202504.0,2025-04-28,56477.0,BARKI JACAREPAGUA CE SE,Consumidor Especial,SUDESTE,12.0,6.248196
,2025-04-28,,BARKI JACAREPAGUA CE SE,,,12.0,6.248196
202504.0,2025-04-29,56477.0,BARKI JACAREPAGUA CE SE,Consumidor Especial,SUDESTE,12.0,5.255316
202504.0,2025-04-29,56477.0,BARKI JACAREPAGUA CE SE,Consumidor Especial,SUDESTE,12.0,5.255316
,2025-04-29,,BARKI JACAREPAGUA CE SE,,,12.0,5.255316
202504.0,2025-04-30,56477.0,BARKI JACAREPAGUA CE SE,Consumidor Especial,SUDESTE,12.0,5.536419
202504.0,2025-04-30,56477.0,BARKI JACAREPAGUA CE SE,Consumidor Especial,SUDESTE,12.0,5.536419
,2025-04-30,,BARKI JACAREPAGUA CE SE,,,12.0,5.536419
202505.0,2025-05-01,56477.0,BARKI JACAREPAGUA CE SE,Consumidor Especial,SUDESTE,12.0,3.289533
202505.0,2025-05-01,56477.0,BARKI JACAREPAGUA CE SE,Consumidor Especial,SUDESTE,12.0,3.289533
,2025-05-01,,BARKI JACAREPAGUA CE SE,,,12.0,3.289533
202505.0,2025-05-02,56477.0,BARKI JACAREPAGUA CE SE,Consumidor Especial,SUDESTE,12.0,4.661053
202505.0,2025-05-02,56477.0,BARKI JACAREPAGUA CE SE,Consumidor Especial,SUDESTE,12.0,4.661053
,2025-05-02,,BARKI JACAREPAGUA CE SE,,,12.0,4.661053
202505.0,2025-05-03,56477.0,BARKI JACAREPAGUA CE SE,Consumidor Especial,SUDESTE,12.0,3.1926
202505.0,2025-05-03,56477.0,BARKI JACAREPAGUA CE SE,Consumidor Especial,SUDESTE,12.0,3.1926
,2025-05-03,,BARKI JACAREPAGUA CE SE,,,12.0,3.1926
202505.0,2025-05-04,56477.0,BARKI JACAREPAGUA CE SE,Consumidor Especial,SUDESTE,12.0,2.9114750000000003
202505.0,2025-05-04,56477.0,BARKI JACAREPAGUA CE SE,Consumidor Especial,SUDESTE,12.0,2.9114750000000003
,2025-05-04,,BARKI JACAREPAGUA CE SE,,,12.0,2.9114750000000003
202505.0,2025-05-05,56477.0,BARKI JACAREPAGUA CE SE,Consumidor Especial,SUDESTE,12.0,5.379147
202505.0,2025-05-05,56477.0,BARKI JACAREPAGUA CE SE,Consumidor Especial,SUDESTE,12.0,5.379147
,2025-05-05,,BARKI JACAREPAGUA CE SE,,,12.0,5.379147
202505.0,2025-05-06,56477.0,BARKI JACAREPAGUA CE SE,Consumidor Especial,SUDESTE,12.0,5.617988
202505.0,2025-05-06,56477.0,BARKI JACAREPAGUA CE SE,Consumidor Especial,SUDESTE,12.0,5.617988
,2025-05-06,,BARKI JACAREPAGUA CE SE,,,12.0,5.617988
202505.0,2025-05-07,56477.0,BARKI JACAREPAGUA CE SE,Consumidor Especial,SUDESTE,12.0,5.950618
202505.0,2025-05-07,56477.0,BARKI JACAREPAGUA CE SE,Consumidor Especial,SUDESTE,12.0,5.950618
,2025-05-07,,BARKI JACAREPAGUA CE SE,,,12.0,5.950618
202505.0,2025-05-08,56477.0,BARKI JACAREPAGUA CE SE,Consumidor Especial,SUDESTE,12.0,5.899438
202505.0,2025-05-08,56477.0,BARKI JACAREPAGUA CE SE,Consumidor Especial,SUDESTE,12.0,5.899438
,2025-05-08,,BARKI JACAREPAGUA CE SE,,,12.0,5.899438
202505.0,2025-05-09,56477.0,BARKI JACAREPAGUA CE SE,Consumidor Especial,SUDESTE,12.0,6.187697
202505.0,2025-05-09,56477.0,BARKI JACAREPAGUA CE SE,Consumidor Especial,SUDESTE,12.0,6.187697
,2025-05-09,,BARKI JACAREPAGUA CE SE,,,12.0,6.187697
202505.0,2025-05-10,56477.0,BARKI JACAREPAGUA CE SE,Consumidor Especial,SUDESTE,12.0,3.574597
202505.0,2025-05-10,56477.0,BARKI JACAREPAGUA CE SE,Consumidor Especial,SUDESTE,12.0,3.574597
,2025-05-10,,BARKI JACAREPAGUA CE SE,,,12.0,3.574597
202505.0,2025-05-11,56477.0,BARKI JACAREPAGUA CE SE,Consumidor Especial,SUDESTE,12.0,2.903951
202505.0,2025-05-11,56477.0,BARKI JACAREPAGUA CE SE,Consumidor Especial,SUDESTE,12.0,2.903951
,2025-05-11,,BARKI JACAREPAGUA CE SE,,,12.0,2.903951
202505.0,2025-05-12,56477.0,BARKI JACAREPAGUA CE SE,Consumidor Especial,SUDESTE,12.0,4.886817
202505.0,2025-05-12,56477.0,BARKI JACAREPAGUA CE SE,Consumidor Especial,SUDESTE,12.0,4.886817
,2025-05-12,,BARKI JACAREPAGUA CE SE,,,12.0,4.886817
202505.0,2025-05-13,56477.0,BARKI JACAREPAGUA CE SE,Consumidor Especial,SUDESTE,12.0,5.145866
202505.0,2025-05-13,56477.0,BARKI JACAREPAGUA CE SE,Consumidor Especial,SUDESTE,12.0,5.145866
,2025-05-13,,BARKI JACAREPAGUA CE SE,,,12.0,5.145866
202505.0,2025-05-14,56477.0,BARKI JACAREPAGUA CE SE,Consumidor Especial,SUDESTE,12.0,5.372397
202505.0,2025-05-14,56477.0,BARKI JACAREPAGUA CE SE,Consumidor Especial,SUDESTE,12.0,5.372397
,2025-05-14,,BARKI JACAREPAGUA CE SE,,,12.0,5.372397
202505.0,2025-05-15,56477.0,BARKI JACAREPAGUA CE SE,Consumidor Especial,SUDESTE,12.0,4.866093
202505.0,2025-05-15,56477.0,BARKI JACAREPAGUA CE SE,Consumidor Especial,SUDESTE,12.0,4.866093
,2025-05-15,,BARKI JACAREPAGUA CE SE,,,12.0,4.866093
202505.0,2025-05-16,56477.0,BARKI JACAREPAGUA CE SE,Consumidor Especial,SUDESTE,12.0,5.167916
202505.0,2025-05-16,56477.0,BARKI JACAREPAGUA CE SE,Consumidor Especial,SUDESTE,12.0,5.167916
,2025-05-16,,BARKI JACAREPAGUA CE SE,,,12.0,5.167916
202505.0,2025-05-17,56477.0,BARKI JACAREPAGUA CE SE,Consumidor Especial,SUDESTE,12.0,3.045443
202505.0,2025-05-17,56477.0,BARKI JACAREPAGUA CE SE,Consumidor Especial,SUDESTE,12.0,3.045443
,2025-05-17,,BARKI JACAREPAGUA CE SE,,,12.0,3.045443
202505.0,2025-05-18,56477.0,BARKI JACAREPAGUA CE SE,Consumidor Especial,SUDESTE,12.0,2.821091
202505.0,2025-05-18,56477.0,BARKI JACAREPAGUA CE SE,Consumidor Especial,SUDESTE,12.0,2.821091
,2025-05-18,,BARKI JACAREPAGUA CE SE,,,12.0,2.821091
202505.0,2025-05-19,56477.0,BARKI JACAREPAGUA CE SE,Consumidor Especial,SUDESTE,12.0,5.502072
202505.0,2025-05-19,56477.0,BARKI JACAREPAGUA CE SE,Consumidor Especial,SUDESTE,12.0,5.502072
,2025-05-19,,BARKI JACAREPAGUA CE SE,,,12.0,5.502072
202505.0,2025-05-20,56477.0,BARKI JACAREPAGUA CE SE,Consumidor Especial,SUDESTE,12.0,5.48201
202505.0,2025-05-20,56477.0,BARKI JACAREPAGUA CE SE,Consumidor Especial,SUDESTE,12.0,5.48201
,2025-05-20,,BARKI JACAREPAGUA CE SE,,,12.0,5.48201
202505.0,2025-05-21,56477.0,BARKI JACAREPAGUA CE SE,Consumidor Especial,SUDESTE,12.0,5.392784
202505.0,2025-05-21,56477.0,BARKI JACAREPAGUA CE SE,Consumidor Especial,SUDESTE,12.0,5.392784
,2025-05-21,,BARKI JACAREPAGUA CE SE,,,12.0,5.392784
202505.0,2025-05-22,56477.0,BARKI JACAREPAGUA CE SE,Consumidor Especial,SUDESTE,12.0,5.314225
202505.0,2025-05-22,56477.0,BARKI JACAREPAGUA CE SE,Consumidor Especial,SUDESTE,12.0,5.314225
,2025-05-22,,BARKI JACAREPAGUA CE SE,,,12.0,5.314225
202505.0,2025-05-23,56477.0,BARKI JACAREPAGUA CE SE,Consumidor Especial,SUDESTE,12.0,5.037825
202505.0,2025-05-23,56477.0,BARKI JACAREPAGUA CE SE,Consumidor Especial,SUDESTE,12.0,5.037825
,2025-05-23,,BARKI JACAREPAGUA CE SE,,,12.0,5.037825
202505.0,2025-05-24,56477.0,BARKI JACAREPAGUA CE SE,Consumidor Especial,SUDESTE,12.0,3.211861
202505.0,2025-05-24,56477.0,BARKI JACAREPAGUA CE SE,Consumidor Especial,SUDESTE,12.0,3.211861
,2025-05-24,,BARKI JACAREPAGUA CE SE,,,12.0,3.211861
202505.0,2025-05-25,56477.0,BARKI JACAREPAGUA CE SE,Consumidor Especial,SUDESTE,12.0,2.822474
202505.0,2025-05-25,56477.0,BARKI JACAREPAGUA CE SE,Consumidor Especial,SUDESTE,12.0,2.822474
,2025-05-25,,BARKI JACAREPAGUA CE SE,,,12.0,2.822474
202505.0,2025-05-26,56477.0,BARKI JACAREPAGUA CE SE,Consumidor Especial,SUDESTE,12.0,2.731136
202505.0,2025-05-26,56477.0,BARKI JACAREPAGUA CE SE,Consumidor Especial,SUDESTE,12.0,2.731136
,2025-05-26,,BARKI JACAREPAGUA CE SE,,,12.0,2.731136
202505.0,2025-05-27,56477.0,BARKI JACAREPAGUA CE SE,Consumidor Especial,SUDESTE,12.0,5.346291
202505.0,2025-05-27,56477.0,BARKI JACAREPAGUA CE SE,Consumidor Especial,SUDESTE,12.0,5.346291
,2025-05-27,,BARKI JACAREPAGUA CE SE,,,12.0,5.346291
202505.0,2025-05-28,56477.0,BARKI JACAREPAGUA CE SE,Consumidor Especial,SUDESTE,12.0,5.782475
202505.0,2025-05-28,56477.0,BARKI JACAREPAGUA CE SE,Consumidor Especial,SUDESTE,12.0,5.782475
,2025-05-28,,BARKI JACAREPAGUA CE SE,,,12.0,5.782475
202505.0,2025-05-29,56477.0,BARKI JACAREPAGUA CE SE,Consumidor Especial,SUDESTE,12.0,5.23792
202505.0,2025-05-29,56477.0,BARKI JACAREPAGUA CE SE,Consumidor Especial,SUDESTE,12.0,5.23792
,2025-05-29,,BARKI JACAREPAGUA CE SE,,,12.0,5.23792
202505.0,2025-05-30,56477.0,BARKI JACAREPAGUA CE SE,Consumidor Especial,SUDESTE,12.0,4.391901
202505.0,2025-05-30,56477.0,BARKI JACAREPAGUA CE SE,Consumidor Especial,SUDESTE,12.0,4.391901
,2025-05-30,,BARKI JACAREPAGUA CE SE,,,12.0,4.391901
202505.0,2025-05-31,56477.0,BARKI JACAREPAGUA CE SE,Consumidor Especial,SUDESTE,12.0,3.06783
202505.0,2025-05-31,56477.0,BARKI JACAREPAGUA CE SE,Consumidor Especial,SUDESTE,12.0,3.06783
,2025-05-31,,BARKI JACAREPAGUA CE SE,,,12.0,3.06783
202506.0,2025-06-01,56477.0,BARKI JACAREPAGUA CE SE,Consumidor Especial,SUDESTE,12.0,2.736632
202506.0,2025-06-01,56477.0,BARKI JACAREPAGUA CE SE,Consumidor Especial,SUDESTE,12.0,2.736632
,2025-06-01,,BARKI JACAREPAGUA CE SE,,,12.0,2.736632
202506.0,2025-06-02,56477.0,BARKI JACAREPAGUA CE SE,Consumidor Especial,SUDESTE,12.0,4.800778
202506.0,2025-06-02,56477.0,BARKI JACAREPAGUA CE SE,Consumidor Especial,SUDESTE,12.0,4.800778
,2025-06-02,,BARKI JACAREPAGUA CE SE,,,12.0,4.800778
202506.0,2025-06-03,56477.0,BARKI JACAREPAGUA CE SE,Consumidor Especial,SUDESTE,12.0,5.186187
202506.0,2025-06-03,56477.0,BARKI JACAREPAGUA CE SE,Consumidor Especial,SUDESTE,12.0,5.186187
,2025-06-03,,BARKI JACAREPAGUA CE SE,,,12.0,5.186187
202506.0,2025-06-04,56477.0,BARKI JACAREPAGUA CE SE,Consumidor Especial,SUDESTE,12.0,4.527987
202506.0,2025-06-04,56477.0,BARKI JACAREPAGUA CE SE,Consumidor Especial,SUDESTE,12.0,4.527987
,2025-06-04,,BARKI JACAREPAGUA CE SE,,,12.0,4.527987
202506.0,2025-06-05,56477.0,BARKI JACAREPAGUA CE SE,Consumidor Especial,SUDESTE,12.0,5.662736
202506.0,2025-06-05,56477.0,BARKI JACAREPAGUA CE SE,Consumidor Especial,SUDESTE,12.0,5.662736
,2025-06-05,,BARKI JACAREPAGUA CE SE,,,12.0,5.662736
202506.0,2025-06-06,56477.0,BARKI JACAREPAGUA CE SE,Consumidor Especial,SUDESTE,12.0,5.305887
202506.0,2025-06-06,56477.0,BARKI JACAREPAGUA CE SE,Consumidor Especial,SUDESTE,12.0,5.305887
,2025-06-06,,BARKI JACAREPAGUA CE SE,,,12.0,5.305887
202506.0,2025-06-07,56477.0,BARKI JACAREPAGUA CE SE,Consumidor Especial,SUDESTE,12.0,3.202877
202506.0,2025-06-07,56477.0,BARKI JACAREPAGUA CE SE,Consumidor Especial,SUDESTE,12.0,3.202877
,2025-06-07,,BARKI JACAREPAGUA CE SE,,,12.0,3.202877
202506.0,2025-06-08,56477.0,BARKI JACAREPAGUA CE SE,Consumidor Especial,SUDESTE,12.0,3.012653
202506.0,2025-06-08,56477.0,BARKI JACAREPAGUA CE SE,Consumidor Especial,SUDESTE,12.0,3.012653
,2025-06-08,,BARKI JACAREPAGUA CE SE,,,12.0,3.012653
202506.0,2025-06-09,56477.0,BARKI JACAREPAGUA CE SE,Consumidor Especial,SUDESTE,12.0,4.51571
202506.0,2025-06-09,56477.0,BARKI JACAREPAGUA CE SE,Consumidor Especial,SUDESTE,12.0,4.51571
,2025-06-09,,BARKI JACAREPAGUA CE SE,,,12.0,4.51571
202506.0,2025-06-10,56477.0,BARKI JACAREPAGUA CE SE,Consumidor Especial,SUDESTE,12.0,4.4921180000000005
202506.0,2025-06-10,56477.0,BARKI JACAREPAGUA CE SE,Consumidor Especial,SUDESTE,12.0,4.4921180000000005
,2025-06-10,,BARKI JACAREPAGUA CE SE,,,12.0,4.4921180000000005
202506.0,2025-06-11,56477.0,BARKI JACAREPAGUA CE SE,Consumidor Especial,SUDESTE,12.0,4.475338
202506.0,2025-06-11,56477.0,BARKI JACAREPAGUA CE SE,Consumidor Especial,SUDESTE,12.0,4.475338
,2025-06-11,,BARKI JACAREPAGUA CE SE,,,12.0,4.475338
202506.0,2025-06-12,56477.0,BARKI JACAREPAGUA CE SE,Consumidor Especial,SUDESTE,12.0,4.003724
202506.0,2025-06-12,56477.0,BARKI JACAREPAGUA CE SE,Consumidor Especial,SUDESTE,12.0,4.003724
,2025-06-12,,BARKI JACAREPAGUA CE SE,,,12.0,4.003724
202506.0,2025-06-13,56477.0,BARKI JACAREPAGUA CE SE,Consumidor Especial,SUDESTE,12.0,3.944694
202506.0,2025-06-13,56477.0,BARKI JACAREPAGUA CE SE,Consumidor Especial,SUDESTE,12.0,3.944694
,2025-06-13,,BARKI JACAREPAGUA CE SE,,,12.0,3.944694
202506.0,2025-06-14,56477.0,BARKI JACAREPAGUA CE SE,Consumidor Especial,SUDESTE,12.0,2.766099
202506.0,2025-06-14,56477.0,BARKI JACAREPAGUA CE SE,Consumidor Especial,SUDESTE,12.0,2.766099
,2025-06-14,,BARKI JACAREPAGUA CE SE,,,12.0,2.766099
202506.0,2025-06-15,56477.0,BARKI JACAREPAGUA CE SE,Consumidor Especial,SUDESTE,12.0,2.594132
202506.0,2025-06-15,56477.0,BARKI JACAREPAGUA CE SE,Consumidor Especial,SUDESTE,12.0,2.594132
,2025-06-15,,BARKI JACAREPAGUA CE SE,,,12.0,2.594132
202506.0,2025-06-16,56477.0,BARKI JACAREPAGUA CE SE,Consumidor Especial,SUDESTE,12.0,4.55373
202506.0,2025-06-16,56477.0,BARKI JACAREPAGUA CE SE,Consumidor Especial,SUDESTE,12.0,4.55373
,2025-06-16,,BARKI JACAREPAGUA CE SE,,,12.0,4.55373
202506.0,2025-06-17,56477.0,BARKI JACAREPAGUA CE SE,Consumidor Especial,SUDESTE,12.0,4.615297
202506.0,2025-06-17,56477.0,BARKI JACAREPAGUA CE SE,Consumidor Especial,SUDESTE,12.0,4.615297
,2025-06-17,,BARKI JACAREPAGUA CE SE,,,12.0,4.615297
202506.0,2025-06-18,56477.0,BARKI JACAREPAGUA CE SE,Consumidor Especial,SUDESTE,12.0,4.881052
202506.0,2025-06-18,56477.0,BARKI JACAREPAGUA CE SE,Consumidor Especial,SUDESTE,12.0,4.881052
,2025-06-18,,BARKI JACAREPAGUA CE SE,,,12.0,4.881052
202506.0,2025-06-19,56477.0,BARKI JACAREPAGUA CE SE,Consumidor Especial,SUDESTE,12.0,3.357783
202506.0,2025-06-19,56477.0,BARKI JACAREPAGUA CE SE,Consumidor Especial,SUDESTE,12.0,3.357783
,2025-06-19,,BARKI JACAREPAGUA CE SE,,,12.0,3.357783
202506.0,2025-06-20,56477.0,BARKI JACAREPAGUA CE SE,Consumidor Especial,SUDESTE,12.0,4.526376
202506.0,2025-06-20,56477.0,BARKI JACAREPAGUA CE SE,Consumidor Especial,SUDESTE,12.0,4.526376
,2025-06-20,,BARKI JACAREPAGUA CE SE,,,12.0,4.526376
202506.0,2025-06-21,56477.0,BARKI JACAREPAGUA CE SE,Consumidor Especial,SUDESTE,12.0,3.211656
202506.0,2025-06-21,56477.0,BARKI JACAREPAGUA CE SE,Consumidor Especial,SUDESTE,12.0,3.211656
,2025-06-21,,BARKI JACAREPAGUA CE SE,,,12.0,3.211656
202506.0,2025-06-22,56477.0,BARKI JACAREPAGUA CE SE,Consumidor Especial,SUDESTE,12.0,2.716308
202506.0,2025-06-22,56477.0,BARKI JACAREPAGUA CE SE,Consumidor Especial,SUDESTE,12.0,2.716308
,2025-06-22,,BARKI JACAREPAGUA CE SE,,,12.0,2.716308
202506.0,2025-06-23,56477.0,BARKI JACAREPAGUA CE SE,Consumidor Especial,SUDESTE,12.0,5.557925
202506.0,2025-06-23,56477.0,BARKI JACAREPAGUA CE SE,Consumidor Especial,SUDESTE,12.0,5.557925
,2025-06-23,,BARKI JACAREPAGUA CE SE,,,12.0,5.557925
202506.0,2025-06-24,56477.0,BARKI JACAREPAGUA CE SE,Consumidor Especial,SUDESTE,12.0,4.5060720000000005
202506.0,2025-06-24,56477.0,BARKI JACAREPAGUA CE SE,Consumidor Especial,SUDESTE,12.0,4.5060720000000005
,2025-06-24,,BARKI JACAREPAGUA CE SE,,,12.0,4.5060720000000005
202506.0,2025-06-25,56477.0,BARKI JACAREPAGUA CE SE,Consumidor Especial,SUDESTE,12.0,4.198434
202506.0,2025-06-25,56477.0,BARKI JACAREPAGUA CE SE,Consumidor Especial,SUDESTE,12.0,4.198434
,2025-06-25,,BARKI JACAREPAGUA CE SE,,,12.0,4.198434
202506.0,2025-06-26,56477.0,BARKI JACAREPAGUA CE SE,Consumidor Especial,SUDESTE,12.0,4.596133
202506.0,2025-06-26,56477.0,BARKI JACAREPAGUA CE SE,Consumidor Especial,SUDESTE,12.0,4.596133
,2025-06-26,,BARKI JACAREPAGUA CE SE,,,12.0,4.596133
202506.0,2025-06-27,56477.0,BARKI JACAREPAGUA CE SE,Consumidor Especial,SUDESTE,12.0,4.882838
202506.0,2025-06-27,56477.0,BARKI JACAREPAGUA CE SE,Consumidor Especial,SUDESTE,12.0,4.882838
,2025-06-27,,BARKI JACAREPAGUA CE SE,,,12.0,4.882838
202506.0,2025-06-28,56477.0,BARKI JACAREPAGUA CE SE,Consumidor Especial,SUDESTE,12.0,3.031707
202506.0,2025-06-28,56477.0,BARKI JACAREPAGUA CE SE,Consumidor Especial,SUDESTE,12.0,3.031707
,2025-06-28,,BARKI JACAREPAGUA CE SE,,,12.0,3.031707
202506.0,2025-06-29,56477.0,BARKI JACAREPAGUA CE SE,Consumidor Especial,SUDESTE,12.0,2.856922
202506.0,2025-06-29,56477.0,BARKI JACAREPAGUA CE SE,Consumidor Especial,SUDESTE,12.0,2.856922
,2025-06-29,,BARKI JACAREPAGUA CE SE,,,12.0,2.856922
202506.0,2025-06-30,56477.0,BARKI JACAREPAGUA CE SE,Consumidor Especial,SUDESTE,12.0,5.159154
202506.0,2025-06-30,56477.0,BARKI JACAREPAGUA CE SE,Consumidor Especial,SUDESTE,12.0,5.159154
,2025-06-30,,BARKI JACAREPAGUA CE SE,,,12.0,5.159154
202507.0,2025-07-01,56477.0,BARKI JACAREPAGUA CE SE,Consumidor Especial,SUDESTE,12.0,4.881546
202507.0,2025-07-01,56477.0,BARKI JACAREPAGUA CE SE,Consumidor Especial,SUDESTE,12.0,4.881546
,2025-07-01,,BARKI JACAREPAGUA CE SE,,,12.0,4.881546
202507.0,2025-07-02,56477.0,BARKI JACAREPAGUA CE SE,Consumidor Especial,SUDESTE,12.0,4.430596
202507.0,2025-07-02,56477.0,BARKI JACAREPAGUA CE SE,Consumidor Especial,SUDESTE,12.0,4.430596
,2025-07-02,,BARKI JACAREPAGUA CE SE,,,12.0,4.430596
202507.0,2025-07-03,56477.0,BARKI JACAREPAGUA CE SE,Consumidor Especial,SUDESTE,12.0,4.155459
202507.0,2025-07-03,56477.0,BARKI JACAREPAGUA CE SE,Consumidor Especial,SUDESTE,12.0,4.155459
,2025-07-03,,BARKI JACAREPAGUA CE SE,,,12.0,4.155459
202507.0,2025-07-04,56477.0,BARKI JACAREPAGUA CE SE,Consumidor Especial,SUDESTE,12.0,4.0630370000000005
202507.0,2025-07-04,56477.0,BARKI JACAREPAGUA CE SE,Consumidor Especial,SUDESTE,12.0,4.0630370000000005
,2025-07-04,,BARKI JACAREPAGUA CE SE,,,12.0,4.0630370000000005
202507.0,2025-07-05,56477.0,BARKI JACAREPAGUA CE SE,Consumidor Especial,SUDESTE,12.0,2.767543
202507.0,2025-07-05,56477.0,BARKI JACAREPAGUA CE SE,Consumidor Especial,SUDESTE,12.0,2.767543
,2025-07-05,,BARKI JACAREPAGUA CE SE,,,12.0,2.767543
202507.0,2025-07-06,56477.0,BARKI JACAREPAGUA CE SE,Consumidor Especial,SUDESTE,12.0,2.61011
202507.0,2025-07-06,56477.0,BARKI JACAREPAGUA CE SE,Consumidor Especial,SUDESTE,12.0,2.61011
,2025-07-06,,BARKI JACAREPAGUA CE SE,,,12.0,2.61011
202507.0,2025-07-07,56477.0,BARKI JACAREPAGUA CE SE,Consumidor Especial,SUDESTE,12.0,3.313923
202507.0,2025-07-07,56477.0,BARKI JACAREPAGUA CE SE,Consumidor Especial,SUDESTE,12.0,3.313923
,2025-07-07,,BARKI JACAREPAGUA CE SE,,,12.0,3.313923
202507.0,2025-07-08,56477.0,BARKI JACAREPAGUA CE SE,Consumidor Especial,SUDESTE,12.0,4.218742
202507.0,2025-07-08,56477.0,BARKI JACAREPAGUA CE SE,Consumidor Especial,SUDESTE,12.0,4.218742
,2025-07-08,,BARKI JACAREPAGUA CE SE,,,12.0,4.218742
202507.0,2025-07-09,56477.0,BARKI JACAREPAGUA CE SE,Consumidor Especial,SUDESTE,12.0,4.120891
202507.0,2025-07-09,56477.0,BARKI JACAREPAGUA CE SE,Consumidor Especial,SUDESTE,12.0,4.120891
,2025-07-09,,BARKI JACAREPAGUA CE SE,,,12.0,4.120891
202507.0,2025-07-10,56477.0,BARKI JACAREPAGUA CE SE,Consumidor Especial,SUDESTE,12.0,4.166929
202507.0,2025-07-10,56477.0,BARKI JACAREPAGUA CE SE,Consumidor Especial,SUDESTE,12.0,4.166929
,2025-07-10,,BARKI JACAREPAGUA CE SE,,,12.0,4.166929
202507.0,2025-07-11,56477.0,BARKI JACAREPAGUA CE SE,Consumidor Especial,SUDESTE,12.0,4.240601
202507.0,2025-07-11,56477.0,BARKI JACAREPAGUA CE SE,Consumidor Especial,SUDESTE,12.0,4.240601
,2025-07-11,,BARKI JACAREPAGUA CE SE,,,12.0,4.240601
202507.0,2025-07-12,56477.0,BARKI JACAREPAGUA CE SE,Consumidor Especial,SUDESTE,12.0,2.935639
202507.0,2025-07-12,56477.0,BARKI JACAREPAGUA CE SE,Consumidor Especial,SUDESTE,12.0,2.935639
,2025-07-12,,BARKI JACAREPAGUA CE SE,,,12.0,2.935639
202507.0,2025-07-13,56477.0,BARKI JACAREPAGUA CE SE,Consumidor Especial,SUDESTE,12.0,2.654546
202507.0,2025-07-13,56477.0,BARKI JACAREPAGUA CE SE,Consumidor Especial,SUDESTE,12.0,2.654546
,2025-07-13,,BARKI JACAREPAGUA CE SE,,,12.0,2.654546
202507.0,2025-07-14,56477.0,BARKI JACAREPAGUA CE SE,Consumidor Especial,SUDESTE,12.0,4.292157
202507.0,2025-07-14,56477.0,BARKI JACAREPAGUA CE SE,Consumidor Especial,SUDESTE,12.0,4.292157
,2025-07-14,,BARKI JACAREPAGUA CE SE,,,12.0,4.292157
202507.0,2025-07-15,56477.0,BARKI JACAREPAGUA CE SE,Consumidor Especial,SUDESTE,12.0,4.482643
202507.0,2025-07-15,56477.0,BARKI JACAREPAGUA CE SE,Consumidor Especial,SUDESTE,12.0,4.482643
,2025-07-15,,BARKI JACAREPAGUA CE SE,,,12.0,4.482643
202507.0,2025-07-16,56477.0,BARKI JACAREPAGUA CE SE,Consumidor Especial,SUDESTE,12.0,4.469799
202507.0,2025-07-16,56477.0,BARKI JACAREPAGUA CE SE,Consumidor Especial,SUDESTE,12.0,4.469799
,2025-07-16,,BARKI JACAREPAGUA CE SE,,,12.0,4.469799
202507.0,2025-07-17,56477.0,BARKI JACAREPAGUA CE SE,Consumidor Especial,SUDESTE,12.0,4.579466
202507.0,2025-07-17,56477.0,BARKI JACAREPAGUA CE SE,Consumidor Especial,SUDESTE,12.0,4.579466
,2025-07-17,,BARKI JACAREPAGUA CE SE,,,12.0,4.579466
202507.0,2025-07-18,56477.0,BARKI JACAREPAGUA CE SE,Consumidor Especial,SUDESTE,12.0,4.776907
202507.0,2025-07-18,56477.0,BARKI JACAREPAGUA CE SE,Consumidor Especial,SUDESTE,12.0,4.776907
,2025-07-18,,BARKI JACAREPAGUA CE SE,,,12.0,4.776907
202507.0,2025-07-19,56477.0,BARKI JACAREPAGUA CE SE,Consumidor Especial,SUDESTE,12.0,2.995573
202507.0,2025-07-19,56477.0,BARKI JACAREPAGUA CE SE,Consumidor Especial,SUDESTE,12.0,2.995573
,2025-07-19,,BARKI JACAREPAGUA CE SE,,,12.0,2.995573
202507.0,2025-07-20,56477.0,BARKI JACAREPAGUA CE SE,Consumidor Especial,SUDESTE,12.0,2.136366
202507.0,2025-07-20,56477.0,BARKI JACAREPAGUA CE SE,Consumidor Especial,SUDESTE,12.0,2.136366
,2025-07-20,,BARKI JACAREPAGUA CE SE,,,12.0,2.136366
202507.0,2025-07-21,56477.0,BARKI JACAREPAGUA CE SE,Consumidor Especial,SUDESTE,12.0,4.452674
202507.0,2025-07-21,56477.0,BARKI JACAREPAGUA CE SE,Consumidor Especial,SUDESTE,12.0,4.452674
,2025-07-21,,BARKI JACAREPAGUA CE SE,,,12.0,4.452674
202507.0,2025-07-22,56477.0,BARKI JACAREPAGUA CE SE,Consumidor Especial,SUDESTE,12.0,4.59356
202507.0,2025-07-22,56477.0,BARKI JACAREPAGUA CE SE,Consumidor Especial,SUDESTE,12.0,4.59356
,2025-07-22,,BARKI JACAREPAGUA CE SE,,,12.0,4.59356
202507.0,2025-07-23,56477.0,BARKI JACAREPAGUA CE SE,Consumidor Especial,SUDESTE,12.0,4.658025
202507.0,2025-07-23,56477.0,BARKI JACAREPAGUA CE SE,Consumidor Especial,SUDESTE,12.0,4.658025
,2025-07-23,,BARKI JACAREPAGUA CE SE,,,12.0,4.658025
202507.0,2025-07-24,56477.0,BARKI JACAREPAGUA CE SE,Consumidor Especial,SUDESTE,12.0,4.32223
202507.0,2025-07-24,56477.0,BARKI JACAREPAGUA CE SE,Consumidor Especial,SUDESTE,12.0,4.32223
,2025-07-24,,BARKI JACAREPAGUA CE SE,,,12.0,4.32223
202507.0,2025-07-25,56477.0,BARKI JACAREPAGUA CE SE,Consumidor Especial,SUDESTE,12.0,4.482709
202507.0,2025-07-25,56477.0,BARKI JACAREPAGUA CE SE,Consumidor Especial,SUDESTE,12.0,4.482709
,2025-07-25,,BARKI JACAREPAGUA CE SE,,,12.0,4.482709
202507.0,2025-07-26,56477.0,BARKI JACAREPAGUA CE SE,Consumidor Especial,SUDESTE,12.0,2.99358
202507.0,2025-07-26,56477.0,BARKI JACAREPAGUA CE SE,Consumidor Especial,SUDESTE,12.0,2.99358
,2025-07-26,,BARKI JACAREPAGUA CE SE,,,12.0,2.99358
202507.0,2025-07-27,56477.0,BARKI JACAREPAGUA CE SE,Consumidor Especial,SUDESTE,12.0,2.660931
202507.0,2025-07-27,56477.0,BARKI JACAREPAGUA CE SE,Consumidor Especial,SUDESTE,12.0,2.660931
,2025-07-27,,BARKI JACAREPAGUA CE SE,,,12.0,2.660931
202507.0,2025-07-28,56477.0,BARKI JACAREPAGUA CE SE,Consumidor Especial,SUDESTE,12.0,5.021914
202507.0,2025-07-28,56477.0,BARKI JACAREPAGUA CE SE,Consumidor Especial,SUDESTE,12.0,5.021914
,2025-07-28,,BARKI JACAREPAGUA CE SE,,,12.0,5.021914
202507.0,2025-07-29,56477.0,BARKI JACAREPAGUA CE SE,Consumidor Especial,SUDESTE,12.0,4.380845
202507.0,2025-07-29,56477.0,BARKI JACAREPAGUA CE SE,Consumidor Especial,SUDESTE,12.0,4.380845
,2025-07-29,,BARKI JACAREPAGUA CE SE,,,12.0,4.380845
202507.0,2025-07-30,56477.0,BARKI JACAREPAGUA CE SE,Consumidor Especial,SUDESTE,12.0,4.1038310000000005
202507.0,2025-07-30,56477.0,BARKI JACAREPAGUA CE SE,Consumidor Especial,SUDESTE,12.0,4.1038310000000005
,2025-07-30,,BARKI JACAREPAGUA CE SE,,,12.0,4.1038310000000005
202507.0,2025-07-31,56477.0,BARKI JACAREPAGUA CE SE,Consumidor Especial,SUDESTE,12.0,4.064698
202507.0,2025-07-31,56477.0,BARKI JACAREPAGUA CE SE,Consumidor Especial,SUDESTE,12.0,4.064698
,2025-07-31,,BARKI JACAREPAGUA CE SE,,,12.0,4.064698
202508.0,2025-08-01,56477.0,BARKI JACAREPAGUA CE SE,Consumidor Especial,SUDESTE,12.0,4.094832
202508.0,2025-08-01,56477.0,BARKI JACAREPAGUA CE SE,Consumidor Especial,SUDESTE,12.0,4.094832
,2025-08-01,,BARKI JACAREPAGUA CE SE,,,12.0,4.094832
202508.0,2025-08-02,56477.0,BARKI JACAREPAGUA CE SE,Consumidor Especial,SUDESTE,12.0,2.914227
202508.0,2025-08-02,56477.0,BARKI JACAREPAGUA CE SE,Consumidor Especial,SUDESTE,12.0,2.914227
,2025-08-02,,BARKI JACAREPAGUA CE SE,,,12.0,2.914227
202508.0,2025-08-03,56477.0,BARKI JACAREPAGUA CE SE,Consumidor Especial,SUDESTE,12.0,2.701333
202508.0,2025-08-03,56477.0,BARKI JACAREPAGUA CE SE,Consumidor Especial,SUDESTE,12.0,2.701333
,2025-08-03,,BARKI JACAREPAGUA CE SE,,,12.0,2.701333
202508.0,2025-08-04,56477.0,BARKI JACAREPAGUA CE SE,Consumidor Especial,SUDESTE,12.0,4.678103
202508.0,2025-08-04,56477.0,BARKI JACAREPAGUA CE SE,Consumidor Especial,SUDESTE,12.0,4.678103
,2025-08-04,,BARKI JACAREPAGUA CE SE,,,12.0,4.678103
202508.0,2025-08-05,56477.0,BARKI JACAREPAGUA CE SE,Consumidor Especial,SUDESTE,12.0,4.588078
202508.0,2025-08-05,56477.0,BARKI JACAREPAGUA CE SE,Consumidor Especial,SUDESTE,12.0,4.588078
,2025-08-05,,BARKI JACAREPAGUA CE SE,,,12.0,4.588078
202508.0,2025-08-06,56477.0,BARKI JACAREPAGUA CE SE,Consumidor Especial,SUDESTE,12.0,4.916979
202508.0,2025-08-06,56477.0,BARKI JACAREPAGUA CE SE,Consumidor Especial,SUDESTE,12.0,4.916979
,2025-08-06,,BARKI JACAREPAGUA CE SE,,,12.0,4.916979
202508.0,2025-08-07,56477.0,BARKI JACAREPAGUA CE SE,Consumidor Especial,SUDESTE,12.0,4.95254
202508.0,2025-08-07,56477.0,BARKI JACAREPAGUA CE SE,Consumidor Especial,SUDESTE,12.0,4.95254
,2025-08-07,,BARKI JACAREPAGUA CE SE,,,12.0,4.95254
202508.0,2025-08-08,56477.0,BARKI JACAREPAGUA CE SE,Consumidor Especial,SUDESTE,12.0,5.259328
202508.0,2025-08-08,56477.0,BARKI JACAREPAGUA CE SE,Consumidor Especial,SUDESTE,12.0,5.259328
,2025-08-08,,BARKI JACAREPAGUA CE SE,,,12.0,5.259328
202508.0,2025-08-09,56477.0,BARKI JACAREPAGUA CE SE,Consumidor Especial,SUDESTE,12.0,3.077956
202508.0,2025-08-09,56477.0,BARKI JACAREPAGUA CE SE,Consumidor Especial,SUDESTE,12.0,3.077956
,2025-08-09,,BARKI JACAREPAGUA CE SE,,,12.0,3.077956
202508.0,2025-08-10,56477.0,BARKI JACAREPAGUA CE SE,Consumidor Especial,SUDESTE,12.0,2.680058
202508.0,2025-08-10,56477.0,BARKI JACAREPAGUA CE SE,Consumidor Especial,SUDESTE,12.0,2.680058
,2025-08-10,,BARKI JACAREPAGUA CE SE,,,12.0,2.680058
202508.0,2025-08-11,56477.0,BARKI JACAREPAGUA CE SE,Consumidor Especial,SUDESTE,12.0,4.144346
202508.0,2025-08-11,56477.0,BARKI JACAREPAGUA CE SE,Consumidor Especial,SUDESTE,12.0,4.144346
,2025-08-11,,BARKI JACAREPAGUA CE SE,,,12.0,4.144346
202508.0,2025-08-12,56477.0,BARKI JACAREPAGUA CE SE,Consumidor Especial,SUDESTE,12.0,4.191487
202508.0,2025-08-12,56477.0,BARKI JACAREPAGUA CE SE,Consumidor Especial,SUDESTE,12.0,4.191487
,2025-08-12,,BARKI JACAREPAGUA CE SE,,,12.0,4.191487
202508.0,2025-08-13,56477.0,BARKI JACAREPAGUA CE SE,Consumidor Especial,SUDESTE,12.0,4.4341420000000005
202508.0,2025-08-13,56477.0,BARKI JACAREPAGUA CE SE,Consumidor Especial,SUDESTE,12.0,4.4341420000000005
,2025-08-13,,BARKI JACAREPAGUA CE SE,,,12.0,4.4341420000000005
202508.0,2025-08-14,56477.0,BARKI JACAREPAGUA CE SE,Consumidor Especial,SUDESTE,12.0,4.391516
202508.0,2025-08-14,56477.0,BARKI JACAREPAGUA CE SE,Consumidor Especial,SUDESTE,12.0,4.391516
,2025-08-14,,BARKI JACAREPAGUA CE SE,,,12.0,4.391516
202508.0,2025-08-15,56477.0,BARKI JACAREPAGUA CE SE,Consumidor Especial,SUDESTE,12.0,4.340846
202508.0,2025-08-15,56477.0,BARKI JACAREPAGUA CE SE,Consumidor Especial,SUDESTE,12.0,4.340846
,2025-08-15,,BARKI JACAREPAGUA CE SE,,,12.0,4.340846
202508.0,2025-08-16,56477.0,BARKI JACAREPAGUA CE SE,Consumidor Especial,SUDESTE,12.0,3.1514
202508.0,2025-08-16,56477.0,BARKI JACAREPAGUA CE SE,Consumidor Especial,SUDESTE,12.0,3.1514
,2025-08-16,,BARKI JACAREPAGUA CE SE,,,12.0,3.1514
202508.0,2025-08-17,56477.0,BARKI JACAREPAGUA CE SE,Consumidor Especial,SUDESTE,12.0,2.795081
202508.0,2025-08-17,56477.0,BARKI JACAREPAGUA CE SE,Consumidor Especial,SUDESTE,12.0,2.795081
,2025-08-17,,BARKI JACAREPAGUA CE SE,,,12.0,2.795081
202508.0,2025-08-18,56477.0,BARKI JACAREPAGUA CE SE,Consumidor Especial,SUDESTE,12.0,4.640421
202508.0,2025-08-18,56477.0,BARKI JACAREPAGUA CE SE,Consumidor Especial,SUDESTE,12.0,4.640421
,2025-08-18,,BARKI JACAREPAGUA CE SE,,,12.0,4.640421
202508.0,2025-08-19,56477.0,BARKI JACAREPAGUA CE SE,Consumidor Especial,SUDESTE,12.0,4.784818
202508.0,2025-08-19,56477.0,BARKI JACAREPAGUA CE SE,Consumidor Especial,SUDESTE,12.0,4.784818
,2025-08-19,,BARKI JACAREPAGUA CE SE,,,12.0,4.784818
202508.0,2025-08-20,56477.0,BARKI JACAREPAGUA CE SE,Consumidor Especial,SUDESTE,12.0,5.177158
202508.0,2025-08-20,56477.0,BARKI JACAREPAGUA CE SE,Consumidor Especial,SUDESTE,12.0,5.177158
,2025-08-20,,BARKI JACAREPAGUA CE SE,,,12.0,5.177158
202508.0,2025-08-21,56477.0,BARKI JACAREPAGUA CE SE,Consumidor Especial,SUDESTE,12.0,5.699759
202508.0,2025-08-21,56477.0,BARKI JACAREPAGUA CE SE,Consumidor Especial,SUDESTE,12.0,5.699759
,2025-08-21,,BARKI JACAREPAGUA CE SE,,,12.0,5.699759
202508.0,2025-08-22,56477.0,BARKI JACAREPAGUA CE SE,Consumidor Especial,SUDESTE,12.0,5.64386
202508.0,2025-08-22,56477.0,BARKI JACAREPAGUA CE SE,Consumidor Especial,SUDESTE,12.0,5.64386
,2025-08-22,,BARKI JACAREPAGUA CE SE,,,12.0,5.64386
202508.0,2025-08-23,56477.0,BARKI JACAREPAGUA CE SE,Consumidor Especial,SUDESTE,12.0,3.521496
202508.0,2025-08-23,56477.0,BARKI JACAREPAGUA CE SE,Consumidor Especial,SUDESTE,12.0,3.521496
,2025-08-23,,BARKI JACAREPAGUA CE SE,,,12.0,3.521496
202508.0,2025-08-24,56477.0,BARKI JACAREPAGUA CE SE,Consumidor Especial,SUDESTE,12.0,3.054863
202508.0,2025-08-24,56477.0,BARKI JACAREPAGUA CE SE,Consumidor Especial,SUDESTE,12.0,3.054863
,2025-08-24,,BARKI JACAREPAGUA CE SE,,,12.0,3.054863
202508.0,2025-08-25,56477.0,BARKI JACAREPAGUA CE SE,Consumidor Especial,SUDESTE,12.0,5.496762
202508.0,2025-08-25,56477.0,BARKI JACAREPAGUA CE SE,Consumidor Especial,SUDESTE,12.0,5.496762
,2025-08-25,,BARKI JACAREPAGUA CE SE,,,12.0,5.496762
202508.0,2025-08-26,56477.0,BARKI JACAREPAGUA CE SE,Consumidor Especial,SUDESTE,12.0,5.081435
202508.0,2025-08-26,56477.0,BARKI JACAREPAGUA CE SE,Consumidor Especial,SUDESTE,12.0,5.081435
,2025-08-26,,BARKI JACAREPAGUA CE SE,,,12.0,5.081435
202508.0,2025-08-27,56477.0,BARKI JACAREPAGUA CE SE,Consumidor Especial,SUDESTE,12.0,5.298295
202508.0,2025-08-27,56477.0,BARKI JACAREPAGUA CE SE,Consumidor Especial,SUDESTE,12.0,5.298295
,2025-08-27,,BARKI JACAREPAGUA CE SE,,,12.0,5.298295
202508.0,2025-08-28,56477.0,BARKI JACAREPAGUA CE SE,Consumidor Especial,SUDESTE,12.0,5.318881
202508.0,2025-08-28,56477.0,BARKI JACAREPAGUA CE SE,Consumidor Especial,SUDESTE,12.0,5.318881
,2025-08-28,,BARKI JACAREPAGUA CE SE,,,12.0,5.318881
202508.0,2025-08-29,56477.0,BARKI JACAREPAGUA CE SE,Consumidor Especial,SUDESTE,12.0,5.068055
202508.0,2025-08-29,56477.0,BARKI JACAREPAGUA CE SE,Consumidor Especial,SUDESTE,12.0,5.068055
,2025-08-29,,BARKI JACAREPAGUA CE SE,,,12.0,5.068055
202508.0,2025-08-30,56477.0,BARKI JACAREPAGUA CE SE,Consumidor Especial,SUDESTE,12.0,3.358762
202508.0,2025-08-30,56477.0,BARKI JACAREPAGUA CE SE,Consumidor Especial,SUDESTE,12.0,3.358762
,2025-08-30,,BARKI JACAREPAGUA CE SE,,,12.0,3.358762
202508.0,2025-08-31,56477.0,BARKI JACAREPAGUA CE SE,Consumidor Especial,SUDESTE,12.0,2.863797
202508.0,2025-08-31,56477.0,BARKI JACAREPAGUA CE SE,Consumidor Especial,SUDESTE,12.0,2.863797
,2025-08-31,,BARKI JACAREPAGUA CE SE,,,12.0,2.863797
