MES_REFERENCIA,DATA,CODIGO_PERFIL_AGENTE,SIGLA_PERFIL_AGENTE,CLASSE_PERFIL_AGENTE,SUBMERCADO,CAPACIDADE_CARGA,CONSUMO_CARGA_ACL
,2022-04-01,36693.0,COND CARIOCA SHOPPING,Consumidor Livre,SUDESTE,96.0,45.026083
,2022-04-02,36693.0,COND CARIOCA SHOPPING,Consumidor Livre,SUDESTE,96.0,44.845116
,2022-04-03,36693.0,COND CARIOCA SHOPPING,Consumidor Livre,SUDESTE,96.0,38.885496
,2022-04-04,36693.0,COND CARIOCA SHOPPING,Consumidor Livre,SUDESTE,96.0,45.268163
,2022-04-05,36693.0,COND CARIOCA SHOPPING,Consumidor Livre,SUDESTE,96.0,45.490282
,2022-04-06,36693.0,COND CARIOCA SHOPPING,Consumidor Livre,SUDESTE,96.0,43.446682
,2022-04-07,36693.0,COND CARIOCA SHOPPING,Consumidor Livre,SUDESTE,96.0,42.277661
,2022-04-08,36693.0,COND CARIOCA SHOPPING,Consumidor Livre,SUDESTE,96.0,44.467581
,2022-04-09,36693.0,COND CARIOCA SHOPPING,Consumidor Livre,SUDESTE,96.0,45.462808
,2022-04-10,36693.0,COND CARIOCA SHOPPING,Consumidor Livre,SUDESTE,96.0,39.97999
,2022-04-11,36693.0,COND CARIOCA SHOPPING,Consumidor Livre,SUDESTE,96.0,43.710078
,2022-04-12,36693.0,COND CARIOCA SHOPPING,Consumidor Livre,SUDESTE,96.0,44.025502
,2022-04-13,36693.0,COND CARIOCA SHOPPING,Consumidor Livre,SUDESTE,96.0,46.70129
,2022-04-14,36693.0,COND CARIOCA SHOPPING,Consumidor Livre,SUDESTE,96.0,43.316798
,2022-04-15,36693.0,COND CARIOCA SHOPPING,Consumidor Livre,SUDESTE,96.0,35.147420000000004
,2022-04-16,36693.0,COND CARIOCA SHOPPING,Consumidor Livre,SUDESTE,96.0,39.285483
,2022-04-17,36693.0,COND CARIOCA SHOPPING,Consumidor Livre,SUDESTE,96.0,33.029018
,2022-04-18,36693.0,COND CARIOCA SHOPPING,Consumidor Livre,SUDESTE,96.0,37.163438
,2022-04-19,36693.0,COND CARIOCA SHOPPING,Consumidor Livre,SUDESTE,96.0,38.684601
,2022-04-20,36693.0,COND CARIOCA SHOPPING,Consumidor Livre,SUDESTE,96.0,39.495192
,2022-04-21,36693.0,COND CARIOCA SHOPPING,Consumidor Livre,SUDESTE,96.0,35.256032
,2022-04-22,36693.0,COND CARIOCA SHOPPING,Consumidor Livre,SUDESTE,96.0,41.169499
,2022-04-23,36693.0,COND CARIOCA SHOPPING,Consumidor Livre,SUDESTE,96.0,41.49202
,2022-04-24,36693.0,COND CARIOCA SHOPPING,Consumidor Livre,SUDESTE,96.0,35.507501
,2022-04-25,36693.0,COND CARIOCA SHOPPING,Consumidor Livre,SUDESTE,96.0,40.579955
,2022-04-26,36693.0,COND CARIOCA SHOPPING,Consumidor Livre,SUDESTE,96.0,41.461591
,2022-04-27,36693.0,COND CARIOCA SHOPPING,Consumidor Livre,SUDESTE,96.0,43.227192
,2022-04-28,36693.0,COND CARIOCA SHOPPING,Consumidor Livre,SUDESTE,96.0,38.556919
,2022-04-29,36693.0,COND CARIOCA SHOPPING,Consumidor Livre,SUDESTE,96.0,42.591828
,2022-04-30,36693.0,COND CARIOCA SHOPPING,Consumidor Livre,SUDESTE,96.0,39.186346
,2022-05-01,36693.0,COND CARIOCA SHOPPING,Consumidor Livre,SUDESTE,96.0,33.584763
,2022-05-02,36693.0,COND CARIOCA SHOPPING,Consumidor Livre,SUDESTE,96.0,41.09265
,2022-05-03,36693.0,COND CARIOCA SHOPPING,Consumidor Livre,SUDESTE,96.0,41.619685
,2022-05-04,36693.0,COND CARIOCA SHOPPING,Consumidor Livre,SUDESTE,96.0,42.116483
,2022-05-05,36693.0,COND CARIOCA SHOPPING,Consumidor Livre,SUDESTE,96.0,41.231012
,2022-05-06,36693.0,COND CARIOCA SHOPPING,Consumidor Livre,SUDESTE,96.0,40.316216
,2022-05-07,36693.0,COND CARIOCA SHOPPING,Consumidor Livre,SUDESTE,96.0,41.261438
,2022-05-08,36693.0,COND CARIOCA SHOPPING,Consumidor Livre,SUDESTE,96.0,33.784438
,2022-05-09,36693.0,COND CARIOCA SHOPPING,Consumidor Livre,SUDESTE,96.0,37.869751
,2022-05-10,36693.0,COND CARIOCA SHOPPING,Consumidor Livre,SUDESTE,96.0,37.829357
,2022-05-11,36693.0,COND CARIOCA SHOPPING,Consumidor Livre,SUDESTE,96.0,39.465324
,2022-05-12,36693.0,COND CARIOCA SHOPPING,Consumidor Livre,SUDESTE,96.0,38.811705
,2022-05-13,36693.0,COND CARIOCA SHOPPING,Consumidor Livre,SUDESTE,96.0,39.215395
,2022-05-14,36693.0,COND CARIOCA SHOPPING,Consumidor Livre,SUDESTE,96.0,39.003285
,2022-05-15,36693.0,COND CARIOCA SHOPPING,Consumidor Livre,SUDESTE,96.0,32.79708
,2022-05-16,36693.0,COND CARIOCA SHOPPING,Consumidor Livre,SUDESTE,96.0,37.48375
,2022-05-17,36693.0,COND CARIOCA SHOPPING,Consumidor Livre,SUDESTE,96.0,37.720175
,2022-05-18,36693.0,COND CARIOCA SHOPPING,Consumidor Livre,SUDESTE,96.0,33.848317
,2022-05-19,36693.0,COND CARIOCA SHOPPING,Consumidor Livre,SUDESTE,96.0,32.833843
,2022-05-20,36693.0,COND CARIOCA SHOPPING,Consumidor Livre,SUDESTE,96.0,33.536626
,2022-05-21,36693.0,COND CARIOCA SHOPPING,Consumidor Livre,SUDESTE,96.0,34.977351
,2022-05-22,36693.0,COND CARIOCA SHOPPING,Consumidor Livre,SUDESTE,96.0,30.369113
,2022-05-23,36693.0,COND CARIOCA SHOPPING,Consumidor Livre,SUDESTE,96.0,34.540332
,2022-05-24,36693.0,COND CARIOCA SHOPPING,Consumidor Livre,SUDESTE,96.0,34.771757
,2022-05-25,36693.0,COND CARIOCA SHOPPING,Consumidor Livre,SUDESTE,96.0,34.541934
,2022-05-26,36693.0,COND CARIOCA SHOPPING,Consumidor Livre,SUDESTE,96.0,34.716078
,2022-05-27,36693.0,COND CARIOCA SHOPPING,Consumidor Livre,SUDESTE,96.0,37.019074
,2022-05-28,36693.0,COND CARIOCA SHOPPING,Consumidor Livre,SUDESTE,96.0,36.909253
,2022-05-29,36693.0,COND CARIOCA SHOPPING,Consumidor Livre,SUDESTE,96.0,32.473761
,2022-05-30,36693.0,COND CARIOCA SHOPPING,Consumidor Livre,SUDESTE,96.0,36.489616
,2022-05-31,36693.0,COND CARIOCA SHOPPING,Consumidor Livre,SUDESTE,96.0,37.106602
,2022-06-01,36693.0,COND CARIOCA SHOPPING,Consumidor Livre,SUDESTE,96.0,38.280621
,2022-06-02,36693.0,COND CARIOCA SHOPPING,Consumidor Livre,SUDESTE,96.0,38.481391
,2022-06-03,36693.0,COND CARIOCA SHOPPING,Consumidor Livre,SUDESTE,96.0,36.964201
,2022-06-04,36693.0,COND CARIOCA SHOPPING,Consumidor Livre,SUDESTE,96.0,35.689099
,2022-06-05,36693.0,COND CARIOCA SHOPPING,Consumidor Livre,SUDESTE,96.0,30.250009
,2022-06-06,36693.0,COND CARIOCA SHOPPING,Consumidor Livre,SUDESTE,96.0,34.360872
,2022-06-07,36693.0,COND CARIOCA SHOPPING,Consumidor Livre,SUDESTE,96.0,35.463004
,2022-06-08,36693.0,COND CARIOCA SHOPPING,Consumidor Livre,SUDESTE,96.0,36.038868
,2022-06-09,36693.0,COND CARIOCA SHOPPING,Consumidor Livre,SUDESTE,96.0,36.915379
,2022-06-10,36693.0,COND CARIOCA SHOPPING,Consumidor Livre,SUDESTE,96.0,36.348983
,2022-06-11,36693.0,COND CARIOCA SHOPPING,Consumidor Livre,SUDESTE,96.0,35.900375000000004
,2022-06-12,36693.0,COND CARIOCA SHOPPING,Consumidor Livre,SUDESTE,96.0,31.148738
,2022-06-13,36693.0,COND CARIOCA SHOPPING,Consumidor Livre,SUDESTE,96.0,32.756304
,2022-06-14,36693.0,COND CARIOCA SHOPPING,Consumidor Livre,SUDESTE,96.0,31.660954
,2022-06-15,36693.0,COND CARIOCA SHOPPING,Consumidor Livre,SUDESTE,96.0,32.470489
,2022-06-16,36693.0,COND CARIOCA SHOPPING,Consumidor Livre,SUDESTE,96.0,30.184566
,2022-06-17,36693.0,COND CARIOCA SHOPPING,Consumidor Livre,SUDESTE,96.0,34.178692
,2022-06-18,36693.0,COND CARIOCA SHOPPING,Consumidor Livre,SUDESTE,96.0,35.022103
,2022-06-19,36693.0,COND CARIOCA SHOPPING,Consumidor Livre,SUDESTE,96.0,28.957064
,2022-06-20,36693.0,COND CARIOCA SHOPPING,Consumidor Livre,SUDESTE,96.0,32.817507
,2022-06-21,36693.0,COND CARIOCA SHOPPING,Consumidor Livre,SUDESTE,96.0,34.322406
,2022-06-22,36693.0,COND CARIOCA SHOPPING,Consumidor Livre,SUDESTE,96.0,34.910252
,2022-06-23,36693.0,COND CARIOCA SHOPPING,Consumidor Livre,SUDESTE,96.0,34.893687
,2022-06-24,36693.0,COND CARIOCA SHOPPING,Consumidor Livre,SUDESTE,96.0,36.211842
,2022-06-25,36693.0,COND CARIOCA SHOPPING,Consumidor Livre,SUDESTE,96.0,35.340097
,2022-06-26,36693.0,COND CARIOCA SHOPPING,Consumidor Livre,SUDESTE,96.0,29.116447
,2022-06-27,36693.0,COND CARIOCA SHOPPING,Consumidor Livre,SUDESTE,96.0,32.152553
,2022-06-28,36693.0,COND CARIOCA SHOPPING,Consumidor Livre,SUDESTE,96.0,32.286936
,2022-06-29,36693.0,COND CARIOCA SHOPPING,Consumidor Livre,SUDESTE,96.0,33.815691
,2022-06-30,36693.0,COND CARIOCA SHOPPING,Consumidor Livre,SUDESTE,96.0,33.982856
,2022-07-01,36693.0,COND CARIOCA SHOPPING,Consumidor Livre,SUDESTE,96.0,34.039707
,2022-07-02,36693.0,COND CARIOCA SHOPPING,Consumidor Livre,SUDESTE,96.0,34.430485
,2022-07-03,36693.0,COND CARIOCA SHOPPING,Consumidor Livre,SUDESTE,96.0,30.141986
,2022-07-04,36693.0,COND CARIOCA SHOPPING,Consumidor Livre,SUDESTE,96.0,34.419288
,2022-07-05,36693.0,COND CARIOCA SHOPPING,Consumidor Livre,SUDESTE,96.0,35.380242
,2022-07-06,36693.0,COND CARIOCA SHOPPING,Consumidor Livre,SUDESTE,96.0,35.2473
,2022-07-07,36693.0,COND CARIOCA SHOPPING,Consumidor Livre,SUDESTE,96.0,34.361075
,2022-07-08,36693.0,COND CARIOCA SHOPPING,Consumidor Livre,SUDESTE,96.0,36.85128
,2022-07-09,36693.0,COND CARIOCA SHOPPING,Consumidor Livre,SUDESTE,96.0,36.732702
,2022-07-10,36693.0,COND CARIOCA SHOPPING,Consumidor Livre,SUDESTE,96.0,31.442493
,2022-07-11,36693.0,COND CARIOCA SHOPPING,Consumidor Livre,SUDESTE,96.0,35.250525
,2022-07-12,36693.0,COND CARIOCA SHOPPING,Consumidor Livre,SUDESTE,96.0,37.248593
,2022-07-13,36693.0,COND CARIOCA SHOPPING,Consumidor Livre,SUDESTE,96.0,35.526692
,2022-07-14,36693.0,COND CARIOCA SHOPPING,Consumidor Livre,SUDESTE,96.0,36.653054
,2022-07-15,36693.0,COND CARIOCA SHOPPING,Consumidor Livre,SUDESTE,96.0,37.681252
,2022-07-16,36693.0,COND CARIOCA SHOPPING,Consumidor Livre,SUDESTE,96.0,37.511243
,2022-07-17,36693.0,COND CARIOCA SHOPPING,Consumidor Livre,SUDESTE,96.0,32.526142
,2022-07-18,36693.0,COND CARIOCA SHOPPING,Consumidor Livre,SUDESTE,96.0,37.343962
,2022-07-19,36693.0,COND CARIOCA SHOPPING,Consumidor Livre,SUDESTE,96.0,37.836894
,2022-07-20,36693.0,COND CARIOCA SHOPPING,Consumidor Livre,SUDESTE,96.0,36.722772
,2022-07-21,36693.0,COND CARIOCA SHOPPING,Consumidor Livre,SUDESTE,96.0,36.608761
,2022-07-22,36693.0,COND CARIOCA SHOPPING,Consumidor Livre,SUDESTE,96.0,36.711043
,2022-07-23,36693.0,COND CARIOCA SHOPPING,Consumidor Livre,SUDESTE,96.0,36.584477
,2022-07-24,36693.0,COND CARIOCA SHOPPING,Consumidor Livre,SUDESTE,96.0,32.327497
,2022-07-25,36693.0,COND CARIOCA SHOPPING,Consumidor Livre,SUDESTE,96.0,36.85507
,2022-07-26,36693.0,COND CARIOCA SHOPPING,Consumidor Livre,SUDESTE,96.0,37.012003
,2022-07-27,36693.0,COND CARIOCA SHOPPING,Consumidor Livre,SUDESTE,96.0,37.11642
,2022-07-28,36693.0,COND CARIOCA SHOPPING,Consumidor Livre,SUDESTE,96.0,37.713017
,2022-07-29,36693.0,COND CARIOCA SHOPPING,Consumidor Livre,SUDESTE,96.0,36.550875
,2022-07-30,36693.0,COND CARIOCA SHOPPING,Consumidor Livre,SUDESTE,96.0,34.383646
,2022-07-31,36693.0,COND CARIOCA SHOPPING,Consumidor Livre,SUDESTE,96.0,29.437387
,2022-08-01,36693.0,COND CARIOCA SHOPPING,Consumidor Livre,SUDESTE,96.0,34.985853
,2022-08-02,36693.0,COND CARIOCA SHOPPING,Consumidor Livre,SUDESTE,96.0,35.777944999999995
,2022-08-03,36693.0,COND CARIOCA SHOPPING,Consumidor Livre,SUDESTE,96.0,34.482391
,2022-08-04,36693.0,COND CARIOCA SHOPPING,Consumidor Livre,SUDESTE,96.0,36.093138
,2022-08-05,36693.0,COND CARIOCA SHOPPING,Consumidor Livre,SUDESTE,96.0,36.852597
,2022-08-06,36693.0,COND CARIOCA SHOPPING,Consumidor Livre,SUDESTE,96.0,35.57977
,2022-08-07,36693.0,COND CARIOCA SHOPPING,Consumidor Livre,SUDESTE,96.0,30.766687
,2022-08-08,36693.0,COND CARIOCA SHOPPING,Consumidor Livre,SUDESTE,96.0,35.134198
,2022-08-09,36693.0,COND CARIOCA SHOPPING,Consumidor Livre,SUDESTE,96.0,35.264091
,2022-08-10,36693.0,COND CARIOCA SHOPPING,Consumidor Livre,SUDESTE,96.0,34.089732
,2022-08-11,36693.0,COND CARIOCA SHOPPING,Consumidor Livre,SUDESTE,96.0,31.816911
,2022-08-12,36693.0,COND CARIOCA SHOPPING,Consumidor Livre,SUDESTE,96.0,33.545518
,2022-08-13,36693.0,COND CARIOCA SHOPPING,Consumidor Livre,SUDESTE,96.0,34.036405
,2022-08-14,36693.0,COND CARIOCA SHOPPING,Consumidor Livre,SUDESTE,96.0,29.437796
,2022-08-15,36693.0,COND CARIOCA SHOPPING,Consumidor Livre,SUDESTE,96.0,33.887982
,2022-08-16,36693.0,COND CARIOCA SHOPPING,Consumidor Livre,SUDESTE,96.0,36.546296
,2022-08-17,36693.0,COND CARIOCA SHOPPING,Consumidor Livre,SUDESTE,96.0,36.927656
,2022-08-18,36693.0,COND CARIOCA SHOPPING,Consumidor Livre,SUDESTE,96.0,38.237434
,2022-08-19,36693.0,COND CARIOCA SHOPPING,Consumidor Livre,SUDESTE,96.0,33.942673
,2022-08-20,36693.0,COND CARIOCA SHOPPING,Consumidor Livre,SUDESTE,96.0,31.990666
,2022-08-21,36693.0,COND CARIOCA SHOPPING,Consumidor Livre,SUDESTE,96.0,27.546118
,2022-08-22,36693.0,COND CARIOCA SHOPPING,Consumidor Livre,SUDESTE,96.0,31.856829
,2022-08-23,36693.0,COND CARIOCA SHOPPING,Consumidor Livre,SUDESTE,96.0,33.53137
,2022-08-24,36693.0,COND CARIOCA SHOPPING,Consumidor Livre,SUDESTE,96.0,33.709475
,2022-08-25,36693.0,COND CARIOCA SHOPPING,Consumidor Livre,SUDESTE,96.0,34.777331000000004
,2022-08-26,36693.0,COND CARIOCA SHOPPING,Consumidor Livre,SUDESTE,96.0,36.073161
,2022-08-27,36693.0,COND CARIOCA SHOPPING,Consumidor Livre,SUDESTE,96.0,37.507859
,2022-08-28,36693.0,COND CARIOCA SHOPPING,Consumidor Livre,SUDESTE,96.0,32.024765
,2022-08-29,36693.0,COND CARIOCA SHOPPING,Consumidor Livre,SUDESTE,96.0,33.354964
,2022-08-30,36693.0,COND CARIOCA SHOPPING,Consumidor Livre,SUDESTE,96.0,31.552189
,2022-08-31,36693.0,COND CARIOCA SHOPPING,Consumidor Livre,SUDESTE,96.0,31.833920000000003
,2022-09-01,36693.0,COND CARIOCA SHOPPING,Consumidor Livre,SUDESTE,96.0,33.306939
,2022-09-02,36693.0,COND CARIOCA SHOPPING,Consumidor Livre,SUDESTE,96.0,34.949608
,2022-09-03,36693.0,COND CARIOCA SHOPPING,Consumidor Livre,SUDESTE,96.0,35.554236
,2022-09-04,36693.0,COND CARIOCA SHOPPING,Consumidor Livre,SUDESTE,96.0,27.950885
,2022-09-05,36693.0,COND CARIOCA SHOPPING,Consumidor Livre,SUDESTE,96.0,32.677068
,2022-09-06,36693.0,COND CARIOCA SHOPPING,Consumidor Livre,SUDESTE,96.0,34.018675
,2022-09-07,36693.0,COND CARIOCA SHOPPING,Consumidor Livre,SUDESTE,96.0,31.453735
,2022-09-08,36693.0,COND CARIOCA SHOPPING,Consumidor Livre,SUDESTE,96.0,36.363368
,2022-09-09,36693.0,COND CARIOCA SHOPPING,Consumidor Livre,SUDESTE,96.0,36.993819
,2022-09-10,36693.0,COND CARIOCA SHOPPING,Consumidor Livre,SUDESTE,96.0,39.089215
,2022-09-11,36693.0,COND CARIOCA SHOPPING,Consumidor Livre,SUDESTE,96.0,30.590648
,2022-09-12,36693.0,COND CARIOCA SHOPPING,Consumidor Livre,SUDESTE,96.0,34.632822
,2022-09-13,36693.0,COND CARIOCA SHOPPING,Consumidor Livre,SUDESTE,96.0,35.881849
,2022-09-14,36693.0,COND CARIOCA SHOPPING,Consumidor Livre,SUDESTE,96.0,35.743189
,2022-09-15,36693.0,COND CARIOCA SHOPPING,Consumidor Livre,SUDESTE,96.0,34.369798
,2022-09-16,36693.0,COND CARIOCA SHOPPING,Consumidor Livre,SUDESTE,96.0,33.096862
,2022-09-17,36693.0,COND CARIOCA SHOPPING,Consumidor Livre,SUDESTE,96.0,33.738904
,2022-09-18,36693.0,COND CARIOCA SHOPPING,Consumidor Livre,SUDESTE,96.0,29.531751
,2022-09-19,36693.0,COND CARIOCA SHOPPING,Consumidor Livre,SUDESTE,96.0,34.557963
,2022-09-20,36693.0,COND CARIOCA SHOPPING,Consumidor Livre,SUDESTE,96.0,35.98726
,2022-09-21,36693.0,COND CARIOCA SHOPPING,Consumidor Livre,SUDESTE,96.0,36.474757
,2022-09-22,36693.0,COND CARIOCA SHOPPING,Consumidor Livre,SUDESTE,96.0,36.606808
,2022-09-23,36693.0,COND CARIOCA SHOPPING,Consumidor Livre,SUDESTE,96.0,34.798211
,2022-09-24,36693.0,COND CARIOCA SHOPPING,Consumidor Livre,SUDESTE,96.0,34.344409
,2022-09-25,36693.0,COND CARIOCA SHOPPING,Consumidor Livre,SUDESTE,96.0,30.644301
,2022-09-26,36693.0,COND CARIOCA SHOPPING,Consumidor Livre,SUDESTE,96.0,35.170386
,2022-09-27,36693.0,COND CARIOCA SHOPPING,Consumidor Livre,SUDESTE,96.0,36.576508
,2022-09-28,36693.0,COND CARIOCA SHOPPING,Consumidor Livre,SUDESTE,96.0,34.996744
,2022-09-29,36693.0,COND CARIOCA SHOPPING,Consumidor Livre,SUDESTE,96.0,33.980884
,2022-09-30,36693.0,COND CARIOCA SHOPPING,Consumidor Livre,SUDESTE,96.0,34.613766
,2022-10-01,36693.0,COND CARIOCA SHOPPING,Consumidor Livre,SUDESTE,96.0,36.677631
,2022-10-02,36693.0,COND CARIOCA SHOPPING,Consumidor Livre,SUDESTE,96.0,30.952196
,2022-10-03,36693.0,COND CARIOCA SHOPPING,Consumidor Livre,SUDESTE,96.0,34.839375
,2022-10-04,36693.0,COND CARIOCA SHOPPING,Consumidor Livre,SUDESTE,96.0,36.316312
,2022-10-05,36693.0,COND CARIOCA SHOPPING,Consumidor Livre,SUDESTE,96.0,40.295384
,2022-10-06,36693.0,COND CARIOCA SHOPPING,Consumidor Livre,SUDESTE,96.0,40.18852
,2022-10-07,36693.0,COND CARIOCA SHOPPING,Consumidor Livre,SUDESTE,96.0,37.991377
,2022-10-08,36693.0,COND CARIOCA SHOPPING,Consumidor Livre,SUDESTE,96.0,39.344557
,2022-10-09,36693.0,COND CARIOCA SHOPPING,Consumidor Livre,SUDESTE,96.0,35.677012
,2022-10-10,36693.0,COND CARIOCA SHOPPING,Consumidor Livre,SUDESTE,96.0,40.122516
,2022-10-11,36693.0,COND CARIOCA SHOPPING,Consumidor Livre,SUDESTE,96.0,41.875721
,2022-10-12,36693.0,COND CARIOCA SHOPPING,Consumidor Livre,SUDESTE,96.0,38.348394
,2022-10-13,36693.0,COND CARIOCA SHOPPING,Consumidor Livre,SUDESTE,96.0,42.549705
,2022-10-14,36693.0,COND CARIOCA SHOPPING,Consumidor Livre,SUDESTE,96.0,36.596627
,2022-10-15,36693.0,COND CARIOCA SHOPPING,Consumidor Livre,SUDESTE,96.0,42.954235
,2022-10-16,36693.0,COND CARIOCA SHOPPING,Consumidor Livre,SUDESTE,96.0,35.003737
,2022-10-17,36693.0,COND CARIOCA SHOPPING,Consumidor Livre,SUDESTE,96.0,30.505928
,2022-10-18,36693.0,COND CARIOCA SHOPPING,Consumidor Livre,SUDESTE,96.0,41.138471
,2022-10-19,36693.0,COND CARIOCA SHOPPING,Consumidor Livre,SUDESTE,96.0,40.125818
,2022-10-20,36693.0,COND CARIOCA SHOPPING,Consumidor Livre,SUDESTE,96.0,41.401393
,2022-10-21,36693.0,COND CARIOCA SHOPPING,Consumidor Livre,SUDESTE,96.0,41.216057
,2022-10-22,36693.0,COND CARIOCA SHOPPING,Consumidor Livre,SUDESTE,96.0,43.107325
,2022-10-23,36693.0,COND CARIOCA SHOPPING,Consumidor Livre,SUDESTE,96.0,36.106707
,2022-10-24,36693.0,COND CARIOCA SHOPPING,Consumidor Livre,SUDESTE,96.0,41.210677
,2022-10-25,36693.0,COND CARIOCA SHOPPING,Consumidor Livre,SUDESTE,96.0,39.771534
,2022-10-26,36693.0,COND CARIOCA SHOPPING,Consumidor Livre,SUDESTE,96.0,41.160703
,2022-10-27,36693.0,COND CARIOCA SHOPPING,Consumidor Livre,SUDESTE,96.0,41.855837
,2022-10-28,36693.0,COND CARIOCA SHOPPING,Consumidor Livre,SUDESTE,96.0,43.725107
,2022-10-29,36693.0,COND CARIOCA SHOPPING,Consumidor Livre,SUDESTE,96.0,44.320545
,2022-10-30,36693.0,COND CARIOCA SHOPPING,Consumidor Livre,SUDESTE,96.0,38.389343
,2022-10-31,36693.0,COND CARIOCA SHOPPING,Consumidor Livre,SUDESTE,96.0,44.624713
,2022-11-01,36693.0,COND CARIOCA SHOPPING,Consumidor Livre,SUDESTE,96.0,41.710975
,2022-11-02,36693.0,COND CARIOCA SHOPPING,Consumidor Livre,SUDESTE,96.0,33.596655
,2022-11-03,36693.0,COND CARIOCA SHOPPING,Consumidor Livre,SUDESTE,96.0,35.129331
,2022-11-04,36693.0,COND CARIOCA SHOPPING,Consumidor Livre,SUDESTE,96.0,32.927965
,2022-11-05,36693.0,COND CARIOCA SHOPPING,Consumidor Livre,SUDESTE,96.0,34.904202
,2022-11-06,36693.0,COND CARIOCA SHOPPING,Consumidor Livre,SUDESTE,96.0,31.644665
,2022-11-07,36693.0,COND CARIOCA SHOPPING,Consumidor Livre,SUDESTE,96.0,35.238982
,2022-11-08,36693.0,COND CARIOCA SHOPPING,Consumidor Livre,SUDESTE,96.0,35.118773
,2022-11-09,36693.0,COND CARIOCA SHOPPING,Consumidor Livre,SUDESTE,96.0,38.305211
,2022-11-10,36693.0,COND CARIOCA SHOPPING,Consumidor Livre,SUDESTE,96.0,40.210738
,2022-11-11,36693.0,COND CARIOCA SHOPPING,Consumidor Livre,SUDESTE,96.0,42.011257
,2022-11-12,36693.0,COND CARIOCA SHOPPING,Consumidor Livre,SUDESTE,96.0,43.493821
,2022-11-13,36693.0,COND CARIOCA SHOPPING,Consumidor Livre,SUDESTE,96.0,37.284569
,2022-11-14,36693.0,COND CARIOCA SHOPPING,Consumidor Livre,SUDESTE,96.0,44.772945
,2022-11-15,36693.0,COND CARIOCA SHOPPING,Consumidor Livre,SUDESTE,96.0,41.100339
,2022-11-16,36693.0,COND CARIOCA SHOPPING,Consumidor Livre,SUDESTE,96.0,39.345004
,2022-11-17,36693.0,COND CARIOCA SHOPPING,Consumidor Livre,SUDESTE,96.0,40.606876
,2022-11-18,36693.0,COND CARIOCA SHOPPING,Consumidor Livre,SUDESTE,96.0,40.994499
,2022-11-19,36693.0,COND CARIOCA SHOPPING,Consumidor Livre,SUDESTE,96.0,40.250964
,2022-11-20,36693.0,COND CARIOCA SHOPPING,Consumidor Livre,SUDESTE,96.0,35.274205
,2022-11-21,36693.0,COND CARIOCA SHOPPING,Consumidor Livre,SUDESTE,96.0,43.512843
,2022-11-22,36693.0,COND CARIOCA SHOPPING,Consumidor Livre,SUDESTE,96.0,45.552491
,2022-11-23,36693.0,COND CARIOCA SHOPPING,Consumidor Livre,SUDESTE,96.0,46.075615
,2022-11-24,36693.0,COND CARIOCA SHOPPING,Consumidor Livre,SUDESTE,96.0,40.302883
,2022-11-25,36693.0,COND CARIOCA SHOPPING,Consumidor Livre,SUDESTE,96.0,45.662818
,2022-11-26,36693.0,COND CARIOCA SHOPPING,Consumidor Livre,SUDESTE,96.0,44.528284
,2022-11-27,36693.0,COND CARIOCA SHOPPING,Consumidor Livre,SUDESTE,96.0,38.117432
,2022-11-28,36693.0,COND CARIOCA SHOPPING,Consumidor Livre,SUDESTE,96.0,43.837217
,2022-11-29,36693.0,COND CARIOCA SHOPPING,Consumidor Livre,SUDESTE,96.0,44.563017
,2022-11-30,36693.0,COND CARIOCA SHOPPING,Consumidor Livre,SUDESTE,96.0,45.048998
,2022-12-01,36693.0,COND CARIOCA SHOPPING,Consumidor Livre,SUDESTE,96.0,45.297654
,2022-12-02,36693.0,COND CARIOCA SHOPPING,Consumidor Livre,SUDESTE,96.0,45.463624
,2022-12-03,36693.0,COND CARIOCA SHOPPING,Consumidor Livre,SUDESTE,96.0,46.710997
,2022-12-04,36693.0,COND CARIOCA SHOPPING,Consumidor Livre,SUDESTE,96.0,39.528604
,2022-12-05,36693.0,COND CARIOCA SHOPPING,Consumidor Livre,SUDESTE,96.0,45.477198
,2022-12-06,36693.0,COND CARIOCA SHOPPING,Consumidor Livre,SUDESTE,96.0,45.391482
,2022-12-07,36693.0,COND CARIOCA SHOPPING,Consumidor Livre,SUDESTE,96.0,46.388395
,2022-12-08,36693.0,COND CARIOCA SHOPPING,Consumidor Livre,SUDESTE,96.0,44.233027
,2022-12-09,36693.0,COND CARIOCA SHOPPING,Consumidor Livre,SUDESTE,96.0,44.589248
,2022-12-10,36693.0,COND CARIOCA SHOPPING,Consumidor Livre,SUDESTE,96.0,43.767863
,2022-12-11,36693.0,COND CARIOCA SHOPPING,Consumidor Livre,SUDESTE,96.0,41.75489
,2022-12-12,36693.0,COND CARIOCA SHOPPING,Consumidor Livre,SUDESTE,96.0,48.719196
,2022-12-13,36693.0,COND CARIOCA SHOPPING,Consumidor Livre,SUDESTE,96.0,45.851209
,2022-12-14,36693.0,COND CARIOCA SHOPPING,Consumidor Livre,SUDESTE,96.0,45.622284
,2022-12-15,36693.0,COND CARIOCA SHOPPING,Consumidor Livre,SUDESTE,96.0,47.057783
,2022-12-16,36693.0,COND CARIOCA SHOPPING,Consumidor Livre,SUDESTE,96.0,48.805751
,2022-12-17,36693.0,COND CARIOCA SHOPPING,Consumidor Livre,SUDESTE,96.0,48.518524
,2022-12-18,36693.0,COND CARIOCA SHOPPING,Consumidor Livre,SUDESTE,96.0,45.761768
,2022-12-19,36693.0,COND CARIOCA SHOPPING,Consumidor Livre,SUDESTE,96.0,46.583076
,2022-12-20,36693.0,COND CARIOCA SHOPPING,Consumidor Livre,SUDESTE,96.0,44.438376
,2022-12-21,36693.0,COND CARIOCA SHOPPING,Consumidor Livre,SUDESTE,96.0,46.257529
,2022-12-22,36693.0,COND CARIOCA SHOPPING,Consumidor Livre,SUDESTE,96.0,45.042614
,2022-12-23,36693.0,COND CARIOCA SHOPPING,Consumidor Livre,SUDESTE,96.0,46.970413
,2022-12-24,36693.0,COND CARIOCA SHOPPING,Consumidor Livre,SUDESTE,96.0,36.138613
,2022-12-25,36693.0,COND CARIOCA SHOPPING,Consumidor Livre,SUDESTE,96.0,24.705977
,2022-12-26,36693.0,COND CARIOCA SHOPPING,Consumidor Livre,SUDESTE,96.0,45.601851
,2022-12-27,36693.0,COND CARIOCA SHOPPING,Consumidor Livre,SUDESTE,96.0,46.902692
,2022-12-28,36693.0,COND CARIOCA SHOPPING,Consumidor Livre,SUDESTE,96.0,47.4973
,2022-12-29,36693.0,COND CARIOCA SHOPPING,Consumidor Livre,SUDESTE,96.0,47.742108
,2022-12-30,36693.0,COND CARIOCA SHOPPING,Consumidor Livre,SUDESTE,96.0,45.551213
,2022-12-31,36693.0,COND CARIOCA SHOPPING,Consumidor Livre,SUDESTE,96.0,32.438592
,2023-01-01,36693.0,COND CARIOCA SHOPPING,Consumidor Livre,SUDESTE,96.0,22.085665
,2023-01-02,36693.0,COND CARIOCA SHOPPING,Consumidor Livre,SUDESTE,96.0,46.812889
,2023-01-03,36693.0,COND CARIOCA SHOPPING,Consumidor Livre,SUDESTE,96.0,47.671683
,2023-01-04,36693.0,COND CARIOCA SHOPPING,Consumidor Livre,SUDESTE,96.0,47.405973
,2023-01-05,36693.0,COND CARIOCA SHOPPING,Consumidor Livre,SUDESTE,96.0,43.118962
,2023-01-06,36693.0,COND CARIOCA SHOPPING,Consumidor Livre,SUDESTE,96.0,43.224557
,2023-01-07,36693.0,COND CARIOCA SHOPPING,Consumidor Livre,SUDESTE,96.0,39.762991
,2023-01-08,36693.0,COND CARIOCA SHOPPING,Consumidor Livre,SUDESTE,96.0,36.465871
,2023-01-09,36693.0,COND CARIOCA SHOPPING,Consumidor Livre,SUDESTE,96.0,41.278583
,2023-01-10,36693.0,COND CARIOCA SHOPPING,Consumidor Livre,SUDESTE,96.0,44.686682
,2023-01-11,36693.0,COND CARIOCA SHOPPING,Consumidor Livre,SUDESTE,96.0,45.870155
,2023-01-12,36693.0,COND CARIOCA SHOPPING,Consumidor Livre,SUDESTE,96.0,46.644874
,2023-01-13,36693.0,COND CARIOCA SHOPPING,Consumidor Livre,SUDESTE,96.0,48.217821
,2023-01-14,36693.0,COND CARIOCA SHOPPING,Consumidor Livre,SUDESTE,96.0,49.698
,2023-01-15,36693.0,COND CARIOCA SHOPPING,Consumidor Livre,SUDESTE,96.0,43.35461
,2023-01-16,36693.0,COND CARIOCA SHOPPING,Consumidor Livre,SUDESTE,96.0,52.547256
,2023-01-17,36693.0,COND CARIOCA SHOPPING,Consumidor Livre,SUDESTE,96.0,51.477144
,2023-01-18,36693.0,COND CARIOCA SHOPPING,Consumidor Livre,SUDESTE,96.0,49.949152
,2023-01-19,36693.0,COND CARIOCA SHOPPING,Consumidor Livre,SUDESTE,96.0,48.208468
,2023-01-20,36693.0,COND CARIOCA SHOPPING,Consumidor Livre,SUDESTE,96.0,43.698748
,2023-01-21,36693.0,COND CARIOCA SHOPPING,Consumidor Livre,SUDESTE,96.0,46.855576
,2023-01-22,36693.0,COND CARIOCA SHOPPING,Consumidor Livre,SUDESTE,96.0,40.940092
,2023-01-23,36693.0,COND CARIOCA SHOPPING,Consumidor Livre,SUDESTE,96.0,48.221157
,2023-01-24,36693.0,COND CARIOCA SHOPPING,Consumidor Livre,SUDESTE,96.0,47.722177
,2023-01-25,36693.0,COND CARIOCA SHOPPING,Consumidor Livre,SUDESTE,96.0,47.876951
,2023-01-26,36693.0,COND CARIOCA SHOPPING,Consumidor Livre,SUDESTE,96.0,47.282368
,2023-01-27,36693.0,COND CARIOCA SHOPPING,Consumidor Livre,SUDESTE,96.0,49.027645
,2023-01-28,36693.0,COND CARIOCA SHOPPING,Consumidor Livre,SUDESTE,96.0,47.626177
,2023-01-29,36693.0,COND CARIOCA SHOPPING,Consumidor Livre,SUDESTE,96.0,40.196123
,2023-01-30,36693.0,COND CARIOCA SHOPPING,Consumidor Livre,SUDESTE,96.0,48.176983
,2023-01-31,36693.0,COND CARIOCA SHOPPING,Consumidor Livre,SUDESTE,96.0,49.441304
,2023-02-01,36693.0,COND CARIOCA SHOPPING,Consumidor Livre,SUDESTE,96.0,48.590903
,2023-02-02,36693.0,COND CARIOCA SHOPPING,Consumidor Livre,SUDESTE,96.0,48.994186
,2023-02-03,36693.0,COND CARIOCA SHOPPING,Consumidor Livre,SUDESTE,96.0,49.413657
,2023-02-04,36693.0,COND CARIOCA SHOPPING,Consumidor Livre,SUDESTE,96.0,51.375687
,2023-02-05,36693.0,COND CARIOCA SHOPPING,Consumidor Livre,SUDESTE,96.0,42.192792
,2023-02-06,36693.0,COND CARIOCA SHOPPING,Consumidor Livre,SUDESTE,96.0,50.333129
,2023-02-07,36693.0,COND CARIOCA SHOPPING,Consumidor Livre,SUDESTE,96.0,47.850251
,2023-02-08,36693.0,COND CARIOCA SHOPPING,Consumidor Livre,SUDESTE,96.0,46.459144
,2023-02-09,36693.0,COND CARIOCA SHOPPING,Consumidor Livre,SUDESTE,96.0,47.770999
,2023-02-10,36693.0,COND CARIOCA SHOPPING,Consumidor Livre,SUDESTE,96.0,46.872954
,2023-02-11,36693.0,COND CARIOCA SHOPPING,Consumidor Livre,SUDESTE,96.0,47.37862
,2023-02-12,36693.0,COND CARIOCA SHOPPING,Consumidor Livre,SUDESTE,96.0,40.614081
,2023-02-13,36693.0,COND CARIOCA SHOPPING,Consumidor Livre,SUDESTE,96.0,47.314353
,2023-02-14,36693.0,COND CARIOCA SHOPPING,Consumidor Livre,SUDESTE,96.0,48.094666
,2023-02-15,36693.0,COND CARIOCA SHOPPING,Consumidor Livre,SUDESTE,96.0,47.775128
,2023-02-16,36693.0,COND CARIOCA SHOPPING,Consumidor Livre,SUDESTE,96.0,48.49366
,2023-02-17,36693.0,COND CARIOCA SHOPPING,Consumidor Livre,SUDESTE,96.0,49.916617
,2023-02-18,36693.0,COND CARIOCA SHOPPING,Consumidor Livre,SUDESTE,96.0,48.223648
,2023-02-19,36693.0,COND CARIOCA SHOPPING,Consumidor Livre,SUDESTE,96.0,41.529218
,2023-02-20,36693.0,COND CARIOCA SHOPPING,Consumidor Livre,SUDESTE,96.0,45.894947
,2023-02-21,36693.0,COND CARIOCA SHOPPING,Consumidor Livre,SUDESTE,96.0,33.268816
,2023-02-22,36693.0,COND CARIOCA SHOPPING,Consumidor Livre,SUDESTE,96.0,44.452508
,2023-02-23,36693.0,COND CARIOCA SHOPPING,Consumidor Livre,SUDESTE,96.0,48.016892
,2023-02-24,36693.0,COND CARIOCA SHOPPING,Consumidor Livre,SUDESTE,96.0,47.922496
,2023-02-25,36693.0,COND CARIOCA SHOPPING,Consumidor Livre,SUDESTE,96.0,49.580354
,2023-02-26,36693.0,COND CARIOCA SHOPPING,Consumidor Livre,SUDESTE,96.0,43.753324
,2023-02-27,36693.0,COND CARIOCA SHOPPING,Consumidor Livre,SUDESTE,96.0,51.227303
,2023-02-28,36693.0,COND CARIOCA SHOPPING,Consumidor Livre,SUDESTE,96.0,49.592942
,2023-03-01,36693.0,COND CARIOCA SHOPPING,Consumidor Livre,SUDESTE,96.0,49.83658
,2023-03-02,36693.0,COND CARIOCA SHOPPING,Consumidor Livre,SUDESTE,96.0,49.994287
,2023-03-03,36693.0,COND CARIOCA SHOPPING,Consumidor Livre,SUDESTE,96.0,51.323348
,2023-03-04,36693.0,COND CARIOCA SHOPPING,Consumidor Livre,SUDESTE,96.0,52.095703
,2023-03-05,36693.0,COND CARIOCA SHOPPING,Consumidor Livre,SUDESTE,96.0,43.734703
,2023-03-06,36693.0,COND CARIOCA SHOPPING,Consumidor Livre,SUDESTE,96.0,46.949472
,2023-03-07,36693.0,COND CARIOCA SHOPPING,Consumidor Livre,SUDESTE,96.0,47.932824
,2023-03-08,36693.0,COND CARIOCA SHOPPING,Consumidor Livre,SUDESTE,96.0,48.860024
,2023-03-09,36693.0,COND CARIOCA SHOPPING,Consumidor Livre,SUDESTE,96.0,48.823967
,2023-03-10,36693.0,COND CARIOCA SHOPPING,Consumidor Livre,SUDESTE,96.0,50.371223
,2023-03-11,36693.0,COND CARIOCA SHOPPING,Consumidor Livre,SUDESTE,96.0,48.752776
,2023-03-12,36693.0,COND CARIOCA SHOPPING,Consumidor Livre,SUDESTE,96.0,40.947245
,2023-03-13,36693.0,COND CARIOCA SHOPPING,Consumidor Livre,SUDESTE,96.0,47.461454
,2023-03-14,36693.0,COND CARIOCA SHOPPING,Consumidor Livre,SUDESTE,96.0,48.370169
,2023-03-15,36693.0,COND CARIOCA SHOPPING,Consumidor Livre,SUDESTE,96.0,47.232043
,2023-03-16,36693.0,COND CARIOCA SHOPPING,Consumidor Livre,SUDESTE,96.0,46.29446
,2023-03-17,36693.0,COND CARIOCA SHOPPING,Consumidor Livre,SUDESTE,96.0,47.174746
,2023-03-18,36693.0,COND CARIOCA SHOPPING,Consumidor Livre,SUDESTE,96.0,46.95902
,2023-03-19,36693.0,COND CARIOCA SHOPPING,Consumidor Livre,SUDESTE,96.0,41.456912
,2023-03-20,36693.0,COND CARIOCA SHOPPING,Consumidor Livre,SUDESTE,96.0,48.822907
,2023-03-21,36693.0,COND CARIOCA SHOPPING,Consumidor Livre,SUDESTE,96.0,47.912836
,2023-03-22,36693.0,COND CARIOCA SHOPPING,Consumidor Livre,SUDESTE,96.0,46.707009
,2023-03-23,36693.0,COND CARIOCA SHOPPING,Consumidor Livre,SUDESTE,96.0,47.34828
,2023-03-24,36693.0,COND CARIOCA SHOPPING,Consumidor Livre,SUDESTE,96.0,49.143308
,2023-03-25,36693.0,COND CARIOCA SHOPPING,Consumidor Livre,SUDESTE,96.0,49.106872
,2023-03-26,36693.0,COND CARIOCA SHOPPING,Consumidor Livre,SUDESTE,96.0,43.459855
,2023-03-27,36693.0,COND CARIOCA SHOPPING,Consumidor Livre,SUDESTE,96.0,46.813672
,2023-03-28,36693.0,COND CARIOCA SHOPPING,Consumidor Livre,SUDESTE,96.0,45.678012
,2023-03-29,36693.0,COND CARIOCA SHOPPING,Consumidor Livre,SUDESTE,96.0,46.570925
,2023-03-30,36693.0,COND CARIOCA SHOPPING,Consumidor Livre,SUDESTE,96.0,46.8398
,2023-03-31,36693.0,COND CARIOCA SHOPPING,Consumidor Livre,SUDESTE,96.0,46.101404
,2023-04-01,36693.0,COND CARIOCA SHOPPING,Consumidor Livre,SUDESTE,96.0,45.897502
,2023-04-02,36693.0,COND CARIOCA SHOPPING,Consumidor Livre,SUDESTE,96.0,37.242127
,2023-04-03,36693.0,COND CARIOCA SHOPPING,Consumidor Livre,SUDESTE,96.0,42.851926
,2023-04-04,36693.0,COND CARIOCA SHOPPING,Consumidor Livre,SUDESTE,96.0,43.768856
,2023-04-05,36693.0,COND CARIOCA SHOPPING,Consumidor Livre,SUDESTE,96.0,44.713199
,2023-04-06,36693.0,COND CARIOCA SHOPPING,Consumidor Livre,SUDESTE,96.0,45.095202
,2023-04-07,36693.0,COND CARIOCA SHOPPING,Consumidor Livre,SUDESTE,96.0,39.242976
,2023-04-08,36693.0,COND CARIOCA SHOPPING,Consumidor Livre,SUDESTE,96.0,44.000933
,2023-04-09,36693.0,COND CARIOCA SHOPPING,Consumidor Livre,SUDESTE,96.0,35.657055
,2023-04-10,36693.0,COND CARIOCA SHOPPING,Consumidor Livre,SUDESTE,96.0,40.844847
,2023-04-11,36693.0,COND CARIOCA SHOPPING,Consumidor Livre,SUDESTE,96.0,41.846262
,2023-04-12,36693.0,COND CARIOCA SHOPPING,Consumidor Livre,SUDESTE,96.0,42.391023
,2023-04-13,36693.0,COND CARIOCA SHOPPING,Consumidor Livre,SUDESTE,96.0,43.463442
,2023-04-14,36693.0,COND CARIOCA SHOPPING,Consumidor Livre,SUDESTE,96.0,44.477449
,2023-04-15,36693.0,COND CARIOCA SHOPPING,Consumidor Livre,SUDESTE,96.0,44.018221
,2023-04-16,36693.0,COND CARIOCA SHOPPING,Consumidor Livre,SUDESTE,96.0,37.449499
,2023-04-17,36693.0,COND CARIOCA SHOPPING,Consumidor Livre,SUDESTE,96.0,43.022866
,2023-04-18,36693.0,COND CARIOCA SHOPPING,Consumidor Livre,SUDESTE,96.0,43.253982
,2023-04-19,36693.0,COND CARIOCA SHOPPING,Consumidor Livre,SUDESTE,96.0,41.561683
,2023-04-20,36693.0,COND CARIOCA SHOPPING,Consumidor Livre,SUDESTE,96.0,40.429143
,2023-04-21,36693.0,COND CARIOCA SHOPPING,Consumidor Livre,SUDESTE,96.0,35.763872
,2023-04-22,36693.0,COND CARIOCA SHOPPING,Consumidor Livre,SUDESTE,96.0,40.794079
,2023-04-23,36693.0,COND CARIOCA SHOPPING,Consumidor Livre,SUDESTE,96.0,33.89721
,2023-04-24,36693.0,COND CARIOCA SHOPPING,Consumidor Livre,SUDESTE,96.0,39.055612
,2023-04-25,36693.0,COND CARIOCA SHOPPING,Consumidor Livre,SUDESTE,96.0,36.561112
,2023-04-26,36693.0,COND CARIOCA SHOPPING,Consumidor Livre,SUDESTE,96.0,39.973452
,2023-04-27,36693.0,COND CARIOCA SHOPPING,Consumidor Livre,SUDESTE,96.0,40.602503
,2023-04-28,36693.0,COND CARIOCA SHOPPING,Consumidor Livre,SUDESTE,96.0,40.012226
,2023-04-29,36693.0,COND CARIOCA SHOPPING,Consumidor Livre,SUDESTE,96.0,40.540913
,2023-04-30,36693.0,COND CARIOCA SHOPPING,Consumidor Livre,SUDESTE,96.0,35.999345
,2023-05-01,36693.0,COND CARIOCA SHOPPING,Consumidor Livre,SUDESTE,96.0,35.106622
,2023-05-02,36693.0,COND CARIOCA SHOPPING,Consumidor Livre,SUDESTE,96.0,41.517439
,2023-05-03,36693.0,COND CARIOCA SHOPPING,Consumidor Livre,SUDESTE,96.0,41.144029
,2023-05-04,36693.0,COND CARIOCA SHOPPING,Consumidor Livre,SUDESTE,96.0,42.754329
,2023-05-05,36693.0,COND CARIOCA SHOPPING,Consumidor Livre,SUDESTE,96.0,41.819251
,2023-05-06,36693.0,COND CARIOCA SHOPPING,Consumidor Livre,SUDESTE,96.0,43.569862
,2023-05-07,36693.0,COND CARIOCA SHOPPING,Consumidor Livre,SUDESTE,96.0,36.638377
,2023-05-08,36693.0,COND CARIOCA SHOPPING,Consumidor Livre,SUDESTE,96.0,42.356265
,2023-05-09,36693.0,COND CARIOCA SHOPPING,Consumidor Livre,SUDESTE,96.0,42.192597
,2023-05-10,36693.0,COND CARIOCA SHOPPING,Consumidor Livre,SUDESTE,96.0,41.004438
,2023-05-11,36693.0,COND CARIOCA SHOPPING,Consumidor Livre,SUDESTE,96.0,38.323865
,2023-05-12,36693.0,COND CARIOCA SHOPPING,Consumidor Livre,SUDESTE,96.0,39.451676
,2023-05-13,36693.0,COND CARIOCA SHOPPING,Consumidor Livre,SUDESTE,96.0,38.191742
,2023-05-14,36693.0,COND CARIOCA SHOPPING,Consumidor Livre,SUDESTE,96.0,34.007671
,2023-05-15,36693.0,COND CARIOCA SHOPPING,Consumidor Livre,SUDESTE,96.0,36.428402
,2023-05-16,36693.0,COND CARIOCA SHOPPING,Consumidor Livre,SUDESTE,96.0,37.371664
,2023-05-17,36693.0,COND CARIOCA SHOPPING,Consumidor Livre,SUDESTE,96.0,36.163006
,2023-05-18,36693.0,COND CARIOCA SHOPPING,Consumidor Livre,SUDESTE,96.0,36.442987
,2023-05-19,36693.0,COND CARIOCA SHOPPING,Consumidor Livre,SUDESTE,96.0,34.050077
,2023-05-20,36693.0,COND CARIOCA SHOPPING,Consumidor Livre,SUDESTE,96.0,37.692124
,2023-05-21,36693.0,COND CARIOCA SHOPPING,Consumidor Livre,SUDESTE,96.0,32.435831
,2023-05-22,36693.0,COND CARIOCA SHOPPING,Consumidor Livre,SUDESTE,96.0,38.124856
,2023-05-23,36693.0,COND CARIOCA SHOPPING,Consumidor Livre,SUDESTE,96.0,38.097271
,2023-05-24,36693.0,COND CARIOCA SHOPPING,Consumidor Livre,SUDESTE,96.0,38.654153
,2023-05-25,36693.0,COND CARIOCA SHOPPING,Consumidor Livre,SUDESTE,96.0,38.569781
,2023-05-26,36693.0,COND CARIOCA SHOPPING,Consumidor Livre,SUDESTE,96.0,40.562457
,2023-05-27,36693.0,COND CARIOCA SHOPPING,Consumidor Livre,SUDESTE,96.0,38.51854
,2023-05-28,36693.0,COND CARIOCA SHOPPING,Consumidor Livre,SUDESTE,96.0,35.81162
,2023-05-29,36693.0,COND CARIOCA SHOPPING,Consumidor Livre,SUDESTE,96.0,36.179435
,2023-05-30,36693.0,COND CARIOCA SHOPPING,Consumidor Livre,SUDESTE,96.0,37.280046
,2023-05-31,36693.0,COND CARIOCA SHOPPING,Consumidor Livre,SUDESTE,96.0,35.658665
,2023-06-01,36693.0,COND CARIOCA SHOPPING,Consumidor Livre,SUDESTE,96.0,36.910015
,2023-06-02,36693.0,COND CARIOCA SHOPPING,Consumidor Livre,SUDESTE,96.0,36.715378
,2023-06-03,36693.0,COND CARIOCA SHOPPING,Consumidor Livre,SUDESTE,96.0,38.733698
,2023-06-04,36693.0,COND CARIOCA SHOPPING,Consumidor Livre,SUDESTE,96.0,31.463978
,2023-06-05,36693.0,COND CARIOCA SHOPPING,Consumidor Livre,SUDESTE,96.0,37.893322
,2023-06-06,36693.0,COND CARIOCA SHOPPING,Consumidor Livre,SUDESTE,96.0,36.082147
,2023-06-07,36693.0,COND CARIOCA SHOPPING,Consumidor Livre,SUDESTE,96.0,38.030858
,2023-06-08,36693.0,COND CARIOCA SHOPPING,Consumidor Livre,SUDESTE,96.0,34.06336
,2023-06-09,36693.0,COND CARIOCA SHOPPING,Consumidor Livre,SUDESTE,96.0,38.884416
,2023-06-10,36693.0,COND CARIOCA SHOPPING,Consumidor Livre,SUDESTE,96.0,38.436368
,2023-06-11,36693.0,COND CARIOCA SHOPPING,Consumidor Livre,SUDESTE,96.0,34.72551
,2023-06-12,36693.0,COND CARIOCA SHOPPING,Consumidor Livre,SUDESTE,96.0,40.644176
,2023-06-13,36693.0,COND CARIOCA SHOPPING,Consumidor Livre,SUDESTE,96.0,39.992462
,2023-06-14,36693.0,COND CARIOCA SHOPPING,Consumidor Livre,SUDESTE,96.0,39.146086
,2023-06-15,36693.0,COND CARIOCA SHOPPING,Consumidor Livre,SUDESTE,96.0,39.67455
,2023-06-16,36693.0,COND CARIOCA SHOPPING,Consumidor Livre,SUDESTE,96.0,39.451615
,2023-06-17,36693.0,COND CARIOCA SHOPPING,Consumidor Livre,SUDESTE,96.0,37.507941
,2023-06-18,36693.0,COND CARIOCA SHOPPING,Consumidor Livre,SUDESTE,96.0,31.651072
,2023-06-19,36693.0,COND CARIOCA SHOPPING,Consumidor Livre,SUDESTE,96.0,34.750128
,2023-06-20,36693.0,COND CARIOCA SHOPPING,Consumidor Livre,SUDESTE,96.0,34.399137
,2023-06-21,36693.0,COND CARIOCA SHOPPING,Consumidor Livre,SUDESTE,96.0,34.659882
,2023-06-22,36693.0,COND CARIOCA SHOPPING,Consumidor Livre,SUDESTE,96.0,33.694181
,2023-06-23,36693.0,COND CARIOCA SHOPPING,Consumidor Livre,SUDESTE,96.0,35.510665
,2023-06-24,36693.0,COND CARIOCA SHOPPING,Consumidor Livre,SUDESTE,96.0,37.179573
,2023-06-25,36693.0,COND CARIOCA SHOPPING,Consumidor Livre,SUDESTE,96.0,33.118885
,2023-06-26,36693.0,COND CARIOCA SHOPPING,Consumidor Livre,SUDESTE,96.0,36.449994
,2023-06-27,36693.0,COND CARIOCA SHOPPING,Consumidor Livre,SUDESTE,96.0,37.181897
,2023-06-28,36693.0,COND CARIOCA SHOPPING,Consumidor Livre,SUDESTE,96.0,38.446896
,2023-06-29,36693.0,COND CARIOCA SHOPPING,Consumidor Livre,SUDESTE,96.0,39.354847
,2023-06-30,36693.0,COND CARIOCA SHOPPING,Consumidor Livre,SUDESTE,96.0,38.5485
,2023-07-01,36693.0,COND CARIOCA SHOPPING,Consumidor Livre,SUDESTE,96.0,39.085004
,2023-07-02,36693.0,COND CARIOCA SHOPPING,Consumidor Livre,SUDESTE,96.0,32.865427
,2023-07-03,36693.0,COND CARIOCA SHOPPING,Consumidor Livre,SUDESTE,96.0,34.222861
,2023-07-04,36693.0,COND CARIOCA SHOPPING,Consumidor Livre,SUDESTE,96.0,34.240132
,2023-07-05,36693.0,COND CARIOCA SHOPPING,Consumidor Livre,SUDESTE,96.0,34.380336
,2023-07-06,36693.0,COND CARIOCA SHOPPING,Consumidor Livre,SUDESTE,96.0,34.629174
,2023-07-07,36693.0,COND CARIOCA SHOPPING,Consumidor Livre,SUDESTE,96.0,36.005191
,2023-07-08,36693.0,COND CARIOCA SHOPPING,Consumidor Livre,SUDESTE,96.0,36.516604
,2023-07-09,36693.0,COND CARIOCA SHOPPING,Consumidor Livre,SUDESTE,96.0,31.390252
,2023-07-10,36693.0,COND CARIOCA SHOPPING,Consumidor Livre,SUDESTE,96.0,36.908316
,2023-07-11,36693.0,COND CARIOCA SHOPPING,Consumidor Livre,SUDESTE,96.0,38.594162
,2023-07-12,36693.0,COND CARIOCA SHOPPING,Consumidor Livre,SUDESTE,96.0,38.877035
,2023-07-13,36693.0,COND CARIOCA SHOPPING,Consumidor Livre,SUDESTE,96.0,40.309633
,2023-07-14,36693.0,COND CARIOCA SHOPPING,Consumidor Livre,SUDESTE,96.0,36.025249
,2023-07-15,36693.0,COND CARIOCA SHOPPING,Consumidor Livre,SUDESTE,96.0,35.504543
,2023-07-16,36693.0,COND CARIOCA SHOPPING,Consumidor Livre,SUDESTE,96.0,31.613088
,2023-07-17,36693.0,COND CARIOCA SHOPPING,Consumidor Livre,SUDESTE,96.0,37.037707
,2023-07-18,36693.0,COND CARIOCA SHOPPING,Consumidor Livre,SUDESTE,96.0,36.450189
,2023-07-19,36693.0,COND CARIOCA SHOPPING,Consumidor Livre,SUDESTE,96.0,36.007293
,2023-07-20,36693.0,COND CARIOCA SHOPPING,Consumidor Livre,SUDESTE,96.0,36.322327
,2023-07-21,36693.0,COND CARIOCA SHOPPING,Consumidor Livre,SUDESTE,96.0,37.058598
,2023-07-22,36693.0,COND CARIOCA SHOPPING,Consumidor Livre,SUDESTE,96.0,36.402325
,2023-07-23,36693.0,COND CARIOCA SHOPPING,Consumidor Livre,SUDESTE,96.0,32.444787
,2023-07-24,36693.0,COND CARIOCA SHOPPING,Consumidor Livre,SUDESTE,96.0,39.018295
,2023-07-25,36693.0,COND CARIOCA SHOPPING,Consumidor Livre,SUDESTE,96.0,40.009229
,2023-07-26,36693.0,COND CARIOCA SHOPPING,Consumidor Livre,SUDESTE,96.0,39.401504
,2023-07-27,36693.0,COND CARIOCA SHOPPING,Consumidor Livre,SUDESTE,96.0,40.449736
,2023-07-28,36693.0,COND CARIOCA SHOPPING,Consumidor Livre,SUDESTE,96.0,40.017979
,2023-07-29,36693.0,COND CARIOCA SHOPPING,Consumidor Livre,SUDESTE,96.0,38.015887
,2023-07-30,36693.0,COND CARIOCA SHOPPING,Consumidor Livre,SUDESTE,96.0,31.593071
,2023-07-31,36693.0,COND CARIOCA SHOPPING,Consumidor Livre,SUDESTE,96.0,37.579963
,2023-08-01,36693.0,COND CARIOCA SHOPPING,Consumidor Livre,SUDESTE,96.0,37.525392
,2023-08-02,36693.0,COND CARIOCA SHOPPING,Consumidor Livre,SUDESTE,96.0,37.079259
,2023-08-03,36693.0,COND CARIOCA SHOPPING,Consumidor Livre,SUDESTE,96.0,39.024695
,2023-08-04,36693.0,COND CARIOCA SHOPPING,Consumidor Livre,SUDESTE,96.0,39.775403
,2023-08-05,36693.0,COND CARIOCA SHOPPING,Consumidor Livre,SUDESTE,96.0,39.337179
,2023-08-06,36693.0,COND CARIOCA SHOPPING,Consumidor Livre,SUDESTE,96.0,34.810645
,2023-08-07,36693.0,COND CARIOCA SHOPPING,Consumidor Livre,SUDESTE,96.0,40.02258
,2023-08-08,36693.0,COND CARIOCA SHOPPING,Consumidor Livre,SUDESTE,96.0,37.060514
,2023-08-09,36693.0,COND CARIOCA SHOPPING,Consumidor Livre,SUDESTE,96.0,36.637266
,2023-08-10,36693.0,COND CARIOCA SHOPPING,Consumidor Livre,SUDESTE,96.0,38.860197
,2023-08-11,36693.0,COND CARIOCA SHOPPING,Consumidor Livre,SUDESTE,96.0,41.0807
,2023-08-12,36693.0,COND CARIOCA SHOPPING,Consumidor Livre,SUDESTE,96.0,41.948057
,2023-08-13,36693.0,COND CARIOCA SHOPPING,Consumidor Livre,SUDESTE,96.0,33.047323
,2023-08-14,36693.0,COND CARIOCA SHOPPING,Consumidor Livre,SUDESTE,96.0,37.410863
,2023-08-15,36693.0,COND CARIOCA SHOPPING,Consumidor Livre,SUDESTE,96.0,36.741897
,2023-08-16,36693.0,COND CARIOCA SHOPPING,Consumidor Livre,SUDESTE,96.0,39.115672
,2023-08-17,36693.0,COND CARIOCA SHOPPING,Consumidor Livre,SUDESTE,96.0,37.911462
,2023-08-18,36693.0,COND CARIOCA SHOPPING,Consumidor Livre,SUDESTE,96.0,41.685777
,2023-08-19,36693.0,COND CARIOCA SHOPPING,Consumidor Livre,SUDESTE,96.0,42.048125
,2023-08-20,36693.0,COND CARIOCA SHOPPING,Consumidor Livre,SUDESTE,96.0,33.600299
,2023-08-21,36693.0,COND CARIOCA SHOPPING,Consumidor Livre,SUDESTE,96.0,38.528712
,2023-08-22,36693.0,COND CARIOCA SHOPPING,Consumidor Livre,SUDESTE,96.0,36.444737
,2023-08-23,36693.0,COND CARIOCA SHOPPING,Consumidor Livre,SUDESTE,96.0,42.676202
,2023-08-24,36693.0,COND CARIOCA SHOPPING,Consumidor Livre,SUDESTE,96.0,43.20785
,2023-08-25,36693.0,COND CARIOCA SHOPPING,Consumidor Livre,SUDESTE,96.0,42.945686
,2023-08-26,36693.0,COND CARIOCA SHOPPING,Consumidor Livre,SUDESTE,96.0,38.301898
,2023-08-27,36693.0,COND CARIOCA SHOPPING,Consumidor Livre,SUDESTE,96.0,30.53556
,2023-08-28,36693.0,COND CARIOCA SHOPPING,Consumidor Livre,SUDESTE,96.0,33.323208
,2023-08-29,36693.0,COND CARIOCA SHOPPING,Consumidor Livre,SUDESTE,96.0,33.571433
,2023-08-30,36693.0,COND CARIOCA SHOPPING,Consumidor Livre,SUDESTE,96.0,34.957744
,2023-08-31,36693.0,COND CARIOCA SHOPPING,Consumidor Livre,SUDESTE,96.0,35.250664
,2023-09-01,36693.0,COND CARIOCA SHOPPING,Consumidor Livre,SUDESTE,96.0,38.613034
,2023-09-02,36693.0,COND CARIOCA SHOPPING,Consumidor Livre,SUDESTE,96.0,40.074732
,2023-09-03,36693.0,COND CARIOCA SHOPPING,Consumidor Livre,SUDESTE,96.0,36.932552
,2023-09-04,36693.0,COND CARIOCA SHOPPING,Consumidor Livre,SUDESTE,96.0,43.79345
,2023-09-05,36693.0,COND CARIOCA SHOPPING,Consumidor Livre,SUDESTE,96.0,41.675088
,2023-09-06,36693.0,COND CARIOCA SHOPPING,Consumidor Livre,SUDESTE,96.0,37.478234
,2023-09-07,36693.0,COND CARIOCA SHOPPING,Consumidor Livre,SUDESTE,96.0,35.166146
,2023-09-08,36693.0,COND CARIOCA SHOPPING,Consumidor Livre,SUDESTE,96.0,40.774982
,2023-09-09,36693.0,COND CARIOCA SHOPPING,Consumidor Livre,SUDESTE,96.0,41.599088
,2023-09-10,36693.0,COND CARIOCA SHOPPING,Consumidor Livre,SUDESTE,96.0,35.602235
,2023-09-11,36693.0,COND CARIOCA SHOPPING,Consumidor Livre,SUDESTE,96.0,41.80698
,2023-09-12,36693.0,COND CARIOCA SHOPPING,Consumidor Livre,SUDESTE,96.0,41.494486
,2023-09-13,36693.0,COND CARIOCA SHOPPING,Consumidor Livre,SUDESTE,96.0,43.275271
,2023-09-14,36693.0,COND CARIOCA SHOPPING,Consumidor Livre,SUDESTE,96.0,42.572169
,2023-09-15,36693.0,COND CARIOCA SHOPPING,Consumidor Livre,SUDESTE,96.0,38.043971
,2023-09-16,36693.0,COND CARIOCA SHOPPING,Consumidor Livre,SUDESTE,96.0,40.50445
,2023-09-17,36693.0,COND CARIOCA SHOPPING,Consumidor Livre,SUDESTE,96.0,36.397665
,2023-09-18,36693.0,COND CARIOCA SHOPPING,Consumidor Livre,SUDESTE,96.0,43.393276
,2023-09-19,36693.0,COND CARIOCA SHOPPING,Consumidor Livre,SUDESTE,96.0,43.137325
,2023-09-20,36693.0,COND CARIOCA SHOPPING,Consumidor Livre,SUDESTE,96.0,42.030049
,2023-09-21,36693.0,COND CARIOCA SHOPPING,Consumidor Livre,SUDESTE,96.0,43.414319
,2023-09-22,36693.0,COND CARIOCA SHOPPING,Consumidor Livre,SUDESTE,96.0,44.382183
,2023-09-23,36693.0,COND CARIOCA SHOPPING,Consumidor Livre,SUDESTE,96.0,43.155184
,2023-09-24,36693.0,COND CARIOCA SHOPPING,Consumidor Livre,SUDESTE,96.0,38.922206
,2023-09-25,36693.0,COND CARIOCA SHOPPING,Consumidor Livre,SUDESTE,96.0,43.913016
,2023-09-26,36693.0,COND CARIOCA SHOPPING,Consumidor Livre,SUDESTE,96.0,44.367857
,2023-09-27,36693.0,COND CARIOCA SHOPPING,Consumidor Livre,SUDESTE,96.0,44.960449
,2023-09-28,36693.0,COND CARIOCA SHOPPING,Consumidor Livre,SUDESTE,96.0,35.880522
,2023-09-29,36693.0,COND CARIOCA SHOPPING,Consumidor Livre,SUDESTE,96.0,38.786668
,2023-09-30,36693.0,COND CARIOCA SHOPPING,Consumidor Livre,SUDESTE,96.0,39.659543
,2023-10-01,36693.0,COND CARIOCA SHOPPING,Consumidor Livre,SUDESTE,96.0,31.914016
,2023-10-02,36693.0,COND CARIOCA SHOPPING,Consumidor Livre,SUDESTE,96.0,37.211791
,2023-10-03,36693.0,COND CARIOCA SHOPPING,Consumidor Livre,SUDESTE,96.0,34.628782
,2023-10-04,36693.0,COND CARIOCA SHOPPING,Consumidor Livre,SUDESTE,96.0,40.747997
,2023-10-05,36693.0,COND CARIOCA SHOPPING,Consumidor Livre,SUDESTE,96.0,39.755817
,2023-10-06,36693.0,COND CARIOCA SHOPPING,Consumidor Livre,SUDESTE,96.0,43.535004
,2023-10-07,36693.0,COND CARIOCA SHOPPING,Consumidor Livre,SUDESTE,96.0,46.606409
,2023-10-08,36693.0,COND CARIOCA SHOPPING,Consumidor Livre,SUDESTE,96.0,38.504045
,2023-10-09,36693.0,COND CARIOCA SHOPPING,Consumidor Livre,SUDESTE,96.0,42.603092
,2023-10-10,36693.0,COND CARIOCA SHOPPING,Consumidor Livre,SUDESTE,96.0,39.935756
,2023-10-11,36693.0,COND CARIOCA SHOPPING,Consumidor Livre,SUDESTE,96.0,43.303539
,2023-10-12,36693.0,COND CARIOCA SHOPPING,Consumidor Livre,SUDESTE,96.0,41.14938
,2023-10-13,36693.0,COND CARIOCA SHOPPING,Consumidor Livre,SUDESTE,96.0,42.801747
,2023-10-14,36693.0,COND CARIOCA SHOPPING,Consumidor Livre,SUDESTE,96.0,39.646319
,2023-10-15,36693.0,COND CARIOCA SHOPPING,Consumidor Livre,SUDESTE,96.0,36.221182
,2023-10-16,36693.0,COND CARIOCA SHOPPING,Consumidor Livre,SUDESTE,96.0,31.653223
,2023-10-17,36693.0,COND CARIOCA SHOPPING,Consumidor Livre,SUDESTE,96.0,43.229812
,2023-10-18,36693.0,COND CARIOCA SHOPPING,Consumidor Livre,SUDESTE,96.0,41.955786
,2023-10-19,36693.0,COND CARIOCA SHOPPING,Consumidor Livre,SUDESTE,96.0,39.112173
,2023-10-20,36693.0,COND CARIOCA SHOPPING,Consumidor Livre,SUDESTE,96.0,36.524029
,2023-10-21,36693.0,COND CARIOCA SHOPPING,Consumidor Livre,SUDESTE,96.0,38.707924
,2023-10-22,36693.0,COND CARIOCA SHOPPING,Consumidor Livre,SUDESTE,96.0,32.722133
,2023-10-23,36693.0,COND CARIOCA SHOPPING,Consumidor Livre,SUDESTE,96.0,40.187951
,2023-10-24,36693.0,COND CARIOCA SHOPPING,Consumidor Livre,SUDESTE,96.0,43.124182
,2023-10-25,36693.0,COND CARIOCA SHOPPING,Consumidor Livre,SUDESTE,96.0,41.272264
,2023-10-26,36693.0,COND CARIOCA SHOPPING,Consumidor Livre,SUDESTE,96.0,38.275506
,2023-10-27,36693.0,COND CARIOCA SHOPPING,Consumidor Livre,SUDESTE,96.0,40.519471
,2023-10-28,36693.0,COND CARIOCA SHOPPING,Consumidor Livre,SUDESTE,96.0,42.519486
,2023-10-29,36693.0,COND CARIOCA SHOPPING,Consumidor Livre,SUDESTE,96.0,37.294448
,2023-10-30,36693.0,COND CARIOCA SHOPPING,Consumidor Livre,SUDESTE,96.0,43.148911
,2023-10-31,36693.0,COND CARIOCA SHOPPING,Consumidor Livre,SUDESTE,96.0,44.161222
,2023-11-01,36693.0,COND CARIOCA SHOPPING,Consumidor Livre,SUDESTE,96.0,43.712645
,2023-11-02,36693.0,COND CARIOCA SHOPPING,Consumidor Livre,SUDESTE,96.0,36.648598
,2023-11-03,36693.0,COND CARIOCA SHOPPING,Consumidor Livre,SUDESTE,96.0,44.246884
,2023-11-04,36693.0,COND CARIOCA SHOPPING,Consumidor Livre,SUDESTE,96.0,41.460235
,2023-11-05,36693.0,COND CARIOCA SHOPPING,Consumidor Livre,SUDESTE,96.0,34.11601
,2023-11-06,36693.0,COND CARIOCA SHOPPING,Consumidor Livre,SUDESTE,96.0,39.69999
,2023-11-07,36693.0,COND CARIOCA SHOPPING,Consumidor Livre,SUDESTE,96.0,38.492945
,2023-11-08,36693.0,COND CARIOCA SHOPPING,Consumidor Livre,SUDESTE,96.0,40.886134
,2023-11-09,36693.0,COND CARIOCA SHOPPING,Consumidor Livre,SUDESTE,96.0,44.193514
,2023-11-10,36693.0,COND CARIOCA SHOPPING,Consumidor Livre,SUDESTE,96.0,44.840323
,2023-11-11,36693.0,COND CARIOCA SHOPPING,Consumidor Livre,SUDESTE,96.0,45.780839
,2023-11-12,36693.0,COND CARIOCA SHOPPING,Consumidor Livre,SUDESTE,96.0,40.192127
,2023-11-13,36693.0,COND CARIOCA SHOPPING,Consumidor Livre,SUDESTE,96.0,46.833747
,2023-11-14,36693.0,COND CARIOCA SHOPPING,Consumidor Livre,SUDESTE,96.0,49.060706
,2023-11-15,36693.0,COND CARIOCA SHOPPING,Consumidor Livre,SUDESTE,96.0,46.76335
,2023-11-16,36693.0,COND CARIOCA SHOPPING,Consumidor Livre,SUDESTE,96.0,48.338584
,2023-11-17,36693.0,COND CARIOCA SHOPPING,Consumidor Livre,SUDESTE,96.0,48.924576
,2023-11-18,36693.0,COND CARIOCA SHOPPING,Consumidor Livre,SUDESTE,96.0,45.047554
,2023-11-19,36693.0,COND CARIOCA SHOPPING,Consumidor Livre,SUDESTE,96.0,40.110522
,2023-11-20,36693.0,COND CARIOCA SHOPPING,Consumidor Livre,SUDESTE,96.0,39.70078
,2023-11-21,36693.0,COND CARIOCA SHOPPING,Consumidor Livre,SUDESTE,96.0,45.015219
,2023-11-22,36693.0,COND CARIOCA SHOPPING,Consumidor Livre,SUDESTE,96.0,48.821126
,2023-11-23,36693.0,COND CARIOCA SHOPPING,Consumidor Livre,SUDESTE,96.0,48.672574
,2023-11-24,36693.0,COND CARIOCA SHOPPING,Consumidor Livre,SUDESTE,96.0,46.188334
,2023-11-25,36693.0,COND CARIOCA SHOPPING,Consumidor Livre,SUDESTE,96.0,42.183192
,2023-11-26,36693.0,COND CARIOCA SHOPPING,Consumidor Livre,SUDESTE,96.0,37.328934
,2023-11-27,36693.0,COND CARIOCA SHOPPING,Consumidor Livre,SUDESTE,96.0,43.643102
,2023-11-28,36693.0,COND CARIOCA SHOPPING,Consumidor Livre,SUDESTE,96.0,45.718159
,2023-11-29,36693.0,COND CARIOCA SHOPPING,Consumidor Livre,SUDESTE,96.0,44.798843
,2023-11-30,36693.0,COND CARIOCA SHOPPING,Consumidor Livre,SUDESTE,96.0,47.949712
,2023-12-01,36693.0,COND CARIOCA SHOPPING,Consumidor Livre,SUDESTE,96.0,46.424079
,2023-12-02,36693.0,COND CARIOCA SHOPPING,Consumidor Livre,SUDESTE,96.0,48.402242
,2023-12-03,36693.0,COND CARIOCA SHOPPING,Consumidor Livre,SUDESTE,96.0,41.561372
,2023-12-04,36693.0,COND CARIOCA SHOPPING,Consumidor Livre,SUDESTE,96.0,47.838587
,2023-12-05,36693.0,COND CARIOCA SHOPPING,Consumidor Livre,SUDESTE,96.0,45.576436
,2023-12-06,36693.0,COND CARIOCA SHOPPING,Consumidor Livre,SUDESTE,96.0,47.689602
,2023-12-07,36693.0,COND CARIOCA SHOPPING,Consumidor Livre,SUDESTE,96.0,50.803325
,2023-12-08,36693.0,COND CARIOCA SHOPPING,Consumidor Livre,SUDESTE,96.0,50.814118
,2023-12-09,36693.0,COND CARIOCA SHOPPING,Consumidor Livre,SUDESTE,96.0,45.079072
,2023-12-10,36693.0,COND CARIOCA SHOPPING,Consumidor Livre,SUDESTE,96.0,38.043018
,2023-12-11,36693.0,COND CARIOCA SHOPPING,Consumidor Livre,SUDESTE,96.0,42.038669
,2023-12-12,36693.0,COND CARIOCA SHOPPING,Consumidor Livre,SUDESTE,96.0,44.002383
,2023-12-13,36693.0,COND CARIOCA SHOPPING,Consumidor Livre,SUDESTE,96.0,43.466117
,2023-12-14,36693.0,COND CARIOCA SHOPPING,Consumidor Livre,SUDESTE,96.0,47.877529
,2023-12-15,36693.0,COND CARIOCA SHOPPING,Consumidor Livre,SUDESTE,96.0,48.404339
,2023-12-16,36693.0,COND CARIOCA SHOPPING,Consumidor Livre,SUDESTE,96.0,51.2645
,2023-12-17,36693.0,COND CARIOCA SHOPPING,Consumidor Livre,SUDESTE,96.0,47.57991
,2023-12-18,36693.0,COND CARIOCA SHOPPING,Consumidor Livre,SUDESTE,96.0,50.208959
,2023-12-19,36693.0,COND CARIOCA SHOPPING,Consumidor Livre,SUDESTE,96.0,50.074631
,2023-12-20,36693.0,COND CARIOCA SHOPPING,Consumidor Livre,SUDESTE,96.0,48.594852
,2023-12-21,36693.0,COND CARIOCA SHOPPING,Consumidor Livre,SUDESTE,96.0,50.25444
,2023-12-22,36693.0,COND CARIOCA SHOPPING,Consumidor Livre,SUDESTE,96.0,53.28249
,2023-12-23,36693.0,COND CARIOCA SHOPPING,Consumidor Livre,SUDESTE,96.0,53.177055
,2023-12-24,36693.0,COND CARIOCA SHOPPING,Consumidor Livre,SUDESTE,96.0,39.170786
,2023-12-25,36693.0,COND CARIOCA SHOPPING,Consumidor Livre,SUDESTE,96.0,22.852101
,2023-12-26,36693.0,COND CARIOCA SHOPPING,Consumidor Livre,SUDESTE,96.0,50.144811
,2023-12-27,36693.0,COND CARIOCA SHOPPING,Consumidor Livre,SUDESTE,96.0,45.560725
,2023-12-28,36693.0,COND CARIOCA SHOPPING,Consumidor Livre,SUDESTE,96.0,47.403446
,2023-12-29,36693.0,COND CARIOCA SHOPPING,Consumidor Livre,SUDESTE,96.0,48.168863
,2023-12-30,36693.0,COND CARIOCA SHOPPING,Consumidor Livre,SUDESTE,96.0,47.708511
,2023-12-31,36693.0,COND CARIOCA SHOPPING,Consumidor Livre,SUDESTE,96.0,28.817233
,2024-01-01,36693.0,COND CARIOCA SHOPPING,Consumidor Livre,SUDESTE,96.0,24.455192
,2024-01-02,36693.0,COND CARIOCA SHOPPING,Consumidor Livre,SUDESTE,96.0,43.964949
,2024-01-03,36693.0,COND CARIOCA SHOPPING,Consumidor Livre,SUDESTE,96.0,45.527753
,2024-01-04,36693.0,COND CARIOCA SHOPPING,Consumidor Livre,SUDESTE,96.0,43.263813
,2024-01-05,36693.0,COND CARIOCA SHOPPING,Consumidor Livre,SUDESTE,96.0,45.953593
,2024-01-06,36693.0,COND CARIOCA SHOPPING,Consumidor Livre,SUDESTE,96.0,45.43461
,2024-01-07,36693.0,COND CARIOCA SHOPPING,Consumidor Livre,SUDESTE,96.0,39.312862
,2024-01-08,36693.0,COND CARIOCA SHOPPING,Consumidor Livre,SUDESTE,96.0,47.032355
,2024-01-09,36693.0,COND CARIOCA SHOPPING,Consumidor Livre,SUDESTE,96.0,49.594904
,2024-01-10,36693.0,COND CARIOCA SHOPPING,Consumidor Livre,SUDESTE,96.0,50.670982
,2024-01-11,36693.0,COND CARIOCA SHOPPING,Consumidor Livre,SUDESTE,96.0,49.717974
,2024-01-12,36693.0,COND CARIOCA SHOPPING,Consumidor Livre,SUDESTE,96.0,48.471178
,2024-01-13,36693.0,COND CARIOCA SHOPPING,Consumidor Livre,SUDESTE,96.0,48.004824
,2024-01-14,36693.0,COND CARIOCA SHOPPING,Consumidor Livre,SUDESTE,96.0,38.455227
,2024-01-15,36693.0,COND CARIOCA SHOPPING,Consumidor Livre,SUDESTE,96.0,47.314032
,2024-01-16,36693.0,COND CARIOCA SHOPPING,Consumidor Livre,SUDESTE,96.0,49.359446
,2024-01-17,36693.0,COND CARIOCA SHOPPING,Consumidor Livre,SUDESTE,96.0,52.738315
,2024-01-18,36693.0,COND CARIOCA SHOPPING,Consumidor Livre,SUDESTE,96.0,50.823929
,2024-01-19,36693.0,COND CARIOCA SHOPPING,Consumidor Livre,SUDESTE,96.0,49.892757
,2024-01-20,36693.0,COND CARIOCA SHOPPING,Consumidor Livre,SUDESTE,96.0,50.122732
,2024-01-21,36693.0,COND CARIOCA SHOPPING,Consumidor Livre,SUDESTE,96.0,41.441
,2024-01-22,36693.0,COND CARIOCA SHOPPING,Consumidor Livre,SUDESTE,96.0,45.457645
,2024-01-23,36693.0,COND CARIOCA SHOPPING,Consumidor Livre,SUDESTE,96.0,42.14628
,2024-01-24,36693.0,COND CARIOCA SHOPPING,Consumidor Livre,SUDESTE,96.0,39.188667
,2024-01-25,36693.0,COND CARIOCA SHOPPING,Consumidor Livre,SUDESTE,96.0,42.592002
,2024-01-26,36693.0,COND CARIOCA SHOPPING,Consumidor Livre,SUDESTE,96.0,41.170581
,2024-01-27,36693.0,COND CARIOCA SHOPPING,Consumidor Livre,SUDESTE,96.0,42.808015
,2024-01-28,36693.0,COND CARIOCA SHOPPING,Consumidor Livre,SUDESTE,96.0,35.810818
,2024-01-29,36693.0,COND CARIOCA SHOPPING,Consumidor Livre,SUDESTE,96.0,44.566763
,2024-01-30,36693.0,COND CARIOCA SHOPPING,Consumidor Livre,SUDESTE,96.0,46.180474
,2024-01-31,36693.0,COND CARIOCA SHOPPING,Consumidor Livre,SUDESTE,96.0,44.642044
,2024-02-01,36693.0,COND CARIOCA SHOPPING,Consumidor Livre,SUDESTE,96.0,44.298037
,2024-02-02,36693.0,COND CARIOCA SHOPPING,Consumidor Livre,SUDESTE,96.0,45.968825
,2024-02-03,36693.0,COND CARIOCA SHOPPING,Consumidor Livre,SUDESTE,96.0,45.646081
,2024-02-04,36693.0,COND CARIOCA SHOPPING,Consumidor Livre,SUDESTE,96.0,38.980395
,2024-02-05,36693.0,COND CARIOCA SHOPPING,Consumidor Livre,SUDESTE,96.0,44.703164
,2024-02-06,36693.0,COND CARIOCA SHOPPING,Consumidor Livre,SUDESTE,96.0,46.111014
,2024-02-07,36693.0,COND CARIOCA SHOPPING,Consumidor Livre,SUDESTE,96.0,46.601612
,2024-02-08,36693.0,COND CARIOCA SHOPPING,Consumidor Livre,SUDESTE,96.0,41.840467
,2024-02-09,36693.0,COND CARIOCA SHOPPING,Consumidor Livre,SUDESTE,96.0,46.527772
,2024-02-10,36693.0,COND CARIOCA SHOPPING,Consumidor Livre,SUDESTE,96.0,45.318606
,2024-02-11,36693.0,COND CARIOCA SHOPPING,Consumidor Livre,SUDESTE,96.0,38.879515
,2024-02-12,36693.0,COND CARIOCA SHOPPING,Consumidor Livre,SUDESTE,96.0,45.443065
,2024-02-13,36693.0,COND CARIOCA SHOPPING,Consumidor Livre,SUDESTE,96.0,33.317798
,2024-02-14,36693.0,COND CARIOCA SHOPPING,Consumidor Livre,SUDESTE,96.0,46.004871
,2024-02-15,36693.0,COND CARIOCA SHOPPING,Consumidor Livre,SUDESTE,96.0,39.514791
,2024-02-16,36693.0,COND CARIOCA SHOPPING,Consumidor Livre,SUDESTE,96.0,43.436824
,2024-02-17,36693.0,COND CARIOCA SHOPPING,Consumidor Livre,SUDESTE,96.0,44.740758
,2024-02-18,36693.0,COND CARIOCA SHOPPING,Consumidor Livre,SUDESTE,96.0,38.747641
,2024-02-19,36693.0,COND CARIOCA SHOPPING,Consumidor Livre,SUDESTE,96.0,44.798741
,2024-02-20,36693.0,COND CARIOCA SHOPPING,Consumidor Livre,SUDESTE,96.0,43.709922
,2024-02-21,36693.0,COND CARIOCA SHOPPING,Consumidor Livre,SUDESTE,96.0,44.247736
,2024-02-22,36693.0,COND CARIOCA SHOPPING,Consumidor Livre,SUDESTE,96.0,45.004528
,2024-02-23,36693.0,COND CARIOCA SHOPPING,Consumidor Livre,SUDESTE,96.0,46.691165
,2024-02-24,36693.0,COND CARIOCA SHOPPING,Consumidor Livre,SUDESTE,96.0,47.892685
,2024-02-25,36693.0,COND CARIOCA SHOPPING,Consumidor Livre,SUDESTE,96.0,40.52018
,2024-02-26,36693.0,COND CARIOCA SHOPPING,Consumidor Livre,SUDESTE,96.0,46.602327
,2024-02-27,36693.0,COND CARIOCA SHOPPING,Consumidor Livre,SUDESTE,96.0,46.684607
,2024-02-28,36693.0,COND CARIOCA SHOPPING,Consumidor Livre,SUDESTE,96.0,47.308952
,2024-02-29,36693.0,COND CARIOCA SHOPPING,Consumidor Livre,SUDESTE,96.0,46.526573
202403.0,2024-03-01,36693.0,COND CARIOCA SHOPPING,Consumidor Livre,SUDESTE,96.0,47.268829
202403.0,2024-03-01,36693.0,COND CARIOCA SHOPPING,Consumidor Livre,SUDESTE,96.0,47.268829
,2024-03-01,,COND CARIOCA SHOPPING,,,96.0,47.268829
202403.0,2024-03-02,36693.0,COND CARIOCA SHOPPING,Consumidor Livre,SUDESTE,96.0,45.821368
202403.0,2024-03-02,36693.0,COND CARIOCA SHOPPING,Consumidor Livre,SUDESTE,96.0,45.821368
,2024-03-02,,COND CARIOCA SHOPPING,,,96.0,45.821368
202403.0,2024-03-03,36693.0,COND CARIOCA SHOPPING,Consumidor Livre,SUDESTE,96.0,40.035096
202403.0,2024-03-03,36693.0,COND CARIOCA SHOPPING,Consumidor Livre,SUDESTE,96.0,40.035096
,2024-03-03,,COND CARIOCA SHOPPING,,,96.0,40.035096
202403.0,2024-03-04,36693.0,COND CARIOCA SHOPPING,Consumidor Livre,SUDESTE,96.0,44.582319
202403.0,2024-03-04,36693.0,COND CARIOCA SHOPPING,Consumidor Livre,SUDESTE,96.0,44.582319
,2024-03-04,,COND CARIOCA SHOPPING,,,96.0,44.582319
202403.0,2024-03-05,36693.0,COND CARIOCA SHOPPING,Consumidor Livre,SUDESTE,96.0,46.88595
202403.0,2024-03-05,36693.0,COND CARIOCA SHOPPING,Consumidor Livre,SUDESTE,96.0,46.88595
,2024-03-05,,COND CARIOCA SHOPPING,,,96.0,46.88595
202403.0,2024-03-06,36693.0,COND CARIOCA SHOPPING,Consumidor Livre,SUDESTE,96.0,45.08188
202403.0,2024-03-06,36693.0,COND CARIOCA SHOPPING,Consumidor Livre,SUDESTE,96.0,45.08188
,2024-03-06,,COND CARIOCA SHOPPING,,,96.0,45.08188
202403.0,2024-03-07,36693.0,COND CARIOCA SHOPPING,Consumidor Livre,SUDESTE,96.0,46.000832
202403.0,2024-03-07,36693.0,COND CARIOCA SHOPPING,Consumidor Livre,SUDESTE,96.0,46.000832
,2024-03-07,,COND CARIOCA SHOPPING,,,96.0,46.000832
202403.0,2024-03-08,36693.0,COND CARIOCA SHOPPING,Consumidor Livre,SUDESTE,96.0,45.960156
202403.0,2024-03-08,36693.0,COND CARIOCA SHOPPING,Consumidor Livre,SUDESTE,96.0,45.960156
,2024-03-08,,COND CARIOCA SHOPPING,,,96.0,45.960156
202403.0,2024-03-09,36693.0,COND CARIOCA SHOPPING,Consumidor Livre,SUDESTE,96.0,45.738816
202403.0,2024-03-09,36693.0,COND CARIOCA SHOPPING,Consumidor Livre,SUDESTE,96.0,45.738816
,2024-03-09,,COND CARIOCA SHOPPING,,,96.0,45.738816
202403.0,2024-03-10,36693.0,COND CARIOCA SHOPPING,Consumidor Livre,SUDESTE,96.0,39.836482
202403.0,2024-03-10,36693.0,COND CARIOCA SHOPPING,Consumidor Livre,SUDESTE,96.0,39.836482
,2024-03-10,,COND CARIOCA SHOPPING,,,96.0,39.836482
202403.0,2024-03-11,36693.0,COND CARIOCA SHOPPING,Consumidor Livre,SUDESTE,96.0,45.538517
202403.0,2024-03-11,36693.0,COND CARIOCA SHOPPING,Consumidor Livre,SUDESTE,96.0,45.538517
,2024-03-11,,COND CARIOCA SHOPPING,,,96.0,45.538517
202403.0,2024-03-12,36693.0,COND CARIOCA SHOPPING,Consumidor Livre,SUDESTE,96.0,44.135117
202403.0,2024-03-12,36693.0,COND CARIOCA SHOPPING,Consumidor Livre,SUDESTE,96.0,44.135117
,2024-03-12,,COND CARIOCA SHOPPING,,,96.0,44.135117
202403.0,2024-03-13,36693.0,COND CARIOCA SHOPPING,Consumidor Livre,SUDESTE,96.0,44.345685
202403.0,2024-03-13,36693.0,COND CARIOCA SHOPPING,Consumidor Livre,SUDESTE,96.0,44.345685
,2024-03-13,,COND CARIOCA SHOPPING,,,96.0,44.345685
202403.0,2024-03-14,36693.0,COND CARIOCA SHOPPING,Consumidor Livre,SUDESTE,96.0,45.314363
202403.0,2024-03-14,36693.0,COND CARIOCA SHOPPING,Consumidor Livre,SUDESTE,96.0,45.314363
,2024-03-14,,COND CARIOCA SHOPPING,,,96.0,45.314363
202403.0,2024-03-15,36693.0,COND CARIOCA SHOPPING,Consumidor Livre,SUDESTE,96.0,46.874898
202403.0,2024-03-15,36693.0,COND CARIOCA SHOPPING,Consumidor Livre,SUDESTE,96.0,46.874898
,2024-03-15,,COND CARIOCA SHOPPING,,,96.0,46.874898
202403.0,2024-03-16,36693.0,COND CARIOCA SHOPPING,Consumidor Livre,SUDESTE,96.0,47.390942
202403.0,2024-03-16,36693.0,COND CARIOCA SHOPPING,Consumidor Livre,SUDESTE,96.0,47.390942
,2024-03-16,,COND CARIOCA SHOPPING,,,96.0,47.390942
202403.0,2024-03-17,36693.0,COND CARIOCA SHOPPING,Consumidor Livre,SUDESTE,96.0,40.795759
202403.0,2024-03-17,36693.0,COND CARIOCA SHOPPING,Consumidor Livre,SUDESTE,96.0,40.795759
,2024-03-17,,COND CARIOCA SHOPPING,,,96.0,40.795759
202403.0,2024-03-18,36693.0,COND CARIOCA SHOPPING,Consumidor Livre,SUDESTE,96.0,46.760364
202403.0,2024-03-18,36693.0,COND CARIOCA SHOPPING,Consumidor Livre,SUDESTE,96.0,46.760364
,2024-03-18,,COND CARIOCA SHOPPING,,,96.0,46.760364
202403.0,2024-03-19,36693.0,COND CARIOCA SHOPPING,Consumidor Livre,SUDESTE,96.0,46.099881
202403.0,2024-03-19,36693.0,COND CARIOCA SHOPPING,Consumidor Livre,SUDESTE,96.0,46.099881
,2024-03-19,,COND CARIOCA SHOPPING,,,96.0,46.099881
202403.0,2024-03-20,36693.0,COND CARIOCA SHOPPING,Consumidor Livre,SUDESTE,96.0,46.865878
202403.0,2024-03-20,36693.0,COND CARIOCA SHOPPING,Consumidor Livre,SUDESTE,96.0,46.865878
,2024-03-20,,COND CARIOCA SHOPPING,,,96.0,46.865878
202403.0,2024-03-21,36693.0,COND CARIOCA SHOPPING,Consumidor Livre,SUDESTE,96.0,48.414312
202403.0,2024-03-21,36693.0,COND CARIOCA SHOPPING,Consumidor Livre,SUDESTE,96.0,48.414312
,2024-03-21,,COND CARIOCA SHOPPING,,,96.0,48.414312
202403.0,2024-03-22,36693.0,COND CARIOCA SHOPPING,Consumidor Livre,SUDESTE,96.0,45.057633
202403.0,2024-03-22,36693.0,COND CARIOCA SHOPPING,Consumidor Livre,SUDESTE,96.0,45.057633
,2024-03-22,,COND CARIOCA SHOPPING,,,96.0,45.057633
202403.0,2024-03-23,36693.0,COND CARIOCA SHOPPING,Consumidor Livre,SUDESTE,96.0,43.501036
202403.0,2024-03-23,36693.0,COND CARIOCA SHOPPING,Consumidor Livre,SUDESTE,96.0,43.501036
,2024-03-23,,COND CARIOCA SHOPPING,,,96.0,43.501036
202403.0,2024-03-24,36693.0,COND CARIOCA SHOPPING,Consumidor Livre,SUDESTE,96.0,36.151684
202403.0,2024-03-24,36693.0,COND CARIOCA SHOPPING,Consumidor Livre,SUDESTE,96.0,36.151684
,2024-03-24,,COND CARIOCA SHOPPING,,,96.0,36.151684
202403.0,2024-03-25,36693.0,COND CARIOCA SHOPPING,Consumidor Livre,SUDESTE,96.0,43.230306
202403.0,2024-03-25,36693.0,COND CARIOCA SHOPPING,Consumidor Livre,SUDESTE,96.0,43.230306
,2024-03-25,,COND CARIOCA SHOPPING,,,96.0,43.230306
202403.0,2024-03-26,36693.0,COND CARIOCA SHOPPING,Consumidor Livre,SUDESTE,96.0,39.906386
202403.0,2024-03-26,36693.0,COND CARIOCA SHOPPING,Consumidor Livre,SUDESTE,96.0,39.906386
,2024-03-26,,COND CARIOCA SHOPPING,,,96.0,39.906386
202403.0,2024-03-27,36693.0,COND CARIOCA SHOPPING,Consumidor Livre,SUDESTE,96.0,41.027044
202403.0,2024-03-27,36693.0,COND CARIOCA SHOPPING,Consumidor Livre,SUDESTE,96.0,41.027044
,2024-03-27,,COND CARIOCA SHOPPING,,,96.0,41.027044
202403.0,2024-03-28,36693.0,COND CARIOCA SHOPPING,Consumidor Livre,SUDESTE,96.0,41.683143
202403.0,2024-03-28,36693.0,COND CARIOCA SHOPPING,Consumidor Livre,SUDESTE,96.0,41.683143
,2024-03-28,,COND CARIOCA SHOPPING,,,96.0,41.683143
202403.0,2024-03-29,36693.0,COND CARIOCA SHOPPING,Consumidor Livre,SUDESTE,96.0,38.712051
202403.0,2024-03-29,36693.0,COND CARIOCA SHOPPING,Consumidor Livre,SUDESTE,96.0,38.712051
,2024-03-29,,COND CARIOCA SHOPPING,,,96.0,38.712051
202403.0,2024-03-30,36693.0,COND CARIOCA SHOPPING,Consumidor Livre,SUDESTE,96.0,43.424951
202403.0,2024-03-30,36693.0,COND CARIOCA SHOPPING,Consumidor Livre,SUDESTE,96.0,43.424951
,2024-03-30,,COND CARIOCA SHOPPING,,,96.0,43.424951
202403.0,2024-03-31,36693.0,COND CARIOCA SHOPPING,Consumidor Livre,SUDESTE,96.0,36.399569
202403.0,2024-03-31,36693.0,COND CARIOCA SHOPPING,Consumidor Livre,SUDESTE,96.0,36.399569
,2024-03-31,,COND CARIOCA SHOPPING,,,96.0,36.399569
202404.0,2024-04-01,36693.0,COND CARIOCA SHOPPING,Consumidor Livre,SUDESTE,96.0,40.829821
202404.0,2024-04-01,36693.0,COND CARIOCA SHOPPING,Consumidor Livre,SUDESTE,96.0,40.829821
,2024-04-01,,COND CARIOCA SHOPPING,,,96.0,40.829821
202404.0,2024-04-02,36693.0,COND CARIOCA SHOPPING,Consumidor Livre,SUDESTE,96.0,42.398489
202404.0,2024-04-02,36693.0,COND CARIOCA SHOPPING,Consumidor Livre,SUDESTE,96.0,42.398489
,2024-04-02,,COND CARIOCA SHOPPING,,,96.0,42.398489
202404.0,2024-04-03,36693.0,COND CARIOCA SHOPPING,Consumidor Livre,SUDESTE,96.0,42.947627
202404.0,2024-04-03,36693.0,COND CARIOCA SHOPPING,Consumidor Livre,SUDESTE,96.0,42.947627
,2024-04-03,,COND CARIOCA SHOPPING,,,96.0,42.947627
202404.0,2024-04-04,36693.0,COND CARIOCA SHOPPING,Consumidor Livre,SUDESTE,96.0,42.884935
202404.0,2024-04-04,36693.0,COND CARIOCA SHOPPING,Consumidor Livre,SUDESTE,96.0,42.884935
,2024-04-04,,COND CARIOCA SHOPPING,,,96.0,42.884935
202404.0,2024-04-05,36693.0,COND CARIOCA SHOPPING,Consumidor Livre,SUDESTE,96.0,43.909359
202404.0,2024-04-05,36693.0,COND CARIOCA SHOPPING,Consumidor Livre,SUDESTE,96.0,43.909359
,2024-04-05,,COND CARIOCA SHOPPING,,,96.0,43.909359
202404.0,2024-04-06,36693.0,COND CARIOCA SHOPPING,Consumidor Livre,SUDESTE,96.0,44.850435
202404.0,2024-04-06,36693.0,COND CARIOCA SHOPPING,Consumidor Livre,SUDESTE,96.0,44.850435
,2024-04-06,,COND CARIOCA SHOPPING,,,96.0,44.850435
202404.0,2024-04-07,36693.0,COND CARIOCA SHOPPING,Consumidor Livre,SUDESTE,96.0,38.325542
202404.0,2024-04-07,36693.0,COND CARIOCA SHOPPING,Consumidor Livre,SUDESTE,96.0,38.325542
,2024-04-07,,COND CARIOCA SHOPPING,,,96.0,38.325542
202404.0,2024-04-08,36693.0,COND CARIOCA SHOPPING,Consumidor Livre,SUDESTE,96.0,44.628367
202404.0,2024-04-08,36693.0,COND CARIOCA SHOPPING,Consumidor Livre,SUDESTE,96.0,44.628367
,2024-04-08,,COND CARIOCA SHOPPING,,,96.0,44.628367
202404.0,2024-04-09,36693.0,COND CARIOCA SHOPPING,Consumidor Livre,SUDESTE,96.0,44.77991
202404.0,2024-04-09,36693.0,COND CARIOCA SHOPPING,Consumidor Livre,SUDESTE,96.0,44.77991
,2024-04-09,,COND CARIOCA SHOPPING,,,96.0,44.77991
202404.0,2024-04-10,36693.0,COND CARIOCA SHOPPING,Consumidor Livre,SUDESTE,96.0,43.72009
202404.0,2024-04-10,36693.0,COND CARIOCA SHOPPING,Consumidor Livre,SUDESTE,96.0,43.72009
,2024-04-10,,COND CARIOCA SHOPPING,,,96.0,43.72009
202404.0,2024-04-11,36693.0,COND CARIOCA SHOPPING,Consumidor Livre,SUDESTE,96.0,43.720015
202404.0,2024-04-11,36693.0,COND CARIOCA SHOPPING,Consumidor Livre,SUDESTE,96.0,43.720015
,2024-04-11,,COND CARIOCA SHOPPING,,,96.0,43.720015
202404.0,2024-04-12,36693.0,COND CARIOCA SHOPPING,Consumidor Livre,SUDESTE,96.0,45.221336
202404.0,2024-04-12,36693.0,COND CARIOCA SHOPPING,Consumidor Livre,SUDESTE,96.0,45.221336
,2024-04-12,,COND CARIOCA SHOPPING,,,96.0,45.221336
202404.0,2024-04-13,36693.0,COND CARIOCA SHOPPING,Consumidor Livre,SUDESTE,96.0,45.058068
202404.0,2024-04-13,36693.0,COND CARIOCA SHOPPING,Consumidor Livre,SUDESTE,96.0,45.058068
,2024-04-13,,COND CARIOCA SHOPPING,,,96.0,45.058068
202404.0,2024-04-14,36693.0,COND CARIOCA SHOPPING,Consumidor Livre,SUDESTE,96.0,37.725765
202404.0,2024-04-14,36693.0,COND CARIOCA SHOPPING,Consumidor Livre,SUDESTE,96.0,37.725765
,2024-04-14,,COND CARIOCA SHOPPING,,,96.0,37.725765
202404.0,2024-04-15,36693.0,COND CARIOCA SHOPPING,Consumidor Livre,SUDESTE,96.0,43.82975
202404.0,2024-04-15,36693.0,COND CARIOCA SHOPPING,Consumidor Livre,SUDESTE,96.0,43.82975
,2024-04-15,,COND CARIOCA SHOPPING,,,96.0,43.82975
202404.0,2024-04-16,36693.0,COND CARIOCA SHOPPING,Consumidor Livre,SUDESTE,96.0,44.687428
202404.0,2024-04-16,36693.0,COND CARIOCA SHOPPING,Consumidor Livre,SUDESTE,96.0,44.687428
,2024-04-16,,COND CARIOCA SHOPPING,,,96.0,44.687428
202404.0,2024-04-17,36693.0,COND CARIOCA SHOPPING,Consumidor Livre,SUDESTE,96.0,44.675274
202404.0,2024-04-17,36693.0,COND CARIOCA SHOPPING,Consumidor Livre,SUDESTE,96.0,44.675274
,2024-04-17,,COND CARIOCA SHOPPING,,,96.0,44.675274
202404.0,2024-04-18,36693.0,COND CARIOCA SHOPPING,Consumidor Livre,SUDESTE,96.0,39.753733
202404.0,2024-04-18,36693.0,COND CARIOCA SHOPPING,Consumidor Livre,SUDESTE,96.0,39.753733
,2024-04-18,,COND CARIOCA SHOPPING,,,96.0,39.753733
202404.0,2024-04-19,36693.0,COND CARIOCA SHOPPING,Consumidor Livre,SUDESTE,96.0,38.074355
202404.0,2024-04-19,36693.0,COND CARIOCA SHOPPING,Consumidor Livre,SUDESTE,96.0,38.074355
,2024-04-19,,COND CARIOCA SHOPPING,,,96.0,38.074355
202404.0,2024-04-20,36693.0,COND CARIOCA SHOPPING,Consumidor Livre,SUDESTE,96.0,39.822862
202404.0,2024-04-20,36693.0,COND CARIOCA SHOPPING,Consumidor Livre,SUDESTE,96.0,39.822862
,2024-04-20,,COND CARIOCA SHOPPING,,,96.0,39.822862
202404.0,2024-04-21,36693.0,COND CARIOCA SHOPPING,Consumidor Livre,SUDESTE,96.0,34.086865
202404.0,2024-04-21,36693.0,COND CARIOCA SHOPPING,Consumidor Livre,SUDESTE,96.0,34.086865
,2024-04-21,,COND CARIOCA SHOPPING,,,96.0,34.086865
202404.0,2024-04-22,36693.0,COND CARIOCA SHOPPING,Consumidor Livre,SUDESTE,96.0,41.023292
202404.0,2024-04-22,36693.0,COND CARIOCA SHOPPING,Consumidor Livre,SUDESTE,96.0,41.023292
,2024-04-22,,COND CARIOCA SHOPPING,,,96.0,41.023292
202404.0,2024-04-23,36693.0,COND CARIOCA SHOPPING,Consumidor Livre,SUDESTE,96.0,36.534051
202404.0,2024-04-23,36693.0,COND CARIOCA SHOPPING,Consumidor Livre,SUDESTE,96.0,36.534051
,2024-04-23,,COND CARIOCA SHOPPING,,,96.0,36.534051
202404.0,2024-04-24,36693.0,COND CARIOCA SHOPPING,Consumidor Livre,SUDESTE,96.0,42.52975
202404.0,2024-04-24,36693.0,COND CARIOCA SHOPPING,Consumidor Livre,SUDESTE,96.0,42.52975
,2024-04-24,,COND CARIOCA SHOPPING,,,96.0,42.52975
202404.0,2024-04-25,36693.0,COND CARIOCA SHOPPING,Consumidor Livre,SUDESTE,96.0,41.90356
202404.0,2024-04-25,36693.0,COND CARIOCA SHOPPING,Consumidor Livre,SUDESTE,96.0,41.90356
,2024-04-25,,COND CARIOCA SHOPPING,,,96.0,41.90356
202404.0,2024-04-26,36693.0,COND CARIOCA SHOPPING,Consumidor Livre,SUDESTE,96.0,41.793064
202404.0,2024-04-26,36693.0,COND CARIOCA SHOPPING,Consumidor Livre,SUDESTE,96.0,41.793064
,2024-04-26,,COND CARIOCA SHOPPING,,,96.0,41.793064
202404.0,2024-04-27,36693.0,COND CARIOCA SHOPPING,Consumidor Livre,SUDESTE,96.0,43.758661
202404.0,2024-04-27,36693.0,COND CARIOCA SHOPPING,Consumidor Livre,SUDESTE,96.0,43.758661
,2024-04-27,,COND CARIOCA SHOPPING,,,96.0,43.758661
202404.0,2024-04-28,36693.0,COND CARIOCA SHOPPING,Consumidor Livre,SUDESTE,96.0,39.565959
202404.0,2024-04-28,36693.0,COND CARIOCA SHOPPING,Consumidor Livre,SUDESTE,96.0,39.565959
,2024-04-28,,COND CARIOCA SHOPPING,,,96.0,39.565959
202404.0,2024-04-29,36693.0,COND CARIOCA SHOPPING,Consumidor Livre,SUDESTE,96.0,44.917869
202404.0,2024-04-29,36693.0,COND CARIOCA SHOPPING,Consumidor Livre,SUDESTE,96.0,44.917869
,2024-04-29,,COND CARIOCA SHOPPING,,,96.0,44.917869
202404.0,2024-04-30,36693.0,COND CARIOCA SHOPPING,Consumidor Livre,SUDESTE,96.0,45.374315
202404.0,2024-04-30,36693.0,COND CARIOCA SHOPPING,Consumidor Livre,SUDESTE,96.0,45.374315
,2024-04-30,,COND CARIOCA SHOPPING,,,96.0,45.374315
202405.0,2024-05-01,36693.0,COND CARIOCA SHOPPING,Consumidor Livre,SUDESTE,96.0,39.448581
202405.0,2024-05-01,36693.0,COND CARIOCA SHOPPING,Consumidor Livre,SUDESTE,96.0,39.448581
,2024-05-01,,COND CARIOCA SHOPPING,,,96.0,39.448581
202405.0,2024-05-02,36693.0,COND CARIOCA SHOPPING,Consumidor Livre,SUDESTE,96.0,46.873737
202405.0,2024-05-02,36693.0,COND CARIOCA SHOPPING,Consumidor Livre,SUDESTE,96.0,46.873737
,2024-05-02,,COND CARIOCA SHOPPING,,,96.0,46.873737
202405.0,2024-05-03,36693.0,COND CARIOCA SHOPPING,Consumidor Livre,SUDESTE,96.0,46.01287
202405.0,2024-05-03,36693.0,COND CARIOCA SHOPPING,Consumidor Livre,SUDESTE,96.0,46.01287
,2024-05-03,,COND CARIOCA SHOPPING,,,96.0,46.01287
202405.0,2024-05-04,36693.0,COND CARIOCA SHOPPING,Consumidor Livre,SUDESTE,96.0,47.079995
202405.0,2024-05-04,36693.0,COND CARIOCA SHOPPING,Consumidor Livre,SUDESTE,96.0,47.079995
,2024-05-04,,COND CARIOCA SHOPPING,,,96.0,47.079995
202405.0,2024-05-05,36693.0,COND CARIOCA SHOPPING,Consumidor Livre,SUDESTE,96.0,39.341773
202405.0,2024-05-05,36693.0,COND CARIOCA SHOPPING,Consumidor Livre,SUDESTE,96.0,39.341773
,2024-05-05,,COND CARIOCA SHOPPING,,,96.0,39.341773
202405.0,2024-05-06,36693.0,COND CARIOCA SHOPPING,Consumidor Livre,SUDESTE,96.0,44.944112
202405.0,2024-05-06,36693.0,COND CARIOCA SHOPPING,Consumidor Livre,SUDESTE,96.0,44.944112
,2024-05-06,,COND CARIOCA SHOPPING,,,96.0,44.944112
202405.0,2024-05-07,36693.0,COND CARIOCA SHOPPING,Consumidor Livre,SUDESTE,96.0,44.709993
202405.0,2024-05-07,36693.0,COND CARIOCA SHOPPING,Consumidor Livre,SUDESTE,96.0,44.709993
,2024-05-07,,COND CARIOCA SHOPPING,,,96.0,44.709993
202405.0,2024-05-08,36693.0,COND CARIOCA SHOPPING,Consumidor Livre,SUDESTE,96.0,44.658374
202405.0,2024-05-08,36693.0,COND CARIOCA SHOPPING,Consumidor Livre,SUDESTE,96.0,44.658374
,2024-05-08,,COND CARIOCA SHOPPING,,,96.0,44.658374
202405.0,2024-05-09,36693.0,COND CARIOCA SHOPPING,Consumidor Livre,SUDESTE,96.0,43.749845
202405.0,2024-05-09,36693.0,COND CARIOCA SHOPPING,Consumidor Livre,SUDESTE,96.0,43.749845
,2024-05-09,,COND CARIOCA SHOPPING,,,96.0,43.749845
202405.0,2024-05-10,36693.0,COND CARIOCA SHOPPING,Consumidor Livre,SUDESTE,96.0,45.325228
202405.0,2024-05-10,36693.0,COND CARIOCA SHOPPING,Consumidor Livre,SUDESTE,96.0,45.325228
,2024-05-10,,COND CARIOCA SHOPPING,,,96.0,45.325228
202405.0,2024-05-11,36693.0,COND CARIOCA SHOPPING,Consumidor Livre,SUDESTE,96.0,46.656176
202405.0,2024-05-11,36693.0,COND CARIOCA SHOPPING,Consumidor Livre,SUDESTE,96.0,46.656176
,2024-05-11,,COND CARIOCA SHOPPING,,,96.0,46.656176
202405.0,2024-05-12,36693.0,COND CARIOCA SHOPPING,Consumidor Livre,SUDESTE,96.0,40.118884
202405.0,2024-05-12,36693.0,COND CARIOCA SHOPPING,Consumidor Livre,SUDESTE,96.0,40.118884
,2024-05-12,,COND CARIOCA SHOPPING,,,96.0,40.118884
202405.0,2024-05-13,36693.0,COND CARIOCA SHOPPING,Consumidor Livre,SUDESTE,96.0,44.485238
202405.0,2024-05-13,36693.0,COND CARIOCA SHOPPING,Consumidor Livre,SUDESTE,96.0,44.485238
,2024-05-13,,COND CARIOCA SHOPPING,,,96.0,44.485238
202405.0,2024-05-14,36693.0,COND CARIOCA SHOPPING,Consumidor Livre,SUDESTE,96.0,43.746357
202405.0,2024-05-14,36693.0,COND CARIOCA SHOPPING,Consumidor Livre,SUDESTE,96.0,43.746357
,2024-05-14,,COND CARIOCA SHOPPING,,,96.0,43.746357
202405.0,2024-05-15,36693.0,COND CARIOCA SHOPPING,Consumidor Livre,SUDESTE,96.0,39.710299
202405.0,2024-05-15,36693.0,COND CARIOCA SHOPPING,Consumidor Livre,SUDESTE,96.0,39.710299
,2024-05-15,,COND CARIOCA SHOPPING,,,96.0,39.710299
202405.0,2024-05-16,36693.0,COND CARIOCA SHOPPING,Consumidor Livre,SUDESTE,96.0,41.2401
202405.0,2024-05-16,36693.0,COND CARIOCA SHOPPING,Consumidor Livre,SUDESTE,96.0,41.2401
,2024-05-16,,COND CARIOCA SHOPPING,,,96.0,41.2401
202405.0,2024-05-17,36693.0,COND CARIOCA SHOPPING,Consumidor Livre,SUDESTE,96.0,43.603035
202405.0,2024-05-17,36693.0,COND CARIOCA SHOPPING,Consumidor Livre,SUDESTE,96.0,43.603035
,2024-05-17,,COND CARIOCA SHOPPING,,,96.0,43.603035
202405.0,2024-05-18,36693.0,COND CARIOCA SHOPPING,Consumidor Livre,SUDESTE,96.0,44.135255
202405.0,2024-05-18,36693.0,COND CARIOCA SHOPPING,Consumidor Livre,SUDESTE,96.0,44.135255
,2024-05-18,,COND CARIOCA SHOPPING,,,96.0,44.135255
202405.0,2024-05-19,36693.0,COND CARIOCA SHOPPING,Consumidor Livre,SUDESTE,96.0,37.893959
202405.0,2024-05-19,36693.0,COND CARIOCA SHOPPING,Consumidor Livre,SUDESTE,96.0,37.893959
,2024-05-19,,COND CARIOCA SHOPPING,,,96.0,37.893959
202405.0,2024-05-20,36693.0,COND CARIOCA SHOPPING,Consumidor Livre,SUDESTE,96.0,42.908385
202405.0,2024-05-20,36693.0,COND CARIOCA SHOPPING,Consumidor Livre,SUDESTE,96.0,42.908385
,2024-05-20,,COND CARIOCA SHOPPING,,,96.0,42.908385
202405.0,2024-05-21,36693.0,COND CARIOCA SHOPPING,Consumidor Livre,SUDESTE,96.0,40.334165
202405.0,2024-05-21,36693.0,COND CARIOCA SHOPPING,Consumidor Livre,SUDESTE,96.0,40.334165
,2024-05-21,,COND CARIOCA SHOPPING,,,96.0,40.334165
202405.0,2024-05-22,36693.0,COND CARIOCA SHOPPING,Consumidor Livre,SUDESTE,96.0,40.64703
202405.0,2024-05-22,36693.0,COND CARIOCA SHOPPING,Consumidor Livre,SUDESTE,96.0,40.64703
,2024-05-22,,COND CARIOCA SHOPPING,,,96.0,40.64703
202405.0,2024-05-23,36693.0,COND CARIOCA SHOPPING,Consumidor Livre,SUDESTE,96.0,41.113427
202405.0,2024-05-23,36693.0,COND CARIOCA SHOPPING,Consumidor Livre,SUDESTE,96.0,41.113427
,2024-05-23,,COND CARIOCA SHOPPING,,,96.0,41.113427
202405.0,2024-05-24,36693.0,COND CARIOCA SHOPPING,Consumidor Livre,SUDESTE,96.0,42.601505
202405.0,2024-05-24,36693.0,COND CARIOCA SHOPPING,Consumidor Livre,SUDESTE,96.0,42.601505
,2024-05-24,,COND CARIOCA SHOPPING,,,96.0,42.601505
202405.0,2024-05-25,36693.0,COND CARIOCA SHOPPING,Consumidor Livre,SUDESTE,96.0,40.870947
202405.0,2024-05-25,36693.0,COND CARIOCA SHOPPING,Consumidor Livre,SUDESTE,96.0,40.870947
,2024-05-25,,COND CARIOCA SHOPPING,,,96.0,40.870947
202405.0,2024-05-26,36693.0,COND CARIOCA SHOPPING,Consumidor Livre,SUDESTE,96.0,31.395545
202405.0,2024-05-26,36693.0,COND CARIOCA SHOPPING,Consumidor Livre,SUDESTE,96.0,31.395545
,2024-05-26,,COND CARIOCA SHOPPING,,,96.0,31.395545
202405.0,2024-05-27,36693.0,COND CARIOCA SHOPPING,Consumidor Livre,SUDESTE,96.0,36.524919
202405.0,2024-05-27,36693.0,COND CARIOCA SHOPPING,Consumidor Livre,SUDESTE,96.0,36.524919
,2024-05-27,,COND CARIOCA SHOPPING,,,96.0,36.524919
202405.0,2024-05-28,36693.0,COND CARIOCA SHOPPING,Consumidor Livre,SUDESTE,96.0,38.404111
202405.0,2024-05-28,36693.0,COND CARIOCA SHOPPING,Consumidor Livre,SUDESTE,96.0,38.404111
,2024-05-28,,COND CARIOCA SHOPPING,,,96.0,38.404111
202405.0,2024-05-29,36693.0,COND CARIOCA SHOPPING,Consumidor Livre,SUDESTE,96.0,35.217459
202405.0,2024-05-29,36693.0,COND CARIOCA SHOPPING,Consumidor Livre,SUDESTE,96.0,35.217459
,2024-05-29,,COND CARIOCA SHOPPING,,,96.0,35.217459
202405.0,2024-05-30,36693.0,COND CARIOCA SHOPPING,Consumidor Livre,SUDESTE,96.0,32.620102
202405.0,2024-05-30,36693.0,COND CARIOCA SHOPPING,Consumidor Livre,SUDESTE,96.0,32.620102
,2024-05-30,,COND CARIOCA SHOPPING,,,96.0,32.620102
202405.0,2024-05-31,36693.0,COND CARIOCA SHOPPING,Consumidor Livre,SUDESTE,96.0,37.233293
202405.0,2024-05-31,36693.0,COND CARIOCA SHOPPING,Consumidor Livre,SUDESTE,96.0,37.233293
,2024-05-31,,COND CARIOCA SHOPPING,,,96.0,37.233293
202406.0,2024-06-01,36693.0,COND CARIOCA SHOPPING,Consumidor Livre,SUDESTE,96.0,36.519533
202406.0,2024-06-01,36693.0,COND CARIOCA SHOPPING,Consumidor Livre,SUDESTE,96.0,36.519533
,2024-06-01,,COND CARIOCA SHOPPING,,,96.0,36.519533
202406.0,2024-06-02,36693.0,COND CARIOCA SHOPPING,Consumidor Livre,SUDESTE,96.0,32.673602
202406.0,2024-06-02,36693.0,COND CARIOCA SHOPPING,Consumidor Livre,SUDESTE,96.0,32.673602
,2024-06-02,,COND CARIOCA SHOPPING,,,96.0,32.673602
202406.0,2024-06-03,36693.0,COND CARIOCA SHOPPING,Consumidor Livre,SUDESTE,96.0,37.705588
202406.0,2024-06-03,36693.0,COND CARIOCA SHOPPING,Consumidor Livre,SUDESTE,96.0,37.705588
,2024-06-03,,COND CARIOCA SHOPPING,,,96.0,37.705588
202406.0,2024-06-04,36693.0,COND CARIOCA SHOPPING,Consumidor Livre,SUDESTE,96.0,38.451401
202406.0,2024-06-04,36693.0,COND CARIOCA SHOPPING,Consumidor Livre,SUDESTE,96.0,38.451401
,2024-06-04,,COND CARIOCA SHOPPING,,,96.0,38.451401
202406.0,2024-06-05,36693.0,COND CARIOCA SHOPPING,Consumidor Livre,SUDESTE,96.0,35.72091
202406.0,2024-06-05,36693.0,COND CARIOCA SHOPPING,Consumidor Livre,SUDESTE,96.0,35.72091
,2024-06-05,,COND CARIOCA SHOPPING,,,96.0,35.72091
202406.0,2024-06-06,36693.0,COND CARIOCA SHOPPING,Consumidor Livre,SUDESTE,96.0,38.452236
202406.0,2024-06-06,36693.0,COND CARIOCA SHOPPING,Consumidor Livre,SUDESTE,96.0,38.452236
,2024-06-06,,COND CARIOCA SHOPPING,,,96.0,38.452236
202406.0,2024-06-07,36693.0,COND CARIOCA SHOPPING,Consumidor Livre,SUDESTE,96.0,39.333162
202406.0,2024-06-07,36693.0,COND CARIOCA SHOPPING,Consumidor Livre,SUDESTE,96.0,39.333162
,2024-06-07,,COND CARIOCA SHOPPING,,,96.0,39.333162
202406.0,2024-06-08,36693.0,COND CARIOCA SHOPPING,Consumidor Livre,SUDESTE,96.0,40.488732
202406.0,2024-06-08,36693.0,COND CARIOCA SHOPPING,Consumidor Livre,SUDESTE,96.0,40.488732
,2024-06-08,,COND CARIOCA SHOPPING,,,96.0,40.488732
202406.0,2024-06-09,36693.0,COND CARIOCA SHOPPING,Consumidor Livre,SUDESTE,96.0,35.599947
202406.0,2024-06-09,36693.0,COND CARIOCA SHOPPING,Consumidor Livre,SUDESTE,96.0,35.599947
,2024-06-09,,COND CARIOCA SHOPPING,,,96.0,35.599947
202406.0,2024-06-10,36693.0,COND CARIOCA SHOPPING,Consumidor Livre,SUDESTE,96.0,39.02308
202406.0,2024-06-10,36693.0,COND CARIOCA SHOPPING,Consumidor Livre,SUDESTE,96.0,39.02308
,2024-06-10,,COND CARIOCA SHOPPING,,,96.0,39.02308
202406.0,2024-06-11,36693.0,COND CARIOCA SHOPPING,Consumidor Livre,SUDESTE,96.0,40.774166
202406.0,2024-06-11,36693.0,COND CARIOCA SHOPPING,Consumidor Livre,SUDESTE,96.0,40.774166
,2024-06-11,,COND CARIOCA SHOPPING,,,96.0,40.774166
202406.0,2024-06-12,36693.0,COND CARIOCA SHOPPING,Consumidor Livre,SUDESTE,96.0,41.148211
202406.0,2024-06-12,36693.0,COND CARIOCA SHOPPING,Consumidor Livre,SUDESTE,96.0,41.148211
,2024-06-12,,COND CARIOCA SHOPPING,,,96.0,41.148211
202406.0,2024-06-13,36693.0,COND CARIOCA SHOPPING,Consumidor Livre,SUDESTE,96.0,39.298736
202406.0,2024-06-13,36693.0,COND CARIOCA SHOPPING,Consumidor Livre,SUDESTE,96.0,39.298736
,2024-06-13,,COND CARIOCA SHOPPING,,,96.0,39.298736
202406.0,2024-06-14,36693.0,COND CARIOCA SHOPPING,Consumidor Livre,SUDESTE,96.0,39.173827
202406.0,2024-06-14,36693.0,COND CARIOCA SHOPPING,Consumidor Livre,SUDESTE,96.0,39.173827
,2024-06-14,,COND CARIOCA SHOPPING,,,96.0,39.173827
202406.0,2024-06-15,36693.0,COND CARIOCA SHOPPING,Consumidor Livre,SUDESTE,96.0,40.009893
202406.0,2024-06-15,36693.0,COND CARIOCA SHOPPING,Consumidor Livre,SUDESTE,96.0,40.009893
,2024-06-15,,COND CARIOCA SHOPPING,,,96.0,40.009893
202406.0,2024-06-16,36693.0,COND CARIOCA SHOPPING,Consumidor Livre,SUDESTE,96.0,33.931581
202406.0,2024-06-16,36693.0,COND CARIOCA SHOPPING,Consumidor Livre,SUDESTE,96.0,33.931581
,2024-06-16,,COND CARIOCA SHOPPING,,,96.0,33.931581
202406.0,2024-06-17,36693.0,COND CARIOCA SHOPPING,Consumidor Livre,SUDESTE,96.0,38.951258
202406.0,2024-06-17,36693.0,COND CARIOCA SHOPPING,Consumidor Livre,SUDESTE,96.0,38.951258
,2024-06-17,,COND CARIOCA SHOPPING,,,96.0,38.951258
202406.0,2024-06-18,36693.0,COND CARIOCA SHOPPING,Consumidor Livre,SUDESTE,96.0,39.337005
202406.0,2024-06-18,36693.0,COND CARIOCA SHOPPING,Consumidor Livre,SUDESTE,96.0,39.337005
,2024-06-18,,COND CARIOCA SHOPPING,,,96.0,39.337005
202406.0,2024-06-19,36693.0,COND CARIOCA SHOPPING,Consumidor Livre,SUDESTE,96.0,39.135378
202406.0,2024-06-19,36693.0,COND CARIOCA SHOPPING,Consumidor Livre,SUDESTE,96.0,39.135378
,2024-06-19,,COND CARIOCA SHOPPING,,,96.0,39.135378
202406.0,2024-06-20,36693.0,COND CARIOCA SHOPPING,Consumidor Livre,SUDESTE,96.0,39.592755
202406.0,2024-06-20,36693.0,COND CARIOCA SHOPPING,Consumidor Livre,SUDESTE,96.0,39.592755
,2024-06-20,,COND CARIOCA SHOPPING,,,96.0,39.592755
202406.0,2024-06-21,36693.0,COND CARIOCA SHOPPING,Consumidor Livre,SUDESTE,96.0,39.524145
202406.0,2024-06-21,36693.0,COND CARIOCA SHOPPING,Consumidor Livre,SUDESTE,96.0,39.524145
,2024-06-21,,COND CARIOCA SHOPPING,,,96.0,39.524145
202406.0,2024-06-22,36693.0,COND CARIOCA SHOPPING,Consumidor Livre,SUDESTE,96.0,40.834547
202406.0,2024-06-22,36693.0,COND CARIOCA SHOPPING,Consumidor Livre,SUDESTE,96.0,40.834547
,2024-06-22,,COND CARIOCA SHOPPING,,,96.0,40.834547
202406.0,2024-06-23,36693.0,COND CARIOCA SHOPPING,Consumidor Livre,SUDESTE,96.0,35.782968000000004
202406.0,2024-06-23,36693.0,COND CARIOCA SHOPPING,Consumidor Livre,SUDESTE,96.0,35.782968000000004
,2024-06-23,,COND CARIOCA SHOPPING,,,96.0,35.782968000000004
202406.0,2024-06-24,36693.0,COND CARIOCA SHOPPING,Consumidor Livre,SUDESTE,96.0,40.58593
202406.0,2024-06-24,36693.0,COND CARIOCA SHOPPING,Consumidor Livre,SUDESTE,96.0,40.58593
,2024-06-24,,COND CARIOCA SHOPPING,,,96.0,40.58593
202406.0,2024-06-25,36693.0,COND CARIOCA SHOPPING,Consumidor Livre,SUDESTE,96.0,40.480706
202406.0,2024-06-25,36693.0,COND CARIOCA SHOPPING,Consumidor Livre,SUDESTE,96.0,40.480706
,2024-06-25,,COND CARIOCA SHOPPING,,,96.0,40.480706
202406.0,2024-06-26,36693.0,COND CARIOCA SHOPPING,Consumidor Livre,SUDESTE,96.0,40.670305
202406.0,2024-06-26,36693.0,COND CARIOCA SHOPPING,Consumidor Livre,SUDESTE,96.0,40.670305
,2024-06-26,,COND CARIOCA SHOPPING,,,96.0,40.670305
202406.0,2024-06-27,36693.0,COND CARIOCA SHOPPING,Consumidor Livre,SUDESTE,96.0,40.330349
202406.0,2024-06-27,36693.0,COND CARIOCA SHOPPING,Consumidor Livre,SUDESTE,96.0,40.330349
,2024-06-27,,COND CARIOCA SHOPPING,,,96.0,40.330349
202406.0,2024-06-28,36693.0,COND CARIOCA SHOPPING,Consumidor Livre,SUDESTE,96.0,40.54234
202406.0,2024-06-28,36693.0,COND CARIOCA SHOPPING,Consumidor Livre,SUDESTE,96.0,40.54234
,2024-06-28,,COND CARIOCA SHOPPING,,,96.0,40.54234
202406.0,2024-06-29,36693.0,COND CARIOCA SHOPPING,Consumidor Livre,SUDESTE,96.0,41.028372
202406.0,2024-06-29,36693.0,COND CARIOCA SHOPPING,Consumidor Livre,SUDESTE,96.0,41.028372
,2024-06-29,,COND CARIOCA SHOPPING,,,96.0,41.028372
202406.0,2024-06-30,36693.0,COND CARIOCA SHOPPING,Consumidor Livre,SUDESTE,96.0,32.915416
202406.0,2024-06-30,36693.0,COND CARIOCA SHOPPING,Consumidor Livre,SUDESTE,96.0,32.915416
,2024-06-30,,COND CARIOCA SHOPPING,,,96.0,32.915416
202407.0,2024-07-01,36693.0,COND CARIOCA SHOPPING,Consumidor Livre,SUDESTE,96.0,34.249301
202407.0,2024-07-01,36693.0,COND CARIOCA SHOPPING,Consumidor Livre,SUDESTE,96.0,34.249301
,2024-07-01,,COND CARIOCA SHOPPING,,,96.0,34.249301
202407.0,2024-07-02,36693.0,COND CARIOCA SHOPPING,Consumidor Livre,SUDESTE,96.0,37.590642
202407.0,2024-07-02,36693.0,COND CARIOCA SHOPPING,Consumidor Livre,SUDESTE,96.0,37.590642
,2024-07-02,,COND CARIOCA SHOPPING,,,96.0,37.590642
202407.0,2024-07-03,36693.0,COND CARIOCA SHOPPING,Consumidor Livre,SUDESTE,96.0,38.75917
202407.0,2024-07-03,36693.0,COND CARIOCA SHOPPING,Consumidor Livre,SUDESTE,96.0,38.75917
,2024-07-03,,COND CARIOCA SHOPPING,,,96.0,38.75917
202407.0,2024-07-04,36693.0,COND CARIOCA SHOPPING,Consumidor Livre,SUDESTE,96.0,39.288092
202407.0,2024-07-04,36693.0,COND CARIOCA SHOPPING,Consumidor Livre,SUDESTE,96.0,39.288092
,2024-07-04,,COND CARIOCA SHOPPING,,,96.0,39.288092
202407.0,2024-07-05,36693.0,COND CARIOCA SHOPPING,Consumidor Livre,SUDESTE,96.0,39.122761
202407.0,2024-07-05,36693.0,COND CARIOCA SHOPPING,Consumidor Livre,SUDESTE,96.0,39.122761
,2024-07-05,,COND CARIOCA SHOPPING,,,96.0,39.122761
202407.0,2024-07-06,36693.0,COND CARIOCA SHOPPING,Consumidor Livre,SUDESTE,96.0,38.760813
202407.0,2024-07-06,36693.0,COND CARIOCA SHOPPING,Consumidor Livre,SUDESTE,96.0,38.760813
,2024-07-06,,COND CARIOCA SHOPPING,,,96.0,38.760813
202407.0,2024-07-07,36693.0,COND CARIOCA SHOPPING,Consumidor Livre,SUDESTE,96.0,34.102125
202407.0,2024-07-07,36693.0,COND CARIOCA SHOPPING,Consumidor Livre,SUDESTE,96.0,34.102125
,2024-07-07,,COND CARIOCA SHOPPING,,,96.0,34.102125
202407.0,2024-07-08,36693.0,COND CARIOCA SHOPPING,Consumidor Livre,SUDESTE,96.0,38.391781
202407.0,2024-07-08,36693.0,COND CARIOCA SHOPPING,Consumidor Livre,SUDESTE,96.0,38.391781
,2024-07-08,,COND CARIOCA SHOPPING,,,96.0,38.391781
202407.0,2024-07-09,36693.0,COND CARIOCA SHOPPING,Consumidor Livre,SUDESTE,96.0,34.443465
202407.0,2024-07-09,36693.0,COND CARIOCA SHOPPING,Consumidor Livre,SUDESTE,96.0,34.443465
,2024-07-09,,COND CARIOCA SHOPPING,,,96.0,34.443465
202407.0,2024-07-10,36693.0,COND CARIOCA SHOPPING,Consumidor Livre,SUDESTE,96.0,35.898762999999995
202407.0,2024-07-10,36693.0,COND CARIOCA SHOPPING,Consumidor Livre,SUDESTE,96.0,35.898762999999995
,2024-07-10,,COND CARIOCA SHOPPING,,,96.0,35.898762999999995
202407.0,2024-07-11,36693.0,COND CARIOCA SHOPPING,Consumidor Livre,SUDESTE,96.0,37.992197
202407.0,2024-07-11,36693.0,COND CARIOCA SHOPPING,Consumidor Livre,SUDESTE,96.0,37.992197
,2024-07-11,,COND CARIOCA SHOPPING,,,96.0,37.992197
202407.0,2024-07-12,36693.0,COND CARIOCA SHOPPING,Consumidor Livre,SUDESTE,96.0,38.124177
202407.0,2024-07-12,36693.0,COND CARIOCA SHOPPING,Consumidor Livre,SUDESTE,96.0,38.124177
,2024-07-12,,COND CARIOCA SHOPPING,,,96.0,38.124177
202407.0,2024-07-13,36693.0,COND CARIOCA SHOPPING,Consumidor Livre,SUDESTE,96.0,37.279115
202407.0,2024-07-13,36693.0,COND CARIOCA SHOPPING,Consumidor Livre,SUDESTE,96.0,37.279115
,2024-07-13,,COND CARIOCA SHOPPING,,,96.0,37.279115
202407.0,2024-07-14,36693.0,COND CARIOCA SHOPPING,Consumidor Livre,SUDESTE,96.0,32.942278
202407.0,2024-07-14,36693.0,COND CARIOCA SHOPPING,Consumidor Livre,SUDESTE,96.0,32.942278
,2024-07-14,,COND CARIOCA SHOPPING,,,96.0,32.942278
202407.0,2024-07-15,36693.0,COND CARIOCA SHOPPING,Consumidor Livre,SUDESTE,96.0,36.893161
202407.0,2024-07-15,36693.0,COND CARIOCA SHOPPING,Consumidor Livre,SUDESTE,96.0,36.893161
,2024-07-15,,COND CARIOCA SHOPPING,,,96.0,36.893161
202407.0,2024-07-16,36693.0,COND CARIOCA SHOPPING,Consumidor Livre,SUDESTE,96.0,34.889935
202407.0,2024-07-16,36693.0,COND CARIOCA SHOPPING,Consumidor Livre,SUDESTE,96.0,34.889935
,2024-07-16,,COND CARIOCA SHOPPING,,,96.0,34.889935
202407.0,2024-07-17,36693.0,COND CARIOCA SHOPPING,Consumidor Livre,SUDESTE,96.0,35.584935
202407.0,2024-07-17,36693.0,COND CARIOCA SHOPPING,Consumidor Livre,SUDESTE,96.0,35.584935
,2024-07-17,,COND CARIOCA SHOPPING,,,96.0,35.584935
202407.0,2024-07-18,36693.0,COND CARIOCA SHOPPING,Consumidor Livre,SUDESTE,96.0,37.018222
202407.0,2024-07-18,36693.0,COND CARIOCA SHOPPING,Consumidor Livre,SUDESTE,96.0,37.018222
,2024-07-18,,COND CARIOCA SHOPPING,,,96.0,37.018222
202407.0,2024-07-19,36693.0,COND CARIOCA SHOPPING,Consumidor Livre,SUDESTE,96.0,37.726485
202407.0,2024-07-19,36693.0,COND CARIOCA SHOPPING,Consumidor Livre,SUDESTE,96.0,37.726485
,2024-07-19,,COND CARIOCA SHOPPING,,,96.0,37.726485
202407.0,2024-07-20,36693.0,COND CARIOCA SHOPPING,Consumidor Livre,SUDESTE,96.0,36.937634
202407.0,2024-07-20,36693.0,COND CARIOCA SHOPPING,Consumidor Livre,SUDESTE,96.0,36.937634
,2024-07-20,,COND CARIOCA SHOPPING,,,96.0,36.937634
202407.0,2024-07-21,36693.0,COND CARIOCA SHOPPING,Consumidor Livre,SUDESTE,96.0,32.628382
202407.0,2024-07-21,36693.0,COND CARIOCA SHOPPING,Consumidor Livre,SUDESTE,96.0,32.628382
,2024-07-21,,COND CARIOCA SHOPPING,,,96.0,32.628382
202407.0,2024-07-22,36693.0,COND CARIOCA SHOPPING,Consumidor Livre,SUDESTE,96.0,37.623598
202407.0,2024-07-22,36693.0,COND CARIOCA SHOPPING,Consumidor Livre,SUDESTE,96.0,37.623598
,2024-07-22,,COND CARIOCA SHOPPING,,,96.0,37.623598
202407.0,2024-07-23,36693.0,COND CARIOCA SHOPPING,Consumidor Livre,SUDESTE,96.0,36.720303
202407.0,2024-07-23,36693.0,COND CARIOCA SHOPPING,Consumidor Livre,SUDESTE,96.0,36.720303
,2024-07-23,,COND CARIOCA SHOPPING,,,96.0,36.720303
202407.0,2024-07-24,36693.0,COND CARIOCA SHOPPING,Consumidor Livre,SUDESTE,96.0,37.427292
202407.0,2024-07-24,36693.0,COND CARIOCA SHOPPING,Consumidor Livre,SUDESTE,96.0,37.427292
,2024-07-24,,COND CARIOCA SHOPPING,,,96.0,37.427292
202407.0,2024-07-25,36693.0,COND CARIOCA SHOPPING,Consumidor Livre,SUDESTE,96.0,38.507616
202407.0,2024-07-25,36693.0,COND CARIOCA SHOPPING,Consumidor Livre,SUDESTE,96.0,38.507616
,2024-07-25,,COND CARIOCA SHOPPING,,,96.0,38.507616
202407.0,2024-07-26,36693.0,COND CARIOCA SHOPPING,Consumidor Livre,SUDESTE,96.0,39.12461
202407.0,2024-07-26,36693.0,COND CARIOCA SHOPPING,Consumidor Livre,SUDESTE,96.0,39.12461
,2024-07-26,,COND CARIOCA SHOPPING,,,96.0,39.12461
202407.0,2024-07-27,36693.0,COND CARIOCA SHOPPING,Consumidor Livre,SUDESTE,96.0,39.061106
202407.0,2024-07-27,36693.0,COND CARIOCA SHOPPING,Consumidor Livre,SUDESTE,96.0,39.061106
,2024-07-27,,COND CARIOCA SHOPPING,,,96.0,39.061106
202407.0,2024-07-28,36693.0,COND CARIOCA SHOPPING,Consumidor Livre,SUDESTE,96.0,35.075646
202407.0,2024-07-28,36693.0,COND CARIOCA SHOPPING,Consumidor Livre,SUDESTE,96.0,35.075646
,2024-07-28,,COND CARIOCA SHOPPING,,,96.0,35.075646
202407.0,2024-07-29,36693.0,COND CARIOCA SHOPPING,Consumidor Livre,SUDESTE,96.0,37.675035
202407.0,2024-07-29,36693.0,COND CARIOCA SHOPPING,Consumidor Livre,SUDESTE,96.0,37.675035
,2024-07-29,,COND CARIOCA SHOPPING,,,96.0,37.675035
202407.0,2024-07-30,36693.0,COND CARIOCA SHOPPING,Consumidor Livre,SUDESTE,96.0,37.843289
202407.0,2024-07-30,36693.0,COND CARIOCA SHOPPING,Consumidor Livre,SUDESTE,96.0,37.843289
,2024-07-30,,COND CARIOCA SHOPPING,,,96.0,37.843289
202407.0,2024-07-31,36693.0,COND CARIOCA SHOPPING,Consumidor Livre,SUDESTE,96.0,37.203445
202407.0,2024-07-31,36693.0,COND CARIOCA SHOPPING,Consumidor Livre,SUDESTE,96.0,37.203445
,2024-07-31,,COND CARIOCA SHOPPING,,,96.0,37.203445
202408.0,2024-08-01,36693.0,COND CARIOCA SHOPPING,Consumidor Livre,SUDESTE,96.0,38.433556
202408.0,2024-08-01,36693.0,COND CARIOCA SHOPPING,Consumidor Livre,SUDESTE,96.0,38.433556
,2024-08-01,,COND CARIOCA SHOPPING,,,96.0,38.433556
202408.0,2024-08-02,36693.0,COND CARIOCA SHOPPING,Consumidor Livre,SUDESTE,96.0,38.954136
202408.0,2024-08-02,36693.0,COND CARIOCA SHOPPING,Consumidor Livre,SUDESTE,96.0,38.954136
,2024-08-02,,COND CARIOCA SHOPPING,,,96.0,38.954136
202408.0,2024-08-03,36693.0,COND CARIOCA SHOPPING,Consumidor Livre,SUDESTE,96.0,39.728124
202408.0,2024-08-03,36693.0,COND CARIOCA SHOPPING,Consumidor Livre,SUDESTE,96.0,39.728124
,2024-08-03,,COND CARIOCA SHOPPING,,,96.0,39.728124
202408.0,2024-08-04,36693.0,COND CARIOCA SHOPPING,Consumidor Livre,SUDESTE,96.0,37.511921
202408.0,2024-08-04,36693.0,COND CARIOCA SHOPPING,Consumidor Livre,SUDESTE,96.0,37.511921
,2024-08-04,,COND CARIOCA SHOPPING,,,96.0,37.511921
202408.0,2024-08-05,36693.0,COND CARIOCA SHOPPING,Consumidor Livre,SUDESTE,96.0,40.722849
202408.0,2024-08-05,36693.0,COND CARIOCA SHOPPING,Consumidor Livre,SUDESTE,96.0,40.722849
,2024-08-05,,COND CARIOCA SHOPPING,,,96.0,40.722849
202408.0,2024-08-06,36693.0,COND CARIOCA SHOPPING,Consumidor Livre,SUDESTE,96.0,42.611361
202408.0,2024-08-06,36693.0,COND CARIOCA SHOPPING,Consumidor Livre,SUDESTE,96.0,42.611361
,2024-08-06,,COND CARIOCA SHOPPING,,,96.0,42.611361
202408.0,2024-08-07,36693.0,COND CARIOCA SHOPPING,Consumidor Livre,SUDESTE,96.0,41.615214
202408.0,2024-08-07,36693.0,COND CARIOCA SHOPPING,Consumidor Livre,SUDESTE,96.0,41.615214
,2024-08-07,,COND CARIOCA SHOPPING,,,96.0,41.615214
202408.0,2024-08-08,36693.0,COND CARIOCA SHOPPING,Consumidor Livre,SUDESTE,96.0,43.287008
202408.0,2024-08-08,36693.0,COND CARIOCA SHOPPING,Consumidor Livre,SUDESTE,96.0,43.287008
,2024-08-08,,COND CARIOCA SHOPPING,,,96.0,43.287008
202408.0,2024-08-09,36693.0,COND CARIOCA SHOPPING,Consumidor Livre,SUDESTE,96.0,42.041595
202408.0,2024-08-09,36693.0,COND CARIOCA SHOPPING,Consumidor Livre,SUDESTE,96.0,42.041595
,2024-08-09,,COND CARIOCA SHOPPING,,,96.0,42.041595
202408.0,2024-08-10,36693.0,COND CARIOCA SHOPPING,Consumidor Livre,SUDESTE,96.0,38.180696
202408.0,2024-08-10,36693.0,COND CARIOCA SHOPPING,Consumidor Livre,SUDESTE,96.0,38.180696
,2024-08-10,,COND CARIOCA SHOPPING,,,96.0,38.180696
202408.0,2024-08-11,36693.0,COND CARIOCA SHOPPING,Consumidor Livre,SUDESTE,96.0,32.875903
202408.0,2024-08-11,36693.0,COND CARIOCA SHOPPING,Consumidor Livre,SUDESTE,96.0,32.875903
,2024-08-11,,COND CARIOCA SHOPPING,,,96.0,32.875903
202408.0,2024-08-12,36693.0,COND CARIOCA SHOPPING,Consumidor Livre,SUDESTE,96.0,34.329795
202408.0,2024-08-12,36693.0,COND CARIOCA SHOPPING,Consumidor Livre,SUDESTE,96.0,34.329795
,2024-08-12,,COND CARIOCA SHOPPING,,,96.0,34.329795
202408.0,2024-08-13,36693.0,COND CARIOCA SHOPPING,Consumidor Livre,SUDESTE,96.0,31.925861
202408.0,2024-08-13,36693.0,COND CARIOCA SHOPPING,Consumidor Livre,SUDESTE,96.0,31.925861
,2024-08-13,,COND CARIOCA SHOPPING,,,96.0,31.925861
202408.0,2024-08-14,36693.0,COND CARIOCA SHOPPING,Consumidor Livre,SUDESTE,96.0,34.523671
202408.0,2024-08-14,36693.0,COND CARIOCA SHOPPING,Consumidor Livre,SUDESTE,96.0,34.523671
,2024-08-14,,COND CARIOCA SHOPPING,,,96.0,34.523671
202408.0,2024-08-15,36693.0,COND CARIOCA SHOPPING,Consumidor Livre,SUDESTE,96.0,36.868614
202408.0,2024-08-15,36693.0,COND CARIOCA SHOPPING,Consumidor Livre,SUDESTE,96.0,36.868614
,2024-08-15,,COND CARIOCA SHOPPING,,,96.0,36.868614
202408.0,2024-08-16,36693.0,COND CARIOCA SHOPPING,Consumidor Livre,SUDESTE,96.0,39.651521
202408.0,2024-08-16,36693.0,COND CARIOCA SHOPPING,Consumidor Livre,SUDESTE,96.0,39.651521
,2024-08-16,,COND CARIOCA SHOPPING,,,96.0,39.651521
202408.0,2024-08-17,36693.0,COND CARIOCA SHOPPING,Consumidor Livre,SUDESTE,96.0,40.257456
202408.0,2024-08-17,36693.0,COND CARIOCA SHOPPING,Consumidor Livre,SUDESTE,96.0,40.257456
,2024-08-17,,COND CARIOCA SHOPPING,,,96.0,40.257456
202408.0,2024-08-18,36693.0,COND CARIOCA SHOPPING,Consumidor Livre,SUDESTE,96.0,35.753675
202408.0,2024-08-18,36693.0,COND CARIOCA SHOPPING,Consumidor Livre,SUDESTE,96.0,35.753675
,2024-08-18,,COND CARIOCA SHOPPING,,,96.0,35.753675
202408.0,2024-08-19,36693.0,COND CARIOCA SHOPPING,Consumidor Livre,SUDESTE,96.0,40.164688
202408.0,2024-08-19,36693.0,COND CARIOCA SHOPPING,Consumidor Livre,SUDESTE,96.0,40.164688
,2024-08-19,,COND CARIOCA SHOPPING,,,96.0,40.164688
202408.0,2024-08-20,36693.0,COND CARIOCA SHOPPING,Consumidor Livre,SUDESTE,96.0,40.23774
202408.0,2024-08-20,36693.0,COND CARIOCA SHOPPING,Consumidor Livre,SUDESTE,96.0,40.23774
,2024-08-20,,COND CARIOCA SHOPPING,,,96.0,40.23774
202408.0,2024-08-21,36693.0,COND CARIOCA SHOPPING,Consumidor Livre,SUDESTE,96.0,40.757817
202408.0,2024-08-21,36693.0,COND CARIOCA SHOPPING,Consumidor Livre,SUDESTE,96.0,40.757817
,2024-08-21,,COND CARIOCA SHOPPING,,,96.0,40.757817
202408.0,2024-08-22,36693.0,COND CARIOCA SHOPPING,Consumidor Livre,SUDESTE,96.0,40.492829
202408.0,2024-08-22,36693.0,COND CARIOCA SHOPPING,Consumidor Livre,SUDESTE,96.0,40.492829
,2024-08-22,,COND CARIOCA SHOPPING,,,96.0,40.492829
202408.0,2024-08-23,36693.0,COND CARIOCA SHOPPING,Consumidor Livre,SUDESTE,96.0,43.964966
202408.0,2024-08-23,36693.0,COND CARIOCA SHOPPING,Consumidor Livre,SUDESTE,96.0,43.964966
,2024-08-23,,COND CARIOCA SHOPPING,,,96.0,43.964966
202408.0,2024-08-24,36693.0,COND CARIOCA SHOPPING,Consumidor Livre,SUDESTE,96.0,42.27527
202408.0,2024-08-24,36693.0,COND CARIOCA SHOPPING,Consumidor Livre,SUDESTE,96.0,42.27527
,2024-08-24,,COND CARIOCA SHOPPING,,,96.0,42.27527
202408.0,2024-08-25,36693.0,COND CARIOCA SHOPPING,Consumidor Livre,SUDESTE,96.0,32.887642
202408.0,2024-08-25,36693.0,COND CARIOCA SHOPPING,Consumidor Livre,SUDESTE,96.0,32.887642
,2024-08-25,,COND CARIOCA SHOPPING,,,96.0,32.887642
202408.0,2024-08-26,36693.0,COND CARIOCA SHOPPING,Consumidor Livre,SUDESTE,96.0,33.522156
202408.0,2024-08-26,36693.0,COND CARIOCA SHOPPING,Consumidor Livre,SUDESTE,96.0,33.522156
,2024-08-26,,COND CARIOCA SHOPPING,,,96.0,33.522156
202408.0,2024-08-27,36693.0,COND CARIOCA SHOPPING,Consumidor Livre,SUDESTE,96.0,32.090859
202408.0,2024-08-27,36693.0,COND CARIOCA SHOPPING,Consumidor Livre,SUDESTE,96.0,32.090859
,2024-08-27,,COND CARIOCA SHOPPING,,,96.0,32.090859
202408.0,2024-08-28,36693.0,COND CARIOCA SHOPPING,Consumidor Livre,SUDESTE,96.0,35.134698
202408.0,2024-08-28,36693.0,COND CARIOCA SHOPPING,Consumidor Livre,SUDESTE,96.0,35.134698
,2024-08-28,,COND CARIOCA SHOPPING,,,96.0,35.134698
202408.0,2024-08-29,36693.0,COND CARIOCA SHOPPING,Consumidor Livre,SUDESTE,96.0,36.714952
202408.0,2024-08-29,36693.0,COND CARIOCA SHOPPING,Consumidor Livre,SUDESTE,96.0,36.714952
,2024-08-29,,COND CARIOCA SHOPPING,,,96.0,36.714952
202408.0,2024-08-30,36693.0,COND CARIOCA SHOPPING,Consumidor Livre,SUDESTE,96.0,39.049572
202408.0,2024-08-30,36693.0,COND CARIOCA SHOPPING,Consumidor Livre,SUDESTE,96.0,39.049572
,2024-08-30,,COND CARIOCA SHOPPING,,,96.0,39.049572
202408.0,2024-08-31,36693.0,COND CARIOCA SHOPPING,Consumidor Livre,SUDESTE,96.0,39.947513
202408.0,2024-08-31,36693.0,COND CARIOCA SHOPPING,Consumidor Livre,SUDESTE,96.0,39.947513
,2024-08-31,,COND CARIOCA SHOPPING,,,96.0,39.947513
202409.0,2024-09-01,36693.0,COND CARIOCA SHOPPING,Consumidor Livre,SUDESTE,96.0,36.46026
202409.0,2024-09-01,36693.0,COND CARIOCA SHOPPING,Consumidor Livre,SUDESTE,96.0,36.46026
,2024-09-01,,COND CARIOCA SHOPPING,,,96.0,36.46026
202409.0,2024-09-02,36693.0,COND CARIOCA SHOPPING,Consumidor Livre,SUDESTE,96.0,39.635231
202409.0,2024-09-02,36693.0,COND CARIOCA SHOPPING,Consumidor Livre,SUDESTE,96.0,39.635231
,2024-09-02,,COND CARIOCA SHOPPING,,,96.0,39.635231
202409.0,2024-09-03,36693.0,COND CARIOCA SHOPPING,Consumidor Livre,SUDESTE,96.0,39.662252
202409.0,2024-09-03,36693.0,COND CARIOCA SHOPPING,Consumidor Livre,SUDESTE,96.0,39.662252
,2024-09-03,,COND CARIOCA SHOPPING,,,96.0,39.662252
202409.0,2024-09-04,36693.0,COND CARIOCA SHOPPING,Consumidor Livre,SUDESTE,96.0,42.314004
202409.0,2024-09-04,36693.0,COND CARIOCA SHOPPING,Consumidor Livre,SUDESTE,96.0,42.314004
,2024-09-04,,COND CARIOCA SHOPPING,,,96.0,42.314004
202409.0,2024-09-05,36693.0,COND CARIOCA SHOPPING,Consumidor Livre,SUDESTE,96.0,40.126207
202409.0,2024-09-05,36693.0,COND CARIOCA SHOPPING,Consumidor Livre,SUDESTE,96.0,40.126207
,2024-09-05,,COND CARIOCA SHOPPING,,,96.0,40.126207
202409.0,2024-09-06,36693.0,COND CARIOCA SHOPPING,Consumidor Livre,SUDESTE,96.0,41.252452
202409.0,2024-09-06,36693.0,COND CARIOCA SHOPPING,Consumidor Livre,SUDESTE,96.0,41.252452
,2024-09-06,,COND CARIOCA SHOPPING,,,96.0,41.252452
202409.0,2024-09-07,36693.0,COND CARIOCA SHOPPING,Consumidor Livre,SUDESTE,96.0,42.611132
202409.0,2024-09-07,36693.0,COND CARIOCA SHOPPING,Consumidor Livre,SUDESTE,96.0,42.611132
,2024-09-07,,COND CARIOCA SHOPPING,,,96.0,42.611132
202409.0,2024-09-08,36693.0,COND CARIOCA SHOPPING,Consumidor Livre,SUDESTE,96.0,37.820248
202409.0,2024-09-08,36693.0,COND CARIOCA SHOPPING,Consumidor Livre,SUDESTE,96.0,37.820248
,2024-09-08,,COND CARIOCA SHOPPING,,,96.0,37.820248
202409.0,2024-09-09,36693.0,COND CARIOCA SHOPPING,Consumidor Livre,SUDESTE,96.0,43.624613
202409.0,2024-09-09,36693.0,COND CARIOCA SHOPPING,Consumidor Livre,SUDESTE,96.0,43.624613
,2024-09-09,,COND CARIOCA SHOPPING,,,96.0,43.624613
202409.0,2024-09-10,36693.0,COND CARIOCA SHOPPING,Consumidor Livre,SUDESTE,96.0,42.525303
202409.0,2024-09-10,36693.0,COND CARIOCA SHOPPING,Consumidor Livre,SUDESTE,96.0,42.525303
,2024-09-10,,COND CARIOCA SHOPPING,,,96.0,42.525303
202409.0,2024-09-11,36693.0,COND CARIOCA SHOPPING,Consumidor Livre,SUDESTE,96.0,43.710171
202409.0,2024-09-11,36693.0,COND CARIOCA SHOPPING,Consumidor Livre,SUDESTE,96.0,43.710171
,2024-09-11,,COND CARIOCA SHOPPING,,,96.0,43.710171
202409.0,2024-09-12,36693.0,COND CARIOCA SHOPPING,Consumidor Livre,SUDESTE,96.0,38.974081
202409.0,2024-09-12,36693.0,COND CARIOCA SHOPPING,Consumidor Livre,SUDESTE,96.0,38.974081
,2024-09-12,,COND CARIOCA SHOPPING,,,96.0,38.974081
202409.0,2024-09-13,36693.0,COND CARIOCA SHOPPING,Consumidor Livre,SUDESTE,96.0,46.392201
202409.0,2024-09-13,36693.0,COND CARIOCA SHOPPING,Consumidor Livre,SUDESTE,96.0,46.392201
,2024-09-13,,COND CARIOCA SHOPPING,,,96.0,46.392201
202409.0,2024-09-14,36693.0,COND CARIOCA SHOPPING,Consumidor Livre,SUDESTE,96.0,45.36611
202409.0,2024-09-14,36693.0,COND CARIOCA SHOPPING,Consumidor Livre,SUDESTE,96.0,45.36611
,2024-09-14,,COND CARIOCA SHOPPING,,,96.0,45.36611
202409.0,2024-09-15,36693.0,COND CARIOCA SHOPPING,Consumidor Livre,SUDESTE,96.0,37.954516
202409.0,2024-09-15,36693.0,COND CARIOCA SHOPPING,Consumidor Livre,SUDESTE,96.0,37.954516
,2024-09-15,,COND CARIOCA SHOPPING,,,96.0,37.954516
202409.0,2024-09-16,36693.0,COND CARIOCA SHOPPING,Consumidor Livre,SUDESTE,96.0,42.505258
202409.0,2024-09-16,36693.0,COND CARIOCA SHOPPING,Consumidor Livre,SUDESTE,96.0,42.505258
,2024-09-16,,COND CARIOCA SHOPPING,,,96.0,42.505258
202409.0,2024-09-17,36693.0,COND CARIOCA SHOPPING,Consumidor Livre,SUDESTE,96.0,38.444644
202409.0,2024-09-17,36693.0,COND CARIOCA SHOPPING,Consumidor Livre,SUDESTE,96.0,38.444644
,2024-09-17,,COND CARIOCA SHOPPING,,,96.0,38.444644
202409.0,2024-09-18,36693.0,COND CARIOCA SHOPPING,Consumidor Livre,SUDESTE,96.0,38.967717
202409.0,2024-09-18,36693.0,COND CARIOCA SHOPPING,Consumidor Livre,SUDESTE,96.0,38.967717
,2024-09-18,,COND CARIOCA SHOPPING,,,96.0,38.967717
202409.0,2024-09-19,36693.0,COND CARIOCA SHOPPING,Consumidor Livre,SUDESTE,96.0,38.775686
202409.0,2024-09-19,36693.0,COND CARIOCA SHOPPING,Consumidor Livre,SUDESTE,96.0,38.775686
,2024-09-19,,COND CARIOCA SHOPPING,,,96.0,38.775686
202409.0,2024-09-20,36693.0,COND CARIOCA SHOPPING,Consumidor Livre,SUDESTE,96.0,43.589554
202409.0,2024-09-20,36693.0,COND CARIOCA SHOPPING,Consumidor Livre,SUDESTE,96.0,43.589554
,2024-09-20,,COND CARIOCA SHOPPING,,,96.0,43.589554
202409.0,2024-09-21,36693.0,COND CARIOCA SHOPPING,Consumidor Livre,SUDESTE,96.0,43.028617
202409.0,2024-09-21,36693.0,COND CARIOCA SHOPPING,Consumidor Livre,SUDESTE,96.0,43.028617
,2024-09-21,,COND CARIOCA SHOPPING,,,96.0,43.028617
202409.0,2024-09-22,36693.0,COND CARIOCA SHOPPING,Consumidor Livre,SUDESTE,96.0,38.033989
202409.0,2024-09-22,36693.0,COND CARIOCA SHOPPING,Consumidor Livre,SUDESTE,96.0,38.033989
,2024-09-22,,COND CARIOCA SHOPPING,,,96.0,38.033989
202409.0,2024-09-23,36693.0,COND CARIOCA SHOPPING,Consumidor Livre,SUDESTE,96.0,41.214082
202409.0,2024-09-23,36693.0,COND CARIOCA SHOPPING,Consumidor Livre,SUDESTE,96.0,41.214082
,2024-09-23,,COND CARIOCA SHOPPING,,,96.0,41.214082
202409.0,2024-09-24,36693.0,COND CARIOCA SHOPPING,Consumidor Livre,SUDESTE,96.0,44.82335
202409.0,2024-09-24,36693.0,COND CARIOCA SHOPPING,Consumidor Livre,SUDESTE,96.0,44.82335
,2024-09-24,,COND CARIOCA SHOPPING,,,96.0,44.82335
202409.0,2024-09-25,36693.0,COND CARIOCA SHOPPING,Consumidor Livre,SUDESTE,96.0,43.880128
202409.0,2024-09-25,36693.0,COND CARIOCA SHOPPING,Consumidor Livre,SUDESTE,96.0,43.880128
,2024-09-25,,COND CARIOCA SHOPPING,,,96.0,43.880128
202409.0,2024-09-26,36693.0,COND CARIOCA SHOPPING,Consumidor Livre,SUDESTE,96.0,45.541514
202409.0,2024-09-26,36693.0,COND CARIOCA SHOPPING,Consumidor Livre,SUDESTE,96.0,45.541514
,2024-09-26,,COND CARIOCA SHOPPING,,,96.0,45.541514
202409.0,2024-09-27,36693.0,COND CARIOCA SHOPPING,Consumidor Livre,SUDESTE,96.0,45.244563
202409.0,2024-09-27,36693.0,COND CARIOCA SHOPPING,Consumidor Livre,SUDESTE,96.0,45.244563
,2024-09-27,,COND CARIOCA SHOPPING,,,96.0,45.244563
202409.0,2024-09-28,36693.0,COND CARIOCA SHOPPING,Consumidor Livre,SUDESTE,96.0,42.340208
202409.0,2024-09-28,36693.0,COND CARIOCA SHOPPING,Consumidor Livre,SUDESTE,96.0,42.340208
,2024-09-28,,COND CARIOCA SHOPPING,,,96.0,42.340208
202409.0,2024-09-29,36693.0,COND CARIOCA SHOPPING,Consumidor Livre,SUDESTE,96.0,35.738823000000004
202409.0,2024-09-29,36693.0,COND CARIOCA SHOPPING,Consumidor Livre,SUDESTE,96.0,35.738823000000004
,2024-09-29,,COND CARIOCA SHOPPING,,,96.0,35.738823000000004
202409.0,2024-09-30,36693.0,COND CARIOCA SHOPPING,Consumidor Livre,SUDESTE,96.0,42.629503
202409.0,2024-09-30,36693.0,COND CARIOCA SHOPPING,Consumidor Livre,SUDESTE,96.0,42.629503
,2024-09-30,,COND CARIOCA SHOPPING,,,96.0,42.629503
202410.0,2024-10-01,36693.0,COND CARIOCA SHOPPING,Consumidor Livre,SUDESTE,96.0,43.025886
202410.0,2024-10-01,36693.0,COND CARIOCA SHOPPING,Consumidor Livre,SUDESTE,96.0,43.025886
,2024-10-01,,COND CARIOCA SHOPPING,,,96.0,43.025886
202410.0,2024-10-02,36693.0,COND CARIOCA SHOPPING,Consumidor Livre,SUDESTE,96.0,43.670171
202410.0,2024-10-02,36693.0,COND CARIOCA SHOPPING,Consumidor Livre,SUDESTE,96.0,43.670171
,2024-10-02,,COND CARIOCA SHOPPING,,,96.0,43.670171
202410.0,2024-10-03,36693.0,COND CARIOCA SHOPPING,Consumidor Livre,SUDESTE,96.0,43.416339
202410.0,2024-10-03,36693.0,COND CARIOCA SHOPPING,Consumidor Livre,SUDESTE,96.0,43.416339
,2024-10-03,,COND CARIOCA SHOPPING,,,96.0,43.416339
202410.0,2024-10-04,36693.0,COND CARIOCA SHOPPING,Consumidor Livre,SUDESTE,96.0,40.148489
202410.0,2024-10-04,36693.0,COND CARIOCA SHOPPING,Consumidor Livre,SUDESTE,96.0,40.148489
,2024-10-04,,COND CARIOCA SHOPPING,,,96.0,40.148489
202410.0,2024-10-05,36693.0,COND CARIOCA SHOPPING,Consumidor Livre,SUDESTE,96.0,39.093276
202410.0,2024-10-05,36693.0,COND CARIOCA SHOPPING,Consumidor Livre,SUDESTE,96.0,39.093276
,2024-10-05,,COND CARIOCA SHOPPING,,,96.0,39.093276
202410.0,2024-10-06,36693.0,COND CARIOCA SHOPPING,Consumidor Livre,SUDESTE,96.0,33.919595
202410.0,2024-10-06,36693.0,COND CARIOCA SHOPPING,Consumidor Livre,SUDESTE,96.0,33.919595
,2024-10-06,,COND CARIOCA SHOPPING,,,96.0,33.919595
202410.0,2024-10-07,36693.0,COND CARIOCA SHOPPING,Consumidor Livre,SUDESTE,96.0,38.637462
202410.0,2024-10-07,36693.0,COND CARIOCA SHOPPING,Consumidor Livre,SUDESTE,96.0,38.637462
,2024-10-07,,COND CARIOCA SHOPPING,,,96.0,38.637462
202410.0,2024-10-08,36693.0,COND CARIOCA SHOPPING,Consumidor Livre,SUDESTE,96.0,40.948615
202410.0,2024-10-08,36693.0,COND CARIOCA SHOPPING,Consumidor Livre,SUDESTE,96.0,40.948615
,2024-10-08,,COND CARIOCA SHOPPING,,,96.0,40.948615
202410.0,2024-10-09,36693.0,COND CARIOCA SHOPPING,Consumidor Livre,SUDESTE,96.0,39.504317
202410.0,2024-10-09,36693.0,COND CARIOCA SHOPPING,Consumidor Livre,SUDESTE,96.0,39.504317
,2024-10-09,,COND CARIOCA SHOPPING,,,96.0,39.504317
202410.0,2024-10-10,36693.0,COND CARIOCA SHOPPING,Consumidor Livre,SUDESTE,96.0,39.38662
202410.0,2024-10-10,36693.0,COND CARIOCA SHOPPING,Consumidor Livre,SUDESTE,96.0,39.38662
,2024-10-10,,COND CARIOCA SHOPPING,,,96.0,39.38662
202410.0,2024-10-11,36693.0,COND CARIOCA SHOPPING,Consumidor Livre,SUDESTE,96.0,40.319094
202410.0,2024-10-11,36693.0,COND CARIOCA SHOPPING,Consumidor Livre,SUDESTE,96.0,40.319094
,2024-10-11,,COND CARIOCA SHOPPING,,,96.0,40.319094
202410.0,2024-10-12,36693.0,COND CARIOCA SHOPPING,Consumidor Livre,SUDESTE,96.0,44.008772
202410.0,2024-10-12,36693.0,COND CARIOCA SHOPPING,Consumidor Livre,SUDESTE,96.0,44.008772
,2024-10-12,,COND CARIOCA SHOPPING,,,96.0,44.008772
202410.0,2024-10-13,36693.0,COND CARIOCA SHOPPING,Consumidor Livre,SUDESTE,96.0,36.056914
202410.0,2024-10-13,36693.0,COND CARIOCA SHOPPING,Consumidor Livre,SUDESTE,96.0,36.056914
,2024-10-13,,COND CARIOCA SHOPPING,,,96.0,36.056914
202410.0,2024-10-14,36693.0,COND CARIOCA SHOPPING,Consumidor Livre,SUDESTE,96.0,39.803695
202410.0,2024-10-14,36693.0,COND CARIOCA SHOPPING,Consumidor Livre,SUDESTE,96.0,39.803695
,2024-10-14,,COND CARIOCA SHOPPING,,,96.0,39.803695
202410.0,2024-10-15,36693.0,COND CARIOCA SHOPPING,Consumidor Livre,SUDESTE,96.0,39.620604
202410.0,2024-10-15,36693.0,COND CARIOCA SHOPPING,Consumidor Livre,SUDESTE,96.0,39.620604
,2024-10-15,,COND CARIOCA SHOPPING,,,96.0,39.620604
202410.0,2024-10-16,36693.0,COND CARIOCA SHOPPING,Consumidor Livre,SUDESTE,96.0,41.234421
202410.0,2024-10-16,36693.0,COND CARIOCA SHOPPING,Consumidor Livre,SUDESTE,96.0,41.234421
,2024-10-16,,COND CARIOCA SHOPPING,,,96.0,41.234421
202410.0,2024-10-17,36693.0,COND CARIOCA SHOPPING,Consumidor Livre,SUDESTE,96.0,42.140309
202410.0,2024-10-17,36693.0,COND CARIOCA SHOPPING,Consumidor Livre,SUDESTE,96.0,42.140309
,2024-10-17,,COND CARIOCA SHOPPING,,,96.0,42.140309
202410.0,2024-10-18,36693.0,COND CARIOCA SHOPPING,Consumidor Livre,SUDESTE,96.0,41.604688
202410.0,2024-10-18,36693.0,COND CARIOCA SHOPPING,Consumidor Livre,SUDESTE,96.0,41.604688
,2024-10-18,,COND CARIOCA SHOPPING,,,96.0,41.604688
202410.0,2024-10-19,36693.0,COND CARIOCA SHOPPING,Consumidor Livre,SUDESTE,96.0,40.510681
202410.0,2024-10-19,36693.0,COND CARIOCA SHOPPING,Consumidor Livre,SUDESTE,96.0,40.510681
,2024-10-19,,COND CARIOCA SHOPPING,,,96.0,40.510681
202410.0,2024-10-20,36693.0,COND CARIOCA SHOPPING,Consumidor Livre,SUDESTE,96.0,33.901196
202410.0,2024-10-20,36693.0,COND CARIOCA SHOPPING,Consumidor Livre,SUDESTE,96.0,33.901196
,2024-10-20,,COND CARIOCA SHOPPING,,,96.0,33.901196
202410.0,2024-10-21,36693.0,COND CARIOCA SHOPPING,Consumidor Livre,SUDESTE,96.0,29.860312
202410.0,2024-10-21,36693.0,COND CARIOCA SHOPPING,Consumidor Livre,SUDESTE,96.0,29.860312
,2024-10-21,,COND CARIOCA SHOPPING,,,96.0,29.860312
202410.0,2024-10-22,36693.0,COND CARIOCA SHOPPING,Consumidor Livre,SUDESTE,96.0,42.966702
202410.0,2024-10-22,36693.0,COND CARIOCA SHOPPING,Consumidor Livre,SUDESTE,96.0,42.966702
,2024-10-22,,COND CARIOCA SHOPPING,,,96.0,42.966702
202410.0,2024-10-23,36693.0,COND CARIOCA SHOPPING,Consumidor Livre,SUDESTE,96.0,44.835462
202410.0,2024-10-23,36693.0,COND CARIOCA SHOPPING,Consumidor Livre,SUDESTE,96.0,44.835462
,2024-10-23,,COND CARIOCA SHOPPING,,,96.0,44.835462
202410.0,2024-10-24,36693.0,COND CARIOCA SHOPPING,Consumidor Livre,SUDESTE,96.0,43.102436
202410.0,2024-10-24,36693.0,COND CARIOCA SHOPPING,Consumidor Livre,SUDESTE,96.0,43.102436
,2024-10-24,,COND CARIOCA SHOPPING,,,96.0,43.102436
202410.0,2024-10-25,36693.0,COND CARIOCA SHOPPING,Consumidor Livre,SUDESTE,96.0,45.917935
202410.0,2024-10-25,36693.0,COND CARIOCA SHOPPING,Consumidor Livre,SUDESTE,96.0,45.917935
,2024-10-25,,COND CARIOCA SHOPPING,,,96.0,45.917935
202410.0,2024-10-26,36693.0,COND CARIOCA SHOPPING,Consumidor Livre,SUDESTE,96.0,46.9813
202410.0,2024-10-26,36693.0,COND CARIOCA SHOPPING,Consumidor Livre,SUDESTE,96.0,46.9813
,2024-10-26,,COND CARIOCA SHOPPING,,,96.0,46.9813
202410.0,2024-10-27,36693.0,COND CARIOCA SHOPPING,Consumidor Livre,SUDESTE,96.0,36.873657
202410.0,2024-10-27,36693.0,COND CARIOCA SHOPPING,Consumidor Livre,SUDESTE,96.0,36.873657
,2024-10-27,,COND CARIOCA SHOPPING,,,96.0,36.873657
202410.0,2024-10-28,36693.0,COND CARIOCA SHOPPING,Consumidor Livre,SUDESTE,96.0,40.008583
202410.0,2024-10-28,36693.0,COND CARIOCA SHOPPING,Consumidor Livre,SUDESTE,96.0,40.008583
,2024-10-28,,COND CARIOCA SHOPPING,,,96.0,40.008583
202410.0,2024-10-29,36693.0,COND CARIOCA SHOPPING,Consumidor Livre,SUDESTE,96.0,39.167883
202410.0,2024-10-29,36693.0,COND CARIOCA SHOPPING,Consumidor Livre,SUDESTE,96.0,39.167883
,2024-10-29,,COND CARIOCA SHOPPING,,,96.0,39.167883
202410.0,2024-10-30,36693.0,COND CARIOCA SHOPPING,Consumidor Livre,SUDESTE,96.0,39.726441
202410.0,2024-10-30,36693.0,COND CARIOCA SHOPPING,Consumidor Livre,SUDESTE,96.0,39.726441
,2024-10-30,,COND CARIOCA SHOPPING,,,96.0,39.726441
202410.0,2024-10-31,36693.0,COND CARIOCA SHOPPING,Consumidor Livre,SUDESTE,96.0,42.060213
202410.0,2024-10-31,36693.0,COND CARIOCA SHOPPING,Consumidor Livre,SUDESTE,96.0,42.060213
,2024-10-31,,COND CARIOCA SHOPPING,,,96.0,42.060213
202411.0,2024-11-01,36693.0,COND CARIOCA SHOPPING,Consumidor Livre,SUDESTE,96.0,44.207248
202411.0,2024-11-01,36693.0,COND CARIOCA SHOPPING,Consumidor Livre,SUDESTE,96.0,44.207248
,2024-11-01,,COND CARIOCA SHOPPING,,,96.0,44.207248
202411.0,2024-11-02,36693.0,COND CARIOCA SHOPPING,Consumidor Livre,SUDESTE,96.0,43.528689
202411.0,2024-11-02,36693.0,COND CARIOCA SHOPPING,Consumidor Livre,SUDESTE,96.0,43.528689
,2024-11-02,,COND CARIOCA SHOPPING,,,96.0,43.528689
202411.0,2024-11-03,36693.0,COND CARIOCA SHOPPING,Consumidor Livre,SUDESTE,96.0,38.702518
202411.0,2024-11-03,36693.0,COND CARIOCA SHOPPING,Consumidor Livre,SUDESTE,96.0,38.702518
,2024-11-03,,COND CARIOCA SHOPPING,,,96.0,38.702518
202411.0,2024-11-04,36693.0,COND CARIOCA SHOPPING,Consumidor Livre,SUDESTE,96.0,41.489709
202411.0,2024-11-04,36693.0,COND CARIOCA SHOPPING,Consumidor Livre,SUDESTE,96.0,41.489709
,2024-11-04,,COND CARIOCA SHOPPING,,,96.0,41.489709
202411.0,2024-11-05,36693.0,COND CARIOCA SHOPPING,Consumidor Livre,SUDESTE,96.0,42.891159
202411.0,2024-11-05,36693.0,COND CARIOCA SHOPPING,Consumidor Livre,SUDESTE,96.0,42.891159
,2024-11-05,,COND CARIOCA SHOPPING,,,96.0,42.891159
202411.0,2024-11-06,36693.0,COND CARIOCA SHOPPING,Consumidor Livre,SUDESTE,96.0,46.089096
202411.0,2024-11-06,36693.0,COND CARIOCA SHOPPING,Consumidor Livre,SUDESTE,96.0,46.089096
,2024-11-06,,COND CARIOCA SHOPPING,,,96.0,46.089096
202411.0,2024-11-07,36693.0,COND CARIOCA SHOPPING,Consumidor Livre,SUDESTE,96.0,47.600476
202411.0,2024-11-07,36693.0,COND CARIOCA SHOPPING,Consumidor Livre,SUDESTE,96.0,47.600476
,2024-11-07,,COND CARIOCA SHOPPING,,,96.0,47.600476
202411.0,2024-11-08,36693.0,COND CARIOCA SHOPPING,Consumidor Livre,SUDESTE,96.0,45.995764
202411.0,2024-11-08,36693.0,COND CARIOCA SHOPPING,Consumidor Livre,SUDESTE,96.0,45.995764
,2024-11-08,,COND CARIOCA SHOPPING,,,96.0,45.995764
202411.0,2024-11-09,36693.0,COND CARIOCA SHOPPING,Consumidor Livre,SUDESTE,96.0,43.98264
202411.0,2024-11-09,36693.0,COND CARIOCA SHOPPING,Consumidor Livre,SUDESTE,96.0,43.98264
,2024-11-09,,COND CARIOCA SHOPPING,,,96.0,43.98264
202411.0,2024-11-10,36693.0,COND CARIOCA SHOPPING,Consumidor Livre,SUDESTE,96.0,35.970593
202411.0,2024-11-10,36693.0,COND CARIOCA SHOPPING,Consumidor Livre,SUDESTE,96.0,35.970593
,2024-11-10,,COND CARIOCA SHOPPING,,,96.0,35.970593
202411.0,2024-11-11,36693.0,COND CARIOCA SHOPPING,Consumidor Livre,SUDESTE,96.0,43.227361
202411.0,2024-11-11,36693.0,COND CARIOCA SHOPPING,Consumidor Livre,SUDESTE,96.0,43.227361
,2024-11-11,,COND CARIOCA SHOPPING,,,96.0,43.227361
202411.0,2024-11-12,36693.0,COND CARIOCA SHOPPING,Consumidor Livre,SUDESTE,96.0,44.768739
202411.0,2024-11-12,36693.0,COND CARIOCA SHOPPING,Consumidor Livre,SUDESTE,96.0,44.768739
,2024-11-12,,COND CARIOCA SHOPPING,,,96.0,44.768739
202411.0,2024-11-13,36693.0,COND CARIOCA SHOPPING,Consumidor Livre,SUDESTE,96.0,40.031002
202411.0,2024-11-13,36693.0,COND CARIOCA SHOPPING,Consumidor Livre,SUDESTE,96.0,40.031002
,2024-11-13,,COND CARIOCA SHOPPING,,,96.0,40.031002
202411.0,2024-11-14,36693.0,COND CARIOCA SHOPPING,Consumidor Livre,SUDESTE,96.0,40.333499
202411.0,2024-11-14,36693.0,COND CARIOCA SHOPPING,Consumidor Livre,SUDESTE,96.0,40.333499
,2024-11-14,,COND CARIOCA SHOPPING,,,96.0,40.333499
202411.0,2024-11-15,36693.0,COND CARIOCA SHOPPING,Consumidor Livre,SUDESTE,96.0,41.374346
202411.0,2024-11-15,36693.0,COND CARIOCA SHOPPING,Consumidor Livre,SUDESTE,96.0,41.374346
,2024-11-15,,COND CARIOCA SHOPPING,,,96.0,41.374346
202411.0,2024-11-16,36693.0,COND CARIOCA SHOPPING,Consumidor Livre,SUDESTE,96.0,40.577186
202411.0,2024-11-16,36693.0,COND CARIOCA SHOPPING,Consumidor Livre,SUDESTE,96.0,40.577186
,2024-11-16,,COND CARIOCA SHOPPING,,,96.0,40.577186
202411.0,2024-11-17,36693.0,COND CARIOCA SHOPPING,Consumidor Livre,SUDESTE,96.0,37.828044
202411.0,2024-11-17,36693.0,COND CARIOCA SHOPPING,Consumidor Livre,SUDESTE,96.0,37.828044
,2024-11-17,,COND CARIOCA SHOPPING,,,96.0,37.828044
202411.0,2024-11-18,36693.0,COND CARIOCA SHOPPING,Consumidor Livre,SUDESTE,96.0,45.377192
202411.0,2024-11-18,36693.0,COND CARIOCA SHOPPING,Consumidor Livre,SUDESTE,96.0,45.377192
,2024-11-18,,COND CARIOCA SHOPPING,,,96.0,45.377192
202411.0,2024-11-19,36693.0,COND CARIOCA SHOPPING,Consumidor Livre,SUDESTE,96.0,43.151157
202411.0,2024-11-19,36693.0,COND CARIOCA SHOPPING,Consumidor Livre,SUDESTE,96.0,43.151157
,2024-11-19,,COND CARIOCA SHOPPING,,,96.0,43.151157
202411.0,2024-11-20,36693.0,COND CARIOCA SHOPPING,Consumidor Livre,SUDESTE,96.0,38.320476
202411.0,2024-11-20,36693.0,COND CARIOCA SHOPPING,Consumidor Livre,SUDESTE,96.0,38.320476
,2024-11-20,,COND CARIOCA SHOPPING,,,96.0,38.320476
202411.0,2024-11-21,36693.0,COND CARIOCA SHOPPING,Consumidor Livre,SUDESTE,96.0,43.818147
202411.0,2024-11-21,36693.0,COND CARIOCA SHOPPING,Consumidor Livre,SUDESTE,96.0,43.818147
,2024-11-21,,COND CARIOCA SHOPPING,,,96.0,43.818147
202411.0,2024-11-22,36693.0,COND CARIOCA SHOPPING,Consumidor Livre,SUDESTE,96.0,42.390541
202411.0,2024-11-22,36693.0,COND CARIOCA SHOPPING,Consumidor Livre,SUDESTE,96.0,42.390541
,2024-11-22,,COND CARIOCA SHOPPING,,,96.0,42.390541
202411.0,2024-11-23,36693.0,COND CARIOCA SHOPPING,Consumidor Livre,SUDESTE,96.0,39.40367
202411.0,2024-11-23,36693.0,COND CARIOCA SHOPPING,Consumidor Livre,SUDESTE,96.0,39.40367
,2024-11-23,,COND CARIOCA SHOPPING,,,96.0,39.40367
202411.0,2024-11-24,36693.0,COND CARIOCA SHOPPING,Consumidor Livre,SUDESTE,96.0,34.397076
202411.0,2024-11-24,36693.0,COND CARIOCA SHOPPING,Consumidor Livre,SUDESTE,96.0,34.397076
,2024-11-24,,COND CARIOCA SHOPPING,,,96.0,34.397076
202411.0,2024-11-25,36693.0,COND CARIOCA SHOPPING,Consumidor Livre,SUDESTE,96.0,42.21699
202411.0,2024-11-25,36693.0,COND CARIOCA SHOPPING,Consumidor Livre,SUDESTE,96.0,42.21699
,2024-11-25,,COND CARIOCA SHOPPING,,,96.0,42.21699
202411.0,2024-11-26,36693.0,COND CARIOCA SHOPPING,Consumidor Livre,SUDESTE,96.0,41.533104
202411.0,2024-11-26,36693.0,COND CARIOCA SHOPPING,Consumidor Livre,SUDESTE,96.0,41.533104
,2024-11-26,,COND CARIOCA SHOPPING,,,96.0,41.533104
202411.0,2024-11-27,36693.0,COND CARIOCA SHOPPING,Consumidor Livre,SUDESTE,96.0,44.383314
202411.0,2024-11-27,36693.0,COND CARIOCA SHOPPING,Consumidor Livre,SUDESTE,96.0,44.383314
,2024-11-27,,COND CARIOCA SHOPPING,,,96.0,44.383314
202411.0,2024-11-28,36693.0,COND CARIOCA SHOPPING,Consumidor Livre,SUDESTE,96.0,46.912716
202411.0,2024-11-28,36693.0,COND CARIOCA SHOPPING,Consumidor Livre,SUDESTE,96.0,46.912716
,2024-11-28,,COND CARIOCA SHOPPING,,,96.0,46.912716
202411.0,2024-11-29,36693.0,COND CARIOCA SHOPPING,Consumidor Livre,SUDESTE,96.0,49.413586
202411.0,2024-11-29,36693.0,COND CARIOCA SHOPPING,Consumidor Livre,SUDESTE,96.0,49.413586
,2024-11-29,,COND CARIOCA SHOPPING,,,96.0,49.413586
202411.0,2024-11-30,36693.0,COND CARIOCA SHOPPING,Consumidor Livre,SUDESTE,96.0,49.809694
202411.0,2024-11-30,36693.0,COND CARIOCA SHOPPING,Consumidor Livre,SUDESTE,96.0,49.809694
,2024-11-30,,COND CARIOCA SHOPPING,,,96.0,49.809694
202412.0,2024-12-01,36693.0,COND CARIOCA SHOPPING,Consumidor Livre,SUDESTE,96.0,41.910504
202412.0,2024-12-01,36693.0,COND CARIOCA SHOPPING,Consumidor Livre,SUDESTE,96.0,41.910504
,2024-12-01,,COND CARIOCA SHOPPING,,,96.0,41.910504
202412.0,2024-12-02,36693.0,COND CARIOCA SHOPPING,Consumidor Livre,SUDESTE,96.0,48.402807
202412.0,2024-12-02,36693.0,COND CARIOCA SHOPPING,Consumidor Livre,SUDESTE,96.0,48.402807
,2024-12-02,,COND CARIOCA SHOPPING,,,96.0,48.402807
202412.0,2024-12-03,36693.0,COND CARIOCA SHOPPING,Consumidor Livre,SUDESTE,96.0,46.504059
202412.0,2024-12-03,36693.0,COND CARIOCA SHOPPING,Consumidor Livre,SUDESTE,96.0,46.504059
,2024-12-03,,COND CARIOCA SHOPPING,,,96.0,46.504059
202412.0,2024-12-04,36693.0,COND CARIOCA SHOPPING,Consumidor Livre,SUDESTE,96.0,44.490915
202412.0,2024-12-04,36693.0,COND CARIOCA SHOPPING,Consumidor Livre,SUDESTE,96.0,44.490915
,2024-12-04,,COND CARIOCA SHOPPING,,,96.0,44.490915
202412.0,2024-12-05,36693.0,COND CARIOCA SHOPPING,Consumidor Livre,SUDESTE,96.0,45.566764
202412.0,2024-12-05,36693.0,COND CARIOCA SHOPPING,Consumidor Livre,SUDESTE,96.0,45.566764
,2024-12-05,,COND CARIOCA SHOPPING,,,96.0,45.566764
202412.0,2024-12-06,36693.0,COND CARIOCA SHOPPING,Consumidor Livre,SUDESTE,96.0,49.596155
202412.0,2024-12-06,36693.0,COND CARIOCA SHOPPING,Consumidor Livre,SUDESTE,96.0,49.596155
,2024-12-06,,COND CARIOCA SHOPPING,,,96.0,49.596155
202412.0,2024-12-07,36693.0,COND CARIOCA SHOPPING,Consumidor Livre,SUDESTE,96.0,49.671837
202412.0,2024-12-07,36693.0,COND CARIOCA SHOPPING,Consumidor Livre,SUDESTE,96.0,49.671837
,2024-12-07,,COND CARIOCA SHOPPING,,,96.0,49.671837
202412.0,2024-12-08,36693.0,COND CARIOCA SHOPPING,Consumidor Livre,SUDESTE,96.0,42.117713
202412.0,2024-12-08,36693.0,COND CARIOCA SHOPPING,Consumidor Livre,SUDESTE,96.0,42.117713
,2024-12-08,,COND CARIOCA SHOPPING,,,96.0,42.117713
202412.0,2024-12-09,36693.0,COND CARIOCA SHOPPING,Consumidor Livre,SUDESTE,96.0,48.364615
202412.0,2024-12-09,36693.0,COND CARIOCA SHOPPING,Consumidor Livre,SUDESTE,96.0,48.364615
,2024-12-09,,COND CARIOCA SHOPPING,,,96.0,48.364615
202412.0,2024-12-10,36693.0,COND CARIOCA SHOPPING,Consumidor Livre,SUDESTE,96.0,48.31112
202412.0,2024-12-10,36693.0,COND CARIOCA SHOPPING,Consumidor Livre,SUDESTE,96.0,48.31112
,2024-12-10,,COND CARIOCA SHOPPING,,,96.0,48.31112
202412.0,2024-12-11,36693.0,COND CARIOCA SHOPPING,Consumidor Livre,SUDESTE,96.0,46.372671
202412.0,2024-12-11,36693.0,COND CARIOCA SHOPPING,Consumidor Livre,SUDESTE,96.0,46.372671
,2024-12-11,,COND CARIOCA SHOPPING,,,96.0,46.372671
202412.0,2024-12-12,36693.0,COND CARIOCA SHOPPING,Consumidor Livre,SUDESTE,96.0,46.798926
202412.0,2024-12-12,36693.0,COND CARIOCA SHOPPING,Consumidor Livre,SUDESTE,96.0,46.798926
,2024-12-12,,COND CARIOCA SHOPPING,,,96.0,46.798926
202412.0,2024-12-13,36693.0,COND CARIOCA SHOPPING,Consumidor Livre,SUDESTE,96.0,47.391411
202412.0,2024-12-13,36693.0,COND CARIOCA SHOPPING,Consumidor Livre,SUDESTE,96.0,47.391411
,2024-12-13,,COND CARIOCA SHOPPING,,,96.0,47.391411
202412.0,2024-12-14,36693.0,COND CARIOCA SHOPPING,Consumidor Livre,SUDESTE,96.0,48.174639
202412.0,2024-12-14,36693.0,COND CARIOCA SHOPPING,Consumidor Livre,SUDESTE,96.0,48.174639
,2024-12-14,,COND CARIOCA SHOPPING,,,96.0,48.174639
202412.0,2024-12-15,36693.0,COND CARIOCA SHOPPING,Consumidor Livre,SUDESTE,96.0,41.766054
202412.0,2024-12-15,36693.0,COND CARIOCA SHOPPING,Consumidor Livre,SUDESTE,96.0,41.766054
,2024-12-15,,COND CARIOCA SHOPPING,,,96.0,41.766054
202412.0,2024-12-16,36693.0,COND CARIOCA SHOPPING,Consumidor Livre,SUDESTE,96.0,49.156347
202412.0,2024-12-16,36693.0,COND CARIOCA SHOPPING,Consumidor Livre,SUDESTE,96.0,49.156347
,2024-12-16,,COND CARIOCA SHOPPING,,,96.0,49.156347
202412.0,2024-12-17,36693.0,COND CARIOCA SHOPPING,Consumidor Livre,SUDESTE,96.0,49.032676
202412.0,2024-12-17,36693.0,COND CARIOCA SHOPPING,Consumidor Livre,SUDESTE,96.0,49.032676
,2024-12-17,,COND CARIOCA SHOPPING,,,96.0,49.032676
202412.0,2024-12-18,36693.0,COND CARIOCA SHOPPING,Consumidor Livre,SUDESTE,96.0,47.814312
202412.0,2024-12-18,36693.0,COND CARIOCA SHOPPING,Consumidor Livre,SUDESTE,96.0,47.814312
,2024-12-18,,COND CARIOCA SHOPPING,,,96.0,47.814312
202412.0,2024-12-19,36693.0,COND CARIOCA SHOPPING,Consumidor Livre,SUDESTE,96.0,49.819757
202412.0,2024-12-19,36693.0,COND CARIOCA SHOPPING,Consumidor Livre,SUDESTE,96.0,49.819757
,2024-12-19,,COND CARIOCA SHOPPING,,,96.0,49.819757
202412.0,2024-12-20,36693.0,COND CARIOCA SHOPPING,Consumidor Livre,SUDESTE,96.0,50.325005
202412.0,2024-12-20,36693.0,COND CARIOCA SHOPPING,Consumidor Livre,SUDESTE,96.0,50.325005
,2024-12-20,,COND CARIOCA SHOPPING,,,96.0,50.325005
202412.0,2024-12-21,36693.0,COND CARIOCA SHOPPING,Consumidor Livre,SUDESTE,96.0,50.290439
202412.0,2024-12-21,36693.0,COND CARIOCA SHOPPING,Consumidor Livre,SUDESTE,96.0,50.290439
,2024-12-21,,COND CARIOCA SHOPPING,,,96.0,50.290439
202412.0,2024-12-22,36693.0,COND CARIOCA SHOPPING,Consumidor Livre,SUDESTE,96.0,46.23905
202412.0,2024-12-22,36693.0,COND CARIOCA SHOPPING,Consumidor Livre,SUDESTE,96.0,46.23905
,2024-12-22,,COND CARIOCA SHOPPING,,,96.0,46.23905
202412.0,2024-12-23,36693.0,COND CARIOCA SHOPPING,Consumidor Livre,SUDESTE,96.0,49.456857
202412.0,2024-12-23,36693.0,COND CARIOCA SHOPPING,Consumidor Livre,SUDESTE,96.0,49.456857
,2024-12-23,,COND CARIOCA SHOPPING,,,96.0,49.456857
202412.0,2024-12-24,36693.0,COND CARIOCA SHOPPING,Consumidor Livre,SUDESTE,96.0,37.068935
202412.0,2024-12-24,36693.0,COND CARIOCA SHOPPING,Consumidor Livre,SUDESTE,96.0,37.068935
,2024-12-24,,COND CARIOCA SHOPPING,,,96.0,37.068935
202412.0,2024-12-25,36693.0,COND CARIOCA SHOPPING,Consumidor Livre,SUDESTE,96.0,23.878361
202412.0,2024-12-25,36693.0,COND CARIOCA SHOPPING,Consumidor Livre,SUDESTE,96.0,23.878361
,2024-12-25,,COND CARIOCA SHOPPING,,,96.0,23.878361
202412.0,2024-12-26,36693.0,COND CARIOCA SHOPPING,Consumidor Livre,SUDESTE,96.0,47.729699
202412.0,2024-12-26,36693.0,COND CARIOCA SHOPPING,Consumidor Livre,SUDESTE,96.0,47.729699
,2024-12-26,,COND CARIOCA SHOPPING,,,96.0,47.729699
202412.0,2024-12-27,36693.0,COND CARIOCA SHOPPING,Consumidor Livre,SUDESTE,96.0,47.015025
202412.0,2024-12-27,36693.0,COND CARIOCA SHOPPING,Consumidor Livre,SUDESTE,96.0,47.015025
,2024-12-27,,COND CARIOCA SHOPPING,,,96.0,47.015025
202412.0,2024-12-28,36693.0,COND CARIOCA SHOPPING,Consumidor Livre,SUDESTE,96.0,46.853153
202412.0,2024-12-28,36693.0,COND CARIOCA SHOPPING,Consumidor Livre,SUDESTE,96.0,46.853153
,2024-12-28,,COND CARIOCA SHOPPING,,,96.0,46.853153
202412.0,2024-12-29,36693.0,COND CARIOCA SHOPPING,Consumidor Livre,SUDESTE,96.0,40.829176
202412.0,2024-12-29,36693.0,COND CARIOCA SHOPPING,Consumidor Livre,SUDESTE,96.0,40.829176
,2024-12-29,,COND CARIOCA SHOPPING,,,96.0,40.829176
202412.0,2024-12-30,36693.0,COND CARIOCA SHOPPING,Consumidor Livre,SUDESTE,96.0,47.088912
202412.0,2024-12-30,36693.0,COND CARIOCA SHOPPING,Consumidor Livre,SUDESTE,96.0,47.088912
,2024-12-30,,COND CARIOCA SHOPPING,,,96.0,47.088912
202412.0,2024-12-31,36693.0,COND CARIOCA SHOPPING,Consumidor Livre,SUDESTE,96.0,32.640438
202412.0,2024-12-31,36693.0,COND CARIOCA SHOPPING,Consumidor Livre,SUDESTE,96.0,32.640438
,2024-12-31,,COND CARIOCA SHOPPING,,,96.0,32.640438
202501.0,2025-01-01,36693.0,COND CARIOCA SHOPPING,Consumidor Livre,SUDESTE,96.0,24.811118
202501.0,2025-01-01,36693.0,COND CARIOCA SHOPPING,Consumidor Livre,SUDESTE,96.0,24.811118
,2025-01-01,,COND CARIOCA SHOPPING,,,96.0,24.811118
202501.0,2025-01-02,36693.0,COND CARIOCA SHOPPING,Consumidor Livre,SUDESTE,96.0,46.67544
202501.0,2025-01-02,36693.0,COND CARIOCA SHOPPING,Consumidor Livre,SUDESTE,96.0,46.67544
,2025-01-02,,COND CARIOCA SHOPPING,,,96.0,46.67544
202501.0,2025-01-03,36693.0,COND CARIOCA SHOPPING,Consumidor Livre,SUDESTE,96.0,48.355683
202501.0,2025-01-03,36693.0,COND CARIOCA SHOPPING,Consumidor Livre,SUDESTE,96.0,48.355683
,2025-01-03,,COND CARIOCA SHOPPING,,,96.0,48.355683
202501.0,2025-01-04,36693.0,COND CARIOCA SHOPPING,Consumidor Livre,SUDESTE,96.0,47.393078
202501.0,2025-01-04,36693.0,COND CARIOCA SHOPPING,Consumidor Livre,SUDESTE,96.0,47.393078
,2025-01-04,,COND CARIOCA SHOPPING,,,96.0,47.393078
202501.0,2025-01-05,36693.0,COND CARIOCA SHOPPING,Consumidor Livre,SUDESTE,96.0,40.760717
202501.0,2025-01-05,36693.0,COND CARIOCA SHOPPING,Consumidor Livre,SUDESTE,96.0,40.760717
,2025-01-05,,COND CARIOCA SHOPPING,,,96.0,40.760717
202501.0,2025-01-06,36693.0,COND CARIOCA SHOPPING,Consumidor Livre,SUDESTE,96.0,47.528081
202501.0,2025-01-06,36693.0,COND CARIOCA SHOPPING,Consumidor Livre,SUDESTE,96.0,47.528081
,2025-01-06,,COND CARIOCA SHOPPING,,,96.0,47.528081
202501.0,2025-01-07,36693.0,COND CARIOCA SHOPPING,Consumidor Livre,SUDESTE,96.0,46.237623
202501.0,2025-01-07,36693.0,COND CARIOCA SHOPPING,Consumidor Livre,SUDESTE,96.0,46.237623
,2025-01-07,,COND CARIOCA SHOPPING,,,96.0,46.237623
202501.0,2025-01-08,36693.0,COND CARIOCA SHOPPING,Consumidor Livre,SUDESTE,96.0,45.804537
202501.0,2025-01-08,36693.0,COND CARIOCA SHOPPING,Consumidor Livre,SUDESTE,96.0,45.804537
,2025-01-08,,COND CARIOCA SHOPPING,,,96.0,45.804537
202501.0,2025-01-09,36693.0,COND CARIOCA SHOPPING,Consumidor Livre,SUDESTE,96.0,42.907326
202501.0,2025-01-09,36693.0,COND CARIOCA SHOPPING,Consumidor Livre,SUDESTE,96.0,42.907326
,2025-01-09,,COND CARIOCA SHOPPING,,,96.0,42.907326
202501.0,2025-01-10,36693.0,COND CARIOCA SHOPPING,Consumidor Livre,SUDESTE,96.0,44.660277
202501.0,2025-01-10,36693.0,COND CARIOCA SHOPPING,Consumidor Livre,SUDESTE,96.0,44.660277
,2025-01-10,,COND CARIOCA SHOPPING,,,96.0,44.660277
202501.0,2025-01-11,36693.0,COND CARIOCA SHOPPING,Consumidor Livre,SUDESTE,96.0,44.346313
202501.0,2025-01-11,36693.0,COND CARIOCA SHOPPING,Consumidor Livre,SUDESTE,96.0,44.346313
,2025-01-11,,COND CARIOCA SHOPPING,,,96.0,44.346313
202501.0,2025-01-12,36693.0,COND CARIOCA SHOPPING,Consumidor Livre,SUDESTE,96.0,36.641997
202501.0,2025-01-12,36693.0,COND CARIOCA SHOPPING,Consumidor Livre,SUDESTE,96.0,36.641997
,2025-01-12,,COND CARIOCA SHOPPING,,,96.0,36.641997
202501.0,2025-01-13,36693.0,COND CARIOCA SHOPPING,Consumidor Livre,SUDESTE,96.0,41.823572
202501.0,2025-01-13,36693.0,COND CARIOCA SHOPPING,Consumidor Livre,SUDESTE,96.0,41.823572
,2025-01-13,,COND CARIOCA SHOPPING,,,96.0,41.823572
202501.0,2025-01-14,36693.0,COND CARIOCA SHOPPING,Consumidor Livre,SUDESTE,96.0,42.308699
202501.0,2025-01-14,36693.0,COND CARIOCA SHOPPING,Consumidor Livre,SUDESTE,96.0,42.308699
,2025-01-14,,COND CARIOCA SHOPPING,,,96.0,42.308699
202501.0,2025-01-15,36693.0,COND CARIOCA SHOPPING,Consumidor Livre,SUDESTE,96.0,42.950329
202501.0,2025-01-15,36693.0,COND CARIOCA SHOPPING,Consumidor Livre,SUDESTE,96.0,42.950329
,2025-01-15,,COND CARIOCA SHOPPING,,,96.0,42.950329
202501.0,2025-01-16,36693.0,COND CARIOCA SHOPPING,Consumidor Livre,SUDESTE,96.0,45.420418
202501.0,2025-01-16,36693.0,COND CARIOCA SHOPPING,Consumidor Livre,SUDESTE,96.0,45.420418
,2025-01-16,,COND CARIOCA SHOPPING,,,96.0,45.420418
202501.0,2025-01-17,36693.0,COND CARIOCA SHOPPING,Consumidor Livre,SUDESTE,96.0,49.841451
202501.0,2025-01-17,36693.0,COND CARIOCA SHOPPING,Consumidor Livre,SUDESTE,96.0,49.841451
,2025-01-17,,COND CARIOCA SHOPPING,,,96.0,49.841451
202501.0,2025-01-18,36693.0,COND CARIOCA SHOPPING,Consumidor Livre,SUDESTE,96.0,51.045543
202501.0,2025-01-18,36693.0,COND CARIOCA SHOPPING,Consumidor Livre,SUDESTE,96.0,51.045543
,2025-01-18,,COND CARIOCA SHOPPING,,,96.0,51.045543
202501.0,2025-01-19,36693.0,COND CARIOCA SHOPPING,Consumidor Livre,SUDESTE,96.0,44.449643
202501.0,2025-01-19,36693.0,COND CARIOCA SHOPPING,Consumidor Livre,SUDESTE,96.0,44.449643
,2025-01-19,,COND CARIOCA SHOPPING,,,96.0,44.449643
202501.0,2025-01-20,36693.0,COND CARIOCA SHOPPING,Consumidor Livre,SUDESTE,96.0,44.217767
202501.0,2025-01-20,36693.0,COND CARIOCA SHOPPING,Consumidor Livre,SUDESTE,96.0,44.217767
,2025-01-20,,COND CARIOCA SHOPPING,,,96.0,44.217767
202501.0,2025-01-21,36693.0,COND CARIOCA SHOPPING,Consumidor Livre,SUDESTE,96.0,48.20297
202501.0,2025-01-21,36693.0,COND CARIOCA SHOPPING,Consumidor Livre,SUDESTE,96.0,48.20297
,2025-01-21,,COND CARIOCA SHOPPING,,,96.0,48.20297
202501.0,2025-01-22,36693.0,COND CARIOCA SHOPPING,Consumidor Livre,SUDESTE,96.0,48.235672
202501.0,2025-01-22,36693.0,COND CARIOCA SHOPPING,Consumidor Livre,SUDESTE,96.0,48.235672
,2025-01-22,,COND CARIOCA SHOPPING,,,96.0,48.235672
202501.0,2025-01-23,36693.0,COND CARIOCA SHOPPING,Consumidor Livre,SUDESTE,96.0,48.368111
202501.0,2025-01-23,36693.0,COND CARIOCA SHOPPING,Consumidor Livre,SUDESTE,96.0,48.368111
,2025-01-23,,COND CARIOCA SHOPPING,,,96.0,48.368111
202501.0,2025-01-24,36693.0,COND CARIOCA SHOPPING,Consumidor Livre,SUDESTE,96.0,47.908371
202501.0,2025-01-24,36693.0,COND CARIOCA SHOPPING,Consumidor Livre,SUDESTE,96.0,47.908371
,2025-01-24,,COND CARIOCA SHOPPING,,,96.0,47.908371
202501.0,2025-01-25,36693.0,COND CARIOCA SHOPPING,Consumidor Livre,SUDESTE,96.0,47.207322
202501.0,2025-01-25,36693.0,COND CARIOCA SHOPPING,Consumidor Livre,SUDESTE,96.0,47.207322
,2025-01-25,,COND CARIOCA SHOPPING,,,96.0,47.207322
202501.0,2025-01-26,36693.0,COND CARIOCA SHOPPING,Consumidor Livre,SUDESTE,96.0,42.926591
202501.0,2025-01-26,36693.0,COND CARIOCA SHOPPING,Consumidor Livre,SUDESTE,96.0,42.926591
,2025-01-26,,COND CARIOCA SHOPPING,,,96.0,42.926591
202501.0,2025-01-27,36693.0,COND CARIOCA SHOPPING,Consumidor Livre,SUDESTE,96.0,46.909779
202501.0,2025-01-27,36693.0,COND CARIOCA SHOPPING,Consumidor Livre,SUDESTE,96.0,46.909779
,2025-01-27,,COND CARIOCA SHOPPING,,,96.0,46.909779
202501.0,2025-01-28,36693.0,COND CARIOCA SHOPPING,Consumidor Livre,SUDESTE,96.0,47.894434
202501.0,2025-01-28,36693.0,COND CARIOCA SHOPPING,Consumidor Livre,SUDESTE,96.0,47.894434
,2025-01-28,,COND CARIOCA SHOPPING,,,96.0,47.894434
202501.0,2025-01-29,36693.0,COND CARIOCA SHOPPING,Consumidor Livre,SUDESTE,96.0,47.696062
202501.0,2025-01-29,36693.0,COND CARIOCA SHOPPING,Consumidor Livre,SUDESTE,96.0,47.696062
,2025-01-29,,COND CARIOCA SHOPPING,,,96.0,47.696062
202501.0,2025-01-30,36693.0,COND CARIOCA SHOPPING,Consumidor Livre,SUDESTE,96.0,47.902576
202501.0,2025-01-30,36693.0,COND CARIOCA SHOPPING,Consumidor Livre,SUDESTE,96.0,47.902576
,2025-01-30,,COND CARIOCA SHOPPING,,,96.0,47.902576
202501.0,2025-01-31,36693.0,COND CARIOCA SHOPPING,Consumidor Livre,SUDESTE,96.0,46.679895
202501.0,2025-01-31,36693.0,COND CARIOCA SHOPPING,Consumidor Livre,SUDESTE,96.0,46.679895
,2025-01-31,,COND CARIOCA SHOPPING,,,96.0,46.679895
202502.0,2025-02-01,36693.0,COND CARIOCA SHOPPING,Consumidor Livre,SUDESTE,96.0,48.014209
202502.0,2025-02-01,36693.0,COND CARIOCA SHOPPING,Consumidor Livre,SUDESTE,96.0,48.014209
,2025-02-01,,COND CARIOCA SHOPPING,,,96.0,48.014209
202502.0,2025-02-02,36693.0,COND CARIOCA SHOPPING,Consumidor Livre,SUDESTE,96.0,41.229849
202502.0,2025-02-02,36693.0,COND CARIOCA SHOPPING,Consumidor Livre,SUDESTE,96.0,41.229849
,2025-02-02,,COND CARIOCA SHOPPING,,,96.0,41.229849
202502.0,2025-02-03,36693.0,COND CARIOCA SHOPPING,Consumidor Livre,SUDESTE,96.0,48.559692
202502.0,2025-02-03,36693.0,COND CARIOCA SHOPPING,Consumidor Livre,SUDESTE,96.0,48.559692
,2025-02-03,,COND CARIOCA SHOPPING,,,96.0,48.559692
202502.0,2025-02-04,36693.0,COND CARIOCA SHOPPING,Consumidor Livre,SUDESTE,96.0,49.698968
202502.0,2025-02-04,36693.0,COND CARIOCA SHOPPING,Consumidor Livre,SUDESTE,96.0,49.698968
,2025-02-04,,COND CARIOCA SHOPPING,,,96.0,49.698968
202502.0,2025-02-05,36693.0,COND CARIOCA SHOPPING,Consumidor Livre,SUDESTE,96.0,49.409947
202502.0,2025-02-05,36693.0,COND CARIOCA SHOPPING,Consumidor Livre,SUDESTE,96.0,49.409947
,2025-02-05,,COND CARIOCA SHOPPING,,,96.0,49.409947
202502.0,2025-02-06,36693.0,COND CARIOCA SHOPPING,Consumidor Livre,SUDESTE,96.0,49.948829
202502.0,2025-02-06,36693.0,COND CARIOCA SHOPPING,Consumidor Livre,SUDESTE,96.0,49.948829
,2025-02-06,,COND CARIOCA SHOPPING,,,96.0,49.948829
202502.0,2025-02-07,36693.0,COND CARIOCA SHOPPING,Consumidor Livre,SUDESTE,96.0,50.638635
202502.0,2025-02-07,36693.0,COND CARIOCA SHOPPING,Consumidor Livre,SUDESTE,96.0,50.638635
,2025-02-07,,COND CARIOCA SHOPPING,,,96.0,50.638635
202502.0,2025-02-08,36693.0,COND CARIOCA SHOPPING,Consumidor Livre,SUDESTE,96.0,50.174792
202502.0,2025-02-08,36693.0,COND CARIOCA SHOPPING,Consumidor Livre,SUDESTE,96.0,50.174792
,2025-02-08,,COND CARIOCA SHOPPING,,,96.0,50.174792
202502.0,2025-02-09,36693.0,COND CARIOCA SHOPPING,Consumidor Livre,SUDESTE,96.0,43.795129
202502.0,2025-02-09,36693.0,COND CARIOCA SHOPPING,Consumidor Livre,SUDESTE,96.0,43.795129
,2025-02-09,,COND CARIOCA SHOPPING,,,96.0,43.795129
202502.0,2025-02-10,36693.0,COND CARIOCA SHOPPING,Consumidor Livre,SUDESTE,96.0,48.939841
202502.0,2025-02-10,36693.0,COND CARIOCA SHOPPING,Consumidor Livre,SUDESTE,96.0,48.939841
,2025-02-10,,COND CARIOCA SHOPPING,,,96.0,48.939841
202502.0,2025-02-11,36693.0,COND CARIOCA SHOPPING,Consumidor Livre,SUDESTE,96.0,48.300852
202502.0,2025-02-11,36693.0,COND CARIOCA SHOPPING,Consumidor Livre,SUDESTE,96.0,48.300852
,2025-02-11,,COND CARIOCA SHOPPING,,,96.0,48.300852
202502.0,2025-02-12,36693.0,COND CARIOCA SHOPPING,Consumidor Livre,SUDESTE,96.0,49.14369
202502.0,2025-02-12,36693.0,COND CARIOCA SHOPPING,Consumidor Livre,SUDESTE,96.0,49.14369
,2025-02-12,,COND CARIOCA SHOPPING,,,96.0,49.14369
202502.0,2025-02-13,36693.0,COND CARIOCA SHOPPING,Consumidor Livre,SUDESTE,96.0,49.752909
202502.0,2025-02-13,36693.0,COND CARIOCA SHOPPING,Consumidor Livre,SUDESTE,96.0,49.752909
,2025-02-13,,COND CARIOCA SHOPPING,,,96.0,49.752909
202502.0,2025-02-14,36693.0,COND CARIOCA SHOPPING,Consumidor Livre,SUDESTE,96.0,51.479973
202502.0,2025-02-14,36693.0,COND CARIOCA SHOPPING,Consumidor Livre,SUDESTE,96.0,51.479973
,2025-02-14,,COND CARIOCA SHOPPING,,,96.0,51.479973
202502.0,2025-02-15,36693.0,COND CARIOCA SHOPPING,Consumidor Livre,SUDESTE,96.0,50.842553
202502.0,2025-02-15,36693.0,COND CARIOCA SHOPPING,Consumidor Livre,SUDESTE,96.0,50.842553
,2025-02-15,,COND CARIOCA SHOPPING,,,96.0,50.842553
202502.0,2025-02-16,36693.0,COND CARIOCA SHOPPING,Consumidor Livre,SUDESTE,96.0,42.81197
202502.0,2025-02-16,36693.0,COND CARIOCA SHOPPING,Consumidor Livre,SUDESTE,96.0,42.81197
,2025-02-16,,COND CARIOCA SHOPPING,,,96.0,42.81197
202502.0,2025-02-17,36693.0,COND CARIOCA SHOPPING,Consumidor Livre,SUDESTE,96.0,46.119957
202502.0,2025-02-17,36693.0,COND CARIOCA SHOPPING,Consumidor Livre,SUDESTE,96.0,46.119957
,2025-02-17,,COND CARIOCA SHOPPING,,,96.0,46.119957
202502.0,2025-02-18,36693.0,COND CARIOCA SHOPPING,Consumidor Livre,SUDESTE,96.0,48.200775
202502.0,2025-02-18,36693.0,COND CARIOCA SHOPPING,Consumidor Livre,SUDESTE,96.0,48.200775
,2025-02-18,,COND CARIOCA SHOPPING,,,96.0,48.200775
202502.0,2025-02-19,36693.0,COND CARIOCA SHOPPING,Consumidor Livre,SUDESTE,96.0,46.79861
202502.0,2025-02-19,36693.0,COND CARIOCA SHOPPING,Consumidor Livre,SUDESTE,96.0,46.79861
,2025-02-19,,COND CARIOCA SHOPPING,,,96.0,46.79861
202502.0,2025-02-20,36693.0,COND CARIOCA SHOPPING,Consumidor Livre,SUDESTE,96.0,46.816923
202502.0,2025-02-20,36693.0,COND CARIOCA SHOPPING,Consumidor Livre,SUDESTE,96.0,46.816923
,2025-02-20,,COND CARIOCA SHOPPING,,,96.0,46.816923
202502.0,2025-02-21,36693.0,COND CARIOCA SHOPPING,Consumidor Livre,SUDESTE,96.0,47.852542
202502.0,2025-02-21,36693.0,COND CARIOCA SHOPPING,Consumidor Livre,SUDESTE,96.0,47.852542
,2025-02-21,,COND CARIOCA SHOPPING,,,96.0,47.852542
202502.0,2025-02-22,36693.0,COND CARIOCA SHOPPING,Consumidor Livre,SUDESTE,96.0,49.003123
202502.0,2025-02-22,36693.0,COND CARIOCA SHOPPING,Consumidor Livre,SUDESTE,96.0,49.003123
,2025-02-22,,COND CARIOCA SHOPPING,,,96.0,49.003123
202502.0,2025-02-23,36693.0,COND CARIOCA SHOPPING,Consumidor Livre,SUDESTE,96.0,42.118916
202502.0,2025-02-23,36693.0,COND CARIOCA SHOPPING,Consumidor Livre,SUDESTE,96.0,42.118916
,2025-02-23,,COND CARIOCA SHOPPING,,,96.0,42.118916
202502.0,2025-02-24,36693.0,COND CARIOCA SHOPPING,Consumidor Livre,SUDESTE,96.0,46.264369
202502.0,2025-02-24,36693.0,COND CARIOCA SHOPPING,Consumidor Livre,SUDESTE,96.0,46.264369
,2025-02-24,,COND CARIOCA SHOPPING,,,96.0,46.264369
202502.0,2025-02-25,36693.0,COND CARIOCA SHOPPING,Consumidor Livre,SUDESTE,96.0,46.840022
202502.0,2025-02-25,36693.0,COND CARIOCA SHOPPING,Consumidor Livre,SUDESTE,96.0,46.840022
,2025-02-25,,COND CARIOCA SHOPPING,,,96.0,46.840022
202502.0,2025-02-26,36693.0,COND CARIOCA SHOPPING,Consumidor Livre,SUDESTE,96.0,44.825171
202502.0,2025-02-26,36693.0,COND CARIOCA SHOPPING,Consumidor Livre,SUDESTE,96.0,44.825171
,2025-02-26,,COND CARIOCA SHOPPING,,,96.0,44.825171
202502.0,2025-02-27,36693.0,COND CARIOCA SHOPPING,Consumidor Livre,SUDESTE,96.0,48.938598
202502.0,2025-02-27,36693.0,COND CARIOCA SHOPPING,Consumidor Livre,SUDESTE,96.0,48.938598
,2025-02-27,,COND CARIOCA SHOPPING,,,96.0,48.938598
202502.0,2025-02-28,36693.0,COND CARIOCA SHOPPING,Consumidor Livre,SUDESTE,96.0,49.379106
202502.0,2025-02-28,36693.0,COND CARIOCA SHOPPING,Consumidor Livre,SUDESTE,96.0,49.379106
,2025-02-28,,COND CARIOCA SHOPPING,,,96.0,49.379106
202503.0,2025-03-01,36693.0,COND CARIOCA SHOPPING,Consumidor Livre,SUDESTE,96.0,48.223252
202503.0,2025-03-01,36693.0,COND CARIOCA SHOPPING,Consumidor Livre,SUDESTE,96.0,48.223252
,2025-03-01,,COND CARIOCA SHOPPING,,,96.0,48.223252
202503.0,2025-03-02,36693.0,COND CARIOCA SHOPPING,Consumidor Livre,SUDESTE,96.0,41.804925
202503.0,2025-03-02,36693.0,COND CARIOCA SHOPPING,Consumidor Livre,SUDESTE,96.0,41.804925
,2025-03-02,,COND CARIOCA SHOPPING,,,96.0,41.804925
202503.0,2025-03-03,36693.0,COND CARIOCA SHOPPING,Consumidor Livre,SUDESTE,96.0,46.714983
202503.0,2025-03-03,36693.0,COND CARIOCA SHOPPING,Consumidor Livre,SUDESTE,96.0,46.714983
,2025-03-03,,COND CARIOCA SHOPPING,,,96.0,46.714983
202503.0,2025-03-04,36693.0,COND CARIOCA SHOPPING,Consumidor Livre,SUDESTE,96.0,33.356759000000004
202503.0,2025-03-04,36693.0,COND CARIOCA SHOPPING,Consumidor Livre,SUDESTE,96.0,33.356759000000004
,2025-03-04,,COND CARIOCA SHOPPING,,,96.0,33.356759000000004
202503.0,2025-03-05,36693.0,COND CARIOCA SHOPPING,Consumidor Livre,SUDESTE,96.0,47.044737
202503.0,2025-03-05,36693.0,COND CARIOCA SHOPPING,Consumidor Livre,SUDESTE,96.0,47.044737
,2025-03-05,,COND CARIOCA SHOPPING,,,96.0,47.044737
202503.0,2025-03-06,36693.0,COND CARIOCA SHOPPING,Consumidor Livre,SUDESTE,96.0,47.990624
202503.0,2025-03-06,36693.0,COND CARIOCA SHOPPING,Consumidor Livre,SUDESTE,96.0,47.990624
,2025-03-06,,COND CARIOCA SHOPPING,,,96.0,47.990624
202503.0,2025-03-07,36693.0,COND CARIOCA SHOPPING,Consumidor Livre,SUDESTE,96.0,48.656764
202503.0,2025-03-07,36693.0,COND CARIOCA SHOPPING,Consumidor Livre,SUDESTE,96.0,48.656764
,2025-03-07,,COND CARIOCA SHOPPING,,,96.0,48.656764
202503.0,2025-03-08,36693.0,COND CARIOCA SHOPPING,Consumidor Livre,SUDESTE,96.0,48.750324
202503.0,2025-03-08,36693.0,COND CARIOCA SHOPPING,Consumidor Livre,SUDESTE,96.0,48.750324
,2025-03-08,,COND CARIOCA SHOPPING,,,96.0,48.750324
202503.0,2025-03-09,36693.0,COND CARIOCA SHOPPING,Consumidor Livre,SUDESTE,96.0,41.49029
202503.0,2025-03-09,36693.0,COND CARIOCA SHOPPING,Consumidor Livre,SUDESTE,96.0,41.49029
,2025-03-09,,COND CARIOCA SHOPPING,,,96.0,41.49029
202503.0,2025-03-10,36693.0,COND CARIOCA SHOPPING,Consumidor Livre,SUDESTE,96.0,47.622126
202503.0,2025-03-10,36693.0,COND CARIOCA SHOPPING,Consumidor Livre,SUDESTE,96.0,47.622126
,2025-03-10,,COND CARIOCA SHOPPING,,,96.0,47.622126
202503.0,2025-03-11,36693.0,COND CARIOCA SHOPPING,Consumidor Livre,SUDESTE,96.0,46.923452
202503.0,2025-03-11,36693.0,COND CARIOCA SHOPPING,Consumidor Livre,SUDESTE,96.0,46.923452
,2025-03-11,,COND CARIOCA SHOPPING,,,96.0,46.923452
202503.0,2025-03-12,36693.0,COND CARIOCA SHOPPING,Consumidor Livre,SUDESTE,96.0,47.904913
202503.0,2025-03-12,36693.0,COND CARIOCA SHOPPING,Consumidor Livre,SUDESTE,96.0,47.904913
,2025-03-12,,COND CARIOCA SHOPPING,,,96.0,47.904913
202503.0,2025-03-13,36693.0,COND CARIOCA SHOPPING,Consumidor Livre,SUDESTE,96.0,48.684297
202503.0,2025-03-13,36693.0,COND CARIOCA SHOPPING,Consumidor Livre,SUDESTE,96.0,48.684297
,2025-03-13,,COND CARIOCA SHOPPING,,,96.0,48.684297
202503.0,2025-03-14,36693.0,COND CARIOCA SHOPPING,Consumidor Livre,SUDESTE,96.0,48.485241
202503.0,2025-03-14,36693.0,COND CARIOCA SHOPPING,Consumidor Livre,SUDESTE,96.0,48.485241
,2025-03-14,,COND CARIOCA SHOPPING,,,96.0,48.485241
202503.0,2025-03-15,36693.0,COND CARIOCA SHOPPING,Consumidor Livre,SUDESTE,96.0,47.922558
202503.0,2025-03-15,36693.0,COND CARIOCA SHOPPING,Consumidor Livre,SUDESTE,96.0,47.922558
,2025-03-15,,COND CARIOCA SHOPPING,,,96.0,47.922558
202503.0,2025-03-16,36693.0,COND CARIOCA SHOPPING,Consumidor Livre,SUDESTE,96.0,41.570167
202503.0,2025-03-16,36693.0,COND CARIOCA SHOPPING,Consumidor Livre,SUDESTE,96.0,41.570167
,2025-03-16,,COND CARIOCA SHOPPING,,,96.0,41.570167
202503.0,2025-03-17,36693.0,COND CARIOCA SHOPPING,Consumidor Livre,SUDESTE,96.0,42.809399
202503.0,2025-03-17,36693.0,COND CARIOCA SHOPPING,Consumidor Livre,SUDESTE,96.0,42.809399
,2025-03-17,,COND CARIOCA SHOPPING,,,96.0,42.809399
202503.0,2025-03-18,36693.0,COND CARIOCA SHOPPING,Consumidor Livre,SUDESTE,96.0,46.110251
202503.0,2025-03-18,36693.0,COND CARIOCA SHOPPING,Consumidor Livre,SUDESTE,96.0,46.110251
,2025-03-18,,COND CARIOCA SHOPPING,,,96.0,46.110251
202503.0,2025-03-19,36693.0,COND CARIOCA SHOPPING,Consumidor Livre,SUDESTE,96.0,37.173138
202503.0,2025-03-19,36693.0,COND CARIOCA SHOPPING,Consumidor Livre,SUDESTE,96.0,37.173138
,2025-03-19,,COND CARIOCA SHOPPING,,,96.0,37.173138
202503.0,2025-03-20,36693.0,COND CARIOCA SHOPPING,Consumidor Livre,SUDESTE,96.0,41.345408
202503.0,2025-03-20,36693.0,COND CARIOCA SHOPPING,Consumidor Livre,SUDESTE,96.0,41.345408
,2025-03-20,,COND CARIOCA SHOPPING,,,96.0,41.345408
202503.0,2025-03-21,36693.0,COND CARIOCA SHOPPING,Consumidor Livre,SUDESTE,96.0,43.318652
202503.0,2025-03-21,36693.0,COND CARIOCA SHOPPING,Consumidor Livre,SUDESTE,96.0,43.318652
,2025-03-21,,COND CARIOCA SHOPPING,,,96.0,43.318652
202503.0,2025-03-22,36693.0,COND CARIOCA SHOPPING,Consumidor Livre,SUDESTE,96.0,44.606923
202503.0,2025-03-22,36693.0,COND CARIOCA SHOPPING,Consumidor Livre,SUDESTE,96.0,44.606923
,2025-03-22,,COND CARIOCA SHOPPING,,,96.0,44.606923
202503.0,2025-03-23,36693.0,COND CARIOCA SHOPPING,Consumidor Livre,SUDESTE,96.0,39.60588
202503.0,2025-03-23,36693.0,COND CARIOCA SHOPPING,Consumidor Livre,SUDESTE,96.0,39.60588
,2025-03-23,,COND CARIOCA SHOPPING,,,96.0,39.60588
202503.0,2025-03-24,36693.0,COND CARIOCA SHOPPING,Consumidor Livre,SUDESTE,96.0,44.940239
202503.0,2025-03-24,36693.0,COND CARIOCA SHOPPING,Consumidor Livre,SUDESTE,96.0,44.940239
,2025-03-24,,COND CARIOCA SHOPPING,,,96.0,44.940239
202503.0,2025-03-25,36693.0,COND CARIOCA SHOPPING,Consumidor Livre,SUDESTE,96.0,44.665311
202503.0,2025-03-25,36693.0,COND CARIOCA SHOPPING,Consumidor Livre,SUDESTE,96.0,44.665311
,2025-03-25,,COND CARIOCA SHOPPING,,,96.0,44.665311
202503.0,2025-03-26,36693.0,COND CARIOCA SHOPPING,Consumidor Livre,SUDESTE,96.0,45.167796
202503.0,2025-03-26,36693.0,COND CARIOCA SHOPPING,Consumidor Livre,SUDESTE,96.0,45.167796
,2025-03-26,,COND CARIOCA SHOPPING,,,96.0,45.167796
202503.0,2025-03-27,36693.0,COND CARIOCA SHOPPING,Consumidor Livre,SUDESTE,96.0,42.716001
202503.0,2025-03-27,36693.0,COND CARIOCA SHOPPING,Consumidor Livre,SUDESTE,96.0,42.716001
,2025-03-27,,COND CARIOCA SHOPPING,,,96.0,42.716001
202503.0,2025-03-28,36693.0,COND CARIOCA SHOPPING,Consumidor Livre,SUDESTE,96.0,44.630779
202503.0,2025-03-28,36693.0,COND CARIOCA SHOPPING,Consumidor Livre,SUDESTE,96.0,44.630779
,2025-03-28,,COND CARIOCA SHOPPING,,,96.0,44.630779
202503.0,2025-03-29,36693.0,COND CARIOCA SHOPPING,Consumidor Livre,SUDESTE,96.0,46.064681
202503.0,2025-03-29,36693.0,COND CARIOCA SHOPPING,Consumidor Livre,SUDESTE,96.0,46.064681
,2025-03-29,,COND CARIOCA SHOPPING,,,96.0,46.064681
202503.0,2025-03-30,36693.0,COND CARIOCA SHOPPING,Consumidor Livre,SUDESTE,96.0,38.8874
202503.0,2025-03-30,36693.0,COND CARIOCA SHOPPING,Consumidor Livre,SUDESTE,96.0,38.8874
,2025-03-30,,COND CARIOCA SHOPPING,,,96.0,38.8874
202503.0,2025-03-31,36693.0,COND CARIOCA SHOPPING,Consumidor Livre,SUDESTE,96.0,45.70265
202503.0,2025-03-31,36693.0,COND CARIOCA SHOPPING,Consumidor Livre,SUDESTE,96.0,45.70265
,2025-03-31,,COND CARIOCA SHOPPING,,,96.0,45.70265
202504.0,2025-04-01,36693.0,COND CARIOCA SHOPPING,Consumidor Livre,SUDESTE,96.0,46.059378
202504.0,2025-04-01,36693.0,COND CARIOCA SHOPPING,Consumidor Livre,SUDESTE,96.0,46.059378
,2025-04-01,,COND CARIOCA SHOPPING,,,96.0,46.059378
202504.0,2025-04-02,36693.0,COND CARIOCA SHOPPING,Consumidor Livre,SUDESTE,96.0,44.267533
202504.0,2025-04-02,36693.0,COND CARIOCA SHOPPING,Consumidor Livre,SUDESTE,96.0,44.267533
,2025-04-02,,COND CARIOCA SHOPPING,,,96.0,44.267533
202504.0,2025-04-03,36693.0,COND CARIOCA SHOPPING,Consumidor Livre,SUDESTE,96.0,46.848396
202504.0,2025-04-03,36693.0,COND CARIOCA SHOPPING,Consumidor Livre,SUDESTE,96.0,46.848396
,2025-04-03,,COND CARIOCA SHOPPING,,,96.0,46.848396
202504.0,2025-04-04,36693.0,COND CARIOCA SHOPPING,Consumidor Livre,SUDESTE,96.0,45.932677
202504.0,2025-04-04,36693.0,COND CARIOCA SHOPPING,Consumidor Livre,SUDESTE,96.0,45.932677
,2025-04-04,,COND CARIOCA SHOPPING,,,96.0,45.932677
202504.0,2025-04-05,36693.0,COND CARIOCA SHOPPING,Consumidor Livre,SUDESTE,96.0,43.165633
202504.0,2025-04-05,36693.0,COND CARIOCA SHOPPING,Consumidor Livre,SUDESTE,96.0,43.165633
,2025-04-05,,COND CARIOCA SHOPPING,,,96.0,43.165633
202504.0,2025-04-06,36693.0,COND CARIOCA SHOPPING,Consumidor Livre,SUDESTE,96.0,35.975513
202504.0,2025-04-06,36693.0,COND CARIOCA SHOPPING,Consumidor Livre,SUDESTE,96.0,35.975513
,2025-04-06,,COND CARIOCA SHOPPING,,,96.0,35.975513
202504.0,2025-04-07,36693.0,COND CARIOCA SHOPPING,Consumidor Livre,SUDESTE,96.0,41.331738
202504.0,2025-04-07,36693.0,COND CARIOCA SHOPPING,Consumidor Livre,SUDESTE,96.0,41.331738
,2025-04-07,,COND CARIOCA SHOPPING,,,96.0,41.331738
202504.0,2025-04-08,36693.0,COND CARIOCA SHOPPING,Consumidor Livre,SUDESTE,96.0,42.153167
202504.0,2025-04-08,36693.0,COND CARIOCA SHOPPING,Consumidor Livre,SUDESTE,96.0,42.153167
,2025-04-08,,COND CARIOCA SHOPPING,,,96.0,42.153167
202504.0,2025-04-09,36693.0,COND CARIOCA SHOPPING,Consumidor Livre,SUDESTE,96.0,44.200109
202504.0,2025-04-09,36693.0,COND CARIOCA SHOPPING,Consumidor Livre,SUDESTE,96.0,44.200109
,2025-04-09,,COND CARIOCA SHOPPING,,,96.0,44.200109
202504.0,2025-04-10,36693.0,COND CARIOCA SHOPPING,Consumidor Livre,SUDESTE,96.0,42.843702
202504.0,2025-04-10,36693.0,COND CARIOCA SHOPPING,Consumidor Livre,SUDESTE,96.0,42.843702
,2025-04-10,,COND CARIOCA SHOPPING,,,96.0,42.843702
202504.0,2025-04-11,36693.0,COND CARIOCA SHOPPING,Consumidor Livre,SUDESTE,96.0,43.172241
202504.0,2025-04-11,36693.0,COND CARIOCA SHOPPING,Consumidor Livre,SUDESTE,96.0,43.172241
,2025-04-11,,COND CARIOCA SHOPPING,,,96.0,43.172241
202504.0,2025-04-12,36693.0,COND CARIOCA SHOPPING,Consumidor Livre,SUDESTE,96.0,44.019879
202504.0,2025-04-12,36693.0,COND CARIOCA SHOPPING,Consumidor Livre,SUDESTE,96.0,44.019879
,2025-04-12,,COND CARIOCA SHOPPING,,,96.0,44.019879
202504.0,2025-04-13,36693.0,COND CARIOCA SHOPPING,Consumidor Livre,SUDESTE,96.0,38.6712
202504.0,2025-04-13,36693.0,COND CARIOCA SHOPPING,Consumidor Livre,SUDESTE,96.0,38.6712
,2025-04-13,,COND CARIOCA SHOPPING,,,96.0,38.6712
202504.0,2025-04-14,36693.0,COND CARIOCA SHOPPING,Consumidor Livre,SUDESTE,96.0,43.102711
202504.0,2025-04-14,36693.0,COND CARIOCA SHOPPING,Consumidor Livre,SUDESTE,96.0,43.102711
,2025-04-14,,COND CARIOCA SHOPPING,,,96.0,43.102711
202504.0,2025-04-15,36693.0,COND CARIOCA SHOPPING,Consumidor Livre,SUDESTE,96.0,42.958571
202504.0,2025-04-15,36693.0,COND CARIOCA SHOPPING,Consumidor Livre,SUDESTE,96.0,42.958571
,2025-04-15,,COND CARIOCA SHOPPING,,,96.0,42.958571
202504.0,2025-04-16,36693.0,COND CARIOCA SHOPPING,Consumidor Livre,SUDESTE,96.0,42.170476
202504.0,2025-04-16,36693.0,COND CARIOCA SHOPPING,Consumidor Livre,SUDESTE,96.0,42.170476
,2025-04-16,,COND CARIOCA SHOPPING,,,96.0,42.170476
202504.0,2025-04-17,36693.0,COND CARIOCA SHOPPING,Consumidor Livre,SUDESTE,96.0,43.606315
202504.0,2025-04-17,36693.0,COND CARIOCA SHOPPING,Consumidor Livre,SUDESTE,96.0,43.606315
,2025-04-17,,COND CARIOCA SHOPPING,,,96.0,43.606315
202504.0,2025-04-18,36693.0,COND CARIOCA SHOPPING,Consumidor Livre,SUDESTE,96.0,42.642393
202504.0,2025-04-18,36693.0,COND CARIOCA SHOPPING,Consumidor Livre,SUDESTE,96.0,42.642393
,2025-04-18,,COND CARIOCA SHOPPING,,,96.0,42.642393
202504.0,2025-04-19,36693.0,COND CARIOCA SHOPPING,Consumidor Livre,SUDESTE,96.0,34.29563
202504.0,2025-04-19,36693.0,COND CARIOCA SHOPPING,Consumidor Livre,SUDESTE,96.0,34.29563
,2025-04-19,,COND CARIOCA SHOPPING,,,96.0,34.29563
202504.0,2025-04-20,36693.0,COND CARIOCA SHOPPING,Consumidor Livre,SUDESTE,96.0,36.647294
202504.0,2025-04-20,36693.0,COND CARIOCA SHOPPING,Consumidor Livre,SUDESTE,96.0,36.647294
,2025-04-20,,COND CARIOCA SHOPPING,,,96.0,36.647294
202504.0,2025-04-21,36693.0,COND CARIOCA SHOPPING,Consumidor Livre,SUDESTE,96.0,36.017663
202504.0,2025-04-21,36693.0,COND CARIOCA SHOPPING,Consumidor Livre,SUDESTE,96.0,36.017663
,2025-04-21,,COND CARIOCA SHOPPING,,,96.0,36.017663
202504.0,2025-04-22,36693.0,COND CARIOCA SHOPPING,Consumidor Livre,SUDESTE,96.0,40.162032
202504.0,2025-04-22,36693.0,COND CARIOCA SHOPPING,Consumidor Livre,SUDESTE,96.0,40.162032
,2025-04-22,,COND CARIOCA SHOPPING,,,96.0,40.162032
202504.0,2025-04-23,36693.0,COND CARIOCA SHOPPING,Consumidor Livre,SUDESTE,96.0,37.023336
202504.0,2025-04-23,36693.0,COND CARIOCA SHOPPING,Consumidor Livre,SUDESTE,96.0,37.023336
,2025-04-23,,COND CARIOCA SHOPPING,,,96.0,37.023336
202504.0,2025-04-24,36693.0,COND CARIOCA SHOPPING,Consumidor Livre,SUDESTE,96.0,41.324006
202504.0,2025-04-24,36693.0,COND CARIOCA SHOPPING,Consumidor Livre,SUDESTE,96.0,41.324006
,2025-04-24,,COND CARIOCA SHOPPING,,,96.0,41.324006
202504.0,2025-04-25,36693.0,COND CARIOCA SHOPPING,Consumidor Livre,SUDESTE,96.0,41.500506
202504.0,2025-04-25,36693.0,COND CARIOCA SHOPPING,Consumidor Livre,SUDESTE,96.0,41.500506
,2025-04-25,,COND CARIOCA SHOPPING,,,96.0,41.500506
202504.0,2025-04-26,36693.0,COND CARIOCA SHOPPING,Consumidor Livre,SUDESTE,96.0,41.884973
202504.0,2025-04-26,36693.0,COND CARIOCA SHOPPING,Consumidor Livre,SUDESTE,96.0,41.884973
,2025-04-26,,COND CARIOCA SHOPPING,,,96.0,41.884973
202504.0,2025-04-27,36693.0,COND CARIOCA SHOPPING,Consumidor Livre,SUDESTE,96.0,36.558254
202504.0,2025-04-27,36693.0,COND CARIOCA SHOPPING,Consumidor Livre,SUDESTE,96.0,36.558254
,2025-04-27,,COND CARIOCA SHOPPING,,,96.0,36.558254
202504.0,2025-04-28,36693.0,COND CARIOCA SHOPPING,Consumidor Livre,SUDESTE,96.0,43.4563
202504.0,2025-04-28,36693.0,COND CARIOCA SHOPPING,Consumidor Livre,SUDESTE,96.0,43.4563
,2025-04-28,,COND CARIOCA SHOPPING,,,96.0,43.4563
202504.0,2025-04-29,36693.0,COND CARIOCA SHOPPING,Consumidor Livre,SUDESTE,96.0,38.866432
202504.0,2025-04-29,36693.0,COND CARIOCA SHOPPING,Consumidor Livre,SUDESTE,96.0,38.866432
,2025-04-29,,COND CARIOCA SHOPPING,,,96.0,38.866432
202504.0,2025-04-30,36693.0,COND CARIOCA SHOPPING,Consumidor Livre,SUDESTE,96.0,38.425753
202504.0,2025-04-30,36693.0,COND CARIOCA SHOPPING,Consumidor Livre,SUDESTE,96.0,38.425753
,2025-04-30,,COND CARIOCA SHOPPING,,,96.0,38.425753
202505.0,2025-05-01,36693.0,COND CARIOCA SHOPPING,Consumidor Livre,SUDESTE,96.0,33.896991
202505.0,2025-05-01,36693.0,COND CARIOCA SHOPPING,Consumidor Livre,SUDESTE,96.0,33.896991
,2025-05-01,,COND CARIOCA SHOPPING,,,96.0,33.896991
202505.0,2025-05-02,36693.0,COND CARIOCA SHOPPING,Consumidor Livre,SUDESTE,96.0,40.81006
202505.0,2025-05-02,36693.0,COND CARIOCA SHOPPING,Consumidor Livre,SUDESTE,96.0,40.81006
,2025-05-02,,COND CARIOCA SHOPPING,,,96.0,40.81006
202505.0,2025-05-03,36693.0,COND CARIOCA SHOPPING,Consumidor Livre,SUDESTE,96.0,40.322785
202505.0,2025-05-03,36693.0,COND CARIOCA SHOPPING,Consumidor Livre,SUDESTE,96.0,40.322785
,2025-05-03,,COND CARIOCA SHOPPING,,,96.0,40.322785
202505.0,2025-05-04,36693.0,COND CARIOCA SHOPPING,Consumidor Livre,SUDESTE,96.0,34.091484
202505.0,2025-05-04,36693.0,COND CARIOCA SHOPPING,Consumidor Livre,SUDESTE,96.0,34.091484
,2025-05-04,,COND CARIOCA SHOPPING,,,96.0,34.091484
202505.0,2025-05-05,36693.0,COND CARIOCA SHOPPING,Consumidor Livre,SUDESTE,96.0,39.362606
202505.0,2025-05-05,36693.0,COND CARIOCA SHOPPING,Consumidor Livre,SUDESTE,96.0,39.362606
,2025-05-05,,COND CARIOCA SHOPPING,,,96.0,39.362606
202505.0,2025-05-06,36693.0,COND CARIOCA SHOPPING,Consumidor Livre,SUDESTE,96.0,42.443248
202505.0,2025-05-06,36693.0,COND CARIOCA SHOPPING,Consumidor Livre,SUDESTE,96.0,42.443248
,2025-05-06,,COND CARIOCA SHOPPING,,,96.0,42.443248
202505.0,2025-05-07,36693.0,COND CARIOCA SHOPPING,Consumidor Livre,SUDESTE,96.0,41.830663
202505.0,2025-05-07,36693.0,COND CARIOCA SHOPPING,Consumidor Livre,SUDESTE,96.0,41.830663
,2025-05-07,,COND CARIOCA SHOPPING,,,96.0,41.830663
202505.0,2025-05-08,36693.0,COND CARIOCA SHOPPING,Consumidor Livre,SUDESTE,96.0,40.263674
202505.0,2025-05-08,36693.0,COND CARIOCA SHOPPING,Consumidor Livre,SUDESTE,96.0,40.263674
,2025-05-08,,COND CARIOCA SHOPPING,,,96.0,40.263674
202505.0,2025-05-09,36693.0,COND CARIOCA SHOPPING,Consumidor Livre,SUDESTE,96.0,40.917358
202505.0,2025-05-09,36693.0,COND CARIOCA SHOPPING,Consumidor Livre,SUDESTE,96.0,40.917358
,2025-05-09,,COND CARIOCA SHOPPING,,,96.0,40.917358
202505.0,2025-05-10,36693.0,COND CARIOCA SHOPPING,Consumidor Livre,SUDESTE,96.0,45.24864
202505.0,2025-05-10,36693.0,COND CARIOCA SHOPPING,Consumidor Livre,SUDESTE,96.0,45.24864
,2025-05-10,,COND CARIOCA SHOPPING,,,96.0,45.24864
202505.0,2025-05-11,36693.0,COND CARIOCA SHOPPING,Consumidor Livre,SUDESTE,96.0,35.822055
202505.0,2025-05-11,36693.0,COND CARIOCA SHOPPING,Consumidor Livre,SUDESTE,96.0,35.822055
,2025-05-11,,COND CARIOCA SHOPPING,,,96.0,35.822055
202505.0,2025-05-12,36693.0,COND CARIOCA SHOPPING,Consumidor Livre,SUDESTE,96.0,39.860819
202505.0,2025-05-12,36693.0,COND CARIOCA SHOPPING,Consumidor Livre,SUDESTE,96.0,39.860819
,2025-05-12,,COND CARIOCA SHOPPING,,,96.0,39.860819
202505.0,2025-05-13,36693.0,COND CARIOCA SHOPPING,Consumidor Livre,SUDESTE,96.0,40.046718
202505.0,2025-05-13,36693.0,COND CARIOCA SHOPPING,Consumidor Livre,SUDESTE,96.0,40.046718
,2025-05-13,,COND CARIOCA SHOPPING,,,96.0,40.046718
202505.0,2025-05-14,36693.0,COND CARIOCA SHOPPING,Consumidor Livre,SUDESTE,96.0,38.84267
202505.0,2025-05-14,36693.0,COND CARIOCA SHOPPING,Consumidor Livre,SUDESTE,96.0,38.84267
,2025-05-14,,COND CARIOCA SHOPPING,,,96.0,38.84267
202505.0,2025-05-15,36693.0,COND CARIOCA SHOPPING,Consumidor Livre,SUDESTE,96.0,38.353489
202505.0,2025-05-15,36693.0,COND CARIOCA SHOPPING,Consumidor Livre,SUDESTE,96.0,38.353489
,2025-05-15,,COND CARIOCA SHOPPING,,,96.0,38.353489
202505.0,2025-05-16,36693.0,COND CARIOCA SHOPPING,Consumidor Livre,SUDESTE,96.0,39.744733
202505.0,2025-05-16,36693.0,COND CARIOCA SHOPPING,Consumidor Livre,SUDESTE,96.0,39.744733
,2025-05-16,,COND CARIOCA SHOPPING,,,96.0,39.744733
202505.0,2025-05-17,36693.0,COND CARIOCA SHOPPING,Consumidor Livre,SUDESTE,96.0,39.730274
202505.0,2025-05-17,36693.0,COND CARIOCA SHOPPING,Consumidor Livre,SUDESTE,96.0,39.730274
,2025-05-17,,COND CARIOCA SHOPPING,,,96.0,39.730274
202505.0,2025-05-18,36693.0,COND CARIOCA SHOPPING,Consumidor Livre,SUDESTE,96.0,34.888815
202505.0,2025-05-18,36693.0,COND CARIOCA SHOPPING,Consumidor Livre,SUDESTE,96.0,34.888815
,2025-05-18,,COND CARIOCA SHOPPING,,,96.0,34.888815
202505.0,2025-05-19,36693.0,COND CARIOCA SHOPPING,Consumidor Livre,SUDESTE,96.0,37.757398
202505.0,2025-05-19,36693.0,COND CARIOCA SHOPPING,Consumidor Livre,SUDESTE,96.0,37.757398
,2025-05-19,,COND CARIOCA SHOPPING,,,96.0,37.757398
202505.0,2025-05-20,36693.0,COND CARIOCA SHOPPING,Consumidor Livre,SUDESTE,96.0,39.08878
202505.0,2025-05-20,36693.0,COND CARIOCA SHOPPING,Consumidor Livre,SUDESTE,96.0,39.08878
,2025-05-20,,COND CARIOCA SHOPPING,,,96.0,39.08878
202505.0,2025-05-21,36693.0,COND CARIOCA SHOPPING,Consumidor Livre,SUDESTE,96.0,38.501896
202505.0,2025-05-21,36693.0,COND CARIOCA SHOPPING,Consumidor Livre,SUDESTE,96.0,38.501896
,2025-05-21,,COND CARIOCA SHOPPING,,,96.0,38.501896
202505.0,2025-05-22,36693.0,COND CARIOCA SHOPPING,Consumidor Livre,SUDESTE,96.0,39.492724
202505.0,2025-05-22,36693.0,COND CARIOCA SHOPPING,Consumidor Livre,SUDESTE,96.0,39.492724
,2025-05-22,,COND CARIOCA SHOPPING,,,96.0,39.492724
202505.0,2025-05-23,36693.0,COND CARIOCA SHOPPING,Consumidor Livre,SUDESTE,96.0,40.528382
202505.0,2025-05-23,36693.0,COND CARIOCA SHOPPING,Consumidor Livre,SUDESTE,96.0,40.528382
,2025-05-23,,COND CARIOCA SHOPPING,,,96.0,40.528382
202505.0,2025-05-24,36693.0,COND CARIOCA SHOPPING,Consumidor Livre,SUDESTE,96.0,38.748111
202505.0,2025-05-24,36693.0,COND CARIOCA SHOPPING,Consumidor Livre,SUDESTE,96.0,38.748111
,2025-05-24,,COND CARIOCA SHOPPING,,,96.0,38.748111
202505.0,2025-05-25,36693.0,COND CARIOCA SHOPPING,Consumidor Livre,SUDESTE,96.0,34.010033
202505.0,2025-05-25,36693.0,COND CARIOCA SHOPPING,Consumidor Livre,SUDESTE,96.0,34.010033
,2025-05-25,,COND CARIOCA SHOPPING,,,96.0,34.010033
202505.0,2025-05-26,36693.0,COND CARIOCA SHOPPING,Consumidor Livre,SUDESTE,96.0,39.030163
202505.0,2025-05-26,36693.0,COND CARIOCA SHOPPING,Consumidor Livre,SUDESTE,96.0,39.030163
,2025-05-26,,COND CARIOCA SHOPPING,,,96.0,39.030163
202505.0,2025-05-27,36693.0,COND CARIOCA SHOPPING,Consumidor Livre,SUDESTE,96.0,40.085662
202505.0,2025-05-27,36693.0,COND CARIOCA SHOPPING,Consumidor Livre,SUDESTE,96.0,40.085662
,2025-05-27,,COND CARIOCA SHOPPING,,,96.0,40.085662
202505.0,2025-05-28,36693.0,COND CARIOCA SHOPPING,Consumidor Livre,SUDESTE,96.0,41.258705
202505.0,2025-05-28,36693.0,COND CARIOCA SHOPPING,Consumidor Livre,SUDESTE,96.0,41.258705
,2025-05-28,,COND CARIOCA SHOPPING,,,96.0,41.258705
202505.0,2025-05-29,36693.0,COND CARIOCA SHOPPING,Consumidor Livre,SUDESTE,96.0,40.276606
202505.0,2025-05-29,36693.0,COND CARIOCA SHOPPING,Consumidor Livre,SUDESTE,96.0,40.276606
,2025-05-29,,COND CARIOCA SHOPPING,,,96.0,40.276606
202505.0,2025-05-30,36693.0,COND CARIOCA SHOPPING,Consumidor Livre,SUDESTE,96.0,37.948986
202505.0,2025-05-30,36693.0,COND CARIOCA SHOPPING,Consumidor Livre,SUDESTE,96.0,37.948986
,2025-05-30,,COND CARIOCA SHOPPING,,,96.0,37.948986
202505.0,2025-05-31,36693.0,COND CARIOCA SHOPPING,Consumidor Livre,SUDESTE,96.0,39.611341
202505.0,2025-05-31,36693.0,COND CARIOCA SHOPPING,Consumidor Livre,SUDESTE,96.0,39.611341
,2025-05-31,,COND CARIOCA SHOPPING,,,96.0,39.611341
202506.0,2025-06-01,36693.0,COND CARIOCA SHOPPING,Consumidor Livre,SUDESTE,96.0,34.967534
202506.0,2025-06-01,36693.0,COND CARIOCA SHOPPING,Consumidor Livre,SUDESTE,96.0,34.967534
,2025-06-01,,COND CARIOCA SHOPPING,,,96.0,34.967534
202506.0,2025-06-02,36693.0,COND CARIOCA SHOPPING,Consumidor Livre,SUDESTE,96.0,38.022536
202506.0,2025-06-02,36693.0,COND CARIOCA SHOPPING,Consumidor Livre,SUDESTE,96.0,38.022536
,2025-06-02,,COND CARIOCA SHOPPING,,,96.0,38.022536
202506.0,2025-06-03,36693.0,COND CARIOCA SHOPPING,Consumidor Livre,SUDESTE,96.0,39.469055
202506.0,2025-06-03,36693.0,COND CARIOCA SHOPPING,Consumidor Livre,SUDESTE,96.0,39.469055
,2025-06-03,,COND CARIOCA SHOPPING,,,96.0,39.469055
202506.0,2025-06-04,36693.0,COND CARIOCA SHOPPING,Consumidor Livre,SUDESTE,96.0,37.412265
202506.0,2025-06-04,36693.0,COND CARIOCA SHOPPING,Consumidor Livre,SUDESTE,96.0,37.412265
,2025-06-04,,COND CARIOCA SHOPPING,,,96.0,37.412265
202506.0,2025-06-05,36693.0,COND CARIOCA SHOPPING,Consumidor Livre,SUDESTE,96.0,41.757245
202506.0,2025-06-05,36693.0,COND CARIOCA SHOPPING,Consumidor Livre,SUDESTE,96.0,41.757245
,2025-06-05,,COND CARIOCA SHOPPING,,,96.0,41.757245
202506.0,2025-06-06,36693.0,COND CARIOCA SHOPPING,Consumidor Livre,SUDESTE,96.0,41.489561
202506.0,2025-06-06,36693.0,COND CARIOCA SHOPPING,Consumidor Livre,SUDESTE,96.0,41.489561
,2025-06-06,,COND CARIOCA SHOPPING,,,96.0,41.489561
202506.0,2025-06-07,36693.0,COND CARIOCA SHOPPING,Consumidor Livre,SUDESTE,96.0,40.933661
202506.0,2025-06-07,36693.0,COND CARIOCA SHOPPING,Consumidor Livre,SUDESTE,96.0,40.933661
,2025-06-07,,COND CARIOCA SHOPPING,,,96.0,40.933661
202506.0,2025-06-08,36693.0,COND CARIOCA SHOPPING,Consumidor Livre,SUDESTE,96.0,35.128015
202506.0,2025-06-08,36693.0,COND CARIOCA SHOPPING,Consumidor Livre,SUDESTE,96.0,35.128015
,2025-06-08,,COND CARIOCA SHOPPING,,,96.0,35.128015
202506.0,2025-06-09,36693.0,COND CARIOCA SHOPPING,Consumidor Livre,SUDESTE,96.0,37.901557
202506.0,2025-06-09,36693.0,COND CARIOCA SHOPPING,Consumidor Livre,SUDESTE,96.0,37.901557
,2025-06-09,,COND CARIOCA SHOPPING,,,96.0,37.901557
202506.0,2025-06-10,36693.0,COND CARIOCA SHOPPING,Consumidor Livre,SUDESTE,96.0,36.497417
202506.0,2025-06-10,36693.0,COND CARIOCA SHOPPING,Consumidor Livre,SUDESTE,96.0,36.497417
,2025-06-10,,COND CARIOCA SHOPPING,,,96.0,36.497417
202506.0,2025-06-11,36693.0,COND CARIOCA SHOPPING,Consumidor Livre,SUDESTE,96.0,32.389553
202506.0,2025-06-11,36693.0,COND CARIOCA SHOPPING,Consumidor Livre,SUDESTE,96.0,32.389553
,2025-06-11,,COND CARIOCA SHOPPING,,,96.0,32.389553
202506.0,2025-06-12,36693.0,COND CARIOCA SHOPPING,Consumidor Livre,SUDESTE,96.0,33.541267
202506.0,2025-06-12,36693.0,COND CARIOCA SHOPPING,Consumidor Livre,SUDESTE,96.0,33.541267
,2025-06-12,,COND CARIOCA SHOPPING,,,96.0,33.541267
202506.0,2025-06-13,36693.0,COND CARIOCA SHOPPING,Consumidor Livre,SUDESTE,96.0,35.466169
202506.0,2025-06-13,36693.0,COND CARIOCA SHOPPING,Consumidor Livre,SUDESTE,96.0,35.466169
,2025-06-13,,COND CARIOCA SHOPPING,,,96.0,35.466169
202506.0,2025-06-14,36693.0,COND CARIOCA SHOPPING,Consumidor Livre,SUDESTE,96.0,36.574881
202506.0,2025-06-14,36693.0,COND CARIOCA SHOPPING,Consumidor Livre,SUDESTE,96.0,36.574881
,2025-06-14,,COND CARIOCA SHOPPING,,,96.0,36.574881
202506.0,2025-06-15,36693.0,COND CARIOCA SHOPPING,Consumidor Livre,SUDESTE,96.0,32.255613000000004
202506.0,2025-06-15,36693.0,COND CARIOCA SHOPPING,Consumidor Livre,SUDESTE,96.0,32.255613000000004
,2025-06-15,,COND CARIOCA SHOPPING,,,96.0,32.255613000000004
202506.0,2025-06-16,36693.0,COND CARIOCA SHOPPING,Consumidor Livre,SUDESTE,96.0,36.289407
202506.0,2025-06-16,36693.0,COND CARIOCA SHOPPING,Consumidor Livre,SUDESTE,96.0,36.289407
,2025-06-16,,COND CARIOCA SHOPPING,,,96.0,36.289407
202506.0,2025-06-17,36693.0,COND CARIOCA SHOPPING,Consumidor Livre,SUDESTE,96.0,37.525183
202506.0,2025-06-17,36693.0,COND CARIOCA SHOPPING,Consumidor Livre,SUDESTE,96.0,37.525183
,2025-06-17,,COND CARIOCA SHOPPING,,,96.0,37.525183
202506.0,2025-06-18,36693.0,COND CARIOCA SHOPPING,Consumidor Livre,SUDESTE,96.0,38.980398
202506.0,2025-06-18,36693.0,COND CARIOCA SHOPPING,Consumidor Livre,SUDESTE,96.0,38.980398
,2025-06-18,,COND CARIOCA SHOPPING,,,96.0,38.980398
202506.0,2025-06-19,36693.0,COND CARIOCA SHOPPING,Consumidor Livre,SUDESTE,96.0,36.023675
202506.0,2025-06-19,36693.0,COND CARIOCA SHOPPING,Consumidor Livre,SUDESTE,96.0,36.023675
,2025-06-19,,COND CARIOCA SHOPPING,,,96.0,36.023675
202506.0,2025-06-20,36693.0,COND CARIOCA SHOPPING,Consumidor Livre,SUDESTE,96.0,40.57735
202506.0,2025-06-20,36693.0,COND CARIOCA SHOPPING,Consumidor Livre,SUDESTE,96.0,40.57735
,2025-06-20,,COND CARIOCA SHOPPING,,,96.0,40.57735
202506.0,2025-06-21,36693.0,COND CARIOCA SHOPPING,Consumidor Livre,SUDESTE,96.0,39.310354
202506.0,2025-06-21,36693.0,COND CARIOCA SHOPPING,Consumidor Livre,SUDESTE,96.0,39.310354
,2025-06-21,,COND CARIOCA SHOPPING,,,96.0,39.310354
202506.0,2025-06-22,36693.0,COND CARIOCA SHOPPING,Consumidor Livre,SUDESTE,96.0,35.050584
202506.0,2025-06-22,36693.0,COND CARIOCA SHOPPING,Consumidor Livre,SUDESTE,96.0,35.050584
,2025-06-22,,COND CARIOCA SHOPPING,,,96.0,35.050584
202506.0,2025-06-23,36693.0,COND CARIOCA SHOPPING,Consumidor Livre,SUDESTE,96.0,39.56115
202506.0,2025-06-23,36693.0,COND CARIOCA SHOPPING,Consumidor Livre,SUDESTE,96.0,39.56115
,2025-06-23,,COND CARIOCA SHOPPING,,,96.0,39.56115
202506.0,2025-06-24,36693.0,COND CARIOCA SHOPPING,Consumidor Livre,SUDESTE,96.0,35.88415
202506.0,2025-06-24,36693.0,COND CARIOCA SHOPPING,Consumidor Livre,SUDESTE,96.0,35.88415
,2025-06-24,,COND CARIOCA SHOPPING,,,96.0,35.88415
202506.0,2025-06-25,36693.0,COND CARIOCA SHOPPING,Consumidor Livre,SUDESTE,96.0,33.08401
202506.0,2025-06-25,36693.0,COND CARIOCA SHOPPING,Consumidor Livre,SUDESTE,96.0,33.08401
,2025-06-25,,COND CARIOCA SHOPPING,,,96.0,33.08401
202506.0,2025-06-26,36693.0,COND CARIOCA SHOPPING,Consumidor Livre,SUDESTE,96.0,35.378139
202506.0,2025-06-26,36693.0,COND CARIOCA SHOPPING,Consumidor Livre,SUDESTE,96.0,35.378139
,2025-06-26,,COND CARIOCA SHOPPING,,,96.0,35.378139
202506.0,2025-06-27,36693.0,COND CARIOCA SHOPPING,Consumidor Livre,SUDESTE,96.0,39.012464
202506.0,2025-06-27,36693.0,COND CARIOCA SHOPPING,Consumidor Livre,SUDESTE,96.0,39.012464
,2025-06-27,,COND CARIOCA SHOPPING,,,96.0,39.012464
202506.0,2025-06-28,36693.0,COND CARIOCA SHOPPING,Consumidor Livre,SUDESTE,96.0,39.003845
202506.0,2025-06-28,36693.0,COND CARIOCA SHOPPING,Consumidor Livre,SUDESTE,96.0,39.003845
,2025-06-28,,COND CARIOCA SHOPPING,,,96.0,39.003845
202506.0,2025-06-29,36693.0,COND CARIOCA SHOPPING,Consumidor Livre,SUDESTE,96.0,35.612111
202506.0,2025-06-29,36693.0,COND CARIOCA SHOPPING,Consumidor Livre,SUDESTE,96.0,35.612111
,2025-06-29,,COND CARIOCA SHOPPING,,,96.0,35.612111
202506.0,2025-06-30,36693.0,COND CARIOCA SHOPPING,Consumidor Livre,SUDESTE,96.0,39.77215
202506.0,2025-06-30,36693.0,COND CARIOCA SHOPPING,Consumidor Livre,SUDESTE,96.0,39.77215
,2025-06-30,,COND CARIOCA SHOPPING,,,96.0,39.77215
202507.0,2025-07-01,36693.0,COND CARIOCA SHOPPING,Consumidor Livre,SUDESTE,96.0,39.425717
202507.0,2025-07-01,36693.0,COND CARIOCA SHOPPING,Consumidor Livre,SUDESTE,96.0,39.425717
,2025-07-01,,COND CARIOCA SHOPPING,,,96.0,39.425717
202507.0,2025-07-02,36693.0,COND CARIOCA SHOPPING,Consumidor Livre,SUDESTE,96.0,36.111347
202507.0,2025-07-02,36693.0,COND CARIOCA SHOPPING,Consumidor Livre,SUDESTE,96.0,36.111347
,2025-07-02,,COND CARIOCA SHOPPING,,,96.0,36.111347
202507.0,2025-07-03,36693.0,COND CARIOCA SHOPPING,Consumidor Livre,SUDESTE,96.0,34.672236
202507.0,2025-07-03,36693.0,COND CARIOCA SHOPPING,Consumidor Livre,SUDESTE,96.0,34.672236
,2025-07-03,,COND CARIOCA SHOPPING,,,96.0,34.672236
202507.0,2025-07-04,36693.0,COND CARIOCA SHOPPING,Consumidor Livre,SUDESTE,96.0,34.785108
202507.0,2025-07-04,36693.0,COND CARIOCA SHOPPING,Consumidor Livre,SUDESTE,96.0,34.785108
,2025-07-04,,COND CARIOCA SHOPPING,,,96.0,34.785108
202507.0,2025-07-05,36693.0,COND CARIOCA SHOPPING,Consumidor Livre,SUDESTE,96.0,35.736255
202507.0,2025-07-05,36693.0,COND CARIOCA SHOPPING,Consumidor Livre,SUDESTE,96.0,35.736255
,2025-07-05,,COND CARIOCA SHOPPING,,,96.0,35.736255
202507.0,2025-07-06,36693.0,COND CARIOCA SHOPPING,Consumidor Livre,SUDESTE,96.0,31.569716
202507.0,2025-07-06,36693.0,COND CARIOCA SHOPPING,Consumidor Livre,SUDESTE,96.0,31.569716
,2025-07-06,,COND CARIOCA SHOPPING,,,96.0,31.569716
202507.0,2025-07-07,36693.0,COND CARIOCA SHOPPING,Consumidor Livre,SUDESTE,96.0,33.881337
202507.0,2025-07-07,36693.0,COND CARIOCA SHOPPING,Consumidor Livre,SUDESTE,96.0,33.881337
,2025-07-07,,COND CARIOCA SHOPPING,,,96.0,33.881337
202507.0,2025-07-08,36693.0,COND CARIOCA SHOPPING,Consumidor Livre,SUDESTE,96.0,34.90097
202507.0,2025-07-08,36693.0,COND CARIOCA SHOPPING,Consumidor Livre,SUDESTE,96.0,34.90097
,2025-07-08,,COND CARIOCA SHOPPING,,,96.0,34.90097
202507.0,2025-07-09,36693.0,COND CARIOCA SHOPPING,Consumidor Livre,SUDESTE,96.0,35.621583
202507.0,2025-07-09,36693.0,COND CARIOCA SHOPPING,Consumidor Livre,SUDESTE,96.0,35.621583
,2025-07-09,,COND CARIOCA SHOPPING,,,96.0,35.621583
202507.0,2025-07-10,36693.0,COND CARIOCA SHOPPING,Consumidor Livre,SUDESTE,96.0,35.474389
202507.0,2025-07-10,36693.0,COND CARIOCA SHOPPING,Consumidor Livre,SUDESTE,96.0,35.474389
,2025-07-10,,COND CARIOCA SHOPPING,,,96.0,35.474389
202507.0,2025-07-11,36693.0,COND CARIOCA SHOPPING,Consumidor Livre,SUDESTE,96.0,35.388046
202507.0,2025-07-11,36693.0,COND CARIOCA SHOPPING,Consumidor Livre,SUDESTE,96.0,35.388046
,2025-07-11,,COND CARIOCA SHOPPING,,,96.0,35.388046
202507.0,2025-07-12,36693.0,COND CARIOCA SHOPPING,Consumidor Livre,SUDESTE,96.0,37.894615
202507.0,2025-07-12,36693.0,COND CARIOCA SHOPPING,Consumidor Livre,SUDESTE,96.0,37.894615
,2025-07-12,,COND CARIOCA SHOPPING,,,96.0,37.894615
202507.0,2025-07-13,36693.0,COND CARIOCA SHOPPING,Consumidor Livre,SUDESTE,96.0,32.413969
202507.0,2025-07-13,36693.0,COND CARIOCA SHOPPING,Consumidor Livre,SUDESTE,96.0,32.413969
,2025-07-13,,COND CARIOCA SHOPPING,,,96.0,32.413969
202507.0,2025-07-14,36693.0,COND CARIOCA SHOPPING,Consumidor Livre,SUDESTE,96.0,35.677272
202507.0,2025-07-14,36693.0,COND CARIOCA SHOPPING,Consumidor Livre,SUDESTE,96.0,35.677272
,2025-07-14,,COND CARIOCA SHOPPING,,,96.0,35.677272
202507.0,2025-07-15,36693.0,COND CARIOCA SHOPPING,Consumidor Livre,SUDESTE,96.0,35.721779
202507.0,2025-07-15,36693.0,COND CARIOCA SHOPPING,Consumidor Livre,SUDESTE,96.0,35.721779
,2025-07-15,,COND CARIOCA SHOPPING,,,96.0,35.721779
202507.0,2025-07-16,36693.0,COND CARIOCA SHOPPING,Consumidor Livre,SUDESTE,96.0,35.810223
202507.0,2025-07-16,36693.0,COND CARIOCA SHOPPING,Consumidor Livre,SUDESTE,96.0,35.810223
,2025-07-16,,COND CARIOCA SHOPPING,,,96.0,35.810223
202507.0,2025-07-17,36693.0,COND CARIOCA SHOPPING,Consumidor Livre,SUDESTE,96.0,36.51056
202507.0,2025-07-17,36693.0,COND CARIOCA SHOPPING,Consumidor Livre,SUDESTE,96.0,36.51056
,2025-07-17,,COND CARIOCA SHOPPING,,,96.0,36.51056
202507.0,2025-07-18,36693.0,COND CARIOCA SHOPPING,Consumidor Livre,SUDESTE,96.0,37.989108
202507.0,2025-07-18,36693.0,COND CARIOCA SHOPPING,Consumidor Livre,SUDESTE,96.0,37.989108
,2025-07-18,,COND CARIOCA SHOPPING,,,96.0,37.989108
202507.0,2025-07-19,36693.0,COND CARIOCA SHOPPING,Consumidor Livre,SUDESTE,96.0,36.789553
202507.0,2025-07-19,36693.0,COND CARIOCA SHOPPING,Consumidor Livre,SUDESTE,96.0,36.789553
,2025-07-19,,COND CARIOCA SHOPPING,,,96.0,36.789553
202507.0,2025-07-20,36693.0,COND CARIOCA SHOPPING,Consumidor Livre,SUDESTE,96.0,31.625865
202507.0,2025-07-20,36693.0,COND CARIOCA SHOPPING,Consumidor Livre,SUDESTE,96.0,31.625865
,2025-07-20,,COND CARIOCA SHOPPING,,,96.0,31.625865
202507.0,2025-07-21,36693.0,COND CARIOCA SHOPPING,Consumidor Livre,SUDESTE,96.0,36.096973
202507.0,2025-07-21,36693.0,COND CARIOCA SHOPPING,Consumidor Livre,SUDESTE,96.0,36.096973
,2025-07-21,,COND CARIOCA SHOPPING,,,96.0,36.096973
202507.0,2025-07-22,36693.0,COND CARIOCA SHOPPING,Consumidor Livre,SUDESTE,96.0,37.044619
202507.0,2025-07-22,36693.0,COND CARIOCA SHOPPING,Consumidor Livre,SUDESTE,96.0,37.044619
,2025-07-22,,COND CARIOCA SHOPPING,,,96.0,37.044619
202507.0,2025-07-23,36693.0,COND CARIOCA SHOPPING,Consumidor Livre,SUDESTE,96.0,38.447772
202507.0,2025-07-23,36693.0,COND CARIOCA SHOPPING,Consumidor Livre,SUDESTE,96.0,38.447772
,2025-07-23,,COND CARIOCA SHOPPING,,,96.0,38.447772
202507.0,2025-07-24,36693.0,COND CARIOCA SHOPPING,Consumidor Livre,SUDESTE,96.0,36.423777
202507.0,2025-07-24,36693.0,COND CARIOCA SHOPPING,Consumidor Livre,SUDESTE,96.0,36.423777
,2025-07-24,,COND CARIOCA SHOPPING,,,96.0,36.423777
202507.0,2025-07-25,36693.0,COND CARIOCA SHOPPING,Consumidor Livre,SUDESTE,96.0,38.561303
202507.0,2025-07-25,36693.0,COND CARIOCA SHOPPING,Consumidor Livre,SUDESTE,96.0,38.561303
,2025-07-25,,COND CARIOCA SHOPPING,,,96.0,38.561303
202507.0,2025-07-26,36693.0,COND CARIOCA SHOPPING,Consumidor Livre,SUDESTE,96.0,37.345631
202507.0,2025-07-26,36693.0,COND CARIOCA SHOPPING,Consumidor Livre,SUDESTE,96.0,37.345631
,2025-07-26,,COND CARIOCA SHOPPING,,,96.0,37.345631
202507.0,2025-07-27,36693.0,COND CARIOCA SHOPPING,Consumidor Livre,SUDESTE,96.0,34.054617
202507.0,2025-07-27,36693.0,COND CARIOCA SHOPPING,Consumidor Livre,SUDESTE,96.0,34.054617
,2025-07-27,,COND CARIOCA SHOPPING,,,96.0,34.054617
202507.0,2025-07-28,36693.0,COND CARIOCA SHOPPING,Consumidor Livre,SUDESTE,96.0,35.949354
202507.0,2025-07-28,36693.0,COND CARIOCA SHOPPING,Consumidor Livre,SUDESTE,96.0,35.949354
,2025-07-28,,COND CARIOCA SHOPPING,,,96.0,35.949354
202507.0,2025-07-29,36693.0,COND CARIOCA SHOPPING,Consumidor Livre,SUDESTE,96.0,32.084876
202507.0,2025-07-29,36693.0,COND CARIOCA SHOPPING,Consumidor Livre,SUDESTE,96.0,32.084876
,2025-07-29,,COND CARIOCA SHOPPING,,,96.0,32.084876
202507.0,2025-07-30,36693.0,COND CARIOCA SHOPPING,Consumidor Livre,SUDESTE,96.0,31.376358
202507.0,2025-07-30,36693.0,COND CARIOCA SHOPPING,Consumidor Livre,SUDESTE,96.0,31.376358
,2025-07-30,,COND CARIOCA SHOPPING,,,96.0,31.376358
202507.0,2025-07-31,36693.0,COND CARIOCA SHOPPING,Consumidor Livre,SUDESTE,96.0,33.997229
202507.0,2025-07-31,36693.0,COND CARIOCA SHOPPING,Consumidor Livre,SUDESTE,96.0,33.997229
,2025-07-31,,COND CARIOCA SHOPPING,,,96.0,33.997229
202508.0,2025-08-01,36693.0,COND CARIOCA SHOPPING,Consumidor Livre,SUDESTE,96.0,34.678794
202508.0,2025-08-01,36693.0,COND CARIOCA SHOPPING,Consumidor Livre,SUDESTE,96.0,34.678794
,2025-08-01,,COND CARIOCA SHOPPING,,,96.0,34.678794
202508.0,2025-08-02,36693.0,COND CARIOCA SHOPPING,Consumidor Livre,SUDESTE,96.0,37.65546
202508.0,2025-08-02,36693.0,COND CARIOCA SHOPPING,Consumidor Livre,SUDESTE,96.0,37.65546
,2025-08-02,,COND CARIOCA SHOPPING,,,96.0,37.65546
202508.0,2025-08-03,36693.0,COND CARIOCA SHOPPING,Consumidor Livre,SUDESTE,96.0,33.017774
202508.0,2025-08-03,36693.0,COND CARIOCA SHOPPING,Consumidor Livre,SUDESTE,96.0,33.017774
,2025-08-03,,COND CARIOCA SHOPPING,,,96.0,33.017774
202508.0,2025-08-04,36693.0,COND CARIOCA SHOPPING,Consumidor Livre,SUDESTE,96.0,36.763812
202508.0,2025-08-04,36693.0,COND CARIOCA SHOPPING,Consumidor Livre,SUDESTE,96.0,36.763812
,2025-08-04,,COND CARIOCA SHOPPING,,,96.0,36.763812
202508.0,2025-08-05,36693.0,COND CARIOCA SHOPPING,Consumidor Livre,SUDESTE,96.0,35.759926
202508.0,2025-08-05,36693.0,COND CARIOCA SHOPPING,Consumidor Livre,SUDESTE,96.0,35.759926
,2025-08-05,,COND CARIOCA SHOPPING,,,96.0,35.759926
202508.0,2025-08-06,36693.0,COND CARIOCA SHOPPING,Consumidor Livre,SUDESTE,96.0,36.442774
202508.0,2025-08-06,36693.0,COND CARIOCA SHOPPING,Consumidor Livre,SUDESTE,96.0,36.442774
,2025-08-06,,COND CARIOCA SHOPPING,,,96.0,36.442774
202508.0,2025-08-07,36693.0,COND CARIOCA SHOPPING,Consumidor Livre,SUDESTE,96.0,37.412751
202508.0,2025-08-07,36693.0,COND CARIOCA SHOPPING,Consumidor Livre,SUDESTE,96.0,37.412751
,2025-08-07,,COND CARIOCA SHOPPING,,,96.0,37.412751
202508.0,2025-08-08,36693.0,COND CARIOCA SHOPPING,Consumidor Livre,SUDESTE,96.0,40.496436
202508.0,2025-08-08,36693.0,COND CARIOCA SHOPPING,Consumidor Livre,SUDESTE,96.0,40.496436
,2025-08-08,,COND CARIOCA SHOPPING,,,96.0,40.496436
202508.0,2025-08-09,36693.0,COND CARIOCA SHOPPING,Consumidor Livre,SUDESTE,96.0,37.578305
202508.0,2025-08-09,36693.0,COND CARIOCA SHOPPING,Consumidor Livre,SUDESTE,96.0,37.578305
,2025-08-09,,COND CARIOCA SHOPPING,,,96.0,37.578305
202508.0,2025-08-10,36693.0,COND CARIOCA SHOPPING,Consumidor Livre,SUDESTE,96.0,31.079471
202508.0,2025-08-10,36693.0,COND CARIOCA SHOPPING,Consumidor Livre,SUDESTE,96.0,31.079471
,2025-08-10,,COND CARIOCA SHOPPING,,,96.0,31.079471
202508.0,2025-08-11,36693.0,COND CARIOCA SHOPPING,Consumidor Livre,SUDESTE,96.0,32.657146
202508.0,2025-08-11,36693.0,COND CARIOCA SHOPPING,Consumidor Livre,SUDESTE,96.0,32.657146
,2025-08-11,,COND CARIOCA SHOPPING,,,96.0,32.657146
202508.0,2025-08-12,36693.0,COND CARIOCA SHOPPING,Consumidor Livre,SUDESTE,96.0,33.621131
202508.0,2025-08-12,36693.0,COND CARIOCA SHOPPING,Consumidor Livre,SUDESTE,96.0,33.621131
,2025-08-12,,COND CARIOCA SHOPPING,,,96.0,33.621131
202508.0,2025-08-13,36693.0,COND CARIOCA SHOPPING,Consumidor Livre,SUDESTE,96.0,34.550184
202508.0,2025-08-13,36693.0,COND CARIOCA SHOPPING,Consumidor Livre,SUDESTE,96.0,34.550184
,2025-08-13,,COND CARIOCA SHOPPING,,,96.0,34.550184
202508.0,2025-08-14,36693.0,COND CARIOCA SHOPPING,Consumidor Livre,SUDESTE,96.0,35.626477
202508.0,2025-08-14,36693.0,COND CARIOCA SHOPPING,Consumidor Livre,SUDESTE,96.0,35.626477
,2025-08-14,,COND CARIOCA SHOPPING,,,96.0,35.626477
202508.0,2025-08-15,36693.0,COND CARIOCA SHOPPING,Consumidor Livre,SUDESTE,96.0,35.708241
202508.0,2025-08-15,36693.0,COND CARIOCA SHOPPING,Consumidor Livre,SUDESTE,96.0,35.708241
,2025-08-15,,COND CARIOCA SHOPPING,,,96.0,35.708241
202508.0,2025-08-16,36693.0,COND CARIOCA SHOPPING,Consumidor Livre,SUDESTE,96.0,36.804237
202508.0,2025-08-16,36693.0,COND CARIOCA SHOPPING,Consumidor Livre,SUDESTE,96.0,36.804237
,2025-08-16,,COND CARIOCA SHOPPING,,,96.0,36.804237
202508.0,2025-08-17,36693.0,COND CARIOCA SHOPPING,Consumidor Livre,SUDESTE,96.0,32.184147
202508.0,2025-08-17,36693.0,COND CARIOCA SHOPPING,Consumidor Livre,SUDESTE,96.0,32.184147
,2025-08-17,,COND CARIOCA SHOPPING,,,96.0,32.184147
202508.0,2025-08-18,36693.0,COND CARIOCA SHOPPING,Consumidor Livre,SUDESTE,96.0,37.031598
202508.0,2025-08-18,36693.0,COND CARIOCA SHOPPING,Consumidor Livre,SUDESTE,96.0,37.031598
,2025-08-18,,COND CARIOCA SHOPPING,,,96.0,37.031598
202508.0,2025-08-19,36693.0,COND CARIOCA SHOPPING,Consumidor Livre,SUDESTE,96.0,36.339483
202508.0,2025-08-19,36693.0,COND CARIOCA SHOPPING,Consumidor Livre,SUDESTE,96.0,36.339483
,2025-08-19,,COND CARIOCA SHOPPING,,,96.0,36.339483
202508.0,2025-08-20,36693.0,COND CARIOCA SHOPPING,Consumidor Livre,SUDESTE,96.0,38.03018
202508.0,2025-08-20,36693.0,COND CARIOCA SHOPPING,Consumidor Livre,SUDESTE,96.0,38.03018
,2025-08-20,,COND CARIOCA SHOPPING,,,96.0,38.03018
202508.0,2025-08-21,36693.0,COND CARIOCA SHOPPING,Consumidor Livre,SUDESTE,96.0,39.142297
202508.0,2025-08-21,36693.0,COND CARIOCA SHOPPING,Consumidor Livre,SUDESTE,96.0,39.142297
,2025-08-21,,COND CARIOCA SHOPPING,,,96.0,39.142297
202508.0,2025-08-22,36693.0,COND CARIOCA SHOPPING,Consumidor Livre,SUDESTE,96.0,41.817487
202508.0,2025-08-22,36693.0,COND CARIOCA SHOPPING,Consumidor Livre,SUDESTE,96.0,41.817487
,2025-08-22,,COND CARIOCA SHOPPING,,,96.0,41.817487
202508.0,2025-08-23,36693.0,COND CARIOCA SHOPPING,Consumidor Livre,SUDESTE,96.0,41.558453
202508.0,2025-08-23,36693.0,COND CARIOCA SHOPPING,Consumidor Livre,SUDESTE,96.0,41.558453
,2025-08-23,,COND CARIOCA SHOPPING,,,96.0,41.558453
202508.0,2025-08-24,36693.0,COND CARIOCA SHOPPING,Consumidor Livre,SUDESTE,96.0,36.501528
202508.0,2025-08-24,36693.0,COND CARIOCA SHOPPING,Consumidor Livre,SUDESTE,96.0,36.501528
,2025-08-24,,COND CARIOCA SHOPPING,,,96.0,36.501528
202508.0,2025-08-25,36693.0,COND CARIOCA SHOPPING,Consumidor Livre,SUDESTE,96.0,38.125747
202508.0,2025-08-25,36693.0,COND CARIOCA SHOPPING,Consumidor Livre,SUDESTE,96.0,38.125747
,2025-08-25,,COND CARIOCA SHOPPING,,,96.0,38.125747
202508.0,2025-08-26,36693.0,COND CARIOCA SHOPPING,Consumidor Livre,SUDESTE,96.0,38.732725
202508.0,2025-08-26,36693.0,COND CARIOCA SHOPPING,Consumidor Livre,SUDESTE,96.0,38.732725
,2025-08-26,,COND CARIOCA SHOPPING,,,96.0,38.732725
202508.0,2025-08-27,36693.0,COND CARIOCA SHOPPING,Consumidor Livre,SUDESTE,96.0,35.314592
202508.0,2025-08-27,36693.0,COND CARIOCA SHOPPING,Consumidor Livre,SUDESTE,96.0,35.314592
,2025-08-27,,COND CARIOCA SHOPPING,,,96.0,35.314592
202508.0,2025-08-28,36693.0,COND CARIOCA SHOPPING,Consumidor Livre,SUDESTE,96.0,39.7146
202508.0,2025-08-28,36693.0,COND CARIOCA SHOPPING,Consumidor Livre,SUDESTE,96.0,39.7146
,2025-08-28,,COND CARIOCA SHOPPING,,,96.0,39.7146
202508.0,2025-08-29,36693.0,COND CARIOCA SHOPPING,Consumidor Livre,SUDESTE,96.0,40.47291
202508.0,2025-08-29,36693.0,COND CARIOCA SHOPPING,Consumidor Livre,SUDESTE,96.0,40.47291
,2025-08-29,,COND CARIOCA SHOPPING,,,96.0,40.47291
202508.0,2025-08-30,36693.0,COND CARIOCA SHOPPING,Consumidor Livre,SUDESTE,96.0,39.612038
202508.0,2025-08-30,36693.0,COND CARIOCA SHOPPING,Consumidor Livre,SUDESTE,96.0,39.612038
,2025-08-30,,COND CARIOCA SHOPPING,,,96.0,39.612038
202508.0,2025-08-31,36693.0,COND CARIOCA SHOPPING,Consumidor Livre,SUDESTE,96.0,34.273071
202508.0,2025-08-31,36693.0,COND CARIOCA SHOPPING,Consumidor Livre,SUDESTE,96.0,34.273071
,2025-08-31,,COND CARIOCA SHOPPING,,,96.0,34.273071
