MES_REFERENCIA,DATA,CODIGO_PERFIL_AGENTE,SIGLA_PERFIL_AGENTE,CLASSE_PERFIL_AGENTE,SUBMERCADO,CAPACIDADE_CARGA,CONSUMO_CARGA_ACL
202412.0,2024-12-01,144968.0,DAC - PA 25,Consumidor Especial,NORDESTE,8.399999999999999,0.0
202412.0,2024-12-01,144968.0,DAC - PA 25,Consumidor Especial,NORDESTE,8.399999999999999,0.0
,2024-12-01,,DAC - PA 25,,,8.399999999999999,0.0
202412.0,2024-12-02,144968.0,DAC - PA 25,Consumidor Especial,NORDESTE,8.399999999999999,0.601422
202412.0,2024-12-02,144968.0,DAC - PA 25,Consumidor Especial,NORDESTE,8.399999999999999,0.601422
,2024-12-02,,DAC - PA 25,,,8.399999999999999,0.601422
202412.0,2024-12-03,144968.0,DAC - PA 25,Consumidor Especial,NORDESTE,8.399999999999999,0.015311
202412.0,2024-12-03,144968.0,DAC - PA 25,Consumidor Especial,NORDESTE,8.399999999999999,0.015311
,2024-12-03,,DAC - PA 25,,,8.399999999999999,0.015311
202412.0,2024-12-04,144968.0,DAC - PA 25,Consumidor Especial,NORDESTE,8.399999999999999,0.0
202412.0,2024-12-04,144968.0,DAC - PA 25,Consumidor Especial,NORDESTE,8.399999999999999,0.0
,2024-12-04,,DAC - PA 25,,,8.399999999999999,0.0
202412.0,2024-12-05,144968.0,DAC - PA 25,Consumidor Especial,NORDESTE,8.399999999999999,0.035036
202412.0,2024-12-05,144968.0,DAC - PA 25,Consumidor Especial,NORDESTE,8.399999999999999,0.035036
,2024-12-05,,DAC - PA 25,,,8.399999999999999,0.035036
202412.0,2024-12-06,144968.0,DAC - PA 25,Consumidor Especial,NORDESTE,8.399999999999999,0.071569
202412.0,2024-12-06,144968.0,DAC - PA 25,Consumidor Especial,NORDESTE,8.399999999999999,0.071569
,2024-12-06,,DAC - PA 25,,,8.399999999999999,0.071569
202412.0,2024-12-07,144968.0,DAC - PA 25,Consumidor Especial,NORDESTE,8.399999999999999,0.071004
202412.0,2024-12-07,144968.0,DAC - PA 25,Consumidor Especial,NORDESTE,8.399999999999999,0.071004
,2024-12-07,,DAC - PA 25,,,8.399999999999999,0.071004
202412.0,2024-12-08,144968.0,DAC - PA 25,Consumidor Especial,NORDESTE,8.399999999999999,0.089306
202412.0,2024-12-08,144968.0,DAC - PA 25,Consumidor Especial,NORDESTE,8.399999999999999,0.089306
,2024-12-08,,DAC - PA 25,,,8.399999999999999,0.089306
202412.0,2024-12-09,144968.0,DAC - PA 25,Consumidor Especial,NORDESTE,8.399999999999999,0.094566
202412.0,2024-12-09,144968.0,DAC - PA 25,Consumidor Especial,NORDESTE,8.399999999999999,0.094566
,2024-12-09,,DAC - PA 25,,,8.399999999999999,0.094566
202412.0,2024-12-10,144968.0,DAC - PA 25,Consumidor Especial,NORDESTE,8.399999999999999,0.011459
202412.0,2024-12-10,144968.0,DAC - PA 25,Consumidor Especial,NORDESTE,8.399999999999999,0.011459
,2024-12-10,,DAC - PA 25,,,8.399999999999999,0.011459
202412.0,2024-12-11,144968.0,DAC - PA 25,Consumidor Especial,NORDESTE,8.399999999999999,0.0
202412.0,2024-12-11,144968.0,DAC - PA 25,Consumidor Especial,NORDESTE,8.399999999999999,0.0
,2024-12-11,,DAC - PA 25,,,8.399999999999999,0.0
202412.0,2024-12-12,144968.0,DAC - PA 25,Consumidor Especial,NORDESTE,8.399999999999999,0.0
202412.0,2024-12-12,144968.0,DAC - PA 25,Consumidor Especial,NORDESTE,8.399999999999999,0.0
,2024-12-12,,DAC - PA 25,,,8.399999999999999,0.0
202412.0,2024-12-13,144968.0,DAC - PA 25,Consumidor Especial,NORDESTE,8.399999999999999,0.00095
202412.0,2024-12-13,144968.0,DAC - PA 25,Consumidor Especial,NORDESTE,8.399999999999999,0.00095
,2024-12-13,,DAC - PA 25,,,8.399999999999999,0.00095
202412.0,2024-12-14,144968.0,DAC - PA 25,Consumidor Especial,NORDESTE,8.399999999999999,0.0
202412.0,2024-12-14,144968.0,DAC - PA 25,Consumidor Especial,NORDESTE,8.399999999999999,0.0
,2024-12-14,,DAC - PA 25,,,8.399999999999999,0.0
202412.0,2024-12-15,144968.0,DAC - PA 25,Consumidor Especial,NORDESTE,8.399999999999999,0.0
202412.0,2024-12-15,144968.0,DAC - PA 25,Consumidor Especial,NORDESTE,8.399999999999999,0.0
,2024-12-15,,DAC - PA 25,,,8.399999999999999,0.0
202412.0,2024-12-16,144968.0,DAC - PA 25,Consumidor Especial,NORDESTE,8.399999999999999,0.270927
202412.0,2024-12-16,144968.0,DAC - PA 25,Consumidor Especial,NORDESTE,8.399999999999999,0.270927
,2024-12-16,,DAC - PA 25,,,8.399999999999999,0.270927
202412.0,2024-12-17,144968.0,DAC - PA 25,Consumidor Especial,NORDESTE,8.399999999999999,0.981357
202412.0,2024-12-17,144968.0,DAC - PA 25,Consumidor Especial,NORDESTE,8.399999999999999,0.981357
,2024-12-17,,DAC - PA 25,,,8.399999999999999,0.981357
202412.0,2024-12-18,144968.0,DAC - PA 25,Consumidor Especial,NORDESTE,8.399999999999999,0.069826
202412.0,2024-12-18,144968.0,DAC - PA 25,Consumidor Especial,NORDESTE,8.399999999999999,0.069826
,2024-12-18,,DAC - PA 25,,,8.399999999999999,0.069826
202412.0,2024-12-19,144968.0,DAC - PA 25,Consumidor Especial,NORDESTE,8.399999999999999,0.069855
202412.0,2024-12-19,144968.0,DAC - PA 25,Consumidor Especial,NORDESTE,8.399999999999999,0.069855
,2024-12-19,,DAC - PA 25,,,8.399999999999999,0.069855
202412.0,2024-12-20,144968.0,DAC - PA 25,Consumidor Especial,NORDESTE,8.399999999999999,0.069497
202412.0,2024-12-20,144968.0,DAC - PA 25,Consumidor Especial,NORDESTE,8.399999999999999,0.069497
,2024-12-20,,DAC - PA 25,,,8.399999999999999,0.069497
202412.0,2024-12-21,144968.0,DAC - PA 25,Consumidor Especial,NORDESTE,8.399999999999999,0.070296
202412.0,2024-12-21,144968.0,DAC - PA 25,Consumidor Especial,NORDESTE,8.399999999999999,0.070296
,2024-12-21,,DAC - PA 25,,,8.399999999999999,0.070296
202412.0,2024-12-22,144968.0,DAC - PA 25,Consumidor Especial,NORDESTE,8.399999999999999,0.071418
202412.0,2024-12-22,144968.0,DAC - PA 25,Consumidor Especial,NORDESTE,8.399999999999999,0.071418
,2024-12-22,,DAC - PA 25,,,8.399999999999999,0.071418
202412.0,2024-12-23,144968.0,DAC - PA 25,Consumidor Especial,NORDESTE,8.399999999999999,0.070675
202412.0,2024-12-23,144968.0,DAC - PA 25,Consumidor Especial,NORDESTE,8.399999999999999,0.070675
,2024-12-23,,DAC - PA 25,,,8.399999999999999,0.070675
202412.0,2024-12-24,144968.0,DAC - PA 25,Consumidor Especial,NORDESTE,8.399999999999999,0.071555
202412.0,2024-12-24,144968.0,DAC - PA 25,Consumidor Especial,NORDESTE,8.399999999999999,0.071555
,2024-12-24,,DAC - PA 25,,,8.399999999999999,0.071555
202412.0,2024-12-25,144968.0,DAC - PA 25,Consumidor Especial,NORDESTE,8.399999999999999,0.072808
202412.0,2024-12-25,144968.0,DAC - PA 25,Consumidor Especial,NORDESTE,8.399999999999999,0.072808
,2024-12-25,,DAC - PA 25,,,8.399999999999999,0.072808
202412.0,2024-12-26,144968.0,DAC - PA 25,Consumidor Especial,NORDESTE,8.399999999999999,0.067032
202412.0,2024-12-26,144968.0,DAC - PA 25,Consumidor Especial,NORDESTE,8.399999999999999,0.067032
,2024-12-26,,DAC - PA 25,,,8.399999999999999,0.067032
202412.0,2024-12-27,144968.0,DAC - PA 25,Consumidor Especial,NORDESTE,8.399999999999999,0.070436
202412.0,2024-12-27,144968.0,DAC - PA 25,Consumidor Especial,NORDESTE,8.399999999999999,0.070436
,2024-12-27,,DAC - PA 25,,,8.399999999999999,0.070436
202412.0,2024-12-28,144968.0,DAC - PA 25,Consumidor Especial,NORDESTE,8.399999999999999,0.070187
202412.0,2024-12-28,144968.0,DAC - PA 25,Consumidor Especial,NORDESTE,8.399999999999999,0.070187
,2024-12-28,,DAC - PA 25,,,8.399999999999999,0.070187
202412.0,2024-12-29,144968.0,DAC - PA 25,Consumidor Especial,NORDESTE,8.399999999999999,0.071072
202412.0,2024-12-29,144968.0,DAC - PA 25,Consumidor Especial,NORDESTE,8.399999999999999,0.071072
,2024-12-29,,DAC - PA 25,,,8.399999999999999,0.071072
202412.0,2024-12-30,144968.0,DAC - PA 25,Consumidor Especial,NORDESTE,8.399999999999999,0.071071
202412.0,2024-12-30,144968.0,DAC - PA 25,Consumidor Especial,NORDESTE,8.399999999999999,0.071071
,2024-12-30,,DAC - PA 25,,,8.399999999999999,0.071071
202412.0,2024-12-31,144968.0,DAC - PA 25,Consumidor Especial,NORDESTE,8.399999999999999,0.072006
202412.0,2024-12-31,144968.0,DAC - PA 25,Consumidor Especial,NORDESTE,8.399999999999999,0.072006
,2024-12-31,,DAC - PA 25,,,8.399999999999999,0.072006
202501.0,2025-01-01,144968.0,DAC - PA 25,Consumidor Especial,NORDESTE,8.399999999999999,0.047503
202501.0,2025-01-01,144968.0,DAC - PA 25,Consumidor Especial,NORDESTE,8.399999999999999,0.047503
,2025-01-01,,DAC - PA 25,,,8.399999999999999,0.047503
202501.0,2025-01-02,144968.0,DAC - PA 25,Consumidor Especial,NORDESTE,8.399999999999999,0.045724
202501.0,2025-01-02,144968.0,DAC - PA 25,Consumidor Especial,NORDESTE,8.399999999999999,0.045724
,2025-01-02,,DAC - PA 25,,,8.399999999999999,0.045724
202501.0,2025-01-03,144968.0,DAC - PA 25,Consumidor Especial,NORDESTE,8.399999999999999,0.047005
202501.0,2025-01-03,144968.0,DAC - PA 25,Consumidor Especial,NORDESTE,8.399999999999999,0.047005
,2025-01-03,,DAC - PA 25,,,8.399999999999999,0.047005
202501.0,2025-01-04,144968.0,DAC - PA 25,Consumidor Especial,NORDESTE,8.399999999999999,0.046865
202501.0,2025-01-04,144968.0,DAC - PA 25,Consumidor Especial,NORDESTE,8.399999999999999,0.046865
,2025-01-04,,DAC - PA 25,,,8.399999999999999,0.046865
202501.0,2025-01-05,144968.0,DAC - PA 25,Consumidor Especial,NORDESTE,8.399999999999999,0.047471
202501.0,2025-01-05,144968.0,DAC - PA 25,Consumidor Especial,NORDESTE,8.399999999999999,0.047471
,2025-01-05,,DAC - PA 25,,,8.399999999999999,0.047471
202501.0,2025-01-06,144968.0,DAC - PA 25,Consumidor Especial,NORDESTE,8.399999999999999,0.137709
202501.0,2025-01-06,144968.0,DAC - PA 25,Consumidor Especial,NORDESTE,8.399999999999999,0.137709
,2025-01-06,,DAC - PA 25,,,8.399999999999999,0.137709
202501.0,2025-01-07,144968.0,DAC - PA 25,Consumidor Especial,NORDESTE,8.399999999999999,1.628603
202501.0,2025-01-07,144968.0,DAC - PA 25,Consumidor Especial,NORDESTE,8.399999999999999,1.628603
,2025-01-07,,DAC - PA 25,,,8.399999999999999,1.628603
202501.0,2025-01-08,144968.0,DAC - PA 25,Consumidor Especial,NORDESTE,8.399999999999999,2.690651
202501.0,2025-01-08,144968.0,DAC - PA 25,Consumidor Especial,NORDESTE,8.399999999999999,2.690651
,2025-01-08,,DAC - PA 25,,,8.399999999999999,2.690651
202501.0,2025-01-09,144968.0,DAC - PA 25,Consumidor Especial,NORDESTE,8.399999999999999,2.638945
202501.0,2025-01-09,144968.0,DAC - PA 25,Consumidor Especial,NORDESTE,8.399999999999999,2.638945
,2025-01-09,,DAC - PA 25,,,8.399999999999999,2.638945
202501.0,2025-01-10,144968.0,DAC - PA 25,Consumidor Especial,NORDESTE,8.399999999999999,3.146806
202501.0,2025-01-10,144968.0,DAC - PA 25,Consumidor Especial,NORDESTE,8.399999999999999,3.146806
,2025-01-10,,DAC - PA 25,,,8.399999999999999,3.146806
202501.0,2025-01-11,144968.0,DAC - PA 25,Consumidor Especial,NORDESTE,8.399999999999999,3.333498
202501.0,2025-01-11,144968.0,DAC - PA 25,Consumidor Especial,NORDESTE,8.399999999999999,3.333498
,2025-01-11,,DAC - PA 25,,,8.399999999999999,3.333498
202501.0,2025-01-12,144968.0,DAC - PA 25,Consumidor Especial,NORDESTE,8.399999999999999,3.338227
202501.0,2025-01-12,144968.0,DAC - PA 25,Consumidor Especial,NORDESTE,8.399999999999999,3.338227
,2025-01-12,,DAC - PA 25,,,8.399999999999999,3.338227
202501.0,2025-01-13,144968.0,DAC - PA 25,Consumidor Especial,NORDESTE,8.399999999999999,3.338781
202501.0,2025-01-13,144968.0,DAC - PA 25,Consumidor Especial,NORDESTE,8.399999999999999,3.338781
,2025-01-13,,DAC - PA 25,,,8.399999999999999,3.338781
202501.0,2025-01-14,144968.0,DAC - PA 25,Consumidor Especial,NORDESTE,8.399999999999999,3.341361
202501.0,2025-01-14,144968.0,DAC - PA 25,Consumidor Especial,NORDESTE,8.399999999999999,3.341361
,2025-01-14,,DAC - PA 25,,,8.399999999999999,3.341361
202501.0,2025-01-15,144968.0,DAC - PA 25,Consumidor Especial,NORDESTE,8.399999999999999,3.34445
202501.0,2025-01-15,144968.0,DAC - PA 25,Consumidor Especial,NORDESTE,8.399999999999999,3.34445
,2025-01-15,,DAC - PA 25,,,8.399999999999999,3.34445
202501.0,2025-01-16,144968.0,DAC - PA 25,Consumidor Especial,NORDESTE,8.399999999999999,1.220135
202501.0,2025-01-16,144968.0,DAC - PA 25,Consumidor Especial,NORDESTE,8.399999999999999,1.220135
,2025-01-16,,DAC - PA 25,,,8.399999999999999,1.220135
202501.0,2025-01-17,144968.0,DAC - PA 25,Consumidor Especial,NORDESTE,8.399999999999999,1.090723
202501.0,2025-01-17,144968.0,DAC - PA 25,Consumidor Especial,NORDESTE,8.399999999999999,1.090723
,2025-01-17,,DAC - PA 25,,,8.399999999999999,1.090723
202501.0,2025-01-18,144968.0,DAC - PA 25,Consumidor Especial,NORDESTE,8.399999999999999,1.152258
202501.0,2025-01-18,144968.0,DAC - PA 25,Consumidor Especial,NORDESTE,8.399999999999999,1.152258
,2025-01-18,,DAC - PA 25,,,8.399999999999999,1.152258
202501.0,2025-01-19,144968.0,DAC - PA 25,Consumidor Especial,NORDESTE,8.399999999999999,1.154688
202501.0,2025-01-19,144968.0,DAC - PA 25,Consumidor Especial,NORDESTE,8.399999999999999,1.154688
,2025-01-19,,DAC - PA 25,,,8.399999999999999,1.154688
202501.0,2025-01-20,144968.0,DAC - PA 25,Consumidor Especial,NORDESTE,8.399999999999999,1.181302
202501.0,2025-01-20,144968.0,DAC - PA 25,Consumidor Especial,NORDESTE,8.399999999999999,1.181302
,2025-01-20,,DAC - PA 25,,,8.399999999999999,1.181302
202501.0,2025-01-21,144968.0,DAC - PA 25,Consumidor Especial,NORDESTE,8.399999999999999,1.678419
202501.0,2025-01-21,144968.0,DAC - PA 25,Consumidor Especial,NORDESTE,8.399999999999999,1.678419
,2025-01-21,,DAC - PA 25,,,8.399999999999999,1.678419
202501.0,2025-01-22,144968.0,DAC - PA 25,Consumidor Especial,NORDESTE,8.399999999999999,2.028415
202501.0,2025-01-22,144968.0,DAC - PA 25,Consumidor Especial,NORDESTE,8.399999999999999,2.028415
,2025-01-22,,DAC - PA 25,,,8.399999999999999,2.028415
202501.0,2025-01-23,144968.0,DAC - PA 25,Consumidor Especial,NORDESTE,8.399999999999999,1.297242
202501.0,2025-01-23,144968.0,DAC - PA 25,Consumidor Especial,NORDESTE,8.399999999999999,1.297242
,2025-01-23,,DAC - PA 25,,,8.399999999999999,1.297242
202501.0,2025-01-24,144968.0,DAC - PA 25,Consumidor Especial,NORDESTE,8.399999999999999,1.427867
202501.0,2025-01-24,144968.0,DAC - PA 25,Consumidor Especial,NORDESTE,8.399999999999999,1.427867
,2025-01-24,,DAC - PA 25,,,8.399999999999999,1.427867
202501.0,2025-01-25,144968.0,DAC - PA 25,Consumidor Especial,NORDESTE,8.399999999999999,1.507868
202501.0,2025-01-25,144968.0,DAC - PA 25,Consumidor Especial,NORDESTE,8.399999999999999,1.507868
,2025-01-25,,DAC - PA 25,,,8.399999999999999,1.507868
202501.0,2025-01-26,144968.0,DAC - PA 25,Consumidor Especial,NORDESTE,8.399999999999999,1.510252
202501.0,2025-01-26,144968.0,DAC - PA 25,Consumidor Especial,NORDESTE,8.399999999999999,1.510252
,2025-01-26,,DAC - PA 25,,,8.399999999999999,1.510252
202501.0,2025-01-27,144968.0,DAC - PA 25,Consumidor Especial,NORDESTE,8.399999999999999,1.547976
202501.0,2025-01-27,144968.0,DAC - PA 25,Consumidor Especial,NORDESTE,8.399999999999999,1.547976
,2025-01-27,,DAC - PA 25,,,8.399999999999999,1.547976
202501.0,2025-01-28,144968.0,DAC - PA 25,Consumidor Especial,NORDESTE,8.399999999999999,2.212312
202501.0,2025-01-28,144968.0,DAC - PA 25,Consumidor Especial,NORDESTE,8.399999999999999,2.212312
,2025-01-28,,DAC - PA 25,,,8.399999999999999,2.212312
202501.0,2025-01-29,144968.0,DAC - PA 25,Consumidor Especial,NORDESTE,8.399999999999999,2.687266
202501.0,2025-01-29,144968.0,DAC - PA 25,Consumidor Especial,NORDESTE,8.399999999999999,2.687266
,2025-01-29,,DAC - PA 25,,,8.399999999999999,2.687266
202501.0,2025-01-30,144968.0,DAC - PA 25,Consumidor Especial,NORDESTE,8.399999999999999,1.720601
202501.0,2025-01-30,144968.0,DAC - PA 25,Consumidor Especial,NORDESTE,8.399999999999999,1.720601
,2025-01-30,,DAC - PA 25,,,8.399999999999999,1.720601
202501.0,2025-01-31,144968.0,DAC - PA 25,Consumidor Especial,NORDESTE,8.399999999999999,1.891183
202501.0,2025-01-31,144968.0,DAC - PA 25,Consumidor Especial,NORDESTE,8.399999999999999,1.891183
,2025-01-31,,DAC - PA 25,,,8.399999999999999,1.891183
202502.0,2025-02-01,144968.0,DAC - PA 25,Consumidor Especial,NORDESTE,8.399999999999999,3.351133
202502.0,2025-02-01,144968.0,DAC - PA 25,Consumidor Especial,NORDESTE,8.399999999999999,3.351133
,2025-02-01,,DAC - PA 25,,,8.399999999999999,3.351133
202502.0,2025-02-02,144968.0,DAC - PA 25,Consumidor Especial,NORDESTE,8.399999999999999,3.351038
202502.0,2025-02-02,144968.0,DAC - PA 25,Consumidor Especial,NORDESTE,8.399999999999999,3.351038
,2025-02-02,,DAC - PA 25,,,8.399999999999999,3.351038
202502.0,2025-02-03,144968.0,DAC - PA 25,Consumidor Especial,NORDESTE,8.399999999999999,3.353242
202502.0,2025-02-03,144968.0,DAC - PA 25,Consumidor Especial,NORDESTE,8.399999999999999,3.353242
,2025-02-03,,DAC - PA 25,,,8.399999999999999,3.353242
202502.0,2025-02-04,144968.0,DAC - PA 25,Consumidor Especial,NORDESTE,8.399999999999999,3.357008
202502.0,2025-02-04,144968.0,DAC - PA 25,Consumidor Especial,NORDESTE,8.399999999999999,3.357008
,2025-02-04,,DAC - PA 25,,,8.399999999999999,3.357008
202502.0,2025-02-05,144968.0,DAC - PA 25,Consumidor Especial,NORDESTE,8.399999999999999,3.351441
202502.0,2025-02-05,144968.0,DAC - PA 25,Consumidor Especial,NORDESTE,8.399999999999999,3.351441
,2025-02-05,,DAC - PA 25,,,8.399999999999999,3.351441
202502.0,2025-02-06,144968.0,DAC - PA 25,Consumidor Especial,NORDESTE,8.399999999999999,3.342737
202502.0,2025-02-06,144968.0,DAC - PA 25,Consumidor Especial,NORDESTE,8.399999999999999,3.342737
,2025-02-06,,DAC - PA 25,,,8.399999999999999,3.342737
202502.0,2025-02-07,144968.0,DAC - PA 25,Consumidor Especial,NORDESTE,8.399999999999999,2.750195
202502.0,2025-02-07,144968.0,DAC - PA 25,Consumidor Especial,NORDESTE,8.399999999999999,2.750195
,2025-02-07,,DAC - PA 25,,,8.399999999999999,2.750195
202502.0,2025-02-08,144968.0,DAC - PA 25,Consumidor Especial,NORDESTE,8.399999999999999,3.353975
202502.0,2025-02-08,144968.0,DAC - PA 25,Consumidor Especial,NORDESTE,8.399999999999999,3.353975
,2025-02-08,,DAC - PA 25,,,8.399999999999999,3.353975
202502.0,2025-02-09,144968.0,DAC - PA 25,Consumidor Especial,NORDESTE,8.399999999999999,3.352494
202502.0,2025-02-09,144968.0,DAC - PA 25,Consumidor Especial,NORDESTE,8.399999999999999,3.352494
,2025-02-09,,DAC - PA 25,,,8.399999999999999,3.352494
202502.0,2025-02-10,144968.0,DAC - PA 25,Consumidor Especial,NORDESTE,8.399999999999999,3.344063
202502.0,2025-02-10,144968.0,DAC - PA 25,Consumidor Especial,NORDESTE,8.399999999999999,3.344063
,2025-02-10,,DAC - PA 25,,,8.399999999999999,3.344063
202502.0,2025-02-11,144968.0,DAC - PA 25,Consumidor Especial,NORDESTE,8.399999999999999,3.348947
202502.0,2025-02-11,144968.0,DAC - PA 25,Consumidor Especial,NORDESTE,8.399999999999999,3.348947
,2025-02-11,,DAC - PA 25,,,8.399999999999999,3.348947
202502.0,2025-02-12,144968.0,DAC - PA 25,Consumidor Especial,NORDESTE,8.399999999999999,3.345813
202502.0,2025-02-12,144968.0,DAC - PA 25,Consumidor Especial,NORDESTE,8.399999999999999,3.345813
,2025-02-12,,DAC - PA 25,,,8.399999999999999,3.345813
202502.0,2025-02-13,144968.0,DAC - PA 25,Consumidor Especial,NORDESTE,8.399999999999999,3.327547
202502.0,2025-02-13,144968.0,DAC - PA 25,Consumidor Especial,NORDESTE,8.399999999999999,3.327547
,2025-02-13,,DAC - PA 25,,,8.399999999999999,3.327547
202502.0,2025-02-14,144968.0,DAC - PA 25,Consumidor Especial,NORDESTE,8.399999999999999,3.346834
202502.0,2025-02-14,144968.0,DAC - PA 25,Consumidor Especial,NORDESTE,8.399999999999999,3.346834
,2025-02-14,,DAC - PA 25,,,8.399999999999999,3.346834
202502.0,2025-02-15,144968.0,DAC - PA 25,Consumidor Especial,NORDESTE,8.399999999999999,3.354725
202502.0,2025-02-15,144968.0,DAC - PA 25,Consumidor Especial,NORDESTE,8.399999999999999,3.354725
,2025-02-15,,DAC - PA 25,,,8.399999999999999,3.354725
202502.0,2025-02-16,144968.0,DAC - PA 25,Consumidor Especial,NORDESTE,8.399999999999999,3.342031
202502.0,2025-02-16,144968.0,DAC - PA 25,Consumidor Especial,NORDESTE,8.399999999999999,3.342031
,2025-02-16,,DAC - PA 25,,,8.399999999999999,3.342031
202502.0,2025-02-17,144968.0,DAC - PA 25,Consumidor Especial,NORDESTE,8.399999999999999,3.3453310000000003
202502.0,2025-02-17,144968.0,DAC - PA 25,Consumidor Especial,NORDESTE,8.399999999999999,3.3453310000000003
,2025-02-17,,DAC - PA 25,,,8.399999999999999,3.3453310000000003
202502.0,2025-02-18,144968.0,DAC - PA 25,Consumidor Especial,NORDESTE,8.399999999999999,2.372214
202502.0,2025-02-18,144968.0,DAC - PA 25,Consumidor Especial,NORDESTE,8.399999999999999,2.372214
,2025-02-18,,DAC - PA 25,,,8.399999999999999,2.372214
202502.0,2025-02-19,144968.0,DAC - PA 25,Consumidor Especial,NORDESTE,8.399999999999999,3.275341
202502.0,2025-02-19,144968.0,DAC - PA 25,Consumidor Especial,NORDESTE,8.399999999999999,3.275341
,2025-02-19,,DAC - PA 25,,,8.399999999999999,3.275341
202502.0,2025-02-20,144968.0,DAC - PA 25,Consumidor Especial,NORDESTE,8.399999999999999,3.338991
202502.0,2025-02-20,144968.0,DAC - PA 25,Consumidor Especial,NORDESTE,8.399999999999999,3.338991
,2025-02-20,,DAC - PA 25,,,8.399999999999999,3.338991
202502.0,2025-02-21,144968.0,DAC - PA 25,Consumidor Especial,NORDESTE,8.399999999999999,3.343643
202502.0,2025-02-21,144968.0,DAC - PA 25,Consumidor Especial,NORDESTE,8.399999999999999,3.343643
,2025-02-21,,DAC - PA 25,,,8.399999999999999,3.343643
202502.0,2025-02-22,144968.0,DAC - PA 25,Consumidor Especial,NORDESTE,8.399999999999999,2.522799
202502.0,2025-02-22,144968.0,DAC - PA 25,Consumidor Especial,NORDESTE,8.399999999999999,2.522799
,2025-02-22,,DAC - PA 25,,,8.399999999999999,2.522799
202502.0,2025-02-23,144968.0,DAC - PA 25,Consumidor Especial,NORDESTE,8.399999999999999,3.202249
202502.0,2025-02-23,144968.0,DAC - PA 25,Consumidor Especial,NORDESTE,8.399999999999999,3.202249
,2025-02-23,,DAC - PA 25,,,8.399999999999999,3.202249
202502.0,2025-02-24,144968.0,DAC - PA 25,Consumidor Especial,NORDESTE,8.399999999999999,3.325243
202502.0,2025-02-24,144968.0,DAC - PA 25,Consumidor Especial,NORDESTE,8.399999999999999,3.325243
,2025-02-24,,DAC - PA 25,,,8.399999999999999,3.325243
202502.0,2025-02-25,144968.0,DAC - PA 25,Consumidor Especial,NORDESTE,8.399999999999999,3.274083
202502.0,2025-02-25,144968.0,DAC - PA 25,Consumidor Especial,NORDESTE,8.399999999999999,3.274083
,2025-02-25,,DAC - PA 25,,,8.399999999999999,3.274083
202502.0,2025-02-26,144968.0,DAC - PA 25,Consumidor Especial,NORDESTE,8.399999999999999,2.820764
202502.0,2025-02-26,144968.0,DAC - PA 25,Consumidor Especial,NORDESTE,8.399999999999999,2.820764
,2025-02-26,,DAC - PA 25,,,8.399999999999999,2.820764
202502.0,2025-02-27,144968.0,DAC - PA 25,Consumidor Especial,NORDESTE,8.399999999999999,3.193401
202502.0,2025-02-27,144968.0,DAC - PA 25,Consumidor Especial,NORDESTE,8.399999999999999,3.193401
,2025-02-27,,DAC - PA 25,,,8.399999999999999,3.193401
202502.0,2025-02-28,144968.0,DAC - PA 25,Consumidor Especial,NORDESTE,8.399999999999999,3.292501
202502.0,2025-02-28,144968.0,DAC - PA 25,Consumidor Especial,NORDESTE,8.399999999999999,3.292501
,2025-02-28,,DAC - PA 25,,,8.399999999999999,3.292501
202503.0,2025-03-01,144968.0,DAC - PA 25,Consumidor Especial,NORDESTE,8.399999999999999,3.331497
202503.0,2025-03-01,144968.0,DAC - PA 25,Consumidor Especial,NORDESTE,8.399999999999999,3.331497
,2025-03-01,,DAC - PA 25,,,8.399999999999999,3.331497
202503.0,2025-03-02,144968.0,DAC - PA 25,Consumidor Especial,NORDESTE,8.399999999999999,3.336913
202503.0,2025-03-02,144968.0,DAC - PA 25,Consumidor Especial,NORDESTE,8.399999999999999,3.336913
,2025-03-02,,DAC - PA 25,,,8.399999999999999,3.336913
202503.0,2025-03-03,144968.0,DAC - PA 25,Consumidor Especial,NORDESTE,8.399999999999999,3.335087
202503.0,2025-03-03,144968.0,DAC - PA 25,Consumidor Especial,NORDESTE,8.399999999999999,3.335087
,2025-03-03,,DAC - PA 25,,,8.399999999999999,3.335087
202503.0,2025-03-04,144968.0,DAC - PA 25,Consumidor Especial,NORDESTE,8.399999999999999,3.25845
202503.0,2025-03-04,144968.0,DAC - PA 25,Consumidor Especial,NORDESTE,8.399999999999999,3.25845
,2025-03-04,,DAC - PA 25,,,8.399999999999999,3.25845
202503.0,2025-03-05,144968.0,DAC - PA 25,Consumidor Especial,NORDESTE,8.399999999999999,0.0
202503.0,2025-03-05,144968.0,DAC - PA 25,Consumidor Especial,NORDESTE,8.399999999999999,0.0
,2025-03-05,,DAC - PA 25,,,8.399999999999999,0.0
202503.0,2025-03-06,144968.0,DAC - PA 25,Consumidor Especial,NORDESTE,8.399999999999999,8.7e-05
202503.0,2025-03-06,144968.0,DAC - PA 25,Consumidor Especial,NORDESTE,8.399999999999999,8.7e-05
,2025-03-06,,DAC - PA 25,,,8.399999999999999,8.7e-05
202503.0,2025-03-07,144968.0,DAC - PA 25,Consumidor Especial,NORDESTE,8.399999999999999,0.922051
202503.0,2025-03-07,144968.0,DAC - PA 25,Consumidor Especial,NORDESTE,8.399999999999999,0.922051
,2025-03-07,,DAC - PA 25,,,8.399999999999999,0.922051
202503.0,2025-03-08,144968.0,DAC - PA 25,Consumidor Especial,NORDESTE,8.399999999999999,3.245958
202503.0,2025-03-08,144968.0,DAC - PA 25,Consumidor Especial,NORDESTE,8.399999999999999,3.245958
,2025-03-08,,DAC - PA 25,,,8.399999999999999,3.245958
202503.0,2025-03-09,144968.0,DAC - PA 25,Consumidor Especial,NORDESTE,8.399999999999999,3.238416
202503.0,2025-03-09,144968.0,DAC - PA 25,Consumidor Especial,NORDESTE,8.399999999999999,3.238416
,2025-03-09,,DAC - PA 25,,,8.399999999999999,3.238416
202503.0,2025-03-10,144968.0,DAC - PA 25,Consumidor Especial,NORDESTE,8.399999999999999,3.237273
202503.0,2025-03-10,144968.0,DAC - PA 25,Consumidor Especial,NORDESTE,8.399999999999999,3.237273
,2025-03-10,,DAC - PA 25,,,8.399999999999999,3.237273
202503.0,2025-03-11,144968.0,DAC - PA 25,Consumidor Especial,NORDESTE,8.399999999999999,3.265403
202503.0,2025-03-11,144968.0,DAC - PA 25,Consumidor Especial,NORDESTE,8.399999999999999,3.265403
,2025-03-11,,DAC - PA 25,,,8.399999999999999,3.265403
202503.0,2025-03-12,144968.0,DAC - PA 25,Consumidor Especial,NORDESTE,8.399999999999999,3.301152
202503.0,2025-03-12,144968.0,DAC - PA 25,Consumidor Especial,NORDESTE,8.399999999999999,3.301152
,2025-03-12,,DAC - PA 25,,,8.399999999999999,3.301152
202503.0,2025-03-13,144968.0,DAC - PA 25,Consumidor Especial,NORDESTE,8.399999999999999,3.300013
202503.0,2025-03-13,144968.0,DAC - PA 25,Consumidor Especial,NORDESTE,8.399999999999999,3.300013
,2025-03-13,,DAC - PA 25,,,8.399999999999999,3.300013
202503.0,2025-03-14,144968.0,DAC - PA 25,Consumidor Especial,NORDESTE,8.399999999999999,2.728341
202503.0,2025-03-14,144968.0,DAC - PA 25,Consumidor Especial,NORDESTE,8.399999999999999,2.728341
,2025-03-14,,DAC - PA 25,,,8.399999999999999,2.728341
202503.0,2025-03-15,144968.0,DAC - PA 25,Consumidor Especial,NORDESTE,8.399999999999999,3.209385
202503.0,2025-03-15,144968.0,DAC - PA 25,Consumidor Especial,NORDESTE,8.399999999999999,3.209385
,2025-03-15,,DAC - PA 25,,,8.399999999999999,3.209385
202503.0,2025-03-16,144968.0,DAC - PA 25,Consumidor Especial,NORDESTE,8.399999999999999,3.221636
202503.0,2025-03-16,144968.0,DAC - PA 25,Consumidor Especial,NORDESTE,8.399999999999999,3.221636
,2025-03-16,,DAC - PA 25,,,8.399999999999999,3.221636
202503.0,2025-03-17,144968.0,DAC - PA 25,Consumidor Especial,NORDESTE,8.399999999999999,3.330383
202503.0,2025-03-17,144968.0,DAC - PA 25,Consumidor Especial,NORDESTE,8.399999999999999,3.330383
,2025-03-17,,DAC - PA 25,,,8.399999999999999,3.330383
202503.0,2025-03-18,144968.0,DAC - PA 25,Consumidor Especial,NORDESTE,8.399999999999999,3.322781
202503.0,2025-03-18,144968.0,DAC - PA 25,Consumidor Especial,NORDESTE,8.399999999999999,3.322781
,2025-03-18,,DAC - PA 25,,,8.399999999999999,3.322781
202503.0,2025-03-19,144968.0,DAC - PA 25,Consumidor Especial,NORDESTE,8.399999999999999,3.325982
202503.0,2025-03-19,144968.0,DAC - PA 25,Consumidor Especial,NORDESTE,8.399999999999999,3.325982
,2025-03-19,,DAC - PA 25,,,8.399999999999999,3.325982
202503.0,2025-03-20,144968.0,DAC - PA 25,Consumidor Especial,NORDESTE,8.399999999999999,3.321697
202503.0,2025-03-20,144968.0,DAC - PA 25,Consumidor Especial,NORDESTE,8.399999999999999,3.321697
,2025-03-20,,DAC - PA 25,,,8.399999999999999,3.321697
202503.0,2025-03-21,144968.0,DAC - PA 25,Consumidor Especial,NORDESTE,8.399999999999999,3.303011
202503.0,2025-03-21,144968.0,DAC - PA 25,Consumidor Especial,NORDESTE,8.399999999999999,3.303011
,2025-03-21,,DAC - PA 25,,,8.399999999999999,3.303011
202503.0,2025-03-22,144968.0,DAC - PA 25,Consumidor Especial,NORDESTE,8.399999999999999,3.298667
202503.0,2025-03-22,144968.0,DAC - PA 25,Consumidor Especial,NORDESTE,8.399999999999999,3.298667
,2025-03-22,,DAC - PA 25,,,8.399999999999999,3.298667
202503.0,2025-03-23,144968.0,DAC - PA 25,Consumidor Especial,NORDESTE,8.399999999999999,3.299987
202503.0,2025-03-23,144968.0,DAC - PA 25,Consumidor Especial,NORDESTE,8.399999999999999,3.299987
,2025-03-23,,DAC - PA 25,,,8.399999999999999,3.299987
202503.0,2025-03-24,144968.0,DAC - PA 25,Consumidor Especial,NORDESTE,8.399999999999999,3.296533
202503.0,2025-03-24,144968.0,DAC - PA 25,Consumidor Especial,NORDESTE,8.399999999999999,3.296533
,2025-03-24,,DAC - PA 25,,,8.399999999999999,3.296533
202503.0,2025-03-25,144968.0,DAC - PA 25,Consumidor Especial,NORDESTE,8.399999999999999,2.868871
202503.0,2025-03-25,144968.0,DAC - PA 25,Consumidor Especial,NORDESTE,8.399999999999999,2.868871
,2025-03-25,,DAC - PA 25,,,8.399999999999999,2.868871
202503.0,2025-03-26,144968.0,DAC - PA 25,Consumidor Especial,NORDESTE,8.399999999999999,3.300991
202503.0,2025-03-26,144968.0,DAC - PA 25,Consumidor Especial,NORDESTE,8.399999999999999,3.300991
,2025-03-26,,DAC - PA 25,,,8.399999999999999,3.300991
202503.0,2025-03-27,144968.0,DAC - PA 25,Consumidor Especial,NORDESTE,8.399999999999999,3.313437
202503.0,2025-03-27,144968.0,DAC - PA 25,Consumidor Especial,NORDESTE,8.399999999999999,3.313437
,2025-03-27,,DAC - PA 25,,,8.399999999999999,3.313437
202503.0,2025-03-28,144968.0,DAC - PA 25,Consumidor Especial,NORDESTE,8.399999999999999,3.132074
202503.0,2025-03-28,144968.0,DAC - PA 25,Consumidor Especial,NORDESTE,8.399999999999999,3.132074
,2025-03-28,,DAC - PA 25,,,8.399999999999999,3.132074
202503.0,2025-03-29,144968.0,DAC - PA 25,Consumidor Especial,NORDESTE,8.399999999999999,3.31499
202503.0,2025-03-29,144968.0,DAC - PA 25,Consumidor Especial,NORDESTE,8.399999999999999,3.31499
,2025-03-29,,DAC - PA 25,,,8.399999999999999,3.31499
202503.0,2025-03-30,144968.0,DAC - PA 25,Consumidor Especial,NORDESTE,8.399999999999999,3.327449
202503.0,2025-03-30,144968.0,DAC - PA 25,Consumidor Especial,NORDESTE,8.399999999999999,3.327449
,2025-03-30,,DAC - PA 25,,,8.399999999999999,3.327449
202503.0,2025-03-31,144968.0,DAC - PA 25,Consumidor Especial,NORDESTE,8.399999999999999,3.317103
202503.0,2025-03-31,144968.0,DAC - PA 25,Consumidor Especial,NORDESTE,8.399999999999999,3.317103
,2025-03-31,,DAC - PA 25,,,8.399999999999999,3.317103
202504.0,2025-04-01,144968.0,DAC - PA 25,Consumidor Especial,NORDESTE,8.399999999999999,3.318717
202504.0,2025-04-01,144968.0,DAC - PA 25,Consumidor Especial,NORDESTE,8.399999999999999,3.318717
,2025-04-01,,DAC - PA 25,,,8.399999999999999,3.318717
202504.0,2025-04-02,144968.0,DAC - PA 25,Consumidor Especial,NORDESTE,8.399999999999999,3.311449
202504.0,2025-04-02,144968.0,DAC - PA 25,Consumidor Especial,NORDESTE,8.399999999999999,3.311449
,2025-04-02,,DAC - PA 25,,,8.399999999999999,3.311449
202504.0,2025-04-03,144968.0,DAC - PA 25,Consumidor Especial,NORDESTE,8.399999999999999,3.303212
202504.0,2025-04-03,144968.0,DAC - PA 25,Consumidor Especial,NORDESTE,8.399999999999999,3.303212
,2025-04-03,,DAC - PA 25,,,8.399999999999999,3.303212
202504.0,2025-04-04,144968.0,DAC - PA 25,Consumidor Especial,NORDESTE,8.399999999999999,3.308838
202504.0,2025-04-04,144968.0,DAC - PA 25,Consumidor Especial,NORDESTE,8.399999999999999,3.308838
,2025-04-04,,DAC - PA 25,,,8.399999999999999,3.308838
202504.0,2025-04-05,144968.0,DAC - PA 25,Consumidor Especial,NORDESTE,8.399999999999999,3.308915
202504.0,2025-04-05,144968.0,DAC - PA 25,Consumidor Especial,NORDESTE,8.399999999999999,3.308915
,2025-04-05,,DAC - PA 25,,,8.399999999999999,3.308915
202504.0,2025-04-06,144968.0,DAC - PA 25,Consumidor Especial,NORDESTE,8.399999999999999,3.314239
202504.0,2025-04-06,144968.0,DAC - PA 25,Consumidor Especial,NORDESTE,8.399999999999999,3.314239
,2025-04-06,,DAC - PA 25,,,8.399999999999999,3.314239
202504.0,2025-04-07,144968.0,DAC - PA 25,Consumidor Especial,NORDESTE,8.399999999999999,3.319314
202504.0,2025-04-07,144968.0,DAC - PA 25,Consumidor Especial,NORDESTE,8.399999999999999,3.319314
,2025-04-07,,DAC - PA 25,,,8.399999999999999,3.319314
202504.0,2025-04-08,144968.0,DAC - PA 25,Consumidor Especial,NORDESTE,8.399999999999999,3.319672
202504.0,2025-04-08,144968.0,DAC - PA 25,Consumidor Especial,NORDESTE,8.399999999999999,3.319672
,2025-04-08,,DAC - PA 25,,,8.399999999999999,3.319672
202504.0,2025-04-09,144968.0,DAC - PA 25,Consumidor Especial,NORDESTE,8.399999999999999,3.318507
202504.0,2025-04-09,144968.0,DAC - PA 25,Consumidor Especial,NORDESTE,8.399999999999999,3.318507
,2025-04-09,,DAC - PA 25,,,8.399999999999999,3.318507
202504.0,2025-04-10,144968.0,DAC - PA 25,Consumidor Especial,NORDESTE,8.399999999999999,3.077898
202504.0,2025-04-10,144968.0,DAC - PA 25,Consumidor Especial,NORDESTE,8.399999999999999,3.077898
,2025-04-10,,DAC - PA 25,,,8.399999999999999,3.077898
202504.0,2025-04-11,144968.0,DAC - PA 25,Consumidor Especial,NORDESTE,8.399999999999999,3.303694
202504.0,2025-04-11,144968.0,DAC - PA 25,Consumidor Especial,NORDESTE,8.399999999999999,3.303694
,2025-04-11,,DAC - PA 25,,,8.399999999999999,3.303694
202504.0,2025-04-12,144968.0,DAC - PA 25,Consumidor Especial,NORDESTE,8.399999999999999,3.3016
202504.0,2025-04-12,144968.0,DAC - PA 25,Consumidor Especial,NORDESTE,8.399999999999999,3.3016
,2025-04-12,,DAC - PA 25,,,8.399999999999999,3.3016
202504.0,2025-04-13,144968.0,DAC - PA 25,Consumidor Especial,NORDESTE,8.399999999999999,3.317501
202504.0,2025-04-13,144968.0,DAC - PA 25,Consumidor Especial,NORDESTE,8.399999999999999,3.317501
,2025-04-13,,DAC - PA 25,,,8.399999999999999,3.317501
202504.0,2025-04-14,144968.0,DAC - PA 25,Consumidor Especial,NORDESTE,8.399999999999999,3.302594
202504.0,2025-04-14,144968.0,DAC - PA 25,Consumidor Especial,NORDESTE,8.399999999999999,3.302594
,2025-04-14,,DAC - PA 25,,,8.399999999999999,3.302594
202504.0,2025-04-15,144968.0,DAC - PA 25,Consumidor Especial,NORDESTE,8.399999999999999,3.306607
202504.0,2025-04-15,144968.0,DAC - PA 25,Consumidor Especial,NORDESTE,8.399999999999999,3.306607
,2025-04-15,,DAC - PA 25,,,8.399999999999999,3.306607
202504.0,2025-04-16,144968.0,DAC - PA 25,Consumidor Especial,NORDESTE,8.399999999999999,3.099275
202504.0,2025-04-16,144968.0,DAC - PA 25,Consumidor Especial,NORDESTE,8.399999999999999,3.099275
,2025-04-16,,DAC - PA 25,,,8.399999999999999,3.099275
202504.0,2025-04-17,144968.0,DAC - PA 25,Consumidor Especial,NORDESTE,8.399999999999999,0.971674
202504.0,2025-04-17,144968.0,DAC - PA 25,Consumidor Especial,NORDESTE,8.399999999999999,0.971674
,2025-04-17,,DAC - PA 25,,,8.399999999999999,0.971674
202504.0,2025-04-18,144968.0,DAC - PA 25,Consumidor Especial,NORDESTE,8.399999999999999,3.312004
202504.0,2025-04-18,144968.0,DAC - PA 25,Consumidor Especial,NORDESTE,8.399999999999999,3.312004
,2025-04-18,,DAC - PA 25,,,8.399999999999999,3.312004
202504.0,2025-04-19,144968.0,DAC - PA 25,Consumidor Especial,NORDESTE,8.399999999999999,3.305632
202504.0,2025-04-19,144968.0,DAC - PA 25,Consumidor Especial,NORDESTE,8.399999999999999,3.305632
,2025-04-19,,DAC - PA 25,,,8.399999999999999,3.305632
202504.0,2025-04-20,144968.0,DAC - PA 25,Consumidor Especial,NORDESTE,8.399999999999999,3.306464
202504.0,2025-04-20,144968.0,DAC - PA 25,Consumidor Especial,NORDESTE,8.399999999999999,3.306464
,2025-04-20,,DAC - PA 25,,,8.399999999999999,3.306464
202504.0,2025-04-21,144968.0,DAC - PA 25,Consumidor Especial,NORDESTE,8.399999999999999,3.305051
202504.0,2025-04-21,144968.0,DAC - PA 25,Consumidor Especial,NORDESTE,8.399999999999999,3.305051
,2025-04-21,,DAC - PA 25,,,8.399999999999999,3.305051
202504.0,2025-04-22,144968.0,DAC - PA 25,Consumidor Especial,NORDESTE,8.399999999999999,3.256035
202504.0,2025-04-22,144968.0,DAC - PA 25,Consumidor Especial,NORDESTE,8.399999999999999,3.256035
,2025-04-22,,DAC - PA 25,,,8.399999999999999,3.256035
202504.0,2025-04-23,144968.0,DAC - PA 25,Consumidor Especial,NORDESTE,8.399999999999999,3.295415
202504.0,2025-04-23,144968.0,DAC - PA 25,Consumidor Especial,NORDESTE,8.399999999999999,3.295415
,2025-04-23,,DAC - PA 25,,,8.399999999999999,3.295415
202504.0,2025-04-24,144968.0,DAC - PA 25,Consumidor Especial,NORDESTE,8.399999999999999,3.28612
202504.0,2025-04-24,144968.0,DAC - PA 25,Consumidor Especial,NORDESTE,8.399999999999999,3.28612
,2025-04-24,,DAC - PA 25,,,8.399999999999999,3.28612
202504.0,2025-04-25,144968.0,DAC - PA 25,Consumidor Especial,NORDESTE,8.399999999999999,3.293746
202504.0,2025-04-25,144968.0,DAC - PA 25,Consumidor Especial,NORDESTE,8.399999999999999,3.293746
,2025-04-25,,DAC - PA 25,,,8.399999999999999,3.293746
202504.0,2025-04-26,144968.0,DAC - PA 25,Consumidor Especial,NORDESTE,8.399999999999999,3.291414
202504.0,2025-04-26,144968.0,DAC - PA 25,Consumidor Especial,NORDESTE,8.399999999999999,3.291414
,2025-04-26,,DAC - PA 25,,,8.399999999999999,3.291414
202504.0,2025-04-27,144968.0,DAC - PA 25,Consumidor Especial,NORDESTE,8.399999999999999,3.290072
202504.0,2025-04-27,144968.0,DAC - PA 25,Consumidor Especial,NORDESTE,8.399999999999999,3.290072
,2025-04-27,,DAC - PA 25,,,8.399999999999999,3.290072
202504.0,2025-04-28,144968.0,DAC - PA 25,Consumidor Especial,NORDESTE,8.399999999999999,3.28303
202504.0,2025-04-28,144968.0,DAC - PA 25,Consumidor Especial,NORDESTE,8.399999999999999,3.28303
,2025-04-28,,DAC - PA 25,,,8.399999999999999,3.28303
202504.0,2025-04-29,144968.0,DAC - PA 25,Consumidor Especial,NORDESTE,8.399999999999999,3.278889
202504.0,2025-04-29,144968.0,DAC - PA 25,Consumidor Especial,NORDESTE,8.399999999999999,3.278889
,2025-04-29,,DAC - PA 25,,,8.399999999999999,3.278889
202504.0,2025-04-30,144968.0,DAC - PA 25,Consumidor Especial,NORDESTE,8.399999999999999,3.282592
202504.0,2025-04-30,144968.0,DAC - PA 25,Consumidor Especial,NORDESTE,8.399999999999999,3.282592
,2025-04-30,,DAC - PA 25,,,8.399999999999999,3.282592
202505.0,2025-05-01,144968.0,DAC - PA 25,Consumidor Especial,NORDESTE,8.399999999999999,3.262628
202505.0,2025-05-01,144968.0,DAC - PA 25,Consumidor Especial,NORDESTE,8.399999999999999,3.262628
,2025-05-01,,DAC - PA 25,,,8.399999999999999,3.262628
202505.0,2025-05-02,144968.0,DAC - PA 25,Consumidor Especial,NORDESTE,8.399999999999999,1.641818
202505.0,2025-05-02,144968.0,DAC - PA 25,Consumidor Especial,NORDESTE,8.399999999999999,1.641818
,2025-05-02,,DAC - PA 25,,,8.399999999999999,1.641818
202505.0,2025-05-03,144968.0,DAC - PA 25,Consumidor Especial,NORDESTE,8.399999999999999,3.245315
202505.0,2025-05-03,144968.0,DAC - PA 25,Consumidor Especial,NORDESTE,8.399999999999999,3.245315
,2025-05-03,,DAC - PA 25,,,8.399999999999999,3.245315
202505.0,2025-05-04,144968.0,DAC - PA 25,Consumidor Especial,NORDESTE,8.399999999999999,3.251739
202505.0,2025-05-04,144968.0,DAC - PA 25,Consumidor Especial,NORDESTE,8.399999999999999,3.251739
,2025-05-04,,DAC - PA 25,,,8.399999999999999,3.251739
202505.0,2025-05-05,144968.0,DAC - PA 25,Consumidor Especial,NORDESTE,8.399999999999999,3.241865
202505.0,2025-05-05,144968.0,DAC - PA 25,Consumidor Especial,NORDESTE,8.399999999999999,3.241865
,2025-05-05,,DAC - PA 25,,,8.399999999999999,3.241865
202505.0,2025-05-06,144968.0,DAC - PA 25,Consumidor Especial,NORDESTE,8.399999999999999,1.403147
202505.0,2025-05-06,144968.0,DAC - PA 25,Consumidor Especial,NORDESTE,8.399999999999999,1.403147
,2025-05-06,,DAC - PA 25,,,8.399999999999999,1.403147
202505.0,2025-05-07,144968.0,DAC - PA 25,Consumidor Especial,NORDESTE,8.399999999999999,0.076448
202505.0,2025-05-07,144968.0,DAC - PA 25,Consumidor Especial,NORDESTE,8.399999999999999,0.076448
,2025-05-07,,DAC - PA 25,,,8.399999999999999,0.076448
202505.0,2025-05-08,144968.0,DAC - PA 25,Consumidor Especial,NORDESTE,8.399999999999999,0.07656
202505.0,2025-05-08,144968.0,DAC - PA 25,Consumidor Especial,NORDESTE,8.399999999999999,0.07656
,2025-05-08,,DAC - PA 25,,,8.399999999999999,0.07656
202505.0,2025-05-09,144968.0,DAC - PA 25,Consumidor Especial,NORDESTE,8.399999999999999,1.346878
202505.0,2025-05-09,144968.0,DAC - PA 25,Consumidor Especial,NORDESTE,8.399999999999999,1.346878
,2025-05-09,,DAC - PA 25,,,8.399999999999999,1.346878
202505.0,2025-05-10,144968.0,DAC - PA 25,Consumidor Especial,NORDESTE,8.399999999999999,3.204245
202505.0,2025-05-10,144968.0,DAC - PA 25,Consumidor Especial,NORDESTE,8.399999999999999,3.204245
,2025-05-10,,DAC - PA 25,,,8.399999999999999,3.204245
202505.0,2025-05-11,144968.0,DAC - PA 25,Consumidor Especial,NORDESTE,8.399999999999999,3.045142
202505.0,2025-05-11,144968.0,DAC - PA 25,Consumidor Especial,NORDESTE,8.399999999999999,3.045142
,2025-05-11,,DAC - PA 25,,,8.399999999999999,3.045142
202505.0,2025-05-12,144968.0,DAC - PA 25,Consumidor Especial,NORDESTE,8.399999999999999,3.013342
202505.0,2025-05-12,144968.0,DAC - PA 25,Consumidor Especial,NORDESTE,8.399999999999999,3.013342
,2025-05-12,,DAC - PA 25,,,8.399999999999999,3.013342
202505.0,2025-05-13,144968.0,DAC - PA 25,Consumidor Especial,NORDESTE,8.399999999999999,2.676567
202505.0,2025-05-13,144968.0,DAC - PA 25,Consumidor Especial,NORDESTE,8.399999999999999,2.676567
,2025-05-13,,DAC - PA 25,,,8.399999999999999,2.676567
202505.0,2025-05-14,144968.0,DAC - PA 25,Consumidor Especial,NORDESTE,8.399999999999999,2.631528
202505.0,2025-05-14,144968.0,DAC - PA 25,Consumidor Especial,NORDESTE,8.399999999999999,2.631528
,2025-05-14,,DAC - PA 25,,,8.399999999999999,2.631528
202505.0,2025-05-15,144968.0,DAC - PA 25,Consumidor Especial,NORDESTE,8.399999999999999,3.247734
202505.0,2025-05-15,144968.0,DAC - PA 25,Consumidor Especial,NORDESTE,8.399999999999999,3.247734
,2025-05-15,,DAC - PA 25,,,8.399999999999999,3.247734
202505.0,2025-05-16,144968.0,DAC - PA 25,Consumidor Especial,NORDESTE,8.399999999999999,2.742211
202505.0,2025-05-16,144968.0,DAC - PA 25,Consumidor Especial,NORDESTE,8.399999999999999,2.742211
,2025-05-16,,DAC - PA 25,,,8.399999999999999,2.742211
202505.0,2025-05-17,144968.0,DAC - PA 25,Consumidor Especial,NORDESTE,8.399999999999999,3.269869
202505.0,2025-05-17,144968.0,DAC - PA 25,Consumidor Especial,NORDESTE,8.399999999999999,3.269869
,2025-05-17,,DAC - PA 25,,,8.399999999999999,3.269869
202505.0,2025-05-18,144968.0,DAC - PA 25,Consumidor Especial,NORDESTE,8.399999999999999,3.259518
202505.0,2025-05-18,144968.0,DAC - PA 25,Consumidor Especial,NORDESTE,8.399999999999999,3.259518
,2025-05-18,,DAC - PA 25,,,8.399999999999999,3.259518
202505.0,2025-05-19,144968.0,DAC - PA 25,Consumidor Especial,NORDESTE,8.399999999999999,3.259617
202505.0,2025-05-19,144968.0,DAC - PA 25,Consumidor Especial,NORDESTE,8.399999999999999,3.259617
,2025-05-19,,DAC - PA 25,,,8.399999999999999,3.259617
202505.0,2025-05-20,144968.0,DAC - PA 25,Consumidor Especial,NORDESTE,8.399999999999999,3.274443
202505.0,2025-05-20,144968.0,DAC - PA 25,Consumidor Especial,NORDESTE,8.399999999999999,3.274443
,2025-05-20,,DAC - PA 25,,,8.399999999999999,3.274443
202505.0,2025-05-21,144968.0,DAC - PA 25,Consumidor Especial,NORDESTE,8.399999999999999,3.272346
202505.0,2025-05-21,144968.0,DAC - PA 25,Consumidor Especial,NORDESTE,8.399999999999999,3.272346
,2025-05-21,,DAC - PA 25,,,8.399999999999999,3.272346
202505.0,2025-05-22,144968.0,DAC - PA 25,Consumidor Especial,NORDESTE,8.399999999999999,3.263755
202505.0,2025-05-22,144968.0,DAC - PA 25,Consumidor Especial,NORDESTE,8.399999999999999,3.263755
,2025-05-22,,DAC - PA 25,,,8.399999999999999,3.263755
202505.0,2025-05-23,144968.0,DAC - PA 25,Consumidor Especial,NORDESTE,8.399999999999999,2.692927
202505.0,2025-05-23,144968.0,DAC - PA 25,Consumidor Especial,NORDESTE,8.399999999999999,2.692927
,2025-05-23,,DAC - PA 25,,,8.399999999999999,2.692927
202505.0,2025-05-24,144968.0,DAC - PA 25,Consumidor Especial,NORDESTE,8.399999999999999,3.201914
202505.0,2025-05-24,144968.0,DAC - PA 25,Consumidor Especial,NORDESTE,8.399999999999999,3.201914
,2025-05-24,,DAC - PA 25,,,8.399999999999999,3.201914
202505.0,2025-05-25,144968.0,DAC - PA 25,Consumidor Especial,NORDESTE,8.399999999999999,2.338583
202505.0,2025-05-25,144968.0,DAC - PA 25,Consumidor Especial,NORDESTE,8.399999999999999,2.338583
,2025-05-25,,DAC - PA 25,,,8.399999999999999,2.338583
202505.0,2025-05-26,144968.0,DAC - PA 25,Consumidor Especial,NORDESTE,8.399999999999999,1.815254
202505.0,2025-05-26,144968.0,DAC - PA 25,Consumidor Especial,NORDESTE,8.399999999999999,1.815254
,2025-05-26,,DAC - PA 25,,,8.399999999999999,1.815254
202505.0,2025-05-27,144968.0,DAC - PA 25,Consumidor Especial,NORDESTE,8.399999999999999,3.056625
202505.0,2025-05-27,144968.0,DAC - PA 25,Consumidor Especial,NORDESTE,8.399999999999999,3.056625
,2025-05-27,,DAC - PA 25,,,8.399999999999999,3.056625
202505.0,2025-05-28,144968.0,DAC - PA 25,Consumidor Especial,NORDESTE,8.399999999999999,2.715538
202505.0,2025-05-28,144968.0,DAC - PA 25,Consumidor Especial,NORDESTE,8.399999999999999,2.715538
,2025-05-28,,DAC - PA 25,,,8.399999999999999,2.715538
202505.0,2025-05-29,144968.0,DAC - PA 25,Consumidor Especial,NORDESTE,8.399999999999999,1.944618
202505.0,2025-05-29,144968.0,DAC - PA 25,Consumidor Especial,NORDESTE,8.399999999999999,1.944618
,2025-05-29,,DAC - PA 25,,,8.399999999999999,1.944618
202505.0,2025-05-30,144968.0,DAC - PA 25,Consumidor Especial,NORDESTE,8.399999999999999,2.803173
202505.0,2025-05-30,144968.0,DAC - PA 25,Consumidor Especial,NORDESTE,8.399999999999999,2.803173
,2025-05-30,,DAC - PA 25,,,8.399999999999999,2.803173
202505.0,2025-05-31,144968.0,DAC - PA 25,Consumidor Especial,NORDESTE,8.399999999999999,2.510237
202505.0,2025-05-31,144968.0,DAC - PA 25,Consumidor Especial,NORDESTE,8.399999999999999,2.510237
,2025-05-31,,DAC - PA 25,,,8.399999999999999,2.510237
202506.0,2025-06-01,144968.0,DAC - PA 25,Consumidor Especial,NORDESTE,8.399999999999999,2.906567
202506.0,2025-06-01,144968.0,DAC - PA 25,Consumidor Especial,NORDESTE,8.399999999999999,2.906567
,2025-06-01,,DAC - PA 25,,,8.399999999999999,2.906567
202506.0,2025-06-02,144968.0,DAC - PA 25,Consumidor Especial,NORDESTE,8.399999999999999,1.94133
202506.0,2025-06-02,144968.0,DAC - PA 25,Consumidor Especial,NORDESTE,8.399999999999999,1.94133
,2025-06-02,,DAC - PA 25,,,8.399999999999999,1.94133
202506.0,2025-06-03,144968.0,DAC - PA 25,Consumidor Especial,NORDESTE,8.399999999999999,1.828142
202506.0,2025-06-03,144968.0,DAC - PA 25,Consumidor Especial,NORDESTE,8.399999999999999,1.828142
,2025-06-03,,DAC - PA 25,,,8.399999999999999,1.828142
202506.0,2025-06-04,144968.0,DAC - PA 25,Consumidor Especial,NORDESTE,8.399999999999999,2.838699
202506.0,2025-06-04,144968.0,DAC - PA 25,Consumidor Especial,NORDESTE,8.399999999999999,2.838699
,2025-06-04,,DAC - PA 25,,,8.399999999999999,2.838699
202506.0,2025-06-05,144968.0,DAC - PA 25,Consumidor Especial,NORDESTE,8.399999999999999,2.345026
202506.0,2025-06-05,144968.0,DAC - PA 25,Consumidor Especial,NORDESTE,8.399999999999999,2.345026
,2025-06-05,,DAC - PA 25,,,8.399999999999999,2.345026
202506.0,2025-06-06,144968.0,DAC - PA 25,Consumidor Especial,NORDESTE,8.399999999999999,0.33508
202506.0,2025-06-06,144968.0,DAC - PA 25,Consumidor Especial,NORDESTE,8.399999999999999,0.33508
,2025-06-06,,DAC - PA 25,,,8.399999999999999,0.33508
202506.0,2025-06-07,144968.0,DAC - PA 25,Consumidor Especial,NORDESTE,8.399999999999999,2.769454
202506.0,2025-06-07,144968.0,DAC - PA 25,Consumidor Especial,NORDESTE,8.399999999999999,2.769454
,2025-06-07,,DAC - PA 25,,,8.399999999999999,2.769454
202506.0,2025-06-08,144968.0,DAC - PA 25,Consumidor Especial,NORDESTE,8.399999999999999,1.355902
202506.0,2025-06-08,144968.0,DAC - PA 25,Consumidor Especial,NORDESTE,8.399999999999999,1.355902
,2025-06-08,,DAC - PA 25,,,8.399999999999999,1.355902
202506.0,2025-06-09,144968.0,DAC - PA 25,Consumidor Especial,NORDESTE,8.399999999999999,0.970272
202506.0,2025-06-09,144968.0,DAC - PA 25,Consumidor Especial,NORDESTE,8.399999999999999,0.970272
,2025-06-09,,DAC - PA 25,,,8.399999999999999,0.970272
202506.0,2025-06-10,144968.0,DAC - PA 25,Consumidor Especial,NORDESTE,8.399999999999999,1.611045
202506.0,2025-06-10,144968.0,DAC - PA 25,Consumidor Especial,NORDESTE,8.399999999999999,1.611045
,2025-06-10,,DAC - PA 25,,,8.399999999999999,1.611045
202506.0,2025-06-11,144968.0,DAC - PA 25,Consumidor Especial,NORDESTE,8.399999999999999,2.590684
202506.0,2025-06-11,144968.0,DAC - PA 25,Consumidor Especial,NORDESTE,8.399999999999999,2.590684
,2025-06-11,,DAC - PA 25,,,8.399999999999999,2.590684
202506.0,2025-06-12,144968.0,DAC - PA 25,Consumidor Especial,NORDESTE,8.399999999999999,2.418983
202506.0,2025-06-12,144968.0,DAC - PA 25,Consumidor Especial,NORDESTE,8.399999999999999,2.418983
,2025-06-12,,DAC - PA 25,,,8.399999999999999,2.418983
202506.0,2025-06-13,144968.0,DAC - PA 25,Consumidor Especial,NORDESTE,8.399999999999999,1.715303
202506.0,2025-06-13,144968.0,DAC - PA 25,Consumidor Especial,NORDESTE,8.399999999999999,1.715303
,2025-06-13,,DAC - PA 25,,,8.399999999999999,1.715303
202506.0,2025-06-14,144968.0,DAC - PA 25,Consumidor Especial,NORDESTE,8.399999999999999,3.253195
202506.0,2025-06-14,144968.0,DAC - PA 25,Consumidor Especial,NORDESTE,8.399999999999999,3.253195
,2025-06-14,,DAC - PA 25,,,8.399999999999999,3.253195
202506.0,2025-06-15,144968.0,DAC - PA 25,Consumidor Especial,NORDESTE,8.399999999999999,2.384528
202506.0,2025-06-15,144968.0,DAC - PA 25,Consumidor Especial,NORDESTE,8.399999999999999,2.384528
,2025-06-15,,DAC - PA 25,,,8.399999999999999,2.384528
202506.0,2025-06-16,144968.0,DAC - PA 25,Consumidor Especial,NORDESTE,8.399999999999999,3.040973
202506.0,2025-06-16,144968.0,DAC - PA 25,Consumidor Especial,NORDESTE,8.399999999999999,3.040973
,2025-06-16,,DAC - PA 25,,,8.399999999999999,3.040973
202506.0,2025-06-17,144968.0,DAC - PA 25,Consumidor Especial,NORDESTE,8.399999999999999,1.768549
202506.0,2025-06-17,144968.0,DAC - PA 25,Consumidor Especial,NORDESTE,8.399999999999999,1.768549
,2025-06-17,,DAC - PA 25,,,8.399999999999999,1.768549
202506.0,2025-06-18,144968.0,DAC - PA 25,Consumidor Especial,NORDESTE,8.399999999999999,2.518079
202506.0,2025-06-18,144968.0,DAC - PA 25,Consumidor Especial,NORDESTE,8.399999999999999,2.518079
,2025-06-18,,DAC - PA 25,,,8.399999999999999,2.518079
202506.0,2025-06-19,144968.0,DAC - PA 25,Consumidor Especial,NORDESTE,8.399999999999999,1.621519
202506.0,2025-06-19,144968.0,DAC - PA 25,Consumidor Especial,NORDESTE,8.399999999999999,1.621519
,2025-06-19,,DAC - PA 25,,,8.399999999999999,1.621519
202506.0,2025-06-20,144968.0,DAC - PA 25,Consumidor Especial,NORDESTE,8.399999999999999,1.493845
202506.0,2025-06-20,144968.0,DAC - PA 25,Consumidor Especial,NORDESTE,8.399999999999999,1.493845
,2025-06-20,,DAC - PA 25,,,8.399999999999999,1.493845
202506.0,2025-06-21,144968.0,DAC - PA 25,Consumidor Especial,NORDESTE,8.399999999999999,2.296508
202506.0,2025-06-21,144968.0,DAC - PA 25,Consumidor Especial,NORDESTE,8.399999999999999,2.296508
,2025-06-21,,DAC - PA 25,,,8.399999999999999,2.296508
202506.0,2025-06-22,144968.0,DAC - PA 25,Consumidor Especial,NORDESTE,8.399999999999999,1.853601
202506.0,2025-06-22,144968.0,DAC - PA 25,Consumidor Especial,NORDESTE,8.399999999999999,1.853601
,2025-06-22,,DAC - PA 25,,,8.399999999999999,1.853601
202506.0,2025-06-23,144968.0,DAC - PA 25,Consumidor Especial,NORDESTE,8.399999999999999,1.772362
202506.0,2025-06-23,144968.0,DAC - PA 25,Consumidor Especial,NORDESTE,8.399999999999999,1.772362
,2025-06-23,,DAC - PA 25,,,8.399999999999999,1.772362
202506.0,2025-06-24,144968.0,DAC - PA 25,Consumidor Especial,NORDESTE,8.399999999999999,3.20566
202506.0,2025-06-24,144968.0,DAC - PA 25,Consumidor Especial,NORDESTE,8.399999999999999,3.20566
,2025-06-24,,DAC - PA 25,,,8.399999999999999,3.20566
202506.0,2025-06-25,144968.0,DAC - PA 25,Consumidor Especial,NORDESTE,8.399999999999999,2.251981
202506.0,2025-06-25,144968.0,DAC - PA 25,Consumidor Especial,NORDESTE,8.399999999999999,2.251981
,2025-06-25,,DAC - PA 25,,,8.399999999999999,2.251981
202506.0,2025-06-26,144968.0,DAC - PA 25,Consumidor Especial,NORDESTE,8.399999999999999,3.122215
202506.0,2025-06-26,144968.0,DAC - PA 25,Consumidor Especial,NORDESTE,8.399999999999999,3.122215
,2025-06-26,,DAC - PA 25,,,8.399999999999999,3.122215
202506.0,2025-06-27,144968.0,DAC - PA 25,Consumidor Especial,NORDESTE,8.399999999999999,2.153845
202506.0,2025-06-27,144968.0,DAC - PA 25,Consumidor Especial,NORDESTE,8.399999999999999,2.153845
,2025-06-27,,DAC - PA 25,,,8.399999999999999,2.153845
202506.0,2025-06-28,144968.0,DAC - PA 25,Consumidor Especial,NORDESTE,8.399999999999999,1.123746
202506.0,2025-06-28,144968.0,DAC - PA 25,Consumidor Especial,NORDESTE,8.399999999999999,1.123746
,2025-06-28,,DAC - PA 25,,,8.399999999999999,1.123746
202506.0,2025-06-29,144968.0,DAC - PA 25,Consumidor Especial,NORDESTE,8.399999999999999,1.324901
202506.0,2025-06-29,144968.0,DAC - PA 25,Consumidor Especial,NORDESTE,8.399999999999999,1.324901
,2025-06-29,,DAC - PA 25,,,8.399999999999999,1.324901
202506.0,2025-06-30,144968.0,DAC - PA 25,Consumidor Especial,NORDESTE,8.399999999999999,2.175202
202506.0,2025-06-30,144968.0,DAC - PA 25,Consumidor Especial,NORDESTE,8.399999999999999,2.175202
,2025-06-30,,DAC - PA 25,,,8.399999999999999,2.175202
202507.0,2025-07-01,144968.0,DAC - PA 25,Consumidor Especial,NORDESTE,8.399999999999999,2.60595
202507.0,2025-07-01,144968.0,DAC - PA 25,Consumidor Especial,NORDESTE,8.399999999999999,2.60595
,2025-07-01,,DAC - PA 25,,,8.399999999999999,2.60595
202507.0,2025-07-02,144968.0,DAC - PA 25,Consumidor Especial,NORDESTE,8.399999999999999,1.68519
202507.0,2025-07-02,144968.0,DAC - PA 25,Consumidor Especial,NORDESTE,8.399999999999999,1.68519
,2025-07-02,,DAC - PA 25,,,8.399999999999999,1.68519
202507.0,2025-07-03,144968.0,DAC - PA 25,Consumidor Especial,NORDESTE,8.399999999999999,2.296145
202507.0,2025-07-03,144968.0,DAC - PA 25,Consumidor Especial,NORDESTE,8.399999999999999,2.296145
,2025-07-03,,DAC - PA 25,,,8.399999999999999,2.296145
202507.0,2025-07-04,144968.0,DAC - PA 25,Consumidor Especial,NORDESTE,8.399999999999999,1.778303
202507.0,2025-07-04,144968.0,DAC - PA 25,Consumidor Especial,NORDESTE,8.399999999999999,1.778303
,2025-07-04,,DAC - PA 25,,,8.399999999999999,1.778303
202507.0,2025-07-05,144968.0,DAC - PA 25,Consumidor Especial,NORDESTE,8.399999999999999,0.773079
202507.0,2025-07-05,144968.0,DAC - PA 25,Consumidor Especial,NORDESTE,8.399999999999999,0.773079
,2025-07-05,,DAC - PA 25,,,8.399999999999999,0.773079
202507.0,2025-07-06,144968.0,DAC - PA 25,Consumidor Especial,NORDESTE,8.399999999999999,0.293499
202507.0,2025-07-06,144968.0,DAC - PA 25,Consumidor Especial,NORDESTE,8.399999999999999,0.293499
,2025-07-06,,DAC - PA 25,,,8.399999999999999,0.293499
202507.0,2025-07-07,144968.0,DAC - PA 25,Consumidor Especial,NORDESTE,8.399999999999999,1.960716
202507.0,2025-07-07,144968.0,DAC - PA 25,Consumidor Especial,NORDESTE,8.399999999999999,1.960716
,2025-07-07,,DAC - PA 25,,,8.399999999999999,1.960716
202507.0,2025-07-08,144968.0,DAC - PA 25,Consumidor Especial,NORDESTE,8.399999999999999,2.182075
202507.0,2025-07-08,144968.0,DAC - PA 25,Consumidor Especial,NORDESTE,8.399999999999999,2.182075
,2025-07-08,,DAC - PA 25,,,8.399999999999999,2.182075
202507.0,2025-07-09,144968.0,DAC - PA 25,Consumidor Especial,NORDESTE,8.399999999999999,1.735266
202507.0,2025-07-09,144968.0,DAC - PA 25,Consumidor Especial,NORDESTE,8.399999999999999,1.735266
,2025-07-09,,DAC - PA 25,,,8.399999999999999,1.735266
202507.0,2025-07-10,144968.0,DAC - PA 25,Consumidor Especial,NORDESTE,8.399999999999999,2.796238
202507.0,2025-07-10,144968.0,DAC - PA 25,Consumidor Especial,NORDESTE,8.399999999999999,2.796238
,2025-07-10,,DAC - PA 25,,,8.399999999999999,2.796238
202507.0,2025-07-11,144968.0,DAC - PA 25,Consumidor Especial,NORDESTE,8.399999999999999,2.026062
202507.0,2025-07-11,144968.0,DAC - PA 25,Consumidor Especial,NORDESTE,8.399999999999999,2.026062
,2025-07-11,,DAC - PA 25,,,8.399999999999999,2.026062
202507.0,2025-07-12,144968.0,DAC - PA 25,Consumidor Especial,NORDESTE,8.399999999999999,1.359014
202507.0,2025-07-12,144968.0,DAC - PA 25,Consumidor Especial,NORDESTE,8.399999999999999,1.359014
,2025-07-12,,DAC - PA 25,,,8.399999999999999,1.359014
202507.0,2025-07-13,144968.0,DAC - PA 25,Consumidor Especial,NORDESTE,8.399999999999999,1.391531
202507.0,2025-07-13,144968.0,DAC - PA 25,Consumidor Especial,NORDESTE,8.399999999999999,1.391531
,2025-07-13,,DAC - PA 25,,,8.399999999999999,1.391531
202507.0,2025-07-14,144968.0,DAC - PA 25,Consumidor Especial,NORDESTE,8.399999999999999,1.003895
202507.0,2025-07-14,144968.0,DAC - PA 25,Consumidor Especial,NORDESTE,8.399999999999999,1.003895
,2025-07-14,,DAC - PA 25,,,8.399999999999999,1.003895
202507.0,2025-07-15,144968.0,DAC - PA 25,Consumidor Especial,NORDESTE,8.399999999999999,1.179861
202507.0,2025-07-15,144968.0,DAC - PA 25,Consumidor Especial,NORDESTE,8.399999999999999,1.179861
,2025-07-15,,DAC - PA 25,,,8.399999999999999,1.179861
202507.0,2025-07-16,144968.0,DAC - PA 25,Consumidor Especial,NORDESTE,8.399999999999999,1.209287
202507.0,2025-07-16,144968.0,DAC - PA 25,Consumidor Especial,NORDESTE,8.399999999999999,1.209287
,2025-07-16,,DAC - PA 25,,,8.399999999999999,1.209287
202507.0,2025-07-17,144968.0,DAC - PA 25,Consumidor Especial,NORDESTE,8.399999999999999,0.4277999999999999
202507.0,2025-07-17,144968.0,DAC - PA 25,Consumidor Especial,NORDESTE,8.399999999999999,0.4277999999999999
,2025-07-17,,DAC - PA 25,,,8.399999999999999,0.4277999999999999
202507.0,2025-07-18,144968.0,DAC - PA 25,Consumidor Especial,NORDESTE,8.399999999999999,0.892891
202507.0,2025-07-18,144968.0,DAC - PA 25,Consumidor Especial,NORDESTE,8.399999999999999,0.892891
,2025-07-18,,DAC - PA 25,,,8.399999999999999,0.892891
202507.0,2025-07-19,144968.0,DAC - PA 25,Consumidor Especial,NORDESTE,8.399999999999999,0.656594
202507.0,2025-07-19,144968.0,DAC - PA 25,Consumidor Especial,NORDESTE,8.399999999999999,0.656594
,2025-07-19,,DAC - PA 25,,,8.399999999999999,0.656594
202507.0,2025-07-20,144968.0,DAC - PA 25,Consumidor Especial,NORDESTE,8.399999999999999,0.578197
202507.0,2025-07-20,144968.0,DAC - PA 25,Consumidor Especial,NORDESTE,8.399999999999999,0.578197
,2025-07-20,,DAC - PA 25,,,8.399999999999999,0.578197
202507.0,2025-07-21,144968.0,DAC - PA 25,Consumidor Especial,NORDESTE,8.399999999999999,0.400821
202507.0,2025-07-21,144968.0,DAC - PA 25,Consumidor Especial,NORDESTE,8.399999999999999,0.400821
,2025-07-21,,DAC - PA 25,,,8.399999999999999,0.400821
202507.0,2025-07-22,144968.0,DAC - PA 25,Consumidor Especial,NORDESTE,8.399999999999999,0.358965
202507.0,2025-07-22,144968.0,DAC - PA 25,Consumidor Especial,NORDESTE,8.399999999999999,0.358965
,2025-07-22,,DAC - PA 25,,,8.399999999999999,0.358965
202507.0,2025-07-23,144968.0,DAC - PA 25,Consumidor Especial,NORDESTE,8.399999999999999,0.069667
202507.0,2025-07-23,144968.0,DAC - PA 25,Consumidor Especial,NORDESTE,8.399999999999999,0.069667
,2025-07-23,,DAC - PA 25,,,8.399999999999999,0.069667
202507.0,2025-07-24,144968.0,DAC - PA 25,Consumidor Especial,NORDESTE,8.399999999999999,1.074112
202507.0,2025-07-24,144968.0,DAC - PA 25,Consumidor Especial,NORDESTE,8.399999999999999,1.074112
,2025-07-24,,DAC - PA 25,,,8.399999999999999,1.074112
202507.0,2025-07-25,144968.0,DAC - PA 25,Consumidor Especial,NORDESTE,8.399999999999999,0.885095
202507.0,2025-07-25,144968.0,DAC - PA 25,Consumidor Especial,NORDESTE,8.399999999999999,0.885095
,2025-07-25,,DAC - PA 25,,,8.399999999999999,0.885095
202507.0,2025-07-26,144968.0,DAC - PA 25,Consumidor Especial,NORDESTE,8.399999999999999,1.799737
202507.0,2025-07-26,144968.0,DAC - PA 25,Consumidor Especial,NORDESTE,8.399999999999999,1.799737
,2025-07-26,,DAC - PA 25,,,8.399999999999999,1.799737
202507.0,2025-07-27,144968.0,DAC - PA 25,Consumidor Especial,NORDESTE,8.399999999999999,1.75195
202507.0,2025-07-27,144968.0,DAC - PA 25,Consumidor Especial,NORDESTE,8.399999999999999,1.75195
,2025-07-27,,DAC - PA 25,,,8.399999999999999,1.75195
202507.0,2025-07-28,144968.0,DAC - PA 25,Consumidor Especial,NORDESTE,8.399999999999999,1.153786
202507.0,2025-07-28,144968.0,DAC - PA 25,Consumidor Especial,NORDESTE,8.399999999999999,1.153786
,2025-07-28,,DAC - PA 25,,,8.399999999999999,1.153786
202507.0,2025-07-29,144968.0,DAC - PA 25,Consumidor Especial,NORDESTE,8.399999999999999,0.804795
202507.0,2025-07-29,144968.0,DAC - PA 25,Consumidor Especial,NORDESTE,8.399999999999999,0.804795
,2025-07-29,,DAC - PA 25,,,8.399999999999999,0.804795
202507.0,2025-07-30,144968.0,DAC - PA 25,Consumidor Especial,NORDESTE,8.399999999999999,1.069784
202507.0,2025-07-30,144968.0,DAC - PA 25,Consumidor Especial,NORDESTE,8.399999999999999,1.069784
,2025-07-30,,DAC - PA 25,,,8.399999999999999,1.069784
202507.0,2025-07-31,144968.0,DAC - PA 25,Consumidor Especial,NORDESTE,8.399999999999999,2.293059
202507.0,2025-07-31,144968.0,DAC - PA 25,Consumidor Especial,NORDESTE,8.399999999999999,2.293059
,2025-07-31,,DAC - PA 25,,,8.399999999999999,2.293059
202508.0,2025-08-01,144968.0,DAC - PA 25,Consumidor Especial,NORDESTE,8.399999999999999,1.485623
202508.0,2025-08-01,144968.0,DAC - PA 25,Consumidor Especial,NORDESTE,8.399999999999999,1.485623
,2025-08-01,,DAC - PA 25,,,8.399999999999999,1.485623
202508.0,2025-08-02,144968.0,DAC - PA 25,Consumidor Especial,NORDESTE,8.399999999999999,1.428455
202508.0,2025-08-02,144968.0,DAC - PA 25,Consumidor Especial,NORDESTE,8.399999999999999,1.428455
,2025-08-02,,DAC - PA 25,,,8.399999999999999,1.428455
202508.0,2025-08-03,144968.0,DAC - PA 25,Consumidor Especial,NORDESTE,8.399999999999999,0.610597
202508.0,2025-08-03,144968.0,DAC - PA 25,Consumidor Especial,NORDESTE,8.399999999999999,0.610597
,2025-08-03,,DAC - PA 25,,,8.399999999999999,0.610597
202508.0,2025-08-04,144968.0,DAC - PA 25,Consumidor Especial,NORDESTE,8.399999999999999,0.57822
202508.0,2025-08-04,144968.0,DAC - PA 25,Consumidor Especial,NORDESTE,8.399999999999999,0.57822
,2025-08-04,,DAC - PA 25,,,8.399999999999999,0.57822
202508.0,2025-08-05,144968.0,DAC - PA 25,Consumidor Especial,NORDESTE,8.399999999999999,0.853869
202508.0,2025-08-05,144968.0,DAC - PA 25,Consumidor Especial,NORDESTE,8.399999999999999,0.853869
,2025-08-05,,DAC - PA 25,,,8.399999999999999,0.853869
202508.0,2025-08-06,144968.0,DAC - PA 25,Consumidor Especial,NORDESTE,8.399999999999999,0.5719839999999999
202508.0,2025-08-06,144968.0,DAC - PA 25,Consumidor Especial,NORDESTE,8.399999999999999,0.5719839999999999
,2025-08-06,,DAC - PA 25,,,8.399999999999999,0.5719839999999999
202508.0,2025-08-07,144968.0,DAC - PA 25,Consumidor Especial,NORDESTE,8.399999999999999,2.33143
202508.0,2025-08-07,144968.0,DAC - PA 25,Consumidor Especial,NORDESTE,8.399999999999999,2.33143
,2025-08-07,,DAC - PA 25,,,8.399999999999999,2.33143
202508.0,2025-08-08,144968.0,DAC - PA 25,Consumidor Especial,NORDESTE,8.399999999999999,1.604516
202508.0,2025-08-08,144968.0,DAC - PA 25,Consumidor Especial,NORDESTE,8.399999999999999,1.604516
,2025-08-08,,DAC - PA 25,,,8.399999999999999,1.604516
202508.0,2025-08-09,144968.0,DAC - PA 25,Consumidor Especial,NORDESTE,8.399999999999999,1.217511
202508.0,2025-08-09,144968.0,DAC - PA 25,Consumidor Especial,NORDESTE,8.399999999999999,1.217511
,2025-08-09,,DAC - PA 25,,,8.399999999999999,1.217511
202508.0,2025-08-10,144968.0,DAC - PA 25,Consumidor Especial,NORDESTE,8.399999999999999,0.855619
202508.0,2025-08-10,144968.0,DAC - PA 25,Consumidor Especial,NORDESTE,8.399999999999999,0.855619
,2025-08-10,,DAC - PA 25,,,8.399999999999999,0.855619
202508.0,2025-08-11,144968.0,DAC - PA 25,Consumidor Especial,NORDESTE,8.399999999999999,1.116322
202508.0,2025-08-11,144968.0,DAC - PA 25,Consumidor Especial,NORDESTE,8.399999999999999,1.116322
,2025-08-11,,DAC - PA 25,,,8.399999999999999,1.116322
202508.0,2025-08-12,144968.0,DAC - PA 25,Consumidor Especial,NORDESTE,8.399999999999999,0.866892
202508.0,2025-08-12,144968.0,DAC - PA 25,Consumidor Especial,NORDESTE,8.399999999999999,0.866892
,2025-08-12,,DAC - PA 25,,,8.399999999999999,0.866892
202508.0,2025-08-13,144968.0,DAC - PA 25,Consumidor Especial,NORDESTE,8.399999999999999,1.674648
202508.0,2025-08-13,144968.0,DAC - PA 25,Consumidor Especial,NORDESTE,8.399999999999999,1.674648
,2025-08-13,,DAC - PA 25,,,8.399999999999999,1.674648
202508.0,2025-08-14,144968.0,DAC - PA 25,Consumidor Especial,NORDESTE,8.399999999999999,1.55816
202508.0,2025-08-14,144968.0,DAC - PA 25,Consumidor Especial,NORDESTE,8.399999999999999,1.55816
,2025-08-14,,DAC - PA 25,,,8.399999999999999,1.55816
202508.0,2025-08-15,144968.0,DAC - PA 25,Consumidor Especial,NORDESTE,8.399999999999999,0.859479
202508.0,2025-08-15,144968.0,DAC - PA 25,Consumidor Especial,NORDESTE,8.399999999999999,0.859479
,2025-08-15,,DAC - PA 25,,,8.399999999999999,0.859479
202508.0,2025-08-16,144968.0,DAC - PA 25,Consumidor Especial,NORDESTE,8.399999999999999,2.230507
202508.0,2025-08-16,144968.0,DAC - PA 25,Consumidor Especial,NORDESTE,8.399999999999999,2.230507
,2025-08-16,,DAC - PA 25,,,8.399999999999999,2.230507
202508.0,2025-08-17,144968.0,DAC - PA 25,Consumidor Especial,NORDESTE,8.399999999999999,1.295527
202508.0,2025-08-17,144968.0,DAC - PA 25,Consumidor Especial,NORDESTE,8.399999999999999,1.295527
,2025-08-17,,DAC - PA 25,,,8.399999999999999,1.295527
202508.0,2025-08-18,144968.0,DAC - PA 25,Consumidor Especial,NORDESTE,8.399999999999999,0.2502209999999999
202508.0,2025-08-18,144968.0,DAC - PA 25,Consumidor Especial,NORDESTE,8.399999999999999,0.2502209999999999
,2025-08-18,,DAC - PA 25,,,8.399999999999999,0.2502209999999999
202508.0,2025-08-19,144968.0,DAC - PA 25,Consumidor Especial,NORDESTE,8.399999999999999,0.248359
202508.0,2025-08-19,144968.0,DAC - PA 25,Consumidor Especial,NORDESTE,8.399999999999999,0.248359
,2025-08-19,,DAC - PA 25,,,8.399999999999999,0.248359
202508.0,2025-08-20,144968.0,DAC - PA 25,Consumidor Especial,NORDESTE,8.399999999999999,0.090145
202508.0,2025-08-20,144968.0,DAC - PA 25,Consumidor Especial,NORDESTE,8.399999999999999,0.090145
,2025-08-20,,DAC - PA 25,,,8.399999999999999,0.090145
202508.0,2025-08-21,144968.0,DAC - PA 25,Consumidor Especial,NORDESTE,8.399999999999999,0.090386
202508.0,2025-08-21,144968.0,DAC - PA 25,Consumidor Especial,NORDESTE,8.399999999999999,0.090386
,2025-08-21,,DAC - PA 25,,,8.399999999999999,0.090386
202508.0,2025-08-22,144968.0,DAC - PA 25,Consumidor Especial,NORDESTE,8.399999999999999,0.092577
202508.0,2025-08-22,144968.0,DAC - PA 25,Consumidor Especial,NORDESTE,8.399999999999999,0.092577
,2025-08-22,,DAC - PA 25,,,8.399999999999999,0.092577
202508.0,2025-08-23,144968.0,DAC - PA 25,Consumidor Especial,NORDESTE,8.399999999999999,0.091787
202508.0,2025-08-23,144968.0,DAC - PA 25,Consumidor Especial,NORDESTE,8.399999999999999,0.091787
,2025-08-23,,DAC - PA 25,,,8.399999999999999,0.091787
202508.0,2025-08-24,144968.0,DAC - PA 25,Consumidor Especial,NORDESTE,8.399999999999999,0.09099
202508.0,2025-08-24,144968.0,DAC - PA 25,Consumidor Especial,NORDESTE,8.399999999999999,0.09099
,2025-08-24,,DAC - PA 25,,,8.399999999999999,0.09099
202508.0,2025-08-25,144968.0,DAC - PA 25,Consumidor Especial,NORDESTE,8.399999999999999,0.090135
202508.0,2025-08-25,144968.0,DAC - PA 25,Consumidor Especial,NORDESTE,8.399999999999999,0.090135
,2025-08-25,,DAC - PA 25,,,8.399999999999999,0.090135
202508.0,2025-08-26,144968.0,DAC - PA 25,Consumidor Especial,NORDESTE,8.399999999999999,0.091835
202508.0,2025-08-26,144968.0,DAC - PA 25,Consumidor Especial,NORDESTE,8.399999999999999,0.091835
,2025-08-26,,DAC - PA 25,,,8.399999999999999,0.091835
202508.0,2025-08-27,144968.0,DAC - PA 25,Consumidor Especial,NORDESTE,8.399999999999999,0.090607
202508.0,2025-08-27,144968.0,DAC - PA 25,Consumidor Especial,NORDESTE,8.399999999999999,0.090607
,2025-08-27,,DAC - PA 25,,,8.399999999999999,0.090607
202508.0,2025-08-28,144968.0,DAC - PA 25,Consumidor Especial,NORDESTE,8.399999999999999,0.091715
202508.0,2025-08-28,144968.0,DAC - PA 25,Consumidor Especial,NORDESTE,8.399999999999999,0.091715
,2025-08-28,,DAC - PA 25,,,8.399999999999999,0.091715
202508.0,2025-08-29,144968.0,DAC - PA 25,Consumidor Especial,NORDESTE,8.399999999999999,0.092218
202508.0,2025-08-29,144968.0,DAC - PA 25,Consumidor Especial,NORDESTE,8.399999999999999,0.092218
,2025-08-29,,DAC - PA 25,,,8.399999999999999,0.092218
202508.0,2025-08-30,144968.0,DAC - PA 25,Consumidor Especial,NORDESTE,8.399999999999999,0.091798
202508.0,2025-08-30,144968.0,DAC - PA 25,Consumidor Especial,NORDESTE,8.399999999999999,0.091798
,2025-08-30,,DAC - PA 25,,,8.399999999999999,0.091798
202508.0,2025-08-31,144968.0,DAC - PA 25,Consumidor Especial,NORDESTE,8.399999999999999,0.093955
202508.0,2025-08-31,144968.0,DAC - PA 25,Consumidor Especial,NORDESTE,8.399999999999999,0.093955
,2025-08-31,,DAC - PA 25,,,8.399999999999999,0.093955
