MES_REFERENCIA,DATA,CODIGO_PERFIL_AGENTE,SIGLA_PERFIL_AGENTE,CLASSE_PERFIL_AGENTE,SUBMERCADO,CAPACIDADE_CARGA,CONSUMO_CARGA_ACL
,2023-01-01,51097.0,EBF FUNDIDOS,Consumidor Livre,SUDESTE,28.8,0.039811
,2023-01-02,51097.0,EBF FUNDIDOS,Consumidor Livre,SUDESTE,28.8,0.192023
,2023-01-03,51097.0,EBF FUNDIDOS,Consumidor Livre,SUDESTE,28.8,0.744818
,2023-01-04,51097.0,EBF FUNDIDOS,Consumidor Livre,SUDESTE,28.8,0.896028
,2023-01-05,51097.0,EBF FUNDIDOS,Consumidor Livre,SUDESTE,28.8,4.407618
,2023-01-06,51097.0,EBF FUNDIDOS,Consumidor Livre,SUDESTE,28.8,0.814423
,2023-01-07,51097.0,EBF FUNDIDOS,Consumidor Livre,SUDESTE,28.8,0.165872
,2023-01-08,51097.0,EBF FUNDIDOS,Consumidor Livre,SUDESTE,28.8,0.238583
,2023-01-09,51097.0,EBF FUNDIDOS,Consumidor Livre,SUDESTE,28.8,4.892318
,2023-01-10,51097.0,EBF FUNDIDOS,Consumidor Livre,SUDESTE,28.8,2.876298
,2023-01-11,51097.0,EBF FUNDIDOS,Consumidor Livre,SUDESTE,28.8,6.107613
,2023-01-12,51097.0,EBF FUNDIDOS,Consumidor Livre,SUDESTE,28.8,6.4870920000000005
,2023-01-13,51097.0,EBF FUNDIDOS,Consumidor Livre,SUDESTE,28.8,7.367232
,2023-01-14,51097.0,EBF FUNDIDOS,Consumidor Livre,SUDESTE,28.8,0.425055
,2023-01-15,51097.0,EBF FUNDIDOS,Consumidor Livre,SUDESTE,28.8,0.085682
,2023-01-16,51097.0,EBF FUNDIDOS,Consumidor Livre,SUDESTE,28.8,1.425936
,2023-01-17,51097.0,EBF FUNDIDOS,Consumidor Livre,SUDESTE,28.8,7.871693
,2023-01-18,51097.0,EBF FUNDIDOS,Consumidor Livre,SUDESTE,28.8,7.980192
,2023-01-19,51097.0,EBF FUNDIDOS,Consumidor Livre,SUDESTE,28.8,7.76997
,2023-01-20,51097.0,EBF FUNDIDOS,Consumidor Livre,SUDESTE,28.8,5.936308
,2023-01-21,51097.0,EBF FUNDIDOS,Consumidor Livre,SUDESTE,28.8,0.253887
,2023-01-22,51097.0,EBF FUNDIDOS,Consumidor Livre,SUDESTE,28.8,0.092501
,2023-01-23,51097.0,EBF FUNDIDOS,Consumidor Livre,SUDESTE,28.8,7.654403
,2023-01-24,51097.0,EBF FUNDIDOS,Consumidor Livre,SUDESTE,28.8,7.78026
,2023-01-25,51097.0,EBF FUNDIDOS,Consumidor Livre,SUDESTE,28.8,7.642585
,2023-01-26,51097.0,EBF FUNDIDOS,Consumidor Livre,SUDESTE,28.8,7.593058
,2023-01-27,51097.0,EBF FUNDIDOS,Consumidor Livre,SUDESTE,28.8,7.574495
,2023-01-28,51097.0,EBF FUNDIDOS,Consumidor Livre,SUDESTE,28.8,0.330218
,2023-01-29,51097.0,EBF FUNDIDOS,Consumidor Livre,SUDESTE,28.8,0.286496
,2023-01-30,51097.0,EBF FUNDIDOS,Consumidor Livre,SUDESTE,28.8,7.846219
,2023-01-31,51097.0,EBF FUNDIDOS,Consumidor Livre,SUDESTE,28.8,7.677454
,2023-02-01,51097.0,EBF FUNDIDOS,Consumidor Livre,SUDESTE,28.8,8.143666
,2023-02-02,51097.0,EBF FUNDIDOS,Consumidor Livre,SUDESTE,28.8,8.622391
,2023-02-03,51097.0,EBF FUNDIDOS,Consumidor Livre,SUDESTE,28.8,8.219497
,2023-02-04,51097.0,EBF FUNDIDOS,Consumidor Livre,SUDESTE,28.8,0.129268
,2023-02-05,51097.0,EBF FUNDIDOS,Consumidor Livre,SUDESTE,28.8,0.078947
,2023-02-06,51097.0,EBF FUNDIDOS,Consumidor Livre,SUDESTE,28.8,8.097429
,2023-02-07,51097.0,EBF FUNDIDOS,Consumidor Livre,SUDESTE,28.8,8.124447
,2023-02-08,51097.0,EBF FUNDIDOS,Consumidor Livre,SUDESTE,28.8,8.167054
,2023-02-09,51097.0,EBF FUNDIDOS,Consumidor Livre,SUDESTE,28.8,8.232822
,2023-02-10,51097.0,EBF FUNDIDOS,Consumidor Livre,SUDESTE,28.8,7.920765999999999
,2023-02-11,51097.0,EBF FUNDIDOS,Consumidor Livre,SUDESTE,28.8,0.172072
,2023-02-12,51097.0,EBF FUNDIDOS,Consumidor Livre,SUDESTE,28.8,0.074001
,2023-02-13,51097.0,EBF FUNDIDOS,Consumidor Livre,SUDESTE,28.8,7.814563
,2023-02-14,51097.0,EBF FUNDIDOS,Consumidor Livre,SUDESTE,28.8,7.723303
,2023-02-15,51097.0,EBF FUNDIDOS,Consumidor Livre,SUDESTE,28.8,7.617996000000001
,2023-02-16,51097.0,EBF FUNDIDOS,Consumidor Livre,SUDESTE,28.8,7.789027999999999
,2023-02-17,51097.0,EBF FUNDIDOS,Consumidor Livre,SUDESTE,28.8,7.773843
,2023-02-18,51097.0,EBF FUNDIDOS,Consumidor Livre,SUDESTE,28.8,0.104745
,2023-02-19,51097.0,EBF FUNDIDOS,Consumidor Livre,SUDESTE,28.8,0.086488
,2023-02-20,51097.0,EBF FUNDIDOS,Consumidor Livre,SUDESTE,28.8,0.096197
,2023-02-21,51097.0,EBF FUNDIDOS,Consumidor Livre,SUDESTE,28.8,0.058919
,2023-02-22,51097.0,EBF FUNDIDOS,Consumidor Livre,SUDESTE,28.8,0.135551
,2023-02-23,51097.0,EBF FUNDIDOS,Consumidor Livre,SUDESTE,28.8,7.957014
,2023-02-24,51097.0,EBF FUNDIDOS,Consumidor Livre,SUDESTE,28.8,9.273279
,2023-02-25,51097.0,EBF FUNDIDOS,Consumidor Livre,SUDESTE,28.8,0.176924
,2023-02-26,51097.0,EBF FUNDIDOS,Consumidor Livre,SUDESTE,28.8,0.092611
,2023-02-27,51097.0,EBF FUNDIDOS,Consumidor Livre,SUDESTE,28.8,8.182807
,2023-02-28,51097.0,EBF FUNDIDOS,Consumidor Livre,SUDESTE,28.8,8.17849
,2023-03-01,51097.0,EBF FUNDIDOS,Consumidor Livre,SUDESTE,28.8,7.967829
,2023-03-02,51097.0,EBF FUNDIDOS,Consumidor Livre,SUDESTE,28.8,8.030575
,2023-03-03,51097.0,EBF FUNDIDOS,Consumidor Livre,SUDESTE,28.8,7.969958
,2023-03-04,51097.0,EBF FUNDIDOS,Consumidor Livre,SUDESTE,28.8,0.136323
,2023-03-05,51097.0,EBF FUNDIDOS,Consumidor Livre,SUDESTE,28.8,0.078767
,2023-03-06,51097.0,EBF FUNDIDOS,Consumidor Livre,SUDESTE,28.8,4.480674
,2023-03-07,51097.0,EBF FUNDIDOS,Consumidor Livre,SUDESTE,28.8,3.973822
,2023-03-08,51097.0,EBF FUNDIDOS,Consumidor Livre,SUDESTE,28.8,7.593655
,2023-03-09,51097.0,EBF FUNDIDOS,Consumidor Livre,SUDESTE,28.8,7.392707
,2023-03-10,51097.0,EBF FUNDIDOS,Consumidor Livre,SUDESTE,28.8,7.473536
,2023-03-11,51097.0,EBF FUNDIDOS,Consumidor Livre,SUDESTE,28.8,0.220012
,2023-03-12,51097.0,EBF FUNDIDOS,Consumidor Livre,SUDESTE,28.8,0.087618
,2023-03-13,51097.0,EBF FUNDIDOS,Consumidor Livre,SUDESTE,28.8,6.281749
,2023-03-14,51097.0,EBF FUNDIDOS,Consumidor Livre,SUDESTE,28.8,7.881959
,2023-03-15,51097.0,EBF FUNDIDOS,Consumidor Livre,SUDESTE,28.8,7.795030000000001
,2023-03-16,51097.0,EBF FUNDIDOS,Consumidor Livre,SUDESTE,28.8,6.19228
,2023-03-17,51097.0,EBF FUNDIDOS,Consumidor Livre,SUDESTE,28.8,7.88721
,2023-03-18,51097.0,EBF FUNDIDOS,Consumidor Livre,SUDESTE,28.8,0.2154849999999999
,2023-03-19,51097.0,EBF FUNDIDOS,Consumidor Livre,SUDESTE,28.8,0.088406
,2023-03-20,51097.0,EBF FUNDIDOS,Consumidor Livre,SUDESTE,28.8,4.905784
,2023-03-21,51097.0,EBF FUNDIDOS,Consumidor Livre,SUDESTE,28.8,8.389025
,2023-03-22,51097.0,EBF FUNDIDOS,Consumidor Livre,SUDESTE,28.8,6.11088
,2023-03-23,51097.0,EBF FUNDIDOS,Consumidor Livre,SUDESTE,28.8,7.825717
,2023-03-24,51097.0,EBF FUNDIDOS,Consumidor Livre,SUDESTE,28.8,7.630568
,2023-03-25,51097.0,EBF FUNDIDOS,Consumidor Livre,SUDESTE,28.8,0.1265679999999999
,2023-03-26,51097.0,EBF FUNDIDOS,Consumidor Livre,SUDESTE,28.8,0.089937
,2023-03-27,51097.0,EBF FUNDIDOS,Consumidor Livre,SUDESTE,28.8,6.22242
,2023-03-28,51097.0,EBF FUNDIDOS,Consumidor Livre,SUDESTE,28.8,7.96202
,2023-03-29,51097.0,EBF FUNDIDOS,Consumidor Livre,SUDESTE,28.8,4.698962
,2023-03-30,51097.0,EBF FUNDIDOS,Consumidor Livre,SUDESTE,28.8,6.276892
,2023-03-31,51097.0,EBF FUNDIDOS,Consumidor Livre,SUDESTE,28.8,6.207266
,2023-04-01,51097.0,EBF FUNDIDOS,Consumidor Livre,SUDESTE,28.8,0.33894
,2023-04-02,51097.0,EBF FUNDIDOS,Consumidor Livre,SUDESTE,28.8,0.093887
,2023-04-03,51097.0,EBF FUNDIDOS,Consumidor Livre,SUDESTE,28.8,4.435555
,2023-04-04,51097.0,EBF FUNDIDOS,Consumidor Livre,SUDESTE,28.8,0.972238
,2023-04-05,51097.0,EBF FUNDIDOS,Consumidor Livre,SUDESTE,28.8,4.716817
,2023-04-06,51097.0,EBF FUNDIDOS,Consumidor Livre,SUDESTE,28.8,6.267284
,2023-04-07,51097.0,EBF FUNDIDOS,Consumidor Livre,SUDESTE,28.8,0.092541
,2023-04-08,51097.0,EBF FUNDIDOS,Consumidor Livre,SUDESTE,28.8,0.33472
,2023-04-09,51097.0,EBF FUNDIDOS,Consumidor Livre,SUDESTE,28.8,0.173508
,2023-04-10,51097.0,EBF FUNDIDOS,Consumidor Livre,SUDESTE,28.8,6.155216
,2023-04-11,51097.0,EBF FUNDIDOS,Consumidor Livre,SUDESTE,28.8,7.707241
,2023-04-12,51097.0,EBF FUNDIDOS,Consumidor Livre,SUDESTE,28.8,6.03989
,2023-04-13,51097.0,EBF FUNDIDOS,Consumidor Livre,SUDESTE,28.8,7.795865
,2023-04-14,51097.0,EBF FUNDIDOS,Consumidor Livre,SUDESTE,28.8,6.016984
,2023-04-15,51097.0,EBF FUNDIDOS,Consumidor Livre,SUDESTE,28.8,0.336645
,2023-04-16,51097.0,EBF FUNDIDOS,Consumidor Livre,SUDESTE,28.8,0.054563
,2023-04-17,51097.0,EBF FUNDIDOS,Consumidor Livre,SUDESTE,28.8,4.386002
,2023-04-18,51097.0,EBF FUNDIDOS,Consumidor Livre,SUDESTE,28.8,8.076668
,2023-04-19,51097.0,EBF FUNDIDOS,Consumidor Livre,SUDESTE,28.8,6.288318
,2023-04-20,51097.0,EBF FUNDIDOS,Consumidor Livre,SUDESTE,28.8,7.549959
,2023-04-21,51097.0,EBF FUNDIDOS,Consumidor Livre,SUDESTE,28.8,0.11771
,2023-04-22,51097.0,EBF FUNDIDOS,Consumidor Livre,SUDESTE,28.8,0.080405
,2023-04-23,51097.0,EBF FUNDIDOS,Consumidor Livre,SUDESTE,28.8,0.077697
,2023-04-24,51097.0,EBF FUNDIDOS,Consumidor Livre,SUDESTE,28.8,7.696836
,2023-04-25,51097.0,EBF FUNDIDOS,Consumidor Livre,SUDESTE,28.8,7.554125
,2023-04-26,51097.0,EBF FUNDIDOS,Consumidor Livre,SUDESTE,28.8,7.453356
,2023-04-27,51097.0,EBF FUNDIDOS,Consumidor Livre,SUDESTE,28.8,5.850184
,2023-04-28,51097.0,EBF FUNDIDOS,Consumidor Livre,SUDESTE,28.8,7.425157
,2023-04-29,51097.0,EBF FUNDIDOS,Consumidor Livre,SUDESTE,28.8,0.11481
,2023-04-30,51097.0,EBF FUNDIDOS,Consumidor Livre,SUDESTE,28.8,0.085812
,2023-05-01,51097.0,EBF FUNDIDOS,Consumidor Livre,SUDESTE,28.8,0.091533
,2023-05-02,51097.0,EBF FUNDIDOS,Consumidor Livre,SUDESTE,28.8,7.690464
,2023-05-03,51097.0,EBF FUNDIDOS,Consumidor Livre,SUDESTE,28.8,7.761877
,2023-05-04,51097.0,EBF FUNDIDOS,Consumidor Livre,SUDESTE,28.8,7.789152
,2023-05-05,51097.0,EBF FUNDIDOS,Consumidor Livre,SUDESTE,28.8,5.98888
,2023-05-06,51097.0,EBF FUNDIDOS,Consumidor Livre,SUDESTE,28.8,0.201515
,2023-05-07,51097.0,EBF FUNDIDOS,Consumidor Livre,SUDESTE,28.8,0.812764
,2023-05-08,51097.0,EBF FUNDIDOS,Consumidor Livre,SUDESTE,28.8,8.547774
,2023-05-09,51097.0,EBF FUNDIDOS,Consumidor Livre,SUDESTE,28.8,8.005283
,2023-05-10,51097.0,EBF FUNDIDOS,Consumidor Livre,SUDESTE,28.8,7.988126
,2023-05-11,51097.0,EBF FUNDIDOS,Consumidor Livre,SUDESTE,28.8,6.181803
,2023-05-12,51097.0,EBF FUNDIDOS,Consumidor Livre,SUDESTE,28.8,4.687668
,2023-05-13,51097.0,EBF FUNDIDOS,Consumidor Livre,SUDESTE,28.8,0.163695
,2023-05-14,51097.0,EBF FUNDIDOS,Consumidor Livre,SUDESTE,28.8,0.067477
,2023-05-15,51097.0,EBF FUNDIDOS,Consumidor Livre,SUDESTE,28.8,7.502229
,2023-05-16,51097.0,EBF FUNDIDOS,Consumidor Livre,SUDESTE,28.8,7.553978
,2023-05-17,51097.0,EBF FUNDIDOS,Consumidor Livre,SUDESTE,28.8,2.543789
,2023-05-18,51097.0,EBF FUNDIDOS,Consumidor Livre,SUDESTE,28.8,7.506017999999999
,2023-05-19,51097.0,EBF FUNDIDOS,Consumidor Livre,SUDESTE,28.8,7.586674
,2023-05-20,51097.0,EBF FUNDIDOS,Consumidor Livre,SUDESTE,28.8,0.139922
,2023-05-21,51097.0,EBF FUNDIDOS,Consumidor Livre,SUDESTE,28.8,0.054643
,2023-05-22,51097.0,EBF FUNDIDOS,Consumidor Livre,SUDESTE,28.8,6.263418000000001
,2023-05-23,51097.0,EBF FUNDIDOS,Consumidor Livre,SUDESTE,28.8,7.591716
,2023-05-24,51097.0,EBF FUNDIDOS,Consumidor Livre,SUDESTE,28.8,6.123058
,2023-05-25,51097.0,EBF FUNDIDOS,Consumidor Livre,SUDESTE,28.8,7.791365
,2023-05-26,51097.0,EBF FUNDIDOS,Consumidor Livre,SUDESTE,28.8,7.815864
,2023-05-27,51097.0,EBF FUNDIDOS,Consumidor Livre,SUDESTE,28.8,0.184196
,2023-05-28,51097.0,EBF FUNDIDOS,Consumidor Livre,SUDESTE,28.8,0.091962
,2023-05-29,51097.0,EBF FUNDIDOS,Consumidor Livre,SUDESTE,28.8,6.032952
,2023-05-30,51097.0,EBF FUNDIDOS,Consumidor Livre,SUDESTE,28.8,7.554789
,2023-05-31,51097.0,EBF FUNDIDOS,Consumidor Livre,SUDESTE,28.8,7.624141
,2023-06-01,51097.0,EBF FUNDIDOS,Consumidor Livre,SUDESTE,28.8,7.596169
,2023-06-02,51097.0,EBF FUNDIDOS,Consumidor Livre,SUDESTE,28.8,5.862898
,2023-06-03,51097.0,EBF FUNDIDOS,Consumidor Livre,SUDESTE,28.8,0.085273
,2023-06-04,51097.0,EBF FUNDIDOS,Consumidor Livre,SUDESTE,28.8,0.063255
,2023-06-05,51097.0,EBF FUNDIDOS,Consumidor Livre,SUDESTE,28.8,0.810553
,2023-06-06,51097.0,EBF FUNDIDOS,Consumidor Livre,SUDESTE,28.8,4.611893
,2023-06-07,51097.0,EBF FUNDIDOS,Consumidor Livre,SUDESTE,28.8,7.945651
,2023-06-08,51097.0,EBF FUNDIDOS,Consumidor Livre,SUDESTE,28.8,0.063345
,2023-06-09,51097.0,EBF FUNDIDOS,Consumidor Livre,SUDESTE,28.8,6.234037000000001
,2023-06-10,51097.0,EBF FUNDIDOS,Consumidor Livre,SUDESTE,28.8,0.252592
,2023-06-11,51097.0,EBF FUNDIDOS,Consumidor Livre,SUDESTE,28.8,0.069339
,2023-06-12,51097.0,EBF FUNDIDOS,Consumidor Livre,SUDESTE,28.8,5.999858
,2023-06-13,51097.0,EBF FUNDIDOS,Consumidor Livre,SUDESTE,28.8,7.581707
,2023-06-14,51097.0,EBF FUNDIDOS,Consumidor Livre,SUDESTE,28.8,7.336183999999999
,2023-06-15,51097.0,EBF FUNDIDOS,Consumidor Livre,SUDESTE,28.8,5.830515
,2023-06-16,51097.0,EBF FUNDIDOS,Consumidor Livre,SUDESTE,28.8,7.459427
,2023-06-17,51097.0,EBF FUNDIDOS,Consumidor Livre,SUDESTE,28.8,0.165789
,2023-06-18,51097.0,EBF FUNDIDOS,Consumidor Livre,SUDESTE,28.8,0.121502
,2023-06-19,51097.0,EBF FUNDIDOS,Consumidor Livre,SUDESTE,28.8,6.193787
,2023-06-20,51097.0,EBF FUNDIDOS,Consumidor Livre,SUDESTE,28.8,6.133463
,2023-06-21,51097.0,EBF FUNDIDOS,Consumidor Livre,SUDESTE,28.8,7.781168
,2023-06-22,51097.0,EBF FUNDIDOS,Consumidor Livre,SUDESTE,28.8,5.938454
,2023-06-23,51097.0,EBF FUNDIDOS,Consumidor Livre,SUDESTE,28.8,6.0543640000000005
,2023-06-24,51097.0,EBF FUNDIDOS,Consumidor Livre,SUDESTE,28.8,0.151938
,2023-06-25,51097.0,EBF FUNDIDOS,Consumidor Livre,SUDESTE,28.8,0.590388
,2023-06-26,51097.0,EBF FUNDIDOS,Consumidor Livre,SUDESTE,28.8,7.88376
,2023-06-27,51097.0,EBF FUNDIDOS,Consumidor Livre,SUDESTE,28.8,5.979609999999999
,2023-06-28,51097.0,EBF FUNDIDOS,Consumidor Livre,SUDESTE,28.8,6.087344
,2023-06-29,51097.0,EBF FUNDIDOS,Consumidor Livre,SUDESTE,28.8,6.024574000000001
,2023-06-30,51097.0,EBF FUNDIDOS,Consumidor Livre,SUDESTE,28.8,5.984009
,2023-07-01,51097.0,EBF FUNDIDOS,Consumidor Livre,SUDESTE,28.8,0.088809
,2023-07-02,51097.0,EBF FUNDIDOS,Consumidor Livre,SUDESTE,28.8,0.066524
,2023-07-03,51097.0,EBF FUNDIDOS,Consumidor Livre,SUDESTE,28.8,6.165888
,2023-07-04,51097.0,EBF FUNDIDOS,Consumidor Livre,SUDESTE,28.8,6.124796
,2023-07-05,51097.0,EBF FUNDIDOS,Consumidor Livre,SUDESTE,28.8,7.785212
,2023-07-06,51097.0,EBF FUNDIDOS,Consumidor Livre,SUDESTE,28.8,6.105377
,2023-07-07,51097.0,EBF FUNDIDOS,Consumidor Livre,SUDESTE,28.8,7.730021
,2023-07-08,51097.0,EBF FUNDIDOS,Consumidor Livre,SUDESTE,28.8,0.086667
,2023-07-09,51097.0,EBF FUNDIDOS,Consumidor Livre,SUDESTE,28.8,0.061889
,2023-07-10,51097.0,EBF FUNDIDOS,Consumidor Livre,SUDESTE,28.8,6.305581
,2023-07-11,51097.0,EBF FUNDIDOS,Consumidor Livre,SUDESTE,28.8,7.697111
,2023-07-12,51097.0,EBF FUNDIDOS,Consumidor Livre,SUDESTE,28.8,7.770781
,2023-07-13,51097.0,EBF FUNDIDOS,Consumidor Livre,SUDESTE,28.8,6.070449
,2023-07-14,51097.0,EBF FUNDIDOS,Consumidor Livre,SUDESTE,28.8,7.692822
,2023-07-15,51097.0,EBF FUNDIDOS,Consumidor Livre,SUDESTE,28.8,0.082615
,2023-07-16,51097.0,EBF FUNDIDOS,Consumidor Livre,SUDESTE,28.8,0.06597
,2023-07-17,51097.0,EBF FUNDIDOS,Consumidor Livre,SUDESTE,28.8,6.190752
,2023-07-18,51097.0,EBF FUNDIDOS,Consumidor Livre,SUDESTE,28.8,7.860898
,2023-07-19,51097.0,EBF FUNDIDOS,Consumidor Livre,SUDESTE,28.8,6.12478
,2023-07-20,51097.0,EBF FUNDIDOS,Consumidor Livre,SUDESTE,28.8,7.902786
,2023-07-21,51097.0,EBF FUNDIDOS,Consumidor Livre,SUDESTE,28.8,7.464768
,2023-07-22,51097.0,EBF FUNDIDOS,Consumidor Livre,SUDESTE,28.8,0.169496
,2023-07-23,51097.0,EBF FUNDIDOS,Consumidor Livre,SUDESTE,28.8,0.077523
,2023-07-24,51097.0,EBF FUNDIDOS,Consumidor Livre,SUDESTE,28.8,6.163406
,2023-07-25,51097.0,EBF FUNDIDOS,Consumidor Livre,SUDESTE,28.8,7.642455
,2023-07-26,51097.0,EBF FUNDIDOS,Consumidor Livre,SUDESTE,28.8,7.790624
,2023-07-27,51097.0,EBF FUNDIDOS,Consumidor Livre,SUDESTE,28.8,6.08304
,2023-07-28,51097.0,EBF FUNDIDOS,Consumidor Livre,SUDESTE,28.8,7.661854999999999
,2023-07-29,51097.0,EBF FUNDIDOS,Consumidor Livre,SUDESTE,28.8,0.097903
,2023-07-30,51097.0,EBF FUNDIDOS,Consumidor Livre,SUDESTE,28.8,0.068839
,2023-07-31,51097.0,EBF FUNDIDOS,Consumidor Livre,SUDESTE,28.8,7.823941
,2023-08-01,51097.0,EBF FUNDIDOS,Consumidor Livre,SUDESTE,28.8,7.774859
,2023-08-02,51097.0,EBF FUNDIDOS,Consumidor Livre,SUDESTE,28.8,7.907699
,2023-08-03,51097.0,EBF FUNDIDOS,Consumidor Livre,SUDESTE,28.8,7.853803
,2023-08-04,51097.0,EBF FUNDIDOS,Consumidor Livre,SUDESTE,28.8,7.780431
,2023-08-05,51097.0,EBF FUNDIDOS,Consumidor Livre,SUDESTE,28.8,0.129721
,2023-08-06,51097.0,EBF FUNDIDOS,Consumidor Livre,SUDESTE,28.8,0.064721
,2023-08-07,51097.0,EBF FUNDIDOS,Consumidor Livre,SUDESTE,28.8,7.882058
,2023-08-08,51097.0,EBF FUNDIDOS,Consumidor Livre,SUDESTE,28.8,7.710782
,2023-08-09,51097.0,EBF FUNDIDOS,Consumidor Livre,SUDESTE,28.8,7.733233
,2023-08-10,51097.0,EBF FUNDIDOS,Consumidor Livre,SUDESTE,28.8,7.721425
,2023-08-11,51097.0,EBF FUNDIDOS,Consumidor Livre,SUDESTE,28.8,7.573172
,2023-08-12,51097.0,EBF FUNDIDOS,Consumidor Livre,SUDESTE,28.8,0.204619
,2023-08-13,51097.0,EBF FUNDIDOS,Consumidor Livre,SUDESTE,28.8,0.061602
,2023-08-14,51097.0,EBF FUNDIDOS,Consumidor Livre,SUDESTE,28.8,7.986073
,2023-08-15,51097.0,EBF FUNDIDOS,Consumidor Livre,SUDESTE,28.8,7.778276
,2023-08-16,51097.0,EBF FUNDIDOS,Consumidor Livre,SUDESTE,28.8,7.764525
,2023-08-17,51097.0,EBF FUNDIDOS,Consumidor Livre,SUDESTE,28.8,7.754492
,2023-08-18,51097.0,EBF FUNDIDOS,Consumidor Livre,SUDESTE,28.8,7.540372
,2023-08-19,51097.0,EBF FUNDIDOS,Consumidor Livre,SUDESTE,28.8,0.208605
,2023-08-20,51097.0,EBF FUNDIDOS,Consumidor Livre,SUDESTE,28.8,0.053732
,2023-08-21,51097.0,EBF FUNDIDOS,Consumidor Livre,SUDESTE,28.8,7.959445
,2023-08-22,51097.0,EBF FUNDIDOS,Consumidor Livre,SUDESTE,28.8,7.678288
,2023-08-23,51097.0,EBF FUNDIDOS,Consumidor Livre,SUDESTE,28.8,7.692256
,2023-08-24,51097.0,EBF FUNDIDOS,Consumidor Livre,SUDESTE,28.8,7.618446
,2023-08-25,51097.0,EBF FUNDIDOS,Consumidor Livre,SUDESTE,28.8,7.614866
,2023-08-26,51097.0,EBF FUNDIDOS,Consumidor Livre,SUDESTE,28.8,0.184527
,2023-08-27,51097.0,EBF FUNDIDOS,Consumidor Livre,SUDESTE,28.8,0.062513
,2023-08-28,51097.0,EBF FUNDIDOS,Consumidor Livre,SUDESTE,28.8,7.940131999999999
,2023-08-29,51097.0,EBF FUNDIDOS,Consumidor Livre,SUDESTE,28.8,7.530904
,2023-08-30,51097.0,EBF FUNDIDOS,Consumidor Livre,SUDESTE,28.8,7.545665
,2023-08-31,51097.0,EBF FUNDIDOS,Consumidor Livre,SUDESTE,28.8,0.093704
,2023-09-01,51097.0,EBF FUNDIDOS,Consumidor Livre,SUDESTE,28.8,0.100147
,2023-09-02,51097.0,EBF FUNDIDOS,Consumidor Livre,SUDESTE,28.8,0.096825
,2023-09-03,51097.0,EBF FUNDIDOS,Consumidor Livre,SUDESTE,28.8,0.099488
,2023-09-04,51097.0,EBF FUNDIDOS,Consumidor Livre,SUDESTE,28.8,7.71137
,2023-09-05,51097.0,EBF FUNDIDOS,Consumidor Livre,SUDESTE,28.8,5.87361
,2023-09-06,51097.0,EBF FUNDIDOS,Consumidor Livre,SUDESTE,28.8,7.452482999999999
,2023-09-07,51097.0,EBF FUNDIDOS,Consumidor Livre,SUDESTE,28.8,7.43862
,2023-09-08,51097.0,EBF FUNDIDOS,Consumidor Livre,SUDESTE,28.8,7.398572
,2023-09-09,51097.0,EBF FUNDIDOS,Consumidor Livre,SUDESTE,28.8,0.116148
,2023-09-10,51097.0,EBF FUNDIDOS,Consumidor Livre,SUDESTE,28.8,0.645245
,2023-09-11,51097.0,EBF FUNDIDOS,Consumidor Livre,SUDESTE,28.8,8.335124
,2023-09-12,51097.0,EBF FUNDIDOS,Consumidor Livre,SUDESTE,28.8,7.822429
,2023-09-13,51097.0,EBF FUNDIDOS,Consumidor Livre,SUDESTE,28.8,7.773466
,2023-09-14,51097.0,EBF FUNDIDOS,Consumidor Livre,SUDESTE,28.8,7.648018
,2023-09-15,51097.0,EBF FUNDIDOS,Consumidor Livre,SUDESTE,28.8,7.597059
,2023-09-16,51097.0,EBF FUNDIDOS,Consumidor Livre,SUDESTE,28.8,0.118327
,2023-09-17,51097.0,EBF FUNDIDOS,Consumidor Livre,SUDESTE,28.8,0.079395
,2023-09-18,51097.0,EBF FUNDIDOS,Consumidor Livre,SUDESTE,28.8,7.692582
,2023-09-19,51097.0,EBF FUNDIDOS,Consumidor Livre,SUDESTE,28.8,5.84816
,2023-09-20,51097.0,EBF FUNDIDOS,Consumidor Livre,SUDESTE,28.8,7.487991
,2023-09-21,51097.0,EBF FUNDIDOS,Consumidor Livre,SUDESTE,28.8,7.418458999999999
,2023-09-22,51097.0,EBF FUNDIDOS,Consumidor Livre,SUDESTE,28.8,7.262594
,2023-09-23,51097.0,EBF FUNDIDOS,Consumidor Livre,SUDESTE,28.8,0.178157
,2023-09-24,51097.0,EBF FUNDIDOS,Consumidor Livre,SUDESTE,28.8,0.082347
,2023-09-25,51097.0,EBF FUNDIDOS,Consumidor Livre,SUDESTE,28.8,7.818481999999999
,2023-09-26,51097.0,EBF FUNDIDOS,Consumidor Livre,SUDESTE,28.8,7.360066
,2023-09-27,51097.0,EBF FUNDIDOS,Consumidor Livre,SUDESTE,28.8,7.598059999999999
,2023-09-28,51097.0,EBF FUNDIDOS,Consumidor Livre,SUDESTE,28.8,7.381534999999999
,2023-09-29,51097.0,EBF FUNDIDOS,Consumidor Livre,SUDESTE,28.8,5.816292
,2023-09-30,51097.0,EBF FUNDIDOS,Consumidor Livre,SUDESTE,28.8,0.157139
,2023-10-01,51097.0,EBF FUNDIDOS,Consumidor Livre,SUDESTE,28.8,0.079572
,2023-10-02,51097.0,EBF FUNDIDOS,Consumidor Livre,SUDESTE,28.8,5.92926
,2023-10-03,51097.0,EBF FUNDIDOS,Consumidor Livre,SUDESTE,28.8,7.427441
,2023-10-04,51097.0,EBF FUNDIDOS,Consumidor Livre,SUDESTE,28.8,7.510725000000001
,2023-10-05,51097.0,EBF FUNDIDOS,Consumidor Livre,SUDESTE,28.8,7.305919
,2023-10-06,51097.0,EBF FUNDIDOS,Consumidor Livre,SUDESTE,28.8,7.389377
,2023-10-07,51097.0,EBF FUNDIDOS,Consumidor Livre,SUDESTE,28.8,0.176005
,2023-10-08,51097.0,EBF FUNDIDOS,Consumidor Livre,SUDESTE,28.8,0.064265
,2023-10-09,51097.0,EBF FUNDIDOS,Consumidor Livre,SUDESTE,28.8,7.805012
,2023-10-10,51097.0,EBF FUNDIDOS,Consumidor Livre,SUDESTE,28.8,7.718748
,2023-10-11,51097.0,EBF FUNDIDOS,Consumidor Livre,SUDESTE,28.8,7.508738
,2023-10-12,51097.0,EBF FUNDIDOS,Consumidor Livre,SUDESTE,28.8,0.087312
,2023-10-13,51097.0,EBF FUNDIDOS,Consumidor Livre,SUDESTE,28.8,6.021406
,2023-10-14,51097.0,EBF FUNDIDOS,Consumidor Livre,SUDESTE,28.8,0.225095
,2023-10-15,51097.0,EBF FUNDIDOS,Consumidor Livre,SUDESTE,28.8,0.412315
,2023-10-16,51097.0,EBF FUNDIDOS,Consumidor Livre,SUDESTE,28.8,7.810953
,2023-10-17,51097.0,EBF FUNDIDOS,Consumidor Livre,SUDESTE,28.8,7.48084
,2023-10-18,51097.0,EBF FUNDIDOS,Consumidor Livre,SUDESTE,28.8,7.635385
,2023-10-19,51097.0,EBF FUNDIDOS,Consumidor Livre,SUDESTE,28.8,7.628614
,2023-10-20,51097.0,EBF FUNDIDOS,Consumidor Livre,SUDESTE,28.8,7.541463
,2023-10-21,51097.0,EBF FUNDIDOS,Consumidor Livre,SUDESTE,28.8,0.192101
,2023-10-22,51097.0,EBF FUNDIDOS,Consumidor Livre,SUDESTE,28.8,0.067698
,2023-10-23,51097.0,EBF FUNDIDOS,Consumidor Livre,SUDESTE,28.8,7.660952
,2023-10-24,51097.0,EBF FUNDIDOS,Consumidor Livre,SUDESTE,28.8,7.660053
,2023-10-25,51097.0,EBF FUNDIDOS,Consumidor Livre,SUDESTE,28.8,7.542876
,2023-10-26,51097.0,EBF FUNDIDOS,Consumidor Livre,SUDESTE,28.8,7.383972999999999
,2023-10-27,51097.0,EBF FUNDIDOS,Consumidor Livre,SUDESTE,28.8,7.363634999999999
,2023-10-28,51097.0,EBF FUNDIDOS,Consumidor Livre,SUDESTE,28.8,0.264567
,2023-10-29,51097.0,EBF FUNDIDOS,Consumidor Livre,SUDESTE,28.8,0.069643
,2023-10-30,51097.0,EBF FUNDIDOS,Consumidor Livre,SUDESTE,28.8,7.830888
,2023-10-31,51097.0,EBF FUNDIDOS,Consumidor Livre,SUDESTE,28.8,7.644187
,2023-11-01,51097.0,EBF FUNDIDOS,Consumidor Livre,SUDESTE,28.8,7.64137
,2023-11-02,51097.0,EBF FUNDIDOS,Consumidor Livre,SUDESTE,28.8,0.1126969999999999
,2023-11-03,51097.0,EBF FUNDIDOS,Consumidor Livre,SUDESTE,28.8,0.118613
,2023-11-04,51097.0,EBF FUNDIDOS,Consumidor Livre,SUDESTE,28.8,0.079053
,2023-11-05,51097.0,EBF FUNDIDOS,Consumidor Livre,SUDESTE,28.8,0.475555
,2023-11-06,51097.0,EBF FUNDIDOS,Consumidor Livre,SUDESTE,28.8,8.670254
,2023-11-07,51097.0,EBF FUNDIDOS,Consumidor Livre,SUDESTE,28.8,7.881664
,2023-11-08,51097.0,EBF FUNDIDOS,Consumidor Livre,SUDESTE,28.8,7.893205
,2023-11-09,51097.0,EBF FUNDIDOS,Consumidor Livre,SUDESTE,28.8,7.892566
,2023-11-10,51097.0,EBF FUNDIDOS,Consumidor Livre,SUDESTE,28.8,4.455805
,2023-11-11,51097.0,EBF FUNDIDOS,Consumidor Livre,SUDESTE,28.8,0.204774
,2023-11-12,51097.0,EBF FUNDIDOS,Consumidor Livre,SUDESTE,28.8,0.083386
,2023-11-13,51097.0,EBF FUNDIDOS,Consumidor Livre,SUDESTE,28.8,7.848386
,2023-11-14,51097.0,EBF FUNDIDOS,Consumidor Livre,SUDESTE,28.8,7.773221
,2023-11-15,51097.0,EBF FUNDIDOS,Consumidor Livre,SUDESTE,28.8,7.702392
,2023-11-16,51097.0,EBF FUNDIDOS,Consumidor Livre,SUDESTE,28.8,7.733099
,2023-11-17,51097.0,EBF FUNDIDOS,Consumidor Livre,SUDESTE,28.8,7.666419
,2023-11-18,51097.0,EBF FUNDIDOS,Consumidor Livre,SUDESTE,28.8,0.158171
,2023-11-19,51097.0,EBF FUNDIDOS,Consumidor Livre,SUDESTE,28.8,0.104111
,2023-11-20,51097.0,EBF FUNDIDOS,Consumidor Livre,SUDESTE,28.8,7.760116
,2023-11-21,51097.0,EBF FUNDIDOS,Consumidor Livre,SUDESTE,28.8,7.693563999999999
,2023-11-22,51097.0,EBF FUNDIDOS,Consumidor Livre,SUDESTE,28.8,7.836053
,2023-11-23,51097.0,EBF FUNDIDOS,Consumidor Livre,SUDESTE,28.8,7.736183
,2023-11-24,51097.0,EBF FUNDIDOS,Consumidor Livre,SUDESTE,28.8,7.72835
,2023-11-25,51097.0,EBF FUNDIDOS,Consumidor Livre,SUDESTE,28.8,0.113401
,2023-11-26,51097.0,EBF FUNDIDOS,Consumidor Livre,SUDESTE,28.8,0.078989
,2023-11-27,51097.0,EBF FUNDIDOS,Consumidor Livre,SUDESTE,28.8,7.887445
,2023-11-28,51097.0,EBF FUNDIDOS,Consumidor Livre,SUDESTE,28.8,7.712971
,2023-11-29,51097.0,EBF FUNDIDOS,Consumidor Livre,SUDESTE,28.8,7.805334
,2023-11-30,51097.0,EBF FUNDIDOS,Consumidor Livre,SUDESTE,28.8,7.884295
,2023-12-01,51097.0,EBF FUNDIDOS,Consumidor Livre,SUDESTE,28.8,7.782439
,2023-12-02,51097.0,EBF FUNDIDOS,Consumidor Livre,SUDESTE,28.8,0.115234
,2023-12-03,51097.0,EBF FUNDIDOS,Consumidor Livre,SUDESTE,28.8,0.071689
,2023-12-04,51097.0,EBF FUNDIDOS,Consumidor Livre,SUDESTE,28.8,7.728074
,2023-12-05,51097.0,EBF FUNDIDOS,Consumidor Livre,SUDESTE,28.8,7.702949
,2023-12-06,51097.0,EBF FUNDIDOS,Consumidor Livre,SUDESTE,28.8,7.743079
,2023-12-07,51097.0,EBF FUNDIDOS,Consumidor Livre,SUDESTE,28.8,7.998767
,2023-12-08,51097.0,EBF FUNDIDOS,Consumidor Livre,SUDESTE,28.8,0.088885
,2023-12-09,51097.0,EBF FUNDIDOS,Consumidor Livre,SUDESTE,28.8,0.098871
,2023-12-10,51097.0,EBF FUNDIDOS,Consumidor Livre,SUDESTE,28.8,0.492564
,2023-12-11,51097.0,EBF FUNDIDOS,Consumidor Livre,SUDESTE,28.8,8.401358
,2023-12-12,51097.0,EBF FUNDIDOS,Consumidor Livre,SUDESTE,28.8,7.851948
,2023-12-13,51097.0,EBF FUNDIDOS,Consumidor Livre,SUDESTE,28.8,7.963013
,2023-12-14,51097.0,EBF FUNDIDOS,Consumidor Livre,SUDESTE,28.8,7.931684
,2023-12-15,51097.0,EBF FUNDIDOS,Consumidor Livre,SUDESTE,28.8,7.730897
,2023-12-16,51097.0,EBF FUNDIDOS,Consumidor Livre,SUDESTE,28.8,0.113667
,2023-12-17,51097.0,EBF FUNDIDOS,Consumidor Livre,SUDESTE,28.8,0.076047
,2023-12-18,51097.0,EBF FUNDIDOS,Consumidor Livre,SUDESTE,28.8,7.867127
,2023-12-19,51097.0,EBF FUNDIDOS,Consumidor Livre,SUDESTE,28.8,7.575582
,2023-12-20,51097.0,EBF FUNDIDOS,Consumidor Livre,SUDESTE,28.8,7.596388
,2023-12-21,51097.0,EBF FUNDIDOS,Consumidor Livre,SUDESTE,28.8,7.383406
,2023-12-22,51097.0,EBF FUNDIDOS,Consumidor Livre,SUDESTE,28.8,7.40077
,2023-12-23,51097.0,EBF FUNDIDOS,Consumidor Livre,SUDESTE,28.8,0.089817
,2023-12-24,51097.0,EBF FUNDIDOS,Consumidor Livre,SUDESTE,28.8,0.058313
,2023-12-25,51097.0,EBF FUNDIDOS,Consumidor Livre,SUDESTE,28.8,0.062699
,2023-12-26,51097.0,EBF FUNDIDOS,Consumidor Livre,SUDESTE,28.8,0.163762
,2023-12-27,51097.0,EBF FUNDIDOS,Consumidor Livre,SUDESTE,28.8,0.078371
,2023-12-28,51097.0,EBF FUNDIDOS,Consumidor Livre,SUDESTE,28.8,0.075645
,2023-12-29,51097.0,EBF FUNDIDOS,Consumidor Livre,SUDESTE,28.8,0.078363
,2023-12-30,51097.0,EBF FUNDIDOS,Consumidor Livre,SUDESTE,28.8,0.0738439999999999
,2023-12-31,51097.0,EBF FUNDIDOS,Consumidor Livre,SUDESTE,28.8,0.071399
,2024-01-01,51097.0,EBF FUNDIDOS,Consumidor Livre,SUDESTE,28.8,0.064548
,2024-01-02,51097.0,EBF FUNDIDOS,Consumidor Livre,SUDESTE,28.8,0.310077
,2024-01-03,51097.0,EBF FUNDIDOS,Consumidor Livre,SUDESTE,28.8,7.727462
,2024-01-04,51097.0,EBF FUNDIDOS,Consumidor Livre,SUDESTE,28.8,7.669357
,2024-01-05,51097.0,EBF FUNDIDOS,Consumidor Livre,SUDESTE,28.8,7.671124
,2024-01-06,51097.0,EBF FUNDIDOS,Consumidor Livre,SUDESTE,28.8,0.089153
,2024-01-07,51097.0,EBF FUNDIDOS,Consumidor Livre,SUDESTE,28.8,0.062681
,2024-01-08,51097.0,EBF FUNDIDOS,Consumidor Livre,SUDESTE,28.8,7.528361
,2024-01-09,51097.0,EBF FUNDIDOS,Consumidor Livre,SUDESTE,28.8,7.390993
,2024-01-10,51097.0,EBF FUNDIDOS,Consumidor Livre,SUDESTE,28.8,7.502501
,2024-01-11,51097.0,EBF FUNDIDOS,Consumidor Livre,SUDESTE,28.8,9.163765
,2024-01-12,51097.0,EBF FUNDIDOS,Consumidor Livre,SUDESTE,28.8,7.483799
,2024-01-13,51097.0,EBF FUNDIDOS,Consumidor Livre,SUDESTE,28.8,0.214729
,2024-01-14,51097.0,EBF FUNDIDOS,Consumidor Livre,SUDESTE,28.8,0.072699
,2024-01-15,51097.0,EBF FUNDIDOS,Consumidor Livre,SUDESTE,28.8,7.772282
,2024-01-16,51097.0,EBF FUNDIDOS,Consumidor Livre,SUDESTE,28.8,7.643383
,2024-01-17,51097.0,EBF FUNDIDOS,Consumidor Livre,SUDESTE,28.8,7.603718
,2024-01-18,51097.0,EBF FUNDIDOS,Consumidor Livre,SUDESTE,28.8,7.590568
,2024-01-19,51097.0,EBF FUNDIDOS,Consumidor Livre,SUDESTE,28.8,7.516872
,2024-01-20,51097.0,EBF FUNDIDOS,Consumidor Livre,SUDESTE,28.8,0.2301689999999999
,2024-01-21,51097.0,EBF FUNDIDOS,Consumidor Livre,SUDESTE,28.8,0.065234
,2024-01-22,51097.0,EBF FUNDIDOS,Consumidor Livre,SUDESTE,28.8,7.722505
,2024-01-23,51097.0,EBF FUNDIDOS,Consumidor Livre,SUDESTE,28.8,7.559535
,2024-01-24,51097.0,EBF FUNDIDOS,Consumidor Livre,SUDESTE,28.8,7.633834999999999
,2024-01-25,51097.0,EBF FUNDIDOS,Consumidor Livre,SUDESTE,28.8,7.473099
,2024-01-26,51097.0,EBF FUNDIDOS,Consumidor Livre,SUDESTE,28.8,7.621496
,2024-01-27,51097.0,EBF FUNDIDOS,Consumidor Livre,SUDESTE,28.8,0.221986
,2024-01-28,51097.0,EBF FUNDIDOS,Consumidor Livre,SUDESTE,28.8,0.5530189999999999
,2024-01-29,51097.0,EBF FUNDIDOS,Consumidor Livre,SUDESTE,28.8,8.623401
,2024-01-30,51097.0,EBF FUNDIDOS,Consumidor Livre,SUDESTE,28.8,7.833366
,2024-01-31,51097.0,EBF FUNDIDOS,Consumidor Livre,SUDESTE,28.8,7.810853
,2024-02-01,51097.0,EBF FUNDIDOS,Consumidor Livre,SUDESTE,28.8,7.793798000000001
,2024-02-02,51097.0,EBF FUNDIDOS,Consumidor Livre,SUDESTE,28.8,7.797626
,2024-02-03,51097.0,EBF FUNDIDOS,Consumidor Livre,SUDESTE,28.8,0.230768
,2024-02-04,51097.0,EBF FUNDIDOS,Consumidor Livre,SUDESTE,28.8,0.076625
,2024-02-05,51097.0,EBF FUNDIDOS,Consumidor Livre,SUDESTE,28.8,7.807538999999999
,2024-02-06,51097.0,EBF FUNDIDOS,Consumidor Livre,SUDESTE,28.8,7.52645
,2024-02-07,51097.0,EBF FUNDIDOS,Consumidor Livre,SUDESTE,28.8,7.616881
,2024-02-08,51097.0,EBF FUNDIDOS,Consumidor Livre,SUDESTE,28.8,7.567632000000001
,2024-02-09,51097.0,EBF FUNDIDOS,Consumidor Livre,SUDESTE,28.8,7.669079
,2024-02-10,51097.0,EBF FUNDIDOS,Consumidor Livre,SUDESTE,28.8,0.0965179999999999
,2024-02-11,51097.0,EBF FUNDIDOS,Consumidor Livre,SUDESTE,28.8,0.075818
,2024-02-12,51097.0,EBF FUNDIDOS,Consumidor Livre,SUDESTE,28.8,0.0956
,2024-02-13,51097.0,EBF FUNDIDOS,Consumidor Livre,SUDESTE,28.8,0.085044
,2024-02-14,51097.0,EBF FUNDIDOS,Consumidor Livre,SUDESTE,28.8,0.20908
,2024-02-15,51097.0,EBF FUNDIDOS,Consumidor Livre,SUDESTE,28.8,7.701778999999999
,2024-02-16,51097.0,EBF FUNDIDOS,Consumidor Livre,SUDESTE,28.8,7.736676
,2024-02-17,51097.0,EBF FUNDIDOS,Consumidor Livre,SUDESTE,28.8,0.174174
,2024-02-18,51097.0,EBF FUNDIDOS,Consumidor Livre,SUDESTE,28.8,0.072337
,2024-02-19,51097.0,EBF FUNDIDOS,Consumidor Livre,SUDESTE,28.8,7.679414
,2024-02-20,51097.0,EBF FUNDIDOS,Consumidor Livre,SUDESTE,28.8,7.812901
,2024-02-21,51097.0,EBF FUNDIDOS,Consumidor Livre,SUDESTE,28.8,9.464658
,2024-02-22,51097.0,EBF FUNDIDOS,Consumidor Livre,SUDESTE,28.8,7.653792999999999
,2024-02-23,51097.0,EBF FUNDIDOS,Consumidor Livre,SUDESTE,28.8,9.14739
,2024-02-24,51097.0,EBF FUNDIDOS,Consumidor Livre,SUDESTE,28.8,0.166067
,2024-02-25,51097.0,EBF FUNDIDOS,Consumidor Livre,SUDESTE,28.8,0.07511
,2024-02-26,51097.0,EBF FUNDIDOS,Consumidor Livre,SUDESTE,28.8,7.824947
,2024-02-27,51097.0,EBF FUNDIDOS,Consumidor Livre,SUDESTE,28.8,7.598623
,2024-02-28,51097.0,EBF FUNDIDOS,Consumidor Livre,SUDESTE,28.8,7.724318
,2024-02-29,51097.0,EBF FUNDIDOS,Consumidor Livre,SUDESTE,28.8,7.458372
202403.0,2024-03-01,51097.0,EBF FUNDIDOS,Consumidor Livre,SUDESTE,28.8,7.469632
202403.0,2024-03-01,51097.0,EBF FUNDIDOS,Consumidor Livre,SUDESTE,28.8,7.469632
,2024-03-01,,EBF FUNDIDOS,,,28.8,7.469632
202403.0,2024-03-02,51097.0,EBF FUNDIDOS,Consumidor Livre,SUDESTE,28.8,0.228486
202403.0,2024-03-02,51097.0,EBF FUNDIDOS,Consumidor Livre,SUDESTE,28.8,0.228486
,2024-03-02,,EBF FUNDIDOS,,,28.8,0.228486
202403.0,2024-03-03,51097.0,EBF FUNDIDOS,Consumidor Livre,SUDESTE,28.8,0.07511
202403.0,2024-03-03,51097.0,EBF FUNDIDOS,Consumidor Livre,SUDESTE,28.8,0.07511
,2024-03-03,,EBF FUNDIDOS,,,28.8,0.07511
202403.0,2024-03-04,51097.0,EBF FUNDIDOS,Consumidor Livre,SUDESTE,28.8,7.684280999999999
202403.0,2024-03-04,51097.0,EBF FUNDIDOS,Consumidor Livre,SUDESTE,28.8,7.684280999999999
,2024-03-04,,EBF FUNDIDOS,,,28.8,7.684280999999999
202403.0,2024-03-05,51097.0,EBF FUNDIDOS,Consumidor Livre,SUDESTE,28.8,7.666398
202403.0,2024-03-05,51097.0,EBF FUNDIDOS,Consumidor Livre,SUDESTE,28.8,7.666398
,2024-03-05,,EBF FUNDIDOS,,,28.8,7.666398
202403.0,2024-03-06,51097.0,EBF FUNDIDOS,Consumidor Livre,SUDESTE,28.8,7.712797
202403.0,2024-03-06,51097.0,EBF FUNDIDOS,Consumidor Livre,SUDESTE,28.8,7.712797
,2024-03-06,,EBF FUNDIDOS,,,28.8,7.712797
202403.0,2024-03-07,51097.0,EBF FUNDIDOS,Consumidor Livre,SUDESTE,28.8,7.606293
202403.0,2024-03-07,51097.0,EBF FUNDIDOS,Consumidor Livre,SUDESTE,28.8,7.606293
,2024-03-07,,EBF FUNDIDOS,,,28.8,7.606293
202403.0,2024-03-08,51097.0,EBF FUNDIDOS,Consumidor Livre,SUDESTE,28.8,9.138035
202403.0,2024-03-08,51097.0,EBF FUNDIDOS,Consumidor Livre,SUDESTE,28.8,9.138035
,2024-03-08,,EBF FUNDIDOS,,,28.8,9.138035
202403.0,2024-03-09,51097.0,EBF FUNDIDOS,Consumidor Livre,SUDESTE,28.8,0.26074
202403.0,2024-03-09,51097.0,EBF FUNDIDOS,Consumidor Livre,SUDESTE,28.8,0.26074
,2024-03-09,,EBF FUNDIDOS,,,28.8,0.26074
202403.0,2024-03-10,51097.0,EBF FUNDIDOS,Consumidor Livre,SUDESTE,28.8,0.076195
202403.0,2024-03-10,51097.0,EBF FUNDIDOS,Consumidor Livre,SUDESTE,28.8,0.076195
,2024-03-10,,EBF FUNDIDOS,,,28.8,0.076195
202403.0,2024-03-11,51097.0,EBF FUNDIDOS,Consumidor Livre,SUDESTE,28.8,8.046581
202403.0,2024-03-11,51097.0,EBF FUNDIDOS,Consumidor Livre,SUDESTE,28.8,8.046581
,2024-03-11,,EBF FUNDIDOS,,,28.8,8.046581
202403.0,2024-03-12,51097.0,EBF FUNDIDOS,Consumidor Livre,SUDESTE,28.8,7.904963
202403.0,2024-03-12,51097.0,EBF FUNDIDOS,Consumidor Livre,SUDESTE,28.8,7.904963
,2024-03-12,,EBF FUNDIDOS,,,28.8,7.904963
202403.0,2024-03-13,51097.0,EBF FUNDIDOS,Consumidor Livre,SUDESTE,28.8,7.863172
202403.0,2024-03-13,51097.0,EBF FUNDIDOS,Consumidor Livre,SUDESTE,28.8,7.863172
,2024-03-13,,EBF FUNDIDOS,,,28.8,7.863172
202403.0,2024-03-14,51097.0,EBF FUNDIDOS,Consumidor Livre,SUDESTE,28.8,7.835999
202403.0,2024-03-14,51097.0,EBF FUNDIDOS,Consumidor Livre,SUDESTE,28.8,7.835999
,2024-03-14,,EBF FUNDIDOS,,,28.8,7.835999
202403.0,2024-03-15,51097.0,EBF FUNDIDOS,Consumidor Livre,SUDESTE,28.8,7.870706
202403.0,2024-03-15,51097.0,EBF FUNDIDOS,Consumidor Livre,SUDESTE,28.8,7.870706
,2024-03-15,,EBF FUNDIDOS,,,28.8,7.870706
202403.0,2024-03-16,51097.0,EBF FUNDIDOS,Consumidor Livre,SUDESTE,28.8,0.218795
202403.0,2024-03-16,51097.0,EBF FUNDIDOS,Consumidor Livre,SUDESTE,28.8,0.218795
,2024-03-16,,EBF FUNDIDOS,,,28.8,0.218795
202403.0,2024-03-17,51097.0,EBF FUNDIDOS,Consumidor Livre,SUDESTE,28.8,0.5008779999999999
202403.0,2024-03-17,51097.0,EBF FUNDIDOS,Consumidor Livre,SUDESTE,28.8,0.5008779999999999
,2024-03-17,,EBF FUNDIDOS,,,28.8,0.5008779999999999
202403.0,2024-03-18,51097.0,EBF FUNDIDOS,Consumidor Livre,SUDESTE,28.8,8.402671
202403.0,2024-03-18,51097.0,EBF FUNDIDOS,Consumidor Livre,SUDESTE,28.8,8.402671
,2024-03-18,,EBF FUNDIDOS,,,28.8,8.402671
202403.0,2024-03-19,51097.0,EBF FUNDIDOS,Consumidor Livre,SUDESTE,28.8,7.762269
202403.0,2024-03-19,51097.0,EBF FUNDIDOS,Consumidor Livre,SUDESTE,28.8,7.762269
,2024-03-19,,EBF FUNDIDOS,,,28.8,7.762269
202403.0,2024-03-20,51097.0,EBF FUNDIDOS,Consumidor Livre,SUDESTE,28.8,7.707443
202403.0,2024-03-20,51097.0,EBF FUNDIDOS,Consumidor Livre,SUDESTE,28.8,7.707443
,2024-03-20,,EBF FUNDIDOS,,,28.8,7.707443
202403.0,2024-03-21,51097.0,EBF FUNDIDOS,Consumidor Livre,SUDESTE,28.8,7.736752
202403.0,2024-03-21,51097.0,EBF FUNDIDOS,Consumidor Livre,SUDESTE,28.8,7.736752
,2024-03-21,,EBF FUNDIDOS,,,28.8,7.736752
202403.0,2024-03-22,51097.0,EBF FUNDIDOS,Consumidor Livre,SUDESTE,28.8,7.666763
202403.0,2024-03-22,51097.0,EBF FUNDIDOS,Consumidor Livre,SUDESTE,28.8,7.666763
,2024-03-22,,EBF FUNDIDOS,,,28.8,7.666763
202403.0,2024-03-23,51097.0,EBF FUNDIDOS,Consumidor Livre,SUDESTE,28.8,0.194885
202403.0,2024-03-23,51097.0,EBF FUNDIDOS,Consumidor Livre,SUDESTE,28.8,0.194885
,2024-03-23,,EBF FUNDIDOS,,,28.8,0.194885
202403.0,2024-03-24,51097.0,EBF FUNDIDOS,Consumidor Livre,SUDESTE,28.8,0.080898
202403.0,2024-03-24,51097.0,EBF FUNDIDOS,Consumidor Livre,SUDESTE,28.8,0.080898
,2024-03-24,,EBF FUNDIDOS,,,28.8,0.080898
202403.0,2024-03-25,51097.0,EBF FUNDIDOS,Consumidor Livre,SUDESTE,28.8,7.680133
202403.0,2024-03-25,51097.0,EBF FUNDIDOS,Consumidor Livre,SUDESTE,28.8,7.680133
,2024-03-25,,EBF FUNDIDOS,,,28.8,7.680133
202403.0,2024-03-26,51097.0,EBF FUNDIDOS,Consumidor Livre,SUDESTE,28.8,7.647007
202403.0,2024-03-26,51097.0,EBF FUNDIDOS,Consumidor Livre,SUDESTE,28.8,7.647007
,2024-03-26,,EBF FUNDIDOS,,,28.8,7.647007
202403.0,2024-03-27,51097.0,EBF FUNDIDOS,Consumidor Livre,SUDESTE,28.8,7.628026999999999
202403.0,2024-03-27,51097.0,EBF FUNDIDOS,Consumidor Livre,SUDESTE,28.8,7.628026999999999
,2024-03-27,,EBF FUNDIDOS,,,28.8,7.628026999999999
202403.0,2024-03-28,51097.0,EBF FUNDIDOS,Consumidor Livre,SUDESTE,28.8,7.549335
202403.0,2024-03-28,51097.0,EBF FUNDIDOS,Consumidor Livre,SUDESTE,28.8,7.549335
,2024-03-28,,EBF FUNDIDOS,,,28.8,7.549335
202403.0,2024-03-29,51097.0,EBF FUNDIDOS,Consumidor Livre,SUDESTE,28.8,0.061255
202403.0,2024-03-29,51097.0,EBF FUNDIDOS,Consumidor Livre,SUDESTE,28.8,0.061255
,2024-03-29,,EBF FUNDIDOS,,,28.8,0.061255
202403.0,2024-03-30,51097.0,EBF FUNDIDOS,Consumidor Livre,SUDESTE,28.8,0.155471
202403.0,2024-03-30,51097.0,EBF FUNDIDOS,Consumidor Livre,SUDESTE,28.8,0.155471
,2024-03-30,,EBF FUNDIDOS,,,28.8,0.155471
202403.0,2024-03-31,51097.0,EBF FUNDIDOS,Consumidor Livre,SUDESTE,28.8,0.062492
202403.0,2024-03-31,51097.0,EBF FUNDIDOS,Consumidor Livre,SUDESTE,28.8,0.062492
,2024-03-31,,EBF FUNDIDOS,,,28.8,0.062492
202404.0,2024-04-01,51097.0,EBF FUNDIDOS,Consumidor Livre,SUDESTE,28.8,7.640998
202404.0,2024-04-01,51097.0,EBF FUNDIDOS,Consumidor Livre,SUDESTE,28.8,7.640998
,2024-04-01,,EBF FUNDIDOS,,,28.8,7.640998
202404.0,2024-04-02,51097.0,EBF FUNDIDOS,Consumidor Livre,SUDESTE,28.8,7.443029
202404.0,2024-04-02,51097.0,EBF FUNDIDOS,Consumidor Livre,SUDESTE,28.8,7.443029
,2024-04-02,,EBF FUNDIDOS,,,28.8,7.443029
202404.0,2024-04-03,51097.0,EBF FUNDIDOS,Consumidor Livre,SUDESTE,28.8,7.593834
202404.0,2024-04-03,51097.0,EBF FUNDIDOS,Consumidor Livre,SUDESTE,28.8,7.593834
,2024-04-03,,EBF FUNDIDOS,,,28.8,7.593834
202404.0,2024-04-04,51097.0,EBF FUNDIDOS,Consumidor Livre,SUDESTE,28.8,7.342525
202404.0,2024-04-04,51097.0,EBF FUNDIDOS,Consumidor Livre,SUDESTE,28.8,7.342525
,2024-04-04,,EBF FUNDIDOS,,,28.8,7.342525
202404.0,2024-04-05,51097.0,EBF FUNDIDOS,Consumidor Livre,SUDESTE,28.8,7.442971
202404.0,2024-04-05,51097.0,EBF FUNDIDOS,Consumidor Livre,SUDESTE,28.8,7.442971
,2024-04-05,,EBF FUNDIDOS,,,28.8,7.442971
202404.0,2024-04-06,51097.0,EBF FUNDIDOS,Consumidor Livre,SUDESTE,28.8,0.300263
202404.0,2024-04-06,51097.0,EBF FUNDIDOS,Consumidor Livre,SUDESTE,28.8,0.300263
,2024-04-06,,EBF FUNDIDOS,,,28.8,0.300263
202404.0,2024-04-07,51097.0,EBF FUNDIDOS,Consumidor Livre,SUDESTE,28.8,0.073467
202404.0,2024-04-07,51097.0,EBF FUNDIDOS,Consumidor Livre,SUDESTE,28.8,0.073467
,2024-04-07,,EBF FUNDIDOS,,,28.8,0.073467
202404.0,2024-04-08,51097.0,EBF FUNDIDOS,Consumidor Livre,SUDESTE,28.8,7.982528
202404.0,2024-04-08,51097.0,EBF FUNDIDOS,Consumidor Livre,SUDESTE,28.8,7.982528
,2024-04-08,,EBF FUNDIDOS,,,28.8,7.982528
202404.0,2024-04-09,51097.0,EBF FUNDIDOS,Consumidor Livre,SUDESTE,28.8,8.671167
202404.0,2024-04-09,51097.0,EBF FUNDIDOS,Consumidor Livre,SUDESTE,28.8,8.671167
,2024-04-09,,EBF FUNDIDOS,,,28.8,8.671167
202404.0,2024-04-10,51097.0,EBF FUNDIDOS,Consumidor Livre,SUDESTE,28.8,7.776411
202404.0,2024-04-10,51097.0,EBF FUNDIDOS,Consumidor Livre,SUDESTE,28.8,7.776411
,2024-04-10,,EBF FUNDIDOS,,,28.8,7.776411
202404.0,2024-04-11,51097.0,EBF FUNDIDOS,Consumidor Livre,SUDESTE,28.8,7.795085
202404.0,2024-04-11,51097.0,EBF FUNDIDOS,Consumidor Livre,SUDESTE,28.8,7.795085
,2024-04-11,,EBF FUNDIDOS,,,28.8,7.795085
202404.0,2024-04-12,51097.0,EBF FUNDIDOS,Consumidor Livre,SUDESTE,28.8,7.818868
202404.0,2024-04-12,51097.0,EBF FUNDIDOS,Consumidor Livre,SUDESTE,28.8,7.818868
,2024-04-12,,EBF FUNDIDOS,,,28.8,7.818868
202404.0,2024-04-13,51097.0,EBF FUNDIDOS,Consumidor Livre,SUDESTE,28.8,0.257023
202404.0,2024-04-13,51097.0,EBF FUNDIDOS,Consumidor Livre,SUDESTE,28.8,0.257023
,2024-04-13,,EBF FUNDIDOS,,,28.8,0.257023
202404.0,2024-04-14,51097.0,EBF FUNDIDOS,Consumidor Livre,SUDESTE,28.8,0.078534
202404.0,2024-04-14,51097.0,EBF FUNDIDOS,Consumidor Livre,SUDESTE,28.8,0.078534
,2024-04-14,,EBF FUNDIDOS,,,28.8,0.078534
202404.0,2024-04-15,51097.0,EBF FUNDIDOS,Consumidor Livre,SUDESTE,28.8,7.834225
202404.0,2024-04-15,51097.0,EBF FUNDIDOS,Consumidor Livre,SUDESTE,28.8,7.834225
,2024-04-15,,EBF FUNDIDOS,,,28.8,7.834225
202404.0,2024-04-16,51097.0,EBF FUNDIDOS,Consumidor Livre,SUDESTE,28.8,2.641669
202404.0,2024-04-16,51097.0,EBF FUNDIDOS,Consumidor Livre,SUDESTE,28.8,2.641669
,2024-04-16,,EBF FUNDIDOS,,,28.8,2.641669
202404.0,2024-04-17,51097.0,EBF FUNDIDOS,Consumidor Livre,SUDESTE,28.8,7.956511
202404.0,2024-04-17,51097.0,EBF FUNDIDOS,Consumidor Livre,SUDESTE,28.8,7.956511
,2024-04-17,,EBF FUNDIDOS,,,28.8,7.956511
202404.0,2024-04-18,51097.0,EBF FUNDIDOS,Consumidor Livre,SUDESTE,28.8,7.851922
202404.0,2024-04-18,51097.0,EBF FUNDIDOS,Consumidor Livre,SUDESTE,28.8,7.851922
,2024-04-18,,EBF FUNDIDOS,,,28.8,7.851922
202404.0,2024-04-19,51097.0,EBF FUNDIDOS,Consumidor Livre,SUDESTE,28.8,7.747198
202404.0,2024-04-19,51097.0,EBF FUNDIDOS,Consumidor Livre,SUDESTE,28.8,7.747198
,2024-04-19,,EBF FUNDIDOS,,,28.8,7.747198
202404.0,2024-04-20,51097.0,EBF FUNDIDOS,Consumidor Livre,SUDESTE,28.8,0.206456
202404.0,2024-04-20,51097.0,EBF FUNDIDOS,Consumidor Livre,SUDESTE,28.8,0.206456
,2024-04-20,,EBF FUNDIDOS,,,28.8,0.206456
202404.0,2024-04-21,51097.0,EBF FUNDIDOS,Consumidor Livre,SUDESTE,28.8,0.074065
202404.0,2024-04-21,51097.0,EBF FUNDIDOS,Consumidor Livre,SUDESTE,28.8,0.074065
,2024-04-21,,EBF FUNDIDOS,,,28.8,0.074065
202404.0,2024-04-22,51097.0,EBF FUNDIDOS,Consumidor Livre,SUDESTE,28.8,7.896695
202404.0,2024-04-22,51097.0,EBF FUNDIDOS,Consumidor Livre,SUDESTE,28.8,7.896695
,2024-04-22,,EBF FUNDIDOS,,,28.8,7.896695
202404.0,2024-04-23,51097.0,EBF FUNDIDOS,Consumidor Livre,SUDESTE,28.8,7.671345
202404.0,2024-04-23,51097.0,EBF FUNDIDOS,Consumidor Livre,SUDESTE,28.8,7.671345
,2024-04-23,,EBF FUNDIDOS,,,28.8,7.671345
202404.0,2024-04-24,51097.0,EBF FUNDIDOS,Consumidor Livre,SUDESTE,28.8,7.912536999999999
202404.0,2024-04-24,51097.0,EBF FUNDIDOS,Consumidor Livre,SUDESTE,28.8,7.912536999999999
,2024-04-24,,EBF FUNDIDOS,,,28.8,7.912536999999999
202404.0,2024-04-25,51097.0,EBF FUNDIDOS,Consumidor Livre,SUDESTE,28.8,7.563316
202404.0,2024-04-25,51097.0,EBF FUNDIDOS,Consumidor Livre,SUDESTE,28.8,7.563316
,2024-04-25,,EBF FUNDIDOS,,,28.8,7.563316
202404.0,2024-04-26,51097.0,EBF FUNDIDOS,Consumidor Livre,SUDESTE,28.8,7.370134
202404.0,2024-04-26,51097.0,EBF FUNDIDOS,Consumidor Livre,SUDESTE,28.8,7.370134
,2024-04-26,,EBF FUNDIDOS,,,28.8,7.370134
202404.0,2024-04-27,51097.0,EBF FUNDIDOS,Consumidor Livre,SUDESTE,28.8,0.188975
202404.0,2024-04-27,51097.0,EBF FUNDIDOS,Consumidor Livre,SUDESTE,28.8,0.188975
,2024-04-27,,EBF FUNDIDOS,,,28.8,0.188975
202404.0,2024-04-28,51097.0,EBF FUNDIDOS,Consumidor Livre,SUDESTE,28.8,0.059072
202404.0,2024-04-28,51097.0,EBF FUNDIDOS,Consumidor Livre,SUDESTE,28.8,0.059072
,2024-04-28,,EBF FUNDIDOS,,,28.8,0.059072
202404.0,2024-04-29,51097.0,EBF FUNDIDOS,Consumidor Livre,SUDESTE,28.8,7.560748
202404.0,2024-04-29,51097.0,EBF FUNDIDOS,Consumidor Livre,SUDESTE,28.8,7.560748
,2024-04-29,,EBF FUNDIDOS,,,28.8,7.560748
202404.0,2024-04-30,51097.0,EBF FUNDIDOS,Consumidor Livre,SUDESTE,28.8,7.536334999999999
202404.0,2024-04-30,51097.0,EBF FUNDIDOS,Consumidor Livre,SUDESTE,28.8,7.536334999999999
,2024-04-30,,EBF FUNDIDOS,,,28.8,7.536334999999999
202405.0,2024-05-01,51097.0,EBF FUNDIDOS,Consumidor Livre,SUDESTE,28.8,7.631547999999999
202405.0,2024-05-01,51097.0,EBF FUNDIDOS,Consumidor Livre,SUDESTE,28.8,7.631547999999999
,2024-05-01,,EBF FUNDIDOS,,,28.8,7.631547999999999
202405.0,2024-05-02,51097.0,EBF FUNDIDOS,Consumidor Livre,SUDESTE,28.8,7.733125999999999
202405.0,2024-05-02,51097.0,EBF FUNDIDOS,Consumidor Livre,SUDESTE,28.8,7.733125999999999
,2024-05-02,,EBF FUNDIDOS,,,28.8,7.733125999999999
202405.0,2024-05-03,51097.0,EBF FUNDIDOS,Consumidor Livre,SUDESTE,28.8,7.473226
202405.0,2024-05-03,51097.0,EBF FUNDIDOS,Consumidor Livre,SUDESTE,28.8,7.473226
,2024-05-03,,EBF FUNDIDOS,,,28.8,7.473226
202405.0,2024-05-04,51097.0,EBF FUNDIDOS,Consumidor Livre,SUDESTE,28.8,0.23179
202405.0,2024-05-04,51097.0,EBF FUNDIDOS,Consumidor Livre,SUDESTE,28.8,0.23179
,2024-05-04,,EBF FUNDIDOS,,,28.8,0.23179
202405.0,2024-05-05,51097.0,EBF FUNDIDOS,Consumidor Livre,SUDESTE,28.8,0.074847
202405.0,2024-05-05,51097.0,EBF FUNDIDOS,Consumidor Livre,SUDESTE,28.8,0.074847
,2024-05-05,,EBF FUNDIDOS,,,28.8,0.074847
202405.0,2024-05-06,51097.0,EBF FUNDIDOS,Consumidor Livre,SUDESTE,28.8,8.032686
202405.0,2024-05-06,51097.0,EBF FUNDIDOS,Consumidor Livre,SUDESTE,28.8,8.032686
,2024-05-06,,EBF FUNDIDOS,,,28.8,8.032686
202405.0,2024-05-07,51097.0,EBF FUNDIDOS,Consumidor Livre,SUDESTE,28.8,7.733905
202405.0,2024-05-07,51097.0,EBF FUNDIDOS,Consumidor Livre,SUDESTE,28.8,7.733905
,2024-05-07,,EBF FUNDIDOS,,,28.8,7.733905
202405.0,2024-05-08,51097.0,EBF FUNDIDOS,Consumidor Livre,SUDESTE,28.8,9.626108
202405.0,2024-05-08,51097.0,EBF FUNDIDOS,Consumidor Livre,SUDESTE,28.8,9.626108
,2024-05-08,,EBF FUNDIDOS,,,28.8,9.626108
202405.0,2024-05-09,51097.0,EBF FUNDIDOS,Consumidor Livre,SUDESTE,28.8,7.75476
202405.0,2024-05-09,51097.0,EBF FUNDIDOS,Consumidor Livre,SUDESTE,28.8,7.75476
,2024-05-09,,EBF FUNDIDOS,,,28.8,7.75476
202405.0,2024-05-10,51097.0,EBF FUNDIDOS,Consumidor Livre,SUDESTE,28.8,7.844614
202405.0,2024-05-10,51097.0,EBF FUNDIDOS,Consumidor Livre,SUDESTE,28.8,7.844614
,2024-05-10,,EBF FUNDIDOS,,,28.8,7.844614
202405.0,2024-05-11,51097.0,EBF FUNDIDOS,Consumidor Livre,SUDESTE,28.8,0.17613
202405.0,2024-05-11,51097.0,EBF FUNDIDOS,Consumidor Livre,SUDESTE,28.8,0.17613
,2024-05-11,,EBF FUNDIDOS,,,28.8,0.17613
202405.0,2024-05-12,51097.0,EBF FUNDIDOS,Consumidor Livre,SUDESTE,28.8,0.071914
202405.0,2024-05-12,51097.0,EBF FUNDIDOS,Consumidor Livre,SUDESTE,28.8,0.071914
,2024-05-12,,EBF FUNDIDOS,,,28.8,0.071914
202405.0,2024-05-13,51097.0,EBF FUNDIDOS,Consumidor Livre,SUDESTE,28.8,7.681223
202405.0,2024-05-13,51097.0,EBF FUNDIDOS,Consumidor Livre,SUDESTE,28.8,7.681223
,2024-05-13,,EBF FUNDIDOS,,,28.8,7.681223
202405.0,2024-05-14,51097.0,EBF FUNDIDOS,Consumidor Livre,SUDESTE,28.8,7.610624
202405.0,2024-05-14,51097.0,EBF FUNDIDOS,Consumidor Livre,SUDESTE,28.8,7.610624
,2024-05-14,,EBF FUNDIDOS,,,28.8,7.610624
202405.0,2024-05-15,51097.0,EBF FUNDIDOS,Consumidor Livre,SUDESTE,28.8,9.262428
202405.0,2024-05-15,51097.0,EBF FUNDIDOS,Consumidor Livre,SUDESTE,28.8,9.262428
,2024-05-15,,EBF FUNDIDOS,,,28.8,9.262428
202405.0,2024-05-16,51097.0,EBF FUNDIDOS,Consumidor Livre,SUDESTE,28.8,7.631037
202405.0,2024-05-16,51097.0,EBF FUNDIDOS,Consumidor Livre,SUDESTE,28.8,7.631037
,2024-05-16,,EBF FUNDIDOS,,,28.8,7.631037
202405.0,2024-05-17,51097.0,EBF FUNDIDOS,Consumidor Livre,SUDESTE,28.8,7.594818
202405.0,2024-05-17,51097.0,EBF FUNDIDOS,Consumidor Livre,SUDESTE,28.8,7.594818
,2024-05-17,,EBF FUNDIDOS,,,28.8,7.594818
202405.0,2024-05-18,51097.0,EBF FUNDIDOS,Consumidor Livre,SUDESTE,28.8,0.192711
202405.0,2024-05-18,51097.0,EBF FUNDIDOS,Consumidor Livre,SUDESTE,28.8,0.192711
,2024-05-18,,EBF FUNDIDOS,,,28.8,0.192711
202405.0,2024-05-19,51097.0,EBF FUNDIDOS,Consumidor Livre,SUDESTE,28.8,0.070633
202405.0,2024-05-19,51097.0,EBF FUNDIDOS,Consumidor Livre,SUDESTE,28.8,0.070633
,2024-05-19,,EBF FUNDIDOS,,,28.8,0.070633
202405.0,2024-05-20,51097.0,EBF FUNDIDOS,Consumidor Livre,SUDESTE,28.8,8.1022
202405.0,2024-05-20,51097.0,EBF FUNDIDOS,Consumidor Livre,SUDESTE,28.8,8.1022
,2024-05-20,,EBF FUNDIDOS,,,28.8,8.1022
202405.0,2024-05-21,51097.0,EBF FUNDIDOS,Consumidor Livre,SUDESTE,28.8,7.990758
202405.0,2024-05-21,51097.0,EBF FUNDIDOS,Consumidor Livre,SUDESTE,28.8,7.990758
,2024-05-21,,EBF FUNDIDOS,,,28.8,7.990758
202405.0,2024-05-22,51097.0,EBF FUNDIDOS,Consumidor Livre,SUDESTE,28.8,8.037581
202405.0,2024-05-22,51097.0,EBF FUNDIDOS,Consumidor Livre,SUDESTE,28.8,8.037581
,2024-05-22,,EBF FUNDIDOS,,,28.8,8.037581
202405.0,2024-05-23,51097.0,EBF FUNDIDOS,Consumidor Livre,SUDESTE,28.8,7.84578
202405.0,2024-05-23,51097.0,EBF FUNDIDOS,Consumidor Livre,SUDESTE,28.8,7.84578
,2024-05-23,,EBF FUNDIDOS,,,28.8,7.84578
202405.0,2024-05-24,51097.0,EBF FUNDIDOS,Consumidor Livre,SUDESTE,28.8,8.075719
202405.0,2024-05-24,51097.0,EBF FUNDIDOS,Consumidor Livre,SUDESTE,28.8,8.075719
,2024-05-24,,EBF FUNDIDOS,,,28.8,8.075719
202405.0,2024-05-25,51097.0,EBF FUNDIDOS,Consumidor Livre,SUDESTE,28.8,0.252386
202405.0,2024-05-25,51097.0,EBF FUNDIDOS,Consumidor Livre,SUDESTE,28.8,0.252386
,2024-05-25,,EBF FUNDIDOS,,,28.8,0.252386
202405.0,2024-05-26,51097.0,EBF FUNDIDOS,Consumidor Livre,SUDESTE,28.8,0.478069
202405.0,2024-05-26,51097.0,EBF FUNDIDOS,Consumidor Livre,SUDESTE,28.8,0.478069
,2024-05-26,,EBF FUNDIDOS,,,28.8,0.478069
202405.0,2024-05-27,51097.0,EBF FUNDIDOS,Consumidor Livre,SUDESTE,28.8,8.458991000000001
202405.0,2024-05-27,51097.0,EBF FUNDIDOS,Consumidor Livre,SUDESTE,28.8,8.458991000000001
,2024-05-27,,EBF FUNDIDOS,,,28.8,8.458991000000001
202405.0,2024-05-28,51097.0,EBF FUNDIDOS,Consumidor Livre,SUDESTE,28.8,7.746463
202405.0,2024-05-28,51097.0,EBF FUNDIDOS,Consumidor Livre,SUDESTE,28.8,7.746463
,2024-05-28,,EBF FUNDIDOS,,,28.8,7.746463
202405.0,2024-05-29,51097.0,EBF FUNDIDOS,Consumidor Livre,SUDESTE,28.8,9.173028
202405.0,2024-05-29,51097.0,EBF FUNDIDOS,Consumidor Livre,SUDESTE,28.8,9.173028
,2024-05-29,,EBF FUNDIDOS,,,28.8,9.173028
202405.0,2024-05-30,51097.0,EBF FUNDIDOS,Consumidor Livre,SUDESTE,28.8,0.192353
202405.0,2024-05-30,51097.0,EBF FUNDIDOS,Consumidor Livre,SUDESTE,28.8,0.192353
,2024-05-30,,EBF FUNDIDOS,,,28.8,0.192353
202405.0,2024-05-31,51097.0,EBF FUNDIDOS,Consumidor Livre,SUDESTE,28.8,0.304622
202405.0,2024-05-31,51097.0,EBF FUNDIDOS,Consumidor Livre,SUDESTE,28.8,0.304622
,2024-05-31,,EBF FUNDIDOS,,,28.8,0.304622
202406.0,2024-06-01,51097.0,EBF FUNDIDOS,Consumidor Livre,SUDESTE,28.8,0.21935
202406.0,2024-06-01,51097.0,EBF FUNDIDOS,Consumidor Livre,SUDESTE,28.8,0.21935
,2024-06-01,,EBF FUNDIDOS,,,28.8,0.21935
202406.0,2024-06-02,51097.0,EBF FUNDIDOS,Consumidor Livre,SUDESTE,28.8,0.198476
202406.0,2024-06-02,51097.0,EBF FUNDIDOS,Consumidor Livre,SUDESTE,28.8,0.198476
,2024-06-02,,EBF FUNDIDOS,,,28.8,0.198476
202406.0,2024-06-03,51097.0,EBF FUNDIDOS,Consumidor Livre,SUDESTE,28.8,8.056969
202406.0,2024-06-03,51097.0,EBF FUNDIDOS,Consumidor Livre,SUDESTE,28.8,8.056969
,2024-06-03,,EBF FUNDIDOS,,,28.8,8.056969
202406.0,2024-06-04,51097.0,EBF FUNDIDOS,Consumidor Livre,SUDESTE,28.8,7.976373
202406.0,2024-06-04,51097.0,EBF FUNDIDOS,Consumidor Livre,SUDESTE,28.8,7.976373
,2024-06-04,,EBF FUNDIDOS,,,28.8,7.976373
202406.0,2024-06-05,51097.0,EBF FUNDIDOS,Consumidor Livre,SUDESTE,28.8,7.987370999999999
202406.0,2024-06-05,51097.0,EBF FUNDIDOS,Consumidor Livre,SUDESTE,28.8,7.987370999999999
,2024-06-05,,EBF FUNDIDOS,,,28.8,7.987370999999999
202406.0,2024-06-06,51097.0,EBF FUNDIDOS,Consumidor Livre,SUDESTE,28.8,9.620091
202406.0,2024-06-06,51097.0,EBF FUNDIDOS,Consumidor Livre,SUDESTE,28.8,9.620091
,2024-06-06,,EBF FUNDIDOS,,,28.8,9.620091
202406.0,2024-06-07,51097.0,EBF FUNDIDOS,Consumidor Livre,SUDESTE,28.8,7.983695
202406.0,2024-06-07,51097.0,EBF FUNDIDOS,Consumidor Livre,SUDESTE,28.8,7.983695
,2024-06-07,,EBF FUNDIDOS,,,28.8,7.983695
202406.0,2024-06-08,51097.0,EBF FUNDIDOS,Consumidor Livre,SUDESTE,28.8,0.3351179999999999
202406.0,2024-06-08,51097.0,EBF FUNDIDOS,Consumidor Livre,SUDESTE,28.8,0.3351179999999999
,2024-06-08,,EBF FUNDIDOS,,,28.8,0.3351179999999999
202406.0,2024-06-09,51097.0,EBF FUNDIDOS,Consumidor Livre,SUDESTE,28.8,0.19055
202406.0,2024-06-09,51097.0,EBF FUNDIDOS,Consumidor Livre,SUDESTE,28.8,0.19055
,2024-06-09,,EBF FUNDIDOS,,,28.8,0.19055
202406.0,2024-06-10,51097.0,EBF FUNDIDOS,Consumidor Livre,SUDESTE,28.8,7.804002
202406.0,2024-06-10,51097.0,EBF FUNDIDOS,Consumidor Livre,SUDESTE,28.8,7.804002
,2024-06-10,,EBF FUNDIDOS,,,28.8,7.804002
202406.0,2024-06-11,51097.0,EBF FUNDIDOS,Consumidor Livre,SUDESTE,28.8,7.636116
202406.0,2024-06-11,51097.0,EBF FUNDIDOS,Consumidor Livre,SUDESTE,28.8,7.636116
,2024-06-11,,EBF FUNDIDOS,,,28.8,7.636116
202406.0,2024-06-12,51097.0,EBF FUNDIDOS,Consumidor Livre,SUDESTE,28.8,9.289298
202406.0,2024-06-12,51097.0,EBF FUNDIDOS,Consumidor Livre,SUDESTE,28.8,9.289298
,2024-06-12,,EBF FUNDIDOS,,,28.8,9.289298
202406.0,2024-06-13,51097.0,EBF FUNDIDOS,Consumidor Livre,SUDESTE,28.8,9.257029
202406.0,2024-06-13,51097.0,EBF FUNDIDOS,Consumidor Livre,SUDESTE,28.8,9.257029
,2024-06-13,,EBF FUNDIDOS,,,28.8,9.257029
202406.0,2024-06-14,51097.0,EBF FUNDIDOS,Consumidor Livre,SUDESTE,28.8,9.16824
202406.0,2024-06-14,51097.0,EBF FUNDIDOS,Consumidor Livre,SUDESTE,28.8,9.16824
,2024-06-14,,EBF FUNDIDOS,,,28.8,9.16824
202406.0,2024-06-15,51097.0,EBF FUNDIDOS,Consumidor Livre,SUDESTE,28.8,0.300336
202406.0,2024-06-15,51097.0,EBF FUNDIDOS,Consumidor Livre,SUDESTE,28.8,0.300336
,2024-06-15,,EBF FUNDIDOS,,,28.8,0.300336
202406.0,2024-06-16,51097.0,EBF FUNDIDOS,Consumidor Livre,SUDESTE,28.8,0.19217
202406.0,2024-06-16,51097.0,EBF FUNDIDOS,Consumidor Livre,SUDESTE,28.8,0.19217
,2024-06-16,,EBF FUNDIDOS,,,28.8,0.19217
202406.0,2024-06-17,51097.0,EBF FUNDIDOS,Consumidor Livre,SUDESTE,28.8,9.749921
202406.0,2024-06-17,51097.0,EBF FUNDIDOS,Consumidor Livre,SUDESTE,28.8,9.749921
,2024-06-17,,EBF FUNDIDOS,,,28.8,9.749921
202406.0,2024-06-18,51097.0,EBF FUNDIDOS,Consumidor Livre,SUDESTE,28.8,6.429048
202406.0,2024-06-18,51097.0,EBF FUNDIDOS,Consumidor Livre,SUDESTE,28.8,6.429048
,2024-06-18,,EBF FUNDIDOS,,,28.8,6.429048
202406.0,2024-06-19,51097.0,EBF FUNDIDOS,Consumidor Livre,SUDESTE,28.8,8.018922
202406.0,2024-06-19,51097.0,EBF FUNDIDOS,Consumidor Livre,SUDESTE,28.8,8.018922
,2024-06-19,,EBF FUNDIDOS,,,28.8,8.018922
202406.0,2024-06-20,51097.0,EBF FUNDIDOS,Consumidor Livre,SUDESTE,28.8,8.138520999999999
202406.0,2024-06-20,51097.0,EBF FUNDIDOS,Consumidor Livre,SUDESTE,28.8,8.138520999999999
,2024-06-20,,EBF FUNDIDOS,,,28.8,8.138520999999999
202406.0,2024-06-21,51097.0,EBF FUNDIDOS,Consumidor Livre,SUDESTE,28.8,7.897457
202406.0,2024-06-21,51097.0,EBF FUNDIDOS,Consumidor Livre,SUDESTE,28.8,7.897457
,2024-06-21,,EBF FUNDIDOS,,,28.8,7.897457
202406.0,2024-06-22,51097.0,EBF FUNDIDOS,Consumidor Livre,SUDESTE,28.8,0.387944
202406.0,2024-06-22,51097.0,EBF FUNDIDOS,Consumidor Livre,SUDESTE,28.8,0.387944
,2024-06-22,,EBF FUNDIDOS,,,28.8,0.387944
202406.0,2024-06-23,51097.0,EBF FUNDIDOS,Consumidor Livre,SUDESTE,28.8,0.180054
202406.0,2024-06-23,51097.0,EBF FUNDIDOS,Consumidor Livre,SUDESTE,28.8,0.180054
,2024-06-23,,EBF FUNDIDOS,,,28.8,0.180054
202406.0,2024-06-24,51097.0,EBF FUNDIDOS,Consumidor Livre,SUDESTE,28.8,7.749413
202406.0,2024-06-24,51097.0,EBF FUNDIDOS,Consumidor Livre,SUDESTE,28.8,7.749413
,2024-06-24,,EBF FUNDIDOS,,,28.8,7.749413
202406.0,2024-06-25,51097.0,EBF FUNDIDOS,Consumidor Livre,SUDESTE,28.8,7.652867
202406.0,2024-06-25,51097.0,EBF FUNDIDOS,Consumidor Livre,SUDESTE,28.8,7.652867
,2024-06-25,,EBF FUNDIDOS,,,28.8,7.652867
202406.0,2024-06-26,51097.0,EBF FUNDIDOS,Consumidor Livre,SUDESTE,28.8,7.748008
202406.0,2024-06-26,51097.0,EBF FUNDIDOS,Consumidor Livre,SUDESTE,28.8,7.748008
,2024-06-26,,EBF FUNDIDOS,,,28.8,7.748008
202406.0,2024-06-27,51097.0,EBF FUNDIDOS,Consumidor Livre,SUDESTE,28.8,9.388776
202406.0,2024-06-27,51097.0,EBF FUNDIDOS,Consumidor Livre,SUDESTE,28.8,9.388776
,2024-06-27,,EBF FUNDIDOS,,,28.8,9.388776
202406.0,2024-06-28,51097.0,EBF FUNDIDOS,Consumidor Livre,SUDESTE,28.8,9.150952
202406.0,2024-06-28,51097.0,EBF FUNDIDOS,Consumidor Livre,SUDESTE,28.8,9.150952
,2024-06-28,,EBF FUNDIDOS,,,28.8,9.150952
202406.0,2024-06-29,51097.0,EBF FUNDIDOS,Consumidor Livre,SUDESTE,28.8,0.254113
202406.0,2024-06-29,51097.0,EBF FUNDIDOS,Consumidor Livre,SUDESTE,28.8,0.254113
,2024-06-29,,EBF FUNDIDOS,,,28.8,0.254113
202406.0,2024-06-30,51097.0,EBF FUNDIDOS,Consumidor Livre,SUDESTE,28.8,0.634323
202406.0,2024-06-30,51097.0,EBF FUNDIDOS,Consumidor Livre,SUDESTE,28.8,0.634323
,2024-06-30,,EBF FUNDIDOS,,,28.8,0.634323
202407.0,2024-07-01,51097.0,EBF FUNDIDOS,Consumidor Livre,SUDESTE,28.8,10.30265
202407.0,2024-07-01,51097.0,EBF FUNDIDOS,Consumidor Livre,SUDESTE,28.8,10.30265
,2024-07-01,,EBF FUNDIDOS,,,28.8,10.30265
202407.0,2024-07-02,51097.0,EBF FUNDIDOS,Consumidor Livre,SUDESTE,28.8,7.883498
202407.0,2024-07-02,51097.0,EBF FUNDIDOS,Consumidor Livre,SUDESTE,28.8,7.883498
,2024-07-02,,EBF FUNDIDOS,,,28.8,7.883498
202407.0,2024-07-03,51097.0,EBF FUNDIDOS,Consumidor Livre,SUDESTE,28.8,7.92703
202407.0,2024-07-03,51097.0,EBF FUNDIDOS,Consumidor Livre,SUDESTE,28.8,7.92703
,2024-07-03,,EBF FUNDIDOS,,,28.8,7.92703
202407.0,2024-07-04,51097.0,EBF FUNDIDOS,Consumidor Livre,SUDESTE,28.8,7.95899
202407.0,2024-07-04,51097.0,EBF FUNDIDOS,Consumidor Livre,SUDESTE,28.8,7.95899
,2024-07-04,,EBF FUNDIDOS,,,28.8,7.95899
202407.0,2024-07-05,51097.0,EBF FUNDIDOS,Consumidor Livre,SUDESTE,28.8,9.598916
202407.0,2024-07-05,51097.0,EBF FUNDIDOS,Consumidor Livre,SUDESTE,28.8,9.598916
,2024-07-05,,EBF FUNDIDOS,,,28.8,9.598916
202407.0,2024-07-06,51097.0,EBF FUNDIDOS,Consumidor Livre,SUDESTE,28.8,0.283612
202407.0,2024-07-06,51097.0,EBF FUNDIDOS,Consumidor Livre,SUDESTE,28.8,0.283612
,2024-07-06,,EBF FUNDIDOS,,,28.8,0.283612
202407.0,2024-07-07,51097.0,EBF FUNDIDOS,Consumidor Livre,SUDESTE,28.8,0.042032
202407.0,2024-07-07,51097.0,EBF FUNDIDOS,Consumidor Livre,SUDESTE,28.8,0.042032
,2024-07-07,,EBF FUNDIDOS,,,28.8,0.042032
202407.0,2024-07-08,51097.0,EBF FUNDIDOS,Consumidor Livre,SUDESTE,28.8,7.69865
202407.0,2024-07-08,51097.0,EBF FUNDIDOS,Consumidor Livre,SUDESTE,28.8,7.69865
,2024-07-08,,EBF FUNDIDOS,,,28.8,7.69865
202407.0,2024-07-09,51097.0,EBF FUNDIDOS,Consumidor Livre,SUDESTE,28.8,7.667278
202407.0,2024-07-09,51097.0,EBF FUNDIDOS,Consumidor Livre,SUDESTE,28.8,7.667278
,2024-07-09,,EBF FUNDIDOS,,,28.8,7.667278
202407.0,2024-07-10,51097.0,EBF FUNDIDOS,Consumidor Livre,SUDESTE,28.8,9.249261
202407.0,2024-07-10,51097.0,EBF FUNDIDOS,Consumidor Livre,SUDESTE,28.8,9.249261
,2024-07-10,,EBF FUNDIDOS,,,28.8,9.249261
202407.0,2024-07-11,51097.0,EBF FUNDIDOS,Consumidor Livre,SUDESTE,28.8,7.661959
202407.0,2024-07-11,51097.0,EBF FUNDIDOS,Consumidor Livre,SUDESTE,28.8,7.661959
,2024-07-11,,EBF FUNDIDOS,,,28.8,7.661959
202407.0,2024-07-12,51097.0,EBF FUNDIDOS,Consumidor Livre,SUDESTE,28.8,9.339242
202407.0,2024-07-12,51097.0,EBF FUNDIDOS,Consumidor Livre,SUDESTE,28.8,9.339242
,2024-07-12,,EBF FUNDIDOS,,,28.8,9.339242
202407.0,2024-07-13,51097.0,EBF FUNDIDOS,Consumidor Livre,SUDESTE,28.8,0.261956
202407.0,2024-07-13,51097.0,EBF FUNDIDOS,Consumidor Livre,SUDESTE,28.8,0.261956
,2024-07-13,,EBF FUNDIDOS,,,28.8,0.261956
202407.0,2024-07-14,51097.0,EBF FUNDIDOS,Consumidor Livre,SUDESTE,28.8,0.060229
202407.0,2024-07-14,51097.0,EBF FUNDIDOS,Consumidor Livre,SUDESTE,28.8,0.060229
,2024-07-14,,EBF FUNDIDOS,,,28.8,0.060229
202407.0,2024-07-15,51097.0,EBF FUNDIDOS,Consumidor Livre,SUDESTE,28.8,8.033574999999999
202407.0,2024-07-15,51097.0,EBF FUNDIDOS,Consumidor Livre,SUDESTE,28.8,8.033574999999999
,2024-07-15,,EBF FUNDIDOS,,,28.8,8.033574999999999
202407.0,2024-07-16,51097.0,EBF FUNDIDOS,Consumidor Livre,SUDESTE,28.8,9.555022
202407.0,2024-07-16,51097.0,EBF FUNDIDOS,Consumidor Livre,SUDESTE,28.8,9.555022
,2024-07-16,,EBF FUNDIDOS,,,28.8,9.555022
202407.0,2024-07-17,51097.0,EBF FUNDIDOS,Consumidor Livre,SUDESTE,28.8,9.472023
202407.0,2024-07-17,51097.0,EBF FUNDIDOS,Consumidor Livre,SUDESTE,28.8,9.472023
,2024-07-17,,EBF FUNDIDOS,,,28.8,9.472023
202407.0,2024-07-18,51097.0,EBF FUNDIDOS,Consumidor Livre,SUDESTE,28.8,9.460381
202407.0,2024-07-18,51097.0,EBF FUNDIDOS,Consumidor Livre,SUDESTE,28.8,9.460381
,2024-07-18,,EBF FUNDIDOS,,,28.8,9.460381
202407.0,2024-07-19,51097.0,EBF FUNDIDOS,Consumidor Livre,SUDESTE,28.8,7.784295
202407.0,2024-07-19,51097.0,EBF FUNDIDOS,Consumidor Livre,SUDESTE,28.8,7.784295
,2024-07-19,,EBF FUNDIDOS,,,28.8,7.784295
202407.0,2024-07-20,51097.0,EBF FUNDIDOS,Consumidor Livre,SUDESTE,28.8,0.271027
202407.0,2024-07-20,51097.0,EBF FUNDIDOS,Consumidor Livre,SUDESTE,28.8,0.271027
,2024-07-20,,EBF FUNDIDOS,,,28.8,0.271027
202407.0,2024-07-21,51097.0,EBF FUNDIDOS,Consumidor Livre,SUDESTE,28.8,0.067312
202407.0,2024-07-21,51097.0,EBF FUNDIDOS,Consumidor Livre,SUDESTE,28.8,0.067312
,2024-07-21,,EBF FUNDIDOS,,,28.8,0.067312
202407.0,2024-07-22,51097.0,EBF FUNDIDOS,Consumidor Livre,SUDESTE,28.8,7.670855
202407.0,2024-07-22,51097.0,EBF FUNDIDOS,Consumidor Livre,SUDESTE,28.8,7.670855
,2024-07-22,,EBF FUNDIDOS,,,28.8,7.670855
202407.0,2024-07-23,51097.0,EBF FUNDIDOS,Consumidor Livre,SUDESTE,28.8,9.285914
202407.0,2024-07-23,51097.0,EBF FUNDIDOS,Consumidor Livre,SUDESTE,28.8,9.285914
,2024-07-23,,EBF FUNDIDOS,,,28.8,9.285914
202407.0,2024-07-24,51097.0,EBF FUNDIDOS,Consumidor Livre,SUDESTE,28.8,9.329775
202407.0,2024-07-24,51097.0,EBF FUNDIDOS,Consumidor Livre,SUDESTE,28.8,9.329775
,2024-07-24,,EBF FUNDIDOS,,,28.8,9.329775
202407.0,2024-07-25,51097.0,EBF FUNDIDOS,Consumidor Livre,SUDESTE,28.8,9.398755
202407.0,2024-07-25,51097.0,EBF FUNDIDOS,Consumidor Livre,SUDESTE,28.8,9.398755
,2024-07-25,,EBF FUNDIDOS,,,28.8,9.398755
202407.0,2024-07-26,51097.0,EBF FUNDIDOS,Consumidor Livre,SUDESTE,28.8,7.632668
202407.0,2024-07-26,51097.0,EBF FUNDIDOS,Consumidor Livre,SUDESTE,28.8,7.632668
,2024-07-26,,EBF FUNDIDOS,,,28.8,7.632668
202407.0,2024-07-27,51097.0,EBF FUNDIDOS,Consumidor Livre,SUDESTE,28.8,0.265823
202407.0,2024-07-27,51097.0,EBF FUNDIDOS,Consumidor Livre,SUDESTE,28.8,0.265823
,2024-07-27,,EBF FUNDIDOS,,,28.8,0.265823
202407.0,2024-07-28,51097.0,EBF FUNDIDOS,Consumidor Livre,SUDESTE,28.8,0.061528
202407.0,2024-07-28,51097.0,EBF FUNDIDOS,Consumidor Livre,SUDESTE,28.8,0.061528
,2024-07-28,,EBF FUNDIDOS,,,28.8,0.061528
202407.0,2024-07-29,51097.0,EBF FUNDIDOS,Consumidor Livre,SUDESTE,28.8,8.032703
202407.0,2024-07-29,51097.0,EBF FUNDIDOS,Consumidor Livre,SUDESTE,28.8,8.032703
,2024-07-29,,EBF FUNDIDOS,,,28.8,8.032703
202407.0,2024-07-30,51097.0,EBF FUNDIDOS,Consumidor Livre,SUDESTE,28.8,9.428393
202407.0,2024-07-30,51097.0,EBF FUNDIDOS,Consumidor Livre,SUDESTE,28.8,9.428393
,2024-07-30,,EBF FUNDIDOS,,,28.8,9.428393
202407.0,2024-07-31,51097.0,EBF FUNDIDOS,Consumidor Livre,SUDESTE,28.8,9.540492
202407.0,2024-07-31,51097.0,EBF FUNDIDOS,Consumidor Livre,SUDESTE,28.8,9.540492
,2024-07-31,,EBF FUNDIDOS,,,28.8,9.540492
202408.0,2024-08-01,51097.0,EBF FUNDIDOS,Consumidor Livre,SUDESTE,28.8,7.954603
202408.0,2024-08-01,51097.0,EBF FUNDIDOS,Consumidor Livre,SUDESTE,28.8,7.954603
,2024-08-01,,EBF FUNDIDOS,,,28.8,7.954603
202408.0,2024-08-02,51097.0,EBF FUNDIDOS,Consumidor Livre,SUDESTE,28.8,9.501956
202408.0,2024-08-02,51097.0,EBF FUNDIDOS,Consumidor Livre,SUDESTE,28.8,9.501956
,2024-08-02,,EBF FUNDIDOS,,,28.8,9.501956
202408.0,2024-08-03,51097.0,EBF FUNDIDOS,Consumidor Livre,SUDESTE,28.8,0.2672609999999999
202408.0,2024-08-03,51097.0,EBF FUNDIDOS,Consumidor Livre,SUDESTE,28.8,0.2672609999999999
,2024-08-03,,EBF FUNDIDOS,,,28.8,0.2672609999999999
202408.0,2024-08-04,51097.0,EBF FUNDIDOS,Consumidor Livre,SUDESTE,28.8,0.066163
202408.0,2024-08-04,51097.0,EBF FUNDIDOS,Consumidor Livre,SUDESTE,28.8,0.066163
,2024-08-04,,EBF FUNDIDOS,,,28.8,0.066163
202408.0,2024-08-05,51097.0,EBF FUNDIDOS,Consumidor Livre,SUDESTE,28.8,7.716612
202408.0,2024-08-05,51097.0,EBF FUNDIDOS,Consumidor Livre,SUDESTE,28.8,7.716612
,2024-08-05,,EBF FUNDIDOS,,,28.8,7.716612
202408.0,2024-08-06,51097.0,EBF FUNDIDOS,Consumidor Livre,SUDESTE,28.8,9.42147
202408.0,2024-08-06,51097.0,EBF FUNDIDOS,Consumidor Livre,SUDESTE,28.8,9.42147
,2024-08-06,,EBF FUNDIDOS,,,28.8,9.42147
202408.0,2024-08-07,51097.0,EBF FUNDIDOS,Consumidor Livre,SUDESTE,28.8,9.379251
202408.0,2024-08-07,51097.0,EBF FUNDIDOS,Consumidor Livre,SUDESTE,28.8,9.379251
,2024-08-07,,EBF FUNDIDOS,,,28.8,9.379251
202408.0,2024-08-08,51097.0,EBF FUNDIDOS,Consumidor Livre,SUDESTE,28.8,7.698951999999999
202408.0,2024-08-08,51097.0,EBF FUNDIDOS,Consumidor Livre,SUDESTE,28.8,7.698951999999999
,2024-08-08,,EBF FUNDIDOS,,,28.8,7.698951999999999
202408.0,2024-08-09,51097.0,EBF FUNDIDOS,Consumidor Livre,SUDESTE,28.8,7.573693
202408.0,2024-08-09,51097.0,EBF FUNDIDOS,Consumidor Livre,SUDESTE,28.8,7.573693
,2024-08-09,,EBF FUNDIDOS,,,28.8,7.573693
202408.0,2024-08-10,51097.0,EBF FUNDIDOS,Consumidor Livre,SUDESTE,28.8,0.272329
202408.0,2024-08-10,51097.0,EBF FUNDIDOS,Consumidor Livre,SUDESTE,28.8,0.272329
,2024-08-10,,EBF FUNDIDOS,,,28.8,0.272329
202408.0,2024-08-11,51097.0,EBF FUNDIDOS,Consumidor Livre,SUDESTE,28.8,0.064808
202408.0,2024-08-11,51097.0,EBF FUNDIDOS,Consumidor Livre,SUDESTE,28.8,0.064808
,2024-08-11,,EBF FUNDIDOS,,,28.8,0.064808
202408.0,2024-08-12,51097.0,EBF FUNDIDOS,Consumidor Livre,SUDESTE,28.8,7.90951
202408.0,2024-08-12,51097.0,EBF FUNDIDOS,Consumidor Livre,SUDESTE,28.8,7.90951
,2024-08-12,,EBF FUNDIDOS,,,28.8,7.90951
202408.0,2024-08-13,51097.0,EBF FUNDIDOS,Consumidor Livre,SUDESTE,28.8,9.541813
202408.0,2024-08-13,51097.0,EBF FUNDIDOS,Consumidor Livre,SUDESTE,28.8,9.541813
,2024-08-13,,EBF FUNDIDOS,,,28.8,9.541813
202408.0,2024-08-14,51097.0,EBF FUNDIDOS,Consumidor Livre,SUDESTE,28.8,9.413938
202408.0,2024-08-14,51097.0,EBF FUNDIDOS,Consumidor Livre,SUDESTE,28.8,9.413938
,2024-08-14,,EBF FUNDIDOS,,,28.8,9.413938
202408.0,2024-08-15,51097.0,EBF FUNDIDOS,Consumidor Livre,SUDESTE,28.8,9.550788
202408.0,2024-08-15,51097.0,EBF FUNDIDOS,Consumidor Livre,SUDESTE,28.8,9.550788
,2024-08-15,,EBF FUNDIDOS,,,28.8,9.550788
202408.0,2024-08-16,51097.0,EBF FUNDIDOS,Consumidor Livre,SUDESTE,28.8,9.438574
202408.0,2024-08-16,51097.0,EBF FUNDIDOS,Consumidor Livre,SUDESTE,28.8,9.438574
,2024-08-16,,EBF FUNDIDOS,,,28.8,9.438574
202408.0,2024-08-17,51097.0,EBF FUNDIDOS,Consumidor Livre,SUDESTE,28.8,0.273561
202408.0,2024-08-17,51097.0,EBF FUNDIDOS,Consumidor Livre,SUDESTE,28.8,0.273561
,2024-08-17,,EBF FUNDIDOS,,,28.8,0.273561
202408.0,2024-08-18,51097.0,EBF FUNDIDOS,Consumidor Livre,SUDESTE,28.8,0.061719
202408.0,2024-08-18,51097.0,EBF FUNDIDOS,Consumidor Livre,SUDESTE,28.8,0.061719
,2024-08-18,,EBF FUNDIDOS,,,28.8,0.061719
202408.0,2024-08-19,51097.0,EBF FUNDIDOS,Consumidor Livre,SUDESTE,28.8,7.84156
202408.0,2024-08-19,51097.0,EBF FUNDIDOS,Consumidor Livre,SUDESTE,28.8,7.84156
,2024-08-19,,EBF FUNDIDOS,,,28.8,7.84156
202408.0,2024-08-20,51097.0,EBF FUNDIDOS,Consumidor Livre,SUDESTE,28.8,9.332211
202408.0,2024-08-20,51097.0,EBF FUNDIDOS,Consumidor Livre,SUDESTE,28.8,9.332211
,2024-08-20,,EBF FUNDIDOS,,,28.8,9.332211
202408.0,2024-08-21,51097.0,EBF FUNDIDOS,Consumidor Livre,SUDESTE,28.8,9.452958
202408.0,2024-08-21,51097.0,EBF FUNDIDOS,Consumidor Livre,SUDESTE,28.8,9.452958
,2024-08-21,,EBF FUNDIDOS,,,28.8,9.452958
202408.0,2024-08-22,51097.0,EBF FUNDIDOS,Consumidor Livre,SUDESTE,28.8,9.381942
202408.0,2024-08-22,51097.0,EBF FUNDIDOS,Consumidor Livre,SUDESTE,28.8,9.381942
,2024-08-22,,EBF FUNDIDOS,,,28.8,9.381942
202408.0,2024-08-23,51097.0,EBF FUNDIDOS,Consumidor Livre,SUDESTE,28.8,9.362406
202408.0,2024-08-23,51097.0,EBF FUNDIDOS,Consumidor Livre,SUDESTE,28.8,9.362406
,2024-08-23,,EBF FUNDIDOS,,,28.8,9.362406
202408.0,2024-08-24,51097.0,EBF FUNDIDOS,Consumidor Livre,SUDESTE,28.8,0.209828
202408.0,2024-08-24,51097.0,EBF FUNDIDOS,Consumidor Livre,SUDESTE,28.8,0.209828
,2024-08-24,,EBF FUNDIDOS,,,28.8,0.209828
202408.0,2024-08-25,51097.0,EBF FUNDIDOS,Consumidor Livre,SUDESTE,28.8,0.066358
202408.0,2024-08-25,51097.0,EBF FUNDIDOS,Consumidor Livre,SUDESTE,28.8,0.066358
,2024-08-25,,EBF FUNDIDOS,,,28.8,0.066358
202408.0,2024-08-26,51097.0,EBF FUNDIDOS,Consumidor Livre,SUDESTE,28.8,8.049903
202408.0,2024-08-26,51097.0,EBF FUNDIDOS,Consumidor Livre,SUDESTE,28.8,8.049903
,2024-08-26,,EBF FUNDIDOS,,,28.8,8.049903
202408.0,2024-08-27,51097.0,EBF FUNDIDOS,Consumidor Livre,SUDESTE,28.8,9.700668
202408.0,2024-08-27,51097.0,EBF FUNDIDOS,Consumidor Livre,SUDESTE,28.8,9.700668
,2024-08-27,,EBF FUNDIDOS,,,28.8,9.700668
202408.0,2024-08-28,51097.0,EBF FUNDIDOS,Consumidor Livre,SUDESTE,28.8,9.615536
202408.0,2024-08-28,51097.0,EBF FUNDIDOS,Consumidor Livre,SUDESTE,28.8,9.615536
,2024-08-28,,EBF FUNDIDOS,,,28.8,9.615536
202408.0,2024-08-29,51097.0,EBF FUNDIDOS,Consumidor Livre,SUDESTE,28.8,0.288377
202408.0,2024-08-29,51097.0,EBF FUNDIDOS,Consumidor Livre,SUDESTE,28.8,0.288377
,2024-08-29,,EBF FUNDIDOS,,,28.8,0.288377
202408.0,2024-08-30,51097.0,EBF FUNDIDOS,Consumidor Livre,SUDESTE,28.8,0.072942
202408.0,2024-08-30,51097.0,EBF FUNDIDOS,Consumidor Livre,SUDESTE,28.8,0.072942
,2024-08-30,,EBF FUNDIDOS,,,28.8,0.072942
202408.0,2024-08-31,51097.0,EBF FUNDIDOS,Consumidor Livre,SUDESTE,28.8,0.073843
202408.0,2024-08-31,51097.0,EBF FUNDIDOS,Consumidor Livre,SUDESTE,28.8,0.073843
,2024-08-31,,EBF FUNDIDOS,,,28.8,0.073843
202409.0,2024-09-01,51097.0,EBF FUNDIDOS,Consumidor Livre,SUDESTE,28.8,0.065013
202409.0,2024-09-01,51097.0,EBF FUNDIDOS,Consumidor Livre,SUDESTE,28.8,0.065013
,2024-09-01,,EBF FUNDIDOS,,,28.8,0.065013
202409.0,2024-09-02,51097.0,EBF FUNDIDOS,Consumidor Livre,SUDESTE,28.8,8.477672
202409.0,2024-09-02,51097.0,EBF FUNDIDOS,Consumidor Livre,SUDESTE,28.8,8.477672
,2024-09-02,,EBF FUNDIDOS,,,28.8,8.477672
202409.0,2024-09-03,51097.0,EBF FUNDIDOS,Consumidor Livre,SUDESTE,28.8,10.023262
202409.0,2024-09-03,51097.0,EBF FUNDIDOS,Consumidor Livre,SUDESTE,28.8,10.023262
,2024-09-03,,EBF FUNDIDOS,,,28.8,10.023262
202409.0,2024-09-04,51097.0,EBF FUNDIDOS,Consumidor Livre,SUDESTE,28.8,5.472076
202409.0,2024-09-04,51097.0,EBF FUNDIDOS,Consumidor Livre,SUDESTE,28.8,5.472076
,2024-09-04,,EBF FUNDIDOS,,,28.8,5.472076
202409.0,2024-09-05,51097.0,EBF FUNDIDOS,Consumidor Livre,SUDESTE,28.8,9.487562
202409.0,2024-09-05,51097.0,EBF FUNDIDOS,Consumidor Livre,SUDESTE,28.8,9.487562
,2024-09-05,,EBF FUNDIDOS,,,28.8,9.487562
202409.0,2024-09-06,51097.0,EBF FUNDIDOS,Consumidor Livre,SUDESTE,28.8,9.375951
202409.0,2024-09-06,51097.0,EBF FUNDIDOS,Consumidor Livre,SUDESTE,28.8,9.375951
,2024-09-06,,EBF FUNDIDOS,,,28.8,9.375951
202409.0,2024-09-07,51097.0,EBF FUNDIDOS,Consumidor Livre,SUDESTE,28.8,0.276185
202409.0,2024-09-07,51097.0,EBF FUNDIDOS,Consumidor Livre,SUDESTE,28.8,0.276185
,2024-09-07,,EBF FUNDIDOS,,,28.8,0.276185
202409.0,2024-09-08,51097.0,EBF FUNDIDOS,Consumidor Livre,SUDESTE,28.8,0.082013
202409.0,2024-09-08,51097.0,EBF FUNDIDOS,Consumidor Livre,SUDESTE,28.8,0.082013
,2024-09-08,,EBF FUNDIDOS,,,28.8,0.082013
202409.0,2024-09-09,51097.0,EBF FUNDIDOS,Consumidor Livre,SUDESTE,28.8,8.112037
202409.0,2024-09-09,51097.0,EBF FUNDIDOS,Consumidor Livre,SUDESTE,28.8,8.112037
,2024-09-09,,EBF FUNDIDOS,,,28.8,8.112037
202409.0,2024-09-10,51097.0,EBF FUNDIDOS,Consumidor Livre,SUDESTE,28.8,9.522268
202409.0,2024-09-10,51097.0,EBF FUNDIDOS,Consumidor Livre,SUDESTE,28.8,9.522268
,2024-09-10,,EBF FUNDIDOS,,,28.8,9.522268
202409.0,2024-09-11,51097.0,EBF FUNDIDOS,Consumidor Livre,SUDESTE,28.8,9.417387
202409.0,2024-09-11,51097.0,EBF FUNDIDOS,Consumidor Livre,SUDESTE,28.8,9.417387
,2024-09-11,,EBF FUNDIDOS,,,28.8,9.417387
202409.0,2024-09-12,51097.0,EBF FUNDIDOS,Consumidor Livre,SUDESTE,28.8,9.306576
202409.0,2024-09-12,51097.0,EBF FUNDIDOS,Consumidor Livre,SUDESTE,28.8,9.306576
,2024-09-12,,EBF FUNDIDOS,,,28.8,9.306576
202409.0,2024-09-13,51097.0,EBF FUNDIDOS,Consumidor Livre,SUDESTE,28.8,7.94984
202409.0,2024-09-13,51097.0,EBF FUNDIDOS,Consumidor Livre,SUDESTE,28.8,7.94984
,2024-09-13,,EBF FUNDIDOS,,,28.8,7.94984
202409.0,2024-09-14,51097.0,EBF FUNDIDOS,Consumidor Livre,SUDESTE,28.8,0.240484
202409.0,2024-09-14,51097.0,EBF FUNDIDOS,Consumidor Livre,SUDESTE,28.8,0.240484
,2024-09-14,,EBF FUNDIDOS,,,28.8,0.240484
202409.0,2024-09-15,51097.0,EBF FUNDIDOS,Consumidor Livre,SUDESTE,28.8,0.069817
202409.0,2024-09-15,51097.0,EBF FUNDIDOS,Consumidor Livre,SUDESTE,28.8,0.069817
,2024-09-15,,EBF FUNDIDOS,,,28.8,0.069817
202409.0,2024-09-16,51097.0,EBF FUNDIDOS,Consumidor Livre,SUDESTE,28.8,7.744774
202409.0,2024-09-16,51097.0,EBF FUNDIDOS,Consumidor Livre,SUDESTE,28.8,7.744774
,2024-09-16,,EBF FUNDIDOS,,,28.8,7.744774
202409.0,2024-09-17,51097.0,EBF FUNDIDOS,Consumidor Livre,SUDESTE,28.8,7.660965999999999
202409.0,2024-09-17,51097.0,EBF FUNDIDOS,Consumidor Livre,SUDESTE,28.8,7.660965999999999
,2024-09-17,,EBF FUNDIDOS,,,28.8,7.660965999999999
202409.0,2024-09-18,51097.0,EBF FUNDIDOS,Consumidor Livre,SUDESTE,28.8,9.352027
202409.0,2024-09-18,51097.0,EBF FUNDIDOS,Consumidor Livre,SUDESTE,28.8,9.352027
,2024-09-18,,EBF FUNDIDOS,,,28.8,9.352027
202409.0,2024-09-19,51097.0,EBF FUNDIDOS,Consumidor Livre,SUDESTE,28.8,9.39541
202409.0,2024-09-19,51097.0,EBF FUNDIDOS,Consumidor Livre,SUDESTE,28.8,9.39541
,2024-09-19,,EBF FUNDIDOS,,,28.8,9.39541
202409.0,2024-09-20,51097.0,EBF FUNDIDOS,Consumidor Livre,SUDESTE,28.8,7.55688
202409.0,2024-09-20,51097.0,EBF FUNDIDOS,Consumidor Livre,SUDESTE,28.8,7.55688
,2024-09-20,,EBF FUNDIDOS,,,28.8,7.55688
202409.0,2024-09-21,51097.0,EBF FUNDIDOS,Consumidor Livre,SUDESTE,28.8,0.300304
202409.0,2024-09-21,51097.0,EBF FUNDIDOS,Consumidor Livre,SUDESTE,28.8,0.300304
,2024-09-21,,EBF FUNDIDOS,,,28.8,0.300304
202409.0,2024-09-22,51097.0,EBF FUNDIDOS,Consumidor Livre,SUDESTE,28.8,0.082416
202409.0,2024-09-22,51097.0,EBF FUNDIDOS,Consumidor Livre,SUDESTE,28.8,0.082416
,2024-09-22,,EBF FUNDIDOS,,,28.8,0.082416
202409.0,2024-09-23,51097.0,EBF FUNDIDOS,Consumidor Livre,SUDESTE,28.8,8.018911
202409.0,2024-09-23,51097.0,EBF FUNDIDOS,Consumidor Livre,SUDESTE,28.8,8.018911
,2024-09-23,,EBF FUNDIDOS,,,28.8,8.018911
202409.0,2024-09-24,51097.0,EBF FUNDIDOS,Consumidor Livre,SUDESTE,28.8,7.798535
202409.0,2024-09-24,51097.0,EBF FUNDIDOS,Consumidor Livre,SUDESTE,28.8,7.798535
,2024-09-24,,EBF FUNDIDOS,,,28.8,7.798535
202409.0,2024-09-25,51097.0,EBF FUNDIDOS,Consumidor Livre,SUDESTE,28.8,9.63596
202409.0,2024-09-25,51097.0,EBF FUNDIDOS,Consumidor Livre,SUDESTE,28.8,9.63596
,2024-09-25,,EBF FUNDIDOS,,,28.8,9.63596
202409.0,2024-09-26,51097.0,EBF FUNDIDOS,Consumidor Livre,SUDESTE,28.8,7.819405
202409.0,2024-09-26,51097.0,EBF FUNDIDOS,Consumidor Livre,SUDESTE,28.8,7.819405
,2024-09-26,,EBF FUNDIDOS,,,28.8,7.819405
202409.0,2024-09-27,51097.0,EBF FUNDIDOS,Consumidor Livre,SUDESTE,28.8,9.695776
202409.0,2024-09-27,51097.0,EBF FUNDIDOS,Consumidor Livre,SUDESTE,28.8,9.695776
,2024-09-27,,EBF FUNDIDOS,,,28.8,9.695776
202409.0,2024-09-28,51097.0,EBF FUNDIDOS,Consumidor Livre,SUDESTE,28.8,0.142418
202409.0,2024-09-28,51097.0,EBF FUNDIDOS,Consumidor Livre,SUDESTE,28.8,0.142418
,2024-09-28,,EBF FUNDIDOS,,,28.8,0.142418
202409.0,2024-09-29,51097.0,EBF FUNDIDOS,Consumidor Livre,SUDESTE,28.8,0.074851
202409.0,2024-09-29,51097.0,EBF FUNDIDOS,Consumidor Livre,SUDESTE,28.8,0.074851
,2024-09-29,,EBF FUNDIDOS,,,28.8,0.074851
202409.0,2024-09-30,51097.0,EBF FUNDIDOS,Consumidor Livre,SUDESTE,28.8,7.978077
202409.0,2024-09-30,51097.0,EBF FUNDIDOS,Consumidor Livre,SUDESTE,28.8,7.978077
,2024-09-30,,EBF FUNDIDOS,,,28.8,7.978077
202410.0,2024-10-01,51097.0,EBF FUNDIDOS,Consumidor Livre,SUDESTE,28.8,7.84575
202410.0,2024-10-01,51097.0,EBF FUNDIDOS,Consumidor Livre,SUDESTE,28.8,7.84575
,2024-10-01,,EBF FUNDIDOS,,,28.8,7.84575
202410.0,2024-10-02,51097.0,EBF FUNDIDOS,Consumidor Livre,SUDESTE,28.8,7.687413999999999
202410.0,2024-10-02,51097.0,EBF FUNDIDOS,Consumidor Livre,SUDESTE,28.8,7.687413999999999
,2024-10-02,,EBF FUNDIDOS,,,28.8,7.687413999999999
202410.0,2024-10-03,51097.0,EBF FUNDIDOS,Consumidor Livre,SUDESTE,28.8,7.751273999999999
202410.0,2024-10-03,51097.0,EBF FUNDIDOS,Consumidor Livre,SUDESTE,28.8,7.751273999999999
,2024-10-03,,EBF FUNDIDOS,,,28.8,7.751273999999999
202410.0,2024-10-04,51097.0,EBF FUNDIDOS,Consumidor Livre,SUDESTE,28.8,9.108393
202410.0,2024-10-04,51097.0,EBF FUNDIDOS,Consumidor Livre,SUDESTE,28.8,9.108393
,2024-10-04,,EBF FUNDIDOS,,,28.8,9.108393
202410.0,2024-10-05,51097.0,EBF FUNDIDOS,Consumidor Livre,SUDESTE,28.8,0.315638
202410.0,2024-10-05,51097.0,EBF FUNDIDOS,Consumidor Livre,SUDESTE,28.8,0.315638
,2024-10-05,,EBF FUNDIDOS,,,28.8,0.315638
202410.0,2024-10-06,51097.0,EBF FUNDIDOS,Consumidor Livre,SUDESTE,28.8,0.6274
202410.0,2024-10-06,51097.0,EBF FUNDIDOS,Consumidor Livre,SUDESTE,28.8,0.6274
,2024-10-06,,EBF FUNDIDOS,,,28.8,0.6274
202410.0,2024-10-07,51097.0,EBF FUNDIDOS,Consumidor Livre,SUDESTE,28.8,10.220015
202410.0,2024-10-07,51097.0,EBF FUNDIDOS,Consumidor Livre,SUDESTE,28.8,10.220015
,2024-10-07,,EBF FUNDIDOS,,,28.8,10.220015
202410.0,2024-10-08,51097.0,EBF FUNDIDOS,Consumidor Livre,SUDESTE,28.8,8.019529
202410.0,2024-10-08,51097.0,EBF FUNDIDOS,Consumidor Livre,SUDESTE,28.8,8.019529
,2024-10-08,,EBF FUNDIDOS,,,28.8,8.019529
202410.0,2024-10-09,51097.0,EBF FUNDIDOS,Consumidor Livre,SUDESTE,28.8,8.056361
202410.0,2024-10-09,51097.0,EBF FUNDIDOS,Consumidor Livre,SUDESTE,28.8,8.056361
,2024-10-09,,EBF FUNDIDOS,,,28.8,8.056361
202410.0,2024-10-10,51097.0,EBF FUNDIDOS,Consumidor Livre,SUDESTE,28.8,9.691938
202410.0,2024-10-10,51097.0,EBF FUNDIDOS,Consumidor Livre,SUDESTE,28.8,9.691938
,2024-10-10,,EBF FUNDIDOS,,,28.8,9.691938
202410.0,2024-10-11,51097.0,EBF FUNDIDOS,Consumidor Livre,SUDESTE,28.8,9.794464
202410.0,2024-10-11,51097.0,EBF FUNDIDOS,Consumidor Livre,SUDESTE,28.8,9.794464
,2024-10-11,,EBF FUNDIDOS,,,28.8,9.794464
202410.0,2024-10-12,51097.0,EBF FUNDIDOS,Consumidor Livre,SUDESTE,28.8,0.211523
202410.0,2024-10-12,51097.0,EBF FUNDIDOS,Consumidor Livre,SUDESTE,28.8,0.211523
,2024-10-12,,EBF FUNDIDOS,,,28.8,0.211523
202410.0,2024-10-13,51097.0,EBF FUNDIDOS,Consumidor Livre,SUDESTE,28.8,0.0703739999999999
202410.0,2024-10-13,51097.0,EBF FUNDIDOS,Consumidor Livre,SUDESTE,28.8,0.0703739999999999
,2024-10-13,,EBF FUNDIDOS,,,28.8,0.0703739999999999
202410.0,2024-10-14,51097.0,EBF FUNDIDOS,Consumidor Livre,SUDESTE,28.8,7.799265
202410.0,2024-10-14,51097.0,EBF FUNDIDOS,Consumidor Livre,SUDESTE,28.8,7.799265
,2024-10-14,,EBF FUNDIDOS,,,28.8,7.799265
202410.0,2024-10-15,51097.0,EBF FUNDIDOS,Consumidor Livre,SUDESTE,28.8,7.620074
202410.0,2024-10-15,51097.0,EBF FUNDIDOS,Consumidor Livre,SUDESTE,28.8,7.620074
,2024-10-15,,EBF FUNDIDOS,,,28.8,7.620074
202410.0,2024-10-16,51097.0,EBF FUNDIDOS,Consumidor Livre,SUDESTE,28.8,7.643324
202410.0,2024-10-16,51097.0,EBF FUNDIDOS,Consumidor Livre,SUDESTE,28.8,7.643324
,2024-10-16,,EBF FUNDIDOS,,,28.8,7.643324
202410.0,2024-10-17,51097.0,EBF FUNDIDOS,Consumidor Livre,SUDESTE,28.8,9.322372
202410.0,2024-10-17,51097.0,EBF FUNDIDOS,Consumidor Livre,SUDESTE,28.8,9.322372
,2024-10-17,,EBF FUNDIDOS,,,28.8,9.322372
202410.0,2024-10-18,51097.0,EBF FUNDIDOS,Consumidor Livre,SUDESTE,28.8,9.324205
202410.0,2024-10-18,51097.0,EBF FUNDIDOS,Consumidor Livre,SUDESTE,28.8,9.324205
,2024-10-18,,EBF FUNDIDOS,,,28.8,9.324205
202410.0,2024-10-19,51097.0,EBF FUNDIDOS,Consumidor Livre,SUDESTE,28.8,0.206987
202410.0,2024-10-19,51097.0,EBF FUNDIDOS,Consumidor Livre,SUDESTE,28.8,0.206987
,2024-10-19,,EBF FUNDIDOS,,,28.8,0.206987
202410.0,2024-10-20,51097.0,EBF FUNDIDOS,Consumidor Livre,SUDESTE,28.8,0.077175
202410.0,2024-10-20,51097.0,EBF FUNDIDOS,Consumidor Livre,SUDESTE,28.8,0.077175
,2024-10-20,,EBF FUNDIDOS,,,28.8,0.077175
202410.0,2024-10-21,51097.0,EBF FUNDIDOS,Consumidor Livre,SUDESTE,28.8,8.142852
202410.0,2024-10-21,51097.0,EBF FUNDIDOS,Consumidor Livre,SUDESTE,28.8,8.142852
,2024-10-21,,EBF FUNDIDOS,,,28.8,8.142852
202410.0,2024-10-22,51097.0,EBF FUNDIDOS,Consumidor Livre,SUDESTE,28.8,9.681444
202410.0,2024-10-22,51097.0,EBF FUNDIDOS,Consumidor Livre,SUDESTE,28.8,9.681444
,2024-10-22,,EBF FUNDIDOS,,,28.8,9.681444
202410.0,2024-10-23,51097.0,EBF FUNDIDOS,Consumidor Livre,SUDESTE,28.8,8.117953
202410.0,2024-10-23,51097.0,EBF FUNDIDOS,Consumidor Livre,SUDESTE,28.8,8.117953
,2024-10-23,,EBF FUNDIDOS,,,28.8,8.117953
202410.0,2024-10-24,51097.0,EBF FUNDIDOS,Consumidor Livre,SUDESTE,28.8,7.964571999999999
202410.0,2024-10-24,51097.0,EBF FUNDIDOS,Consumidor Livre,SUDESTE,28.8,7.964571999999999
,2024-10-24,,EBF FUNDIDOS,,,28.8,7.964571999999999
202410.0,2024-10-25,51097.0,EBF FUNDIDOS,Consumidor Livre,SUDESTE,28.8,8.009678
202410.0,2024-10-25,51097.0,EBF FUNDIDOS,Consumidor Livre,SUDESTE,28.8,8.009678
,2024-10-25,,EBF FUNDIDOS,,,28.8,8.009678
202410.0,2024-10-26,51097.0,EBF FUNDIDOS,Consumidor Livre,SUDESTE,28.8,0.22694
202410.0,2024-10-26,51097.0,EBF FUNDIDOS,Consumidor Livre,SUDESTE,28.8,0.22694
,2024-10-26,,EBF FUNDIDOS,,,28.8,0.22694
202410.0,2024-10-27,51097.0,EBF FUNDIDOS,Consumidor Livre,SUDESTE,28.8,0.088163
202410.0,2024-10-27,51097.0,EBF FUNDIDOS,Consumidor Livre,SUDESTE,28.8,0.088163
,2024-10-27,,EBF FUNDIDOS,,,28.8,0.088163
202410.0,2024-10-28,51097.0,EBF FUNDIDOS,Consumidor Livre,SUDESTE,28.8,9.535291
202410.0,2024-10-28,51097.0,EBF FUNDIDOS,Consumidor Livre,SUDESTE,28.8,9.535291
,2024-10-28,,EBF FUNDIDOS,,,28.8,9.535291
202410.0,2024-10-29,51097.0,EBF FUNDIDOS,Consumidor Livre,SUDESTE,28.8,9.395655
202410.0,2024-10-29,51097.0,EBF FUNDIDOS,Consumidor Livre,SUDESTE,28.8,9.395655
,2024-10-29,,EBF FUNDIDOS,,,28.8,9.395655
202410.0,2024-10-30,51097.0,EBF FUNDIDOS,Consumidor Livre,SUDESTE,28.8,7.670695
202410.0,2024-10-30,51097.0,EBF FUNDIDOS,Consumidor Livre,SUDESTE,28.8,7.670695
,2024-10-30,,EBF FUNDIDOS,,,28.8,7.670695
202410.0,2024-10-31,51097.0,EBF FUNDIDOS,Consumidor Livre,SUDESTE,28.8,9.493265
202410.0,2024-10-31,51097.0,EBF FUNDIDOS,Consumidor Livre,SUDESTE,28.8,9.493265
,2024-10-31,,EBF FUNDIDOS,,,28.8,9.493265
202411.0,2024-11-01,51097.0,EBF FUNDIDOS,Consumidor Livre,SUDESTE,28.8,9.38083
202411.0,2024-11-01,51097.0,EBF FUNDIDOS,Consumidor Livre,SUDESTE,28.8,9.38083
,2024-11-01,,EBF FUNDIDOS,,,28.8,9.38083
202411.0,2024-11-02,51097.0,EBF FUNDIDOS,Consumidor Livre,SUDESTE,28.8,0.196124
202411.0,2024-11-02,51097.0,EBF FUNDIDOS,Consumidor Livre,SUDESTE,28.8,0.196124
,2024-11-02,,EBF FUNDIDOS,,,28.8,0.196124
202411.0,2024-11-03,51097.0,EBF FUNDIDOS,Consumidor Livre,SUDESTE,28.8,0.086927
202411.0,2024-11-03,51097.0,EBF FUNDIDOS,Consumidor Livre,SUDESTE,28.8,0.086927
,2024-11-03,,EBF FUNDIDOS,,,28.8,0.086927
202411.0,2024-11-04,51097.0,EBF FUNDIDOS,Consumidor Livre,SUDESTE,28.8,9.910734
202411.0,2024-11-04,51097.0,EBF FUNDIDOS,Consumidor Livre,SUDESTE,28.8,9.910734
,2024-11-04,,EBF FUNDIDOS,,,28.8,9.910734
202411.0,2024-11-05,51097.0,EBF FUNDIDOS,Consumidor Livre,SUDESTE,28.8,9.595031
202411.0,2024-11-05,51097.0,EBF FUNDIDOS,Consumidor Livre,SUDESTE,28.8,9.595031
,2024-11-05,,EBF FUNDIDOS,,,28.8,9.595031
202411.0,2024-11-06,51097.0,EBF FUNDIDOS,Consumidor Livre,SUDESTE,28.8,9.721316
202411.0,2024-11-06,51097.0,EBF FUNDIDOS,Consumidor Livre,SUDESTE,28.8,9.721316
,2024-11-06,,EBF FUNDIDOS,,,28.8,9.721316
202411.0,2024-11-07,51097.0,EBF FUNDIDOS,Consumidor Livre,SUDESTE,28.8,9.731867
202411.0,2024-11-07,51097.0,EBF FUNDIDOS,Consumidor Livre,SUDESTE,28.8,9.731867
,2024-11-07,,EBF FUNDIDOS,,,28.8,9.731867
202411.0,2024-11-08,51097.0,EBF FUNDIDOS,Consumidor Livre,SUDESTE,28.8,9.545476
202411.0,2024-11-08,51097.0,EBF FUNDIDOS,Consumidor Livre,SUDESTE,28.8,9.545476
,2024-11-08,,EBF FUNDIDOS,,,28.8,9.545476
202411.0,2024-11-09,51097.0,EBF FUNDIDOS,Consumidor Livre,SUDESTE,28.8,0.168448
202411.0,2024-11-09,51097.0,EBF FUNDIDOS,Consumidor Livre,SUDESTE,28.8,0.168448
,2024-11-09,,EBF FUNDIDOS,,,28.8,0.168448
202411.0,2024-11-10,51097.0,EBF FUNDIDOS,Consumidor Livre,SUDESTE,28.8,0.070051
202411.0,2024-11-10,51097.0,EBF FUNDIDOS,Consumidor Livre,SUDESTE,28.8,0.070051
,2024-11-10,,EBF FUNDIDOS,,,28.8,0.070051
202411.0,2024-11-11,51097.0,EBF FUNDIDOS,Consumidor Livre,SUDESTE,28.8,9.662962
202411.0,2024-11-11,51097.0,EBF FUNDIDOS,Consumidor Livre,SUDESTE,28.8,9.662962
,2024-11-11,,EBF FUNDIDOS,,,28.8,9.662962
202411.0,2024-11-12,51097.0,EBF FUNDIDOS,Consumidor Livre,SUDESTE,28.8,9.492082
202411.0,2024-11-12,51097.0,EBF FUNDIDOS,Consumidor Livre,SUDESTE,28.8,9.492082
,2024-11-12,,EBF FUNDIDOS,,,28.8,9.492082
202411.0,2024-11-13,51097.0,EBF FUNDIDOS,Consumidor Livre,SUDESTE,28.8,9.501051
202411.0,2024-11-13,51097.0,EBF FUNDIDOS,Consumidor Livre,SUDESTE,28.8,9.501051
,2024-11-13,,EBF FUNDIDOS,,,28.8,9.501051
202411.0,2024-11-14,51097.0,EBF FUNDIDOS,Consumidor Livre,SUDESTE,28.8,9.589392
202411.0,2024-11-14,51097.0,EBF FUNDIDOS,Consumidor Livre,SUDESTE,28.8,9.589392
,2024-11-14,,EBF FUNDIDOS,,,28.8,9.589392
202411.0,2024-11-15,51097.0,EBF FUNDIDOS,Consumidor Livre,SUDESTE,28.8,0.254001
202411.0,2024-11-15,51097.0,EBF FUNDIDOS,Consumidor Livre,SUDESTE,28.8,0.254001
,2024-11-15,,EBF FUNDIDOS,,,28.8,0.254001
202411.0,2024-11-16,51097.0,EBF FUNDIDOS,Consumidor Livre,SUDESTE,28.8,0.209526
202411.0,2024-11-16,51097.0,EBF FUNDIDOS,Consumidor Livre,SUDESTE,28.8,0.209526
,2024-11-16,,EBF FUNDIDOS,,,28.8,0.209526
202411.0,2024-11-17,51097.0,EBF FUNDIDOS,Consumidor Livre,SUDESTE,28.8,0.066735
202411.0,2024-11-17,51097.0,EBF FUNDIDOS,Consumidor Livre,SUDESTE,28.8,0.066735
,2024-11-17,,EBF FUNDIDOS,,,28.8,0.066735
202411.0,2024-11-18,51097.0,EBF FUNDIDOS,Consumidor Livre,SUDESTE,28.8,0.081386
202411.0,2024-11-18,51097.0,EBF FUNDIDOS,Consumidor Livre,SUDESTE,28.8,0.081386
,2024-11-18,,EBF FUNDIDOS,,,28.8,0.081386
202411.0,2024-11-19,51097.0,EBF FUNDIDOS,Consumidor Livre,SUDESTE,28.8,9.810717
202411.0,2024-11-19,51097.0,EBF FUNDIDOS,Consumidor Livre,SUDESTE,28.8,9.810717
,2024-11-19,,EBF FUNDIDOS,,,28.8,9.810717
202411.0,2024-11-20,51097.0,EBF FUNDIDOS,Consumidor Livre,SUDESTE,28.8,0.891079
202411.0,2024-11-20,51097.0,EBF FUNDIDOS,Consumidor Livre,SUDESTE,28.8,0.891079
,2024-11-20,,EBF FUNDIDOS,,,28.8,0.891079
202411.0,2024-11-21,51097.0,EBF FUNDIDOS,Consumidor Livre,SUDESTE,28.8,7.942985
202411.0,2024-11-21,51097.0,EBF FUNDIDOS,Consumidor Livre,SUDESTE,28.8,7.942985
,2024-11-21,,EBF FUNDIDOS,,,28.8,7.942985
202411.0,2024-11-22,51097.0,EBF FUNDIDOS,Consumidor Livre,SUDESTE,28.8,7.984153
202411.0,2024-11-22,51097.0,EBF FUNDIDOS,Consumidor Livre,SUDESTE,28.8,7.984153
,2024-11-22,,EBF FUNDIDOS,,,28.8,7.984153
202411.0,2024-11-23,51097.0,EBF FUNDIDOS,Consumidor Livre,SUDESTE,28.8,0.345908
202411.0,2024-11-23,51097.0,EBF FUNDIDOS,Consumidor Livre,SUDESTE,28.8,0.345908
,2024-11-23,,EBF FUNDIDOS,,,28.8,0.345908
202411.0,2024-11-24,51097.0,EBF FUNDIDOS,Consumidor Livre,SUDESTE,28.8,0.067907
202411.0,2024-11-24,51097.0,EBF FUNDIDOS,Consumidor Livre,SUDESTE,28.8,0.067907
,2024-11-24,,EBF FUNDIDOS,,,28.8,0.067907
202411.0,2024-11-25,51097.0,EBF FUNDIDOS,Consumidor Livre,SUDESTE,28.8,9.676507
202411.0,2024-11-25,51097.0,EBF FUNDIDOS,Consumidor Livre,SUDESTE,28.8,9.676507
,2024-11-25,,EBF FUNDIDOS,,,28.8,9.676507
202411.0,2024-11-26,51097.0,EBF FUNDIDOS,Consumidor Livre,SUDESTE,28.8,9.444646
202411.0,2024-11-26,51097.0,EBF FUNDIDOS,Consumidor Livre,SUDESTE,28.8,9.444646
,2024-11-26,,EBF FUNDIDOS,,,28.8,9.444646
202411.0,2024-11-27,51097.0,EBF FUNDIDOS,Consumidor Livre,SUDESTE,28.8,9.232029
202411.0,2024-11-27,51097.0,EBF FUNDIDOS,Consumidor Livre,SUDESTE,28.8,9.232029
,2024-11-27,,EBF FUNDIDOS,,,28.8,9.232029
202411.0,2024-11-28,51097.0,EBF FUNDIDOS,Consumidor Livre,SUDESTE,28.8,9.361943
202411.0,2024-11-28,51097.0,EBF FUNDIDOS,Consumidor Livre,SUDESTE,28.8,9.361943
,2024-11-28,,EBF FUNDIDOS,,,28.8,9.361943
202411.0,2024-11-29,51097.0,EBF FUNDIDOS,Consumidor Livre,SUDESTE,28.8,9.365353
202411.0,2024-11-29,51097.0,EBF FUNDIDOS,Consumidor Livre,SUDESTE,28.8,9.365353
,2024-11-29,,EBF FUNDIDOS,,,28.8,9.365353
202411.0,2024-11-30,51097.0,EBF FUNDIDOS,Consumidor Livre,SUDESTE,28.8,0.317008
202411.0,2024-11-30,51097.0,EBF FUNDIDOS,Consumidor Livre,SUDESTE,28.8,0.317008
,2024-11-30,,EBF FUNDIDOS,,,28.8,0.317008
202412.0,2024-12-01,51097.0,EBF FUNDIDOS,Consumidor Livre,SUDESTE,28.8,0.10404
202412.0,2024-12-01,51097.0,EBF FUNDIDOS,Consumidor Livre,SUDESTE,28.8,0.10404
,2024-12-01,,EBF FUNDIDOS,,,28.8,0.10404
202412.0,2024-12-02,51097.0,EBF FUNDIDOS,Consumidor Livre,SUDESTE,28.8,9.764159
202412.0,2024-12-02,51097.0,EBF FUNDIDOS,Consumidor Livre,SUDESTE,28.8,9.764159
,2024-12-02,,EBF FUNDIDOS,,,28.8,9.764159
202412.0,2024-12-03,51097.0,EBF FUNDIDOS,Consumidor Livre,SUDESTE,28.8,9.639275
202412.0,2024-12-03,51097.0,EBF FUNDIDOS,Consumidor Livre,SUDESTE,28.8,9.639275
,2024-12-03,,EBF FUNDIDOS,,,28.8,9.639275
202412.0,2024-12-04,51097.0,EBF FUNDIDOS,Consumidor Livre,SUDESTE,28.8,9.522578
202412.0,2024-12-04,51097.0,EBF FUNDIDOS,Consumidor Livre,SUDESTE,28.8,9.522578
,2024-12-04,,EBF FUNDIDOS,,,28.8,9.522578
202412.0,2024-12-05,51097.0,EBF FUNDIDOS,Consumidor Livre,SUDESTE,28.8,9.59172
202412.0,2024-12-05,51097.0,EBF FUNDIDOS,Consumidor Livre,SUDESTE,28.8,9.59172
,2024-12-05,,EBF FUNDIDOS,,,28.8,9.59172
202412.0,2024-12-06,51097.0,EBF FUNDIDOS,Consumidor Livre,SUDESTE,28.8,9.745987
202412.0,2024-12-06,51097.0,EBF FUNDIDOS,Consumidor Livre,SUDESTE,28.8,9.745987
,2024-12-06,,EBF FUNDIDOS,,,28.8,9.745987
202412.0,2024-12-07,51097.0,EBF FUNDIDOS,Consumidor Livre,SUDESTE,28.8,0.181089
202412.0,2024-12-07,51097.0,EBF FUNDIDOS,Consumidor Livre,SUDESTE,28.8,0.181089
,2024-12-07,,EBF FUNDIDOS,,,28.8,0.181089
202412.0,2024-12-08,51097.0,EBF FUNDIDOS,Consumidor Livre,SUDESTE,28.8,0.073275
202412.0,2024-12-08,51097.0,EBF FUNDIDOS,Consumidor Livre,SUDESTE,28.8,0.073275
,2024-12-08,,EBF FUNDIDOS,,,28.8,0.073275
202412.0,2024-12-09,51097.0,EBF FUNDIDOS,Consumidor Livre,SUDESTE,28.8,9.542152
202412.0,2024-12-09,51097.0,EBF FUNDIDOS,Consumidor Livre,SUDESTE,28.8,9.542152
,2024-12-09,,EBF FUNDIDOS,,,28.8,9.542152
202412.0,2024-12-10,51097.0,EBF FUNDIDOS,Consumidor Livre,SUDESTE,28.8,9.257318
202412.0,2024-12-10,51097.0,EBF FUNDIDOS,Consumidor Livre,SUDESTE,28.8,9.257318
,2024-12-10,,EBF FUNDIDOS,,,28.8,9.257318
202412.0,2024-12-11,51097.0,EBF FUNDIDOS,Consumidor Livre,SUDESTE,28.8,9.413739
202412.0,2024-12-11,51097.0,EBF FUNDIDOS,Consumidor Livre,SUDESTE,28.8,9.413739
,2024-12-11,,EBF FUNDIDOS,,,28.8,9.413739
202412.0,2024-12-12,51097.0,EBF FUNDIDOS,Consumidor Livre,SUDESTE,28.8,9.483921
202412.0,2024-12-12,51097.0,EBF FUNDIDOS,Consumidor Livre,SUDESTE,28.8,9.483921
,2024-12-12,,EBF FUNDIDOS,,,28.8,9.483921
202412.0,2024-12-13,51097.0,EBF FUNDIDOS,Consumidor Livre,SUDESTE,28.8,9.390484
202412.0,2024-12-13,51097.0,EBF FUNDIDOS,Consumidor Livre,SUDESTE,28.8,9.390484
,2024-12-13,,EBF FUNDIDOS,,,28.8,9.390484
202412.0,2024-12-14,51097.0,EBF FUNDIDOS,Consumidor Livre,SUDESTE,28.8,0.342804
202412.0,2024-12-14,51097.0,EBF FUNDIDOS,Consumidor Livre,SUDESTE,28.8,0.342804
,2024-12-14,,EBF FUNDIDOS,,,28.8,0.342804
202412.0,2024-12-15,51097.0,EBF FUNDIDOS,Consumidor Livre,SUDESTE,28.8,0.109667
202412.0,2024-12-15,51097.0,EBF FUNDIDOS,Consumidor Livre,SUDESTE,28.8,0.109667
,2024-12-15,,EBF FUNDIDOS,,,28.8,0.109667
202412.0,2024-12-16,51097.0,EBF FUNDIDOS,Consumidor Livre,SUDESTE,28.8,9.788335
202412.0,2024-12-16,51097.0,EBF FUNDIDOS,Consumidor Livre,SUDESTE,28.8,9.788335
,2024-12-16,,EBF FUNDIDOS,,,28.8,9.788335
202412.0,2024-12-17,51097.0,EBF FUNDIDOS,Consumidor Livre,SUDESTE,28.8,9.670478
202412.0,2024-12-17,51097.0,EBF FUNDIDOS,Consumidor Livre,SUDESTE,28.8,9.670478
,2024-12-17,,EBF FUNDIDOS,,,28.8,9.670478
202412.0,2024-12-18,51097.0,EBF FUNDIDOS,Consumidor Livre,SUDESTE,28.8,8.163343
202412.0,2024-12-18,51097.0,EBF FUNDIDOS,Consumidor Livre,SUDESTE,28.8,8.163343
,2024-12-18,,EBF FUNDIDOS,,,28.8,8.163343
202412.0,2024-12-19,51097.0,EBF FUNDIDOS,Consumidor Livre,SUDESTE,28.8,9.724891
202412.0,2024-12-19,51097.0,EBF FUNDIDOS,Consumidor Livre,SUDESTE,28.8,9.724891
,2024-12-19,,EBF FUNDIDOS,,,28.8,9.724891
202412.0,2024-12-20,51097.0,EBF FUNDIDOS,Consumidor Livre,SUDESTE,28.8,7.88085
202412.0,2024-12-20,51097.0,EBF FUNDIDOS,Consumidor Livre,SUDESTE,28.8,7.88085
,2024-12-20,,EBF FUNDIDOS,,,28.8,7.88085
202412.0,2024-12-21,51097.0,EBF FUNDIDOS,Consumidor Livre,SUDESTE,28.8,0.05398
202412.0,2024-12-21,51097.0,EBF FUNDIDOS,Consumidor Livre,SUDESTE,28.8,0.05398
,2024-12-21,,EBF FUNDIDOS,,,28.8,0.05398
202412.0,2024-12-22,51097.0,EBF FUNDIDOS,Consumidor Livre,SUDESTE,28.8,0.05232
202412.0,2024-12-22,51097.0,EBF FUNDIDOS,Consumidor Livre,SUDESTE,28.8,0.05232
,2024-12-22,,EBF FUNDIDOS,,,28.8,0.05232
202412.0,2024-12-23,51097.0,EBF FUNDIDOS,Consumidor Livre,SUDESTE,28.8,0.11288
202412.0,2024-12-23,51097.0,EBF FUNDIDOS,Consumidor Livre,SUDESTE,28.8,0.11288
,2024-12-23,,EBF FUNDIDOS,,,28.8,0.11288
202412.0,2024-12-24,51097.0,EBF FUNDIDOS,Consumidor Livre,SUDESTE,28.8,0.054529
202412.0,2024-12-24,51097.0,EBF FUNDIDOS,Consumidor Livre,SUDESTE,28.8,0.054529
,2024-12-24,,EBF FUNDIDOS,,,28.8,0.054529
202412.0,2024-12-25,51097.0,EBF FUNDIDOS,Consumidor Livre,SUDESTE,28.8,0.053352
202412.0,2024-12-25,51097.0,EBF FUNDIDOS,Consumidor Livre,SUDESTE,28.8,0.053352
,2024-12-25,,EBF FUNDIDOS,,,28.8,0.053352
202412.0,2024-12-26,51097.0,EBF FUNDIDOS,Consumidor Livre,SUDESTE,28.8,0.102177
202412.0,2024-12-26,51097.0,EBF FUNDIDOS,Consumidor Livre,SUDESTE,28.8,0.102177
,2024-12-26,,EBF FUNDIDOS,,,28.8,0.102177
202412.0,2024-12-27,51097.0,EBF FUNDIDOS,Consumidor Livre,SUDESTE,28.8,0.047484
202412.0,2024-12-27,51097.0,EBF FUNDIDOS,Consumidor Livre,SUDESTE,28.8,0.047484
,2024-12-27,,EBF FUNDIDOS,,,28.8,0.047484
202412.0,2024-12-28,51097.0,EBF FUNDIDOS,Consumidor Livre,SUDESTE,28.8,0.051157
202412.0,2024-12-28,51097.0,EBF FUNDIDOS,Consumidor Livre,SUDESTE,28.8,0.051157
,2024-12-28,,EBF FUNDIDOS,,,28.8,0.051157
202412.0,2024-12-29,51097.0,EBF FUNDIDOS,Consumidor Livre,SUDESTE,28.8,0.049284
202412.0,2024-12-29,51097.0,EBF FUNDIDOS,Consumidor Livre,SUDESTE,28.8,0.049284
,2024-12-29,,EBF FUNDIDOS,,,28.8,0.049284
202412.0,2024-12-30,51097.0,EBF FUNDIDOS,Consumidor Livre,SUDESTE,28.8,0.052194
202412.0,2024-12-30,51097.0,EBF FUNDIDOS,Consumidor Livre,SUDESTE,28.8,0.052194
,2024-12-30,,EBF FUNDIDOS,,,28.8,0.052194
202412.0,2024-12-31,51097.0,EBF FUNDIDOS,Consumidor Livre,SUDESTE,28.8,0.0551139999999999
202412.0,2024-12-31,51097.0,EBF FUNDIDOS,Consumidor Livre,SUDESTE,28.8,0.0551139999999999
,2024-12-31,,EBF FUNDIDOS,,,28.8,0.0551139999999999
202501.0,2025-01-01,51097.0,EBF FUNDIDOS,Consumidor Livre,SUDESTE,28.8,0.054875
202501.0,2025-01-01,51097.0,EBF FUNDIDOS,Consumidor Livre,SUDESTE,28.8,0.054875
,2025-01-01,,EBF FUNDIDOS,,,28.8,0.054875
202501.0,2025-01-02,51097.0,EBF FUNDIDOS,Consumidor Livre,SUDESTE,28.8,0.117379
202501.0,2025-01-02,51097.0,EBF FUNDIDOS,Consumidor Livre,SUDESTE,28.8,0.117379
,2025-01-02,,EBF FUNDIDOS,,,28.8,0.117379
202501.0,2025-01-03,51097.0,EBF FUNDIDOS,Consumidor Livre,SUDESTE,28.8,0.358931
202501.0,2025-01-03,51097.0,EBF FUNDIDOS,Consumidor Livre,SUDESTE,28.8,0.358931
,2025-01-03,,EBF FUNDIDOS,,,28.8,0.358931
202501.0,2025-01-04,51097.0,EBF FUNDIDOS,Consumidor Livre,SUDESTE,28.8,0.161489
202501.0,2025-01-04,51097.0,EBF FUNDIDOS,Consumidor Livre,SUDESTE,28.8,0.161489
,2025-01-04,,EBF FUNDIDOS,,,28.8,0.161489
202501.0,2025-01-05,51097.0,EBF FUNDIDOS,Consumidor Livre,SUDESTE,28.8,0.429599
202501.0,2025-01-05,51097.0,EBF FUNDIDOS,Consumidor Livre,SUDESTE,28.8,0.429599
,2025-01-05,,EBF FUNDIDOS,,,28.8,0.429599
202501.0,2025-01-06,51097.0,EBF FUNDIDOS,Consumidor Livre,SUDESTE,28.8,8.525517
202501.0,2025-01-06,51097.0,EBF FUNDIDOS,Consumidor Livre,SUDESTE,28.8,8.525517
,2025-01-06,,EBF FUNDIDOS,,,28.8,8.525517
202501.0,2025-01-07,51097.0,EBF FUNDIDOS,Consumidor Livre,SUDESTE,28.8,9.616787
202501.0,2025-01-07,51097.0,EBF FUNDIDOS,Consumidor Livre,SUDESTE,28.8,9.616787
,2025-01-07,,EBF FUNDIDOS,,,28.8,9.616787
202501.0,2025-01-08,51097.0,EBF FUNDIDOS,Consumidor Livre,SUDESTE,28.8,9.572677
202501.0,2025-01-08,51097.0,EBF FUNDIDOS,Consumidor Livre,SUDESTE,28.8,9.572677
,2025-01-08,,EBF FUNDIDOS,,,28.8,9.572677
202501.0,2025-01-09,51097.0,EBF FUNDIDOS,Consumidor Livre,SUDESTE,28.8,9.455396
202501.0,2025-01-09,51097.0,EBF FUNDIDOS,Consumidor Livre,SUDESTE,28.8,9.455396
,2025-01-09,,EBF FUNDIDOS,,,28.8,9.455396
202501.0,2025-01-10,51097.0,EBF FUNDIDOS,Consumidor Livre,SUDESTE,28.8,9.371024
202501.0,2025-01-10,51097.0,EBF FUNDIDOS,Consumidor Livre,SUDESTE,28.8,9.371024
,2025-01-10,,EBF FUNDIDOS,,,28.8,9.371024
202501.0,2025-01-11,51097.0,EBF FUNDIDOS,Consumidor Livre,SUDESTE,28.8,0.2200929999999999
202501.0,2025-01-11,51097.0,EBF FUNDIDOS,Consumidor Livre,SUDESTE,28.8,0.2200929999999999
,2025-01-11,,EBF FUNDIDOS,,,28.8,0.2200929999999999
202501.0,2025-01-12,51097.0,EBF FUNDIDOS,Consumidor Livre,SUDESTE,28.8,0.062498
202501.0,2025-01-12,51097.0,EBF FUNDIDOS,Consumidor Livre,SUDESTE,28.8,0.062498
,2025-01-12,,EBF FUNDIDOS,,,28.8,0.062498
202501.0,2025-01-13,51097.0,EBF FUNDIDOS,Consumidor Livre,SUDESTE,28.8,9.942958
202501.0,2025-01-13,51097.0,EBF FUNDIDOS,Consumidor Livre,SUDESTE,28.8,9.942958
,2025-01-13,,EBF FUNDIDOS,,,28.8,9.942958
202501.0,2025-01-14,51097.0,EBF FUNDIDOS,Consumidor Livre,SUDESTE,28.8,9.758946
202501.0,2025-01-14,51097.0,EBF FUNDIDOS,Consumidor Livre,SUDESTE,28.8,9.758946
,2025-01-14,,EBF FUNDIDOS,,,28.8,9.758946
202501.0,2025-01-15,51097.0,EBF FUNDIDOS,Consumidor Livre,SUDESTE,28.8,9.794156
202501.0,2025-01-15,51097.0,EBF FUNDIDOS,Consumidor Livre,SUDESTE,28.8,9.794156
,2025-01-15,,EBF FUNDIDOS,,,28.8,9.794156
202501.0,2025-01-16,51097.0,EBF FUNDIDOS,Consumidor Livre,SUDESTE,28.8,9.567445
202501.0,2025-01-16,51097.0,EBF FUNDIDOS,Consumidor Livre,SUDESTE,28.8,9.567445
,2025-01-16,,EBF FUNDIDOS,,,28.8,9.567445
202501.0,2025-01-17,51097.0,EBF FUNDIDOS,Consumidor Livre,SUDESTE,28.8,9.506403
202501.0,2025-01-17,51097.0,EBF FUNDIDOS,Consumidor Livre,SUDESTE,28.8,9.506403
,2025-01-17,,EBF FUNDIDOS,,,28.8,9.506403
202501.0,2025-01-18,51097.0,EBF FUNDIDOS,Consumidor Livre,SUDESTE,28.8,0.226724
202501.0,2025-01-18,51097.0,EBF FUNDIDOS,Consumidor Livre,SUDESTE,28.8,0.226724
,2025-01-18,,EBF FUNDIDOS,,,28.8,0.226724
202501.0,2025-01-19,51097.0,EBF FUNDIDOS,Consumidor Livre,SUDESTE,28.8,0.076622
202501.0,2025-01-19,51097.0,EBF FUNDIDOS,Consumidor Livre,SUDESTE,28.8,0.076622
,2025-01-19,,EBF FUNDIDOS,,,28.8,0.076622
202501.0,2025-01-20,51097.0,EBF FUNDIDOS,Consumidor Livre,SUDESTE,28.8,9.578905
202501.0,2025-01-20,51097.0,EBF FUNDIDOS,Consumidor Livre,SUDESTE,28.8,9.578905
,2025-01-20,,EBF FUNDIDOS,,,28.8,9.578905
202501.0,2025-01-21,51097.0,EBF FUNDIDOS,Consumidor Livre,SUDESTE,28.8,9.433662
202501.0,2025-01-21,51097.0,EBF FUNDIDOS,Consumidor Livre,SUDESTE,28.8,9.433662
,2025-01-21,,EBF FUNDIDOS,,,28.8,9.433662
202501.0,2025-01-22,51097.0,EBF FUNDIDOS,Consumidor Livre,SUDESTE,28.8,9.366799
202501.0,2025-01-22,51097.0,EBF FUNDIDOS,Consumidor Livre,SUDESTE,28.8,9.366799
,2025-01-22,,EBF FUNDIDOS,,,28.8,9.366799
202501.0,2025-01-23,51097.0,EBF FUNDIDOS,Consumidor Livre,SUDESTE,28.8,9.396963
202501.0,2025-01-23,51097.0,EBF FUNDIDOS,Consumidor Livre,SUDESTE,28.8,9.396963
,2025-01-23,,EBF FUNDIDOS,,,28.8,9.396963
202501.0,2025-01-24,51097.0,EBF FUNDIDOS,Consumidor Livre,SUDESTE,28.8,9.391912
202501.0,2025-01-24,51097.0,EBF FUNDIDOS,Consumidor Livre,SUDESTE,28.8,9.391912
,2025-01-24,,EBF FUNDIDOS,,,28.8,9.391912
202501.0,2025-01-25,51097.0,EBF FUNDIDOS,Consumidor Livre,SUDESTE,28.8,0.197701
202501.0,2025-01-25,51097.0,EBF FUNDIDOS,Consumidor Livre,SUDESTE,28.8,0.197701
,2025-01-25,,EBF FUNDIDOS,,,28.8,0.197701
202501.0,2025-01-26,51097.0,EBF FUNDIDOS,Consumidor Livre,SUDESTE,28.8,0.0680849999999999
202501.0,2025-01-26,51097.0,EBF FUNDIDOS,Consumidor Livre,SUDESTE,28.8,0.0680849999999999
,2025-01-26,,EBF FUNDIDOS,,,28.8,0.0680849999999999
202501.0,2025-01-27,51097.0,EBF FUNDIDOS,Consumidor Livre,SUDESTE,28.8,9.523077
202501.0,2025-01-27,51097.0,EBF FUNDIDOS,Consumidor Livre,SUDESTE,28.8,9.523077
,2025-01-27,,EBF FUNDIDOS,,,28.8,9.523077
202501.0,2025-01-28,51097.0,EBF FUNDIDOS,Consumidor Livre,SUDESTE,28.8,9.405436
202501.0,2025-01-28,51097.0,EBF FUNDIDOS,Consumidor Livre,SUDESTE,28.8,9.405436
,2025-01-28,,EBF FUNDIDOS,,,28.8,9.405436
202501.0,2025-01-29,51097.0,EBF FUNDIDOS,Consumidor Livre,SUDESTE,28.8,7.348183000000001
202501.0,2025-01-29,51097.0,EBF FUNDIDOS,Consumidor Livre,SUDESTE,28.8,7.348183000000001
,2025-01-29,,EBF FUNDIDOS,,,28.8,7.348183000000001
202501.0,2025-01-30,51097.0,EBF FUNDIDOS,Consumidor Livre,SUDESTE,28.8,9.414878
202501.0,2025-01-30,51097.0,EBF FUNDIDOS,Consumidor Livre,SUDESTE,28.8,9.414878
,2025-01-30,,EBF FUNDIDOS,,,28.8,9.414878
202501.0,2025-01-31,51097.0,EBF FUNDIDOS,Consumidor Livre,SUDESTE,28.8,9.317042
202501.0,2025-01-31,51097.0,EBF FUNDIDOS,Consumidor Livre,SUDESTE,28.8,9.317042
,2025-01-31,,EBF FUNDIDOS,,,28.8,9.317042
202502.0,2025-02-01,51097.0,EBF FUNDIDOS,Consumidor Livre,SUDESTE,28.8,0.18537
202502.0,2025-02-01,51097.0,EBF FUNDIDOS,Consumidor Livre,SUDESTE,28.8,0.18537
,2025-02-01,,EBF FUNDIDOS,,,28.8,0.18537
202502.0,2025-02-02,51097.0,EBF FUNDIDOS,Consumidor Livre,SUDESTE,28.8,0.070247
202502.0,2025-02-02,51097.0,EBF FUNDIDOS,Consumidor Livre,SUDESTE,28.8,0.070247
,2025-02-02,,EBF FUNDIDOS,,,28.8,0.070247
202502.0,2025-02-03,51097.0,EBF FUNDIDOS,Consumidor Livre,SUDESTE,28.8,9.688948
202502.0,2025-02-03,51097.0,EBF FUNDIDOS,Consumidor Livre,SUDESTE,28.8,9.688948
,2025-02-03,,EBF FUNDIDOS,,,28.8,9.688948
202502.0,2025-02-04,51097.0,EBF FUNDIDOS,Consumidor Livre,SUDESTE,28.8,9.648362
202502.0,2025-02-04,51097.0,EBF FUNDIDOS,Consumidor Livre,SUDESTE,28.8,9.648362
,2025-02-04,,EBF FUNDIDOS,,,28.8,9.648362
202502.0,2025-02-05,51097.0,EBF FUNDIDOS,Consumidor Livre,SUDESTE,28.8,9.607556
202502.0,2025-02-05,51097.0,EBF FUNDIDOS,Consumidor Livre,SUDESTE,28.8,9.607556
,2025-02-05,,EBF FUNDIDOS,,,28.8,9.607556
202502.0,2025-02-06,51097.0,EBF FUNDIDOS,Consumidor Livre,SUDESTE,28.8,9.678144
202502.0,2025-02-06,51097.0,EBF FUNDIDOS,Consumidor Livre,SUDESTE,28.8,9.678144
,2025-02-06,,EBF FUNDIDOS,,,28.8,9.678144
202502.0,2025-02-07,51097.0,EBF FUNDIDOS,Consumidor Livre,SUDESTE,28.8,9.471113
202502.0,2025-02-07,51097.0,EBF FUNDIDOS,Consumidor Livre,SUDESTE,28.8,9.471113
,2025-02-07,,EBF FUNDIDOS,,,28.8,9.471113
202502.0,2025-02-08,51097.0,EBF FUNDIDOS,Consumidor Livre,SUDESTE,28.8,0.171806
202502.0,2025-02-08,51097.0,EBF FUNDIDOS,Consumidor Livre,SUDESTE,28.8,0.171806
,2025-02-08,,EBF FUNDIDOS,,,28.8,0.171806
202502.0,2025-02-09,51097.0,EBF FUNDIDOS,Consumidor Livre,SUDESTE,28.8,0.658792
202502.0,2025-02-09,51097.0,EBF FUNDIDOS,Consumidor Livre,SUDESTE,28.8,0.658792
,2025-02-09,,EBF FUNDIDOS,,,28.8,0.658792
202502.0,2025-02-10,51097.0,EBF FUNDIDOS,Consumidor Livre,SUDESTE,28.8,10.261629
202502.0,2025-02-10,51097.0,EBF FUNDIDOS,Consumidor Livre,SUDESTE,28.8,10.261629
,2025-02-10,,EBF FUNDIDOS,,,28.8,10.261629
202502.0,2025-02-11,51097.0,EBF FUNDIDOS,Consumidor Livre,SUDESTE,28.8,9.899596
202502.0,2025-02-11,51097.0,EBF FUNDIDOS,Consumidor Livre,SUDESTE,28.8,9.899596
,2025-02-11,,EBF FUNDIDOS,,,28.8,9.899596
202502.0,2025-02-12,51097.0,EBF FUNDIDOS,Consumidor Livre,SUDESTE,28.8,9.782065
202502.0,2025-02-12,51097.0,EBF FUNDIDOS,Consumidor Livre,SUDESTE,28.8,9.782065
,2025-02-12,,EBF FUNDIDOS,,,28.8,9.782065
202502.0,2025-02-13,51097.0,EBF FUNDIDOS,Consumidor Livre,SUDESTE,28.8,9.939693
202502.0,2025-02-13,51097.0,EBF FUNDIDOS,Consumidor Livre,SUDESTE,28.8,9.939693
,2025-02-13,,EBF FUNDIDOS,,,28.8,9.939693
202502.0,2025-02-14,51097.0,EBF FUNDIDOS,Consumidor Livre,SUDESTE,28.8,9.722367
202502.0,2025-02-14,51097.0,EBF FUNDIDOS,Consumidor Livre,SUDESTE,28.8,9.722367
,2025-02-14,,EBF FUNDIDOS,,,28.8,9.722367
202502.0,2025-02-15,51097.0,EBF FUNDIDOS,Consumidor Livre,SUDESTE,28.8,0.315214
202502.0,2025-02-15,51097.0,EBF FUNDIDOS,Consumidor Livre,SUDESTE,28.8,0.315214
,2025-02-15,,EBF FUNDIDOS,,,28.8,0.315214
202502.0,2025-02-16,51097.0,EBF FUNDIDOS,Consumidor Livre,SUDESTE,28.8,0.068259
202502.0,2025-02-16,51097.0,EBF FUNDIDOS,Consumidor Livre,SUDESTE,28.8,0.068259
,2025-02-16,,EBF FUNDIDOS,,,28.8,0.068259
202502.0,2025-02-17,51097.0,EBF FUNDIDOS,Consumidor Livre,SUDESTE,28.8,9.682967
202502.0,2025-02-17,51097.0,EBF FUNDIDOS,Consumidor Livre,SUDESTE,28.8,9.682967
,2025-02-17,,EBF FUNDIDOS,,,28.8,9.682967
202502.0,2025-02-18,51097.0,EBF FUNDIDOS,Consumidor Livre,SUDESTE,28.8,9.594614
202502.0,2025-02-18,51097.0,EBF FUNDIDOS,Consumidor Livre,SUDESTE,28.8,9.594614
,2025-02-18,,EBF FUNDIDOS,,,28.8,9.594614
202502.0,2025-02-19,51097.0,EBF FUNDIDOS,Consumidor Livre,SUDESTE,28.8,9.480773
202502.0,2025-02-19,51097.0,EBF FUNDIDOS,Consumidor Livre,SUDESTE,28.8,9.480773
,2025-02-19,,EBF FUNDIDOS,,,28.8,9.480773
202502.0,2025-02-20,51097.0,EBF FUNDIDOS,Consumidor Livre,SUDESTE,28.8,9.571249
202502.0,2025-02-20,51097.0,EBF FUNDIDOS,Consumidor Livre,SUDESTE,28.8,9.571249
,2025-02-20,,EBF FUNDIDOS,,,28.8,9.571249
202502.0,2025-02-21,51097.0,EBF FUNDIDOS,Consumidor Livre,SUDESTE,28.8,9.48773
202502.0,2025-02-21,51097.0,EBF FUNDIDOS,Consumidor Livre,SUDESTE,28.8,9.48773
,2025-02-21,,EBF FUNDIDOS,,,28.8,9.48773
202502.0,2025-02-22,51097.0,EBF FUNDIDOS,Consumidor Livre,SUDESTE,28.8,0.219285
202502.0,2025-02-22,51097.0,EBF FUNDIDOS,Consumidor Livre,SUDESTE,28.8,0.219285
,2025-02-22,,EBF FUNDIDOS,,,28.8,0.219285
202502.0,2025-02-23,51097.0,EBF FUNDIDOS,Consumidor Livre,SUDESTE,28.8,0.066978
202502.0,2025-02-23,51097.0,EBF FUNDIDOS,Consumidor Livre,SUDESTE,28.8,0.066978
,2025-02-23,,EBF FUNDIDOS,,,28.8,0.066978
202502.0,2025-02-24,51097.0,EBF FUNDIDOS,Consumidor Livre,SUDESTE,28.8,9.854078
202502.0,2025-02-24,51097.0,EBF FUNDIDOS,Consumidor Livre,SUDESTE,28.8,9.854078
,2025-02-24,,EBF FUNDIDOS,,,28.8,9.854078
202502.0,2025-02-25,51097.0,EBF FUNDIDOS,Consumidor Livre,SUDESTE,28.8,9.495579
202502.0,2025-02-25,51097.0,EBF FUNDIDOS,Consumidor Livre,SUDESTE,28.8,9.495579
,2025-02-25,,EBF FUNDIDOS,,,28.8,9.495579
202502.0,2025-02-26,51097.0,EBF FUNDIDOS,Consumidor Livre,SUDESTE,28.8,9.407186
202502.0,2025-02-26,51097.0,EBF FUNDIDOS,Consumidor Livre,SUDESTE,28.8,9.407186
,2025-02-26,,EBF FUNDIDOS,,,28.8,9.407186
202502.0,2025-02-27,51097.0,EBF FUNDIDOS,Consumidor Livre,SUDESTE,28.8,9.503506
202502.0,2025-02-27,51097.0,EBF FUNDIDOS,Consumidor Livre,SUDESTE,28.8,9.503506
,2025-02-27,,EBF FUNDIDOS,,,28.8,9.503506
202502.0,2025-02-28,51097.0,EBF FUNDIDOS,Consumidor Livre,SUDESTE,28.8,9.416312
202502.0,2025-02-28,51097.0,EBF FUNDIDOS,Consumidor Livre,SUDESTE,28.8,9.416312
,2025-02-28,,EBF FUNDIDOS,,,28.8,9.416312
202503.0,2025-03-01,51097.0,EBF FUNDIDOS,Consumidor Livre,SUDESTE,28.8,0.166406
202503.0,2025-03-01,51097.0,EBF FUNDIDOS,Consumidor Livre,SUDESTE,28.8,0.166406
,2025-03-01,,EBF FUNDIDOS,,,28.8,0.166406
202503.0,2025-03-02,51097.0,EBF FUNDIDOS,Consumidor Livre,SUDESTE,28.8,0.058011
202503.0,2025-03-02,51097.0,EBF FUNDIDOS,Consumidor Livre,SUDESTE,28.8,0.058011
,2025-03-02,,EBF FUNDIDOS,,,28.8,0.058011
202503.0,2025-03-03,51097.0,EBF FUNDIDOS,Consumidor Livre,SUDESTE,28.8,0.206101
202503.0,2025-03-03,51097.0,EBF FUNDIDOS,Consumidor Livre,SUDESTE,28.8,0.206101
,2025-03-03,,EBF FUNDIDOS,,,28.8,0.206101
202503.0,2025-03-04,51097.0,EBF FUNDIDOS,Consumidor Livre,SUDESTE,28.8,0.066159
202503.0,2025-03-04,51097.0,EBF FUNDIDOS,Consumidor Livre,SUDESTE,28.8,0.066159
,2025-03-04,,EBF FUNDIDOS,,,28.8,0.066159
202503.0,2025-03-05,51097.0,EBF FUNDIDOS,Consumidor Livre,SUDESTE,28.8,0.202605
202503.0,2025-03-05,51097.0,EBF FUNDIDOS,Consumidor Livre,SUDESTE,28.8,0.202605
,2025-03-05,,EBF FUNDIDOS,,,28.8,0.202605
202503.0,2025-03-06,51097.0,EBF FUNDIDOS,Consumidor Livre,SUDESTE,28.8,9.793897
202503.0,2025-03-06,51097.0,EBF FUNDIDOS,Consumidor Livre,SUDESTE,28.8,9.793897
,2025-03-06,,EBF FUNDIDOS,,,28.8,9.793897
202503.0,2025-03-07,51097.0,EBF FUNDIDOS,Consumidor Livre,SUDESTE,28.8,9.504354
202503.0,2025-03-07,51097.0,EBF FUNDIDOS,Consumidor Livre,SUDESTE,28.8,9.504354
,2025-03-07,,EBF FUNDIDOS,,,28.8,9.504354
202503.0,2025-03-08,51097.0,EBF FUNDIDOS,Consumidor Livre,SUDESTE,28.8,0.251673
202503.0,2025-03-08,51097.0,EBF FUNDIDOS,Consumidor Livre,SUDESTE,28.8,0.251673
,2025-03-08,,EBF FUNDIDOS,,,28.8,0.251673
202503.0,2025-03-09,51097.0,EBF FUNDIDOS,Consumidor Livre,SUDESTE,28.8,0.063069
202503.0,2025-03-09,51097.0,EBF FUNDIDOS,Consumidor Livre,SUDESTE,28.8,0.063069
,2025-03-09,,EBF FUNDIDOS,,,28.8,0.063069
202503.0,2025-03-10,51097.0,EBF FUNDIDOS,Consumidor Livre,SUDESTE,28.8,9.617637
202503.0,2025-03-10,51097.0,EBF FUNDIDOS,Consumidor Livre,SUDESTE,28.8,9.617637
,2025-03-10,,EBF FUNDIDOS,,,28.8,9.617637
202503.0,2025-03-11,51097.0,EBF FUNDIDOS,Consumidor Livre,SUDESTE,28.8,9.507277
202503.0,2025-03-11,51097.0,EBF FUNDIDOS,Consumidor Livre,SUDESTE,28.8,9.507277
,2025-03-11,,EBF FUNDIDOS,,,28.8,9.507277
202503.0,2025-03-12,51097.0,EBF FUNDIDOS,Consumidor Livre,SUDESTE,28.8,9.264284
202503.0,2025-03-12,51097.0,EBF FUNDIDOS,Consumidor Livre,SUDESTE,28.8,9.264284
,2025-03-12,,EBF FUNDIDOS,,,28.8,9.264284
202503.0,2025-03-13,51097.0,EBF FUNDIDOS,Consumidor Livre,SUDESTE,28.8,9.321615
202503.0,2025-03-13,51097.0,EBF FUNDIDOS,Consumidor Livre,SUDESTE,28.8,9.321615
,2025-03-13,,EBF FUNDIDOS,,,28.8,9.321615
202503.0,2025-03-14,51097.0,EBF FUNDIDOS,Consumidor Livre,SUDESTE,28.8,9.267099
202503.0,2025-03-14,51097.0,EBF FUNDIDOS,Consumidor Livre,SUDESTE,28.8,9.267099
,2025-03-14,,EBF FUNDIDOS,,,28.8,9.267099
202503.0,2025-03-15,51097.0,EBF FUNDIDOS,Consumidor Livre,SUDESTE,28.8,0.239075
202503.0,2025-03-15,51097.0,EBF FUNDIDOS,Consumidor Livre,SUDESTE,28.8,0.239075
,2025-03-15,,EBF FUNDIDOS,,,28.8,0.239075
202503.0,2025-03-16,51097.0,EBF FUNDIDOS,Consumidor Livre,SUDESTE,28.8,0.060438
202503.0,2025-03-16,51097.0,EBF FUNDIDOS,Consumidor Livre,SUDESTE,28.8,0.060438
,2025-03-16,,EBF FUNDIDOS,,,28.8,0.060438
202503.0,2025-03-17,51097.0,EBF FUNDIDOS,Consumidor Livre,SUDESTE,28.8,9.345158
202503.0,2025-03-17,51097.0,EBF FUNDIDOS,Consumidor Livre,SUDESTE,28.8,9.345158
,2025-03-17,,EBF FUNDIDOS,,,28.8,9.345158
202503.0,2025-03-18,51097.0,EBF FUNDIDOS,Consumidor Livre,SUDESTE,28.8,9.419984
202503.0,2025-03-18,51097.0,EBF FUNDIDOS,Consumidor Livre,SUDESTE,28.8,9.419984
,2025-03-18,,EBF FUNDIDOS,,,28.8,9.419984
202503.0,2025-03-19,51097.0,EBF FUNDIDOS,Consumidor Livre,SUDESTE,28.8,9.381595
202503.0,2025-03-19,51097.0,EBF FUNDIDOS,Consumidor Livre,SUDESTE,28.8,9.381595
,2025-03-19,,EBF FUNDIDOS,,,28.8,9.381595
202503.0,2025-03-20,51097.0,EBF FUNDIDOS,Consumidor Livre,SUDESTE,28.8,9.242468
202503.0,2025-03-20,51097.0,EBF FUNDIDOS,Consumidor Livre,SUDESTE,28.8,9.242468
,2025-03-20,,EBF FUNDIDOS,,,28.8,9.242468
202503.0,2025-03-21,51097.0,EBF FUNDIDOS,Consumidor Livre,SUDESTE,28.8,9.285572
202503.0,2025-03-21,51097.0,EBF FUNDIDOS,Consumidor Livre,SUDESTE,28.8,9.285572
,2025-03-21,,EBF FUNDIDOS,,,28.8,9.285572
202503.0,2025-03-22,51097.0,EBF FUNDIDOS,Consumidor Livre,SUDESTE,28.8,0.234612
202503.0,2025-03-22,51097.0,EBF FUNDIDOS,Consumidor Livre,SUDESTE,28.8,0.234612
,2025-03-22,,EBF FUNDIDOS,,,28.8,0.234612
202503.0,2025-03-23,51097.0,EBF FUNDIDOS,Consumidor Livre,SUDESTE,28.8,0.064459
202503.0,2025-03-23,51097.0,EBF FUNDIDOS,Consumidor Livre,SUDESTE,28.8,0.064459
,2025-03-23,,EBF FUNDIDOS,,,28.8,0.064459
202503.0,2025-03-24,51097.0,EBF FUNDIDOS,Consumidor Livre,SUDESTE,28.8,9.6799
202503.0,2025-03-24,51097.0,EBF FUNDIDOS,Consumidor Livre,SUDESTE,28.8,9.6799
,2025-03-24,,EBF FUNDIDOS,,,28.8,9.6799
202503.0,2025-03-25,51097.0,EBF FUNDIDOS,Consumidor Livre,SUDESTE,28.8,7.844189
202503.0,2025-03-25,51097.0,EBF FUNDIDOS,Consumidor Livre,SUDESTE,28.8,7.844189
,2025-03-25,,EBF FUNDIDOS,,,28.8,7.844189
202503.0,2025-03-26,51097.0,EBF FUNDIDOS,Consumidor Livre,SUDESTE,28.8,7.729064
202503.0,2025-03-26,51097.0,EBF FUNDIDOS,Consumidor Livre,SUDESTE,28.8,7.729064
,2025-03-26,,EBF FUNDIDOS,,,28.8,7.729064
202503.0,2025-03-27,51097.0,EBF FUNDIDOS,Consumidor Livre,SUDESTE,28.8,7.757626
202503.0,2025-03-27,51097.0,EBF FUNDIDOS,Consumidor Livre,SUDESTE,28.8,7.757626
,2025-03-27,,EBF FUNDIDOS,,,28.8,7.757626
202503.0,2025-03-28,51097.0,EBF FUNDIDOS,Consumidor Livre,SUDESTE,28.8,7.714255
202503.0,2025-03-28,51097.0,EBF FUNDIDOS,Consumidor Livre,SUDESTE,28.8,7.714255
,2025-03-28,,EBF FUNDIDOS,,,28.8,7.714255
202503.0,2025-03-29,51097.0,EBF FUNDIDOS,Consumidor Livre,SUDESTE,28.8,0.245022
202503.0,2025-03-29,51097.0,EBF FUNDIDOS,Consumidor Livre,SUDESTE,28.8,0.245022
,2025-03-29,,EBF FUNDIDOS,,,28.8,0.245022
202503.0,2025-03-30,51097.0,EBF FUNDIDOS,Consumidor Livre,SUDESTE,28.8,0.570201
202503.0,2025-03-30,51097.0,EBF FUNDIDOS,Consumidor Livre,SUDESTE,28.8,0.570201
,2025-03-30,,EBF FUNDIDOS,,,28.8,0.570201
202503.0,2025-03-31,51097.0,EBF FUNDIDOS,Consumidor Livre,SUDESTE,28.8,9.881742
202503.0,2025-03-31,51097.0,EBF FUNDIDOS,Consumidor Livre,SUDESTE,28.8,9.881742
,2025-03-31,,EBF FUNDIDOS,,,28.8,9.881742
202504.0,2025-04-01,51097.0,EBF FUNDIDOS,Consumidor Livre,SUDESTE,28.8,7.681769
202504.0,2025-04-01,51097.0,EBF FUNDIDOS,Consumidor Livre,SUDESTE,28.8,7.681769
,2025-04-01,,EBF FUNDIDOS,,,28.8,7.681769
202504.0,2025-04-02,51097.0,EBF FUNDIDOS,Consumidor Livre,SUDESTE,28.8,7.696657999999999
202504.0,2025-04-02,51097.0,EBF FUNDIDOS,Consumidor Livre,SUDESTE,28.8,7.696657999999999
,2025-04-02,,EBF FUNDIDOS,,,28.8,7.696657999999999
202504.0,2025-04-03,51097.0,EBF FUNDIDOS,Consumidor Livre,SUDESTE,28.8,7.566108
202504.0,2025-04-03,51097.0,EBF FUNDIDOS,Consumidor Livre,SUDESTE,28.8,7.566108
,2025-04-03,,EBF FUNDIDOS,,,28.8,7.566108
202504.0,2025-04-04,51097.0,EBF FUNDIDOS,Consumidor Livre,SUDESTE,28.8,7.615293
202504.0,2025-04-04,51097.0,EBF FUNDIDOS,Consumidor Livre,SUDESTE,28.8,7.615293
,2025-04-04,,EBF FUNDIDOS,,,28.8,7.615293
202504.0,2025-04-05,51097.0,EBF FUNDIDOS,Consumidor Livre,SUDESTE,28.8,0.131145
202504.0,2025-04-05,51097.0,EBF FUNDIDOS,Consumidor Livre,SUDESTE,28.8,0.131145
,2025-04-05,,EBF FUNDIDOS,,,28.8,0.131145
202504.0,2025-04-06,51097.0,EBF FUNDIDOS,Consumidor Livre,SUDESTE,28.8,0.054202
202504.0,2025-04-06,51097.0,EBF FUNDIDOS,Consumidor Livre,SUDESTE,28.8,0.054202
,2025-04-06,,EBF FUNDIDOS,,,28.8,0.054202
202504.0,2025-04-07,51097.0,EBF FUNDIDOS,Consumidor Livre,SUDESTE,28.8,8.012306
202504.0,2025-04-07,51097.0,EBF FUNDIDOS,Consumidor Livre,SUDESTE,28.8,8.012306
,2025-04-07,,EBF FUNDIDOS,,,28.8,8.012306
202504.0,2025-04-08,51097.0,EBF FUNDIDOS,Consumidor Livre,SUDESTE,28.8,7.821545
202504.0,2025-04-08,51097.0,EBF FUNDIDOS,Consumidor Livre,SUDESTE,28.8,7.821545
,2025-04-08,,EBF FUNDIDOS,,,28.8,7.821545
202504.0,2025-04-09,51097.0,EBF FUNDIDOS,Consumidor Livre,SUDESTE,28.8,7.658331
202504.0,2025-04-09,51097.0,EBF FUNDIDOS,Consumidor Livre,SUDESTE,28.8,7.658331
,2025-04-09,,EBF FUNDIDOS,,,28.8,7.658331
202504.0,2025-04-10,51097.0,EBF FUNDIDOS,Consumidor Livre,SUDESTE,28.8,7.740806999999999
202504.0,2025-04-10,51097.0,EBF FUNDIDOS,Consumidor Livre,SUDESTE,28.8,7.740806999999999
,2025-04-10,,EBF FUNDIDOS,,,28.8,7.740806999999999
202504.0,2025-04-11,51097.0,EBF FUNDIDOS,Consumidor Livre,SUDESTE,28.8,7.855012
202504.0,2025-04-11,51097.0,EBF FUNDIDOS,Consumidor Livre,SUDESTE,28.8,7.855012
,2025-04-11,,EBF FUNDIDOS,,,28.8,7.855012
202504.0,2025-04-12,51097.0,EBF FUNDIDOS,Consumidor Livre,SUDESTE,28.8,0.055957
202504.0,2025-04-12,51097.0,EBF FUNDIDOS,Consumidor Livre,SUDESTE,28.8,0.055957
,2025-04-12,,EBF FUNDIDOS,,,28.8,0.055957
202504.0,2025-04-13,51097.0,EBF FUNDIDOS,Consumidor Livre,SUDESTE,28.8,0.055664
202504.0,2025-04-13,51097.0,EBF FUNDIDOS,Consumidor Livre,SUDESTE,28.8,0.055664
,2025-04-13,,EBF FUNDIDOS,,,28.8,0.055664
202504.0,2025-04-14,51097.0,EBF FUNDIDOS,Consumidor Livre,SUDESTE,28.8,7.890102
202504.0,2025-04-14,51097.0,EBF FUNDIDOS,Consumidor Livre,SUDESTE,28.8,7.890102
,2025-04-14,,EBF FUNDIDOS,,,28.8,7.890102
202504.0,2025-04-15,51097.0,EBF FUNDIDOS,Consumidor Livre,SUDESTE,28.8,7.555074
202504.0,2025-04-15,51097.0,EBF FUNDIDOS,Consumidor Livre,SUDESTE,28.8,7.555074
,2025-04-15,,EBF FUNDIDOS,,,28.8,7.555074
202504.0,2025-04-16,51097.0,EBF FUNDIDOS,Consumidor Livre,SUDESTE,28.8,7.644139
202504.0,2025-04-16,51097.0,EBF FUNDIDOS,Consumidor Livre,SUDESTE,28.8,7.644139
,2025-04-16,,EBF FUNDIDOS,,,28.8,7.644139
202504.0,2025-04-17,51097.0,EBF FUNDIDOS,Consumidor Livre,SUDESTE,28.8,7.556421999999999
202504.0,2025-04-17,51097.0,EBF FUNDIDOS,Consumidor Livre,SUDESTE,28.8,7.556421999999999
,2025-04-17,,EBF FUNDIDOS,,,28.8,7.556421999999999
202504.0,2025-04-18,51097.0,EBF FUNDIDOS,Consumidor Livre,SUDESTE,28.8,0.054719
202504.0,2025-04-18,51097.0,EBF FUNDIDOS,Consumidor Livre,SUDESTE,28.8,0.054719
,2025-04-18,,EBF FUNDIDOS,,,28.8,0.054719
202504.0,2025-04-19,51097.0,EBF FUNDIDOS,Consumidor Livre,SUDESTE,28.8,0.181692
202504.0,2025-04-19,51097.0,EBF FUNDIDOS,Consumidor Livre,SUDESTE,28.8,0.181692
,2025-04-19,,EBF FUNDIDOS,,,28.8,0.181692
202504.0,2025-04-20,51097.0,EBF FUNDIDOS,Consumidor Livre,SUDESTE,28.8,0.055031
202504.0,2025-04-20,51097.0,EBF FUNDIDOS,Consumidor Livre,SUDESTE,28.8,0.055031
,2025-04-20,,EBF FUNDIDOS,,,28.8,0.055031
202504.0,2025-04-21,51097.0,EBF FUNDIDOS,Consumidor Livre,SUDESTE,28.8,0.072836
202504.0,2025-04-21,51097.0,EBF FUNDIDOS,Consumidor Livre,SUDESTE,28.8,0.072836
,2025-04-21,,EBF FUNDIDOS,,,28.8,0.072836
202504.0,2025-04-22,51097.0,EBF FUNDIDOS,Consumidor Livre,SUDESTE,28.8,8.009223
202504.0,2025-04-22,51097.0,EBF FUNDIDOS,Consumidor Livre,SUDESTE,28.8,8.009223
,2025-04-22,,EBF FUNDIDOS,,,28.8,8.009223
202504.0,2025-04-23,51097.0,EBF FUNDIDOS,Consumidor Livre,SUDESTE,28.8,7.7753
202504.0,2025-04-23,51097.0,EBF FUNDIDOS,Consumidor Livre,SUDESTE,28.8,7.7753
,2025-04-23,,EBF FUNDIDOS,,,28.8,7.7753
202504.0,2025-04-24,51097.0,EBF FUNDIDOS,Consumidor Livre,SUDESTE,28.8,7.690709
202504.0,2025-04-24,51097.0,EBF FUNDIDOS,Consumidor Livre,SUDESTE,28.8,7.690709
,2025-04-24,,EBF FUNDIDOS,,,28.8,7.690709
202504.0,2025-04-25,51097.0,EBF FUNDIDOS,Consumidor Livre,SUDESTE,28.8,7.752608
202504.0,2025-04-25,51097.0,EBF FUNDIDOS,Consumidor Livre,SUDESTE,28.8,7.752608
,2025-04-25,,EBF FUNDIDOS,,,28.8,7.752608
202504.0,2025-04-26,51097.0,EBF FUNDIDOS,Consumidor Livre,SUDESTE,28.8,0.188946
202504.0,2025-04-26,51097.0,EBF FUNDIDOS,Consumidor Livre,SUDESTE,28.8,0.188946
,2025-04-26,,EBF FUNDIDOS,,,28.8,0.188946
202504.0,2025-04-27,51097.0,EBF FUNDIDOS,Consumidor Livre,SUDESTE,28.8,0.057289
202504.0,2025-04-27,51097.0,EBF FUNDIDOS,Consumidor Livre,SUDESTE,28.8,0.057289
,2025-04-27,,EBF FUNDIDOS,,,28.8,0.057289
202504.0,2025-04-28,51097.0,EBF FUNDIDOS,Consumidor Livre,SUDESTE,28.8,7.901034
202504.0,2025-04-28,51097.0,EBF FUNDIDOS,Consumidor Livre,SUDESTE,28.8,7.901034
,2025-04-28,,EBF FUNDIDOS,,,28.8,7.901034
202504.0,2025-04-29,51097.0,EBF FUNDIDOS,Consumidor Livre,SUDESTE,28.8,7.614194
202504.0,2025-04-29,51097.0,EBF FUNDIDOS,Consumidor Livre,SUDESTE,28.8,7.614194
,2025-04-29,,EBF FUNDIDOS,,,28.8,7.614194
202504.0,2025-04-30,51097.0,EBF FUNDIDOS,Consumidor Livre,SUDESTE,28.8,7.489706
202504.0,2025-04-30,51097.0,EBF FUNDIDOS,Consumidor Livre,SUDESTE,28.8,7.489706
,2025-04-30,,EBF FUNDIDOS,,,28.8,7.489706
202505.0,2025-05-01,51097.0,EBF FUNDIDOS,Consumidor Livre,SUDESTE,28.8,7.558049
202505.0,2025-05-01,51097.0,EBF FUNDIDOS,Consumidor Livre,SUDESTE,28.8,7.558049
,2025-05-01,,EBF FUNDIDOS,,,28.8,7.558049
202505.0,2025-05-02,51097.0,EBF FUNDIDOS,Consumidor Livre,SUDESTE,28.8,0.189664
202505.0,2025-05-02,51097.0,EBF FUNDIDOS,Consumidor Livre,SUDESTE,28.8,0.189664
,2025-05-02,,EBF FUNDIDOS,,,28.8,0.189664
202505.0,2025-05-03,51097.0,EBF FUNDIDOS,Consumidor Livre,SUDESTE,28.8,0.057446
202505.0,2025-05-03,51097.0,EBF FUNDIDOS,Consumidor Livre,SUDESTE,28.8,0.057446
,2025-05-03,,EBF FUNDIDOS,,,28.8,0.057446
202505.0,2025-05-04,51097.0,EBF FUNDIDOS,Consumidor Livre,SUDESTE,28.8,0.057065
202505.0,2025-05-04,51097.0,EBF FUNDIDOS,Consumidor Livre,SUDESTE,28.8,0.057065
,2025-05-04,,EBF FUNDIDOS,,,28.8,0.057065
202505.0,2025-05-05,51097.0,EBF FUNDIDOS,Consumidor Livre,SUDESTE,28.8,8.072225
202505.0,2025-05-05,51097.0,EBF FUNDIDOS,Consumidor Livre,SUDESTE,28.8,8.072225
,2025-05-05,,EBF FUNDIDOS,,,28.8,8.072225
202505.0,2025-05-06,51097.0,EBF FUNDIDOS,Consumidor Livre,SUDESTE,28.8,7.913521
202505.0,2025-05-06,51097.0,EBF FUNDIDOS,Consumidor Livre,SUDESTE,28.8,7.913521
,2025-05-06,,EBF FUNDIDOS,,,28.8,7.913521
202505.0,2025-05-07,51097.0,EBF FUNDIDOS,Consumidor Livre,SUDESTE,28.8,7.815435
202505.0,2025-05-07,51097.0,EBF FUNDIDOS,Consumidor Livre,SUDESTE,28.8,7.815435
,2025-05-07,,EBF FUNDIDOS,,,28.8,7.815435
202505.0,2025-05-08,51097.0,EBF FUNDIDOS,Consumidor Livre,SUDESTE,28.8,7.793678
202505.0,2025-05-08,51097.0,EBF FUNDIDOS,Consumidor Livre,SUDESTE,28.8,7.793678
,2025-05-08,,EBF FUNDIDOS,,,28.8,7.793678
202505.0,2025-05-09,51097.0,EBF FUNDIDOS,Consumidor Livre,SUDESTE,28.8,7.862707
202505.0,2025-05-09,51097.0,EBF FUNDIDOS,Consumidor Livre,SUDESTE,28.8,7.862707
,2025-05-09,,EBF FUNDIDOS,,,28.8,7.862707
202505.0,2025-05-10,51097.0,EBF FUNDIDOS,Consumidor Livre,SUDESTE,28.8,0.107992
202505.0,2025-05-10,51097.0,EBF FUNDIDOS,Consumidor Livre,SUDESTE,28.8,0.107992
,2025-05-10,,EBF FUNDIDOS,,,28.8,0.107992
202505.0,2025-05-11,51097.0,EBF FUNDIDOS,Consumidor Livre,SUDESTE,28.8,0.058274
202505.0,2025-05-11,51097.0,EBF FUNDIDOS,Consumidor Livre,SUDESTE,28.8,0.058274
,2025-05-11,,EBF FUNDIDOS,,,28.8,0.058274
202505.0,2025-05-12,51097.0,EBF FUNDIDOS,Consumidor Livre,SUDESTE,28.8,7.809255
202505.0,2025-05-12,51097.0,EBF FUNDIDOS,Consumidor Livre,SUDESTE,28.8,7.809255
,2025-05-12,,EBF FUNDIDOS,,,28.8,7.809255
202505.0,2025-05-13,51097.0,EBF FUNDIDOS,Consumidor Livre,SUDESTE,28.8,7.766448
202505.0,2025-05-13,51097.0,EBF FUNDIDOS,Consumidor Livre,SUDESTE,28.8,7.766448
,2025-05-13,,EBF FUNDIDOS,,,28.8,7.766448
202505.0,2025-05-14,51097.0,EBF FUNDIDOS,Consumidor Livre,SUDESTE,28.8,7.724837
202505.0,2025-05-14,51097.0,EBF FUNDIDOS,Consumidor Livre,SUDESTE,28.8,7.724837
,2025-05-14,,EBF FUNDIDOS,,,28.8,7.724837
202505.0,2025-05-15,51097.0,EBF FUNDIDOS,Consumidor Livre,SUDESTE,28.8,7.606585
202505.0,2025-05-15,51097.0,EBF FUNDIDOS,Consumidor Livre,SUDESTE,28.8,7.606585
,2025-05-15,,EBF FUNDIDOS,,,28.8,7.606585
202505.0,2025-05-16,51097.0,EBF FUNDIDOS,Consumidor Livre,SUDESTE,28.8,7.429146
202505.0,2025-05-16,51097.0,EBF FUNDIDOS,Consumidor Livre,SUDESTE,28.8,7.429146
,2025-05-16,,EBF FUNDIDOS,,,28.8,7.429146
202505.0,2025-05-17,51097.0,EBF FUNDIDOS,Consumidor Livre,SUDESTE,28.8,0.195551
202505.0,2025-05-17,51097.0,EBF FUNDIDOS,Consumidor Livre,SUDESTE,28.8,0.195551
,2025-05-17,,EBF FUNDIDOS,,,28.8,0.195551
202505.0,2025-05-18,51097.0,EBF FUNDIDOS,Consumidor Livre,SUDESTE,28.8,0.451142
202505.0,2025-05-18,51097.0,EBF FUNDIDOS,Consumidor Livre,SUDESTE,28.8,0.451142
,2025-05-18,,EBF FUNDIDOS,,,28.8,0.451142
202505.0,2025-05-19,51097.0,EBF FUNDIDOS,Consumidor Livre,SUDESTE,28.8,8.866652
202505.0,2025-05-19,51097.0,EBF FUNDIDOS,Consumidor Livre,SUDESTE,28.8,8.866652
,2025-05-19,,EBF FUNDIDOS,,,28.8,8.866652
202505.0,2025-05-20,51097.0,EBF FUNDIDOS,Consumidor Livre,SUDESTE,28.8,7.901326
202505.0,2025-05-20,51097.0,EBF FUNDIDOS,Consumidor Livre,SUDESTE,28.8,7.901326
,2025-05-20,,EBF FUNDIDOS,,,28.8,7.901326
202505.0,2025-05-21,51097.0,EBF FUNDIDOS,Consumidor Livre,SUDESTE,28.8,7.893069000000001
202505.0,2025-05-21,51097.0,EBF FUNDIDOS,Consumidor Livre,SUDESTE,28.8,7.893069000000001
,2025-05-21,,EBF FUNDIDOS,,,28.8,7.893069000000001
202505.0,2025-05-22,51097.0,EBF FUNDIDOS,Consumidor Livre,SUDESTE,28.8,7.849463
202505.0,2025-05-22,51097.0,EBF FUNDIDOS,Consumidor Livre,SUDESTE,28.8,7.849463
,2025-05-22,,EBF FUNDIDOS,,,28.8,7.849463
202505.0,2025-05-23,51097.0,EBF FUNDIDOS,Consumidor Livre,SUDESTE,28.8,7.836184
202505.0,2025-05-23,51097.0,EBF FUNDIDOS,Consumidor Livre,SUDESTE,28.8,7.836184
,2025-05-23,,EBF FUNDIDOS,,,28.8,7.836184
202505.0,2025-05-24,51097.0,EBF FUNDIDOS,Consumidor Livre,SUDESTE,28.8,0.183227
202505.0,2025-05-24,51097.0,EBF FUNDIDOS,Consumidor Livre,SUDESTE,28.8,0.183227
,2025-05-24,,EBF FUNDIDOS,,,28.8,0.183227
202505.0,2025-05-25,51097.0,EBF FUNDIDOS,Consumidor Livre,SUDESTE,28.8,0.04633
202505.0,2025-05-25,51097.0,EBF FUNDIDOS,Consumidor Livre,SUDESTE,28.8,0.04633
,2025-05-25,,EBF FUNDIDOS,,,28.8,0.04633
202505.0,2025-05-26,51097.0,EBF FUNDIDOS,Consumidor Livre,SUDESTE,28.8,7.872468
202505.0,2025-05-26,51097.0,EBF FUNDIDOS,Consumidor Livre,SUDESTE,28.8,7.872468
,2025-05-26,,EBF FUNDIDOS,,,28.8,7.872468
202505.0,2025-05-27,51097.0,EBF FUNDIDOS,Consumidor Livre,SUDESTE,28.8,7.805415
202505.0,2025-05-27,51097.0,EBF FUNDIDOS,Consumidor Livre,SUDESTE,28.8,7.805415
,2025-05-27,,EBF FUNDIDOS,,,28.8,7.805415
202505.0,2025-05-28,51097.0,EBF FUNDIDOS,Consumidor Livre,SUDESTE,28.8,7.723094
202505.0,2025-05-28,51097.0,EBF FUNDIDOS,Consumidor Livre,SUDESTE,28.8,7.723094
,2025-05-28,,EBF FUNDIDOS,,,28.8,7.723094
202505.0,2025-05-29,51097.0,EBF FUNDIDOS,Consumidor Livre,SUDESTE,28.8,7.811413
202505.0,2025-05-29,51097.0,EBF FUNDIDOS,Consumidor Livre,SUDESTE,28.8,7.811413
,2025-05-29,,EBF FUNDIDOS,,,28.8,7.811413
202505.0,2025-05-30,51097.0,EBF FUNDIDOS,Consumidor Livre,SUDESTE,28.8,7.748234
202505.0,2025-05-30,51097.0,EBF FUNDIDOS,Consumidor Livre,SUDESTE,28.8,7.748234
,2025-05-30,,EBF FUNDIDOS,,,28.8,7.748234
202505.0,2025-05-31,51097.0,EBF FUNDIDOS,Consumidor Livre,SUDESTE,28.8,0.206174
202505.0,2025-05-31,51097.0,EBF FUNDIDOS,Consumidor Livre,SUDESTE,28.8,0.206174
,2025-05-31,,EBF FUNDIDOS,,,28.8,0.206174
202506.0,2025-06-01,51097.0,EBF FUNDIDOS,Consumidor Livre,SUDESTE,28.8,0.068479
202506.0,2025-06-01,51097.0,EBF FUNDIDOS,Consumidor Livre,SUDESTE,28.8,0.068479
,2025-06-01,,EBF FUNDIDOS,,,28.8,0.068479
202506.0,2025-06-02,51097.0,EBF FUNDIDOS,Consumidor Livre,SUDESTE,28.8,8.069898
202506.0,2025-06-02,51097.0,EBF FUNDIDOS,Consumidor Livre,SUDESTE,28.8,8.069898
,2025-06-02,,EBF FUNDIDOS,,,28.8,8.069898
202506.0,2025-06-03,51097.0,EBF FUNDIDOS,Consumidor Livre,SUDESTE,28.8,7.950646
202506.0,2025-06-03,51097.0,EBF FUNDIDOS,Consumidor Livre,SUDESTE,28.8,7.950646
,2025-06-03,,EBF FUNDIDOS,,,28.8,7.950646
202506.0,2025-06-04,51097.0,EBF FUNDIDOS,Consumidor Livre,SUDESTE,28.8,8.006629
202506.0,2025-06-04,51097.0,EBF FUNDIDOS,Consumidor Livre,SUDESTE,28.8,8.006629
,2025-06-04,,EBF FUNDIDOS,,,28.8,8.006629
202506.0,2025-06-05,51097.0,EBF FUNDIDOS,Consumidor Livre,SUDESTE,28.8,8.006168
202506.0,2025-06-05,51097.0,EBF FUNDIDOS,Consumidor Livre,SUDESTE,28.8,8.006168
,2025-06-05,,EBF FUNDIDOS,,,28.8,8.006168
202506.0,2025-06-06,51097.0,EBF FUNDIDOS,Consumidor Livre,SUDESTE,28.8,7.801267999999999
202506.0,2025-06-06,51097.0,EBF FUNDIDOS,Consumidor Livre,SUDESTE,28.8,7.801267999999999
,2025-06-06,,EBF FUNDIDOS,,,28.8,7.801267999999999
202506.0,2025-06-07,51097.0,EBF FUNDIDOS,Consumidor Livre,SUDESTE,28.8,0.184684
202506.0,2025-06-07,51097.0,EBF FUNDIDOS,Consumidor Livre,SUDESTE,28.8,0.184684
,2025-06-07,,EBF FUNDIDOS,,,28.8,0.184684
202506.0,2025-06-08,51097.0,EBF FUNDIDOS,Consumidor Livre,SUDESTE,28.8,0.0665449999999999
202506.0,2025-06-08,51097.0,EBF FUNDIDOS,Consumidor Livre,SUDESTE,28.8,0.0665449999999999
,2025-06-08,,EBF FUNDIDOS,,,28.8,0.0665449999999999
202506.0,2025-06-09,51097.0,EBF FUNDIDOS,Consumidor Livre,SUDESTE,28.8,7.933160000000001
202506.0,2025-06-09,51097.0,EBF FUNDIDOS,Consumidor Livre,SUDESTE,28.8,7.933160000000001
,2025-06-09,,EBF FUNDIDOS,,,28.8,7.933160000000001
202506.0,2025-06-10,51097.0,EBF FUNDIDOS,Consumidor Livre,SUDESTE,28.8,7.67951
202506.0,2025-06-10,51097.0,EBF FUNDIDOS,Consumidor Livre,SUDESTE,28.8,7.67951
,2025-06-10,,EBF FUNDIDOS,,,28.8,7.67951
202506.0,2025-06-11,51097.0,EBF FUNDIDOS,Consumidor Livre,SUDESTE,28.8,7.843182
202506.0,2025-06-11,51097.0,EBF FUNDIDOS,Consumidor Livre,SUDESTE,28.8,7.843182
,2025-06-11,,EBF FUNDIDOS,,,28.8,7.843182
202506.0,2025-06-12,51097.0,EBF FUNDIDOS,Consumidor Livre,SUDESTE,28.8,7.653632
202506.0,2025-06-12,51097.0,EBF FUNDIDOS,Consumidor Livre,SUDESTE,28.8,7.653632
,2025-06-12,,EBF FUNDIDOS,,,28.8,7.653632
202506.0,2025-06-13,51097.0,EBF FUNDIDOS,Consumidor Livre,SUDESTE,28.8,7.821004
202506.0,2025-06-13,51097.0,EBF FUNDIDOS,Consumidor Livre,SUDESTE,28.8,7.821004
,2025-06-13,,EBF FUNDIDOS,,,28.8,7.821004
202506.0,2025-06-14,51097.0,EBF FUNDIDOS,Consumidor Livre,SUDESTE,28.8,0.215975
202506.0,2025-06-14,51097.0,EBF FUNDIDOS,Consumidor Livre,SUDESTE,28.8,0.215975
,2025-06-14,,EBF FUNDIDOS,,,28.8,0.215975
202506.0,2025-06-15,51097.0,EBF FUNDIDOS,Consumidor Livre,SUDESTE,28.8,0.056913
202506.0,2025-06-15,51097.0,EBF FUNDIDOS,Consumidor Livre,SUDESTE,28.8,0.056913
,2025-06-15,,EBF FUNDIDOS,,,28.8,0.056913
202506.0,2025-06-16,51097.0,EBF FUNDIDOS,Consumidor Livre,SUDESTE,28.8,8.165413000000001
202506.0,2025-06-16,51097.0,EBF FUNDIDOS,Consumidor Livre,SUDESTE,28.8,8.165413000000001
,2025-06-16,,EBF FUNDIDOS,,,28.8,8.165413000000001
202506.0,2025-06-17,51097.0,EBF FUNDIDOS,Consumidor Livre,SUDESTE,28.8,8.035803
202506.0,2025-06-17,51097.0,EBF FUNDIDOS,Consumidor Livre,SUDESTE,28.8,8.035803
,2025-06-17,,EBF FUNDIDOS,,,28.8,8.035803
202506.0,2025-06-18,51097.0,EBF FUNDIDOS,Consumidor Livre,SUDESTE,28.8,8.050101999999999
202506.0,2025-06-18,51097.0,EBF FUNDIDOS,Consumidor Livre,SUDESTE,28.8,8.050101999999999
,2025-06-18,,EBF FUNDIDOS,,,28.8,8.050101999999999
202506.0,2025-06-19,51097.0,EBF FUNDIDOS,Consumidor Livre,SUDESTE,28.8,0.055275
202506.0,2025-06-19,51097.0,EBF FUNDIDOS,Consumidor Livre,SUDESTE,28.8,0.055275
,2025-06-19,,EBF FUNDIDOS,,,28.8,0.055275
202506.0,2025-06-20,51097.0,EBF FUNDIDOS,Consumidor Livre,SUDESTE,28.8,8.010428
202506.0,2025-06-20,51097.0,EBF FUNDIDOS,Consumidor Livre,SUDESTE,28.8,8.010428
,2025-06-20,,EBF FUNDIDOS,,,28.8,8.010428
202506.0,2025-06-21,51097.0,EBF FUNDIDOS,Consumidor Livre,SUDESTE,28.8,0.196209
202506.0,2025-06-21,51097.0,EBF FUNDIDOS,Consumidor Livre,SUDESTE,28.8,0.196209
,2025-06-21,,EBF FUNDIDOS,,,28.8,0.196209
202506.0,2025-06-22,51097.0,EBF FUNDIDOS,Consumidor Livre,SUDESTE,28.8,0.05757
202506.0,2025-06-22,51097.0,EBF FUNDIDOS,Consumidor Livre,SUDESTE,28.8,0.05757
,2025-06-22,,EBF FUNDIDOS,,,28.8,0.05757
202506.0,2025-06-23,51097.0,EBF FUNDIDOS,Consumidor Livre,SUDESTE,28.8,7.746189999999999
202506.0,2025-06-23,51097.0,EBF FUNDIDOS,Consumidor Livre,SUDESTE,28.8,7.746189999999999
,2025-06-23,,EBF FUNDIDOS,,,28.8,7.746189999999999
202506.0,2025-06-24,51097.0,EBF FUNDIDOS,Consumidor Livre,SUDESTE,28.8,7.672355
202506.0,2025-06-24,51097.0,EBF FUNDIDOS,Consumidor Livre,SUDESTE,28.8,7.672355
,2025-06-24,,EBF FUNDIDOS,,,28.8,7.672355
202506.0,2025-06-25,51097.0,EBF FUNDIDOS,Consumidor Livre,SUDESTE,28.8,7.662837
202506.0,2025-06-25,51097.0,EBF FUNDIDOS,Consumidor Livre,SUDESTE,28.8,7.662837
,2025-06-25,,EBF FUNDIDOS,,,28.8,7.662837
202506.0,2025-06-26,51097.0,EBF FUNDIDOS,Consumidor Livre,SUDESTE,28.8,7.912052
202506.0,2025-06-26,51097.0,EBF FUNDIDOS,Consumidor Livre,SUDESTE,28.8,7.912052
,2025-06-26,,EBF FUNDIDOS,,,28.8,7.912052
202506.0,2025-06-27,51097.0,EBF FUNDIDOS,Consumidor Livre,SUDESTE,28.8,7.791665
202506.0,2025-06-27,51097.0,EBF FUNDIDOS,Consumidor Livre,SUDESTE,28.8,7.791665
,2025-06-27,,EBF FUNDIDOS,,,28.8,7.791665
202506.0,2025-06-28,51097.0,EBF FUNDIDOS,Consumidor Livre,SUDESTE,28.8,0.198098
202506.0,2025-06-28,51097.0,EBF FUNDIDOS,Consumidor Livre,SUDESTE,28.8,0.198098
,2025-06-28,,EBF FUNDIDOS,,,28.8,0.198098
202506.0,2025-06-29,51097.0,EBF FUNDIDOS,Consumidor Livre,SUDESTE,28.8,0.054205
202506.0,2025-06-29,51097.0,EBF FUNDIDOS,Consumidor Livre,SUDESTE,28.8,0.054205
,2025-06-29,,EBF FUNDIDOS,,,28.8,0.054205
202506.0,2025-06-30,51097.0,EBF FUNDIDOS,Consumidor Livre,SUDESTE,28.8,8.010071
202506.0,2025-06-30,51097.0,EBF FUNDIDOS,Consumidor Livre,SUDESTE,28.8,8.010071
,2025-06-30,,EBF FUNDIDOS,,,28.8,8.010071
202507.0,2025-07-01,51097.0,EBF FUNDIDOS,Consumidor Livre,SUDESTE,28.8,7.930611
202507.0,2025-07-01,51097.0,EBF FUNDIDOS,Consumidor Livre,SUDESTE,28.8,7.930611
,2025-07-01,,EBF FUNDIDOS,,,28.8,7.930611
202507.0,2025-07-02,51097.0,EBF FUNDIDOS,Consumidor Livre,SUDESTE,28.8,8.088471
202507.0,2025-07-02,51097.0,EBF FUNDIDOS,Consumidor Livre,SUDESTE,28.8,8.088471
,2025-07-02,,EBF FUNDIDOS,,,28.8,8.088471
202507.0,2025-07-03,51097.0,EBF FUNDIDOS,Consumidor Livre,SUDESTE,28.8,8.038733
202507.0,2025-07-03,51097.0,EBF FUNDIDOS,Consumidor Livre,SUDESTE,28.8,8.038733
,2025-07-03,,EBF FUNDIDOS,,,28.8,8.038733
202507.0,2025-07-04,51097.0,EBF FUNDIDOS,Consumidor Livre,SUDESTE,28.8,7.98724
202507.0,2025-07-04,51097.0,EBF FUNDIDOS,Consumidor Livre,SUDESTE,28.8,7.98724
,2025-07-04,,EBF FUNDIDOS,,,28.8,7.98724
202507.0,2025-07-05,51097.0,EBF FUNDIDOS,Consumidor Livre,SUDESTE,28.8,0.186352
202507.0,2025-07-05,51097.0,EBF FUNDIDOS,Consumidor Livre,SUDESTE,28.8,0.186352
,2025-07-05,,EBF FUNDIDOS,,,28.8,0.186352
202507.0,2025-07-06,51097.0,EBF FUNDIDOS,Consumidor Livre,SUDESTE,28.8,0.055224
202507.0,2025-07-06,51097.0,EBF FUNDIDOS,Consumidor Livre,SUDESTE,28.8,0.055224
,2025-07-06,,EBF FUNDIDOS,,,28.8,0.055224
202507.0,2025-07-07,51097.0,EBF FUNDIDOS,Consumidor Livre,SUDESTE,28.8,7.937787
202507.0,2025-07-07,51097.0,EBF FUNDIDOS,Consumidor Livre,SUDESTE,28.8,7.937787
,2025-07-07,,EBF FUNDIDOS,,,28.8,7.937787
202507.0,2025-07-08,51097.0,EBF FUNDIDOS,Consumidor Livre,SUDESTE,28.8,7.834161
202507.0,2025-07-08,51097.0,EBF FUNDIDOS,Consumidor Livre,SUDESTE,28.8,7.834161
,2025-07-08,,EBF FUNDIDOS,,,28.8,7.834161
202507.0,2025-07-09,51097.0,EBF FUNDIDOS,Consumidor Livre,SUDESTE,28.8,7.793206
202507.0,2025-07-09,51097.0,EBF FUNDIDOS,Consumidor Livre,SUDESTE,28.8,7.793206
,2025-07-09,,EBF FUNDIDOS,,,28.8,7.793206
202507.0,2025-07-10,51097.0,EBF FUNDIDOS,Consumidor Livre,SUDESTE,28.8,7.856926
202507.0,2025-07-10,51097.0,EBF FUNDIDOS,Consumidor Livre,SUDESTE,28.8,7.856926
,2025-07-10,,EBF FUNDIDOS,,,28.8,7.856926
202507.0,2025-07-11,51097.0,EBF FUNDIDOS,Consumidor Livre,SUDESTE,28.8,7.692228
202507.0,2025-07-11,51097.0,EBF FUNDIDOS,Consumidor Livre,SUDESTE,28.8,7.692228
,2025-07-11,,EBF FUNDIDOS,,,28.8,7.692228
202507.0,2025-07-12,51097.0,EBF FUNDIDOS,Consumidor Livre,SUDESTE,28.8,0.194679
202507.0,2025-07-12,51097.0,EBF FUNDIDOS,Consumidor Livre,SUDESTE,28.8,0.194679
,2025-07-12,,EBF FUNDIDOS,,,28.8,0.194679
202507.0,2025-07-13,51097.0,EBF FUNDIDOS,Consumidor Livre,SUDESTE,28.8,0.056878
202507.0,2025-07-13,51097.0,EBF FUNDIDOS,Consumidor Livre,SUDESTE,28.8,0.056878
,2025-07-13,,EBF FUNDIDOS,,,28.8,0.056878
202507.0,2025-07-14,51097.0,EBF FUNDIDOS,Consumidor Livre,SUDESTE,28.8,7.829161
202507.0,2025-07-14,51097.0,EBF FUNDIDOS,Consumidor Livre,SUDESTE,28.8,7.829161
,2025-07-14,,EBF FUNDIDOS,,,28.8,7.829161
202507.0,2025-07-15,51097.0,EBF FUNDIDOS,Consumidor Livre,SUDESTE,28.8,7.999076
202507.0,2025-07-15,51097.0,EBF FUNDIDOS,Consumidor Livre,SUDESTE,28.8,7.999076
,2025-07-15,,EBF FUNDIDOS,,,28.8,7.999076
202507.0,2025-07-16,51097.0,EBF FUNDIDOS,Consumidor Livre,SUDESTE,28.8,7.985468
202507.0,2025-07-16,51097.0,EBF FUNDIDOS,Consumidor Livre,SUDESTE,28.8,7.985468
,2025-07-16,,EBF FUNDIDOS,,,28.8,7.985468
202507.0,2025-07-17,51097.0,EBF FUNDIDOS,Consumidor Livre,SUDESTE,28.8,8.020876
202507.0,2025-07-17,51097.0,EBF FUNDIDOS,Consumidor Livre,SUDESTE,28.8,8.020876
,2025-07-17,,EBF FUNDIDOS,,,28.8,8.020876
202507.0,2025-07-18,51097.0,EBF FUNDIDOS,Consumidor Livre,SUDESTE,28.8,7.944004
202507.0,2025-07-18,51097.0,EBF FUNDIDOS,Consumidor Livre,SUDESTE,28.8,7.944004
,2025-07-18,,EBF FUNDIDOS,,,28.8,7.944004
202507.0,2025-07-19,51097.0,EBF FUNDIDOS,Consumidor Livre,SUDESTE,28.8,0.2286399999999999
202507.0,2025-07-19,51097.0,EBF FUNDIDOS,Consumidor Livre,SUDESTE,28.8,0.2286399999999999
,2025-07-19,,EBF FUNDIDOS,,,28.8,0.2286399999999999
202507.0,2025-07-20,51097.0,EBF FUNDIDOS,Consumidor Livre,SUDESTE,28.8,0.645587
202507.0,2025-07-20,51097.0,EBF FUNDIDOS,Consumidor Livre,SUDESTE,28.8,0.645587
,2025-07-20,,EBF FUNDIDOS,,,28.8,0.645587
202507.0,2025-07-21,51097.0,EBF FUNDIDOS,Consumidor Livre,SUDESTE,28.8,8.516
202507.0,2025-07-21,51097.0,EBF FUNDIDOS,Consumidor Livre,SUDESTE,28.8,8.516
,2025-07-21,,EBF FUNDIDOS,,,28.8,8.516
202507.0,2025-07-22,51097.0,EBF FUNDIDOS,Consumidor Livre,SUDESTE,28.8,7.773599
202507.0,2025-07-22,51097.0,EBF FUNDIDOS,Consumidor Livre,SUDESTE,28.8,7.773599
,2025-07-22,,EBF FUNDIDOS,,,28.8,7.773599
202507.0,2025-07-23,51097.0,EBF FUNDIDOS,Consumidor Livre,SUDESTE,28.8,7.779801999999999
202507.0,2025-07-23,51097.0,EBF FUNDIDOS,Consumidor Livre,SUDESTE,28.8,7.779801999999999
,2025-07-23,,EBF FUNDIDOS,,,28.8,7.779801999999999
202507.0,2025-07-24,51097.0,EBF FUNDIDOS,Consumidor Livre,SUDESTE,28.8,7.793181
202507.0,2025-07-24,51097.0,EBF FUNDIDOS,Consumidor Livre,SUDESTE,28.8,7.793181
,2025-07-24,,EBF FUNDIDOS,,,28.8,7.793181
202507.0,2025-07-25,51097.0,EBF FUNDIDOS,Consumidor Livre,SUDESTE,28.8,7.953076
202507.0,2025-07-25,51097.0,EBF FUNDIDOS,Consumidor Livre,SUDESTE,28.8,7.953076
,2025-07-25,,EBF FUNDIDOS,,,28.8,7.953076
202507.0,2025-07-26,51097.0,EBF FUNDIDOS,Consumidor Livre,SUDESTE,28.8,0.266506
202507.0,2025-07-26,51097.0,EBF FUNDIDOS,Consumidor Livre,SUDESTE,28.8,0.266506
,2025-07-26,,EBF FUNDIDOS,,,28.8,0.266506
202507.0,2025-07-27,51097.0,EBF FUNDIDOS,Consumidor Livre,SUDESTE,28.8,0.055088
202507.0,2025-07-27,51097.0,EBF FUNDIDOS,Consumidor Livre,SUDESTE,28.8,0.055088
,2025-07-27,,EBF FUNDIDOS,,,28.8,0.055088
202507.0,2025-07-28,51097.0,EBF FUNDIDOS,Consumidor Livre,SUDESTE,28.8,8.019577
202507.0,2025-07-28,51097.0,EBF FUNDIDOS,Consumidor Livre,SUDESTE,28.8,8.019577
,2025-07-28,,EBF FUNDIDOS,,,28.8,8.019577
202507.0,2025-07-29,51097.0,EBF FUNDIDOS,Consumidor Livre,SUDESTE,28.8,7.752302999999999
202507.0,2025-07-29,51097.0,EBF FUNDIDOS,Consumidor Livre,SUDESTE,28.8,7.752302999999999
,2025-07-29,,EBF FUNDIDOS,,,28.8,7.752302999999999
202507.0,2025-07-30,51097.0,EBF FUNDIDOS,Consumidor Livre,SUDESTE,28.8,7.853686
202507.0,2025-07-30,51097.0,EBF FUNDIDOS,Consumidor Livre,SUDESTE,28.8,7.853686
,2025-07-30,,EBF FUNDIDOS,,,28.8,7.853686
202507.0,2025-07-31,51097.0,EBF FUNDIDOS,Consumidor Livre,SUDESTE,28.8,7.914134999999999
202507.0,2025-07-31,51097.0,EBF FUNDIDOS,Consumidor Livre,SUDESTE,28.8,7.914134999999999
,2025-07-31,,EBF FUNDIDOS,,,28.8,7.914134999999999
202508.0,2025-08-01,51097.0,EBF FUNDIDOS,Consumidor Livre,SUDESTE,28.8,8.036044
202508.0,2025-08-01,51097.0,EBF FUNDIDOS,Consumidor Livre,SUDESTE,28.8,8.036044
,2025-08-01,,EBF FUNDIDOS,,,28.8,8.036044
202508.0,2025-08-02,51097.0,EBF FUNDIDOS,Consumidor Livre,SUDESTE,28.8,0.233647
202508.0,2025-08-02,51097.0,EBF FUNDIDOS,Consumidor Livre,SUDESTE,28.8,0.233647
,2025-08-02,,EBF FUNDIDOS,,,28.8,0.233647
202508.0,2025-08-03,51097.0,EBF FUNDIDOS,Consumidor Livre,SUDESTE,28.8,0.059142
202508.0,2025-08-03,51097.0,EBF FUNDIDOS,Consumidor Livre,SUDESTE,28.8,0.059142
,2025-08-03,,EBF FUNDIDOS,,,28.8,0.059142
202508.0,2025-08-04,51097.0,EBF FUNDIDOS,Consumidor Livre,SUDESTE,28.8,7.984180999999999
202508.0,2025-08-04,51097.0,EBF FUNDIDOS,Consumidor Livre,SUDESTE,28.8,7.984180999999999
,2025-08-04,,EBF FUNDIDOS,,,28.8,7.984180999999999
202508.0,2025-08-05,51097.0,EBF FUNDIDOS,Consumidor Livre,SUDESTE,28.8,7.870026
202508.0,2025-08-05,51097.0,EBF FUNDIDOS,Consumidor Livre,SUDESTE,28.8,7.870026
,2025-08-05,,EBF FUNDIDOS,,,28.8,7.870026
202508.0,2025-08-06,51097.0,EBF FUNDIDOS,Consumidor Livre,SUDESTE,28.8,7.897683
202508.0,2025-08-06,51097.0,EBF FUNDIDOS,Consumidor Livre,SUDESTE,28.8,7.897683
,2025-08-06,,EBF FUNDIDOS,,,28.8,7.897683
202508.0,2025-08-07,51097.0,EBF FUNDIDOS,Consumidor Livre,SUDESTE,28.8,7.867734
202508.0,2025-08-07,51097.0,EBF FUNDIDOS,Consumidor Livre,SUDESTE,28.8,7.867734
,2025-08-07,,EBF FUNDIDOS,,,28.8,7.867734
202508.0,2025-08-08,51097.0,EBF FUNDIDOS,Consumidor Livre,SUDESTE,28.8,7.747357
202508.0,2025-08-08,51097.0,EBF FUNDIDOS,Consumidor Livre,SUDESTE,28.8,7.747357
,2025-08-08,,EBF FUNDIDOS,,,28.8,7.747357
202508.0,2025-08-09,51097.0,EBF FUNDIDOS,Consumidor Livre,SUDESTE,28.8,0.084953
202508.0,2025-08-09,51097.0,EBF FUNDIDOS,Consumidor Livre,SUDESTE,28.8,0.084953
,2025-08-09,,EBF FUNDIDOS,,,28.8,0.084953
202508.0,2025-08-10,51097.0,EBF FUNDIDOS,Consumidor Livre,SUDESTE,28.8,0.059328
202508.0,2025-08-10,51097.0,EBF FUNDIDOS,Consumidor Livre,SUDESTE,28.8,0.059328
,2025-08-10,,EBF FUNDIDOS,,,28.8,0.059328
202508.0,2025-08-11,51097.0,EBF FUNDIDOS,Consumidor Livre,SUDESTE,28.8,8.147004
202508.0,2025-08-11,51097.0,EBF FUNDIDOS,Consumidor Livre,SUDESTE,28.8,8.147004
,2025-08-11,,EBF FUNDIDOS,,,28.8,8.147004
202508.0,2025-08-12,51097.0,EBF FUNDIDOS,Consumidor Livre,SUDESTE,28.8,8.168443
202508.0,2025-08-12,51097.0,EBF FUNDIDOS,Consumidor Livre,SUDESTE,28.8,8.168443
,2025-08-12,,EBF FUNDIDOS,,,28.8,8.168443
202508.0,2025-08-13,51097.0,EBF FUNDIDOS,Consumidor Livre,SUDESTE,28.8,7.945209999999999
202508.0,2025-08-13,51097.0,EBF FUNDIDOS,Consumidor Livre,SUDESTE,28.8,7.945209999999999
,2025-08-13,,EBF FUNDIDOS,,,28.8,7.945209999999999
202508.0,2025-08-14,51097.0,EBF FUNDIDOS,Consumidor Livre,SUDESTE,28.8,8.079695
202508.0,2025-08-14,51097.0,EBF FUNDIDOS,Consumidor Livre,SUDESTE,28.8,8.079695
,2025-08-14,,EBF FUNDIDOS,,,28.8,8.079695
202508.0,2025-08-15,51097.0,EBF FUNDIDOS,Consumidor Livre,SUDESTE,28.8,7.905158
202508.0,2025-08-15,51097.0,EBF FUNDIDOS,Consumidor Livre,SUDESTE,28.8,7.905158
,2025-08-15,,EBF FUNDIDOS,,,28.8,7.905158
202508.0,2025-08-16,51097.0,EBF FUNDIDOS,Consumidor Livre,SUDESTE,28.8,0.243475
202508.0,2025-08-16,51097.0,EBF FUNDIDOS,Consumidor Livre,SUDESTE,28.8,0.243475
,2025-08-16,,EBF FUNDIDOS,,,28.8,0.243475
202508.0,2025-08-17,51097.0,EBF FUNDIDOS,Consumidor Livre,SUDESTE,28.8,0.067057
202508.0,2025-08-17,51097.0,EBF FUNDIDOS,Consumidor Livre,SUDESTE,28.8,0.067057
,2025-08-17,,EBF FUNDIDOS,,,28.8,0.067057
202508.0,2025-08-18,51097.0,EBF FUNDIDOS,Consumidor Livre,SUDESTE,28.8,8.017794
202508.0,2025-08-18,51097.0,EBF FUNDIDOS,Consumidor Livre,SUDESTE,28.8,8.017794
,2025-08-18,,EBF FUNDIDOS,,,28.8,8.017794
202508.0,2025-08-19,51097.0,EBF FUNDIDOS,Consumidor Livre,SUDESTE,28.8,7.861339
202508.0,2025-08-19,51097.0,EBF FUNDIDOS,Consumidor Livre,SUDESTE,28.8,7.861339
,2025-08-19,,EBF FUNDIDOS,,,28.8,7.861339
202508.0,2025-08-20,51097.0,EBF FUNDIDOS,Consumidor Livre,SUDESTE,28.8,7.887207
202508.0,2025-08-20,51097.0,EBF FUNDIDOS,Consumidor Livre,SUDESTE,28.8,7.887207
,2025-08-20,,EBF FUNDIDOS,,,28.8,7.887207
202508.0,2025-08-21,51097.0,EBF FUNDIDOS,Consumidor Livre,SUDESTE,28.8,7.784395
202508.0,2025-08-21,51097.0,EBF FUNDIDOS,Consumidor Livre,SUDESTE,28.8,7.784395
,2025-08-21,,EBF FUNDIDOS,,,28.8,7.784395
202508.0,2025-08-22,51097.0,EBF FUNDIDOS,Consumidor Livre,SUDESTE,28.8,7.747475
202508.0,2025-08-22,51097.0,EBF FUNDIDOS,Consumidor Livre,SUDESTE,28.8,7.747475
,2025-08-22,,EBF FUNDIDOS,,,28.8,7.747475
202508.0,2025-08-23,51097.0,EBF FUNDIDOS,Consumidor Livre,SUDESTE,28.8,0.157637
202508.0,2025-08-23,51097.0,EBF FUNDIDOS,Consumidor Livre,SUDESTE,28.8,0.157637
,2025-08-23,,EBF FUNDIDOS,,,28.8,0.157637
202508.0,2025-08-24,51097.0,EBF FUNDIDOS,Consumidor Livre,SUDESTE,28.8,0.038873
202508.0,2025-08-24,51097.0,EBF FUNDIDOS,Consumidor Livre,SUDESTE,28.8,0.038873
,2025-08-24,,EBF FUNDIDOS,,,28.8,0.038873
202508.0,2025-08-25,51097.0,EBF FUNDIDOS,Consumidor Livre,SUDESTE,28.8,8.041884
202508.0,2025-08-25,51097.0,EBF FUNDIDOS,Consumidor Livre,SUDESTE,28.8,8.041884
,2025-08-25,,EBF FUNDIDOS,,,28.8,8.041884
202508.0,2025-08-26,51097.0,EBF FUNDIDOS,Consumidor Livre,SUDESTE,28.8,7.943867
202508.0,2025-08-26,51097.0,EBF FUNDIDOS,Consumidor Livre,SUDESTE,28.8,7.943867
,2025-08-26,,EBF FUNDIDOS,,,28.8,7.943867
202508.0,2025-08-27,51097.0,EBF FUNDIDOS,Consumidor Livre,SUDESTE,28.8,7.919942
202508.0,2025-08-27,51097.0,EBF FUNDIDOS,Consumidor Livre,SUDESTE,28.8,7.919942
,2025-08-27,,EBF FUNDIDOS,,,28.8,7.919942
202508.0,2025-08-28,51097.0,EBF FUNDIDOS,Consumidor Livre,SUDESTE,28.8,8.004465
202508.0,2025-08-28,51097.0,EBF FUNDIDOS,Consumidor Livre,SUDESTE,28.8,8.004465
,2025-08-28,,EBF FUNDIDOS,,,28.8,8.004465
202508.0,2025-08-29,51097.0,EBF FUNDIDOS,Consumidor Livre,SUDESTE,28.8,0.088896
202508.0,2025-08-29,51097.0,EBF FUNDIDOS,Consumidor Livre,SUDESTE,28.8,0.088896
,2025-08-29,,EBF FUNDIDOS,,,28.8,0.088896
202508.0,2025-08-30,51097.0,EBF FUNDIDOS,Consumidor Livre,SUDESTE,28.8,0.058257
202508.0,2025-08-30,51097.0,EBF FUNDIDOS,Consumidor Livre,SUDESTE,28.8,0.058257
,2025-08-30,,EBF FUNDIDOS,,,28.8,0.058257
202508.0,2025-08-31,51097.0,EBF FUNDIDOS,Consumidor Livre,SUDESTE,28.8,0.058299
202508.0,2025-08-31,51097.0,EBF FUNDIDOS,Consumidor Livre,SUDESTE,28.8,0.058299
,2025-08-31,,EBF FUNDIDOS,,,28.8,0.058299
