MES_REFERENCIA,DATA,CODIGO_PERFIL_AGENTE,SIGLA_PERFIL_AGENTE,CLASSE_PERFIL_AGENTE,SUBMERCADO,CAPACIDADE_CARGA,CONSUMO_CARGA_ACL
,2022-01-01,36504.0,FRIOZEM ESTEIO CL,Consumidor Livre,SUL,31.200000000000003,19.907488
,2022-01-02,36504.0,FRIOZEM ESTEIO CL,Consumidor Livre,SUL,31.200000000000003,21.363529
,2022-01-03,36504.0,FRIOZEM ESTEIO CL,Consumidor Livre,SUL,31.200000000000003,24.214374
,2022-01-04,36504.0,FRIOZEM ESTEIO CL,Consumidor Livre,SUL,31.200000000000003,23.984485
,2022-01-05,36504.0,FRIOZEM ESTEIO CL,Consumidor Livre,SUL,31.200000000000003,19.718785
,2022-01-06,36504.0,FRIOZEM ESTEIO CL,Consumidor Livre,SUL,31.200000000000003,24.276891
,2022-01-07,36504.0,FRIOZEM ESTEIO CL,Consumidor Livre,SUL,31.200000000000003,21.299912
,2022-01-08,36504.0,FRIOZEM ESTEIO CL,Consumidor Livre,SUL,31.200000000000003,22.91898
,2022-01-09,36504.0,FRIOZEM ESTEIO CL,Consumidor Livre,SUL,31.200000000000003,21.35349
,2022-01-10,36504.0,FRIOZEM ESTEIO CL,Consumidor Livre,SUL,31.200000000000003,22.340166
,2022-01-11,36504.0,FRIOZEM ESTEIO CL,Consumidor Livre,SUL,31.200000000000003,22.513003
,2022-01-12,36504.0,FRIOZEM ESTEIO CL,Consumidor Livre,SUL,31.200000000000003,23.172015
,2022-01-13,36504.0,FRIOZEM ESTEIO CL,Consumidor Livre,SUL,31.200000000000003,24.294962
,2022-01-14,36504.0,FRIOZEM ESTEIO CL,Consumidor Livre,SUL,31.200000000000003,25.222514
,2022-01-15,36504.0,FRIOZEM ESTEIO CL,Consumidor Livre,SUL,31.200000000000003,23.660103
,2022-01-16,36504.0,FRIOZEM ESTEIO CL,Consumidor Livre,SUL,31.200000000000003,24.477981
,2022-01-17,36504.0,FRIOZEM ESTEIO CL,Consumidor Livre,SUL,31.200000000000003,25.629737
,2022-01-18,36504.0,FRIOZEM ESTEIO CL,Consumidor Livre,SUL,31.200000000000003,25.768301
,2022-01-19,36504.0,FRIOZEM ESTEIO CL,Consumidor Livre,SUL,31.200000000000003,25.569517
,2022-01-20,36504.0,FRIOZEM ESTEIO CL,Consumidor Livre,SUL,31.200000000000003,23.827695
,2022-01-21,36504.0,FRIOZEM ESTEIO CL,Consumidor Livre,SUL,31.200000000000003,23.483135
,2022-01-22,36504.0,FRIOZEM ESTEIO CL,Consumidor Livre,SUL,31.200000000000003,23.916486
,2022-01-23,36504.0,FRIOZEM ESTEIO CL,Consumidor Livre,SUL,31.200000000000003,23.841238
,2022-01-24,36504.0,FRIOZEM ESTEIO CL,Consumidor Livre,SUL,31.200000000000003,25.849623
,2022-01-25,36504.0,FRIOZEM ESTEIO CL,Consumidor Livre,SUL,31.200000000000003,25.140502
,2022-01-26,36504.0,FRIOZEM ESTEIO CL,Consumidor Livre,SUL,31.200000000000003,22.531369
,2022-01-27,36504.0,FRIOZEM ESTEIO CL,Consumidor Livre,SUL,31.200000000000003,21.883874
,2022-01-28,36504.0,FRIOZEM ESTEIO CL,Consumidor Livre,SUL,31.200000000000003,19.960468
,2022-01-29,36504.0,FRIOZEM ESTEIO CL,Consumidor Livre,SUL,31.200000000000003,18.393547
,2022-01-30,36504.0,FRIOZEM ESTEIO CL,Consumidor Livre,SUL,31.200000000000003,18.848498
,2022-01-31,36504.0,FRIOZEM ESTEIO CL,Consumidor Livre,SUL,31.200000000000003,18.341645
,2022-02-01,36504.0,FRIOZEM ESTEIO CL,Consumidor Livre,SUL,31.200000000000003,23.727649
,2022-02-02,36504.0,FRIOZEM ESTEIO CL,Consumidor Livre,SUL,31.200000000000003,21.019956
,2022-02-03,36504.0,FRIOZEM ESTEIO CL,Consumidor Livre,SUL,31.200000000000003,21.922749
,2022-02-04,36504.0,FRIOZEM ESTEIO CL,Consumidor Livre,SUL,31.200000000000003,24.102569
,2022-02-05,36504.0,FRIOZEM ESTEIO CL,Consumidor Livre,SUL,31.200000000000003,24.671276
,2022-02-06,36504.0,FRIOZEM ESTEIO CL,Consumidor Livre,SUL,31.200000000000003,20.205472
,2022-02-07,36504.0,FRIOZEM ESTEIO CL,Consumidor Livre,SUL,31.200000000000003,18.258581
,2022-02-08,36504.0,FRIOZEM ESTEIO CL,Consumidor Livre,SUL,31.200000000000003,19.889903
,2022-02-09,36504.0,FRIOZEM ESTEIO CL,Consumidor Livre,SUL,31.200000000000003,18.805658
,2022-02-10,36504.0,FRIOZEM ESTEIO CL,Consumidor Livre,SUL,31.200000000000003,20.040857
,2022-02-11,36504.0,FRIOZEM ESTEIO CL,Consumidor Livre,SUL,31.200000000000003,21.106419
,2022-02-12,36504.0,FRIOZEM ESTEIO CL,Consumidor Livre,SUL,31.200000000000003,24.842593
,2022-02-13,36504.0,FRIOZEM ESTEIO CL,Consumidor Livre,SUL,31.200000000000003,21.382876
,2022-02-14,36504.0,FRIOZEM ESTEIO CL,Consumidor Livre,SUL,31.200000000000003,23.281356
,2022-02-15,36504.0,FRIOZEM ESTEIO CL,Consumidor Livre,SUL,31.200000000000003,23.860742
,2022-02-16,36504.0,FRIOZEM ESTEIO CL,Consumidor Livre,SUL,31.200000000000003,23.996094
,2022-02-17,36504.0,FRIOZEM ESTEIO CL,Consumidor Livre,SUL,31.200000000000003,24.216723
,2022-02-18,36504.0,FRIOZEM ESTEIO CL,Consumidor Livre,SUL,31.200000000000003,22.553085
,2022-02-19,36504.0,FRIOZEM ESTEIO CL,Consumidor Livre,SUL,31.200000000000003,18.8939
,2022-02-20,36504.0,FRIOZEM ESTEIO CL,Consumidor Livre,SUL,31.200000000000003,21.195072
,2022-02-21,36504.0,FRIOZEM ESTEIO CL,Consumidor Livre,SUL,31.200000000000003,23.498687
,2022-02-22,36504.0,FRIOZEM ESTEIO CL,Consumidor Livre,SUL,31.200000000000003,24.62014
,2022-02-23,36504.0,FRIOZEM ESTEIO CL,Consumidor Livre,SUL,31.200000000000003,23.0592
,2022-02-24,36504.0,FRIOZEM ESTEIO CL,Consumidor Livre,SUL,31.200000000000003,23.895892
,2022-02-25,36504.0,FRIOZEM ESTEIO CL,Consumidor Livre,SUL,31.200000000000003,25.163754
,2022-02-26,36504.0,FRIOZEM ESTEIO CL,Consumidor Livre,SUL,31.200000000000003,23.967558
,2022-02-27,36504.0,FRIOZEM ESTEIO CL,Consumidor Livre,SUL,31.200000000000003,18.626276
,2022-02-28,36504.0,FRIOZEM ESTEIO CL,Consumidor Livre,SUL,31.200000000000003,19.66605
,2022-03-01,36504.0,FRIOZEM ESTEIO CL,Consumidor Livre,SUL,31.200000000000003,22.895828
,2022-03-02,36504.0,FRIOZEM ESTEIO CL,Consumidor Livre,SUL,31.200000000000003,23.530874
,2022-03-03,36504.0,FRIOZEM ESTEIO CL,Consumidor Livre,SUL,31.200000000000003,22.637282
,2022-03-04,36504.0,FRIOZEM ESTEIO CL,Consumidor Livre,SUL,31.200000000000003,23.697632
,2022-03-05,36504.0,FRIOZEM ESTEIO CL,Consumidor Livre,SUL,31.200000000000003,24.857473
,2022-03-06,36504.0,FRIOZEM ESTEIO CL,Consumidor Livre,SUL,31.200000000000003,22.493047
,2022-03-07,36504.0,FRIOZEM ESTEIO CL,Consumidor Livre,SUL,31.200000000000003,20.400311
,2022-03-08,36504.0,FRIOZEM ESTEIO CL,Consumidor Livre,SUL,31.200000000000003,21.543627
,2022-03-09,36504.0,FRIOZEM ESTEIO CL,Consumidor Livre,SUL,31.200000000000003,24.390489
,2022-03-10,36504.0,FRIOZEM ESTEIO CL,Consumidor Livre,SUL,31.200000000000003,24.147944
,2022-03-11,36504.0,FRIOZEM ESTEIO CL,Consumidor Livre,SUL,31.200000000000003,24.686545
,2022-03-12,36504.0,FRIOZEM ESTEIO CL,Consumidor Livre,SUL,31.200000000000003,21.69547
,2022-03-13,36504.0,FRIOZEM ESTEIO CL,Consumidor Livre,SUL,31.200000000000003,21.210484
,2022-03-14,36504.0,FRIOZEM ESTEIO CL,Consumidor Livre,SUL,31.200000000000003,22.3645
,2022-03-15,36504.0,FRIOZEM ESTEIO CL,Consumidor Livre,SUL,31.200000000000003,23.396871
,2022-03-16,36504.0,FRIOZEM ESTEIO CL,Consumidor Livre,SUL,31.200000000000003,23.611561
,2022-03-17,36504.0,FRIOZEM ESTEIO CL,Consumidor Livre,SUL,31.200000000000003,23.416391
,2022-03-18,36504.0,FRIOZEM ESTEIO CL,Consumidor Livre,SUL,31.200000000000003,24.193797
,2022-03-19,36504.0,FRIOZEM ESTEIO CL,Consumidor Livre,SUL,31.200000000000003,22.893096
,2022-03-20,36504.0,FRIOZEM ESTEIO CL,Consumidor Livre,SUL,31.200000000000003,19.355786
,2022-03-21,36504.0,FRIOZEM ESTEIO CL,Consumidor Livre,SUL,31.200000000000003,20.514259
,2022-03-22,36504.0,FRIOZEM ESTEIO CL,Consumidor Livre,SUL,31.200000000000003,21.689834
,2022-03-23,36504.0,FRIOZEM ESTEIO CL,Consumidor Livre,SUL,31.200000000000003,22.653317
,2022-03-24,36504.0,FRIOZEM ESTEIO CL,Consumidor Livre,SUL,31.200000000000003,23.137553
,2022-03-25,36504.0,FRIOZEM ESTEIO CL,Consumidor Livre,SUL,31.200000000000003,22.156104
,2022-03-26,36504.0,FRIOZEM ESTEIO CL,Consumidor Livre,SUL,31.200000000000003,20.461385
,2022-03-27,36504.0,FRIOZEM ESTEIO CL,Consumidor Livre,SUL,31.200000000000003,20.3221
,2022-03-28,36504.0,FRIOZEM ESTEIO CL,Consumidor Livre,SUL,31.200000000000003,21.484833
,2022-03-29,36504.0,FRIOZEM ESTEIO CL,Consumidor Livre,SUL,31.200000000000003,22.898817
,2022-03-30,36504.0,FRIOZEM ESTEIO CL,Consumidor Livre,SUL,31.200000000000003,22.62451
,2022-03-31,36504.0,FRIOZEM ESTEIO CL,Consumidor Livre,SUL,31.200000000000003,20.274073
,2022-04-01,36504.0,FRIOZEM ESTEIO CL,Consumidor Livre,SUL,31.200000000000003,19.608757
,2022-04-02,36504.0,FRIOZEM ESTEIO CL,Consumidor Livre,SUL,31.200000000000003,19.595387
,2022-04-03,36504.0,FRIOZEM ESTEIO CL,Consumidor Livre,SUL,31.200000000000003,19.477081
,2022-04-04,36504.0,FRIOZEM ESTEIO CL,Consumidor Livre,SUL,31.200000000000003,20.221863
,2022-04-05,36504.0,FRIOZEM ESTEIO CL,Consumidor Livre,SUL,31.200000000000003,20.928316
,2022-04-06,36504.0,FRIOZEM ESTEIO CL,Consumidor Livre,SUL,31.200000000000003,21.420672
,2022-04-07,36504.0,FRIOZEM ESTEIO CL,Consumidor Livre,SUL,31.200000000000003,20.646265
,2022-04-08,36504.0,FRIOZEM ESTEIO CL,Consumidor Livre,SUL,31.200000000000003,20.344016
,2022-04-09,36504.0,FRIOZEM ESTEIO CL,Consumidor Livre,SUL,31.200000000000003,18.070766
,2022-04-10,36504.0,FRIOZEM ESTEIO CL,Consumidor Livre,SUL,31.200000000000003,19.972358
,2022-04-11,36504.0,FRIOZEM ESTEIO CL,Consumidor Livre,SUL,31.200000000000003,19.887291
,2022-04-12,36504.0,FRIOZEM ESTEIO CL,Consumidor Livre,SUL,31.200000000000003,19.973906
,2022-04-13,36504.0,FRIOZEM ESTEIO CL,Consumidor Livre,SUL,31.200000000000003,20.42154
,2022-04-14,36504.0,FRIOZEM ESTEIO CL,Consumidor Livre,SUL,31.200000000000003,19.302134
,2022-04-15,36504.0,FRIOZEM ESTEIO CL,Consumidor Livre,SUL,31.200000000000003,18.675471
,2022-04-16,36504.0,FRIOZEM ESTEIO CL,Consumidor Livre,SUL,31.200000000000003,19.336302
,2022-04-17,36504.0,FRIOZEM ESTEIO CL,Consumidor Livre,SUL,31.200000000000003,18.314247
,2022-04-18,36504.0,FRIOZEM ESTEIO CL,Consumidor Livre,SUL,31.200000000000003,18.97387
,2022-04-19,36504.0,FRIOZEM ESTEIO CL,Consumidor Livre,SUL,31.200000000000003,19.442842
,2022-04-20,36504.0,FRIOZEM ESTEIO CL,Consumidor Livre,SUL,31.200000000000003,16.264262
,2022-04-21,36504.0,FRIOZEM ESTEIO CL,Consumidor Livre,SUL,31.200000000000003,15.749566
,2022-04-22,36504.0,FRIOZEM ESTEIO CL,Consumidor Livre,SUL,31.200000000000003,16.723276000000002
,2022-04-23,36504.0,FRIOZEM ESTEIO CL,Consumidor Livre,SUL,31.200000000000003,16.179813
,2022-04-24,36504.0,FRIOZEM ESTEIO CL,Consumidor Livre,SUL,31.200000000000003,15.984228
,2022-04-25,36504.0,FRIOZEM ESTEIO CL,Consumidor Livre,SUL,31.200000000000003,16.467653
,2022-04-26,36504.0,FRIOZEM ESTEIO CL,Consumidor Livre,SUL,31.200000000000003,17.246761
,2022-04-27,36504.0,FRIOZEM ESTEIO CL,Consumidor Livre,SUL,31.200000000000003,18.315701
,2022-04-28,36504.0,FRIOZEM ESTEIO CL,Consumidor Livre,SUL,31.200000000000003,18.007653
,2022-04-29,36504.0,FRIOZEM ESTEIO CL,Consumidor Livre,SUL,31.200000000000003,16.590495999999998
,2022-04-30,36504.0,FRIOZEM ESTEIO CL,Consumidor Livre,SUL,31.200000000000003,16.05429
,2022-05-01,36504.0,FRIOZEM ESTEIO CL,Consumidor Livre,SUL,31.200000000000003,15.626903
,2022-05-02,36504.0,FRIOZEM ESTEIO CL,Consumidor Livre,SUL,31.200000000000003,16.681326
,2022-05-03,36504.0,FRIOZEM ESTEIO CL,Consumidor Livre,SUL,31.200000000000003,16.719679
,2022-05-04,36504.0,FRIOZEM ESTEIO CL,Consumidor Livre,SUL,31.200000000000003,17.110780000000002
,2022-05-05,36504.0,FRIOZEM ESTEIO CL,Consumidor Livre,SUL,31.200000000000003,15.849905
,2022-05-06,36504.0,FRIOZEM ESTEIO CL,Consumidor Livre,SUL,31.200000000000003,19.650138
,2022-05-07,36504.0,FRIOZEM ESTEIO CL,Consumidor Livre,SUL,31.200000000000003,18.37358
,2022-05-08,36504.0,FRIOZEM ESTEIO CL,Consumidor Livre,SUL,31.200000000000003,18.358035
,2022-05-09,36504.0,FRIOZEM ESTEIO CL,Consumidor Livre,SUL,31.200000000000003,17.663239
,2022-05-10,36504.0,FRIOZEM ESTEIO CL,Consumidor Livre,SUL,31.200000000000003,13.187651
,2022-05-11,36504.0,FRIOZEM ESTEIO CL,Consumidor Livre,SUL,31.200000000000003,16.618479
,2022-05-12,36504.0,FRIOZEM ESTEIO CL,Consumidor Livre,SUL,31.200000000000003,16.264507000000002
,2022-05-13,36504.0,FRIOZEM ESTEIO CL,Consumidor Livre,SUL,31.200000000000003,15.771874
,2022-05-14,36504.0,FRIOZEM ESTEIO CL,Consumidor Livre,SUL,31.200000000000003,15.531571
,2022-05-15,36504.0,FRIOZEM ESTEIO CL,Consumidor Livre,SUL,31.200000000000003,15.694765
,2022-05-16,36504.0,FRIOZEM ESTEIO CL,Consumidor Livre,SUL,31.200000000000003,16.512483
,2022-05-17,36504.0,FRIOZEM ESTEIO CL,Consumidor Livre,SUL,31.200000000000003,16.175333
,2022-05-18,36504.0,FRIOZEM ESTEIO CL,Consumidor Livre,SUL,31.200000000000003,16.204077
,2022-05-19,36504.0,FRIOZEM ESTEIO CL,Consumidor Livre,SUL,31.200000000000003,16.143406
,2022-05-20,36504.0,FRIOZEM ESTEIO CL,Consumidor Livre,SUL,31.200000000000003,16.509363
,2022-05-21,36504.0,FRIOZEM ESTEIO CL,Consumidor Livre,SUL,31.200000000000003,15.837122
,2022-05-22,36504.0,FRIOZEM ESTEIO CL,Consumidor Livre,SUL,31.200000000000003,13.727124
,2022-05-23,36504.0,FRIOZEM ESTEIO CL,Consumidor Livre,SUL,31.200000000000003,16.258793
,2022-05-24,36504.0,FRIOZEM ESTEIO CL,Consumidor Livre,SUL,31.200000000000003,15.706765
,2022-05-25,36504.0,FRIOZEM ESTEIO CL,Consumidor Livre,SUL,31.200000000000003,16.817876
,2022-05-26,36504.0,FRIOZEM ESTEIO CL,Consumidor Livre,SUL,31.200000000000003,16.1033
,2022-05-27,36504.0,FRIOZEM ESTEIO CL,Consumidor Livre,SUL,31.200000000000003,16.763805
,2022-05-28,36504.0,FRIOZEM ESTEIO CL,Consumidor Livre,SUL,31.200000000000003,16.277138
,2022-05-29,36504.0,FRIOZEM ESTEIO CL,Consumidor Livre,SUL,31.200000000000003,16.231192
,2022-05-30,36504.0,FRIOZEM ESTEIO CL,Consumidor Livre,SUL,31.200000000000003,15.239827
,2022-05-31,36504.0,FRIOZEM ESTEIO CL,Consumidor Livre,SUL,31.200000000000003,15.442213
,2022-06-01,36504.0,FRIOZEM ESTEIO CL,Consumidor Livre,SUL,31.200000000000003,15.713503
,2022-06-02,36504.0,FRIOZEM ESTEIO CL,Consumidor Livre,SUL,31.200000000000003,15.62226
,2022-06-03,36504.0,FRIOZEM ESTEIO CL,Consumidor Livre,SUL,31.200000000000003,15.427137
,2022-06-04,36504.0,FRIOZEM ESTEIO CL,Consumidor Livre,SUL,31.200000000000003,14.850333
,2022-06-05,36504.0,FRIOZEM ESTEIO CL,Consumidor Livre,SUL,31.200000000000003,14.578854
,2022-06-06,36504.0,FRIOZEM ESTEIO CL,Consumidor Livre,SUL,31.200000000000003,16.434924
,2022-06-07,36504.0,FRIOZEM ESTEIO CL,Consumidor Livre,SUL,31.200000000000003,15.874718
,2022-06-08,36504.0,FRIOZEM ESTEIO CL,Consumidor Livre,SUL,31.200000000000003,16.383887
,2022-06-09,36504.0,FRIOZEM ESTEIO CL,Consumidor Livre,SUL,31.200000000000003,16.257986
,2022-06-10,36504.0,FRIOZEM ESTEIO CL,Consumidor Livre,SUL,31.200000000000003,16.23617
,2022-06-11,36504.0,FRIOZEM ESTEIO CL,Consumidor Livre,SUL,31.200000000000003,14.805523
,2022-06-12,36504.0,FRIOZEM ESTEIO CL,Consumidor Livre,SUL,31.200000000000003,14.527159
,2022-06-13,36504.0,FRIOZEM ESTEIO CL,Consumidor Livre,SUL,31.200000000000003,15.594987
,2022-06-14,36504.0,FRIOZEM ESTEIO CL,Consumidor Livre,SUL,31.200000000000003,15.537656
,2022-06-15,36504.0,FRIOZEM ESTEIO CL,Consumidor Livre,SUL,31.200000000000003,15.897826
,2022-06-16,36504.0,FRIOZEM ESTEIO CL,Consumidor Livre,SUL,31.200000000000003,14.974932
,2022-06-17,36504.0,FRIOZEM ESTEIO CL,Consumidor Livre,SUL,31.200000000000003,15.805843
,2022-06-18,36504.0,FRIOZEM ESTEIO CL,Consumidor Livre,SUL,31.200000000000003,14.079883
,2022-06-19,36504.0,FRIOZEM ESTEIO CL,Consumidor Livre,SUL,31.200000000000003,13.705592
,2022-06-20,36504.0,FRIOZEM ESTEIO CL,Consumidor Livre,SUL,31.200000000000003,15.600014
,2022-06-21,36504.0,FRIOZEM ESTEIO CL,Consumidor Livre,SUL,31.200000000000003,15.26244
,2022-06-22,36504.0,FRIOZEM ESTEIO CL,Consumidor Livre,SUL,31.200000000000003,16.0533
,2022-06-23,36504.0,FRIOZEM ESTEIO CL,Consumidor Livre,SUL,31.200000000000003,13.915094
,2022-06-24,36504.0,FRIOZEM ESTEIO CL,Consumidor Livre,SUL,31.200000000000003,14.087206
,2022-06-25,36504.0,FRIOZEM ESTEIO CL,Consumidor Livre,SUL,31.200000000000003,13.289737
,2022-06-26,36504.0,FRIOZEM ESTEIO CL,Consumidor Livre,SUL,31.200000000000003,13.770138
,2022-06-27,36504.0,FRIOZEM ESTEIO CL,Consumidor Livre,SUL,31.200000000000003,13.331361
,2022-06-28,36504.0,FRIOZEM ESTEIO CL,Consumidor Livre,SUL,31.200000000000003,14.053324
,2022-06-29,36504.0,FRIOZEM ESTEIO CL,Consumidor Livre,SUL,31.200000000000003,13.412587
,2022-06-30,36504.0,FRIOZEM ESTEIO CL,Consumidor Livre,SUL,31.200000000000003,13.893897
,2022-07-01,36504.0,FRIOZEM ESTEIO CL,Consumidor Livre,SUL,31.200000000000003,13.454759
,2022-07-02,36504.0,FRIOZEM ESTEIO CL,Consumidor Livre,SUL,31.200000000000003,13.980907
,2022-07-03,36504.0,FRIOZEM ESTEIO CL,Consumidor Livre,SUL,31.200000000000003,13.73291
,2022-07-04,36504.0,FRIOZEM ESTEIO CL,Consumidor Livre,SUL,31.200000000000003,18.527296
,2022-07-05,36504.0,FRIOZEM ESTEIO CL,Consumidor Livre,SUL,31.200000000000003,17.888785
,2022-07-06,36504.0,FRIOZEM ESTEIO CL,Consumidor Livre,SUL,31.200000000000003,19.116131
,2022-07-07,36504.0,FRIOZEM ESTEIO CL,Consumidor Livre,SUL,31.200000000000003,18.393875
,2022-07-08,36504.0,FRIOZEM ESTEIO CL,Consumidor Livre,SUL,31.200000000000003,14.585827
,2022-07-09,36504.0,FRIOZEM ESTEIO CL,Consumidor Livre,SUL,31.200000000000003,13.222929
,2022-07-10,36504.0,FRIOZEM ESTEIO CL,Consumidor Livre,SUL,31.200000000000003,14.346295
,2022-07-11,36504.0,FRIOZEM ESTEIO CL,Consumidor Livre,SUL,31.200000000000003,14.590187
,2022-07-12,36504.0,FRIOZEM ESTEIO CL,Consumidor Livre,SUL,31.200000000000003,14.957666
,2022-07-13,36504.0,FRIOZEM ESTEIO CL,Consumidor Livre,SUL,31.200000000000003,13.807112
,2022-07-14,36504.0,FRIOZEM ESTEIO CL,Consumidor Livre,SUL,31.200000000000003,14.732173
,2022-07-15,36504.0,FRIOZEM ESTEIO CL,Consumidor Livre,SUL,31.200000000000003,14.710827
,2022-07-16,36504.0,FRIOZEM ESTEIO CL,Consumidor Livre,SUL,31.200000000000003,13.260919
,2022-07-17,36504.0,FRIOZEM ESTEIO CL,Consumidor Livre,SUL,31.200000000000003,9.764683
,2022-07-18,36504.0,FRIOZEM ESTEIO CL,Consumidor Livre,SUL,31.200000000000003,14.302093
,2022-07-19,36504.0,FRIOZEM ESTEIO CL,Consumidor Livre,SUL,31.200000000000003,16.791062
,2022-07-20,36504.0,FRIOZEM ESTEIO CL,Consumidor Livre,SUL,31.200000000000003,16.576221
,2022-07-21,36504.0,FRIOZEM ESTEIO CL,Consumidor Livre,SUL,31.200000000000003,17.020661
,2022-07-22,36504.0,FRIOZEM ESTEIO CL,Consumidor Livre,SUL,31.200000000000003,17.058873
,2022-07-23,36504.0,FRIOZEM ESTEIO CL,Consumidor Livre,SUL,31.200000000000003,16.592172
,2022-07-24,36504.0,FRIOZEM ESTEIO CL,Consumidor Livre,SUL,31.200000000000003,16.837209
,2022-07-25,36504.0,FRIOZEM ESTEIO CL,Consumidor Livre,SUL,31.200000000000003,17.429137
,2022-07-26,36504.0,FRIOZEM ESTEIO CL,Consumidor Livre,SUL,31.200000000000003,16.816706
,2022-07-27,36504.0,FRIOZEM ESTEIO CL,Consumidor Livre,SUL,31.200000000000003,17.239702
,2022-07-28,36504.0,FRIOZEM ESTEIO CL,Consumidor Livre,SUL,31.200000000000003,17.023891
,2022-07-29,36504.0,FRIOZEM ESTEIO CL,Consumidor Livre,SUL,31.200000000000003,15.935692
,2022-07-30,36504.0,FRIOZEM ESTEIO CL,Consumidor Livre,SUL,31.200000000000003,15.519186
,2022-07-31,36504.0,FRIOZEM ESTEIO CL,Consumidor Livre,SUL,31.200000000000003,15.237519
,2022-08-01,36504.0,FRIOZEM ESTEIO CL,Consumidor Livre,SUL,31.200000000000003,15.196536
,2022-08-02,36504.0,FRIOZEM ESTEIO CL,Consumidor Livre,SUL,31.200000000000003,16.070525
,2022-08-03,36504.0,FRIOZEM ESTEIO CL,Consumidor Livre,SUL,31.200000000000003,16.228775
,2022-08-04,36504.0,FRIOZEM ESTEIO CL,Consumidor Livre,SUL,31.200000000000003,16.559085
,2022-08-05,36504.0,FRIOZEM ESTEIO CL,Consumidor Livre,SUL,31.200000000000003,15.699654
,2022-08-06,36504.0,FRIOZEM ESTEIO CL,Consumidor Livre,SUL,31.200000000000003,14.938265
,2022-08-07,36504.0,FRIOZEM ESTEIO CL,Consumidor Livre,SUL,31.200000000000003,14.650367
,2022-08-08,36504.0,FRIOZEM ESTEIO CL,Consumidor Livre,SUL,31.200000000000003,16.202866
,2022-08-09,36504.0,FRIOZEM ESTEIO CL,Consumidor Livre,SUL,31.200000000000003,15.691755
,2022-08-10,36504.0,FRIOZEM ESTEIO CL,Consumidor Livre,SUL,31.200000000000003,13.733988
,2022-08-11,36504.0,FRIOZEM ESTEIO CL,Consumidor Livre,SUL,31.200000000000003,15.96705
,2022-08-12,36504.0,FRIOZEM ESTEIO CL,Consumidor Livre,SUL,31.200000000000003,16.041383
,2022-08-13,36504.0,FRIOZEM ESTEIO CL,Consumidor Livre,SUL,31.200000000000003,15.215836
,2022-08-14,36504.0,FRIOZEM ESTEIO CL,Consumidor Livre,SUL,31.200000000000003,15.039549
,2022-08-15,36504.0,FRIOZEM ESTEIO CL,Consumidor Livre,SUL,31.200000000000003,16.064021999999998
,2022-08-16,36504.0,FRIOZEM ESTEIO CL,Consumidor Livre,SUL,31.200000000000003,16.172931
,2022-08-17,36504.0,FRIOZEM ESTEIO CL,Consumidor Livre,SUL,31.200000000000003,15.869097
,2022-08-18,36504.0,FRIOZEM ESTEIO CL,Consumidor Livre,SUL,31.200000000000003,15.776558
,2022-08-19,36504.0,FRIOZEM ESTEIO CL,Consumidor Livre,SUL,31.200000000000003,15.188811
,2022-08-20,36504.0,FRIOZEM ESTEIO CL,Consumidor Livre,SUL,31.200000000000003,14.672865
,2022-08-21,36504.0,FRIOZEM ESTEIO CL,Consumidor Livre,SUL,31.200000000000003,14.507692
,2022-08-22,36504.0,FRIOZEM ESTEIO CL,Consumidor Livre,SUL,31.200000000000003,15.271278
,2022-08-23,36504.0,FRIOZEM ESTEIO CL,Consumidor Livre,SUL,31.200000000000003,15.31145
,2022-08-24,36504.0,FRIOZEM ESTEIO CL,Consumidor Livre,SUL,31.200000000000003,15.855917
,2022-08-25,36504.0,FRIOZEM ESTEIO CL,Consumidor Livre,SUL,31.200000000000003,16.199113
,2022-08-26,36504.0,FRIOZEM ESTEIO CL,Consumidor Livre,SUL,31.200000000000003,16.0461
,2022-08-27,36504.0,FRIOZEM ESTEIO CL,Consumidor Livre,SUL,31.200000000000003,15.37632
,2022-08-28,36504.0,FRIOZEM ESTEIO CL,Consumidor Livre,SUL,31.200000000000003,14.924715
,2022-08-29,36504.0,FRIOZEM ESTEIO CL,Consumidor Livre,SUL,31.200000000000003,15.134045
,2022-08-30,36504.0,FRIOZEM ESTEIO CL,Consumidor Livre,SUL,31.200000000000003,15.046605
,2022-08-31,36504.0,FRIOZEM ESTEIO CL,Consumidor Livre,SUL,31.200000000000003,15.119126
,2022-09-01,36504.0,FRIOZEM ESTEIO CL,Consumidor Livre,SUL,31.200000000000003,15.670139
,2022-09-02,36504.0,FRIOZEM ESTEIO CL,Consumidor Livre,SUL,31.200000000000003,15.550509
,2022-09-03,36504.0,FRIOZEM ESTEIO CL,Consumidor Livre,SUL,31.200000000000003,14.752109
,2022-09-04,36504.0,FRIOZEM ESTEIO CL,Consumidor Livre,SUL,31.200000000000003,14.323074
,2022-09-05,36504.0,FRIOZEM ESTEIO CL,Consumidor Livre,SUL,31.200000000000003,15.832241
,2022-09-06,36504.0,FRIOZEM ESTEIO CL,Consumidor Livre,SUL,31.200000000000003,15.7197
,2022-09-07,36504.0,FRIOZEM ESTEIO CL,Consumidor Livre,SUL,31.200000000000003,15.318889
,2022-09-08,36504.0,FRIOZEM ESTEIO CL,Consumidor Livre,SUL,31.200000000000003,15.893868
,2022-09-09,36504.0,FRIOZEM ESTEIO CL,Consumidor Livre,SUL,31.200000000000003,16.80011
,2022-09-10,36504.0,FRIOZEM ESTEIO CL,Consumidor Livre,SUL,31.200000000000003,15.02736
,2022-09-11,36504.0,FRIOZEM ESTEIO CL,Consumidor Livre,SUL,31.200000000000003,14.459482
,2022-09-12,36504.0,FRIOZEM ESTEIO CL,Consumidor Livre,SUL,31.200000000000003,15.599573
,2022-09-13,36504.0,FRIOZEM ESTEIO CL,Consumidor Livre,SUL,31.200000000000003,15.985548
,2022-09-14,36504.0,FRIOZEM ESTEIO CL,Consumidor Livre,SUL,31.200000000000003,15.7393
,2022-09-15,36504.0,FRIOZEM ESTEIO CL,Consumidor Livre,SUL,31.200000000000003,16.047398
,2022-09-16,36504.0,FRIOZEM ESTEIO CL,Consumidor Livre,SUL,31.200000000000003,16.517256
,2022-09-17,36504.0,FRIOZEM ESTEIO CL,Consumidor Livre,SUL,31.200000000000003,15.949843
,2022-09-18,36504.0,FRIOZEM ESTEIO CL,Consumidor Livre,SUL,31.200000000000003,16.252219
,2022-09-19,36504.0,FRIOZEM ESTEIO CL,Consumidor Livre,SUL,31.200000000000003,16.757658
,2022-09-20,36504.0,FRIOZEM ESTEIO CL,Consumidor Livre,SUL,31.200000000000003,15.698941
,2022-09-21,36504.0,FRIOZEM ESTEIO CL,Consumidor Livre,SUL,31.200000000000003,16.501339
,2022-09-22,36504.0,FRIOZEM ESTEIO CL,Consumidor Livre,SUL,31.200000000000003,16.497964
,2022-09-23,36504.0,FRIOZEM ESTEIO CL,Consumidor Livre,SUL,31.200000000000003,16.048478
,2022-09-24,36504.0,FRIOZEM ESTEIO CL,Consumidor Livre,SUL,31.200000000000003,16.356688
,2022-09-25,36504.0,FRIOZEM ESTEIO CL,Consumidor Livre,SUL,31.200000000000003,15.935358
,2022-09-26,36504.0,FRIOZEM ESTEIO CL,Consumidor Livre,SUL,31.200000000000003,17.21735
,2022-09-27,36504.0,FRIOZEM ESTEIO CL,Consumidor Livre,SUL,31.200000000000003,17.258489
,2022-09-28,36504.0,FRIOZEM ESTEIO CL,Consumidor Livre,SUL,31.200000000000003,16.709809
,2022-09-29,36504.0,FRIOZEM ESTEIO CL,Consumidor Livre,SUL,31.200000000000003,16.356085
,2022-09-30,36504.0,FRIOZEM ESTEIO CL,Consumidor Livre,SUL,31.200000000000003,16.633453
,2022-10-01,36504.0,FRIOZEM ESTEIO CL,Consumidor Livre,SUL,31.200000000000003,16.021077
,2022-10-02,36504.0,FRIOZEM ESTEIO CL,Consumidor Livre,SUL,31.200000000000003,15.523092
,2022-10-03,36504.0,FRIOZEM ESTEIO CL,Consumidor Livre,SUL,31.200000000000003,16.525855
,2022-10-04,36504.0,FRIOZEM ESTEIO CL,Consumidor Livre,SUL,31.200000000000003,15.80419
,2022-10-05,36504.0,FRIOZEM ESTEIO CL,Consumidor Livre,SUL,31.200000000000003,16.062046
,2022-10-06,36504.0,FRIOZEM ESTEIO CL,Consumidor Livre,SUL,31.200000000000003,16.83813
,2022-10-07,36504.0,FRIOZEM ESTEIO CL,Consumidor Livre,SUL,31.200000000000003,14.67129
,2022-10-08,36504.0,FRIOZEM ESTEIO CL,Consumidor Livre,SUL,31.200000000000003,16.011425
,2022-10-09,36504.0,FRIOZEM ESTEIO CL,Consumidor Livre,SUL,31.200000000000003,15.553008
,2022-10-10,36504.0,FRIOZEM ESTEIO CL,Consumidor Livre,SUL,31.200000000000003,15.789587
,2022-10-11,36504.0,FRIOZEM ESTEIO CL,Consumidor Livre,SUL,31.200000000000003,15.9089
,2022-10-12,36504.0,FRIOZEM ESTEIO CL,Consumidor Livre,SUL,31.200000000000003,16.337724
,2022-10-13,36504.0,FRIOZEM ESTEIO CL,Consumidor Livre,SUL,31.200000000000003,16.819211
,2022-10-14,36504.0,FRIOZEM ESTEIO CL,Consumidor Livre,SUL,31.200000000000003,17.712954
,2022-10-15,36504.0,FRIOZEM ESTEIO CL,Consumidor Livre,SUL,31.200000000000003,16.159394
,2022-10-16,36504.0,FRIOZEM ESTEIO CL,Consumidor Livre,SUL,31.200000000000003,16.721009
,2022-10-17,36504.0,FRIOZEM ESTEIO CL,Consumidor Livre,SUL,31.200000000000003,16.577151
,2022-10-18,36504.0,FRIOZEM ESTEIO CL,Consumidor Livre,SUL,31.200000000000003,17.097041
,2022-10-19,36504.0,FRIOZEM ESTEIO CL,Consumidor Livre,SUL,31.200000000000003,17.137813
,2022-10-20,36504.0,FRIOZEM ESTEIO CL,Consumidor Livre,SUL,31.200000000000003,15.11191
,2022-10-21,36504.0,FRIOZEM ESTEIO CL,Consumidor Livre,SUL,31.200000000000003,17.341516
,2022-10-22,36504.0,FRIOZEM ESTEIO CL,Consumidor Livre,SUL,31.200000000000003,17.540168
,2022-10-23,36504.0,FRIOZEM ESTEIO CL,Consumidor Livre,SUL,31.200000000000003,16.899961
,2022-10-24,36504.0,FRIOZEM ESTEIO CL,Consumidor Livre,SUL,31.200000000000003,17.026749
,2022-10-25,36504.0,FRIOZEM ESTEIO CL,Consumidor Livre,SUL,31.200000000000003,17.920789
,2022-10-26,36504.0,FRIOZEM ESTEIO CL,Consumidor Livre,SUL,31.200000000000003,17.507668
,2022-10-27,36504.0,FRIOZEM ESTEIO CL,Consumidor Livre,SUL,31.200000000000003,19.035083
,2022-10-28,36504.0,FRIOZEM ESTEIO CL,Consumidor Livre,SUL,31.200000000000003,17.73825
,2022-10-29,36504.0,FRIOZEM ESTEIO CL,Consumidor Livre,SUL,31.200000000000003,19.144121
,2022-10-30,36504.0,FRIOZEM ESTEIO CL,Consumidor Livre,SUL,31.200000000000003,17.586755
,2022-10-31,36504.0,FRIOZEM ESTEIO CL,Consumidor Livre,SUL,31.200000000000003,17.565576
,2022-11-01,36504.0,FRIOZEM ESTEIO CL,Consumidor Livre,SUL,31.200000000000003,16.132036
,2022-11-02,36504.0,FRIOZEM ESTEIO CL,Consumidor Livre,SUL,31.200000000000003,15.550254
,2022-11-03,36504.0,FRIOZEM ESTEIO CL,Consumidor Livre,SUL,31.200000000000003,15.965623
,2022-11-04,36504.0,FRIOZEM ESTEIO CL,Consumidor Livre,SUL,31.200000000000003,16.744
,2022-11-05,36504.0,FRIOZEM ESTEIO CL,Consumidor Livre,SUL,31.200000000000003,16.330585
,2022-11-06,36504.0,FRIOZEM ESTEIO CL,Consumidor Livre,SUL,31.200000000000003,15.594546
,2022-11-07,36504.0,FRIOZEM ESTEIO CL,Consumidor Livre,SUL,31.200000000000003,16.383718000000002
,2022-11-08,36504.0,FRIOZEM ESTEIO CL,Consumidor Livre,SUL,31.200000000000003,17.519795000000002
,2022-11-09,36504.0,FRIOZEM ESTEIO CL,Consumidor Livre,SUL,31.200000000000003,16.931472
,2022-11-10,36504.0,FRIOZEM ESTEIO CL,Consumidor Livre,SUL,31.200000000000003,17.357537
,2022-11-11,36504.0,FRIOZEM ESTEIO CL,Consumidor Livre,SUL,31.200000000000003,17.727038
,2022-11-12,36504.0,FRIOZEM ESTEIO CL,Consumidor Livre,SUL,31.200000000000003,18.581536
,2022-11-13,36504.0,FRIOZEM ESTEIO CL,Consumidor Livre,SUL,31.200000000000003,16.931427
,2022-11-14,36504.0,FRIOZEM ESTEIO CL,Consumidor Livre,SUL,31.200000000000003,18.896165
,2022-11-15,36504.0,FRIOZEM ESTEIO CL,Consumidor Livre,SUL,31.200000000000003,16.827216
,2022-11-16,36504.0,FRIOZEM ESTEIO CL,Consumidor Livre,SUL,31.200000000000003,18.036715
,2022-11-17,36504.0,FRIOZEM ESTEIO CL,Consumidor Livre,SUL,31.200000000000003,17.550148
,2022-11-18,36504.0,FRIOZEM ESTEIO CL,Consumidor Livre,SUL,31.200000000000003,18.450533
,2022-11-19,36504.0,FRIOZEM ESTEIO CL,Consumidor Livre,SUL,31.200000000000003,17.513465
,2022-11-20,36504.0,FRIOZEM ESTEIO CL,Consumidor Livre,SUL,31.200000000000003,16.377854
,2022-11-21,36504.0,FRIOZEM ESTEIO CL,Consumidor Livre,SUL,31.200000000000003,18.827522
,2022-11-22,36504.0,FRIOZEM ESTEIO CL,Consumidor Livre,SUL,31.200000000000003,19.464429
,2022-11-23,36504.0,FRIOZEM ESTEIO CL,Consumidor Livre,SUL,31.200000000000003,18.870144
,2022-11-24,36504.0,FRIOZEM ESTEIO CL,Consumidor Livre,SUL,31.200000000000003,23.334698
,2022-11-25,36504.0,FRIOZEM ESTEIO CL,Consumidor Livre,SUL,31.200000000000003,22.311308
,2022-11-26,36504.0,FRIOZEM ESTEIO CL,Consumidor Livre,SUL,31.200000000000003,22.919206
,2022-11-27,36504.0,FRIOZEM ESTEIO CL,Consumidor Livre,SUL,31.200000000000003,19.045762
,2022-11-28,36504.0,FRIOZEM ESTEIO CL,Consumidor Livre,SUL,31.200000000000003,20.391938
,2022-11-29,36504.0,FRIOZEM ESTEIO CL,Consumidor Livre,SUL,31.200000000000003,23.155496
,2022-11-30,36504.0,FRIOZEM ESTEIO CL,Consumidor Livre,SUL,31.200000000000003,22.236054
,2022-12-01,36504.0,FRIOZEM ESTEIO CL,Consumidor Livre,SUL,31.200000000000003,22.28423
,2022-12-02,36504.0,FRIOZEM ESTEIO CL,Consumidor Livre,SUL,31.200000000000003,25.052147
,2022-12-03,36504.0,FRIOZEM ESTEIO CL,Consumidor Livre,SUL,31.200000000000003,24.428495
,2022-12-04,36504.0,FRIOZEM ESTEIO CL,Consumidor Livre,SUL,31.200000000000003,23.557006
,2022-12-05,36504.0,FRIOZEM ESTEIO CL,Consumidor Livre,SUL,31.200000000000003,21.724919
,2022-12-06,36504.0,FRIOZEM ESTEIO CL,Consumidor Livre,SUL,31.200000000000003,27.427213
,2022-12-07,36504.0,FRIOZEM ESTEIO CL,Consumidor Livre,SUL,31.200000000000003,22.654398
,2022-12-08,36504.0,FRIOZEM ESTEIO CL,Consumidor Livre,SUL,31.200000000000003,26.36898
,2022-12-09,36504.0,FRIOZEM ESTEIO CL,Consumidor Livre,SUL,31.200000000000003,25.755718
,2022-12-10,36504.0,FRIOZEM ESTEIO CL,Consumidor Livre,SUL,31.200000000000003,25.214443
,2022-12-11,36504.0,FRIOZEM ESTEIO CL,Consumidor Livre,SUL,31.200000000000003,24.825289
,2022-12-12,36504.0,FRIOZEM ESTEIO CL,Consumidor Livre,SUL,31.200000000000003,26.296345
,2022-12-13,36504.0,FRIOZEM ESTEIO CL,Consumidor Livre,SUL,31.200000000000003,22.865032
,2022-12-14,36504.0,FRIOZEM ESTEIO CL,Consumidor Livre,SUL,31.200000000000003,24.315058
,2022-12-15,36504.0,FRIOZEM ESTEIO CL,Consumidor Livre,SUL,31.200000000000003,23.485963
,2022-12-16,36504.0,FRIOZEM ESTEIO CL,Consumidor Livre,SUL,31.200000000000003,24.459026
,2022-12-17,36504.0,FRIOZEM ESTEIO CL,Consumidor Livre,SUL,31.200000000000003,21.293667
,2022-12-18,36504.0,FRIOZEM ESTEIO CL,Consumidor Livre,SUL,31.200000000000003,21.456015
,2022-12-19,36504.0,FRIOZEM ESTEIO CL,Consumidor Livre,SUL,31.200000000000003,19.812998
,2022-12-20,36504.0,FRIOZEM ESTEIO CL,Consumidor Livre,SUL,31.200000000000003,19.875058
,2022-12-21,36504.0,FRIOZEM ESTEIO CL,Consumidor Livre,SUL,31.200000000000003,23.438527
,2022-12-22,36504.0,FRIOZEM ESTEIO CL,Consumidor Livre,SUL,31.200000000000003,22.156376
,2022-12-23,36504.0,FRIOZEM ESTEIO CL,Consumidor Livre,SUL,31.200000000000003,23.084565
,2022-12-24,36504.0,FRIOZEM ESTEIO CL,Consumidor Livre,SUL,31.200000000000003,21.797081
,2022-12-25,36504.0,FRIOZEM ESTEIO CL,Consumidor Livre,SUL,31.200000000000003,20.233875
,2022-12-26,36504.0,FRIOZEM ESTEIO CL,Consumidor Livre,SUL,31.200000000000003,22.061442
,2022-12-27,36504.0,FRIOZEM ESTEIO CL,Consumidor Livre,SUL,31.200000000000003,22.323257
,2022-12-28,36504.0,FRIOZEM ESTEIO CL,Consumidor Livre,SUL,31.200000000000003,19.647013
,2022-12-29,36504.0,FRIOZEM ESTEIO CL,Consumidor Livre,SUL,31.200000000000003,19.292812
,2022-12-30,36504.0,FRIOZEM ESTEIO CL,Consumidor Livre,SUL,31.200000000000003,19.78916
,2022-12-31,36504.0,FRIOZEM ESTEIO CL,Consumidor Livre,SUL,31.200000000000003,18.89201
,2023-01-01,36504.0,FRIOZEM ESTEIO CL,Consumidor Livre,SUL,31.200000000000003,18.765526
,2023-01-02,36504.0,FRIOZEM ESTEIO CL,Consumidor Livre,SUL,31.200000000000003,21.414323
,2023-01-03,36504.0,FRIOZEM ESTEIO CL,Consumidor Livre,SUL,31.200000000000003,20.891362
,2023-01-04,36504.0,FRIOZEM ESTEIO CL,Consumidor Livre,SUL,31.200000000000003,19.982866
,2023-01-05,36504.0,FRIOZEM ESTEIO CL,Consumidor Livre,SUL,31.200000000000003,19.75809
,2023-01-06,36504.0,FRIOZEM ESTEIO CL,Consumidor Livre,SUL,31.200000000000003,19.735789
,2023-01-07,36504.0,FRIOZEM ESTEIO CL,Consumidor Livre,SUL,31.200000000000003,18.452012
,2023-01-08,36504.0,FRIOZEM ESTEIO CL,Consumidor Livre,SUL,31.200000000000003,18.071006
,2023-01-09,36504.0,FRIOZEM ESTEIO CL,Consumidor Livre,SUL,31.200000000000003,19.610987
,2023-01-10,36504.0,FRIOZEM ESTEIO CL,Consumidor Livre,SUL,31.200000000000003,19.731196
,2023-01-11,36504.0,FRIOZEM ESTEIO CL,Consumidor Livre,SUL,31.200000000000003,19.316044
,2023-01-12,36504.0,FRIOZEM ESTEIO CL,Consumidor Livre,SUL,31.200000000000003,20.565755
,2023-01-13,36504.0,FRIOZEM ESTEIO CL,Consumidor Livre,SUL,31.200000000000003,19.758283
,2023-01-14,36504.0,FRIOZEM ESTEIO CL,Consumidor Livre,SUL,31.200000000000003,18.85979
,2023-01-15,36504.0,FRIOZEM ESTEIO CL,Consumidor Livre,SUL,31.200000000000003,18.158218
,2023-01-16,36504.0,FRIOZEM ESTEIO CL,Consumidor Livre,SUL,31.200000000000003,20.715909
,2023-01-17,36504.0,FRIOZEM ESTEIO CL,Consumidor Livre,SUL,31.200000000000003,20.470662
,2023-01-18,36504.0,FRIOZEM ESTEIO CL,Consumidor Livre,SUL,31.200000000000003,20.725581
,2023-01-19,36504.0,FRIOZEM ESTEIO CL,Consumidor Livre,SUL,31.200000000000003,21.687046
,2023-01-20,36504.0,FRIOZEM ESTEIO CL,Consumidor Livre,SUL,31.200000000000003,22.743073000000003
,2023-01-21,36504.0,FRIOZEM ESTEIO CL,Consumidor Livre,SUL,31.200000000000003,19.591026
,2023-01-22,36504.0,FRIOZEM ESTEIO CL,Consumidor Livre,SUL,31.200000000000003,18.656096
,2023-01-23,36504.0,FRIOZEM ESTEIO CL,Consumidor Livre,SUL,31.200000000000003,21.043107
,2023-01-24,36504.0,FRIOZEM ESTEIO CL,Consumidor Livre,SUL,31.200000000000003,21.949218
,2023-01-25,36504.0,FRIOZEM ESTEIO CL,Consumidor Livre,SUL,31.200000000000003,22.840964
,2023-01-26,36504.0,FRIOZEM ESTEIO CL,Consumidor Livre,SUL,31.200000000000003,21.774807
,2023-01-27,36504.0,FRIOZEM ESTEIO CL,Consumidor Livre,SUL,31.200000000000003,21.394058
,2023-01-28,36504.0,FRIOZEM ESTEIO CL,Consumidor Livre,SUL,31.200000000000003,20.885339
,2023-01-29,36504.0,FRIOZEM ESTEIO CL,Consumidor Livre,SUL,31.200000000000003,20.169992
,2023-01-30,36504.0,FRIOZEM ESTEIO CL,Consumidor Livre,SUL,31.200000000000003,21.939465
,2023-01-31,36504.0,FRIOZEM ESTEIO CL,Consumidor Livre,SUL,31.200000000000003,20.924902
,2023-02-01,36504.0,FRIOZEM ESTEIO CL,Consumidor Livre,SUL,31.200000000000003,22.078568
,2023-02-02,36504.0,FRIOZEM ESTEIO CL,Consumidor Livre,SUL,31.200000000000003,22.253908
,2023-02-03,36504.0,FRIOZEM ESTEIO CL,Consumidor Livre,SUL,31.200000000000003,21.80568
,2023-02-04,36504.0,FRIOZEM ESTEIO CL,Consumidor Livre,SUL,31.200000000000003,19.5035
,2023-02-05,36504.0,FRIOZEM ESTEIO CL,Consumidor Livre,SUL,31.200000000000003,17.595223
,2023-02-06,36504.0,FRIOZEM ESTEIO CL,Consumidor Livre,SUL,31.200000000000003,20.026932
,2023-02-07,36504.0,FRIOZEM ESTEIO CL,Consumidor Livre,SUL,31.200000000000003,19.92843
,2023-02-08,36504.0,FRIOZEM ESTEIO CL,Consumidor Livre,SUL,31.200000000000003,20.826932
,2023-02-09,36504.0,FRIOZEM ESTEIO CL,Consumidor Livre,SUL,31.200000000000003,19.635758
,2023-02-10,36504.0,FRIOZEM ESTEIO CL,Consumidor Livre,SUL,31.200000000000003,21.598724
,2023-02-11,36504.0,FRIOZEM ESTEIO CL,Consumidor Livre,SUL,31.200000000000003,19.879619
,2023-02-12,36504.0,FRIOZEM ESTEIO CL,Consumidor Livre,SUL,31.200000000000003,23.398343
,2023-02-13,36504.0,FRIOZEM ESTEIO CL,Consumidor Livre,SUL,31.200000000000003,22.540982
,2023-02-14,36504.0,FRIOZEM ESTEIO CL,Consumidor Livre,SUL,31.200000000000003,21.961811
,2023-02-15,36504.0,FRIOZEM ESTEIO CL,Consumidor Livre,SUL,31.200000000000003,18.899243
,2023-02-16,36504.0,FRIOZEM ESTEIO CL,Consumidor Livre,SUL,31.200000000000003,20.582995
,2023-02-17,36504.0,FRIOZEM ESTEIO CL,Consumidor Livre,SUL,31.200000000000003,18.759673
,2023-02-18,36504.0,FRIOZEM ESTEIO CL,Consumidor Livre,SUL,31.200000000000003,16.869884
,2023-02-19,36504.0,FRIOZEM ESTEIO CL,Consumidor Livre,SUL,31.200000000000003,16.362738
,2023-02-20,36504.0,FRIOZEM ESTEIO CL,Consumidor Livre,SUL,31.200000000000003,17.662686
,2023-02-21,36504.0,FRIOZEM ESTEIO CL,Consumidor Livre,SUL,31.200000000000003,17.668486
,2023-02-22,36504.0,FRIOZEM ESTEIO CL,Consumidor Livre,SUL,31.200000000000003,18.339127
,2023-02-23,36504.0,FRIOZEM ESTEIO CL,Consumidor Livre,SUL,31.200000000000003,18.531917
,2023-02-24,36504.0,FRIOZEM ESTEIO CL,Consumidor Livre,SUL,31.200000000000003,18.290358
,2023-02-25,36504.0,FRIOZEM ESTEIO CL,Consumidor Livre,SUL,31.200000000000003,16.669163
,2023-02-26,36504.0,FRIOZEM ESTEIO CL,Consumidor Livre,SUL,31.200000000000003,17.086344
,2023-02-27,36504.0,FRIOZEM ESTEIO CL,Consumidor Livre,SUL,31.200000000000003,18.564181
,2023-02-28,36504.0,FRIOZEM ESTEIO CL,Consumidor Livre,SUL,31.200000000000003,18.459519
,2023-03-01,36504.0,FRIOZEM ESTEIO CL,Consumidor Livre,SUL,31.200000000000003,18.924185
,2023-03-02,36504.0,FRIOZEM ESTEIO CL,Consumidor Livre,SUL,31.200000000000003,19.593584
,2023-03-03,36504.0,FRIOZEM ESTEIO CL,Consumidor Livre,SUL,31.200000000000003,18.12079
,2023-03-04,36504.0,FRIOZEM ESTEIO CL,Consumidor Livre,SUL,31.200000000000003,18.971321
,2023-03-05,36504.0,FRIOZEM ESTEIO CL,Consumidor Livre,SUL,31.200000000000003,16.879326
,2023-03-06,36504.0,FRIOZEM ESTEIO CL,Consumidor Livre,SUL,31.200000000000003,18.682996
,2023-03-07,36504.0,FRIOZEM ESTEIO CL,Consumidor Livre,SUL,31.200000000000003,18.715157
,2023-03-08,36504.0,FRIOZEM ESTEIO CL,Consumidor Livre,SUL,31.200000000000003,20.772238
,2023-03-09,36504.0,FRIOZEM ESTEIO CL,Consumidor Livre,SUL,31.200000000000003,19.378314
,2023-03-10,36504.0,FRIOZEM ESTEIO CL,Consumidor Livre,SUL,31.200000000000003,21.484491
,2023-03-11,36504.0,FRIOZEM ESTEIO CL,Consumidor Livre,SUL,31.200000000000003,18.223091
,2023-03-12,36504.0,FRIOZEM ESTEIO CL,Consumidor Livre,SUL,31.200000000000003,19.094808
,2023-03-13,36504.0,FRIOZEM ESTEIO CL,Consumidor Livre,SUL,31.200000000000003,13.553819
,2023-03-14,36504.0,FRIOZEM ESTEIO CL,Consumidor Livre,SUL,31.200000000000003,18.666647
,2023-03-15,36504.0,FRIOZEM ESTEIO CL,Consumidor Livre,SUL,31.200000000000003,19.256161
,2023-03-16,36504.0,FRIOZEM ESTEIO CL,Consumidor Livre,SUL,31.200000000000003,18.821412
,2023-03-17,36504.0,FRIOZEM ESTEIO CL,Consumidor Livre,SUL,31.200000000000003,18.208893
,2023-03-18,36504.0,FRIOZEM ESTEIO CL,Consumidor Livre,SUL,31.200000000000003,19.03699
,2023-03-19,36504.0,FRIOZEM ESTEIO CL,Consumidor Livre,SUL,31.200000000000003,17.629691
,2023-03-20,36504.0,FRIOZEM ESTEIO CL,Consumidor Livre,SUL,31.200000000000003,19.730771
,2023-03-21,36504.0,FRIOZEM ESTEIO CL,Consumidor Livre,SUL,31.200000000000003,19.226236
,2023-03-22,36504.0,FRIOZEM ESTEIO CL,Consumidor Livre,SUL,31.200000000000003,20.118398
,2023-03-23,36504.0,FRIOZEM ESTEIO CL,Consumidor Livre,SUL,31.200000000000003,20.165581
,2023-03-24,36504.0,FRIOZEM ESTEIO CL,Consumidor Livre,SUL,31.200000000000003,19.645821
,2023-03-25,36504.0,FRIOZEM ESTEIO CL,Consumidor Livre,SUL,31.200000000000003,17.83165
,2023-03-26,36504.0,FRIOZEM ESTEIO CL,Consumidor Livre,SUL,31.200000000000003,17.935167
,2023-03-27,36504.0,FRIOZEM ESTEIO CL,Consumidor Livre,SUL,31.200000000000003,17.406223
,2023-03-28,36504.0,FRIOZEM ESTEIO CL,Consumidor Livre,SUL,31.200000000000003,17.835919
,2023-03-29,36504.0,FRIOZEM ESTEIO CL,Consumidor Livre,SUL,31.200000000000003,18.532754
,2023-03-30,36504.0,FRIOZEM ESTEIO CL,Consumidor Livre,SUL,31.200000000000003,18.746203
,2023-03-31,36504.0,FRIOZEM ESTEIO CL,Consumidor Livre,SUL,31.200000000000003,18.53788
,2023-04-01,36504.0,FRIOZEM ESTEIO CL,Consumidor Livre,SUL,31.200000000000003,17.052052
,2023-04-02,36504.0,FRIOZEM ESTEIO CL,Consumidor Livre,SUL,31.200000000000003,16.248746
,2023-04-03,36504.0,FRIOZEM ESTEIO CL,Consumidor Livre,SUL,31.200000000000003,17.480959
,2023-04-04,36504.0,FRIOZEM ESTEIO CL,Consumidor Livre,SUL,31.200000000000003,17.590792
,2023-04-05,36504.0,FRIOZEM ESTEIO CL,Consumidor Livre,SUL,31.200000000000003,17.846569
,2023-04-06,36504.0,FRIOZEM ESTEIO CL,Consumidor Livre,SUL,31.200000000000003,17.433042
,2023-04-07,36504.0,FRIOZEM ESTEIO CL,Consumidor Livre,SUL,31.200000000000003,16.902760999999998
,2023-04-08,36504.0,FRIOZEM ESTEIO CL,Consumidor Livre,SUL,31.200000000000003,16.404805
,2023-04-09,36504.0,FRIOZEM ESTEIO CL,Consumidor Livre,SUL,31.200000000000003,17.056586
,2023-04-10,36504.0,FRIOZEM ESTEIO CL,Consumidor Livre,SUL,31.200000000000003,17.679807
,2023-04-11,36504.0,FRIOZEM ESTEIO CL,Consumidor Livre,SUL,31.200000000000003,18.245374
,2023-04-12,36504.0,FRIOZEM ESTEIO CL,Consumidor Livre,SUL,31.200000000000003,17.976793999999998
,2023-04-13,36504.0,FRIOZEM ESTEIO CL,Consumidor Livre,SUL,31.200000000000003,17.899364
,2023-04-14,36504.0,FRIOZEM ESTEIO CL,Consumidor Livre,SUL,31.200000000000003,16.645615
,2023-04-15,36504.0,FRIOZEM ESTEIO CL,Consumidor Livre,SUL,31.200000000000003,16.937233
,2023-04-16,36504.0,FRIOZEM ESTEIO CL,Consumidor Livre,SUL,31.200000000000003,15.284202
,2023-04-17,36504.0,FRIOZEM ESTEIO CL,Consumidor Livre,SUL,31.200000000000003,17.321772
,2023-04-18,36504.0,FRIOZEM ESTEIO CL,Consumidor Livre,SUL,31.200000000000003,16.631818
,2023-04-19,36504.0,FRIOZEM ESTEIO CL,Consumidor Livre,SUL,31.200000000000003,16.472474
,2023-04-20,36504.0,FRIOZEM ESTEIO CL,Consumidor Livre,SUL,31.200000000000003,15.744269
,2023-04-21,36504.0,FRIOZEM ESTEIO CL,Consumidor Livre,SUL,31.200000000000003,16.053448
,2023-04-22,36504.0,FRIOZEM ESTEIO CL,Consumidor Livre,SUL,31.200000000000003,15.60796
,2023-04-23,36504.0,FRIOZEM ESTEIO CL,Consumidor Livre,SUL,31.200000000000003,16.075904
,2023-04-24,36504.0,FRIOZEM ESTEIO CL,Consumidor Livre,SUL,31.200000000000003,16.556619
,2023-04-25,36504.0,FRIOZEM ESTEIO CL,Consumidor Livre,SUL,31.200000000000003,17.03857
,2023-04-26,36504.0,FRIOZEM ESTEIO CL,Consumidor Livre,SUL,31.200000000000003,16.815163
,2023-04-27,36504.0,FRIOZEM ESTEIO CL,Consumidor Livre,SUL,31.200000000000003,17.270579
,2023-04-28,36504.0,FRIOZEM ESTEIO CL,Consumidor Livre,SUL,31.200000000000003,16.679221000000002
,2023-04-29,36504.0,FRIOZEM ESTEIO CL,Consumidor Livre,SUL,31.200000000000003,16.661643
,2023-04-30,36504.0,FRIOZEM ESTEIO CL,Consumidor Livre,SUL,31.200000000000003,15.496791
,2023-05-01,36504.0,FRIOZEM ESTEIO CL,Consumidor Livre,SUL,31.200000000000003,16.879308
,2023-05-02,36504.0,FRIOZEM ESTEIO CL,Consumidor Livre,SUL,31.200000000000003,16.492679
,2023-05-03,36504.0,FRIOZEM ESTEIO CL,Consumidor Livre,SUL,31.200000000000003,16.907333
,2023-05-04,36504.0,FRIOZEM ESTEIO CL,Consumidor Livre,SUL,31.200000000000003,15.756606
,2023-05-05,36504.0,FRIOZEM ESTEIO CL,Consumidor Livre,SUL,31.200000000000003,17.63962
,2023-05-06,36504.0,FRIOZEM ESTEIO CL,Consumidor Livre,SUL,31.200000000000003,16.184537
,2023-05-07,36504.0,FRIOZEM ESTEIO CL,Consumidor Livre,SUL,31.200000000000003,16.715958
,2023-05-08,36504.0,FRIOZEM ESTEIO CL,Consumidor Livre,SUL,31.200000000000003,16.113309
,2023-05-09,36504.0,FRIOZEM ESTEIO CL,Consumidor Livre,SUL,31.200000000000003,16.83667
,2023-05-10,36504.0,FRIOZEM ESTEIO CL,Consumidor Livre,SUL,31.200000000000003,15.418438
,2023-05-11,36504.0,FRIOZEM ESTEIO CL,Consumidor Livre,SUL,31.200000000000003,16.992297
,2023-05-12,36504.0,FRIOZEM ESTEIO CL,Consumidor Livre,SUL,31.200000000000003,15.776062
,2023-05-13,36504.0,FRIOZEM ESTEIO CL,Consumidor Livre,SUL,31.200000000000003,16.132267
,2023-05-14,36504.0,FRIOZEM ESTEIO CL,Consumidor Livre,SUL,31.200000000000003,15.382989
,2023-05-15,36504.0,FRIOZEM ESTEIO CL,Consumidor Livre,SUL,31.200000000000003,16.432698
,2023-05-16,36504.0,FRIOZEM ESTEIO CL,Consumidor Livre,SUL,31.200000000000003,15.84046
,2023-05-17,36504.0,FRIOZEM ESTEIO CL,Consumidor Livre,SUL,31.200000000000003,16.460007
,2023-05-18,36504.0,FRIOZEM ESTEIO CL,Consumidor Livre,SUL,31.200000000000003,14.505279
,2023-05-19,36504.0,FRIOZEM ESTEIO CL,Consumidor Livre,SUL,31.200000000000003,16.329809
,2023-05-20,36504.0,FRIOZEM ESTEIO CL,Consumidor Livre,SUL,31.200000000000003,15.479064
,2023-05-21,36504.0,FRIOZEM ESTEIO CL,Consumidor Livre,SUL,31.200000000000003,15.824147
,2023-05-22,36504.0,FRIOZEM ESTEIO CL,Consumidor Livre,SUL,31.200000000000003,14.153981
,2023-05-23,36504.0,FRIOZEM ESTEIO CL,Consumidor Livre,SUL,31.200000000000003,16.750285
,2023-05-24,36504.0,FRIOZEM ESTEIO CL,Consumidor Livre,SUL,31.200000000000003,15.914184
,2023-05-25,36504.0,FRIOZEM ESTEIO CL,Consumidor Livre,SUL,31.200000000000003,16.142568
,2023-05-26,36504.0,FRIOZEM ESTEIO CL,Consumidor Livre,SUL,31.200000000000003,15.709241
,2023-05-27,36504.0,FRIOZEM ESTEIO CL,Consumidor Livre,SUL,31.200000000000003,16.776857
,2023-05-28,36504.0,FRIOZEM ESTEIO CL,Consumidor Livre,SUL,31.200000000000003,14.971942
,2023-05-29,36504.0,FRIOZEM ESTEIO CL,Consumidor Livre,SUL,31.200000000000003,16.397974
,2023-05-30,36504.0,FRIOZEM ESTEIO CL,Consumidor Livre,SUL,31.200000000000003,15.520426
,2023-05-31,36504.0,FRIOZEM ESTEIO CL,Consumidor Livre,SUL,31.200000000000003,16.583919
,2023-06-01,36504.0,FRIOZEM ESTEIO CL,Consumidor Livre,SUL,31.200000000000003,15.833858
,2023-06-02,36504.0,FRIOZEM ESTEIO CL,Consumidor Livre,SUL,31.200000000000003,16.659255
,2023-06-03,36504.0,FRIOZEM ESTEIO CL,Consumidor Livre,SUL,31.200000000000003,15.535297
,2023-06-04,36504.0,FRIOZEM ESTEIO CL,Consumidor Livre,SUL,31.200000000000003,15.406211
,2023-06-05,36504.0,FRIOZEM ESTEIO CL,Consumidor Livre,SUL,31.200000000000003,15.652816
,2023-06-06,36504.0,FRIOZEM ESTEIO CL,Consumidor Livre,SUL,31.200000000000003,16.38455
,2023-06-07,36504.0,FRIOZEM ESTEIO CL,Consumidor Livre,SUL,31.200000000000003,16.747518
,2023-06-08,36504.0,FRIOZEM ESTEIO CL,Consumidor Livre,SUL,31.200000000000003,16.326521
,2023-06-09,36504.0,FRIOZEM ESTEIO CL,Consumidor Livre,SUL,31.200000000000003,15.534177
,2023-06-10,36504.0,FRIOZEM ESTEIO CL,Consumidor Livre,SUL,31.200000000000003,16.352417
,2023-06-11,36504.0,FRIOZEM ESTEIO CL,Consumidor Livre,SUL,31.200000000000003,14.845502
,2023-06-12,36504.0,FRIOZEM ESTEIO CL,Consumidor Livre,SUL,31.200000000000003,15.985962
,2023-06-13,36504.0,FRIOZEM ESTEIO CL,Consumidor Livre,SUL,31.200000000000003,10.506268
,2023-06-14,36504.0,FRIOZEM ESTEIO CL,Consumidor Livre,SUL,31.200000000000003,13.417438
,2023-06-15,36504.0,FRIOZEM ESTEIO CL,Consumidor Livre,SUL,31.200000000000003,13.436039
,2023-06-16,36504.0,FRIOZEM ESTEIO CL,Consumidor Livre,SUL,31.200000000000003,16.957571
,2023-06-17,36504.0,FRIOZEM ESTEIO CL,Consumidor Livre,SUL,31.200000000000003,15.450867
,2023-06-18,36504.0,FRIOZEM ESTEIO CL,Consumidor Livre,SUL,31.200000000000003,15.338322
,2023-06-19,36504.0,FRIOZEM ESTEIO CL,Consumidor Livre,SUL,31.200000000000003,15.970041
,2023-06-20,36504.0,FRIOZEM ESTEIO CL,Consumidor Livre,SUL,31.200000000000003,16.524667
,2023-06-21,36504.0,FRIOZEM ESTEIO CL,Consumidor Livre,SUL,31.200000000000003,15.340582
,2023-06-22,36504.0,FRIOZEM ESTEIO CL,Consumidor Livre,SUL,31.200000000000003,16.871997
,2023-06-23,36504.0,FRIOZEM ESTEIO CL,Consumidor Livre,SUL,31.200000000000003,16.576007
,2023-06-24,36504.0,FRIOZEM ESTEIO CL,Consumidor Livre,SUL,31.200000000000003,16.296094
,2023-06-25,36504.0,FRIOZEM ESTEIO CL,Consumidor Livre,SUL,31.200000000000003,16.67646
,2023-06-26,36504.0,FRIOZEM ESTEIO CL,Consumidor Livre,SUL,31.200000000000003,17.112929
,2023-06-27,36504.0,FRIOZEM ESTEIO CL,Consumidor Livre,SUL,31.200000000000003,16.315842
,2023-06-28,36504.0,FRIOZEM ESTEIO CL,Consumidor Livre,SUL,31.200000000000003,14.221402
,2023-06-29,36504.0,FRIOZEM ESTEIO CL,Consumidor Livre,SUL,31.200000000000003,15.931578
,2023-06-30,36504.0,FRIOZEM ESTEIO CL,Consumidor Livre,SUL,31.200000000000003,16.513954
,2023-07-01,36504.0,FRIOZEM ESTEIO CL,Consumidor Livre,SUL,31.200000000000003,15.138315
,2023-07-02,36504.0,FRIOZEM ESTEIO CL,Consumidor Livre,SUL,31.200000000000003,15.470095
,2023-07-03,36504.0,FRIOZEM ESTEIO CL,Consumidor Livre,SUL,31.200000000000003,16.250314
,2023-07-04,36504.0,FRIOZEM ESTEIO CL,Consumidor Livre,SUL,31.200000000000003,16.787885
,2023-07-05,36504.0,FRIOZEM ESTEIO CL,Consumidor Livre,SUL,31.200000000000003,16.096509
,2023-07-06,36504.0,FRIOZEM ESTEIO CL,Consumidor Livre,SUL,31.200000000000003,16.533224
,2023-07-07,36504.0,FRIOZEM ESTEIO CL,Consumidor Livre,SUL,31.200000000000003,15.69348
,2023-07-08,36504.0,FRIOZEM ESTEIO CL,Consumidor Livre,SUL,31.200000000000003,16.2894
,2023-07-09,36504.0,FRIOZEM ESTEIO CL,Consumidor Livre,SUL,31.200000000000003,14.233363
,2023-07-10,36504.0,FRIOZEM ESTEIO CL,Consumidor Livre,SUL,31.200000000000003,16.269931
,2023-07-11,36504.0,FRIOZEM ESTEIO CL,Consumidor Livre,SUL,31.200000000000003,15.716482
,2023-07-12,36504.0,FRIOZEM ESTEIO CL,Consumidor Livre,SUL,31.200000000000003,16.604454999999998
,2023-07-13,36504.0,FRIOZEM ESTEIO CL,Consumidor Livre,SUL,31.200000000000003,15.849296
,2023-07-14,36504.0,FRIOZEM ESTEIO CL,Consumidor Livre,SUL,31.200000000000003,16.070352
,2023-07-15,36504.0,FRIOZEM ESTEIO CL,Consumidor Livre,SUL,31.200000000000003,14.886803
,2023-07-16,36504.0,FRIOZEM ESTEIO CL,Consumidor Livre,SUL,31.200000000000003,15.443769
,2023-07-17,36504.0,FRIOZEM ESTEIO CL,Consumidor Livre,SUL,31.200000000000003,15.635654
,2023-07-18,36504.0,FRIOZEM ESTEIO CL,Consumidor Livre,SUL,31.200000000000003,16.437094000000002
,2023-07-19,36504.0,FRIOZEM ESTEIO CL,Consumidor Livre,SUL,31.200000000000003,15.66064
,2023-07-20,36504.0,FRIOZEM ESTEIO CL,Consumidor Livre,SUL,31.200000000000003,16.603669
,2023-07-21,36504.0,FRIOZEM ESTEIO CL,Consumidor Livre,SUL,31.200000000000003,15.780678
,2023-07-22,36504.0,FRIOZEM ESTEIO CL,Consumidor Livre,SUL,31.200000000000003,16.189912
,2023-07-23,36504.0,FRIOZEM ESTEIO CL,Consumidor Livre,SUL,31.200000000000003,15.300229
,2023-07-24,36504.0,FRIOZEM ESTEIO CL,Consumidor Livre,SUL,31.200000000000003,16.338311
,2023-07-25,36504.0,FRIOZEM ESTEIO CL,Consumidor Livre,SUL,31.200000000000003,16.553308
,2023-07-26,36504.0,FRIOZEM ESTEIO CL,Consumidor Livre,SUL,31.200000000000003,16.542382
,2023-07-27,36504.0,FRIOZEM ESTEIO CL,Consumidor Livre,SUL,31.200000000000003,15.997465
,2023-07-28,36504.0,FRIOZEM ESTEIO CL,Consumidor Livre,SUL,31.200000000000003,16.266133
,2023-07-29,36504.0,FRIOZEM ESTEIO CL,Consumidor Livre,SUL,31.200000000000003,14.573128
,2023-07-30,36504.0,FRIOZEM ESTEIO CL,Consumidor Livre,SUL,31.200000000000003,14.326348
,2023-07-31,36504.0,FRIOZEM ESTEIO CL,Consumidor Livre,SUL,31.200000000000003,16.047099
,2023-08-01,36504.0,FRIOZEM ESTEIO CL,Consumidor Livre,SUL,31.200000000000003,16.703613
,2023-08-02,36504.0,FRIOZEM ESTEIO CL,Consumidor Livre,SUL,31.200000000000003,16.415918
,2023-08-03,36504.0,FRIOZEM ESTEIO CL,Consumidor Livre,SUL,31.200000000000003,16.853348
,2023-08-04,36504.0,FRIOZEM ESTEIO CL,Consumidor Livre,SUL,31.200000000000003,15.793812
,2023-08-05,36504.0,FRIOZEM ESTEIO CL,Consumidor Livre,SUL,31.200000000000003,16.352881
,2023-08-06,36504.0,FRIOZEM ESTEIO CL,Consumidor Livre,SUL,31.200000000000003,15.165324
,2023-08-07,36504.0,FRIOZEM ESTEIO CL,Consumidor Livre,SUL,31.200000000000003,16.848438
,2023-08-08,36504.0,FRIOZEM ESTEIO CL,Consumidor Livre,SUL,31.200000000000003,14.880978
,2023-08-09,36504.0,FRIOZEM ESTEIO CL,Consumidor Livre,SUL,31.200000000000003,16.697447
,2023-08-10,36504.0,FRIOZEM ESTEIO CL,Consumidor Livre,SUL,31.200000000000003,16.497854
,2023-08-11,36504.0,FRIOZEM ESTEIO CL,Consumidor Livre,SUL,31.200000000000003,17.346106
,2023-08-12,36504.0,FRIOZEM ESTEIO CL,Consumidor Livre,SUL,31.200000000000003,15.667305
,2023-08-13,36504.0,FRIOZEM ESTEIO CL,Consumidor Livre,SUL,31.200000000000003,15.274927
,2023-08-14,36504.0,FRIOZEM ESTEIO CL,Consumidor Livre,SUL,31.200000000000003,15.579232
,2023-08-15,36504.0,FRIOZEM ESTEIO CL,Consumidor Livre,SUL,31.200000000000003,15.692985
,2023-08-16,36504.0,FRIOZEM ESTEIO CL,Consumidor Livre,SUL,31.200000000000003,16.197
,2023-08-17,36504.0,FRIOZEM ESTEIO CL,Consumidor Livre,SUL,31.200000000000003,17.301466
,2023-08-18,36504.0,FRIOZEM ESTEIO CL,Consumidor Livre,SUL,31.200000000000003,15.354588
,2023-08-19,36504.0,FRIOZEM ESTEIO CL,Consumidor Livre,SUL,31.200000000000003,15.099593
,2023-08-20,36504.0,FRIOZEM ESTEIO CL,Consumidor Livre,SUL,31.200000000000003,12.659753
,2023-08-21,36504.0,FRIOZEM ESTEIO CL,Consumidor Livre,SUL,31.200000000000003,16.519046
,2023-08-22,36504.0,FRIOZEM ESTEIO CL,Consumidor Livre,SUL,31.200000000000003,16.175362
,2023-08-23,36504.0,FRIOZEM ESTEIO CL,Consumidor Livre,SUL,31.200000000000003,15.744526
,2023-08-24,36504.0,FRIOZEM ESTEIO CL,Consumidor Livre,SUL,31.200000000000003,16.352101
,2023-08-25,36504.0,FRIOZEM ESTEIO CL,Consumidor Livre,SUL,31.200000000000003,16.127302
,2023-08-26,36504.0,FRIOZEM ESTEIO CL,Consumidor Livre,SUL,31.200000000000003,14.550395
,2023-08-27,36504.0,FRIOZEM ESTEIO CL,Consumidor Livre,SUL,31.200000000000003,12.662667
,2023-08-28,36504.0,FRIOZEM ESTEIO CL,Consumidor Livre,SUL,31.200000000000003,15.685147
,2023-08-29,36504.0,FRIOZEM ESTEIO CL,Consumidor Livre,SUL,31.200000000000003,15.06343
,2023-08-30,36504.0,FRIOZEM ESTEIO CL,Consumidor Livre,SUL,31.200000000000003,15.135116
,2023-08-31,36504.0,FRIOZEM ESTEIO CL,Consumidor Livre,SUL,31.200000000000003,16.621404000000002
,2023-09-01,36504.0,FRIOZEM ESTEIO CL,Consumidor Livre,SUL,31.200000000000003,15.96168
,2023-09-02,36504.0,FRIOZEM ESTEIO CL,Consumidor Livre,SUL,31.200000000000003,16.577508
,2023-09-03,36504.0,FRIOZEM ESTEIO CL,Consumidor Livre,SUL,31.200000000000003,14.268541
,2023-09-04,36504.0,FRIOZEM ESTEIO CL,Consumidor Livre,SUL,31.200000000000003,17.241978
,2023-09-05,36504.0,FRIOZEM ESTEIO CL,Consumidor Livre,SUL,31.200000000000003,15.390894
,2023-09-06,36504.0,FRIOZEM ESTEIO CL,Consumidor Livre,SUL,31.200000000000003,16.338742
,2023-09-07,36504.0,FRIOZEM ESTEIO CL,Consumidor Livre,SUL,31.200000000000003,13.22276
,2023-09-08,36504.0,FRIOZEM ESTEIO CL,Consumidor Livre,SUL,31.200000000000003,17.217455
,2023-09-09,36504.0,FRIOZEM ESTEIO CL,Consumidor Livre,SUL,31.200000000000003,14.276494
,2023-09-10,36504.0,FRIOZEM ESTEIO CL,Consumidor Livre,SUL,31.200000000000003,12.91229
,2023-09-11,36504.0,FRIOZEM ESTEIO CL,Consumidor Livre,SUL,31.200000000000003,16.358324
,2023-09-12,36504.0,FRIOZEM ESTEIO CL,Consumidor Livre,SUL,31.200000000000003,17.305016
,2023-09-13,36504.0,FRIOZEM ESTEIO CL,Consumidor Livre,SUL,31.200000000000003,15.558458
,2023-09-14,36504.0,FRIOZEM ESTEIO CL,Consumidor Livre,SUL,31.200000000000003,15.363339
,2023-09-15,36504.0,FRIOZEM ESTEIO CL,Consumidor Livre,SUL,31.200000000000003,13.170271
,2023-09-16,36504.0,FRIOZEM ESTEIO CL,Consumidor Livre,SUL,31.200000000000003,12.213024
,2023-09-17,36504.0,FRIOZEM ESTEIO CL,Consumidor Livre,SUL,31.200000000000003,12.810547
,2023-09-18,36504.0,FRIOZEM ESTEIO CL,Consumidor Livre,SUL,31.200000000000003,15.731483
,2023-09-19,36504.0,FRIOZEM ESTEIO CL,Consumidor Livre,SUL,31.200000000000003,15.003049
,2023-09-20,36504.0,FRIOZEM ESTEIO CL,Consumidor Livre,SUL,31.200000000000003,15.141022
,2023-09-21,36504.0,FRIOZEM ESTEIO CL,Consumidor Livre,SUL,31.200000000000003,16.812466
,2023-09-22,36504.0,FRIOZEM ESTEIO CL,Consumidor Livre,SUL,31.200000000000003,18.083024
,2023-09-23,36504.0,FRIOZEM ESTEIO CL,Consumidor Livre,SUL,31.200000000000003,15.767796
,2023-09-24,36504.0,FRIOZEM ESTEIO CL,Consumidor Livre,SUL,31.200000000000003,14.386112
,2023-09-25,36504.0,FRIOZEM ESTEIO CL,Consumidor Livre,SUL,31.200000000000003,15.61253
,2023-09-26,36504.0,FRIOZEM ESTEIO CL,Consumidor Livre,SUL,31.200000000000003,17.423043
,2023-09-27,36504.0,FRIOZEM ESTEIO CL,Consumidor Livre,SUL,31.200000000000003,15.785154
,2023-09-28,36504.0,FRIOZEM ESTEIO CL,Consumidor Livre,SUL,31.200000000000003,16.859985
,2023-09-29,36504.0,FRIOZEM ESTEIO CL,Consumidor Livre,SUL,31.200000000000003,16.962634
,2023-09-30,36504.0,FRIOZEM ESTEIO CL,Consumidor Livre,SUL,31.200000000000003,16.710099
,2023-10-01,36504.0,FRIOZEM ESTEIO CL,Consumidor Livre,SUL,31.200000000000003,10.64031
,2023-10-02,36504.0,FRIOZEM ESTEIO CL,Consumidor Livre,SUL,31.200000000000003,16.405651
,2023-10-03,36504.0,FRIOZEM ESTEIO CL,Consumidor Livre,SUL,31.200000000000003,15.92696
,2023-10-04,36504.0,FRIOZEM ESTEIO CL,Consumidor Livre,SUL,31.200000000000003,17.272806
,2023-10-05,36504.0,FRIOZEM ESTEIO CL,Consumidor Livre,SUL,31.200000000000003,14.505429
,2023-10-06,36504.0,FRIOZEM ESTEIO CL,Consumidor Livre,SUL,31.200000000000003,16.769902000000002
,2023-10-07,36504.0,FRIOZEM ESTEIO CL,Consumidor Livre,SUL,31.200000000000003,16.016956
,2023-10-08,36504.0,FRIOZEM ESTEIO CL,Consumidor Livre,SUL,31.200000000000003,14.126242
,2023-10-09,36504.0,FRIOZEM ESTEIO CL,Consumidor Livre,SUL,31.200000000000003,16.053413
,2023-10-10,36504.0,FRIOZEM ESTEIO CL,Consumidor Livre,SUL,31.200000000000003,17.375113
,2023-10-11,36504.0,FRIOZEM ESTEIO CL,Consumidor Livre,SUL,31.200000000000003,16.69683
,2023-10-12,36504.0,FRIOZEM ESTEIO CL,Consumidor Livre,SUL,31.200000000000003,15.877526
,2023-10-13,36504.0,FRIOZEM ESTEIO CL,Consumidor Livre,SUL,31.200000000000003,15.690897
,2023-10-14,36504.0,FRIOZEM ESTEIO CL,Consumidor Livre,SUL,31.200000000000003,16.281631
,2023-10-15,36504.0,FRIOZEM ESTEIO CL,Consumidor Livre,SUL,31.200000000000003,14.970672
,2023-10-16,36504.0,FRIOZEM ESTEIO CL,Consumidor Livre,SUL,31.200000000000003,16.844167
,2023-10-17,36504.0,FRIOZEM ESTEIO CL,Consumidor Livre,SUL,31.200000000000003,16.959373
,2023-10-18,36504.0,FRIOZEM ESTEIO CL,Consumidor Livre,SUL,31.200000000000003,17.169794
,2023-10-19,36504.0,FRIOZEM ESTEIO CL,Consumidor Livre,SUL,31.200000000000003,16.430328
,2023-10-20,36504.0,FRIOZEM ESTEIO CL,Consumidor Livre,SUL,31.200000000000003,17.136729
,2023-10-21,36504.0,FRIOZEM ESTEIO CL,Consumidor Livre,SUL,31.200000000000003,16.270681
,2023-10-22,36504.0,FRIOZEM ESTEIO CL,Consumidor Livre,SUL,31.200000000000003,13.517041
,2023-10-23,36504.0,FRIOZEM ESTEIO CL,Consumidor Livre,SUL,31.200000000000003,16.856931
,2023-10-24,36504.0,FRIOZEM ESTEIO CL,Consumidor Livre,SUL,31.200000000000003,17.965937
,2023-10-25,36504.0,FRIOZEM ESTEIO CL,Consumidor Livre,SUL,31.200000000000003,15.845146
,2023-10-26,36504.0,FRIOZEM ESTEIO CL,Consumidor Livre,SUL,31.200000000000003,17.055997
,2023-10-27,36504.0,FRIOZEM ESTEIO CL,Consumidor Livre,SUL,31.200000000000003,16.349467999999998
,2023-10-28,36504.0,FRIOZEM ESTEIO CL,Consumidor Livre,SUL,31.200000000000003,16.750028
,2023-10-29,36504.0,FRIOZEM ESTEIO CL,Consumidor Livre,SUL,31.200000000000003,16.434798
,2023-10-30,36504.0,FRIOZEM ESTEIO CL,Consumidor Livre,SUL,31.200000000000003,17.97602
,2023-10-31,36504.0,FRIOZEM ESTEIO CL,Consumidor Livre,SUL,31.200000000000003,16.899005
,2023-11-01,36504.0,FRIOZEM ESTEIO CL,Consumidor Livre,SUL,31.200000000000003,17.264827
,2023-11-02,36504.0,FRIOZEM ESTEIO CL,Consumidor Livre,SUL,31.200000000000003,17.071499
,2023-11-03,36504.0,FRIOZEM ESTEIO CL,Consumidor Livre,SUL,31.200000000000003,17.038248
,2023-11-04,36504.0,FRIOZEM ESTEIO CL,Consumidor Livre,SUL,31.200000000000003,15.132755
,2023-11-05,36504.0,FRIOZEM ESTEIO CL,Consumidor Livre,SUL,31.200000000000003,12.7774
,2023-11-06,36504.0,FRIOZEM ESTEIO CL,Consumidor Livre,SUL,31.200000000000003,16.511727
,2023-11-07,36504.0,FRIOZEM ESTEIO CL,Consumidor Livre,SUL,31.200000000000003,17.149327
,2023-11-08,36504.0,FRIOZEM ESTEIO CL,Consumidor Livre,SUL,31.200000000000003,16.769001
,2023-11-09,36504.0,FRIOZEM ESTEIO CL,Consumidor Livre,SUL,31.200000000000003,16.822218
,2023-11-10,36504.0,FRIOZEM ESTEIO CL,Consumidor Livre,SUL,31.200000000000003,21.076385
,2023-11-11,36504.0,FRIOZEM ESTEIO CL,Consumidor Livre,SUL,31.200000000000003,17.593013
,2023-11-12,36504.0,FRIOZEM ESTEIO CL,Consumidor Livre,SUL,31.200000000000003,18.304133
,2023-11-13,36504.0,FRIOZEM ESTEIO CL,Consumidor Livre,SUL,31.200000000000003,19.570909
,2023-11-14,36504.0,FRIOZEM ESTEIO CL,Consumidor Livre,SUL,31.200000000000003,17.334194
,2023-11-15,36504.0,FRIOZEM ESTEIO CL,Consumidor Livre,SUL,31.200000000000003,20.083037
,2023-11-16,36504.0,FRIOZEM ESTEIO CL,Consumidor Livre,SUL,31.200000000000003,20.566118
,2023-11-17,36504.0,FRIOZEM ESTEIO CL,Consumidor Livre,SUL,31.200000000000003,19.967876
,2023-11-18,36504.0,FRIOZEM ESTEIO CL,Consumidor Livre,SUL,31.200000000000003,19.725402
,2023-11-19,36504.0,FRIOZEM ESTEIO CL,Consumidor Livre,SUL,31.200000000000003,15.816501
,2023-11-20,36504.0,FRIOZEM ESTEIO CL,Consumidor Livre,SUL,31.200000000000003,23.517759
,2023-11-21,36504.0,FRIOZEM ESTEIO CL,Consumidor Livre,SUL,31.200000000000003,4.81042
,2023-11-22,36504.0,FRIOZEM ESTEIO CL,Consumidor Livre,SUL,31.200000000000003,0.0
,2023-11-23,36504.0,FRIOZEM ESTEIO CL,Consumidor Livre,SUL,31.200000000000003,0.0
,2023-11-24,36504.0,FRIOZEM ESTEIO CL,Consumidor Livre,SUL,31.200000000000003,0.0
,2023-11-25,36504.0,FRIOZEM ESTEIO CL,Consumidor Livre,SUL,31.200000000000003,12.2786
,2023-11-26,36504.0,FRIOZEM ESTEIO CL,Consumidor Livre,SUL,31.200000000000003,24.533657
,2023-11-27,36504.0,FRIOZEM ESTEIO CL,Consumidor Livre,SUL,31.200000000000003,31.110894
,2023-11-28,36504.0,FRIOZEM ESTEIO CL,Consumidor Livre,SUL,31.200000000000003,32.682691
,2023-11-29,36504.0,FRIOZEM ESTEIO CL,Consumidor Livre,SUL,31.200000000000003,31.792836
,2023-11-30,36504.0,FRIOZEM ESTEIO CL,Consumidor Livre,SUL,31.200000000000003,31.344377
,2023-12-01,36504.0,FRIOZEM ESTEIO CL,Consumidor Livre,SUL,31.200000000000003,31.209662
,2023-12-02,36504.0,FRIOZEM ESTEIO CL,Consumidor Livre,SUL,31.200000000000003,29.927592
,2023-12-03,36504.0,FRIOZEM ESTEIO CL,Consumidor Livre,SUL,31.200000000000003,28.93946
,2023-12-04,36504.0,FRIOZEM ESTEIO CL,Consumidor Livre,SUL,31.200000000000003,28.588972
,2023-12-05,36504.0,FRIOZEM ESTEIO CL,Consumidor Livre,SUL,31.200000000000003,28.532852
,2023-12-06,36504.0,FRIOZEM ESTEIO CL,Consumidor Livre,SUL,31.200000000000003,25.154526
,2023-12-07,36504.0,FRIOZEM ESTEIO CL,Consumidor Livre,SUL,31.200000000000003,26.720136
,2023-12-08,36504.0,FRIOZEM ESTEIO CL,Consumidor Livre,SUL,31.200000000000003,25.308159
,2023-12-09,36504.0,FRIOZEM ESTEIO CL,Consumidor Livre,SUL,31.200000000000003,26.288844
,2023-12-10,36504.0,FRIOZEM ESTEIO CL,Consumidor Livre,SUL,31.200000000000003,25.289911
,2023-12-11,36504.0,FRIOZEM ESTEIO CL,Consumidor Livre,SUL,31.200000000000003,22.917467
,2023-12-12,36504.0,FRIOZEM ESTEIO CL,Consumidor Livre,SUL,31.200000000000003,22.481959
,2023-12-13,36504.0,FRIOZEM ESTEIO CL,Consumidor Livre,SUL,31.200000000000003,24.295731
,2023-12-14,36504.0,FRIOZEM ESTEIO CL,Consumidor Livre,SUL,31.200000000000003,22.369374
,2023-12-15,36504.0,FRIOZEM ESTEIO CL,Consumidor Livre,SUL,31.200000000000003,23.68045
,2023-12-16,36504.0,FRIOZEM ESTEIO CL,Consumidor Livre,SUL,31.200000000000003,20.510425
,2023-12-17,36504.0,FRIOZEM ESTEIO CL,Consumidor Livre,SUL,31.200000000000003,21.960134
,2023-12-18,36504.0,FRIOZEM ESTEIO CL,Consumidor Livre,SUL,31.200000000000003,24.682381
,2023-12-19,36504.0,FRIOZEM ESTEIO CL,Consumidor Livre,SUL,31.200000000000003,23.335195
,2023-12-20,36504.0,FRIOZEM ESTEIO CL,Consumidor Livre,SUL,31.200000000000003,21.837223
,2023-12-21,36504.0,FRIOZEM ESTEIO CL,Consumidor Livre,SUL,31.200000000000003,22.960246
,2023-12-22,36504.0,FRIOZEM ESTEIO CL,Consumidor Livre,SUL,31.200000000000003,22.167816
,2023-12-23,36504.0,FRIOZEM ESTEIO CL,Consumidor Livre,SUL,31.200000000000003,21.879357
,2023-12-24,36504.0,FRIOZEM ESTEIO CL,Consumidor Livre,SUL,31.200000000000003,18.646353
,2023-12-25,36504.0,FRIOZEM ESTEIO CL,Consumidor Livre,SUL,31.200000000000003,19.645524
,2023-12-26,36504.0,FRIOZEM ESTEIO CL,Consumidor Livre,SUL,31.200000000000003,18.5995
,2023-12-27,36504.0,FRIOZEM ESTEIO CL,Consumidor Livre,SUL,31.200000000000003,18.630679
,2023-12-28,36504.0,FRIOZEM ESTEIO CL,Consumidor Livre,SUL,31.200000000000003,20.300377
,2023-12-29,36504.0,FRIOZEM ESTEIO CL,Consumidor Livre,SUL,31.200000000000003,20.885292
,2023-12-30,36504.0,FRIOZEM ESTEIO CL,Consumidor Livre,SUL,31.200000000000003,17.555438
,2023-12-31,36504.0,FRIOZEM ESTEIO CL,Consumidor Livre,SUL,31.200000000000003,16.790043
,2024-01-01,36504.0,FRIOZEM ESTEIO CL,Consumidor Livre,SUL,31.200000000000003,17.276202
,2024-01-02,36504.0,FRIOZEM ESTEIO CL,Consumidor Livre,SUL,31.200000000000003,18.900468
,2024-01-03,36504.0,FRIOZEM ESTEIO CL,Consumidor Livre,SUL,31.200000000000003,19.22714
,2024-01-04,36504.0,FRIOZEM ESTEIO CL,Consumidor Livre,SUL,31.200000000000003,20.194652
,2024-01-05,36504.0,FRIOZEM ESTEIO CL,Consumidor Livre,SUL,31.200000000000003,20.270301
,2024-01-06,36504.0,FRIOZEM ESTEIO CL,Consumidor Livre,SUL,31.200000000000003,18.65377
,2024-01-07,36504.0,FRIOZEM ESTEIO CL,Consumidor Livre,SUL,31.200000000000003,20.849358
,2024-01-08,36504.0,FRIOZEM ESTEIO CL,Consumidor Livre,SUL,31.200000000000003,22.000876
,2024-01-09,36504.0,FRIOZEM ESTEIO CL,Consumidor Livre,SUL,31.200000000000003,21.516719
,2024-01-10,36504.0,FRIOZEM ESTEIO CL,Consumidor Livre,SUL,31.200000000000003,21.815902
,2024-01-11,36504.0,FRIOZEM ESTEIO CL,Consumidor Livre,SUL,31.200000000000003,20.452859
,2024-01-12,36504.0,FRIOZEM ESTEIO CL,Consumidor Livre,SUL,31.200000000000003,21.570194
,2024-01-13,36504.0,FRIOZEM ESTEIO CL,Consumidor Livre,SUL,31.200000000000003,20.402336
,2024-01-14,36504.0,FRIOZEM ESTEIO CL,Consumidor Livre,SUL,31.200000000000003,14.694331
,2024-01-15,36504.0,FRIOZEM ESTEIO CL,Consumidor Livre,SUL,31.200000000000003,20.353715
,2024-01-16,36504.0,FRIOZEM ESTEIO CL,Consumidor Livre,SUL,31.200000000000003,22.458302
,2024-01-17,36504.0,FRIOZEM ESTEIO CL,Consumidor Livre,SUL,31.200000000000003,21.943319
,2024-01-18,36504.0,FRIOZEM ESTEIO CL,Consumidor Livre,SUL,31.200000000000003,23.0328
,2024-01-19,36504.0,FRIOZEM ESTEIO CL,Consumidor Livre,SUL,31.200000000000003,21.555126
,2024-01-20,36504.0,FRIOZEM ESTEIO CL,Consumidor Livre,SUL,31.200000000000003,20.584353
,2024-01-21,36504.0,FRIOZEM ESTEIO CL,Consumidor Livre,SUL,31.200000000000003,17.077214
,2024-01-22,36504.0,FRIOZEM ESTEIO CL,Consumidor Livre,SUL,31.200000000000003,21.415023
,2024-01-23,36504.0,FRIOZEM ESTEIO CL,Consumidor Livre,SUL,31.200000000000003,19.263069
,2024-01-24,36504.0,FRIOZEM ESTEIO CL,Consumidor Livre,SUL,31.200000000000003,19.262392
,2024-01-25,36504.0,FRIOZEM ESTEIO CL,Consumidor Livre,SUL,31.200000000000003,19.545351
,2024-01-26,36504.0,FRIOZEM ESTEIO CL,Consumidor Livre,SUL,31.200000000000003,19.454491
,2024-01-27,36504.0,FRIOZEM ESTEIO CL,Consumidor Livre,SUL,31.200000000000003,16.550752
,2024-01-28,36504.0,FRIOZEM ESTEIO CL,Consumidor Livre,SUL,31.200000000000003,17.214631
,2024-01-29,36504.0,FRIOZEM ESTEIO CL,Consumidor Livre,SUL,31.200000000000003,19.026598
,2024-01-30,36504.0,FRIOZEM ESTEIO CL,Consumidor Livre,SUL,31.200000000000003,19.72829
,2024-01-31,36504.0,FRIOZEM ESTEIO CL,Consumidor Livre,SUL,31.200000000000003,19.838171
,2024-02-01,36504.0,FRIOZEM ESTEIO CL,Consumidor Livre,SUL,31.200000000000003,20.686195
,2024-02-02,36504.0,FRIOZEM ESTEIO CL,Consumidor Livre,SUL,31.200000000000003,20.386781
,2024-02-03,36504.0,FRIOZEM ESTEIO CL,Consumidor Livre,SUL,31.200000000000003,19.838766
,2024-02-04,36504.0,FRIOZEM ESTEIO CL,Consumidor Livre,SUL,31.200000000000003,16.438039
,2024-02-05,36504.0,FRIOZEM ESTEIO CL,Consumidor Livre,SUL,31.200000000000003,22.765636
,2024-02-06,36504.0,FRIOZEM ESTEIO CL,Consumidor Livre,SUL,31.200000000000003,21.618962
,2024-02-07,36504.0,FRIOZEM ESTEIO CL,Consumidor Livre,SUL,31.200000000000003,23.242084
,2024-02-08,36504.0,FRIOZEM ESTEIO CL,Consumidor Livre,SUL,31.200000000000003,22.578207
,2024-02-09,36504.0,FRIOZEM ESTEIO CL,Consumidor Livre,SUL,31.200000000000003,23.839169
,2024-02-10,36504.0,FRIOZEM ESTEIO CL,Consumidor Livre,SUL,31.200000000000003,23.65682
,2024-02-11,36504.0,FRIOZEM ESTEIO CL,Consumidor Livre,SUL,31.200000000000003,19.366603
,2024-02-12,36504.0,FRIOZEM ESTEIO CL,Consumidor Livre,SUL,31.200000000000003,22.490327
,2024-02-13,36504.0,FRIOZEM ESTEIO CL,Consumidor Livre,SUL,31.200000000000003,21.281849
,2024-02-14,36504.0,FRIOZEM ESTEIO CL,Consumidor Livre,SUL,31.200000000000003,18.370557
,2024-02-15,36504.0,FRIOZEM ESTEIO CL,Consumidor Livre,SUL,31.200000000000003,18.492374
,2024-02-16,36504.0,FRIOZEM ESTEIO CL,Consumidor Livre,SUL,31.200000000000003,18.004742
,2024-02-17,36504.0,FRIOZEM ESTEIO CL,Consumidor Livre,SUL,31.200000000000003,17.653072
,2024-02-18,36504.0,FRIOZEM ESTEIO CL,Consumidor Livre,SUL,31.200000000000003,18.60541
,2024-02-19,36504.0,FRIOZEM ESTEIO CL,Consumidor Livre,SUL,31.200000000000003,21.655118
,2024-02-20,36504.0,FRIOZEM ESTEIO CL,Consumidor Livre,SUL,31.200000000000003,20.747385
,2024-02-21,36504.0,FRIOZEM ESTEIO CL,Consumidor Livre,SUL,31.200000000000003,19.782162
,2024-02-22,36504.0,FRIOZEM ESTEIO CL,Consumidor Livre,SUL,31.200000000000003,20.582994
,2024-02-23,36504.0,FRIOZEM ESTEIO CL,Consumidor Livre,SUL,31.200000000000003,22.153344
,2024-02-24,36504.0,FRIOZEM ESTEIO CL,Consumidor Livre,SUL,31.200000000000003,20.896419
,2024-02-25,36504.0,FRIOZEM ESTEIO CL,Consumidor Livre,SUL,31.200000000000003,18.123401
,2024-02-26,36504.0,FRIOZEM ESTEIO CL,Consumidor Livre,SUL,31.200000000000003,21.749843
,2024-02-27,36504.0,FRIOZEM ESTEIO CL,Consumidor Livre,SUL,31.200000000000003,22.672771
,2024-02-28,36504.0,FRIOZEM ESTEIO CL,Consumidor Livre,SUL,31.200000000000003,21.567889
,2024-02-29,36504.0,FRIOZEM ESTEIO CL,Consumidor Livre,SUL,31.200000000000003,23.748208
202403.0,2024-03-01,36504.0,FRIOZEM ESTEIO CL,Consumidor Livre,SUL,31.200000000000003,22.254702
202403.0,2024-03-01,36504.0,FRIOZEM ESTEIO CL,Consumidor Livre,SUL,31.200000000000003,22.254702
,2024-03-01,,FRIOZEM ESTEIO CL,,,31.200000000000003,22.254702
202403.0,2024-03-02,36504.0,FRIOZEM ESTEIO CL,Consumidor Livre,SUL,31.200000000000003,20.743728
202403.0,2024-03-02,36504.0,FRIOZEM ESTEIO CL,Consumidor Livre,SUL,31.200000000000003,20.743728
,2024-03-02,,FRIOZEM ESTEIO CL,,,31.200000000000003,20.743728
202403.0,2024-03-03,36504.0,FRIOZEM ESTEIO CL,Consumidor Livre,SUL,31.200000000000003,20.498902
202403.0,2024-03-03,36504.0,FRIOZEM ESTEIO CL,Consumidor Livre,SUL,31.200000000000003,20.498902
,2024-03-03,,FRIOZEM ESTEIO CL,,,31.200000000000003,20.498902
202403.0,2024-03-04,36504.0,FRIOZEM ESTEIO CL,Consumidor Livre,SUL,31.200000000000003,19.37374
202403.0,2024-03-04,36504.0,FRIOZEM ESTEIO CL,Consumidor Livre,SUL,31.200000000000003,19.37374
,2024-03-04,,FRIOZEM ESTEIO CL,,,31.200000000000003,19.37374
202403.0,2024-03-05,36504.0,FRIOZEM ESTEIO CL,Consumidor Livre,SUL,31.200000000000003,18.029506
202403.0,2024-03-05,36504.0,FRIOZEM ESTEIO CL,Consumidor Livre,SUL,31.200000000000003,18.029506
,2024-03-05,,FRIOZEM ESTEIO CL,,,31.200000000000003,18.029506
202403.0,2024-03-06,36504.0,FRIOZEM ESTEIO CL,Consumidor Livre,SUL,31.200000000000003,16.475978
202403.0,2024-03-06,36504.0,FRIOZEM ESTEIO CL,Consumidor Livre,SUL,31.200000000000003,16.475978
,2024-03-06,,FRIOZEM ESTEIO CL,,,31.200000000000003,16.475978
202403.0,2024-03-07,36504.0,FRIOZEM ESTEIO CL,Consumidor Livre,SUL,31.200000000000003,17.790417
202403.0,2024-03-07,36504.0,FRIOZEM ESTEIO CL,Consumidor Livre,SUL,31.200000000000003,17.790417
,2024-03-07,,FRIOZEM ESTEIO CL,,,31.200000000000003,17.790417
202403.0,2024-03-08,36504.0,FRIOZEM ESTEIO CL,Consumidor Livre,SUL,31.200000000000003,20.365192
202403.0,2024-03-08,36504.0,FRIOZEM ESTEIO CL,Consumidor Livre,SUL,31.200000000000003,20.365192
,2024-03-08,,FRIOZEM ESTEIO CL,,,31.200000000000003,20.365192
202403.0,2024-03-09,36504.0,FRIOZEM ESTEIO CL,Consumidor Livre,SUL,31.200000000000003,18.382382
202403.0,2024-03-09,36504.0,FRIOZEM ESTEIO CL,Consumidor Livre,SUL,31.200000000000003,18.382382
,2024-03-09,,FRIOZEM ESTEIO CL,,,31.200000000000003,18.382382
202403.0,2024-03-10,36504.0,FRIOZEM ESTEIO CL,Consumidor Livre,SUL,31.200000000000003,19.97546
202403.0,2024-03-10,36504.0,FRIOZEM ESTEIO CL,Consumidor Livre,SUL,31.200000000000003,19.97546
,2024-03-10,,FRIOZEM ESTEIO CL,,,31.200000000000003,19.97546
202403.0,2024-03-11,36504.0,FRIOZEM ESTEIO CL,Consumidor Livre,SUL,31.200000000000003,22.240187
202403.0,2024-03-11,36504.0,FRIOZEM ESTEIO CL,Consumidor Livre,SUL,31.200000000000003,22.240187
,2024-03-11,,FRIOZEM ESTEIO CL,,,31.200000000000003,22.240187
202403.0,2024-03-12,36504.0,FRIOZEM ESTEIO CL,Consumidor Livre,SUL,31.200000000000003,22.450029
202403.0,2024-03-12,36504.0,FRIOZEM ESTEIO CL,Consumidor Livre,SUL,31.200000000000003,22.450029
,2024-03-12,,FRIOZEM ESTEIO CL,,,31.200000000000003,22.450029
202403.0,2024-03-13,36504.0,FRIOZEM ESTEIO CL,Consumidor Livre,SUL,31.200000000000003,21.813376
202403.0,2024-03-13,36504.0,FRIOZEM ESTEIO CL,Consumidor Livre,SUL,31.200000000000003,21.813376
,2024-03-13,,FRIOZEM ESTEIO CL,,,31.200000000000003,21.813376
202403.0,2024-03-14,36504.0,FRIOZEM ESTEIO CL,Consumidor Livre,SUL,31.200000000000003,21.547471
202403.0,2024-03-14,36504.0,FRIOZEM ESTEIO CL,Consumidor Livre,SUL,31.200000000000003,21.547471
,2024-03-14,,FRIOZEM ESTEIO CL,,,31.200000000000003,21.547471
202403.0,2024-03-15,36504.0,FRIOZEM ESTEIO CL,Consumidor Livre,SUL,31.200000000000003,19.1366
202403.0,2024-03-15,36504.0,FRIOZEM ESTEIO CL,Consumidor Livre,SUL,31.200000000000003,19.1366
,2024-03-15,,FRIOZEM ESTEIO CL,,,31.200000000000003,19.1366
202403.0,2024-03-16,36504.0,FRIOZEM ESTEIO CL,Consumidor Livre,SUL,31.200000000000003,17.797641
202403.0,2024-03-16,36504.0,FRIOZEM ESTEIO CL,Consumidor Livre,SUL,31.200000000000003,17.797641
,2024-03-16,,FRIOZEM ESTEIO CL,,,31.200000000000003,17.797641
202403.0,2024-03-17,36504.0,FRIOZEM ESTEIO CL,Consumidor Livre,SUL,31.200000000000003,14.955224
202403.0,2024-03-17,36504.0,FRIOZEM ESTEIO CL,Consumidor Livre,SUL,31.200000000000003,14.955224
,2024-03-17,,FRIOZEM ESTEIO CL,,,31.200000000000003,14.955224
202403.0,2024-03-18,36504.0,FRIOZEM ESTEIO CL,Consumidor Livre,SUL,31.200000000000003,20.098254
202403.0,2024-03-18,36504.0,FRIOZEM ESTEIO CL,Consumidor Livre,SUL,31.200000000000003,20.098254
,2024-03-18,,FRIOZEM ESTEIO CL,,,31.200000000000003,20.098254
202403.0,2024-03-19,36504.0,FRIOZEM ESTEIO CL,Consumidor Livre,SUL,31.200000000000003,19.623545
202403.0,2024-03-19,36504.0,FRIOZEM ESTEIO CL,Consumidor Livre,SUL,31.200000000000003,19.623545
,2024-03-19,,FRIOZEM ESTEIO CL,,,31.200000000000003,19.623545
202403.0,2024-03-20,36504.0,FRIOZEM ESTEIO CL,Consumidor Livre,SUL,31.200000000000003,21.410741
202403.0,2024-03-20,36504.0,FRIOZEM ESTEIO CL,Consumidor Livre,SUL,31.200000000000003,21.410741
,2024-03-20,,FRIOZEM ESTEIO CL,,,31.200000000000003,21.410741
202403.0,2024-03-21,36504.0,FRIOZEM ESTEIO CL,Consumidor Livre,SUL,31.200000000000003,20.823482
202403.0,2024-03-21,36504.0,FRIOZEM ESTEIO CL,Consumidor Livre,SUL,31.200000000000003,20.823482
,2024-03-21,,FRIOZEM ESTEIO CL,,,31.200000000000003,20.823482
202403.0,2024-03-22,36504.0,FRIOZEM ESTEIO CL,Consumidor Livre,SUL,31.200000000000003,17.716258
202403.0,2024-03-22,36504.0,FRIOZEM ESTEIO CL,Consumidor Livre,SUL,31.200000000000003,17.716258
,2024-03-22,,FRIOZEM ESTEIO CL,,,31.200000000000003,17.716258
202403.0,2024-03-23,36504.0,FRIOZEM ESTEIO CL,Consumidor Livre,SUL,31.200000000000003,15.787336
202403.0,2024-03-23,36504.0,FRIOZEM ESTEIO CL,Consumidor Livre,SUL,31.200000000000003,15.787336
,2024-03-23,,FRIOZEM ESTEIO CL,,,31.200000000000003,15.787336
202403.0,2024-03-24,36504.0,FRIOZEM ESTEIO CL,Consumidor Livre,SUL,31.200000000000003,15.336052
202403.0,2024-03-24,36504.0,FRIOZEM ESTEIO CL,Consumidor Livre,SUL,31.200000000000003,15.336052
,2024-03-24,,FRIOZEM ESTEIO CL,,,31.200000000000003,15.336052
202403.0,2024-03-25,36504.0,FRIOZEM ESTEIO CL,Consumidor Livre,SUL,31.200000000000003,19.277788
202403.0,2024-03-25,36504.0,FRIOZEM ESTEIO CL,Consumidor Livre,SUL,31.200000000000003,19.277788
,2024-03-25,,FRIOZEM ESTEIO CL,,,31.200000000000003,19.277788
202403.0,2024-03-26,36504.0,FRIOZEM ESTEIO CL,Consumidor Livre,SUL,31.200000000000003,17.757754
202403.0,2024-03-26,36504.0,FRIOZEM ESTEIO CL,Consumidor Livre,SUL,31.200000000000003,17.757754
,2024-03-26,,FRIOZEM ESTEIO CL,,,31.200000000000003,17.757754
202403.0,2024-03-27,36504.0,FRIOZEM ESTEIO CL,Consumidor Livre,SUL,31.200000000000003,18.562378
202403.0,2024-03-27,36504.0,FRIOZEM ESTEIO CL,Consumidor Livre,SUL,31.200000000000003,18.562378
,2024-03-27,,FRIOZEM ESTEIO CL,,,31.200000000000003,18.562378
202403.0,2024-03-28,36504.0,FRIOZEM ESTEIO CL,Consumidor Livre,SUL,31.200000000000003,15.035218
202403.0,2024-03-28,36504.0,FRIOZEM ESTEIO CL,Consumidor Livre,SUL,31.200000000000003,15.035218
,2024-03-28,,FRIOZEM ESTEIO CL,,,31.200000000000003,15.035218
202403.0,2024-03-29,36504.0,FRIOZEM ESTEIO CL,Consumidor Livre,SUL,31.200000000000003,17.5709
202403.0,2024-03-29,36504.0,FRIOZEM ESTEIO CL,Consumidor Livre,SUL,31.200000000000003,17.5709
,2024-03-29,,FRIOZEM ESTEIO CL,,,31.200000000000003,17.5709
202403.0,2024-03-30,36504.0,FRIOZEM ESTEIO CL,Consumidor Livre,SUL,31.200000000000003,18.460249
202403.0,2024-03-30,36504.0,FRIOZEM ESTEIO CL,Consumidor Livre,SUL,31.200000000000003,18.460249
,2024-03-30,,FRIOZEM ESTEIO CL,,,31.200000000000003,18.460249
202403.0,2024-03-31,36504.0,FRIOZEM ESTEIO CL,Consumidor Livre,SUL,31.200000000000003,15.96811
202403.0,2024-03-31,36504.0,FRIOZEM ESTEIO CL,Consumidor Livre,SUL,31.200000000000003,15.96811
,2024-03-31,,FRIOZEM ESTEIO CL,,,31.200000000000003,15.96811
202404.0,2024-04-01,36504.0,FRIOZEM ESTEIO CL,Consumidor Livre,SUL,31.200000000000003,19.872356
202404.0,2024-04-01,36504.0,FRIOZEM ESTEIO CL,Consumidor Livre,SUL,31.200000000000003,19.872356
,2024-04-01,,FRIOZEM ESTEIO CL,,,31.200000000000003,19.872356
202404.0,2024-04-02,36504.0,FRIOZEM ESTEIO CL,Consumidor Livre,SUL,31.200000000000003,19.452513
202404.0,2024-04-02,36504.0,FRIOZEM ESTEIO CL,Consumidor Livre,SUL,31.200000000000003,19.452513
,2024-04-02,,FRIOZEM ESTEIO CL,,,31.200000000000003,19.452513
202404.0,2024-04-03,36504.0,FRIOZEM ESTEIO CL,Consumidor Livre,SUL,31.200000000000003,19.751451
202404.0,2024-04-03,36504.0,FRIOZEM ESTEIO CL,Consumidor Livre,SUL,31.200000000000003,19.751451
,2024-04-03,,FRIOZEM ESTEIO CL,,,31.200000000000003,19.751451
202404.0,2024-04-04,36504.0,FRIOZEM ESTEIO CL,Consumidor Livre,SUL,31.200000000000003,20.047438
202404.0,2024-04-04,36504.0,FRIOZEM ESTEIO CL,Consumidor Livre,SUL,31.200000000000003,20.047438
,2024-04-04,,FRIOZEM ESTEIO CL,,,31.200000000000003,20.047438
202404.0,2024-04-05,36504.0,FRIOZEM ESTEIO CL,Consumidor Livre,SUL,31.200000000000003,19.813174
202404.0,2024-04-05,36504.0,FRIOZEM ESTEIO CL,Consumidor Livre,SUL,31.200000000000003,19.813174
,2024-04-05,,FRIOZEM ESTEIO CL,,,31.200000000000003,19.813174
202404.0,2024-04-06,36504.0,FRIOZEM ESTEIO CL,Consumidor Livre,SUL,31.200000000000003,17.017337
202404.0,2024-04-06,36504.0,FRIOZEM ESTEIO CL,Consumidor Livre,SUL,31.200000000000003,17.017337
,2024-04-06,,FRIOZEM ESTEIO CL,,,31.200000000000003,17.017337
202404.0,2024-04-07,36504.0,FRIOZEM ESTEIO CL,Consumidor Livre,SUL,31.200000000000003,15.463576
202404.0,2024-04-07,36504.0,FRIOZEM ESTEIO CL,Consumidor Livre,SUL,31.200000000000003,15.463576
,2024-04-07,,FRIOZEM ESTEIO CL,,,31.200000000000003,15.463576
202404.0,2024-04-08,36504.0,FRIOZEM ESTEIO CL,Consumidor Livre,SUL,31.200000000000003,18.556161
202404.0,2024-04-08,36504.0,FRIOZEM ESTEIO CL,Consumidor Livre,SUL,31.200000000000003,18.556161
,2024-04-08,,FRIOZEM ESTEIO CL,,,31.200000000000003,18.556161
202404.0,2024-04-09,36504.0,FRIOZEM ESTEIO CL,Consumidor Livre,SUL,31.200000000000003,20.833119
202404.0,2024-04-09,36504.0,FRIOZEM ESTEIO CL,Consumidor Livre,SUL,31.200000000000003,20.833119
,2024-04-09,,FRIOZEM ESTEIO CL,,,31.200000000000003,20.833119
202404.0,2024-04-10,36504.0,FRIOZEM ESTEIO CL,Consumidor Livre,SUL,31.200000000000003,18.724983
202404.0,2024-04-10,36504.0,FRIOZEM ESTEIO CL,Consumidor Livre,SUL,31.200000000000003,18.724983
,2024-04-10,,FRIOZEM ESTEIO CL,,,31.200000000000003,18.724983
202404.0,2024-04-11,36504.0,FRIOZEM ESTEIO CL,Consumidor Livre,SUL,31.200000000000003,18.315139
202404.0,2024-04-11,36504.0,FRIOZEM ESTEIO CL,Consumidor Livre,SUL,31.200000000000003,18.315139
,2024-04-11,,FRIOZEM ESTEIO CL,,,31.200000000000003,18.315139
202404.0,2024-04-12,36504.0,FRIOZEM ESTEIO CL,Consumidor Livre,SUL,31.200000000000003,18.437422
202404.0,2024-04-12,36504.0,FRIOZEM ESTEIO CL,Consumidor Livre,SUL,31.200000000000003,18.437422
,2024-04-12,,FRIOZEM ESTEIO CL,,,31.200000000000003,18.437422
202404.0,2024-04-13,36504.0,FRIOZEM ESTEIO CL,Consumidor Livre,SUL,31.200000000000003,17.650133
202404.0,2024-04-13,36504.0,FRIOZEM ESTEIO CL,Consumidor Livre,SUL,31.200000000000003,17.650133
,2024-04-13,,FRIOZEM ESTEIO CL,,,31.200000000000003,17.650133
202404.0,2024-04-14,36504.0,FRIOZEM ESTEIO CL,Consumidor Livre,SUL,31.200000000000003,15.419043
202404.0,2024-04-14,36504.0,FRIOZEM ESTEIO CL,Consumidor Livre,SUL,31.200000000000003,15.419043
,2024-04-14,,FRIOZEM ESTEIO CL,,,31.200000000000003,15.419043
202404.0,2024-04-15,36504.0,FRIOZEM ESTEIO CL,Consumidor Livre,SUL,31.200000000000003,18.968833
202404.0,2024-04-15,36504.0,FRIOZEM ESTEIO CL,Consumidor Livre,SUL,31.200000000000003,18.968833
,2024-04-15,,FRIOZEM ESTEIO CL,,,31.200000000000003,18.968833
202404.0,2024-04-16,36504.0,FRIOZEM ESTEIO CL,Consumidor Livre,SUL,31.200000000000003,19.115558
202404.0,2024-04-16,36504.0,FRIOZEM ESTEIO CL,Consumidor Livre,SUL,31.200000000000003,19.115558
,2024-04-16,,FRIOZEM ESTEIO CL,,,31.200000000000003,19.115558
202404.0,2024-04-17,36504.0,FRIOZEM ESTEIO CL,Consumidor Livre,SUL,31.200000000000003,18.136094
202404.0,2024-04-17,36504.0,FRIOZEM ESTEIO CL,Consumidor Livre,SUL,31.200000000000003,18.136094
,2024-04-17,,FRIOZEM ESTEIO CL,,,31.200000000000003,18.136094
202404.0,2024-04-18,36504.0,FRIOZEM ESTEIO CL,Consumidor Livre,SUL,31.200000000000003,17.252784
202404.0,2024-04-18,36504.0,FRIOZEM ESTEIO CL,Consumidor Livre,SUL,31.200000000000003,17.252784
,2024-04-18,,FRIOZEM ESTEIO CL,,,31.200000000000003,17.252784
202404.0,2024-04-19,36504.0,FRIOZEM ESTEIO CL,Consumidor Livre,SUL,31.200000000000003,16.730032
202404.0,2024-04-19,36504.0,FRIOZEM ESTEIO CL,Consumidor Livre,SUL,31.200000000000003,16.730032
,2024-04-19,,FRIOZEM ESTEIO CL,,,31.200000000000003,16.730032
202404.0,2024-04-20,36504.0,FRIOZEM ESTEIO CL,Consumidor Livre,SUL,31.200000000000003,16.348888
202404.0,2024-04-20,36504.0,FRIOZEM ESTEIO CL,Consumidor Livre,SUL,31.200000000000003,16.348888
,2024-04-20,,FRIOZEM ESTEIO CL,,,31.200000000000003,16.348888
202404.0,2024-04-21,36504.0,FRIOZEM ESTEIO CL,Consumidor Livre,SUL,31.200000000000003,14.790566
202404.0,2024-04-21,36504.0,FRIOZEM ESTEIO CL,Consumidor Livre,SUL,31.200000000000003,14.790566
,2024-04-21,,FRIOZEM ESTEIO CL,,,31.200000000000003,14.790566
202404.0,2024-04-22,36504.0,FRIOZEM ESTEIO CL,Consumidor Livre,SUL,31.200000000000003,16.847432
202404.0,2024-04-22,36504.0,FRIOZEM ESTEIO CL,Consumidor Livre,SUL,31.200000000000003,16.847432
,2024-04-22,,FRIOZEM ESTEIO CL,,,31.200000000000003,16.847432
202404.0,2024-04-23,36504.0,FRIOZEM ESTEIO CL,Consumidor Livre,SUL,31.200000000000003,17.372725
202404.0,2024-04-23,36504.0,FRIOZEM ESTEIO CL,Consumidor Livre,SUL,31.200000000000003,17.372725
,2024-04-23,,FRIOZEM ESTEIO CL,,,31.200000000000003,17.372725
202404.0,2024-04-24,36504.0,FRIOZEM ESTEIO CL,Consumidor Livre,SUL,31.200000000000003,17.688788
202404.0,2024-04-24,36504.0,FRIOZEM ESTEIO CL,Consumidor Livre,SUL,31.200000000000003,17.688788
,2024-04-24,,FRIOZEM ESTEIO CL,,,31.200000000000003,17.688788
202404.0,2024-04-25,36504.0,FRIOZEM ESTEIO CL,Consumidor Livre,SUL,31.200000000000003,16.636589999999998
202404.0,2024-04-25,36504.0,FRIOZEM ESTEIO CL,Consumidor Livre,SUL,31.200000000000003,16.636589999999998
,2024-04-25,,FRIOZEM ESTEIO CL,,,31.200000000000003,16.636589999999998
202404.0,2024-04-26,36504.0,FRIOZEM ESTEIO CL,Consumidor Livre,SUL,31.200000000000003,17.468225
202404.0,2024-04-26,36504.0,FRIOZEM ESTEIO CL,Consumidor Livre,SUL,31.200000000000003,17.468225
,2024-04-26,,FRIOZEM ESTEIO CL,,,31.200000000000003,17.468225
202404.0,2024-04-27,36504.0,FRIOZEM ESTEIO CL,Consumidor Livre,SUL,31.200000000000003,16.547968
202404.0,2024-04-27,36504.0,FRIOZEM ESTEIO CL,Consumidor Livre,SUL,31.200000000000003,16.547968
,2024-04-27,,FRIOZEM ESTEIO CL,,,31.200000000000003,16.547968
202404.0,2024-04-28,36504.0,FRIOZEM ESTEIO CL,Consumidor Livre,SUL,31.200000000000003,14.721522
202404.0,2024-04-28,36504.0,FRIOZEM ESTEIO CL,Consumidor Livre,SUL,31.200000000000003,14.721522
,2024-04-28,,FRIOZEM ESTEIO CL,,,31.200000000000003,14.721522
202404.0,2024-04-29,36504.0,FRIOZEM ESTEIO CL,Consumidor Livre,SUL,31.200000000000003,16.621317
202404.0,2024-04-29,36504.0,FRIOZEM ESTEIO CL,Consumidor Livre,SUL,31.200000000000003,16.621317
,2024-04-29,,FRIOZEM ESTEIO CL,,,31.200000000000003,16.621317
202404.0,2024-04-30,36504.0,FRIOZEM ESTEIO CL,Consumidor Livre,SUL,31.200000000000003,17.927118
202404.0,2024-04-30,36504.0,FRIOZEM ESTEIO CL,Consumidor Livre,SUL,31.200000000000003,17.927118
,2024-04-30,,FRIOZEM ESTEIO CL,,,31.200000000000003,17.927118
202405.0,2024-05-01,36504.0,FRIOZEM ESTEIO CL,Consumidor Livre,SUL,31.200000000000003,20.290463
202405.0,2024-05-01,36504.0,FRIOZEM ESTEIO CL,Consumidor Livre,SUL,31.200000000000003,20.290463
,2024-05-01,,FRIOZEM ESTEIO CL,,,31.200000000000003,20.290463
202405.0,2024-05-02,36504.0,FRIOZEM ESTEIO CL,Consumidor Livre,SUL,31.200000000000003,17.591472
202405.0,2024-05-02,36504.0,FRIOZEM ESTEIO CL,Consumidor Livre,SUL,31.200000000000003,17.591472
,2024-05-02,,FRIOZEM ESTEIO CL,,,31.200000000000003,17.591472
202405.0,2024-05-03,36504.0,FRIOZEM ESTEIO CL,Consumidor Livre,SUL,31.200000000000003,0.0
202405.0,2024-05-03,36504.0,FRIOZEM ESTEIO CL,Consumidor Livre,SUL,31.200000000000003,0.0
,2024-05-03,,FRIOZEM ESTEIO CL,,,31.200000000000003,0.0
202405.0,2024-05-04,36504.0,FRIOZEM ESTEIO CL,Consumidor Livre,SUL,31.200000000000003,0.0
202405.0,2024-05-04,36504.0,FRIOZEM ESTEIO CL,Consumidor Livre,SUL,31.200000000000003,0.0
,2024-05-04,,FRIOZEM ESTEIO CL,,,31.200000000000003,0.0
202405.0,2024-05-05,36504.0,FRIOZEM ESTEIO CL,Consumidor Livre,SUL,31.200000000000003,0.0
202405.0,2024-05-05,36504.0,FRIOZEM ESTEIO CL,Consumidor Livre,SUL,31.200000000000003,0.0
,2024-05-05,,FRIOZEM ESTEIO CL,,,31.200000000000003,0.0
202405.0,2024-05-06,36504.0,FRIOZEM ESTEIO CL,Consumidor Livre,SUL,31.200000000000003,0.0
202405.0,2024-05-06,36504.0,FRIOZEM ESTEIO CL,Consumidor Livre,SUL,31.200000000000003,0.0
,2024-05-06,,FRIOZEM ESTEIO CL,,,31.200000000000003,0.0
202405.0,2024-05-07,36504.0,FRIOZEM ESTEIO CL,Consumidor Livre,SUL,31.200000000000003,0.0
202405.0,2024-05-07,36504.0,FRIOZEM ESTEIO CL,Consumidor Livre,SUL,31.200000000000003,0.0
,2024-05-07,,FRIOZEM ESTEIO CL,,,31.200000000000003,0.0
202405.0,2024-05-08,36504.0,FRIOZEM ESTEIO CL,Consumidor Livre,SUL,31.200000000000003,0.0
202405.0,2024-05-08,36504.0,FRIOZEM ESTEIO CL,Consumidor Livre,SUL,31.200000000000003,0.0
,2024-05-08,,FRIOZEM ESTEIO CL,,,31.200000000000003,0.0
202405.0,2024-05-09,36504.0,FRIOZEM ESTEIO CL,Consumidor Livre,SUL,31.200000000000003,0.0
202405.0,2024-05-09,36504.0,FRIOZEM ESTEIO CL,Consumidor Livre,SUL,31.200000000000003,0.0
,2024-05-09,,FRIOZEM ESTEIO CL,,,31.200000000000003,0.0
202405.0,2024-05-10,36504.0,FRIOZEM ESTEIO CL,Consumidor Livre,SUL,31.200000000000003,0.0
202405.0,2024-05-10,36504.0,FRIOZEM ESTEIO CL,Consumidor Livre,SUL,31.200000000000003,0.0
,2024-05-10,,FRIOZEM ESTEIO CL,,,31.200000000000003,0.0
202405.0,2024-05-11,36504.0,FRIOZEM ESTEIO CL,Consumidor Livre,SUL,31.200000000000003,0.0
202405.0,2024-05-11,36504.0,FRIOZEM ESTEIO CL,Consumidor Livre,SUL,31.200000000000003,0.0
,2024-05-11,,FRIOZEM ESTEIO CL,,,31.200000000000003,0.0
202405.0,2024-05-12,36504.0,FRIOZEM ESTEIO CL,Consumidor Livre,SUL,31.200000000000003,0.0
202405.0,2024-05-12,36504.0,FRIOZEM ESTEIO CL,Consumidor Livre,SUL,31.200000000000003,0.0
,2024-05-12,,FRIOZEM ESTEIO CL,,,31.200000000000003,0.0
202405.0,2024-05-13,36504.0,FRIOZEM ESTEIO CL,Consumidor Livre,SUL,31.200000000000003,0.0
202405.0,2024-05-13,36504.0,FRIOZEM ESTEIO CL,Consumidor Livre,SUL,31.200000000000003,0.0
,2024-05-13,,FRIOZEM ESTEIO CL,,,31.200000000000003,0.0
202405.0,2024-05-14,36504.0,FRIOZEM ESTEIO CL,Consumidor Livre,SUL,31.200000000000003,0.0
202405.0,2024-05-14,36504.0,FRIOZEM ESTEIO CL,Consumidor Livre,SUL,31.200000000000003,0.0
,2024-05-14,,FRIOZEM ESTEIO CL,,,31.200000000000003,0.0
202405.0,2024-05-15,36504.0,FRIOZEM ESTEIO CL,Consumidor Livre,SUL,31.200000000000003,0.0
202405.0,2024-05-15,36504.0,FRIOZEM ESTEIO CL,Consumidor Livre,SUL,31.200000000000003,0.0
,2024-05-15,,FRIOZEM ESTEIO CL,,,31.200000000000003,0.0
202405.0,2024-05-16,36504.0,FRIOZEM ESTEIO CL,Consumidor Livre,SUL,31.200000000000003,0.0
202405.0,2024-05-16,36504.0,FRIOZEM ESTEIO CL,Consumidor Livre,SUL,31.200000000000003,0.0
,2024-05-16,,FRIOZEM ESTEIO CL,,,31.200000000000003,0.0
202405.0,2024-05-17,36504.0,FRIOZEM ESTEIO CL,Consumidor Livre,SUL,31.200000000000003,0.0
202405.0,2024-05-17,36504.0,FRIOZEM ESTEIO CL,Consumidor Livre,SUL,31.200000000000003,0.0
,2024-05-17,,FRIOZEM ESTEIO CL,,,31.200000000000003,0.0
202405.0,2024-05-18,36504.0,FRIOZEM ESTEIO CL,Consumidor Livre,SUL,31.200000000000003,0.0
202405.0,2024-05-18,36504.0,FRIOZEM ESTEIO CL,Consumidor Livre,SUL,31.200000000000003,0.0
,2024-05-18,,FRIOZEM ESTEIO CL,,,31.200000000000003,0.0
202405.0,2024-05-19,36504.0,FRIOZEM ESTEIO CL,Consumidor Livre,SUL,31.200000000000003,0.0
202405.0,2024-05-19,36504.0,FRIOZEM ESTEIO CL,Consumidor Livre,SUL,31.200000000000003,0.0
,2024-05-19,,FRIOZEM ESTEIO CL,,,31.200000000000003,0.0
202405.0,2024-05-20,36504.0,FRIOZEM ESTEIO CL,Consumidor Livre,SUL,31.200000000000003,0.0
202405.0,2024-05-20,36504.0,FRIOZEM ESTEIO CL,Consumidor Livre,SUL,31.200000000000003,0.0
,2024-05-20,,FRIOZEM ESTEIO CL,,,31.200000000000003,0.0
202405.0,2024-05-21,36504.0,FRIOZEM ESTEIO CL,Consumidor Livre,SUL,31.200000000000003,0.0
202405.0,2024-05-21,36504.0,FRIOZEM ESTEIO CL,Consumidor Livre,SUL,31.200000000000003,0.0
,2024-05-21,,FRIOZEM ESTEIO CL,,,31.200000000000003,0.0
202405.0,2024-05-22,36504.0,FRIOZEM ESTEIO CL,Consumidor Livre,SUL,31.200000000000003,0.0
202405.0,2024-05-22,36504.0,FRIOZEM ESTEIO CL,Consumidor Livre,SUL,31.200000000000003,0.0
,2024-05-22,,FRIOZEM ESTEIO CL,,,31.200000000000003,0.0
202405.0,2024-05-23,36504.0,FRIOZEM ESTEIO CL,Consumidor Livre,SUL,31.200000000000003,0.0
202405.0,2024-05-23,36504.0,FRIOZEM ESTEIO CL,Consumidor Livre,SUL,31.200000000000003,0.0
,2024-05-23,,FRIOZEM ESTEIO CL,,,31.200000000000003,0.0
202405.0,2024-05-24,36504.0,FRIOZEM ESTEIO CL,Consumidor Livre,SUL,31.200000000000003,0.0
202405.0,2024-05-24,36504.0,FRIOZEM ESTEIO CL,Consumidor Livre,SUL,31.200000000000003,0.0
,2024-05-24,,FRIOZEM ESTEIO CL,,,31.200000000000003,0.0
202405.0,2024-05-25,36504.0,FRIOZEM ESTEIO CL,Consumidor Livre,SUL,31.200000000000003,3.815389
202405.0,2024-05-25,36504.0,FRIOZEM ESTEIO CL,Consumidor Livre,SUL,31.200000000000003,3.815389
,2024-05-25,,FRIOZEM ESTEIO CL,,,31.200000000000003,3.815389
202405.0,2024-05-26,36504.0,FRIOZEM ESTEIO CL,Consumidor Livre,SUL,31.200000000000003,3.820975
202405.0,2024-05-26,36504.0,FRIOZEM ESTEIO CL,Consumidor Livre,SUL,31.200000000000003,3.820975
,2024-05-26,,FRIOZEM ESTEIO CL,,,31.200000000000003,3.820975
202405.0,2024-05-27,36504.0,FRIOZEM ESTEIO CL,Consumidor Livre,SUL,31.200000000000003,3.824809
202405.0,2024-05-27,36504.0,FRIOZEM ESTEIO CL,Consumidor Livre,SUL,31.200000000000003,3.824809
,2024-05-27,,FRIOZEM ESTEIO CL,,,31.200000000000003,3.824809
202405.0,2024-05-28,36504.0,FRIOZEM ESTEIO CL,Consumidor Livre,SUL,31.200000000000003,3.812449
202405.0,2024-05-28,36504.0,FRIOZEM ESTEIO CL,Consumidor Livre,SUL,31.200000000000003,3.812449
,2024-05-28,,FRIOZEM ESTEIO CL,,,31.200000000000003,3.812449
202405.0,2024-05-29,36504.0,FRIOZEM ESTEIO CL,Consumidor Livre,SUL,31.200000000000003,3.803906
202405.0,2024-05-29,36504.0,FRIOZEM ESTEIO CL,Consumidor Livre,SUL,31.200000000000003,3.803906
,2024-05-29,,FRIOZEM ESTEIO CL,,,31.200000000000003,3.803906
202405.0,2024-05-30,36504.0,FRIOZEM ESTEIO CL,Consumidor Livre,SUL,31.200000000000003,3.800832
202405.0,2024-05-30,36504.0,FRIOZEM ESTEIO CL,Consumidor Livre,SUL,31.200000000000003,3.800832
,2024-05-30,,FRIOZEM ESTEIO CL,,,31.200000000000003,3.800832
202405.0,2024-05-31,36504.0,FRIOZEM ESTEIO CL,Consumidor Livre,SUL,31.200000000000003,3.810879
202405.0,2024-05-31,36504.0,FRIOZEM ESTEIO CL,Consumidor Livre,SUL,31.200000000000003,3.810879
,2024-05-31,,FRIOZEM ESTEIO CL,,,31.200000000000003,3.810879
202406.0,2024-06-01,36504.0,FRIOZEM ESTEIO CL,Consumidor Livre,SUL,31.200000000000003,1.268717
202406.0,2024-06-01,36504.0,FRIOZEM ESTEIO CL,Consumidor Livre,SUL,31.200000000000003,1.268717
,2024-06-01,,FRIOZEM ESTEIO CL,,,31.200000000000003,1.268717
202406.0,2024-06-02,36504.0,FRIOZEM ESTEIO CL,Consumidor Livre,SUL,31.200000000000003,1.268462
202406.0,2024-06-02,36504.0,FRIOZEM ESTEIO CL,Consumidor Livre,SUL,31.200000000000003,1.268462
,2024-06-02,,FRIOZEM ESTEIO CL,,,31.200000000000003,1.268462
202406.0,2024-06-03,36504.0,FRIOZEM ESTEIO CL,Consumidor Livre,SUL,31.200000000000003,1.270948
202406.0,2024-06-03,36504.0,FRIOZEM ESTEIO CL,Consumidor Livre,SUL,31.200000000000003,1.270948
,2024-06-03,,FRIOZEM ESTEIO CL,,,31.200000000000003,1.270948
202406.0,2024-06-04,36504.0,FRIOZEM ESTEIO CL,Consumidor Livre,SUL,31.200000000000003,1.268189
202406.0,2024-06-04,36504.0,FRIOZEM ESTEIO CL,Consumidor Livre,SUL,31.200000000000003,1.268189
,2024-06-04,,FRIOZEM ESTEIO CL,,,31.200000000000003,1.268189
202406.0,2024-06-05,36504.0,FRIOZEM ESTEIO CL,Consumidor Livre,SUL,31.200000000000003,1.26746
202406.0,2024-06-05,36504.0,FRIOZEM ESTEIO CL,Consumidor Livre,SUL,31.200000000000003,1.26746
,2024-06-05,,FRIOZEM ESTEIO CL,,,31.200000000000003,1.26746
202406.0,2024-06-06,36504.0,FRIOZEM ESTEIO CL,Consumidor Livre,SUL,31.200000000000003,1.269593
202406.0,2024-06-06,36504.0,FRIOZEM ESTEIO CL,Consumidor Livre,SUL,31.200000000000003,1.269593
,2024-06-06,,FRIOZEM ESTEIO CL,,,31.200000000000003,1.269593
202406.0,2024-06-07,36504.0,FRIOZEM ESTEIO CL,Consumidor Livre,SUL,31.200000000000003,1.267787
202406.0,2024-06-07,36504.0,FRIOZEM ESTEIO CL,Consumidor Livre,SUL,31.200000000000003,1.267787
,2024-06-07,,FRIOZEM ESTEIO CL,,,31.200000000000003,1.267787
202406.0,2024-06-08,36504.0,FRIOZEM ESTEIO CL,Consumidor Livre,SUL,31.200000000000003,1.691852
202406.0,2024-06-08,36504.0,FRIOZEM ESTEIO CL,Consumidor Livre,SUL,31.200000000000003,1.691852
,2024-06-08,,FRIOZEM ESTEIO CL,,,31.200000000000003,1.691852
202406.0,2024-06-09,36504.0,FRIOZEM ESTEIO CL,Consumidor Livre,SUL,31.200000000000003,1.693844
202406.0,2024-06-09,36504.0,FRIOZEM ESTEIO CL,Consumidor Livre,SUL,31.200000000000003,1.693844
,2024-06-09,,FRIOZEM ESTEIO CL,,,31.200000000000003,1.693844
202406.0,2024-06-10,36504.0,FRIOZEM ESTEIO CL,Consumidor Livre,SUL,31.200000000000003,1.693666
202406.0,2024-06-10,36504.0,FRIOZEM ESTEIO CL,Consumidor Livre,SUL,31.200000000000003,1.693666
,2024-06-10,,FRIOZEM ESTEIO CL,,,31.200000000000003,1.693666
202406.0,2024-06-11,36504.0,FRIOZEM ESTEIO CL,Consumidor Livre,SUL,31.200000000000003,1.692785
202406.0,2024-06-11,36504.0,FRIOZEM ESTEIO CL,Consumidor Livre,SUL,31.200000000000003,1.692785
,2024-06-11,,FRIOZEM ESTEIO CL,,,31.200000000000003,1.692785
202406.0,2024-06-12,36504.0,FRIOZEM ESTEIO CL,Consumidor Livre,SUL,31.200000000000003,1.692922
202406.0,2024-06-12,36504.0,FRIOZEM ESTEIO CL,Consumidor Livre,SUL,31.200000000000003,1.692922
,2024-06-12,,FRIOZEM ESTEIO CL,,,31.200000000000003,1.692922
202406.0,2024-06-13,36504.0,FRIOZEM ESTEIO CL,Consumidor Livre,SUL,31.200000000000003,1.692513
202406.0,2024-06-13,36504.0,FRIOZEM ESTEIO CL,Consumidor Livre,SUL,31.200000000000003,1.692513
,2024-06-13,,FRIOZEM ESTEIO CL,,,31.200000000000003,1.692513
202406.0,2024-06-14,36504.0,FRIOZEM ESTEIO CL,Consumidor Livre,SUL,31.200000000000003,1.691762
202406.0,2024-06-14,36504.0,FRIOZEM ESTEIO CL,Consumidor Livre,SUL,31.200000000000003,1.691762
,2024-06-14,,FRIOZEM ESTEIO CL,,,31.200000000000003,1.691762
202406.0,2024-06-15,36504.0,FRIOZEM ESTEIO CL,Consumidor Livre,SUL,31.200000000000003,2.259403
202406.0,2024-06-15,36504.0,FRIOZEM ESTEIO CL,Consumidor Livre,SUL,31.200000000000003,2.259403
,2024-06-15,,FRIOZEM ESTEIO CL,,,31.200000000000003,2.259403
202406.0,2024-06-16,36504.0,FRIOZEM ESTEIO CL,Consumidor Livre,SUL,31.200000000000003,2.25825
202406.0,2024-06-16,36504.0,FRIOZEM ESTEIO CL,Consumidor Livre,SUL,31.200000000000003,2.25825
,2024-06-16,,FRIOZEM ESTEIO CL,,,31.200000000000003,2.25825
202406.0,2024-06-17,36504.0,FRIOZEM ESTEIO CL,Consumidor Livre,SUL,31.200000000000003,2.256968
202406.0,2024-06-17,36504.0,FRIOZEM ESTEIO CL,Consumidor Livre,SUL,31.200000000000003,2.256968
,2024-06-17,,FRIOZEM ESTEIO CL,,,31.200000000000003,2.256968
202406.0,2024-06-18,36504.0,FRIOZEM ESTEIO CL,Consumidor Livre,SUL,31.200000000000003,2.256125
202406.0,2024-06-18,36504.0,FRIOZEM ESTEIO CL,Consumidor Livre,SUL,31.200000000000003,2.256125
,2024-06-18,,FRIOZEM ESTEIO CL,,,31.200000000000003,2.256125
202406.0,2024-06-19,36504.0,FRIOZEM ESTEIO CL,Consumidor Livre,SUL,31.200000000000003,2.256401
202406.0,2024-06-19,36504.0,FRIOZEM ESTEIO CL,Consumidor Livre,SUL,31.200000000000003,2.256401
,2024-06-19,,FRIOZEM ESTEIO CL,,,31.200000000000003,2.256401
202406.0,2024-06-20,36504.0,FRIOZEM ESTEIO CL,Consumidor Livre,SUL,31.200000000000003,2.257321
202406.0,2024-06-20,36504.0,FRIOZEM ESTEIO CL,Consumidor Livre,SUL,31.200000000000003,2.257321
,2024-06-20,,FRIOZEM ESTEIO CL,,,31.200000000000003,2.257321
202406.0,2024-06-21,36504.0,FRIOZEM ESTEIO CL,Consumidor Livre,SUL,31.200000000000003,2.252972
202406.0,2024-06-21,36504.0,FRIOZEM ESTEIO CL,Consumidor Livre,SUL,31.200000000000003,2.252972
,2024-06-21,,FRIOZEM ESTEIO CL,,,31.200000000000003,2.252972
202406.0,2024-06-22,36504.0,FRIOZEM ESTEIO CL,Consumidor Livre,SUL,31.200000000000003,1.744232
202406.0,2024-06-22,36504.0,FRIOZEM ESTEIO CL,Consumidor Livre,SUL,31.200000000000003,1.744232
,2024-06-22,,FRIOZEM ESTEIO CL,,,31.200000000000003,1.744232
202406.0,2024-06-23,36504.0,FRIOZEM ESTEIO CL,Consumidor Livre,SUL,31.200000000000003,1.744086
202406.0,2024-06-23,36504.0,FRIOZEM ESTEIO CL,Consumidor Livre,SUL,31.200000000000003,1.744086
,2024-06-23,,FRIOZEM ESTEIO CL,,,31.200000000000003,1.744086
202406.0,2024-06-24,36504.0,FRIOZEM ESTEIO CL,Consumidor Livre,SUL,31.200000000000003,1.740816
202406.0,2024-06-24,36504.0,FRIOZEM ESTEIO CL,Consumidor Livre,SUL,31.200000000000003,1.740816
,2024-06-24,,FRIOZEM ESTEIO CL,,,31.200000000000003,1.740816
202406.0,2024-06-25,36504.0,FRIOZEM ESTEIO CL,Consumidor Livre,SUL,31.200000000000003,1.738846
202406.0,2024-06-25,36504.0,FRIOZEM ESTEIO CL,Consumidor Livre,SUL,31.200000000000003,1.738846
,2024-06-25,,FRIOZEM ESTEIO CL,,,31.200000000000003,1.738846
202406.0,2024-06-26,36504.0,FRIOZEM ESTEIO CL,Consumidor Livre,SUL,31.200000000000003,1.738858
202406.0,2024-06-26,36504.0,FRIOZEM ESTEIO CL,Consumidor Livre,SUL,31.200000000000003,1.738858
,2024-06-26,,FRIOZEM ESTEIO CL,,,31.200000000000003,1.738858
202406.0,2024-06-27,36504.0,FRIOZEM ESTEIO CL,Consumidor Livre,SUL,31.200000000000003,1.735726
202406.0,2024-06-27,36504.0,FRIOZEM ESTEIO CL,Consumidor Livre,SUL,31.200000000000003,1.735726
,2024-06-27,,FRIOZEM ESTEIO CL,,,31.200000000000003,1.735726
202406.0,2024-06-28,36504.0,FRIOZEM ESTEIO CL,Consumidor Livre,SUL,31.200000000000003,1.734781
202406.0,2024-06-28,36504.0,FRIOZEM ESTEIO CL,Consumidor Livre,SUL,31.200000000000003,1.734781
,2024-06-28,,FRIOZEM ESTEIO CL,,,31.200000000000003,1.734781
202406.0,2024-06-29,36504.0,FRIOZEM ESTEIO CL,Consumidor Livre,SUL,31.200000000000003,1.896233
202406.0,2024-06-29,36504.0,FRIOZEM ESTEIO CL,Consumidor Livre,SUL,31.200000000000003,1.896233
,2024-06-29,,FRIOZEM ESTEIO CL,,,31.200000000000003,1.896233
202406.0,2024-06-30,36504.0,FRIOZEM ESTEIO CL,Consumidor Livre,SUL,31.200000000000003,1.893823
202406.0,2024-06-30,36504.0,FRIOZEM ESTEIO CL,Consumidor Livre,SUL,31.200000000000003,1.893823
,2024-06-30,,FRIOZEM ESTEIO CL,,,31.200000000000003,1.893823
202407.0,2024-07-01,36504.0,FRIOZEM ESTEIO CL,Consumidor Livre,SUL,31.200000000000003,9.523982
202407.0,2024-07-01,36504.0,FRIOZEM ESTEIO CL,Consumidor Livre,SUL,31.200000000000003,9.523982
,2024-07-01,,FRIOZEM ESTEIO CL,,,31.200000000000003,9.523982
202407.0,2024-07-02,36504.0,FRIOZEM ESTEIO CL,Consumidor Livre,SUL,31.200000000000003,10.409141
202407.0,2024-07-02,36504.0,FRIOZEM ESTEIO CL,Consumidor Livre,SUL,31.200000000000003,10.409141
,2024-07-02,,FRIOZEM ESTEIO CL,,,31.200000000000003,10.409141
202407.0,2024-07-03,36504.0,FRIOZEM ESTEIO CL,Consumidor Livre,SUL,31.200000000000003,10.0698
202407.0,2024-07-03,36504.0,FRIOZEM ESTEIO CL,Consumidor Livre,SUL,31.200000000000003,10.0698
,2024-07-03,,FRIOZEM ESTEIO CL,,,31.200000000000003,10.0698
202407.0,2024-07-04,36504.0,FRIOZEM ESTEIO CL,Consumidor Livre,SUL,31.200000000000003,10.232361
202407.0,2024-07-04,36504.0,FRIOZEM ESTEIO CL,Consumidor Livre,SUL,31.200000000000003,10.232361
,2024-07-04,,FRIOZEM ESTEIO CL,,,31.200000000000003,10.232361
202407.0,2024-07-05,36504.0,FRIOZEM ESTEIO CL,Consumidor Livre,SUL,31.200000000000003,10.178925
202407.0,2024-07-05,36504.0,FRIOZEM ESTEIO CL,Consumidor Livre,SUL,31.200000000000003,10.178925
,2024-07-05,,FRIOZEM ESTEIO CL,,,31.200000000000003,10.178925
202407.0,2024-07-06,36504.0,FRIOZEM ESTEIO CL,Consumidor Livre,SUL,31.200000000000003,9.867701
202407.0,2024-07-06,36504.0,FRIOZEM ESTEIO CL,Consumidor Livre,SUL,31.200000000000003,9.867701
,2024-07-06,,FRIOZEM ESTEIO CL,,,31.200000000000003,9.867701
202407.0,2024-07-07,36504.0,FRIOZEM ESTEIO CL,Consumidor Livre,SUL,31.200000000000003,10.251256
202407.0,2024-07-07,36504.0,FRIOZEM ESTEIO CL,Consumidor Livre,SUL,31.200000000000003,10.251256
,2024-07-07,,FRIOZEM ESTEIO CL,,,31.200000000000003,10.251256
202407.0,2024-07-08,36504.0,FRIOZEM ESTEIO CL,Consumidor Livre,SUL,31.200000000000003,9.011202
202407.0,2024-07-08,36504.0,FRIOZEM ESTEIO CL,Consumidor Livre,SUL,31.200000000000003,9.011202
,2024-07-08,,FRIOZEM ESTEIO CL,,,31.200000000000003,9.011202
202407.0,2024-07-09,36504.0,FRIOZEM ESTEIO CL,Consumidor Livre,SUL,31.200000000000003,11.328156
202407.0,2024-07-09,36504.0,FRIOZEM ESTEIO CL,Consumidor Livre,SUL,31.200000000000003,11.328156
,2024-07-09,,FRIOZEM ESTEIO CL,,,31.200000000000003,11.328156
202407.0,2024-07-10,36504.0,FRIOZEM ESTEIO CL,Consumidor Livre,SUL,31.200000000000003,11.152162
202407.0,2024-07-10,36504.0,FRIOZEM ESTEIO CL,Consumidor Livre,SUL,31.200000000000003,11.152162
,2024-07-10,,FRIOZEM ESTEIO CL,,,31.200000000000003,11.152162
202407.0,2024-07-11,36504.0,FRIOZEM ESTEIO CL,Consumidor Livre,SUL,31.200000000000003,10.807653
202407.0,2024-07-11,36504.0,FRIOZEM ESTEIO CL,Consumidor Livre,SUL,31.200000000000003,10.807653
,2024-07-11,,FRIOZEM ESTEIO CL,,,31.200000000000003,10.807653
202407.0,2024-07-12,36504.0,FRIOZEM ESTEIO CL,Consumidor Livre,SUL,31.200000000000003,10.8302
202407.0,2024-07-12,36504.0,FRIOZEM ESTEIO CL,Consumidor Livre,SUL,31.200000000000003,10.8302
,2024-07-12,,FRIOZEM ESTEIO CL,,,31.200000000000003,10.8302
202407.0,2024-07-13,36504.0,FRIOZEM ESTEIO CL,Consumidor Livre,SUL,31.200000000000003,10.329713
202407.0,2024-07-13,36504.0,FRIOZEM ESTEIO CL,Consumidor Livre,SUL,31.200000000000003,10.329713
,2024-07-13,,FRIOZEM ESTEIO CL,,,31.200000000000003,10.329713
202407.0,2024-07-14,36504.0,FRIOZEM ESTEIO CL,Consumidor Livre,SUL,31.200000000000003,9.79434
202407.0,2024-07-14,36504.0,FRIOZEM ESTEIO CL,Consumidor Livre,SUL,31.200000000000003,9.79434
,2024-07-14,,FRIOZEM ESTEIO CL,,,31.200000000000003,9.79434
202407.0,2024-07-15,36504.0,FRIOZEM ESTEIO CL,Consumidor Livre,SUL,31.200000000000003,10.187532
202407.0,2024-07-15,36504.0,FRIOZEM ESTEIO CL,Consumidor Livre,SUL,31.200000000000003,10.187532
,2024-07-15,,FRIOZEM ESTEIO CL,,,31.200000000000003,10.187532
202407.0,2024-07-16,36504.0,FRIOZEM ESTEIO CL,Consumidor Livre,SUL,31.200000000000003,10.045696
202407.0,2024-07-16,36504.0,FRIOZEM ESTEIO CL,Consumidor Livre,SUL,31.200000000000003,10.045696
,2024-07-16,,FRIOZEM ESTEIO CL,,,31.200000000000003,10.045696
202407.0,2024-07-17,36504.0,FRIOZEM ESTEIO CL,Consumidor Livre,SUL,31.200000000000003,10.913919
202407.0,2024-07-17,36504.0,FRIOZEM ESTEIO CL,Consumidor Livre,SUL,31.200000000000003,10.913919
,2024-07-17,,FRIOZEM ESTEIO CL,,,31.200000000000003,10.913919
202407.0,2024-07-18,36504.0,FRIOZEM ESTEIO CL,Consumidor Livre,SUL,31.200000000000003,10.609223
202407.0,2024-07-18,36504.0,FRIOZEM ESTEIO CL,Consumidor Livre,SUL,31.200000000000003,10.609223
,2024-07-18,,FRIOZEM ESTEIO CL,,,31.200000000000003,10.609223
202407.0,2024-07-19,36504.0,FRIOZEM ESTEIO CL,Consumidor Livre,SUL,31.200000000000003,10.836899
202407.0,2024-07-19,36504.0,FRIOZEM ESTEIO CL,Consumidor Livre,SUL,31.200000000000003,10.836899
,2024-07-19,,FRIOZEM ESTEIO CL,,,31.200000000000003,10.836899
202407.0,2024-07-20,36504.0,FRIOZEM ESTEIO CL,Consumidor Livre,SUL,31.200000000000003,9.532743
202407.0,2024-07-20,36504.0,FRIOZEM ESTEIO CL,Consumidor Livre,SUL,31.200000000000003,9.532743
,2024-07-20,,FRIOZEM ESTEIO CL,,,31.200000000000003,9.532743
202407.0,2024-07-21,36504.0,FRIOZEM ESTEIO CL,Consumidor Livre,SUL,31.200000000000003,9.534007
202407.0,2024-07-21,36504.0,FRIOZEM ESTEIO CL,Consumidor Livre,SUL,31.200000000000003,9.534007
,2024-07-21,,FRIOZEM ESTEIO CL,,,31.200000000000003,9.534007
202407.0,2024-07-22,36504.0,FRIOZEM ESTEIO CL,Consumidor Livre,SUL,31.200000000000003,9.320447
202407.0,2024-07-22,36504.0,FRIOZEM ESTEIO CL,Consumidor Livre,SUL,31.200000000000003,9.320447
,2024-07-22,,FRIOZEM ESTEIO CL,,,31.200000000000003,9.320447
202407.0,2024-07-23,36504.0,FRIOZEM ESTEIO CL,Consumidor Livre,SUL,31.200000000000003,10.029628
202407.0,2024-07-23,36504.0,FRIOZEM ESTEIO CL,Consumidor Livre,SUL,31.200000000000003,10.029628
,2024-07-23,,FRIOZEM ESTEIO CL,,,31.200000000000003,10.029628
202407.0,2024-07-24,36504.0,FRIOZEM ESTEIO CL,Consumidor Livre,SUL,31.200000000000003,10.237145
202407.0,2024-07-24,36504.0,FRIOZEM ESTEIO CL,Consumidor Livre,SUL,31.200000000000003,10.237145
,2024-07-24,,FRIOZEM ESTEIO CL,,,31.200000000000003,10.237145
202407.0,2024-07-25,36504.0,FRIOZEM ESTEIO CL,Consumidor Livre,SUL,31.200000000000003,10.800118
202407.0,2024-07-25,36504.0,FRIOZEM ESTEIO CL,Consumidor Livre,SUL,31.200000000000003,10.800118
,2024-07-25,,FRIOZEM ESTEIO CL,,,31.200000000000003,10.800118
202407.0,2024-07-26,36504.0,FRIOZEM ESTEIO CL,Consumidor Livre,SUL,31.200000000000003,11.395073
202407.0,2024-07-26,36504.0,FRIOZEM ESTEIO CL,Consumidor Livre,SUL,31.200000000000003,11.395073
,2024-07-26,,FRIOZEM ESTEIO CL,,,31.200000000000003,11.395073
202407.0,2024-07-27,36504.0,FRIOZEM ESTEIO CL,Consumidor Livre,SUL,31.200000000000003,11.096503
202407.0,2024-07-27,36504.0,FRIOZEM ESTEIO CL,Consumidor Livre,SUL,31.200000000000003,11.096503
,2024-07-27,,FRIOZEM ESTEIO CL,,,31.200000000000003,11.096503
202407.0,2024-07-28,36504.0,FRIOZEM ESTEIO CL,Consumidor Livre,SUL,31.200000000000003,10.729935
202407.0,2024-07-28,36504.0,FRIOZEM ESTEIO CL,Consumidor Livre,SUL,31.200000000000003,10.729935
,2024-07-28,,FRIOZEM ESTEIO CL,,,31.200000000000003,10.729935
202407.0,2024-07-29,36504.0,FRIOZEM ESTEIO CL,Consumidor Livre,SUL,31.200000000000003,10.069235
202407.0,2024-07-29,36504.0,FRIOZEM ESTEIO CL,Consumidor Livre,SUL,31.200000000000003,10.069235
,2024-07-29,,FRIOZEM ESTEIO CL,,,31.200000000000003,10.069235
202407.0,2024-07-30,36504.0,FRIOZEM ESTEIO CL,Consumidor Livre,SUL,31.200000000000003,9.726128
202407.0,2024-07-30,36504.0,FRIOZEM ESTEIO CL,Consumidor Livre,SUL,31.200000000000003,9.726128
,2024-07-30,,FRIOZEM ESTEIO CL,,,31.200000000000003,9.726128
202407.0,2024-07-31,36504.0,FRIOZEM ESTEIO CL,Consumidor Livre,SUL,31.200000000000003,10.862823
202407.0,2024-07-31,36504.0,FRIOZEM ESTEIO CL,Consumidor Livre,SUL,31.200000000000003,10.862823
,2024-07-31,,FRIOZEM ESTEIO CL,,,31.200000000000003,10.862823
202408.0,2024-08-01,36504.0,FRIOZEM ESTEIO CL,Consumidor Livre,SUL,31.200000000000003,9.683148
202408.0,2024-08-01,36504.0,FRIOZEM ESTEIO CL,Consumidor Livre,SUL,31.200000000000003,9.683148
,2024-08-01,,FRIOZEM ESTEIO CL,,,31.200000000000003,9.683148
202408.0,2024-08-02,36504.0,FRIOZEM ESTEIO CL,Consumidor Livre,SUL,31.200000000000003,8.955209
202408.0,2024-08-02,36504.0,FRIOZEM ESTEIO CL,Consumidor Livre,SUL,31.200000000000003,8.955209
,2024-08-02,,FRIOZEM ESTEIO CL,,,31.200000000000003,8.955209
202408.0,2024-08-03,36504.0,FRIOZEM ESTEIO CL,Consumidor Livre,SUL,31.200000000000003,6.954044
202408.0,2024-08-03,36504.0,FRIOZEM ESTEIO CL,Consumidor Livre,SUL,31.200000000000003,6.954044
,2024-08-03,,FRIOZEM ESTEIO CL,,,31.200000000000003,6.954044
202408.0,2024-08-04,36504.0,FRIOZEM ESTEIO CL,Consumidor Livre,SUL,31.200000000000003,7.946672
202408.0,2024-08-04,36504.0,FRIOZEM ESTEIO CL,Consumidor Livre,SUL,31.200000000000003,7.946672
,2024-08-04,,FRIOZEM ESTEIO CL,,,31.200000000000003,7.946672
202408.0,2024-08-05,36504.0,FRIOZEM ESTEIO CL,Consumidor Livre,SUL,31.200000000000003,8.468617
202408.0,2024-08-05,36504.0,FRIOZEM ESTEIO CL,Consumidor Livre,SUL,31.200000000000003,8.468617
,2024-08-05,,FRIOZEM ESTEIO CL,,,31.200000000000003,8.468617
202408.0,2024-08-06,36504.0,FRIOZEM ESTEIO CL,Consumidor Livre,SUL,31.200000000000003,7.915686
202408.0,2024-08-06,36504.0,FRIOZEM ESTEIO CL,Consumidor Livre,SUL,31.200000000000003,7.915686
,2024-08-06,,FRIOZEM ESTEIO CL,,,31.200000000000003,7.915686
202408.0,2024-08-07,36504.0,FRIOZEM ESTEIO CL,Consumidor Livre,SUL,31.200000000000003,8.336059
202408.0,2024-08-07,36504.0,FRIOZEM ESTEIO CL,Consumidor Livre,SUL,31.200000000000003,8.336059
,2024-08-07,,FRIOZEM ESTEIO CL,,,31.200000000000003,8.336059
202408.0,2024-08-08,36504.0,FRIOZEM ESTEIO CL,Consumidor Livre,SUL,31.200000000000003,7.983804
202408.0,2024-08-08,36504.0,FRIOZEM ESTEIO CL,Consumidor Livre,SUL,31.200000000000003,7.983804
,2024-08-08,,FRIOZEM ESTEIO CL,,,31.200000000000003,7.983804
202408.0,2024-08-09,36504.0,FRIOZEM ESTEIO CL,Consumidor Livre,SUL,31.200000000000003,7.212868999999999
202408.0,2024-08-09,36504.0,FRIOZEM ESTEIO CL,Consumidor Livre,SUL,31.200000000000003,7.212868999999999
,2024-08-09,,FRIOZEM ESTEIO CL,,,31.200000000000003,7.212868999999999
202408.0,2024-08-10,36504.0,FRIOZEM ESTEIO CL,Consumidor Livre,SUL,31.200000000000003,8.459983
202408.0,2024-08-10,36504.0,FRIOZEM ESTEIO CL,Consumidor Livre,SUL,31.200000000000003,8.459983
,2024-08-10,,FRIOZEM ESTEIO CL,,,31.200000000000003,8.459983
202408.0,2024-08-11,36504.0,FRIOZEM ESTEIO CL,Consumidor Livre,SUL,31.200000000000003,7.548209
202408.0,2024-08-11,36504.0,FRIOZEM ESTEIO CL,Consumidor Livre,SUL,31.200000000000003,7.548209
,2024-08-11,,FRIOZEM ESTEIO CL,,,31.200000000000003,7.548209
202408.0,2024-08-12,36504.0,FRIOZEM ESTEIO CL,Consumidor Livre,SUL,31.200000000000003,8.703755
202408.0,2024-08-12,36504.0,FRIOZEM ESTEIO CL,Consumidor Livre,SUL,31.200000000000003,8.703755
,2024-08-12,,FRIOZEM ESTEIO CL,,,31.200000000000003,8.703755
202408.0,2024-08-13,36504.0,FRIOZEM ESTEIO CL,Consumidor Livre,SUL,31.200000000000003,7.495505
202408.0,2024-08-13,36504.0,FRIOZEM ESTEIO CL,Consumidor Livre,SUL,31.200000000000003,7.495505
,2024-08-13,,FRIOZEM ESTEIO CL,,,31.200000000000003,7.495505
202408.0,2024-08-14,36504.0,FRIOZEM ESTEIO CL,Consumidor Livre,SUL,31.200000000000003,5.431493
202408.0,2024-08-14,36504.0,FRIOZEM ESTEIO CL,Consumidor Livre,SUL,31.200000000000003,5.431493
,2024-08-14,,FRIOZEM ESTEIO CL,,,31.200000000000003,5.431493
202408.0,2024-08-15,36504.0,FRIOZEM ESTEIO CL,Consumidor Livre,SUL,31.200000000000003,8.308309
202408.0,2024-08-15,36504.0,FRIOZEM ESTEIO CL,Consumidor Livre,SUL,31.200000000000003,8.308309
,2024-08-15,,FRIOZEM ESTEIO CL,,,31.200000000000003,8.308309
202408.0,2024-08-16,36504.0,FRIOZEM ESTEIO CL,Consumidor Livre,SUL,31.200000000000003,9.155292
202408.0,2024-08-16,36504.0,FRIOZEM ESTEIO CL,Consumidor Livre,SUL,31.200000000000003,9.155292
,2024-08-16,,FRIOZEM ESTEIO CL,,,31.200000000000003,9.155292
202408.0,2024-08-17,36504.0,FRIOZEM ESTEIO CL,Consumidor Livre,SUL,31.200000000000003,8.890024
202408.0,2024-08-17,36504.0,FRIOZEM ESTEIO CL,Consumidor Livre,SUL,31.200000000000003,8.890024
,2024-08-17,,FRIOZEM ESTEIO CL,,,31.200000000000003,8.890024
202408.0,2024-08-18,36504.0,FRIOZEM ESTEIO CL,Consumidor Livre,SUL,31.200000000000003,9.289396
202408.0,2024-08-18,36504.0,FRIOZEM ESTEIO CL,Consumidor Livre,SUL,31.200000000000003,9.289396
,2024-08-18,,FRIOZEM ESTEIO CL,,,31.200000000000003,9.289396
202408.0,2024-08-19,36504.0,FRIOZEM ESTEIO CL,Consumidor Livre,SUL,31.200000000000003,9.479996
202408.0,2024-08-19,36504.0,FRIOZEM ESTEIO CL,Consumidor Livre,SUL,31.200000000000003,9.479996
,2024-08-19,,FRIOZEM ESTEIO CL,,,31.200000000000003,9.479996
202408.0,2024-08-20,36504.0,FRIOZEM ESTEIO CL,Consumidor Livre,SUL,31.200000000000003,9.536249
202408.0,2024-08-20,36504.0,FRIOZEM ESTEIO CL,Consumidor Livre,SUL,31.200000000000003,9.536249
,2024-08-20,,FRIOZEM ESTEIO CL,,,31.200000000000003,9.536249
202408.0,2024-08-21,36504.0,FRIOZEM ESTEIO CL,Consumidor Livre,SUL,31.200000000000003,9.081347
202408.0,2024-08-21,36504.0,FRIOZEM ESTEIO CL,Consumidor Livre,SUL,31.200000000000003,9.081347
,2024-08-21,,FRIOZEM ESTEIO CL,,,31.200000000000003,9.081347
202408.0,2024-08-22,36504.0,FRIOZEM ESTEIO CL,Consumidor Livre,SUL,31.200000000000003,8.557383
202408.0,2024-08-22,36504.0,FRIOZEM ESTEIO CL,Consumidor Livre,SUL,31.200000000000003,8.557383
,2024-08-22,,FRIOZEM ESTEIO CL,,,31.200000000000003,8.557383
202408.0,2024-08-23,36504.0,FRIOZEM ESTEIO CL,Consumidor Livre,SUL,31.200000000000003,8.521622
202408.0,2024-08-23,36504.0,FRIOZEM ESTEIO CL,Consumidor Livre,SUL,31.200000000000003,8.521622
,2024-08-23,,FRIOZEM ESTEIO CL,,,31.200000000000003,8.521622
202408.0,2024-08-24,36504.0,FRIOZEM ESTEIO CL,Consumidor Livre,SUL,31.200000000000003,8.466358
202408.0,2024-08-24,36504.0,FRIOZEM ESTEIO CL,Consumidor Livre,SUL,31.200000000000003,8.466358
,2024-08-24,,FRIOZEM ESTEIO CL,,,31.200000000000003,8.466358
202408.0,2024-08-25,36504.0,FRIOZEM ESTEIO CL,Consumidor Livre,SUL,31.200000000000003,7.522463
202408.0,2024-08-25,36504.0,FRIOZEM ESTEIO CL,Consumidor Livre,SUL,31.200000000000003,7.522463
,2024-08-25,,FRIOZEM ESTEIO CL,,,31.200000000000003,7.522463
202408.0,2024-08-26,36504.0,FRIOZEM ESTEIO CL,Consumidor Livre,SUL,31.200000000000003,8.222967
202408.0,2024-08-26,36504.0,FRIOZEM ESTEIO CL,Consumidor Livre,SUL,31.200000000000003,8.222967
,2024-08-26,,FRIOZEM ESTEIO CL,,,31.200000000000003,8.222967
202408.0,2024-08-27,36504.0,FRIOZEM ESTEIO CL,Consumidor Livre,SUL,31.200000000000003,8.130479
202408.0,2024-08-27,36504.0,FRIOZEM ESTEIO CL,Consumidor Livre,SUL,31.200000000000003,8.130479
,2024-08-27,,FRIOZEM ESTEIO CL,,,31.200000000000003,8.130479
202408.0,2024-08-28,36504.0,FRIOZEM ESTEIO CL,Consumidor Livre,SUL,31.200000000000003,8.992296
202408.0,2024-08-28,36504.0,FRIOZEM ESTEIO CL,Consumidor Livre,SUL,31.200000000000003,8.992296
,2024-08-28,,FRIOZEM ESTEIO CL,,,31.200000000000003,8.992296
202408.0,2024-08-29,36504.0,FRIOZEM ESTEIO CL,Consumidor Livre,SUL,31.200000000000003,8.477515
202408.0,2024-08-29,36504.0,FRIOZEM ESTEIO CL,Consumidor Livre,SUL,31.200000000000003,8.477515
,2024-08-29,,FRIOZEM ESTEIO CL,,,31.200000000000003,8.477515
202408.0,2024-08-30,36504.0,FRIOZEM ESTEIO CL,Consumidor Livre,SUL,31.200000000000003,8.425808
202408.0,2024-08-30,36504.0,FRIOZEM ESTEIO CL,Consumidor Livre,SUL,31.200000000000003,8.425808
,2024-08-30,,FRIOZEM ESTEIO CL,,,31.200000000000003,8.425808
202408.0,2024-08-31,36504.0,FRIOZEM ESTEIO CL,Consumidor Livre,SUL,31.200000000000003,8.426859
202408.0,2024-08-31,36504.0,FRIOZEM ESTEIO CL,Consumidor Livre,SUL,31.200000000000003,8.426859
,2024-08-31,,FRIOZEM ESTEIO CL,,,31.200000000000003,8.426859
202409.0,2024-09-01,36504.0,FRIOZEM ESTEIO CL,Consumidor Livre,SUL,31.200000000000003,6.859965
202409.0,2024-09-01,36504.0,FRIOZEM ESTEIO CL,Consumidor Livre,SUL,31.200000000000003,6.859965
,2024-09-01,,FRIOZEM ESTEIO CL,,,31.200000000000003,6.859965
202409.0,2024-09-02,36504.0,FRIOZEM ESTEIO CL,Consumidor Livre,SUL,31.200000000000003,8.420122
202409.0,2024-09-02,36504.0,FRIOZEM ESTEIO CL,Consumidor Livre,SUL,31.200000000000003,8.420122
,2024-09-02,,FRIOZEM ESTEIO CL,,,31.200000000000003,8.420122
202409.0,2024-09-03,36504.0,FRIOZEM ESTEIO CL,Consumidor Livre,SUL,31.200000000000003,7.714838
202409.0,2024-09-03,36504.0,FRIOZEM ESTEIO CL,Consumidor Livre,SUL,31.200000000000003,7.714838
,2024-09-03,,FRIOZEM ESTEIO CL,,,31.200000000000003,7.714838
202409.0,2024-09-04,36504.0,FRIOZEM ESTEIO CL,Consumidor Livre,SUL,31.200000000000003,7.946325
202409.0,2024-09-04,36504.0,FRIOZEM ESTEIO CL,Consumidor Livre,SUL,31.200000000000003,7.946325
,2024-09-04,,FRIOZEM ESTEIO CL,,,31.200000000000003,7.946325
202409.0,2024-09-05,36504.0,FRIOZEM ESTEIO CL,Consumidor Livre,SUL,31.200000000000003,8.367905
202409.0,2024-09-05,36504.0,FRIOZEM ESTEIO CL,Consumidor Livre,SUL,31.200000000000003,8.367905
,2024-09-05,,FRIOZEM ESTEIO CL,,,31.200000000000003,8.367905
202409.0,2024-09-06,36504.0,FRIOZEM ESTEIO CL,Consumidor Livre,SUL,31.200000000000003,7.325974
202409.0,2024-09-06,36504.0,FRIOZEM ESTEIO CL,Consumidor Livre,SUL,31.200000000000003,7.325974
,2024-09-06,,FRIOZEM ESTEIO CL,,,31.200000000000003,7.325974
202409.0,2024-09-07,36504.0,FRIOZEM ESTEIO CL,Consumidor Livre,SUL,31.200000000000003,8.018841
202409.0,2024-09-07,36504.0,FRIOZEM ESTEIO CL,Consumidor Livre,SUL,31.200000000000003,8.018841
,2024-09-07,,FRIOZEM ESTEIO CL,,,31.200000000000003,8.018841
202409.0,2024-09-08,36504.0,FRIOZEM ESTEIO CL,Consumidor Livre,SUL,31.200000000000003,7.046255
202409.0,2024-09-08,36504.0,FRIOZEM ESTEIO CL,Consumidor Livre,SUL,31.200000000000003,7.046255
,2024-09-08,,FRIOZEM ESTEIO CL,,,31.200000000000003,7.046255
202409.0,2024-09-09,36504.0,FRIOZEM ESTEIO CL,Consumidor Livre,SUL,31.200000000000003,8.954857
202409.0,2024-09-09,36504.0,FRIOZEM ESTEIO CL,Consumidor Livre,SUL,31.200000000000003,8.954857
,2024-09-09,,FRIOZEM ESTEIO CL,,,31.200000000000003,8.954857
202409.0,2024-09-10,36504.0,FRIOZEM ESTEIO CL,Consumidor Livre,SUL,31.200000000000003,8.450568
202409.0,2024-09-10,36504.0,FRIOZEM ESTEIO CL,Consumidor Livre,SUL,31.200000000000003,8.450568
,2024-09-10,,FRIOZEM ESTEIO CL,,,31.200000000000003,8.450568
202409.0,2024-09-11,36504.0,FRIOZEM ESTEIO CL,Consumidor Livre,SUL,31.200000000000003,9.251644
202409.0,2024-09-11,36504.0,FRIOZEM ESTEIO CL,Consumidor Livre,SUL,31.200000000000003,9.251644
,2024-09-11,,FRIOZEM ESTEIO CL,,,31.200000000000003,9.251644
202409.0,2024-09-12,36504.0,FRIOZEM ESTEIO CL,Consumidor Livre,SUL,31.200000000000003,8.050788
202409.0,2024-09-12,36504.0,FRIOZEM ESTEIO CL,Consumidor Livre,SUL,31.200000000000003,8.050788
,2024-09-12,,FRIOZEM ESTEIO CL,,,31.200000000000003,8.050788
202409.0,2024-09-13,36504.0,FRIOZEM ESTEIO CL,Consumidor Livre,SUL,31.200000000000003,7.957982
202409.0,2024-09-13,36504.0,FRIOZEM ESTEIO CL,Consumidor Livre,SUL,31.200000000000003,7.957982
,2024-09-13,,FRIOZEM ESTEIO CL,,,31.200000000000003,7.957982
202409.0,2024-09-14,36504.0,FRIOZEM ESTEIO CL,Consumidor Livre,SUL,31.200000000000003,7.503416
202409.0,2024-09-14,36504.0,FRIOZEM ESTEIO CL,Consumidor Livre,SUL,31.200000000000003,7.503416
,2024-09-14,,FRIOZEM ESTEIO CL,,,31.200000000000003,7.503416
202409.0,2024-09-15,36504.0,FRIOZEM ESTEIO CL,Consumidor Livre,SUL,31.200000000000003,7.483234
202409.0,2024-09-15,36504.0,FRIOZEM ESTEIO CL,Consumidor Livre,SUL,31.200000000000003,7.483234
,2024-09-15,,FRIOZEM ESTEIO CL,,,31.200000000000003,7.483234
202409.0,2024-09-16,36504.0,FRIOZEM ESTEIO CL,Consumidor Livre,SUL,31.200000000000003,8.062553
202409.0,2024-09-16,36504.0,FRIOZEM ESTEIO CL,Consumidor Livre,SUL,31.200000000000003,8.062553
,2024-09-16,,FRIOZEM ESTEIO CL,,,31.200000000000003,8.062553
202409.0,2024-09-17,36504.0,FRIOZEM ESTEIO CL,Consumidor Livre,SUL,31.200000000000003,8.389298
202409.0,2024-09-17,36504.0,FRIOZEM ESTEIO CL,Consumidor Livre,SUL,31.200000000000003,8.389298
,2024-09-17,,FRIOZEM ESTEIO CL,,,31.200000000000003,8.389298
202409.0,2024-09-18,36504.0,FRIOZEM ESTEIO CL,Consumidor Livre,SUL,31.200000000000003,8.280811
202409.0,2024-09-18,36504.0,FRIOZEM ESTEIO CL,Consumidor Livre,SUL,31.200000000000003,8.280811
,2024-09-18,,FRIOZEM ESTEIO CL,,,31.200000000000003,8.280811
202409.0,2024-09-19,36504.0,FRIOZEM ESTEIO CL,Consumidor Livre,SUL,31.200000000000003,8.709571
202409.0,2024-09-19,36504.0,FRIOZEM ESTEIO CL,Consumidor Livre,SUL,31.200000000000003,8.709571
,2024-09-19,,FRIOZEM ESTEIO CL,,,31.200000000000003,8.709571
202409.0,2024-09-20,36504.0,FRIOZEM ESTEIO CL,Consumidor Livre,SUL,31.200000000000003,7.91143
202409.0,2024-09-20,36504.0,FRIOZEM ESTEIO CL,Consumidor Livre,SUL,31.200000000000003,7.91143
,2024-09-20,,FRIOZEM ESTEIO CL,,,31.200000000000003,7.91143
202409.0,2024-09-21,36504.0,FRIOZEM ESTEIO CL,Consumidor Livre,SUL,31.200000000000003,8.060917
202409.0,2024-09-21,36504.0,FRIOZEM ESTEIO CL,Consumidor Livre,SUL,31.200000000000003,8.060917
,2024-09-21,,FRIOZEM ESTEIO CL,,,31.200000000000003,8.060917
202409.0,2024-09-22,36504.0,FRIOZEM ESTEIO CL,Consumidor Livre,SUL,31.200000000000003,7.980977
202409.0,2024-09-22,36504.0,FRIOZEM ESTEIO CL,Consumidor Livre,SUL,31.200000000000003,7.980977
,2024-09-22,,FRIOZEM ESTEIO CL,,,31.200000000000003,7.980977
202409.0,2024-09-23,36504.0,FRIOZEM ESTEIO CL,Consumidor Livre,SUL,31.200000000000003,8.97017
202409.0,2024-09-23,36504.0,FRIOZEM ESTEIO CL,Consumidor Livre,SUL,31.200000000000003,8.97017
,2024-09-23,,FRIOZEM ESTEIO CL,,,31.200000000000003,8.97017
202409.0,2024-09-24,36504.0,FRIOZEM ESTEIO CL,Consumidor Livre,SUL,31.200000000000003,8.72643
202409.0,2024-09-24,36504.0,FRIOZEM ESTEIO CL,Consumidor Livre,SUL,31.200000000000003,8.72643
,2024-09-24,,FRIOZEM ESTEIO CL,,,31.200000000000003,8.72643
202409.0,2024-09-25,36504.0,FRIOZEM ESTEIO CL,Consumidor Livre,SUL,31.200000000000003,8.926871
202409.0,2024-09-25,36504.0,FRIOZEM ESTEIO CL,Consumidor Livre,SUL,31.200000000000003,8.926871
,2024-09-25,,FRIOZEM ESTEIO CL,,,31.200000000000003,8.926871
202409.0,2024-09-26,36504.0,FRIOZEM ESTEIO CL,Consumidor Livre,SUL,31.200000000000003,8.31776
202409.0,2024-09-26,36504.0,FRIOZEM ESTEIO CL,Consumidor Livre,SUL,31.200000000000003,8.31776
,2024-09-26,,FRIOZEM ESTEIO CL,,,31.200000000000003,8.31776
202409.0,2024-09-27,36504.0,FRIOZEM ESTEIO CL,Consumidor Livre,SUL,31.200000000000003,8.085364
202409.0,2024-09-27,36504.0,FRIOZEM ESTEIO CL,Consumidor Livre,SUL,31.200000000000003,8.085364
,2024-09-27,,FRIOZEM ESTEIO CL,,,31.200000000000003,8.085364
202409.0,2024-09-28,36504.0,FRIOZEM ESTEIO CL,Consumidor Livre,SUL,31.200000000000003,7.345131
202409.0,2024-09-28,36504.0,FRIOZEM ESTEIO CL,Consumidor Livre,SUL,31.200000000000003,7.345131
,2024-09-28,,FRIOZEM ESTEIO CL,,,31.200000000000003,7.345131
202409.0,2024-09-29,36504.0,FRIOZEM ESTEIO CL,Consumidor Livre,SUL,31.200000000000003,5.319511
202409.0,2024-09-29,36504.0,FRIOZEM ESTEIO CL,Consumidor Livre,SUL,31.200000000000003,5.319511
,2024-09-29,,FRIOZEM ESTEIO CL,,,31.200000000000003,5.319511
202409.0,2024-09-30,36504.0,FRIOZEM ESTEIO CL,Consumidor Livre,SUL,31.200000000000003,8.422721
202409.0,2024-09-30,36504.0,FRIOZEM ESTEIO CL,Consumidor Livre,SUL,31.200000000000003,8.422721
,2024-09-30,,FRIOZEM ESTEIO CL,,,31.200000000000003,8.422721
202410.0,2024-10-01,36504.0,FRIOZEM ESTEIO CL,Consumidor Livre,SUL,31.200000000000003,8.902053
202410.0,2024-10-01,36504.0,FRIOZEM ESTEIO CL,Consumidor Livre,SUL,31.200000000000003,8.902053
,2024-10-01,,FRIOZEM ESTEIO CL,,,31.200000000000003,8.902053
202410.0,2024-10-02,36504.0,FRIOZEM ESTEIO CL,Consumidor Livre,SUL,31.200000000000003,9.380663
202410.0,2024-10-02,36504.0,FRIOZEM ESTEIO CL,Consumidor Livre,SUL,31.200000000000003,9.380663
,2024-10-02,,FRIOZEM ESTEIO CL,,,31.200000000000003,9.380663
202410.0,2024-10-03,36504.0,FRIOZEM ESTEIO CL,Consumidor Livre,SUL,31.200000000000003,9.061756
202410.0,2024-10-03,36504.0,FRIOZEM ESTEIO CL,Consumidor Livre,SUL,31.200000000000003,9.061756
,2024-10-03,,FRIOZEM ESTEIO CL,,,31.200000000000003,9.061756
202410.0,2024-10-04,36504.0,FRIOZEM ESTEIO CL,Consumidor Livre,SUL,31.200000000000003,8.745576
202410.0,2024-10-04,36504.0,FRIOZEM ESTEIO CL,Consumidor Livre,SUL,31.200000000000003,8.745576
,2024-10-04,,FRIOZEM ESTEIO CL,,,31.200000000000003,8.745576
202410.0,2024-10-05,36504.0,FRIOZEM ESTEIO CL,Consumidor Livre,SUL,31.200000000000003,9.189022
202410.0,2024-10-05,36504.0,FRIOZEM ESTEIO CL,Consumidor Livre,SUL,31.200000000000003,9.189022
,2024-10-05,,FRIOZEM ESTEIO CL,,,31.200000000000003,9.189022
202410.0,2024-10-06,36504.0,FRIOZEM ESTEIO CL,Consumidor Livre,SUL,31.200000000000003,6.489287
202410.0,2024-10-06,36504.0,FRIOZEM ESTEIO CL,Consumidor Livre,SUL,31.200000000000003,6.489287
,2024-10-06,,FRIOZEM ESTEIO CL,,,31.200000000000003,6.489287
202410.0,2024-10-07,36504.0,FRIOZEM ESTEIO CL,Consumidor Livre,SUL,31.200000000000003,9.407069
202410.0,2024-10-07,36504.0,FRIOZEM ESTEIO CL,Consumidor Livre,SUL,31.200000000000003,9.407069
,2024-10-07,,FRIOZEM ESTEIO CL,,,31.200000000000003,9.407069
202410.0,2024-10-08,36504.0,FRIOZEM ESTEIO CL,Consumidor Livre,SUL,31.200000000000003,8.753139
202410.0,2024-10-08,36504.0,FRIOZEM ESTEIO CL,Consumidor Livre,SUL,31.200000000000003,8.753139
,2024-10-08,,FRIOZEM ESTEIO CL,,,31.200000000000003,8.753139
202410.0,2024-10-09,36504.0,FRIOZEM ESTEIO CL,Consumidor Livre,SUL,31.200000000000003,9.320705
202410.0,2024-10-09,36504.0,FRIOZEM ESTEIO CL,Consumidor Livre,SUL,31.200000000000003,9.320705
,2024-10-09,,FRIOZEM ESTEIO CL,,,31.200000000000003,9.320705
202410.0,2024-10-10,36504.0,FRIOZEM ESTEIO CL,Consumidor Livre,SUL,31.200000000000003,6.62565
202410.0,2024-10-10,36504.0,FRIOZEM ESTEIO CL,Consumidor Livre,SUL,31.200000000000003,6.62565
,2024-10-10,,FRIOZEM ESTEIO CL,,,31.200000000000003,6.62565
202410.0,2024-10-11,36504.0,FRIOZEM ESTEIO CL,Consumidor Livre,SUL,31.200000000000003,9.22766
202410.0,2024-10-11,36504.0,FRIOZEM ESTEIO CL,Consumidor Livre,SUL,31.200000000000003,9.22766
,2024-10-11,,FRIOZEM ESTEIO CL,,,31.200000000000003,9.22766
202410.0,2024-10-12,36504.0,FRIOZEM ESTEIO CL,Consumidor Livre,SUL,31.200000000000003,7.757282
202410.0,2024-10-12,36504.0,FRIOZEM ESTEIO CL,Consumidor Livre,SUL,31.200000000000003,7.757282
,2024-10-12,,FRIOZEM ESTEIO CL,,,31.200000000000003,7.757282
202410.0,2024-10-13,36504.0,FRIOZEM ESTEIO CL,Consumidor Livre,SUL,31.200000000000003,8.286438
202410.0,2024-10-13,36504.0,FRIOZEM ESTEIO CL,Consumidor Livre,SUL,31.200000000000003,8.286438
,2024-10-13,,FRIOZEM ESTEIO CL,,,31.200000000000003,8.286438
202410.0,2024-10-14,36504.0,FRIOZEM ESTEIO CL,Consumidor Livre,SUL,31.200000000000003,9.506034
202410.0,2024-10-14,36504.0,FRIOZEM ESTEIO CL,Consumidor Livre,SUL,31.200000000000003,9.506034
,2024-10-14,,FRIOZEM ESTEIO CL,,,31.200000000000003,9.506034
202410.0,2024-10-15,36504.0,FRIOZEM ESTEIO CL,Consumidor Livre,SUL,31.200000000000003,10.605232
202410.0,2024-10-15,36504.0,FRIOZEM ESTEIO CL,Consumidor Livre,SUL,31.200000000000003,10.605232
,2024-10-15,,FRIOZEM ESTEIO CL,,,31.200000000000003,10.605232
202410.0,2024-10-16,36504.0,FRIOZEM ESTEIO CL,Consumidor Livre,SUL,31.200000000000003,9.9259
202410.0,2024-10-16,36504.0,FRIOZEM ESTEIO CL,Consumidor Livre,SUL,31.200000000000003,9.9259
,2024-10-16,,FRIOZEM ESTEIO CL,,,31.200000000000003,9.9259
202410.0,2024-10-17,36504.0,FRIOZEM ESTEIO CL,Consumidor Livre,SUL,31.200000000000003,9.554486
202410.0,2024-10-17,36504.0,FRIOZEM ESTEIO CL,Consumidor Livre,SUL,31.200000000000003,9.554486
,2024-10-17,,FRIOZEM ESTEIO CL,,,31.200000000000003,9.554486
202410.0,2024-10-18,36504.0,FRIOZEM ESTEIO CL,Consumidor Livre,SUL,31.200000000000003,9.033805
202410.0,2024-10-18,36504.0,FRIOZEM ESTEIO CL,Consumidor Livre,SUL,31.200000000000003,9.033805
,2024-10-18,,FRIOZEM ESTEIO CL,,,31.200000000000003,9.033805
202410.0,2024-10-19,36504.0,FRIOZEM ESTEIO CL,Consumidor Livre,SUL,31.200000000000003,8.815534
202410.0,2024-10-19,36504.0,FRIOZEM ESTEIO CL,Consumidor Livre,SUL,31.200000000000003,8.815534
,2024-10-19,,FRIOZEM ESTEIO CL,,,31.200000000000003,8.815534
202410.0,2024-10-20,36504.0,FRIOZEM ESTEIO CL,Consumidor Livre,SUL,31.200000000000003,6.991212
202410.0,2024-10-20,36504.0,FRIOZEM ESTEIO CL,Consumidor Livre,SUL,31.200000000000003,6.991212
,2024-10-20,,FRIOZEM ESTEIO CL,,,31.200000000000003,6.991212
202410.0,2024-10-21,36504.0,FRIOZEM ESTEIO CL,Consumidor Livre,SUL,31.200000000000003,9.911008
202410.0,2024-10-21,36504.0,FRIOZEM ESTEIO CL,Consumidor Livre,SUL,31.200000000000003,9.911008
,2024-10-21,,FRIOZEM ESTEIO CL,,,31.200000000000003,9.911008
202410.0,2024-10-22,36504.0,FRIOZEM ESTEIO CL,Consumidor Livre,SUL,31.200000000000003,9.242816
202410.0,2024-10-22,36504.0,FRIOZEM ESTEIO CL,Consumidor Livre,SUL,31.200000000000003,9.242816
,2024-10-22,,FRIOZEM ESTEIO CL,,,31.200000000000003,9.242816
202410.0,2024-10-23,36504.0,FRIOZEM ESTEIO CL,Consumidor Livre,SUL,31.200000000000003,11.141801
202410.0,2024-10-23,36504.0,FRIOZEM ESTEIO CL,Consumidor Livre,SUL,31.200000000000003,11.141801
,2024-10-23,,FRIOZEM ESTEIO CL,,,31.200000000000003,11.141801
202410.0,2024-10-24,36504.0,FRIOZEM ESTEIO CL,Consumidor Livre,SUL,31.200000000000003,9.718462
202410.0,2024-10-24,36504.0,FRIOZEM ESTEIO CL,Consumidor Livre,SUL,31.200000000000003,9.718462
,2024-10-24,,FRIOZEM ESTEIO CL,,,31.200000000000003,9.718462
202410.0,2024-10-25,36504.0,FRIOZEM ESTEIO CL,Consumidor Livre,SUL,31.200000000000003,10.182097
202410.0,2024-10-25,36504.0,FRIOZEM ESTEIO CL,Consumidor Livre,SUL,31.200000000000003,10.182097
,2024-10-25,,FRIOZEM ESTEIO CL,,,31.200000000000003,10.182097
202410.0,2024-10-26,36504.0,FRIOZEM ESTEIO CL,Consumidor Livre,SUL,31.200000000000003,8.673985
202410.0,2024-10-26,36504.0,FRIOZEM ESTEIO CL,Consumidor Livre,SUL,31.200000000000003,8.673985
,2024-10-26,,FRIOZEM ESTEIO CL,,,31.200000000000003,8.673985
202410.0,2024-10-27,36504.0,FRIOZEM ESTEIO CL,Consumidor Livre,SUL,31.200000000000003,9.07953
202410.0,2024-10-27,36504.0,FRIOZEM ESTEIO CL,Consumidor Livre,SUL,31.200000000000003,9.07953
,2024-10-27,,FRIOZEM ESTEIO CL,,,31.200000000000003,9.07953
202410.0,2024-10-28,36504.0,FRIOZEM ESTEIO CL,Consumidor Livre,SUL,31.200000000000003,9.98751
202410.0,2024-10-28,36504.0,FRIOZEM ESTEIO CL,Consumidor Livre,SUL,31.200000000000003,9.98751
,2024-10-28,,FRIOZEM ESTEIO CL,,,31.200000000000003,9.98751
202410.0,2024-10-29,36504.0,FRIOZEM ESTEIO CL,Consumidor Livre,SUL,31.200000000000003,10.529064
202410.0,2024-10-29,36504.0,FRIOZEM ESTEIO CL,Consumidor Livre,SUL,31.200000000000003,10.529064
,2024-10-29,,FRIOZEM ESTEIO CL,,,31.200000000000003,10.529064
202410.0,2024-10-30,36504.0,FRIOZEM ESTEIO CL,Consumidor Livre,SUL,31.200000000000003,10.32483
202410.0,2024-10-30,36504.0,FRIOZEM ESTEIO CL,Consumidor Livre,SUL,31.200000000000003,10.32483
,2024-10-30,,FRIOZEM ESTEIO CL,,,31.200000000000003,10.32483
202410.0,2024-10-31,36504.0,FRIOZEM ESTEIO CL,Consumidor Livre,SUL,31.200000000000003,10.947808
202410.0,2024-10-31,36504.0,FRIOZEM ESTEIO CL,Consumidor Livre,SUL,31.200000000000003,10.947808
,2024-10-31,,FRIOZEM ESTEIO CL,,,31.200000000000003,10.947808
202411.0,2024-11-01,36504.0,FRIOZEM ESTEIO CL,Consumidor Livre,SUL,31.200000000000003,10.750722
202411.0,2024-11-01,36504.0,FRIOZEM ESTEIO CL,Consumidor Livre,SUL,31.200000000000003,10.750722
,2024-11-01,,FRIOZEM ESTEIO CL,,,31.200000000000003,10.750722
202411.0,2024-11-02,36504.0,FRIOZEM ESTEIO CL,Consumidor Livre,SUL,31.200000000000003,8.586654
202411.0,2024-11-02,36504.0,FRIOZEM ESTEIO CL,Consumidor Livre,SUL,31.200000000000003,8.586654
,2024-11-02,,FRIOZEM ESTEIO CL,,,31.200000000000003,8.586654
202411.0,2024-11-03,36504.0,FRIOZEM ESTEIO CL,Consumidor Livre,SUL,31.200000000000003,9.470721
202411.0,2024-11-03,36504.0,FRIOZEM ESTEIO CL,Consumidor Livre,SUL,31.200000000000003,9.470721
,2024-11-03,,FRIOZEM ESTEIO CL,,,31.200000000000003,9.470721
202411.0,2024-11-04,36504.0,FRIOZEM ESTEIO CL,Consumidor Livre,SUL,31.200000000000003,12.605088
202411.0,2024-11-04,36504.0,FRIOZEM ESTEIO CL,Consumidor Livre,SUL,31.200000000000003,12.605088
,2024-11-04,,FRIOZEM ESTEIO CL,,,31.200000000000003,12.605088
202411.0,2024-11-05,36504.0,FRIOZEM ESTEIO CL,Consumidor Livre,SUL,31.200000000000003,12.223549
202411.0,2024-11-05,36504.0,FRIOZEM ESTEIO CL,Consumidor Livre,SUL,31.200000000000003,12.223549
,2024-11-05,,FRIOZEM ESTEIO CL,,,31.200000000000003,12.223549
202411.0,2024-11-06,36504.0,FRIOZEM ESTEIO CL,Consumidor Livre,SUL,31.200000000000003,11.715702
202411.0,2024-11-06,36504.0,FRIOZEM ESTEIO CL,Consumidor Livre,SUL,31.200000000000003,11.715702
,2024-11-06,,FRIOZEM ESTEIO CL,,,31.200000000000003,11.715702
202411.0,2024-11-07,36504.0,FRIOZEM ESTEIO CL,Consumidor Livre,SUL,31.200000000000003,12.172784
202411.0,2024-11-07,36504.0,FRIOZEM ESTEIO CL,Consumidor Livre,SUL,31.200000000000003,12.172784
,2024-11-07,,FRIOZEM ESTEIO CL,,,31.200000000000003,12.172784
202411.0,2024-11-08,36504.0,FRIOZEM ESTEIO CL,Consumidor Livre,SUL,31.200000000000003,11.796778
202411.0,2024-11-08,36504.0,FRIOZEM ESTEIO CL,Consumidor Livre,SUL,31.200000000000003,11.796778
,2024-11-08,,FRIOZEM ESTEIO CL,,,31.200000000000003,11.796778
202411.0,2024-11-09,36504.0,FRIOZEM ESTEIO CL,Consumidor Livre,SUL,31.200000000000003,10.637317
202411.0,2024-11-09,36504.0,FRIOZEM ESTEIO CL,Consumidor Livre,SUL,31.200000000000003,10.637317
,2024-11-09,,FRIOZEM ESTEIO CL,,,31.200000000000003,10.637317
202411.0,2024-11-10,36504.0,FRIOZEM ESTEIO CL,Consumidor Livre,SUL,31.200000000000003,8.988871
202411.0,2024-11-10,36504.0,FRIOZEM ESTEIO CL,Consumidor Livre,SUL,31.200000000000003,8.988871
,2024-11-10,,FRIOZEM ESTEIO CL,,,31.200000000000003,8.988871
202411.0,2024-11-11,36504.0,FRIOZEM ESTEIO CL,Consumidor Livre,SUL,31.200000000000003,11.525207
202411.0,2024-11-11,36504.0,FRIOZEM ESTEIO CL,Consumidor Livre,SUL,31.200000000000003,11.525207
,2024-11-11,,FRIOZEM ESTEIO CL,,,31.200000000000003,11.525207
202411.0,2024-11-12,36504.0,FRIOZEM ESTEIO CL,Consumidor Livre,SUL,31.200000000000003,11.840787
202411.0,2024-11-12,36504.0,FRIOZEM ESTEIO CL,Consumidor Livre,SUL,31.200000000000003,11.840787
,2024-11-12,,FRIOZEM ESTEIO CL,,,31.200000000000003,11.840787
202411.0,2024-11-13,36504.0,FRIOZEM ESTEIO CL,Consumidor Livre,SUL,31.200000000000003,11.234746
202411.0,2024-11-13,36504.0,FRIOZEM ESTEIO CL,Consumidor Livre,SUL,31.200000000000003,11.234746
,2024-11-13,,FRIOZEM ESTEIO CL,,,31.200000000000003,11.234746
202411.0,2024-11-14,36504.0,FRIOZEM ESTEIO CL,Consumidor Livre,SUL,31.200000000000003,11.234029
202411.0,2024-11-14,36504.0,FRIOZEM ESTEIO CL,Consumidor Livre,SUL,31.200000000000003,11.234029
,2024-11-14,,FRIOZEM ESTEIO CL,,,31.200000000000003,11.234029
202411.0,2024-11-15,36504.0,FRIOZEM ESTEIO CL,Consumidor Livre,SUL,31.200000000000003,11.900942
202411.0,2024-11-15,36504.0,FRIOZEM ESTEIO CL,Consumidor Livre,SUL,31.200000000000003,11.900942
,2024-11-15,,FRIOZEM ESTEIO CL,,,31.200000000000003,11.900942
202411.0,2024-11-16,36504.0,FRIOZEM ESTEIO CL,Consumidor Livre,SUL,31.200000000000003,11.146728
202411.0,2024-11-16,36504.0,FRIOZEM ESTEIO CL,Consumidor Livre,SUL,31.200000000000003,11.146728
,2024-11-16,,FRIOZEM ESTEIO CL,,,31.200000000000003,11.146728
202411.0,2024-11-17,36504.0,FRIOZEM ESTEIO CL,Consumidor Livre,SUL,31.200000000000003,11.343418
202411.0,2024-11-17,36504.0,FRIOZEM ESTEIO CL,Consumidor Livre,SUL,31.200000000000003,11.343418
,2024-11-17,,FRIOZEM ESTEIO CL,,,31.200000000000003,11.343418
202411.0,2024-11-18,36504.0,FRIOZEM ESTEIO CL,Consumidor Livre,SUL,31.200000000000003,12.456979
202411.0,2024-11-18,36504.0,FRIOZEM ESTEIO CL,Consumidor Livre,SUL,31.200000000000003,12.456979
,2024-11-18,,FRIOZEM ESTEIO CL,,,31.200000000000003,12.456979
202411.0,2024-11-19,36504.0,FRIOZEM ESTEIO CL,Consumidor Livre,SUL,31.200000000000003,11.870029
202411.0,2024-11-19,36504.0,FRIOZEM ESTEIO CL,Consumidor Livre,SUL,31.200000000000003,11.870029
,2024-11-19,,FRIOZEM ESTEIO CL,,,31.200000000000003,11.870029
202411.0,2024-11-20,36504.0,FRIOZEM ESTEIO CL,Consumidor Livre,SUL,31.200000000000003,10.814811
202411.0,2024-11-20,36504.0,FRIOZEM ESTEIO CL,Consumidor Livre,SUL,31.200000000000003,10.814811
,2024-11-20,,FRIOZEM ESTEIO CL,,,31.200000000000003,10.814811
202411.0,2024-11-21,36504.0,FRIOZEM ESTEIO CL,Consumidor Livre,SUL,31.200000000000003,10.888557
202411.0,2024-11-21,36504.0,FRIOZEM ESTEIO CL,Consumidor Livre,SUL,31.200000000000003,10.888557
,2024-11-21,,FRIOZEM ESTEIO CL,,,31.200000000000003,10.888557
202411.0,2024-11-22,36504.0,FRIOZEM ESTEIO CL,Consumidor Livre,SUL,31.200000000000003,10.869741
202411.0,2024-11-22,36504.0,FRIOZEM ESTEIO CL,Consumidor Livre,SUL,31.200000000000003,10.869741
,2024-11-22,,FRIOZEM ESTEIO CL,,,31.200000000000003,10.869741
202411.0,2024-11-23,36504.0,FRIOZEM ESTEIO CL,Consumidor Livre,SUL,31.200000000000003,10.52772
202411.0,2024-11-23,36504.0,FRIOZEM ESTEIO CL,Consumidor Livre,SUL,31.200000000000003,10.52772
,2024-11-23,,FRIOZEM ESTEIO CL,,,31.200000000000003,10.52772
202411.0,2024-11-24,36504.0,FRIOZEM ESTEIO CL,Consumidor Livre,SUL,31.200000000000003,10.691237
202411.0,2024-11-24,36504.0,FRIOZEM ESTEIO CL,Consumidor Livre,SUL,31.200000000000003,10.691237
,2024-11-24,,FRIOZEM ESTEIO CL,,,31.200000000000003,10.691237
202411.0,2024-11-25,36504.0,FRIOZEM ESTEIO CL,Consumidor Livre,SUL,31.200000000000003,11.638887
202411.0,2024-11-25,36504.0,FRIOZEM ESTEIO CL,Consumidor Livre,SUL,31.200000000000003,11.638887
,2024-11-25,,FRIOZEM ESTEIO CL,,,31.200000000000003,11.638887
202411.0,2024-11-26,36504.0,FRIOZEM ESTEIO CL,Consumidor Livre,SUL,31.200000000000003,12.515071
202411.0,2024-11-26,36504.0,FRIOZEM ESTEIO CL,Consumidor Livre,SUL,31.200000000000003,12.515071
,2024-11-26,,FRIOZEM ESTEIO CL,,,31.200000000000003,12.515071
202411.0,2024-11-27,36504.0,FRIOZEM ESTEIO CL,Consumidor Livre,SUL,31.200000000000003,12.716085
202411.0,2024-11-27,36504.0,FRIOZEM ESTEIO CL,Consumidor Livre,SUL,31.200000000000003,12.716085
,2024-11-27,,FRIOZEM ESTEIO CL,,,31.200000000000003,12.716085
202411.0,2024-11-28,36504.0,FRIOZEM ESTEIO CL,Consumidor Livre,SUL,31.200000000000003,12.704099
202411.0,2024-11-28,36504.0,FRIOZEM ESTEIO CL,Consumidor Livre,SUL,31.200000000000003,12.704099
,2024-11-28,,FRIOZEM ESTEIO CL,,,31.200000000000003,12.704099
202411.0,2024-11-29,36504.0,FRIOZEM ESTEIO CL,Consumidor Livre,SUL,31.200000000000003,11.150931
202411.0,2024-11-29,36504.0,FRIOZEM ESTEIO CL,Consumidor Livre,SUL,31.200000000000003,11.150931
,2024-11-29,,FRIOZEM ESTEIO CL,,,31.200000000000003,11.150931
202411.0,2024-11-30,36504.0,FRIOZEM ESTEIO CL,Consumidor Livre,SUL,31.200000000000003,11.656446
202411.0,2024-11-30,36504.0,FRIOZEM ESTEIO CL,Consumidor Livre,SUL,31.200000000000003,11.656446
,2024-11-30,,FRIOZEM ESTEIO CL,,,31.200000000000003,11.656446
202412.0,2024-12-01,36504.0,FRIOZEM ESTEIO CL,Consumidor Livre,SUL,31.200000000000003,10.744009
202412.0,2024-12-01,36504.0,FRIOZEM ESTEIO CL,Consumidor Livre,SUL,31.200000000000003,10.744009
,2024-12-01,,FRIOZEM ESTEIO CL,,,31.200000000000003,10.744009
202412.0,2024-12-02,36504.0,FRIOZEM ESTEIO CL,Consumidor Livre,SUL,31.200000000000003,11.603491
202412.0,2024-12-02,36504.0,FRIOZEM ESTEIO CL,Consumidor Livre,SUL,31.200000000000003,11.603491
,2024-12-02,,FRIOZEM ESTEIO CL,,,31.200000000000003,11.603491
202412.0,2024-12-03,36504.0,FRIOZEM ESTEIO CL,Consumidor Livre,SUL,31.200000000000003,11.566744
202412.0,2024-12-03,36504.0,FRIOZEM ESTEIO CL,Consumidor Livre,SUL,31.200000000000003,11.566744
,2024-12-03,,FRIOZEM ESTEIO CL,,,31.200000000000003,11.566744
202412.0,2024-12-04,36504.0,FRIOZEM ESTEIO CL,Consumidor Livre,SUL,31.200000000000003,11.26922
202412.0,2024-12-04,36504.0,FRIOZEM ESTEIO CL,Consumidor Livre,SUL,31.200000000000003,11.26922
,2024-12-04,,FRIOZEM ESTEIO CL,,,31.200000000000003,11.26922
202412.0,2024-12-05,36504.0,FRIOZEM ESTEIO CL,Consumidor Livre,SUL,31.200000000000003,12.011818
202412.0,2024-12-05,36504.0,FRIOZEM ESTEIO CL,Consumidor Livre,SUL,31.200000000000003,12.011818
,2024-12-05,,FRIOZEM ESTEIO CL,,,31.200000000000003,12.011818
202412.0,2024-12-06,36504.0,FRIOZEM ESTEIO CL,Consumidor Livre,SUL,31.200000000000003,11.985598
202412.0,2024-12-06,36504.0,FRIOZEM ESTEIO CL,Consumidor Livre,SUL,31.200000000000003,11.985598
,2024-12-06,,FRIOZEM ESTEIO CL,,,31.200000000000003,11.985598
202412.0,2024-12-07,36504.0,FRIOZEM ESTEIO CL,Consumidor Livre,SUL,31.200000000000003,10.858078
202412.0,2024-12-07,36504.0,FRIOZEM ESTEIO CL,Consumidor Livre,SUL,31.200000000000003,10.858078
,2024-12-07,,FRIOZEM ESTEIO CL,,,31.200000000000003,10.858078
202412.0,2024-12-08,36504.0,FRIOZEM ESTEIO CL,Consumidor Livre,SUL,31.200000000000003,8.781435
202412.0,2024-12-08,36504.0,FRIOZEM ESTEIO CL,Consumidor Livre,SUL,31.200000000000003,8.781435
,2024-12-08,,FRIOZEM ESTEIO CL,,,31.200000000000003,8.781435
202412.0,2024-12-09,36504.0,FRIOZEM ESTEIO CL,Consumidor Livre,SUL,31.200000000000003,10.869622
202412.0,2024-12-09,36504.0,FRIOZEM ESTEIO CL,Consumidor Livre,SUL,31.200000000000003,10.869622
,2024-12-09,,FRIOZEM ESTEIO CL,,,31.200000000000003,10.869622
202412.0,2024-12-10,36504.0,FRIOZEM ESTEIO CL,Consumidor Livre,SUL,31.200000000000003,11.655438
202412.0,2024-12-10,36504.0,FRIOZEM ESTEIO CL,Consumidor Livre,SUL,31.200000000000003,11.655438
,2024-12-10,,FRIOZEM ESTEIO CL,,,31.200000000000003,11.655438
202412.0,2024-12-11,36504.0,FRIOZEM ESTEIO CL,Consumidor Livre,SUL,31.200000000000003,11.240125
202412.0,2024-12-11,36504.0,FRIOZEM ESTEIO CL,Consumidor Livre,SUL,31.200000000000003,11.240125
,2024-12-11,,FRIOZEM ESTEIO CL,,,31.200000000000003,11.240125
202412.0,2024-12-12,36504.0,FRIOZEM ESTEIO CL,Consumidor Livre,SUL,31.200000000000003,11.364753
202412.0,2024-12-12,36504.0,FRIOZEM ESTEIO CL,Consumidor Livre,SUL,31.200000000000003,11.364753
,2024-12-12,,FRIOZEM ESTEIO CL,,,31.200000000000003,11.364753
202412.0,2024-12-13,36504.0,FRIOZEM ESTEIO CL,Consumidor Livre,SUL,31.200000000000003,12.093525
202412.0,2024-12-13,36504.0,FRIOZEM ESTEIO CL,Consumidor Livre,SUL,31.200000000000003,12.093525
,2024-12-13,,FRIOZEM ESTEIO CL,,,31.200000000000003,12.093525
202412.0,2024-12-14,36504.0,FRIOZEM ESTEIO CL,Consumidor Livre,SUL,31.200000000000003,10.82552
202412.0,2024-12-14,36504.0,FRIOZEM ESTEIO CL,Consumidor Livre,SUL,31.200000000000003,10.82552
,2024-12-14,,FRIOZEM ESTEIO CL,,,31.200000000000003,10.82552
202412.0,2024-12-15,36504.0,FRIOZEM ESTEIO CL,Consumidor Livre,SUL,31.200000000000003,10.010746
202412.0,2024-12-15,36504.0,FRIOZEM ESTEIO CL,Consumidor Livre,SUL,31.200000000000003,10.010746
,2024-12-15,,FRIOZEM ESTEIO CL,,,31.200000000000003,10.010746
202412.0,2024-12-16,36504.0,FRIOZEM ESTEIO CL,Consumidor Livre,SUL,31.200000000000003,10.659779
202412.0,2024-12-16,36504.0,FRIOZEM ESTEIO CL,Consumidor Livre,SUL,31.200000000000003,10.659779
,2024-12-16,,FRIOZEM ESTEIO CL,,,31.200000000000003,10.659779
202412.0,2024-12-17,36504.0,FRIOZEM ESTEIO CL,Consumidor Livre,SUL,31.200000000000003,11.168647
202412.0,2024-12-17,36504.0,FRIOZEM ESTEIO CL,Consumidor Livre,SUL,31.200000000000003,11.168647
,2024-12-17,,FRIOZEM ESTEIO CL,,,31.200000000000003,11.168647
202412.0,2024-12-18,36504.0,FRIOZEM ESTEIO CL,Consumidor Livre,SUL,31.200000000000003,10.987213
202412.0,2024-12-18,36504.0,FRIOZEM ESTEIO CL,Consumidor Livre,SUL,31.200000000000003,10.987213
,2024-12-18,,FRIOZEM ESTEIO CL,,,31.200000000000003,10.987213
202412.0,2024-12-19,36504.0,FRIOZEM ESTEIO CL,Consumidor Livre,SUL,31.200000000000003,12.038179
202412.0,2024-12-19,36504.0,FRIOZEM ESTEIO CL,Consumidor Livre,SUL,31.200000000000003,12.038179
,2024-12-19,,FRIOZEM ESTEIO CL,,,31.200000000000003,12.038179
202412.0,2024-12-20,36504.0,FRIOZEM ESTEIO CL,Consumidor Livre,SUL,31.200000000000003,12.122955
202412.0,2024-12-20,36504.0,FRIOZEM ESTEIO CL,Consumidor Livre,SUL,31.200000000000003,12.122955
,2024-12-20,,FRIOZEM ESTEIO CL,,,31.200000000000003,12.122955
202412.0,2024-12-21,36504.0,FRIOZEM ESTEIO CL,Consumidor Livre,SUL,31.200000000000003,11.508999
202412.0,2024-12-21,36504.0,FRIOZEM ESTEIO CL,Consumidor Livre,SUL,31.200000000000003,11.508999
,2024-12-21,,FRIOZEM ESTEIO CL,,,31.200000000000003,11.508999
202412.0,2024-12-22,36504.0,FRIOZEM ESTEIO CL,Consumidor Livre,SUL,31.200000000000003,10.207711
202412.0,2024-12-22,36504.0,FRIOZEM ESTEIO CL,Consumidor Livre,SUL,31.200000000000003,10.207711
,2024-12-22,,FRIOZEM ESTEIO CL,,,31.200000000000003,10.207711
202412.0,2024-12-23,36504.0,FRIOZEM ESTEIO CL,Consumidor Livre,SUL,31.200000000000003,11.106631
202412.0,2024-12-23,36504.0,FRIOZEM ESTEIO CL,Consumidor Livre,SUL,31.200000000000003,11.106631
,2024-12-23,,FRIOZEM ESTEIO CL,,,31.200000000000003,11.106631
202412.0,2024-12-24,36504.0,FRIOZEM ESTEIO CL,Consumidor Livre,SUL,31.200000000000003,11.359961
202412.0,2024-12-24,36504.0,FRIOZEM ESTEIO CL,Consumidor Livre,SUL,31.200000000000003,11.359961
,2024-12-24,,FRIOZEM ESTEIO CL,,,31.200000000000003,11.359961
202412.0,2024-12-25,36504.0,FRIOZEM ESTEIO CL,Consumidor Livre,SUL,31.200000000000003,10.169588
202412.0,2024-12-25,36504.0,FRIOZEM ESTEIO CL,Consumidor Livre,SUL,31.200000000000003,10.169588
,2024-12-25,,FRIOZEM ESTEIO CL,,,31.200000000000003,10.169588
202412.0,2024-12-26,36504.0,FRIOZEM ESTEIO CL,Consumidor Livre,SUL,31.200000000000003,11.443065
202412.0,2024-12-26,36504.0,FRIOZEM ESTEIO CL,Consumidor Livre,SUL,31.200000000000003,11.443065
,2024-12-26,,FRIOZEM ESTEIO CL,,,31.200000000000003,11.443065
202412.0,2024-12-27,36504.0,FRIOZEM ESTEIO CL,Consumidor Livre,SUL,31.200000000000003,11.065503
202412.0,2024-12-27,36504.0,FRIOZEM ESTEIO CL,Consumidor Livre,SUL,31.200000000000003,11.065503
,2024-12-27,,FRIOZEM ESTEIO CL,,,31.200000000000003,11.065503
202412.0,2024-12-28,36504.0,FRIOZEM ESTEIO CL,Consumidor Livre,SUL,31.200000000000003,10.978519
202412.0,2024-12-28,36504.0,FRIOZEM ESTEIO CL,Consumidor Livre,SUL,31.200000000000003,10.978519
,2024-12-28,,FRIOZEM ESTEIO CL,,,31.200000000000003,10.978519
202412.0,2024-12-29,36504.0,FRIOZEM ESTEIO CL,Consumidor Livre,SUL,31.200000000000003,9.760305
202412.0,2024-12-29,36504.0,FRIOZEM ESTEIO CL,Consumidor Livre,SUL,31.200000000000003,9.760305
,2024-12-29,,FRIOZEM ESTEIO CL,,,31.200000000000003,9.760305
202412.0,2024-12-30,36504.0,FRIOZEM ESTEIO CL,Consumidor Livre,SUL,31.200000000000003,11.844066
202412.0,2024-12-30,36504.0,FRIOZEM ESTEIO CL,Consumidor Livre,SUL,31.200000000000003,11.844066
,2024-12-30,,FRIOZEM ESTEIO CL,,,31.200000000000003,11.844066
202412.0,2024-12-31,36504.0,FRIOZEM ESTEIO CL,Consumidor Livre,SUL,31.200000000000003,10.573726
202412.0,2024-12-31,36504.0,FRIOZEM ESTEIO CL,Consumidor Livre,SUL,31.200000000000003,10.573726
,2024-12-31,,FRIOZEM ESTEIO CL,,,31.200000000000003,10.573726
202501.0,2025-01-01,36504.0,FRIOZEM ESTEIO CL,Consumidor Livre,SUL,31.200000000000003,11.466422
202501.0,2025-01-01,36504.0,FRIOZEM ESTEIO CL,Consumidor Livre,SUL,31.200000000000003,11.466422
,2025-01-01,,FRIOZEM ESTEIO CL,,,31.200000000000003,11.466422
202501.0,2025-01-02,36504.0,FRIOZEM ESTEIO CL,Consumidor Livre,SUL,31.200000000000003,11.483039
202501.0,2025-01-02,36504.0,FRIOZEM ESTEIO CL,Consumidor Livre,SUL,31.200000000000003,11.483039
,2025-01-02,,FRIOZEM ESTEIO CL,,,31.200000000000003,11.483039
202501.0,2025-01-03,36504.0,FRIOZEM ESTEIO CL,Consumidor Livre,SUL,31.200000000000003,10.801812
202501.0,2025-01-03,36504.0,FRIOZEM ESTEIO CL,Consumidor Livre,SUL,31.200000000000003,10.801812
,2025-01-03,,FRIOZEM ESTEIO CL,,,31.200000000000003,10.801812
202501.0,2025-01-04,36504.0,FRIOZEM ESTEIO CL,Consumidor Livre,SUL,31.200000000000003,10.385717
202501.0,2025-01-04,36504.0,FRIOZEM ESTEIO CL,Consumidor Livre,SUL,31.200000000000003,10.385717
,2025-01-04,,FRIOZEM ESTEIO CL,,,31.200000000000003,10.385717
202501.0,2025-01-05,36504.0,FRIOZEM ESTEIO CL,Consumidor Livre,SUL,31.200000000000003,10.804751
202501.0,2025-01-05,36504.0,FRIOZEM ESTEIO CL,Consumidor Livre,SUL,31.200000000000003,10.804751
,2025-01-05,,FRIOZEM ESTEIO CL,,,31.200000000000003,10.804751
202501.0,2025-01-06,36504.0,FRIOZEM ESTEIO CL,Consumidor Livre,SUL,31.200000000000003,10.694546
202501.0,2025-01-06,36504.0,FRIOZEM ESTEIO CL,Consumidor Livre,SUL,31.200000000000003,10.694546
,2025-01-06,,FRIOZEM ESTEIO CL,,,31.200000000000003,10.694546
202501.0,2025-01-07,36504.0,FRIOZEM ESTEIO CL,Consumidor Livre,SUL,31.200000000000003,11.464603
202501.0,2025-01-07,36504.0,FRIOZEM ESTEIO CL,Consumidor Livre,SUL,31.200000000000003,11.464603
,2025-01-07,,FRIOZEM ESTEIO CL,,,31.200000000000003,11.464603
202501.0,2025-01-08,36504.0,FRIOZEM ESTEIO CL,Consumidor Livre,SUL,31.200000000000003,11.191431
202501.0,2025-01-08,36504.0,FRIOZEM ESTEIO CL,Consumidor Livre,SUL,31.200000000000003,11.191431
,2025-01-08,,FRIOZEM ESTEIO CL,,,31.200000000000003,11.191431
202501.0,2025-01-09,36504.0,FRIOZEM ESTEIO CL,Consumidor Livre,SUL,31.200000000000003,11.39129
202501.0,2025-01-09,36504.0,FRIOZEM ESTEIO CL,Consumidor Livre,SUL,31.200000000000003,11.39129
,2025-01-09,,FRIOZEM ESTEIO CL,,,31.200000000000003,11.39129
202501.0,2025-01-10,36504.0,FRIOZEM ESTEIO CL,Consumidor Livre,SUL,31.200000000000003,11.070729
202501.0,2025-01-10,36504.0,FRIOZEM ESTEIO CL,Consumidor Livre,SUL,31.200000000000003,11.070729
,2025-01-10,,FRIOZEM ESTEIO CL,,,31.200000000000003,11.070729
202501.0,2025-01-11,36504.0,FRIOZEM ESTEIO CL,Consumidor Livre,SUL,31.200000000000003,11.287748
202501.0,2025-01-11,36504.0,FRIOZEM ESTEIO CL,Consumidor Livre,SUL,31.200000000000003,11.287748
,2025-01-11,,FRIOZEM ESTEIO CL,,,31.200000000000003,11.287748
202501.0,2025-01-12,36504.0,FRIOZEM ESTEIO CL,Consumidor Livre,SUL,31.200000000000003,10.165406
202501.0,2025-01-12,36504.0,FRIOZEM ESTEIO CL,Consumidor Livre,SUL,31.200000000000003,10.165406
,2025-01-12,,FRIOZEM ESTEIO CL,,,31.200000000000003,10.165406
202501.0,2025-01-13,36504.0,FRIOZEM ESTEIO CL,Consumidor Livre,SUL,31.200000000000003,11.237838
202501.0,2025-01-13,36504.0,FRIOZEM ESTEIO CL,Consumidor Livre,SUL,31.200000000000003,11.237838
,2025-01-13,,FRIOZEM ESTEIO CL,,,31.200000000000003,11.237838
202501.0,2025-01-14,36504.0,FRIOZEM ESTEIO CL,Consumidor Livre,SUL,31.200000000000003,11.496742
202501.0,2025-01-14,36504.0,FRIOZEM ESTEIO CL,Consumidor Livre,SUL,31.200000000000003,11.496742
,2025-01-14,,FRIOZEM ESTEIO CL,,,31.200000000000003,11.496742
202501.0,2025-01-15,36504.0,FRIOZEM ESTEIO CL,Consumidor Livre,SUL,31.200000000000003,11.610264
202501.0,2025-01-15,36504.0,FRIOZEM ESTEIO CL,Consumidor Livre,SUL,31.200000000000003,11.610264
,2025-01-15,,FRIOZEM ESTEIO CL,,,31.200000000000003,11.610264
202501.0,2025-01-16,36504.0,FRIOZEM ESTEIO CL,Consumidor Livre,SUL,31.200000000000003,11.847258
202501.0,2025-01-16,36504.0,FRIOZEM ESTEIO CL,Consumidor Livre,SUL,31.200000000000003,11.847258
,2025-01-16,,FRIOZEM ESTEIO CL,,,31.200000000000003,11.847258
202501.0,2025-01-17,36504.0,FRIOZEM ESTEIO CL,Consumidor Livre,SUL,31.200000000000003,12.198117
202501.0,2025-01-17,36504.0,FRIOZEM ESTEIO CL,Consumidor Livre,SUL,31.200000000000003,12.198117
,2025-01-17,,FRIOZEM ESTEIO CL,,,31.200000000000003,12.198117
202501.0,2025-01-18,36504.0,FRIOZEM ESTEIO CL,Consumidor Livre,SUL,31.200000000000003,11.577765
202501.0,2025-01-18,36504.0,FRIOZEM ESTEIO CL,Consumidor Livre,SUL,31.200000000000003,11.577765
,2025-01-18,,FRIOZEM ESTEIO CL,,,31.200000000000003,11.577765
202501.0,2025-01-19,36504.0,FRIOZEM ESTEIO CL,Consumidor Livre,SUL,31.200000000000003,8.698397
202501.0,2025-01-19,36504.0,FRIOZEM ESTEIO CL,Consumidor Livre,SUL,31.200000000000003,8.698397
,2025-01-19,,FRIOZEM ESTEIO CL,,,31.200000000000003,8.698397
202501.0,2025-01-20,36504.0,FRIOZEM ESTEIO CL,Consumidor Livre,SUL,31.200000000000003,11.414443
202501.0,2025-01-20,36504.0,FRIOZEM ESTEIO CL,Consumidor Livre,SUL,31.200000000000003,11.414443
,2025-01-20,,FRIOZEM ESTEIO CL,,,31.200000000000003,11.414443
202501.0,2025-01-21,36504.0,FRIOZEM ESTEIO CL,Consumidor Livre,SUL,31.200000000000003,12.29795
202501.0,2025-01-21,36504.0,FRIOZEM ESTEIO CL,Consumidor Livre,SUL,31.200000000000003,12.29795
,2025-01-21,,FRIOZEM ESTEIO CL,,,31.200000000000003,12.29795
202501.0,2025-01-22,36504.0,FRIOZEM ESTEIO CL,Consumidor Livre,SUL,31.200000000000003,12.183403
202501.0,2025-01-22,36504.0,FRIOZEM ESTEIO CL,Consumidor Livre,SUL,31.200000000000003,12.183403
,2025-01-22,,FRIOZEM ESTEIO CL,,,31.200000000000003,12.183403
202501.0,2025-01-23,36504.0,FRIOZEM ESTEIO CL,Consumidor Livre,SUL,31.200000000000003,12.557783
202501.0,2025-01-23,36504.0,FRIOZEM ESTEIO CL,Consumidor Livre,SUL,31.200000000000003,12.557783
,2025-01-23,,FRIOZEM ESTEIO CL,,,31.200000000000003,12.557783
202501.0,2025-01-24,36504.0,FRIOZEM ESTEIO CL,Consumidor Livre,SUL,31.200000000000003,11.959632
202501.0,2025-01-24,36504.0,FRIOZEM ESTEIO CL,Consumidor Livre,SUL,31.200000000000003,11.959632
,2025-01-24,,FRIOZEM ESTEIO CL,,,31.200000000000003,11.959632
202501.0,2025-01-25,36504.0,FRIOZEM ESTEIO CL,Consumidor Livre,SUL,31.200000000000003,11.554357
202501.0,2025-01-25,36504.0,FRIOZEM ESTEIO CL,Consumidor Livre,SUL,31.200000000000003,11.554357
,2025-01-25,,FRIOZEM ESTEIO CL,,,31.200000000000003,11.554357
202501.0,2025-01-26,36504.0,FRIOZEM ESTEIO CL,Consumidor Livre,SUL,31.200000000000003,10.962122
202501.0,2025-01-26,36504.0,FRIOZEM ESTEIO CL,Consumidor Livre,SUL,31.200000000000003,10.962122
,2025-01-26,,FRIOZEM ESTEIO CL,,,31.200000000000003,10.962122
202501.0,2025-01-27,36504.0,FRIOZEM ESTEIO CL,Consumidor Livre,SUL,31.200000000000003,11.900333
202501.0,2025-01-27,36504.0,FRIOZEM ESTEIO CL,Consumidor Livre,SUL,31.200000000000003,11.900333
,2025-01-27,,FRIOZEM ESTEIO CL,,,31.200000000000003,11.900333
202501.0,2025-01-28,36504.0,FRIOZEM ESTEIO CL,Consumidor Livre,SUL,31.200000000000003,11.295548
202501.0,2025-01-28,36504.0,FRIOZEM ESTEIO CL,Consumidor Livre,SUL,31.200000000000003,11.295548
,2025-01-28,,FRIOZEM ESTEIO CL,,,31.200000000000003,11.295548
202501.0,2025-01-29,36504.0,FRIOZEM ESTEIO CL,Consumidor Livre,SUL,31.200000000000003,12.28643
202501.0,2025-01-29,36504.0,FRIOZEM ESTEIO CL,Consumidor Livre,SUL,31.200000000000003,12.28643
,2025-01-29,,FRIOZEM ESTEIO CL,,,31.200000000000003,12.28643
202501.0,2025-01-30,36504.0,FRIOZEM ESTEIO CL,Consumidor Livre,SUL,31.200000000000003,11.601434
202501.0,2025-01-30,36504.0,FRIOZEM ESTEIO CL,Consumidor Livre,SUL,31.200000000000003,11.601434
,2025-01-30,,FRIOZEM ESTEIO CL,,,31.200000000000003,11.601434
202501.0,2025-01-31,36504.0,FRIOZEM ESTEIO CL,Consumidor Livre,SUL,31.200000000000003,11.863518
202501.0,2025-01-31,36504.0,FRIOZEM ESTEIO CL,Consumidor Livre,SUL,31.200000000000003,11.863518
,2025-01-31,,FRIOZEM ESTEIO CL,,,31.200000000000003,11.863518
202502.0,2025-02-01,36504.0,FRIOZEM ESTEIO CL,Consumidor Livre,SUL,31.200000000000003,10.825392
202502.0,2025-02-01,36504.0,FRIOZEM ESTEIO CL,Consumidor Livre,SUL,31.200000000000003,10.825392
,2025-02-01,,FRIOZEM ESTEIO CL,,,31.200000000000003,10.825392
202502.0,2025-02-02,36504.0,FRIOZEM ESTEIO CL,Consumidor Livre,SUL,31.200000000000003,11.2092
202502.0,2025-02-02,36504.0,FRIOZEM ESTEIO CL,Consumidor Livre,SUL,31.200000000000003,11.2092
,2025-02-02,,FRIOZEM ESTEIO CL,,,31.200000000000003,11.2092
202502.0,2025-02-03,36504.0,FRIOZEM ESTEIO CL,Consumidor Livre,SUL,31.200000000000003,12.359832
202502.0,2025-02-03,36504.0,FRIOZEM ESTEIO CL,Consumidor Livre,SUL,31.200000000000003,12.359832
,2025-02-03,,FRIOZEM ESTEIO CL,,,31.200000000000003,12.359832
202502.0,2025-02-04,36504.0,FRIOZEM ESTEIO CL,Consumidor Livre,SUL,31.200000000000003,12.311073
202502.0,2025-02-04,36504.0,FRIOZEM ESTEIO CL,Consumidor Livre,SUL,31.200000000000003,12.311073
,2025-02-04,,FRIOZEM ESTEIO CL,,,31.200000000000003,12.311073
202502.0,2025-02-05,36504.0,FRIOZEM ESTEIO CL,Consumidor Livre,SUL,31.200000000000003,12.537625
202502.0,2025-02-05,36504.0,FRIOZEM ESTEIO CL,Consumidor Livre,SUL,31.200000000000003,12.537625
,2025-02-05,,FRIOZEM ESTEIO CL,,,31.200000000000003,12.537625
202502.0,2025-02-06,36504.0,FRIOZEM ESTEIO CL,Consumidor Livre,SUL,31.200000000000003,12.320014
202502.0,2025-02-06,36504.0,FRIOZEM ESTEIO CL,Consumidor Livre,SUL,31.200000000000003,12.320014
,2025-02-06,,FRIOZEM ESTEIO CL,,,31.200000000000003,12.320014
202502.0,2025-02-07,36504.0,FRIOZEM ESTEIO CL,Consumidor Livre,SUL,31.200000000000003,12.18932
202502.0,2025-02-07,36504.0,FRIOZEM ESTEIO CL,Consumidor Livre,SUL,31.200000000000003,12.18932
,2025-02-07,,FRIOZEM ESTEIO CL,,,31.200000000000003,12.18932
202502.0,2025-02-08,36504.0,FRIOZEM ESTEIO CL,Consumidor Livre,SUL,31.200000000000003,11.55839
202502.0,2025-02-08,36504.0,FRIOZEM ESTEIO CL,Consumidor Livre,SUL,31.200000000000003,11.55839
,2025-02-08,,FRIOZEM ESTEIO CL,,,31.200000000000003,11.55839
202502.0,2025-02-09,36504.0,FRIOZEM ESTEIO CL,Consumidor Livre,SUL,31.200000000000003,11.300403
202502.0,2025-02-09,36504.0,FRIOZEM ESTEIO CL,Consumidor Livre,SUL,31.200000000000003,11.300403
,2025-02-09,,FRIOZEM ESTEIO CL,,,31.200000000000003,11.300403
202502.0,2025-02-10,36504.0,FRIOZEM ESTEIO CL,Consumidor Livre,SUL,31.200000000000003,11.951891
202502.0,2025-02-10,36504.0,FRIOZEM ESTEIO CL,Consumidor Livre,SUL,31.200000000000003,11.951891
,2025-02-10,,FRIOZEM ESTEIO CL,,,31.200000000000003,11.951891
202502.0,2025-02-11,36504.0,FRIOZEM ESTEIO CL,Consumidor Livre,SUL,31.200000000000003,12.187317
202502.0,2025-02-11,36504.0,FRIOZEM ESTEIO CL,Consumidor Livre,SUL,31.200000000000003,12.187317
,2025-02-11,,FRIOZEM ESTEIO CL,,,31.200000000000003,12.187317
202502.0,2025-02-12,36504.0,FRIOZEM ESTEIO CL,Consumidor Livre,SUL,31.200000000000003,12.019198
202502.0,2025-02-12,36504.0,FRIOZEM ESTEIO CL,Consumidor Livre,SUL,31.200000000000003,12.019198
,2025-02-12,,FRIOZEM ESTEIO CL,,,31.200000000000003,12.019198
202502.0,2025-02-13,36504.0,FRIOZEM ESTEIO CL,Consumidor Livre,SUL,31.200000000000003,11.946718
202502.0,2025-02-13,36504.0,FRIOZEM ESTEIO CL,Consumidor Livre,SUL,31.200000000000003,11.946718
,2025-02-13,,FRIOZEM ESTEIO CL,,,31.200000000000003,11.946718
202502.0,2025-02-14,36504.0,FRIOZEM ESTEIO CL,Consumidor Livre,SUL,31.200000000000003,11.448125
202502.0,2025-02-14,36504.0,FRIOZEM ESTEIO CL,Consumidor Livre,SUL,31.200000000000003,11.448125
,2025-02-14,,FRIOZEM ESTEIO CL,,,31.200000000000003,11.448125
202502.0,2025-02-15,36504.0,FRIOZEM ESTEIO CL,Consumidor Livre,SUL,31.200000000000003,10.594065
202502.0,2025-02-15,36504.0,FRIOZEM ESTEIO CL,Consumidor Livre,SUL,31.200000000000003,10.594065
,2025-02-15,,FRIOZEM ESTEIO CL,,,31.200000000000003,10.594065
202502.0,2025-02-16,36504.0,FRIOZEM ESTEIO CL,Consumidor Livre,SUL,31.200000000000003,11.045693
202502.0,2025-02-16,36504.0,FRIOZEM ESTEIO CL,Consumidor Livre,SUL,31.200000000000003,11.045693
,2025-02-16,,FRIOZEM ESTEIO CL,,,31.200000000000003,11.045693
202502.0,2025-02-17,36504.0,FRIOZEM ESTEIO CL,Consumidor Livre,SUL,31.200000000000003,11.421995
202502.0,2025-02-17,36504.0,FRIOZEM ESTEIO CL,Consumidor Livre,SUL,31.200000000000003,11.421995
,2025-02-17,,FRIOZEM ESTEIO CL,,,31.200000000000003,11.421995
202502.0,2025-02-18,36504.0,FRIOZEM ESTEIO CL,Consumidor Livre,SUL,31.200000000000003,11.09286
202502.0,2025-02-18,36504.0,FRIOZEM ESTEIO CL,Consumidor Livre,SUL,31.200000000000003,11.09286
,2025-02-18,,FRIOZEM ESTEIO CL,,,31.200000000000003,11.09286
202502.0,2025-02-19,36504.0,FRIOZEM ESTEIO CL,Consumidor Livre,SUL,31.200000000000003,11.236603
202502.0,2025-02-19,36504.0,FRIOZEM ESTEIO CL,Consumidor Livre,SUL,31.200000000000003,11.236603
,2025-02-19,,FRIOZEM ESTEIO CL,,,31.200000000000003,11.236603
202502.0,2025-02-20,36504.0,FRIOZEM ESTEIO CL,Consumidor Livre,SUL,31.200000000000003,11.839986
202502.0,2025-02-20,36504.0,FRIOZEM ESTEIO CL,Consumidor Livre,SUL,31.200000000000003,11.839986
,2025-02-20,,FRIOZEM ESTEIO CL,,,31.200000000000003,11.839986
202502.0,2025-02-21,36504.0,FRIOZEM ESTEIO CL,Consumidor Livre,SUL,31.200000000000003,11.758326
202502.0,2025-02-21,36504.0,FRIOZEM ESTEIO CL,Consumidor Livre,SUL,31.200000000000003,11.758326
,2025-02-21,,FRIOZEM ESTEIO CL,,,31.200000000000003,11.758326
202502.0,2025-02-22,36504.0,FRIOZEM ESTEIO CL,Consumidor Livre,SUL,31.200000000000003,11.040374
202502.0,2025-02-22,36504.0,FRIOZEM ESTEIO CL,Consumidor Livre,SUL,31.200000000000003,11.040374
,2025-02-22,,FRIOZEM ESTEIO CL,,,31.200000000000003,11.040374
202502.0,2025-02-23,36504.0,FRIOZEM ESTEIO CL,Consumidor Livre,SUL,31.200000000000003,10.915902
202502.0,2025-02-23,36504.0,FRIOZEM ESTEIO CL,Consumidor Livre,SUL,31.200000000000003,10.915902
,2025-02-23,,FRIOZEM ESTEIO CL,,,31.200000000000003,10.915902
202502.0,2025-02-24,36504.0,FRIOZEM ESTEIO CL,Consumidor Livre,SUL,31.200000000000003,12.197285
202502.0,2025-02-24,36504.0,FRIOZEM ESTEIO CL,Consumidor Livre,SUL,31.200000000000003,12.197285
,2025-02-24,,FRIOZEM ESTEIO CL,,,31.200000000000003,12.197285
202502.0,2025-02-25,36504.0,FRIOZEM ESTEIO CL,Consumidor Livre,SUL,31.200000000000003,12.424168
202502.0,2025-02-25,36504.0,FRIOZEM ESTEIO CL,Consumidor Livre,SUL,31.200000000000003,12.424168
,2025-02-25,,FRIOZEM ESTEIO CL,,,31.200000000000003,12.424168
202502.0,2025-02-26,36504.0,FRIOZEM ESTEIO CL,Consumidor Livre,SUL,31.200000000000003,12.482721
202502.0,2025-02-26,36504.0,FRIOZEM ESTEIO CL,Consumidor Livre,SUL,31.200000000000003,12.482721
,2025-02-26,,FRIOZEM ESTEIO CL,,,31.200000000000003,12.482721
202502.0,2025-02-27,36504.0,FRIOZEM ESTEIO CL,Consumidor Livre,SUL,31.200000000000003,12.329036
202502.0,2025-02-27,36504.0,FRIOZEM ESTEIO CL,Consumidor Livre,SUL,31.200000000000003,12.329036
,2025-02-27,,FRIOZEM ESTEIO CL,,,31.200000000000003,12.329036
202502.0,2025-02-28,36504.0,FRIOZEM ESTEIO CL,Consumidor Livre,SUL,31.200000000000003,11.873398
202502.0,2025-02-28,36504.0,FRIOZEM ESTEIO CL,Consumidor Livre,SUL,31.200000000000003,11.873398
,2025-02-28,,FRIOZEM ESTEIO CL,,,31.200000000000003,11.873398
202503.0,2025-03-01,36504.0,FRIOZEM ESTEIO CL,Consumidor Livre,SUL,31.200000000000003,11.535042
202503.0,2025-03-01,36504.0,FRIOZEM ESTEIO CL,Consumidor Livre,SUL,31.200000000000003,11.535042
,2025-03-01,,FRIOZEM ESTEIO CL,,,31.200000000000003,11.535042
202503.0,2025-03-02,36504.0,FRIOZEM ESTEIO CL,Consumidor Livre,SUL,31.200000000000003,10.971546
202503.0,2025-03-02,36504.0,FRIOZEM ESTEIO CL,Consumidor Livre,SUL,31.200000000000003,10.971546
,2025-03-02,,FRIOZEM ESTEIO CL,,,31.200000000000003,10.971546
202503.0,2025-03-03,36504.0,FRIOZEM ESTEIO CL,Consumidor Livre,SUL,31.200000000000003,12.277198
202503.0,2025-03-03,36504.0,FRIOZEM ESTEIO CL,Consumidor Livre,SUL,31.200000000000003,12.277198
,2025-03-03,,FRIOZEM ESTEIO CL,,,31.200000000000003,12.277198
202503.0,2025-03-04,36504.0,FRIOZEM ESTEIO CL,Consumidor Livre,SUL,31.200000000000003,11.999602
202503.0,2025-03-04,36504.0,FRIOZEM ESTEIO CL,Consumidor Livre,SUL,31.200000000000003,11.999602
,2025-03-04,,FRIOZEM ESTEIO CL,,,31.200000000000003,11.999602
202503.0,2025-03-05,36504.0,FRIOZEM ESTEIO CL,Consumidor Livre,SUL,31.200000000000003,12.177114
202503.0,2025-03-05,36504.0,FRIOZEM ESTEIO CL,Consumidor Livre,SUL,31.200000000000003,12.177114
,2025-03-05,,FRIOZEM ESTEIO CL,,,31.200000000000003,12.177114
202503.0,2025-03-06,36504.0,FRIOZEM ESTEIO CL,Consumidor Livre,SUL,31.200000000000003,12.207521
202503.0,2025-03-06,36504.0,FRIOZEM ESTEIO CL,Consumidor Livre,SUL,31.200000000000003,12.207521
,2025-03-06,,FRIOZEM ESTEIO CL,,,31.200000000000003,12.207521
202503.0,2025-03-07,36504.0,FRIOZEM ESTEIO CL,Consumidor Livre,SUL,31.200000000000003,12.077608
202503.0,2025-03-07,36504.0,FRIOZEM ESTEIO CL,Consumidor Livre,SUL,31.200000000000003,12.077608
,2025-03-07,,FRIOZEM ESTEIO CL,,,31.200000000000003,12.077608
202503.0,2025-03-08,36504.0,FRIOZEM ESTEIO CL,Consumidor Livre,SUL,31.200000000000003,11.480152
202503.0,2025-03-08,36504.0,FRIOZEM ESTEIO CL,Consumidor Livre,SUL,31.200000000000003,11.480152
,2025-03-08,,FRIOZEM ESTEIO CL,,,31.200000000000003,11.480152
202503.0,2025-03-09,36504.0,FRIOZEM ESTEIO CL,Consumidor Livre,SUL,31.200000000000003,7.374459
202503.0,2025-03-09,36504.0,FRIOZEM ESTEIO CL,Consumidor Livre,SUL,31.200000000000003,7.374459
,2025-03-09,,FRIOZEM ESTEIO CL,,,31.200000000000003,7.374459
202503.0,2025-03-10,36504.0,FRIOZEM ESTEIO CL,Consumidor Livre,SUL,31.200000000000003,10.381047
202503.0,2025-03-10,36504.0,FRIOZEM ESTEIO CL,Consumidor Livre,SUL,31.200000000000003,10.381047
,2025-03-10,,FRIOZEM ESTEIO CL,,,31.200000000000003,10.381047
202503.0,2025-03-11,36504.0,FRIOZEM ESTEIO CL,Consumidor Livre,SUL,31.200000000000003,10.403746
202503.0,2025-03-11,36504.0,FRIOZEM ESTEIO CL,Consumidor Livre,SUL,31.200000000000003,10.403746
,2025-03-11,,FRIOZEM ESTEIO CL,,,31.200000000000003,10.403746
202503.0,2025-03-12,36504.0,FRIOZEM ESTEIO CL,Consumidor Livre,SUL,31.200000000000003,10.278114
202503.0,2025-03-12,36504.0,FRIOZEM ESTEIO CL,Consumidor Livre,SUL,31.200000000000003,10.278114
,2025-03-12,,FRIOZEM ESTEIO CL,,,31.200000000000003,10.278114
202503.0,2025-03-13,36504.0,FRIOZEM ESTEIO CL,Consumidor Livre,SUL,31.200000000000003,10.267743
202503.0,2025-03-13,36504.0,FRIOZEM ESTEIO CL,Consumidor Livre,SUL,31.200000000000003,10.267743
,2025-03-13,,FRIOZEM ESTEIO CL,,,31.200000000000003,10.267743
202503.0,2025-03-14,36504.0,FRIOZEM ESTEIO CL,Consumidor Livre,SUL,31.200000000000003,10.045037
202503.0,2025-03-14,36504.0,FRIOZEM ESTEIO CL,Consumidor Livre,SUL,31.200000000000003,10.045037
,2025-03-14,,FRIOZEM ESTEIO CL,,,31.200000000000003,10.045037
202503.0,2025-03-15,36504.0,FRIOZEM ESTEIO CL,Consumidor Livre,SUL,31.200000000000003,9.830717
202503.0,2025-03-15,36504.0,FRIOZEM ESTEIO CL,Consumidor Livre,SUL,31.200000000000003,9.830717
,2025-03-15,,FRIOZEM ESTEIO CL,,,31.200000000000003,9.830717
202503.0,2025-03-16,36504.0,FRIOZEM ESTEIO CL,Consumidor Livre,SUL,31.200000000000003,9.358602
202503.0,2025-03-16,36504.0,FRIOZEM ESTEIO CL,Consumidor Livre,SUL,31.200000000000003,9.358602
,2025-03-16,,FRIOZEM ESTEIO CL,,,31.200000000000003,9.358602
202503.0,2025-03-17,36504.0,FRIOZEM ESTEIO CL,Consumidor Livre,SUL,31.200000000000003,10.832489
202503.0,2025-03-17,36504.0,FRIOZEM ESTEIO CL,Consumidor Livre,SUL,31.200000000000003,10.832489
,2025-03-17,,FRIOZEM ESTEIO CL,,,31.200000000000003,10.832489
202503.0,2025-03-18,36504.0,FRIOZEM ESTEIO CL,Consumidor Livre,SUL,31.200000000000003,10.441115
202503.0,2025-03-18,36504.0,FRIOZEM ESTEIO CL,Consumidor Livre,SUL,31.200000000000003,10.441115
,2025-03-18,,FRIOZEM ESTEIO CL,,,31.200000000000003,10.441115
202503.0,2025-03-19,36504.0,FRIOZEM ESTEIO CL,Consumidor Livre,SUL,31.200000000000003,10.564908
202503.0,2025-03-19,36504.0,FRIOZEM ESTEIO CL,Consumidor Livre,SUL,31.200000000000003,10.564908
,2025-03-19,,FRIOZEM ESTEIO CL,,,31.200000000000003,10.564908
202503.0,2025-03-20,36504.0,FRIOZEM ESTEIO CL,Consumidor Livre,SUL,31.200000000000003,9.397678
202503.0,2025-03-20,36504.0,FRIOZEM ESTEIO CL,Consumidor Livre,SUL,31.200000000000003,9.397678
,2025-03-20,,FRIOZEM ESTEIO CL,,,31.200000000000003,9.397678
202503.0,2025-03-21,36504.0,FRIOZEM ESTEIO CL,Consumidor Livre,SUL,31.200000000000003,10.020026
202503.0,2025-03-21,36504.0,FRIOZEM ESTEIO CL,Consumidor Livre,SUL,31.200000000000003,10.020026
,2025-03-21,,FRIOZEM ESTEIO CL,,,31.200000000000003,10.020026
202503.0,2025-03-22,36504.0,FRIOZEM ESTEIO CL,Consumidor Livre,SUL,31.200000000000003,9.737491
202503.0,2025-03-22,36504.0,FRIOZEM ESTEIO CL,Consumidor Livre,SUL,31.200000000000003,9.737491
,2025-03-22,,FRIOZEM ESTEIO CL,,,31.200000000000003,9.737491
202503.0,2025-03-23,36504.0,FRIOZEM ESTEIO CL,Consumidor Livre,SUL,31.200000000000003,8.426669
202503.0,2025-03-23,36504.0,FRIOZEM ESTEIO CL,Consumidor Livre,SUL,31.200000000000003,8.426669
,2025-03-23,,FRIOZEM ESTEIO CL,,,31.200000000000003,8.426669
202503.0,2025-03-24,36504.0,FRIOZEM ESTEIO CL,Consumidor Livre,SUL,31.200000000000003,10.119432
202503.0,2025-03-24,36504.0,FRIOZEM ESTEIO CL,Consumidor Livre,SUL,31.200000000000003,10.119432
,2025-03-24,,FRIOZEM ESTEIO CL,,,31.200000000000003,10.119432
202503.0,2025-03-25,36504.0,FRIOZEM ESTEIO CL,Consumidor Livre,SUL,31.200000000000003,10.25358
202503.0,2025-03-25,36504.0,FRIOZEM ESTEIO CL,Consumidor Livre,SUL,31.200000000000003,10.25358
,2025-03-25,,FRIOZEM ESTEIO CL,,,31.200000000000003,10.25358
202503.0,2025-03-26,36504.0,FRIOZEM ESTEIO CL,Consumidor Livre,SUL,31.200000000000003,10.593302
202503.0,2025-03-26,36504.0,FRIOZEM ESTEIO CL,Consumidor Livre,SUL,31.200000000000003,10.593302
,2025-03-26,,FRIOZEM ESTEIO CL,,,31.200000000000003,10.593302
202503.0,2025-03-27,36504.0,FRIOZEM ESTEIO CL,Consumidor Livre,SUL,31.200000000000003,10.407982
202503.0,2025-03-27,36504.0,FRIOZEM ESTEIO CL,Consumidor Livre,SUL,31.200000000000003,10.407982
,2025-03-27,,FRIOZEM ESTEIO CL,,,31.200000000000003,10.407982
202503.0,2025-03-28,36504.0,FRIOZEM ESTEIO CL,Consumidor Livre,SUL,31.200000000000003,10.664132
202503.0,2025-03-28,36504.0,FRIOZEM ESTEIO CL,Consumidor Livre,SUL,31.200000000000003,10.664132
,2025-03-28,,FRIOZEM ESTEIO CL,,,31.200000000000003,10.664132
202503.0,2025-03-29,36504.0,FRIOZEM ESTEIO CL,Consumidor Livre,SUL,31.200000000000003,9.001863
202503.0,2025-03-29,36504.0,FRIOZEM ESTEIO CL,Consumidor Livre,SUL,31.200000000000003,9.001863
,2025-03-29,,FRIOZEM ESTEIO CL,,,31.200000000000003,9.001863
202503.0,2025-03-30,36504.0,FRIOZEM ESTEIO CL,Consumidor Livre,SUL,31.200000000000003,9.969374
202503.0,2025-03-30,36504.0,FRIOZEM ESTEIO CL,Consumidor Livre,SUL,31.200000000000003,9.969374
,2025-03-30,,FRIOZEM ESTEIO CL,,,31.200000000000003,9.969374
202503.0,2025-03-31,36504.0,FRIOZEM ESTEIO CL,Consumidor Livre,SUL,31.200000000000003,10.752554
202503.0,2025-03-31,36504.0,FRIOZEM ESTEIO CL,Consumidor Livre,SUL,31.200000000000003,10.752554
,2025-03-31,,FRIOZEM ESTEIO CL,,,31.200000000000003,10.752554
202504.0,2025-04-01,36504.0,FRIOZEM ESTEIO CL,Consumidor Livre,SUL,31.200000000000003,10.393398
202504.0,2025-04-01,36504.0,FRIOZEM ESTEIO CL,Consumidor Livre,SUL,31.200000000000003,10.393398
,2025-04-01,,FRIOZEM ESTEIO CL,,,31.200000000000003,10.393398
202504.0,2025-04-02,36504.0,FRIOZEM ESTEIO CL,Consumidor Livre,SUL,31.200000000000003,11.166704
202504.0,2025-04-02,36504.0,FRIOZEM ESTEIO CL,Consumidor Livre,SUL,31.200000000000003,11.166704
,2025-04-02,,FRIOZEM ESTEIO CL,,,31.200000000000003,11.166704
202504.0,2025-04-03,36504.0,FRIOZEM ESTEIO CL,Consumidor Livre,SUL,31.200000000000003,10.672322
202504.0,2025-04-03,36504.0,FRIOZEM ESTEIO CL,Consumidor Livre,SUL,31.200000000000003,10.672322
,2025-04-03,,FRIOZEM ESTEIO CL,,,31.200000000000003,10.672322
202504.0,2025-04-04,36504.0,FRIOZEM ESTEIO CL,Consumidor Livre,SUL,31.200000000000003,9.702221
202504.0,2025-04-04,36504.0,FRIOZEM ESTEIO CL,Consumidor Livre,SUL,31.200000000000003,9.702221
,2025-04-04,,FRIOZEM ESTEIO CL,,,31.200000000000003,9.702221
202504.0,2025-04-05,36504.0,FRIOZEM ESTEIO CL,Consumidor Livre,SUL,31.200000000000003,9.115669
202504.0,2025-04-05,36504.0,FRIOZEM ESTEIO CL,Consumidor Livre,SUL,31.200000000000003,9.115669
,2025-04-05,,FRIOZEM ESTEIO CL,,,31.200000000000003,9.115669
202504.0,2025-04-06,36504.0,FRIOZEM ESTEIO CL,Consumidor Livre,SUL,31.200000000000003,7.075126
202504.0,2025-04-06,36504.0,FRIOZEM ESTEIO CL,Consumidor Livre,SUL,31.200000000000003,7.075126
,2025-04-06,,FRIOZEM ESTEIO CL,,,31.200000000000003,7.075126
202504.0,2025-04-07,36504.0,FRIOZEM ESTEIO CL,Consumidor Livre,SUL,31.200000000000003,9.424966
202504.0,2025-04-07,36504.0,FRIOZEM ESTEIO CL,Consumidor Livre,SUL,31.200000000000003,9.424966
,2025-04-07,,FRIOZEM ESTEIO CL,,,31.200000000000003,9.424966
202504.0,2025-04-08,36504.0,FRIOZEM ESTEIO CL,Consumidor Livre,SUL,31.200000000000003,9.970814
202504.0,2025-04-08,36504.0,FRIOZEM ESTEIO CL,Consumidor Livre,SUL,31.200000000000003,9.970814
,2025-04-08,,FRIOZEM ESTEIO CL,,,31.200000000000003,9.970814
202504.0,2025-04-09,36504.0,FRIOZEM ESTEIO CL,Consumidor Livre,SUL,31.200000000000003,9.427566
202504.0,2025-04-09,36504.0,FRIOZEM ESTEIO CL,Consumidor Livre,SUL,31.200000000000003,9.427566
,2025-04-09,,FRIOZEM ESTEIO CL,,,31.200000000000003,9.427566
202504.0,2025-04-10,36504.0,FRIOZEM ESTEIO CL,Consumidor Livre,SUL,31.200000000000003,9.838002
202504.0,2025-04-10,36504.0,FRIOZEM ESTEIO CL,Consumidor Livre,SUL,31.200000000000003,9.838002
,2025-04-10,,FRIOZEM ESTEIO CL,,,31.200000000000003,9.838002
202504.0,2025-04-11,36504.0,FRIOZEM ESTEIO CL,Consumidor Livre,SUL,31.200000000000003,9.182236
202504.0,2025-04-11,36504.0,FRIOZEM ESTEIO CL,Consumidor Livre,SUL,31.200000000000003,9.182236
,2025-04-11,,FRIOZEM ESTEIO CL,,,31.200000000000003,9.182236
202504.0,2025-04-12,36504.0,FRIOZEM ESTEIO CL,Consumidor Livre,SUL,31.200000000000003,9.138061
202504.0,2025-04-12,36504.0,FRIOZEM ESTEIO CL,Consumidor Livre,SUL,31.200000000000003,9.138061
,2025-04-12,,FRIOZEM ESTEIO CL,,,31.200000000000003,9.138061
202504.0,2025-04-13,36504.0,FRIOZEM ESTEIO CL,Consumidor Livre,SUL,31.200000000000003,9.303935
202504.0,2025-04-13,36504.0,FRIOZEM ESTEIO CL,Consumidor Livre,SUL,31.200000000000003,9.303935
,2025-04-13,,FRIOZEM ESTEIO CL,,,31.200000000000003,9.303935
202504.0,2025-04-14,36504.0,FRIOZEM ESTEIO CL,Consumidor Livre,SUL,31.200000000000003,8.803537
202504.0,2025-04-14,36504.0,FRIOZEM ESTEIO CL,Consumidor Livre,SUL,31.200000000000003,8.803537
,2025-04-14,,FRIOZEM ESTEIO CL,,,31.200000000000003,8.803537
202504.0,2025-04-15,36504.0,FRIOZEM ESTEIO CL,Consumidor Livre,SUL,31.200000000000003,8.273245
202504.0,2025-04-15,36504.0,FRIOZEM ESTEIO CL,Consumidor Livre,SUL,31.200000000000003,8.273245
,2025-04-15,,FRIOZEM ESTEIO CL,,,31.200000000000003,8.273245
202504.0,2025-04-16,36504.0,FRIOZEM ESTEIO CL,Consumidor Livre,SUL,31.200000000000003,9.82728
202504.0,2025-04-16,36504.0,FRIOZEM ESTEIO CL,Consumidor Livre,SUL,31.200000000000003,9.82728
,2025-04-16,,FRIOZEM ESTEIO CL,,,31.200000000000003,9.82728
202504.0,2025-04-17,36504.0,FRIOZEM ESTEIO CL,Consumidor Livre,SUL,31.200000000000003,8.370923
202504.0,2025-04-17,36504.0,FRIOZEM ESTEIO CL,Consumidor Livre,SUL,31.200000000000003,8.370923
,2025-04-17,,FRIOZEM ESTEIO CL,,,31.200000000000003,8.370923
202504.0,2025-04-18,36504.0,FRIOZEM ESTEIO CL,Consumidor Livre,SUL,31.200000000000003,9.364654
202504.0,2025-04-18,36504.0,FRIOZEM ESTEIO CL,Consumidor Livre,SUL,31.200000000000003,9.364654
,2025-04-18,,FRIOZEM ESTEIO CL,,,31.200000000000003,9.364654
202504.0,2025-04-19,36504.0,FRIOZEM ESTEIO CL,Consumidor Livre,SUL,31.200000000000003,8.237806
202504.0,2025-04-19,36504.0,FRIOZEM ESTEIO CL,Consumidor Livre,SUL,31.200000000000003,8.237806
,2025-04-19,,FRIOZEM ESTEIO CL,,,31.200000000000003,8.237806
202504.0,2025-04-20,36504.0,FRIOZEM ESTEIO CL,Consumidor Livre,SUL,31.200000000000003,7.56133
202504.0,2025-04-20,36504.0,FRIOZEM ESTEIO CL,Consumidor Livre,SUL,31.200000000000003,7.56133
,2025-04-20,,FRIOZEM ESTEIO CL,,,31.200000000000003,7.56133
202504.0,2025-04-21,36504.0,FRIOZEM ESTEIO CL,Consumidor Livre,SUL,31.200000000000003,7.582572
202504.0,2025-04-21,36504.0,FRIOZEM ESTEIO CL,Consumidor Livre,SUL,31.200000000000003,7.582572
,2025-04-21,,FRIOZEM ESTEIO CL,,,31.200000000000003,7.582572
202504.0,2025-04-22,36504.0,FRIOZEM ESTEIO CL,Consumidor Livre,SUL,31.200000000000003,8.93283
202504.0,2025-04-22,36504.0,FRIOZEM ESTEIO CL,Consumidor Livre,SUL,31.200000000000003,8.93283
,2025-04-22,,FRIOZEM ESTEIO CL,,,31.200000000000003,8.93283
202504.0,2025-04-23,36504.0,FRIOZEM ESTEIO CL,Consumidor Livre,SUL,31.200000000000003,10.191255
202504.0,2025-04-23,36504.0,FRIOZEM ESTEIO CL,Consumidor Livre,SUL,31.200000000000003,10.191255
,2025-04-23,,FRIOZEM ESTEIO CL,,,31.200000000000003,10.191255
202504.0,2025-04-24,36504.0,FRIOZEM ESTEIO CL,Consumidor Livre,SUL,31.200000000000003,10.237038
202504.0,2025-04-24,36504.0,FRIOZEM ESTEIO CL,Consumidor Livre,SUL,31.200000000000003,10.237038
,2025-04-24,,FRIOZEM ESTEIO CL,,,31.200000000000003,10.237038
202504.0,2025-04-25,36504.0,FRIOZEM ESTEIO CL,Consumidor Livre,SUL,31.200000000000003,10.070202
202504.0,2025-04-25,36504.0,FRIOZEM ESTEIO CL,Consumidor Livre,SUL,31.200000000000003,10.070202
,2025-04-25,,FRIOZEM ESTEIO CL,,,31.200000000000003,10.070202
202504.0,2025-04-26,36504.0,FRIOZEM ESTEIO CL,Consumidor Livre,SUL,31.200000000000003,9.751049
202504.0,2025-04-26,36504.0,FRIOZEM ESTEIO CL,Consumidor Livre,SUL,31.200000000000003,9.751049
,2025-04-26,,FRIOZEM ESTEIO CL,,,31.200000000000003,9.751049
202504.0,2025-04-27,36504.0,FRIOZEM ESTEIO CL,Consumidor Livre,SUL,31.200000000000003,9.974202
202504.0,2025-04-27,36504.0,FRIOZEM ESTEIO CL,Consumidor Livre,SUL,31.200000000000003,9.974202
,2025-04-27,,FRIOZEM ESTEIO CL,,,31.200000000000003,9.974202
202504.0,2025-04-28,36504.0,FRIOZEM ESTEIO CL,Consumidor Livre,SUL,31.200000000000003,9.270868
202504.0,2025-04-28,36504.0,FRIOZEM ESTEIO CL,Consumidor Livre,SUL,31.200000000000003,9.270868
,2025-04-28,,FRIOZEM ESTEIO CL,,,31.200000000000003,9.270868
202504.0,2025-04-29,36504.0,FRIOZEM ESTEIO CL,Consumidor Livre,SUL,31.200000000000003,9.339139
202504.0,2025-04-29,36504.0,FRIOZEM ESTEIO CL,Consumidor Livre,SUL,31.200000000000003,9.339139
,2025-04-29,,FRIOZEM ESTEIO CL,,,31.200000000000003,9.339139
202504.0,2025-04-30,36504.0,FRIOZEM ESTEIO CL,Consumidor Livre,SUL,31.200000000000003,9.155847
202504.0,2025-04-30,36504.0,FRIOZEM ESTEIO CL,Consumidor Livre,SUL,31.200000000000003,9.155847
,2025-04-30,,FRIOZEM ESTEIO CL,,,31.200000000000003,9.155847
202505.0,2025-05-01,36504.0,FRIOZEM ESTEIO CL,Consumidor Livre,SUL,31.200000000000003,8.088363
202505.0,2025-05-01,36504.0,FRIOZEM ESTEIO CL,Consumidor Livre,SUL,31.200000000000003,8.088363
,2025-05-01,,FRIOZEM ESTEIO CL,,,31.200000000000003,8.088363
202505.0,2025-05-02,36504.0,FRIOZEM ESTEIO CL,Consumidor Livre,SUL,31.200000000000003,9.283577
202505.0,2025-05-02,36504.0,FRIOZEM ESTEIO CL,Consumidor Livre,SUL,31.200000000000003,9.283577
,2025-05-02,,FRIOZEM ESTEIO CL,,,31.200000000000003,9.283577
202505.0,2025-05-03,36504.0,FRIOZEM ESTEIO CL,Consumidor Livre,SUL,31.200000000000003,8.524687
202505.0,2025-05-03,36504.0,FRIOZEM ESTEIO CL,Consumidor Livre,SUL,31.200000000000003,8.524687
,2025-05-03,,FRIOZEM ESTEIO CL,,,31.200000000000003,8.524687
202505.0,2025-05-04,36504.0,FRIOZEM ESTEIO CL,Consumidor Livre,SUL,31.200000000000003,8.806905
202505.0,2025-05-04,36504.0,FRIOZEM ESTEIO CL,Consumidor Livre,SUL,31.200000000000003,8.806905
,2025-05-04,,FRIOZEM ESTEIO CL,,,31.200000000000003,8.806905
202505.0,2025-05-05,36504.0,FRIOZEM ESTEIO CL,Consumidor Livre,SUL,31.200000000000003,9.93379
202505.0,2025-05-05,36504.0,FRIOZEM ESTEIO CL,Consumidor Livre,SUL,31.200000000000003,9.93379
,2025-05-05,,FRIOZEM ESTEIO CL,,,31.200000000000003,9.93379
202505.0,2025-05-06,36504.0,FRIOZEM ESTEIO CL,Consumidor Livre,SUL,31.200000000000003,9.335448
202505.0,2025-05-06,36504.0,FRIOZEM ESTEIO CL,Consumidor Livre,SUL,31.200000000000003,9.335448
,2025-05-06,,FRIOZEM ESTEIO CL,,,31.200000000000003,9.335448
202505.0,2025-05-07,36504.0,FRIOZEM ESTEIO CL,Consumidor Livre,SUL,31.200000000000003,10.275806
202505.0,2025-05-07,36504.0,FRIOZEM ESTEIO CL,Consumidor Livre,SUL,31.200000000000003,10.275806
,2025-05-07,,FRIOZEM ESTEIO CL,,,31.200000000000003,10.275806
202505.0,2025-05-08,36504.0,FRIOZEM ESTEIO CL,Consumidor Livre,SUL,31.200000000000003,10.235743
202505.0,2025-05-08,36504.0,FRIOZEM ESTEIO CL,Consumidor Livre,SUL,31.200000000000003,10.235743
,2025-05-08,,FRIOZEM ESTEIO CL,,,31.200000000000003,10.235743
202505.0,2025-05-09,36504.0,FRIOZEM ESTEIO CL,Consumidor Livre,SUL,31.200000000000003,10.05307
202505.0,2025-05-09,36504.0,FRIOZEM ESTEIO CL,Consumidor Livre,SUL,31.200000000000003,10.05307
,2025-05-09,,FRIOZEM ESTEIO CL,,,31.200000000000003,10.05307
202505.0,2025-05-10,36504.0,FRIOZEM ESTEIO CL,Consumidor Livre,SUL,31.200000000000003,9.271098
202505.0,2025-05-10,36504.0,FRIOZEM ESTEIO CL,Consumidor Livre,SUL,31.200000000000003,9.271098
,2025-05-10,,FRIOZEM ESTEIO CL,,,31.200000000000003,9.271098
202505.0,2025-05-11,36504.0,FRIOZEM ESTEIO CL,Consumidor Livre,SUL,31.200000000000003,8.994572
202505.0,2025-05-11,36504.0,FRIOZEM ESTEIO CL,Consumidor Livre,SUL,31.200000000000003,8.994572
,2025-05-11,,FRIOZEM ESTEIO CL,,,31.200000000000003,8.994572
202505.0,2025-05-12,36504.0,FRIOZEM ESTEIO CL,Consumidor Livre,SUL,31.200000000000003,9.070372
202505.0,2025-05-12,36504.0,FRIOZEM ESTEIO CL,Consumidor Livre,SUL,31.200000000000003,9.070372
,2025-05-12,,FRIOZEM ESTEIO CL,,,31.200000000000003,9.070372
202505.0,2025-05-13,36504.0,FRIOZEM ESTEIO CL,Consumidor Livre,SUL,31.200000000000003,9.671046
202505.0,2025-05-13,36504.0,FRIOZEM ESTEIO CL,Consumidor Livre,SUL,31.200000000000003,9.671046
,2025-05-13,,FRIOZEM ESTEIO CL,,,31.200000000000003,9.671046
202505.0,2025-05-14,36504.0,FRIOZEM ESTEIO CL,Consumidor Livre,SUL,31.200000000000003,10.085157
202505.0,2025-05-14,36504.0,FRIOZEM ESTEIO CL,Consumidor Livre,SUL,31.200000000000003,10.085157
,2025-05-14,,FRIOZEM ESTEIO CL,,,31.200000000000003,10.085157
202505.0,2025-05-15,36504.0,FRIOZEM ESTEIO CL,Consumidor Livre,SUL,31.200000000000003,10.026758
202505.0,2025-05-15,36504.0,FRIOZEM ESTEIO CL,Consumidor Livre,SUL,31.200000000000003,10.026758
,2025-05-15,,FRIOZEM ESTEIO CL,,,31.200000000000003,10.026758
202505.0,2025-05-16,36504.0,FRIOZEM ESTEIO CL,Consumidor Livre,SUL,31.200000000000003,9.897422
202505.0,2025-05-16,36504.0,FRIOZEM ESTEIO CL,Consumidor Livre,SUL,31.200000000000003,9.897422
,2025-05-16,,FRIOZEM ESTEIO CL,,,31.200000000000003,9.897422
202505.0,2025-05-17,36504.0,FRIOZEM ESTEIO CL,Consumidor Livre,SUL,31.200000000000003,9.999411
202505.0,2025-05-17,36504.0,FRIOZEM ESTEIO CL,Consumidor Livre,SUL,31.200000000000003,9.999411
,2025-05-17,,FRIOZEM ESTEIO CL,,,31.200000000000003,9.999411
202505.0,2025-05-18,36504.0,FRIOZEM ESTEIO CL,Consumidor Livre,SUL,31.200000000000003,6.986623
202505.0,2025-05-18,36504.0,FRIOZEM ESTEIO CL,Consumidor Livre,SUL,31.200000000000003,6.986623
,2025-05-18,,FRIOZEM ESTEIO CL,,,31.200000000000003,6.986623
202505.0,2025-05-19,36504.0,FRIOZEM ESTEIO CL,Consumidor Livre,SUL,31.200000000000003,9.508162
202505.0,2025-05-19,36504.0,FRIOZEM ESTEIO CL,Consumidor Livre,SUL,31.200000000000003,9.508162
,2025-05-19,,FRIOZEM ESTEIO CL,,,31.200000000000003,9.508162
202505.0,2025-05-20,36504.0,FRIOZEM ESTEIO CL,Consumidor Livre,SUL,31.200000000000003,6.048858
202505.0,2025-05-20,36504.0,FRIOZEM ESTEIO CL,Consumidor Livre,SUL,31.200000000000003,6.048858
,2025-05-20,,FRIOZEM ESTEIO CL,,,31.200000000000003,6.048858
202505.0,2025-05-21,36504.0,FRIOZEM ESTEIO CL,Consumidor Livre,SUL,31.200000000000003,7.303331
202505.0,2025-05-21,36504.0,FRIOZEM ESTEIO CL,Consumidor Livre,SUL,31.200000000000003,7.303331
,2025-05-21,,FRIOZEM ESTEIO CL,,,31.200000000000003,7.303331
202505.0,2025-05-22,36504.0,FRIOZEM ESTEIO CL,Consumidor Livre,SUL,31.200000000000003,7.14511
202505.0,2025-05-22,36504.0,FRIOZEM ESTEIO CL,Consumidor Livre,SUL,31.200000000000003,7.14511
,2025-05-22,,FRIOZEM ESTEIO CL,,,31.200000000000003,7.14511
202505.0,2025-05-23,36504.0,FRIOZEM ESTEIO CL,Consumidor Livre,SUL,31.200000000000003,6.77166
202505.0,2025-05-23,36504.0,FRIOZEM ESTEIO CL,Consumidor Livre,SUL,31.200000000000003,6.77166
,2025-05-23,,FRIOZEM ESTEIO CL,,,31.200000000000003,6.77166
202505.0,2025-05-24,36504.0,FRIOZEM ESTEIO CL,Consumidor Livre,SUL,31.200000000000003,7.014974
202505.0,2025-05-24,36504.0,FRIOZEM ESTEIO CL,Consumidor Livre,SUL,31.200000000000003,7.014974
,2025-05-24,,FRIOZEM ESTEIO CL,,,31.200000000000003,7.014974
202505.0,2025-05-25,36504.0,FRIOZEM ESTEIO CL,Consumidor Livre,SUL,31.200000000000003,7.648098
202505.0,2025-05-25,36504.0,FRIOZEM ESTEIO CL,Consumidor Livre,SUL,31.200000000000003,7.648098
,2025-05-25,,FRIOZEM ESTEIO CL,,,31.200000000000003,7.648098
202505.0,2025-05-26,36504.0,FRIOZEM ESTEIO CL,Consumidor Livre,SUL,31.200000000000003,8.317747
202505.0,2025-05-26,36504.0,FRIOZEM ESTEIO CL,Consumidor Livre,SUL,31.200000000000003,8.317747
,2025-05-26,,FRIOZEM ESTEIO CL,,,31.200000000000003,8.317747
202505.0,2025-05-27,36504.0,FRIOZEM ESTEIO CL,Consumidor Livre,SUL,31.200000000000003,7.720165
202505.0,2025-05-27,36504.0,FRIOZEM ESTEIO CL,Consumidor Livre,SUL,31.200000000000003,7.720165
,2025-05-27,,FRIOZEM ESTEIO CL,,,31.200000000000003,7.720165
202505.0,2025-05-28,36504.0,FRIOZEM ESTEIO CL,Consumidor Livre,SUL,31.200000000000003,7.517458
202505.0,2025-05-28,36504.0,FRIOZEM ESTEIO CL,Consumidor Livre,SUL,31.200000000000003,7.517458
,2025-05-28,,FRIOZEM ESTEIO CL,,,31.200000000000003,7.517458
202505.0,2025-05-29,36504.0,FRIOZEM ESTEIO CL,Consumidor Livre,SUL,31.200000000000003,6.195672
202505.0,2025-05-29,36504.0,FRIOZEM ESTEIO CL,Consumidor Livre,SUL,31.200000000000003,6.195672
,2025-05-29,,FRIOZEM ESTEIO CL,,,31.200000000000003,6.195672
202505.0,2025-05-30,36504.0,FRIOZEM ESTEIO CL,Consumidor Livre,SUL,31.200000000000003,2.405286
202505.0,2025-05-30,36504.0,FRIOZEM ESTEIO CL,Consumidor Livre,SUL,31.200000000000003,2.405286
,2025-05-30,,FRIOZEM ESTEIO CL,,,31.200000000000003,2.405286
202505.0,2025-05-31,36504.0,FRIOZEM ESTEIO CL,Consumidor Livre,SUL,31.200000000000003,1.750629
202505.0,2025-05-31,36504.0,FRIOZEM ESTEIO CL,Consumidor Livre,SUL,31.200000000000003,1.750629
,2025-05-31,,FRIOZEM ESTEIO CL,,,31.200000000000003,1.750629
202506.0,2025-06-01,36504.0,FRIOZEM ESTEIO CL,Consumidor Livre,SUL,31.200000000000003,1.01208
202506.0,2025-06-01,36504.0,FRIOZEM ESTEIO CL,Consumidor Livre,SUL,31.200000000000003,1.01208
,2025-06-01,,FRIOZEM ESTEIO CL,,,31.200000000000003,1.01208
202506.0,2025-06-02,36504.0,FRIOZEM ESTEIO CL,Consumidor Livre,SUL,31.200000000000003,0.926943
202506.0,2025-06-02,36504.0,FRIOZEM ESTEIO CL,Consumidor Livre,SUL,31.200000000000003,0.926943
,2025-06-02,,FRIOZEM ESTEIO CL,,,31.200000000000003,0.926943
202506.0,2025-06-03,36504.0,FRIOZEM ESTEIO CL,Consumidor Livre,SUL,31.200000000000003,0.933553
202506.0,2025-06-03,36504.0,FRIOZEM ESTEIO CL,Consumidor Livre,SUL,31.200000000000003,0.933553
,2025-06-03,,FRIOZEM ESTEIO CL,,,31.200000000000003,0.933553
202506.0,2025-06-04,36504.0,FRIOZEM ESTEIO CL,Consumidor Livre,SUL,31.200000000000003,0.8094589999999999
202506.0,2025-06-04,36504.0,FRIOZEM ESTEIO CL,Consumidor Livre,SUL,31.200000000000003,0.8094589999999999
,2025-06-04,,FRIOZEM ESTEIO CL,,,31.200000000000003,0.8094589999999999
202506.0,2025-06-05,36504.0,FRIOZEM ESTEIO CL,Consumidor Livre,SUL,31.200000000000003,0.687349
202506.0,2025-06-05,36504.0,FRIOZEM ESTEIO CL,Consumidor Livre,SUL,31.200000000000003,0.687349
,2025-06-05,,FRIOZEM ESTEIO CL,,,31.200000000000003,0.687349
202506.0,2025-06-06,36504.0,FRIOZEM ESTEIO CL,Consumidor Livre,SUL,31.200000000000003,0.622221
202506.0,2025-06-06,36504.0,FRIOZEM ESTEIO CL,Consumidor Livre,SUL,31.200000000000003,0.622221
,2025-06-06,,FRIOZEM ESTEIO CL,,,31.200000000000003,0.622221
202506.0,2025-06-07,36504.0,FRIOZEM ESTEIO CL,Consumidor Livre,SUL,31.200000000000003,0.563815
202506.0,2025-06-07,36504.0,FRIOZEM ESTEIO CL,Consumidor Livre,SUL,31.200000000000003,0.563815
,2025-06-07,,FRIOZEM ESTEIO CL,,,31.200000000000003,0.563815
202506.0,2025-06-08,36504.0,FRIOZEM ESTEIO CL,Consumidor Livre,SUL,31.200000000000003,0.600352
202506.0,2025-06-08,36504.0,FRIOZEM ESTEIO CL,Consumidor Livre,SUL,31.200000000000003,0.600352
,2025-06-08,,FRIOZEM ESTEIO CL,,,31.200000000000003,0.600352
202506.0,2025-06-09,36504.0,FRIOZEM ESTEIO CL,Consumidor Livre,SUL,31.200000000000003,0.56065
202506.0,2025-06-09,36504.0,FRIOZEM ESTEIO CL,Consumidor Livre,SUL,31.200000000000003,0.56065
,2025-06-09,,FRIOZEM ESTEIO CL,,,31.200000000000003,0.56065
202506.0,2025-06-10,36504.0,FRIOZEM ESTEIO CL,Consumidor Livre,SUL,31.200000000000003,0.540207
202506.0,2025-06-10,36504.0,FRIOZEM ESTEIO CL,Consumidor Livre,SUL,31.200000000000003,0.540207
,2025-06-10,,FRIOZEM ESTEIO CL,,,31.200000000000003,0.540207
202506.0,2025-06-11,36504.0,FRIOZEM ESTEIO CL,Consumidor Livre,SUL,31.200000000000003,0.548938
202506.0,2025-06-11,36504.0,FRIOZEM ESTEIO CL,Consumidor Livre,SUL,31.200000000000003,0.548938
,2025-06-11,,FRIOZEM ESTEIO CL,,,31.200000000000003,0.548938
202506.0,2025-06-12,36504.0,FRIOZEM ESTEIO CL,Consumidor Livre,SUL,31.200000000000003,0.524554
202506.0,2025-06-12,36504.0,FRIOZEM ESTEIO CL,Consumidor Livre,SUL,31.200000000000003,0.524554
,2025-06-12,,FRIOZEM ESTEIO CL,,,31.200000000000003,0.524554
202506.0,2025-06-13,36504.0,FRIOZEM ESTEIO CL,Consumidor Livre,SUL,31.200000000000003,0.498465
202506.0,2025-06-13,36504.0,FRIOZEM ESTEIO CL,Consumidor Livre,SUL,31.200000000000003,0.498465
,2025-06-13,,FRIOZEM ESTEIO CL,,,31.200000000000003,0.498465
202506.0,2025-06-14,36504.0,FRIOZEM ESTEIO CL,Consumidor Livre,SUL,31.200000000000003,0.475344
202506.0,2025-06-14,36504.0,FRIOZEM ESTEIO CL,Consumidor Livre,SUL,31.200000000000003,0.475344
,2025-06-14,,FRIOZEM ESTEIO CL,,,31.200000000000003,0.475344
202506.0,2025-06-15,36504.0,FRIOZEM ESTEIO CL,Consumidor Livre,SUL,31.200000000000003,0.412249
202506.0,2025-06-15,36504.0,FRIOZEM ESTEIO CL,Consumidor Livre,SUL,31.200000000000003,0.412249
,2025-06-15,,FRIOZEM ESTEIO CL,,,31.200000000000003,0.412249
202506.0,2025-06-16,36504.0,FRIOZEM ESTEIO CL,Consumidor Livre,SUL,31.200000000000003,0.365542
202506.0,2025-06-16,36504.0,FRIOZEM ESTEIO CL,Consumidor Livre,SUL,31.200000000000003,0.365542
,2025-06-16,,FRIOZEM ESTEIO CL,,,31.200000000000003,0.365542
202506.0,2025-06-17,36504.0,FRIOZEM ESTEIO CL,Consumidor Livre,SUL,31.200000000000003,0.136969
202506.0,2025-06-17,36504.0,FRIOZEM ESTEIO CL,Consumidor Livre,SUL,31.200000000000003,0.136969
,2025-06-17,,FRIOZEM ESTEIO CL,,,31.200000000000003,0.136969
202506.0,2025-06-18,36504.0,FRIOZEM ESTEIO CL,Consumidor Livre,SUL,31.200000000000003,0.166642
202506.0,2025-06-18,36504.0,FRIOZEM ESTEIO CL,Consumidor Livre,SUL,31.200000000000003,0.166642
,2025-06-18,,FRIOZEM ESTEIO CL,,,31.200000000000003,0.166642
202506.0,2025-06-19,36504.0,FRIOZEM ESTEIO CL,Consumidor Livre,SUL,31.200000000000003,0.496324
202506.0,2025-06-19,36504.0,FRIOZEM ESTEIO CL,Consumidor Livre,SUL,31.200000000000003,0.496324
,2025-06-19,,FRIOZEM ESTEIO CL,,,31.200000000000003,0.496324
202506.0,2025-06-20,36504.0,FRIOZEM ESTEIO CL,Consumidor Livre,SUL,31.200000000000003,0.543123
202506.0,2025-06-20,36504.0,FRIOZEM ESTEIO CL,Consumidor Livre,SUL,31.200000000000003,0.543123
,2025-06-20,,FRIOZEM ESTEIO CL,,,31.200000000000003,0.543123
202506.0,2025-06-21,36504.0,FRIOZEM ESTEIO CL,Consumidor Livre,SUL,31.200000000000003,0.536858
202506.0,2025-06-21,36504.0,FRIOZEM ESTEIO CL,Consumidor Livre,SUL,31.200000000000003,0.536858
,2025-06-21,,FRIOZEM ESTEIO CL,,,31.200000000000003,0.536858
202506.0,2025-06-22,36504.0,FRIOZEM ESTEIO CL,Consumidor Livre,SUL,31.200000000000003,0.376896
202506.0,2025-06-22,36504.0,FRIOZEM ESTEIO CL,Consumidor Livre,SUL,31.200000000000003,0.376896
,2025-06-22,,FRIOZEM ESTEIO CL,,,31.200000000000003,0.376896
202506.0,2025-06-23,36504.0,FRIOZEM ESTEIO CL,Consumidor Livre,SUL,31.200000000000003,0.505504
202506.0,2025-06-23,36504.0,FRIOZEM ESTEIO CL,Consumidor Livre,SUL,31.200000000000003,0.505504
,2025-06-23,,FRIOZEM ESTEIO CL,,,31.200000000000003,0.505504
202506.0,2025-06-24,36504.0,FRIOZEM ESTEIO CL,Consumidor Livre,SUL,31.200000000000003,0.520347
202506.0,2025-06-24,36504.0,FRIOZEM ESTEIO CL,Consumidor Livre,SUL,31.200000000000003,0.520347
,2025-06-24,,FRIOZEM ESTEIO CL,,,31.200000000000003,0.520347
202506.0,2025-06-25,36504.0,FRIOZEM ESTEIO CL,Consumidor Livre,SUL,31.200000000000003,0.196983
202506.0,2025-06-25,36504.0,FRIOZEM ESTEIO CL,Consumidor Livre,SUL,31.200000000000003,0.196983
,2025-06-25,,FRIOZEM ESTEIO CL,,,31.200000000000003,0.196983
202506.0,2025-06-26,36504.0,FRIOZEM ESTEIO CL,Consumidor Livre,SUL,31.200000000000003,0.0
202506.0,2025-06-26,36504.0,FRIOZEM ESTEIO CL,Consumidor Livre,SUL,31.200000000000003,0.0
,2025-06-26,,FRIOZEM ESTEIO CL,,,31.200000000000003,0.0
202506.0,2025-06-27,36504.0,FRIOZEM ESTEIO CL,Consumidor Livre,SUL,31.200000000000003,0.0
202506.0,2025-06-27,36504.0,FRIOZEM ESTEIO CL,Consumidor Livre,SUL,31.200000000000003,0.0
,2025-06-27,,FRIOZEM ESTEIO CL,,,31.200000000000003,0.0
202506.0,2025-06-28,36504.0,FRIOZEM ESTEIO CL,Consumidor Livre,SUL,31.200000000000003,0.0
202506.0,2025-06-28,36504.0,FRIOZEM ESTEIO CL,Consumidor Livre,SUL,31.200000000000003,0.0
,2025-06-28,,FRIOZEM ESTEIO CL,,,31.200000000000003,0.0
202506.0,2025-06-29,36504.0,FRIOZEM ESTEIO CL,Consumidor Livre,SUL,31.200000000000003,0.0
202506.0,2025-06-29,36504.0,FRIOZEM ESTEIO CL,Consumidor Livre,SUL,31.200000000000003,0.0
,2025-06-29,,FRIOZEM ESTEIO CL,,,31.200000000000003,0.0
202506.0,2025-06-30,36504.0,FRIOZEM ESTEIO CL,Consumidor Livre,SUL,31.200000000000003,0.0
202506.0,2025-06-30,36504.0,FRIOZEM ESTEIO CL,Consumidor Livre,SUL,31.200000000000003,0.0
,2025-06-30,,FRIOZEM ESTEIO CL,,,31.200000000000003,0.0
