MES_REFERENCIA,DATA,CODIGO_PERFIL_AGENTE,SIGLA_PERFIL_AGENTE,CLASSE_PERFIL_AGENTE,SUBMERCADO,CAPACIDADE_CARGA,CONSUMO_CARGA_ACL
,2023-01-01,46935.0,HTS EXPRESS CL 514,Consumidor Livre,NORTE,12.0,4.42837
,2023-01-02,46935.0,HTS EXPRESS CL 514,Consumidor Livre,NORTE,12.0,4.479754
,2023-01-03,46935.0,HTS EXPRESS CL 514,Consumidor Livre,NORTE,12.0,4.353933
,2023-01-04,46935.0,HTS EXPRESS CL 514,Consumidor Livre,NORTE,12.0,4.578057
,2023-01-05,46935.0,HTS EXPRESS CL 514,Consumidor Livre,NORTE,12.0,4.669702
,2023-01-06,46935.0,HTS EXPRESS CL 514,Consumidor Livre,NORTE,12.0,4.662885
,2023-01-07,46935.0,HTS EXPRESS CL 514,Consumidor Livre,NORTE,12.0,4.752593
,2023-01-08,46935.0,HTS EXPRESS CL 514,Consumidor Livre,NORTE,12.0,4.173443
,2023-01-09,46935.0,HTS EXPRESS CL 514,Consumidor Livre,NORTE,12.0,3.831471
,2023-01-10,46935.0,HTS EXPRESS CL 514,Consumidor Livre,NORTE,12.0,3.619097
,2023-01-11,46935.0,HTS EXPRESS CL 514,Consumidor Livre,NORTE,12.0,3.950082
,2023-01-12,46935.0,HTS EXPRESS CL 514,Consumidor Livre,NORTE,12.0,4.165767
,2023-01-13,46935.0,HTS EXPRESS CL 514,Consumidor Livre,NORTE,12.0,3.813709
,2023-01-14,46935.0,HTS EXPRESS CL 514,Consumidor Livre,NORTE,12.0,3.941341
,2023-01-15,46935.0,HTS EXPRESS CL 514,Consumidor Livre,NORTE,12.0,3.857245
,2023-01-16,46935.0,HTS EXPRESS CL 514,Consumidor Livre,NORTE,12.0,4.165681
,2023-01-17,46935.0,HTS EXPRESS CL 514,Consumidor Livre,NORTE,12.0,3.876102
,2023-01-18,46935.0,HTS EXPRESS CL 514,Consumidor Livre,NORTE,12.0,3.734148
,2023-01-19,46935.0,HTS EXPRESS CL 514,Consumidor Livre,NORTE,12.0,3.757935
,2023-01-20,46935.0,HTS EXPRESS CL 514,Consumidor Livre,NORTE,12.0,3.687972
,2023-01-21,46935.0,HTS EXPRESS CL 514,Consumidor Livre,NORTE,12.0,3.892484
,2023-01-22,46935.0,HTS EXPRESS CL 514,Consumidor Livre,NORTE,12.0,3.628765
,2023-01-23,46935.0,HTS EXPRESS CL 514,Consumidor Livre,NORTE,12.0,3.915765
,2023-01-24,46935.0,HTS EXPRESS CL 514,Consumidor Livre,NORTE,12.0,3.800444
,2023-01-25,46935.0,HTS EXPRESS CL 514,Consumidor Livre,NORTE,12.0,3.65244
,2023-01-26,46935.0,HTS EXPRESS CL 514,Consumidor Livre,NORTE,12.0,3.829341
,2023-01-27,46935.0,HTS EXPRESS CL 514,Consumidor Livre,NORTE,12.0,4.023377
,2023-01-28,46935.0,HTS EXPRESS CL 514,Consumidor Livre,NORTE,12.0,3.994045
,2023-01-29,46935.0,HTS EXPRESS CL 514,Consumidor Livre,NORTE,12.0,3.899473
,2023-01-30,46935.0,HTS EXPRESS CL 514,Consumidor Livre,NORTE,12.0,3.592268
,2023-01-31,46935.0,HTS EXPRESS CL 514,Consumidor Livre,NORTE,12.0,3.722326
,2023-02-01,46935.0,HTS EXPRESS CL 514,Consumidor Livre,NORTE,12.0,3.905926
,2023-02-02,46935.0,HTS EXPRESS CL 514,Consumidor Livre,NORTE,12.0,4.426216
,2023-02-03,46935.0,HTS EXPRESS CL 514,Consumidor Livre,NORTE,12.0,4.511758
,2023-02-04,46935.0,HTS EXPRESS CL 514,Consumidor Livre,NORTE,12.0,4.449171
,2023-02-05,46935.0,HTS EXPRESS CL 514,Consumidor Livre,NORTE,12.0,3.824611
,2023-02-06,46935.0,HTS EXPRESS CL 514,Consumidor Livre,NORTE,12.0,3.883698
,2023-02-07,46935.0,HTS EXPRESS CL 514,Consumidor Livre,NORTE,12.0,4.1553700000000005
,2023-02-08,46935.0,HTS EXPRESS CL 514,Consumidor Livre,NORTE,12.0,3.913805
,2023-02-09,46935.0,HTS EXPRESS CL 514,Consumidor Livre,NORTE,12.0,4.412983
,2023-02-10,46935.0,HTS EXPRESS CL 514,Consumidor Livre,NORTE,12.0,4.417451
,2023-02-11,46935.0,HTS EXPRESS CL 514,Consumidor Livre,NORTE,12.0,4.599563
,2023-02-12,46935.0,HTS EXPRESS CL 514,Consumidor Livre,NORTE,12.0,4.412507
,2023-02-13,46935.0,HTS EXPRESS CL 514,Consumidor Livre,NORTE,12.0,4.819546
,2023-02-14,46935.0,HTS EXPRESS CL 514,Consumidor Livre,NORTE,12.0,4.536799
,2023-02-15,46935.0,HTS EXPRESS CL 514,Consumidor Livre,NORTE,12.0,4.504503
,2023-02-16,46935.0,HTS EXPRESS CL 514,Consumidor Livre,NORTE,12.0,4.28074
,2023-02-17,46935.0,HTS EXPRESS CL 514,Consumidor Livre,NORTE,12.0,4.490254
,2023-02-18,46935.0,HTS EXPRESS CL 514,Consumidor Livre,NORTE,12.0,4.580022
,2023-02-19,46935.0,HTS EXPRESS CL 514,Consumidor Livre,NORTE,12.0,4.269861
,2023-02-20,46935.0,HTS EXPRESS CL 514,Consumidor Livre,NORTE,12.0,4.053143
,2023-02-21,46935.0,HTS EXPRESS CL 514,Consumidor Livre,NORTE,12.0,4.012208
,2023-02-22,46935.0,HTS EXPRESS CL 514,Consumidor Livre,NORTE,12.0,4.256543
,2023-02-23,46935.0,HTS EXPRESS CL 514,Consumidor Livre,NORTE,12.0,4.668352
,2023-02-24,46935.0,HTS EXPRESS CL 514,Consumidor Livre,NORTE,12.0,4.641911
,2023-02-25,46935.0,HTS EXPRESS CL 514,Consumidor Livre,NORTE,12.0,4.464571
,2023-02-26,46935.0,HTS EXPRESS CL 514,Consumidor Livre,NORTE,12.0,4.238833
,2023-02-27,46935.0,HTS EXPRESS CL 514,Consumidor Livre,NORTE,12.0,4.668068
,2023-02-28,46935.0,HTS EXPRESS CL 514,Consumidor Livre,NORTE,12.0,4.737726
,2023-03-01,46935.0,HTS EXPRESS CL 514,Consumidor Livre,NORTE,12.0,4.815441
,2023-03-02,46935.0,HTS EXPRESS CL 514,Consumidor Livre,NORTE,12.0,4.690573
,2023-03-03,46935.0,HTS EXPRESS CL 514,Consumidor Livre,NORTE,12.0,4.499836
,2023-03-04,46935.0,HTS EXPRESS CL 514,Consumidor Livre,NORTE,12.0,4.473334
,2023-03-05,46935.0,HTS EXPRESS CL 514,Consumidor Livre,NORTE,12.0,4.208023
,2023-03-06,46935.0,HTS EXPRESS CL 514,Consumidor Livre,NORTE,12.0,4.291319
,2023-03-07,46935.0,HTS EXPRESS CL 514,Consumidor Livre,NORTE,12.0,3.961166
,2023-03-08,46935.0,HTS EXPRESS CL 514,Consumidor Livre,NORTE,12.0,3.889418
,2023-03-09,46935.0,HTS EXPRESS CL 514,Consumidor Livre,NORTE,12.0,4.024824
,2023-03-10,46935.0,HTS EXPRESS CL 514,Consumidor Livre,NORTE,12.0,4.299512
,2023-03-11,46935.0,HTS EXPRESS CL 514,Consumidor Livre,NORTE,12.0,2.320892
,2023-03-12,46935.0,HTS EXPRESS CL 514,Consumidor Livre,NORTE,12.0,3.762483
,2023-03-13,46935.0,HTS EXPRESS CL 514,Consumidor Livre,NORTE,12.0,4.24735
,2023-03-14,46935.0,HTS EXPRESS CL 514,Consumidor Livre,NORTE,12.0,4.456842
,2023-03-15,46935.0,HTS EXPRESS CL 514,Consumidor Livre,NORTE,12.0,4.4979890000000005
,2023-03-16,46935.0,HTS EXPRESS CL 514,Consumidor Livre,NORTE,12.0,4.4853250000000005
,2023-03-17,46935.0,HTS EXPRESS CL 514,Consumidor Livre,NORTE,12.0,4.17736
,2023-03-18,46935.0,HTS EXPRESS CL 514,Consumidor Livre,NORTE,12.0,3.894186
,2023-03-19,46935.0,HTS EXPRESS CL 514,Consumidor Livre,NORTE,12.0,4.088634
,2023-03-20,46935.0,HTS EXPRESS CL 514,Consumidor Livre,NORTE,12.0,4.230353
,2023-03-21,46935.0,HTS EXPRESS CL 514,Consumidor Livre,NORTE,12.0,4.713445
,2023-03-22,46935.0,HTS EXPRESS CL 514,Consumidor Livre,NORTE,12.0,4.652001
,2023-03-23,46935.0,HTS EXPRESS CL 514,Consumidor Livre,NORTE,12.0,4.675184
,2023-03-24,46935.0,HTS EXPRESS CL 514,Consumidor Livre,NORTE,12.0,4.752991
,2023-03-25,46935.0,HTS EXPRESS CL 514,Consumidor Livre,NORTE,12.0,4.204154
,2023-03-26,46935.0,HTS EXPRESS CL 514,Consumidor Livre,NORTE,12.0,4.012662
,2023-03-27,46935.0,HTS EXPRESS CL 514,Consumidor Livre,NORTE,12.0,4.475247
,2023-03-28,46935.0,HTS EXPRESS CL 514,Consumidor Livre,NORTE,12.0,4.565769
,2023-03-29,46935.0,HTS EXPRESS CL 514,Consumidor Livre,NORTE,12.0,4.5318380000000005
,2023-03-30,46935.0,HTS EXPRESS CL 514,Consumidor Livre,NORTE,12.0,4.546957
,2023-03-31,46935.0,HTS EXPRESS CL 514,Consumidor Livre,NORTE,12.0,4.585662
,2023-04-01,46935.0,HTS EXPRESS CL 514,Consumidor Livre,NORTE,12.0,4.654874
,2023-04-02,46935.0,HTS EXPRESS CL 514,Consumidor Livre,NORTE,12.0,3.890314
,2023-04-03,46935.0,HTS EXPRESS CL 514,Consumidor Livre,NORTE,12.0,4.538201
,2023-04-04,46935.0,HTS EXPRESS CL 514,Consumidor Livre,NORTE,12.0,4.513229
,2023-04-05,46935.0,HTS EXPRESS CL 514,Consumidor Livre,NORTE,12.0,4.070024
,2023-04-06,46935.0,HTS EXPRESS CL 514,Consumidor Livre,NORTE,12.0,4.138935
,2023-04-07,46935.0,HTS EXPRESS CL 514,Consumidor Livre,NORTE,12.0,4.160808
,2023-04-08,46935.0,HTS EXPRESS CL 514,Consumidor Livre,NORTE,12.0,4.316344
,2023-04-09,46935.0,HTS EXPRESS CL 514,Consumidor Livre,NORTE,12.0,4.209703
,2023-04-10,46935.0,HTS EXPRESS CL 514,Consumidor Livre,NORTE,12.0,4.309936
,2023-04-11,46935.0,HTS EXPRESS CL 514,Consumidor Livre,NORTE,12.0,4.427227
,2023-04-12,46935.0,HTS EXPRESS CL 514,Consumidor Livre,NORTE,12.0,4.61805
,2023-04-13,46935.0,HTS EXPRESS CL 514,Consumidor Livre,NORTE,12.0,4.449125
,2023-04-14,46935.0,HTS EXPRESS CL 514,Consumidor Livre,NORTE,12.0,4.679051
,2023-04-15,46935.0,HTS EXPRESS CL 514,Consumidor Livre,NORTE,12.0,4.97608
,2023-04-16,46935.0,HTS EXPRESS CL 514,Consumidor Livre,NORTE,12.0,4.561018
,2023-04-17,46935.0,HTS EXPRESS CL 514,Consumidor Livre,NORTE,12.0,3.958438
,2023-04-18,46935.0,HTS EXPRESS CL 514,Consumidor Livre,NORTE,12.0,3.891805
,2023-04-19,46935.0,HTS EXPRESS CL 514,Consumidor Livre,NORTE,12.0,4.179052
,2023-04-20,46935.0,HTS EXPRESS CL 514,Consumidor Livre,NORTE,12.0,4.354935
,2023-04-21,46935.0,HTS EXPRESS CL 514,Consumidor Livre,NORTE,12.0,4.035707
,2023-04-22,46935.0,HTS EXPRESS CL 514,Consumidor Livre,NORTE,12.0,3.860538
,2023-04-23,46935.0,HTS EXPRESS CL 514,Consumidor Livre,NORTE,12.0,3.767955
,2023-04-24,46935.0,HTS EXPRESS CL 514,Consumidor Livre,NORTE,12.0,4.217466
,2023-04-25,46935.0,HTS EXPRESS CL 514,Consumidor Livre,NORTE,12.0,4.079965
,2023-04-26,46935.0,HTS EXPRESS CL 514,Consumidor Livre,NORTE,12.0,3.935756
,2023-04-27,46935.0,HTS EXPRESS CL 514,Consumidor Livre,NORTE,12.0,4.142975
,2023-04-28,46935.0,HTS EXPRESS CL 514,Consumidor Livre,NORTE,12.0,4.480214
,2023-04-29,46935.0,HTS EXPRESS CL 514,Consumidor Livre,NORTE,12.0,4.374393
,2023-04-30,46935.0,HTS EXPRESS CL 514,Consumidor Livre,NORTE,12.0,4.024124
,2023-05-01,46935.0,HTS EXPRESS CL 514,Consumidor Livre,NORTE,12.0,3.829358
,2023-05-02,46935.0,HTS EXPRESS CL 514,Consumidor Livre,NORTE,12.0,4.126075
,2023-05-03,46935.0,HTS EXPRESS CL 514,Consumidor Livre,NORTE,12.0,4.272144
,2023-05-04,46935.0,HTS EXPRESS CL 514,Consumidor Livre,NORTE,12.0,4.492709
,2023-05-05,46935.0,HTS EXPRESS CL 514,Consumidor Livre,NORTE,12.0,4.524679
,2023-05-06,46935.0,HTS EXPRESS CL 514,Consumidor Livre,NORTE,12.0,4.284723
,2023-05-07,46935.0,HTS EXPRESS CL 514,Consumidor Livre,NORTE,12.0,4.45865
,2023-05-08,46935.0,HTS EXPRESS CL 514,Consumidor Livre,NORTE,12.0,4.4077020000000005
,2023-05-09,46935.0,HTS EXPRESS CL 514,Consumidor Livre,NORTE,12.0,4.380222
,2023-05-10,46935.0,HTS EXPRESS CL 514,Consumidor Livre,NORTE,12.0,4.506337
,2023-05-11,46935.0,HTS EXPRESS CL 514,Consumidor Livre,NORTE,12.0,4.340398
,2023-05-12,46935.0,HTS EXPRESS CL 514,Consumidor Livre,NORTE,12.0,4.369625
,2023-05-13,46935.0,HTS EXPRESS CL 514,Consumidor Livre,NORTE,12.0,4.652817
,2023-05-14,46935.0,HTS EXPRESS CL 514,Consumidor Livre,NORTE,12.0,4.597562
,2023-05-15,46935.0,HTS EXPRESS CL 514,Consumidor Livre,NORTE,12.0,4.588568
,2023-05-16,46935.0,HTS EXPRESS CL 514,Consumidor Livre,NORTE,12.0,4.536298
,2023-05-17,46935.0,HTS EXPRESS CL 514,Consumidor Livre,NORTE,12.0,4.428974
,2023-05-18,46935.0,HTS EXPRESS CL 514,Consumidor Livre,NORTE,12.0,4.307726
,2023-05-19,46935.0,HTS EXPRESS CL 514,Consumidor Livre,NORTE,12.0,4.603016
,2023-05-20,46935.0,HTS EXPRESS CL 514,Consumidor Livre,NORTE,12.0,4.636624
,2023-05-21,46935.0,HTS EXPRESS CL 514,Consumidor Livre,NORTE,12.0,4.646535
,2023-05-22,46935.0,HTS EXPRESS CL 514,Consumidor Livre,NORTE,12.0,5.35
,2023-05-23,46935.0,HTS EXPRESS CL 514,Consumidor Livre,NORTE,12.0,5.453792
,2023-05-24,46935.0,HTS EXPRESS CL 514,Consumidor Livre,NORTE,12.0,4.951819
,2023-05-25,46935.0,HTS EXPRESS CL 514,Consumidor Livre,NORTE,12.0,5.070143
,2023-05-26,46935.0,HTS EXPRESS CL 514,Consumidor Livre,NORTE,12.0,5.308834
,2023-05-27,46935.0,HTS EXPRESS CL 514,Consumidor Livre,NORTE,12.0,5.533689
,2023-05-28,46935.0,HTS EXPRESS CL 514,Consumidor Livre,NORTE,12.0,5.111908
,2023-05-29,46935.0,HTS EXPRESS CL 514,Consumidor Livre,NORTE,12.0,5.205241
,2023-05-30,46935.0,HTS EXPRESS CL 514,Consumidor Livre,NORTE,12.0,5.123235
,2023-05-31,46935.0,HTS EXPRESS CL 514,Consumidor Livre,NORTE,12.0,5.270803
,2023-06-01,46935.0,HTS EXPRESS CL 514,Consumidor Livre,NORTE,12.0,5.307186
,2023-06-02,46935.0,HTS EXPRESS CL 514,Consumidor Livre,NORTE,12.0,5.359745
,2023-06-03,46935.0,HTS EXPRESS CL 514,Consumidor Livre,NORTE,12.0,4.954752
,2023-06-04,46935.0,HTS EXPRESS CL 514,Consumidor Livre,NORTE,12.0,4.696929
,2023-06-05,46935.0,HTS EXPRESS CL 514,Consumidor Livre,NORTE,12.0,4.969916
,2023-06-06,46935.0,HTS EXPRESS CL 514,Consumidor Livre,NORTE,12.0,5.149843
,2023-06-07,46935.0,HTS EXPRESS CL 514,Consumidor Livre,NORTE,12.0,5.183177
,2023-06-08,46935.0,HTS EXPRESS CL 514,Consumidor Livre,NORTE,12.0,5.126908
,2023-06-09,46935.0,HTS EXPRESS CL 514,Consumidor Livre,NORTE,12.0,5.362812
,2023-06-10,46935.0,HTS EXPRESS CL 514,Consumidor Livre,NORTE,12.0,5.504997
,2023-06-11,46935.0,HTS EXPRESS CL 514,Consumidor Livre,NORTE,12.0,5.102873
,2023-06-12,46935.0,HTS EXPRESS CL 514,Consumidor Livre,NORTE,12.0,5.41893
,2023-06-13,46935.0,HTS EXPRESS CL 514,Consumidor Livre,NORTE,12.0,5.394757
,2023-06-14,46935.0,HTS EXPRESS CL 514,Consumidor Livre,NORTE,12.0,5.024475
,2023-06-15,46935.0,HTS EXPRESS CL 514,Consumidor Livre,NORTE,12.0,4.100234
,2023-06-16,46935.0,HTS EXPRESS CL 514,Consumidor Livre,NORTE,12.0,4.070014
,2023-06-17,46935.0,HTS EXPRESS CL 514,Consumidor Livre,NORTE,12.0,4.323832
,2023-06-18,46935.0,HTS EXPRESS CL 514,Consumidor Livre,NORTE,12.0,4.295596
,2023-06-19,46935.0,HTS EXPRESS CL 514,Consumidor Livre,NORTE,12.0,4.619246
,2023-06-20,46935.0,HTS EXPRESS CL 514,Consumidor Livre,NORTE,12.0,4.788129
,2023-06-21,46935.0,HTS EXPRESS CL 514,Consumidor Livre,NORTE,12.0,4.94145
,2023-06-22,46935.0,HTS EXPRESS CL 514,Consumidor Livre,NORTE,12.0,5.339784
,2023-06-23,46935.0,HTS EXPRESS CL 514,Consumidor Livre,NORTE,12.0,5.478432
,2023-06-24,46935.0,HTS EXPRESS CL 514,Consumidor Livre,NORTE,12.0,5.441913
,2023-06-25,46935.0,HTS EXPRESS CL 514,Consumidor Livre,NORTE,12.0,5.314143
,2023-06-26,46935.0,HTS EXPRESS CL 514,Consumidor Livre,NORTE,12.0,5.497875
,2023-06-27,46935.0,HTS EXPRESS CL 514,Consumidor Livre,NORTE,12.0,5.445249
,2023-06-28,46935.0,HTS EXPRESS CL 514,Consumidor Livre,NORTE,12.0,5.20743
,2023-06-29,46935.0,HTS EXPRESS CL 514,Consumidor Livre,NORTE,12.0,5.598842
,2023-06-30,46935.0,HTS EXPRESS CL 514,Consumidor Livre,NORTE,12.0,5.2959380000000005
,2023-07-01,46935.0,HTS EXPRESS CL 514,Consumidor Livre,NORTE,12.0,5.163608
,2023-07-02,46935.0,HTS EXPRESS CL 514,Consumidor Livre,NORTE,12.0,4.473747
,2023-07-03,46935.0,HTS EXPRESS CL 514,Consumidor Livre,NORTE,12.0,4.584584
,2023-07-04,46935.0,HTS EXPRESS CL 514,Consumidor Livre,NORTE,12.0,4.812456
,2023-07-05,46935.0,HTS EXPRESS CL 514,Consumidor Livre,NORTE,12.0,4.843149
,2023-07-06,46935.0,HTS EXPRESS CL 514,Consumidor Livre,NORTE,12.0,5.045976
,2023-07-07,46935.0,HTS EXPRESS CL 514,Consumidor Livre,NORTE,12.0,4.919116
,2023-07-08,46935.0,HTS EXPRESS CL 514,Consumidor Livre,NORTE,12.0,4.975095
,2023-07-09,46935.0,HTS EXPRESS CL 514,Consumidor Livre,NORTE,12.0,4.685296
,2023-07-10,46935.0,HTS EXPRESS CL 514,Consumidor Livre,NORTE,12.0,4.774832
,2023-07-11,46935.0,HTS EXPRESS CL 514,Consumidor Livre,NORTE,12.0,5.0344
,2023-07-12,46935.0,HTS EXPRESS CL 514,Consumidor Livre,NORTE,12.0,4.986063
,2023-07-13,46935.0,HTS EXPRESS CL 514,Consumidor Livre,NORTE,12.0,5.218355
,2023-07-14,46935.0,HTS EXPRESS CL 514,Consumidor Livre,NORTE,12.0,5.078516
,2023-07-15,46935.0,HTS EXPRESS CL 514,Consumidor Livre,NORTE,12.0,5.119242
,2023-07-16,46935.0,HTS EXPRESS CL 514,Consumidor Livre,NORTE,12.0,4.924843
,2023-07-17,46935.0,HTS EXPRESS CL 514,Consumidor Livre,NORTE,12.0,5.285793
,2023-07-18,46935.0,HTS EXPRESS CL 514,Consumidor Livre,NORTE,12.0,5.302884
,2023-07-19,46935.0,HTS EXPRESS CL 514,Consumidor Livre,NORTE,12.0,4.783855
,2023-07-20,46935.0,HTS EXPRESS CL 514,Consumidor Livre,NORTE,12.0,5.189414
,2023-07-21,46935.0,HTS EXPRESS CL 514,Consumidor Livre,NORTE,12.0,5.149862
,2023-07-22,46935.0,HTS EXPRESS CL 514,Consumidor Livre,NORTE,12.0,4.92333
,2023-07-23,46935.0,HTS EXPRESS CL 514,Consumidor Livre,NORTE,12.0,4.766026
,2023-07-24,46935.0,HTS EXPRESS CL 514,Consumidor Livre,NORTE,12.0,5.032404
,2023-07-25,46935.0,HTS EXPRESS CL 514,Consumidor Livre,NORTE,12.0,5.133966
,2023-07-26,46935.0,HTS EXPRESS CL 514,Consumidor Livre,NORTE,12.0,5.177322
,2023-07-27,46935.0,HTS EXPRESS CL 514,Consumidor Livre,NORTE,12.0,5.343703
,2023-07-28,46935.0,HTS EXPRESS CL 514,Consumidor Livre,NORTE,12.0,5.365319
,2023-07-29,46935.0,HTS EXPRESS CL 514,Consumidor Livre,NORTE,12.0,5.193712
,2023-07-30,46935.0,HTS EXPRESS CL 514,Consumidor Livre,NORTE,12.0,4.946522
,2023-07-31,46935.0,HTS EXPRESS CL 514,Consumidor Livre,NORTE,12.0,5.090625
,2023-08-01,46935.0,HTS EXPRESS CL 514,Consumidor Livre,NORTE,12.0,4.936765
,2023-08-02,46935.0,HTS EXPRESS CL 514,Consumidor Livre,NORTE,12.0,4.835706
,2023-08-03,46935.0,HTS EXPRESS CL 514,Consumidor Livre,NORTE,12.0,4.474368
,2023-08-04,46935.0,HTS EXPRESS CL 514,Consumidor Livre,NORTE,12.0,4.551933
,2023-08-05,46935.0,HTS EXPRESS CL 514,Consumidor Livre,NORTE,12.0,4.842643
,2023-08-06,46935.0,HTS EXPRESS CL 514,Consumidor Livre,NORTE,12.0,4.844635
,2023-08-07,46935.0,HTS EXPRESS CL 514,Consumidor Livre,NORTE,12.0,5.10528
,2023-08-08,46935.0,HTS EXPRESS CL 514,Consumidor Livre,NORTE,12.0,5.52611
,2023-08-09,46935.0,HTS EXPRESS CL 514,Consumidor Livre,NORTE,12.0,5.524898
,2023-08-10,46935.0,HTS EXPRESS CL 514,Consumidor Livre,NORTE,12.0,5.373847
,2023-08-11,46935.0,HTS EXPRESS CL 514,Consumidor Livre,NORTE,12.0,5.459074
,2023-08-12,46935.0,HTS EXPRESS CL 514,Consumidor Livre,NORTE,12.0,5.442646
,2023-08-13,46935.0,HTS EXPRESS CL 514,Consumidor Livre,NORTE,12.0,5.41151
,2023-08-14,46935.0,HTS EXPRESS CL 514,Consumidor Livre,NORTE,12.0,5.058162
,2023-08-15,46935.0,HTS EXPRESS CL 514,Consumidor Livre,NORTE,12.0,3.912619
,2023-08-16,46935.0,HTS EXPRESS CL 514,Consumidor Livre,NORTE,12.0,5.213393
,2023-08-17,46935.0,HTS EXPRESS CL 514,Consumidor Livre,NORTE,12.0,5.297748
,2023-08-18,46935.0,HTS EXPRESS CL 514,Consumidor Livre,NORTE,12.0,5.622298
,2023-08-19,46935.0,HTS EXPRESS CL 514,Consumidor Livre,NORTE,12.0,5.724216
,2023-08-20,46935.0,HTS EXPRESS CL 514,Consumidor Livre,NORTE,12.0,5.419301
,2023-08-21,46935.0,HTS EXPRESS CL 514,Consumidor Livre,NORTE,12.0,5.633474
,2023-08-22,46935.0,HTS EXPRESS CL 514,Consumidor Livre,NORTE,12.0,5.432931
,2023-08-23,46935.0,HTS EXPRESS CL 514,Consumidor Livre,NORTE,12.0,5.585288
,2023-08-24,46935.0,HTS EXPRESS CL 514,Consumidor Livre,NORTE,12.0,5.747675
,2023-08-25,46935.0,HTS EXPRESS CL 514,Consumidor Livre,NORTE,12.0,5.495404
,2023-08-26,46935.0,HTS EXPRESS CL 514,Consumidor Livre,NORTE,12.0,5.408051
,2023-08-27,46935.0,HTS EXPRESS CL 514,Consumidor Livre,NORTE,12.0,4.959342
,2023-08-28,46935.0,HTS EXPRESS CL 514,Consumidor Livre,NORTE,12.0,5.374556
,2023-08-29,46935.0,HTS EXPRESS CL 514,Consumidor Livre,NORTE,12.0,5.45928
,2023-08-30,46935.0,HTS EXPRESS CL 514,Consumidor Livre,NORTE,12.0,5.6653
,2023-08-31,46935.0,HTS EXPRESS CL 514,Consumidor Livre,NORTE,12.0,5.0773150000000005
,2023-09-01,46935.0,HTS EXPRESS CL 514,Consumidor Livre,NORTE,12.0,5.403931
,2023-09-02,46935.0,HTS EXPRESS CL 514,Consumidor Livre,NORTE,12.0,5.453867
,2023-09-03,46935.0,HTS EXPRESS CL 514,Consumidor Livre,NORTE,12.0,5.106323
,2023-09-04,46935.0,HTS EXPRESS CL 514,Consumidor Livre,NORTE,12.0,5.037102
,2023-09-05,46935.0,HTS EXPRESS CL 514,Consumidor Livre,NORTE,12.0,5.149046
,2023-09-06,46935.0,HTS EXPRESS CL 514,Consumidor Livre,NORTE,12.0,5.35957
,2023-09-07,46935.0,HTS EXPRESS CL 514,Consumidor Livre,NORTE,12.0,4.942467
,2023-09-08,46935.0,HTS EXPRESS CL 514,Consumidor Livre,NORTE,12.0,5.529156
,2023-09-09,46935.0,HTS EXPRESS CL 514,Consumidor Livre,NORTE,12.0,5.588274
,2023-09-10,46935.0,HTS EXPRESS CL 514,Consumidor Livre,NORTE,12.0,5.206694
,2023-09-11,46935.0,HTS EXPRESS CL 514,Consumidor Livre,NORTE,12.0,4.906895
,2023-09-12,46935.0,HTS EXPRESS CL 514,Consumidor Livre,NORTE,12.0,4.925764
,2023-09-13,46935.0,HTS EXPRESS CL 514,Consumidor Livre,NORTE,12.0,5.209661
,2023-09-14,46935.0,HTS EXPRESS CL 514,Consumidor Livre,NORTE,12.0,5.764217
,2023-09-15,46935.0,HTS EXPRESS CL 514,Consumidor Livre,NORTE,12.0,5.863011
,2023-09-16,46935.0,HTS EXPRESS CL 514,Consumidor Livre,NORTE,12.0,5.402242
,2023-09-17,46935.0,HTS EXPRESS CL 514,Consumidor Livre,NORTE,12.0,4.847468
,2023-09-18,46935.0,HTS EXPRESS CL 514,Consumidor Livre,NORTE,12.0,5.288423
,2023-09-19,46935.0,HTS EXPRESS CL 514,Consumidor Livre,NORTE,12.0,5.658512
,2023-09-20,46935.0,HTS EXPRESS CL 514,Consumidor Livre,NORTE,12.0,5.445335
,2023-09-21,46935.0,HTS EXPRESS CL 514,Consumidor Livre,NORTE,12.0,4.945818
,2023-09-22,46935.0,HTS EXPRESS CL 514,Consumidor Livre,NORTE,12.0,4.976329
,2023-09-23,46935.0,HTS EXPRESS CL 514,Consumidor Livre,NORTE,12.0,5.225594
,2023-09-24,46935.0,HTS EXPRESS CL 514,Consumidor Livre,NORTE,12.0,4.762512
,2023-09-25,46935.0,HTS EXPRESS CL 514,Consumidor Livre,NORTE,12.0,5.090097
,2023-09-26,46935.0,HTS EXPRESS CL 514,Consumidor Livre,NORTE,12.0,5.457524
,2023-09-27,46935.0,HTS EXPRESS CL 514,Consumidor Livre,NORTE,12.0,5.68091
,2023-09-28,46935.0,HTS EXPRESS CL 514,Consumidor Livre,NORTE,12.0,5.449892
,2023-09-29,46935.0,HTS EXPRESS CL 514,Consumidor Livre,NORTE,12.0,5.084297
,2023-09-30,46935.0,HTS EXPRESS CL 514,Consumidor Livre,NORTE,12.0,5.946474
,2023-10-01,46935.0,HTS EXPRESS CL 514,Consumidor Livre,NORTE,12.0,5.313958
,2023-10-02,46935.0,HTS EXPRESS CL 514,Consumidor Livre,NORTE,12.0,5.457585
,2023-10-03,46935.0,HTS EXPRESS CL 514,Consumidor Livre,NORTE,12.0,5.802166
,2023-10-04,46935.0,HTS EXPRESS CL 514,Consumidor Livre,NORTE,12.0,5.852784
,2023-10-05,46935.0,HTS EXPRESS CL 514,Consumidor Livre,NORTE,12.0,5.8044720000000005
,2023-10-06,46935.0,HTS EXPRESS CL 514,Consumidor Livre,NORTE,12.0,5.712862
,2023-10-07,46935.0,HTS EXPRESS CL 514,Consumidor Livre,NORTE,12.0,5.854086
,2023-10-08,46935.0,HTS EXPRESS CL 514,Consumidor Livre,NORTE,12.0,5.278764
,2023-10-09,46935.0,HTS EXPRESS CL 514,Consumidor Livre,NORTE,12.0,5.450654
,2023-10-10,46935.0,HTS EXPRESS CL 514,Consumidor Livre,NORTE,12.0,5.465186
,2023-10-11,46935.0,HTS EXPRESS CL 514,Consumidor Livre,NORTE,12.0,5.672587
,2023-10-12,46935.0,HTS EXPRESS CL 514,Consumidor Livre,NORTE,12.0,5.542317
,2023-10-13,46935.0,HTS EXPRESS CL 514,Consumidor Livre,NORTE,12.0,5.768846
,2023-10-14,46935.0,HTS EXPRESS CL 514,Consumidor Livre,NORTE,12.0,5.035858
,2023-10-15,46935.0,HTS EXPRESS CL 514,Consumidor Livre,NORTE,12.0,4.529577
,2023-10-16,46935.0,HTS EXPRESS CL 514,Consumidor Livre,NORTE,12.0,4.714743
,2023-10-17,46935.0,HTS EXPRESS CL 514,Consumidor Livre,NORTE,12.0,4.928195
,2023-10-18,46935.0,HTS EXPRESS CL 514,Consumidor Livre,NORTE,12.0,4.775439
,2023-10-19,46935.0,HTS EXPRESS CL 514,Consumidor Livre,NORTE,12.0,4.971558
,2023-10-20,46935.0,HTS EXPRESS CL 514,Consumidor Livre,NORTE,12.0,5.510473
,2023-10-21,46935.0,HTS EXPRESS CL 514,Consumidor Livre,NORTE,12.0,5.448548
,2023-10-22,46935.0,HTS EXPRESS CL 514,Consumidor Livre,NORTE,12.0,4.561562
,2023-10-23,46935.0,HTS EXPRESS CL 514,Consumidor Livre,NORTE,12.0,4.346745
,2023-10-24,46935.0,HTS EXPRESS CL 514,Consumidor Livre,NORTE,12.0,5.106242
,2023-10-25,46935.0,HTS EXPRESS CL 514,Consumidor Livre,NORTE,12.0,5.356465
,2023-10-26,46935.0,HTS EXPRESS CL 514,Consumidor Livre,NORTE,12.0,5.560734
,2023-10-27,46935.0,HTS EXPRESS CL 514,Consumidor Livre,NORTE,12.0,5.718295
,2023-10-28,46935.0,HTS EXPRESS CL 514,Consumidor Livre,NORTE,12.0,5.642384
,2023-10-29,46935.0,HTS EXPRESS CL 514,Consumidor Livre,NORTE,12.0,4.717534
,2023-10-30,46935.0,HTS EXPRESS CL 514,Consumidor Livre,NORTE,12.0,5.205834
,2023-10-31,46935.0,HTS EXPRESS CL 514,Consumidor Livre,NORTE,12.0,5.130169
,2023-11-01,46935.0,HTS EXPRESS CL 514,Consumidor Livre,NORTE,12.0,5.614121
,2023-11-02,46935.0,HTS EXPRESS CL 514,Consumidor Livre,NORTE,12.0,5.473007
,2023-11-03,46935.0,HTS EXPRESS CL 514,Consumidor Livre,NORTE,12.0,6.059695
,2023-11-04,46935.0,HTS EXPRESS CL 514,Consumidor Livre,NORTE,12.0,5.932104
,2023-11-05,46935.0,HTS EXPRESS CL 514,Consumidor Livre,NORTE,12.0,4.786222
,2023-11-06,46935.0,HTS EXPRESS CL 514,Consumidor Livre,NORTE,12.0,5.09132
,2023-11-07,46935.0,HTS EXPRESS CL 514,Consumidor Livre,NORTE,12.0,4.568739
,2023-11-08,46935.0,HTS EXPRESS CL 514,Consumidor Livre,NORTE,12.0,4.757148
,2023-11-09,46935.0,HTS EXPRESS CL 514,Consumidor Livre,NORTE,12.0,5.207246
,2023-11-10,46935.0,HTS EXPRESS CL 514,Consumidor Livre,NORTE,12.0,5.60074
,2023-11-11,46935.0,HTS EXPRESS CL 514,Consumidor Livre,NORTE,12.0,5.937473
,2023-11-12,46935.0,HTS EXPRESS CL 514,Consumidor Livre,NORTE,12.0,5.177343
,2023-11-13,46935.0,HTS EXPRESS CL 514,Consumidor Livre,NORTE,12.0,5.382698
,2023-11-14,46935.0,HTS EXPRESS CL 514,Consumidor Livre,NORTE,12.0,5.345411
,2023-11-15,46935.0,HTS EXPRESS CL 514,Consumidor Livre,NORTE,12.0,4.868444
,2023-11-16,46935.0,HTS EXPRESS CL 514,Consumidor Livre,NORTE,12.0,5.596201
,2023-11-17,46935.0,HTS EXPRESS CL 514,Consumidor Livre,NORTE,12.0,6.050088
,2023-11-18,46935.0,HTS EXPRESS CL 514,Consumidor Livre,NORTE,12.0,5.728908
,2023-11-19,46935.0,HTS EXPRESS CL 514,Consumidor Livre,NORTE,12.0,5.004902
,2023-11-20,46935.0,HTS EXPRESS CL 514,Consumidor Livre,NORTE,12.0,4.901106
,2023-11-21,46935.0,HTS EXPRESS CL 514,Consumidor Livre,NORTE,12.0,5.212955
,2023-11-22,46935.0,HTS EXPRESS CL 514,Consumidor Livre,NORTE,12.0,5.049589
,2023-11-23,46935.0,HTS EXPRESS CL 514,Consumidor Livre,NORTE,12.0,4.557975
,2023-11-24,46935.0,HTS EXPRESS CL 514,Consumidor Livre,NORTE,12.0,4.772417
,2023-11-25,46935.0,HTS EXPRESS CL 514,Consumidor Livre,NORTE,12.0,4.86755
,2023-11-26,46935.0,HTS EXPRESS CL 514,Consumidor Livre,NORTE,12.0,3.987747
,2023-11-27,46935.0,HTS EXPRESS CL 514,Consumidor Livre,NORTE,12.0,4.440963
,2023-11-28,46935.0,HTS EXPRESS CL 514,Consumidor Livre,NORTE,12.0,4.880507
,2023-11-29,46935.0,HTS EXPRESS CL 514,Consumidor Livre,NORTE,12.0,4.708664
,2023-11-30,46935.0,HTS EXPRESS CL 514,Consumidor Livre,NORTE,12.0,5.138699
,2023-12-01,46935.0,HTS EXPRESS CL 514,Consumidor Livre,NORTE,12.0,5.273731
,2023-12-02,46935.0,HTS EXPRESS CL 514,Consumidor Livre,NORTE,12.0,5.031049
,2023-12-03,46935.0,HTS EXPRESS CL 514,Consumidor Livre,NORTE,12.0,4.36297
,2023-12-04,46935.0,HTS EXPRESS CL 514,Consumidor Livre,NORTE,12.0,4.634734
,2023-12-05,46935.0,HTS EXPRESS CL 514,Consumidor Livre,NORTE,12.0,4.860569
,2023-12-06,46935.0,HTS EXPRESS CL 514,Consumidor Livre,NORTE,12.0,4.967915
,2023-12-07,46935.0,HTS EXPRESS CL 514,Consumidor Livre,NORTE,12.0,4.848047
,2023-12-08,46935.0,HTS EXPRESS CL 514,Consumidor Livre,NORTE,12.0,4.643112
,2023-12-09,46935.0,HTS EXPRESS CL 514,Consumidor Livre,NORTE,12.0,4.602128
,2023-12-10,46935.0,HTS EXPRESS CL 514,Consumidor Livre,NORTE,12.0,4.46351
,2023-12-11,46935.0,HTS EXPRESS CL 514,Consumidor Livre,NORTE,12.0,4.706182
,2023-12-12,46935.0,HTS EXPRESS CL 514,Consumidor Livre,NORTE,12.0,4.801342
,2023-12-13,46935.0,HTS EXPRESS CL 514,Consumidor Livre,NORTE,12.0,5.190126
,2023-12-14,46935.0,HTS EXPRESS CL 514,Consumidor Livre,NORTE,12.0,5.200066
,2023-12-15,46935.0,HTS EXPRESS CL 514,Consumidor Livre,NORTE,12.0,4.898956
,2023-12-16,46935.0,HTS EXPRESS CL 514,Consumidor Livre,NORTE,12.0,4.653978
,2023-12-17,46935.0,HTS EXPRESS CL 514,Consumidor Livre,NORTE,12.0,4.316018
,2023-12-18,46935.0,HTS EXPRESS CL 514,Consumidor Livre,NORTE,12.0,4.6741340000000005
,2023-12-19,46935.0,HTS EXPRESS CL 514,Consumidor Livre,NORTE,12.0,4.871621
,2023-12-20,46935.0,HTS EXPRESS CL 514,Consumidor Livre,NORTE,12.0,4.598735
,2023-12-21,46935.0,HTS EXPRESS CL 514,Consumidor Livre,NORTE,12.0,4.492624
,2023-12-22,46935.0,HTS EXPRESS CL 514,Consumidor Livre,NORTE,12.0,4.311649
,2023-12-23,46935.0,HTS EXPRESS CL 514,Consumidor Livre,NORTE,12.0,4.248625
,2023-12-24,46935.0,HTS EXPRESS CL 514,Consumidor Livre,NORTE,12.0,4.150046
,2023-12-25,46935.0,HTS EXPRESS CL 514,Consumidor Livre,NORTE,12.0,3.590683
,2023-12-26,46935.0,HTS EXPRESS CL 514,Consumidor Livre,NORTE,12.0,4.452586
,2023-12-27,46935.0,HTS EXPRESS CL 514,Consumidor Livre,NORTE,12.0,4.44311
,2023-12-28,46935.0,HTS EXPRESS CL 514,Consumidor Livre,NORTE,12.0,4.454918
,2023-12-29,46935.0,HTS EXPRESS CL 514,Consumidor Livre,NORTE,12.0,4.354457
,2023-12-30,46935.0,HTS EXPRESS CL 514,Consumidor Livre,NORTE,12.0,4.177203
,2023-12-31,46935.0,HTS EXPRESS CL 514,Consumidor Livre,NORTE,12.0,4.120607
,2024-01-01,46935.0,HTS EXPRESS CL 514,Consumidor Livre,NORTE,12.0,4.3012690000000005
,2024-01-02,46935.0,HTS EXPRESS CL 514,Consumidor Livre,NORTE,12.0,4.670782
,2024-01-03,46935.0,HTS EXPRESS CL 514,Consumidor Livre,NORTE,12.0,4.7879380000000005
,2024-01-04,46935.0,HTS EXPRESS CL 514,Consumidor Livre,NORTE,12.0,4.882488
,2024-01-05,46935.0,HTS EXPRESS CL 514,Consumidor Livre,NORTE,12.0,4.613081
,2024-01-06,46935.0,HTS EXPRESS CL 514,Consumidor Livre,NORTE,12.0,4.527522
,2024-01-07,46935.0,HTS EXPRESS CL 514,Consumidor Livre,NORTE,12.0,4.228286
,2024-01-08,46935.0,HTS EXPRESS CL 514,Consumidor Livre,NORTE,12.0,4.788415
,2024-01-09,46935.0,HTS EXPRESS CL 514,Consumidor Livre,NORTE,12.0,4.664072
,2024-01-10,46935.0,HTS EXPRESS CL 514,Consumidor Livre,NORTE,12.0,4.697725
,2024-01-11,46935.0,HTS EXPRESS CL 514,Consumidor Livre,NORTE,12.0,4.600853
,2024-01-12,46935.0,HTS EXPRESS CL 514,Consumidor Livre,NORTE,12.0,4.565576
,2024-01-13,46935.0,HTS EXPRESS CL 514,Consumidor Livre,NORTE,12.0,4.472806
,2024-01-14,46935.0,HTS EXPRESS CL 514,Consumidor Livre,NORTE,12.0,4.032274
,2024-01-15,46935.0,HTS EXPRESS CL 514,Consumidor Livre,NORTE,12.0,4.465184
,2024-01-16,46935.0,HTS EXPRESS CL 514,Consumidor Livre,NORTE,12.0,4.770855
,2024-01-17,46935.0,HTS EXPRESS CL 514,Consumidor Livre,NORTE,12.0,4.853909
,2024-01-18,46935.0,HTS EXPRESS CL 514,Consumidor Livre,NORTE,12.0,4.922892
,2024-01-19,46935.0,HTS EXPRESS CL 514,Consumidor Livre,NORTE,12.0,4.877272
,2024-01-20,46935.0,HTS EXPRESS CL 514,Consumidor Livre,NORTE,12.0,4.75098
,2024-01-21,46935.0,HTS EXPRESS CL 514,Consumidor Livre,NORTE,12.0,4.558137
,2024-01-22,46935.0,HTS EXPRESS CL 514,Consumidor Livre,NORTE,12.0,4.802405
,2024-01-23,46935.0,HTS EXPRESS CL 514,Consumidor Livre,NORTE,12.0,4.739762
,2024-01-24,46935.0,HTS EXPRESS CL 514,Consumidor Livre,NORTE,12.0,4.8527000000000005
,2024-01-25,46935.0,HTS EXPRESS CL 514,Consumidor Livre,NORTE,12.0,4.926187
,2024-01-26,46935.0,HTS EXPRESS CL 514,Consumidor Livre,NORTE,12.0,4.605657
,2024-01-27,46935.0,HTS EXPRESS CL 514,Consumidor Livre,NORTE,12.0,4.734595
,2024-01-28,46935.0,HTS EXPRESS CL 514,Consumidor Livre,NORTE,12.0,4.423348
,2024-01-29,46935.0,HTS EXPRESS CL 514,Consumidor Livre,NORTE,12.0,4.494376
,2024-01-30,46935.0,HTS EXPRESS CL 514,Consumidor Livre,NORTE,12.0,4.909638
,2024-01-31,46935.0,HTS EXPRESS CL 514,Consumidor Livre,NORTE,12.0,4.974892
,2024-02-01,46935.0,HTS EXPRESS CL 514,Consumidor Livre,NORTE,12.0,4.530856
,2024-02-02,46935.0,HTS EXPRESS CL 514,Consumidor Livre,NORTE,12.0,4.580196
,2024-02-03,46935.0,HTS EXPRESS CL 514,Consumidor Livre,NORTE,12.0,4.922317
,2024-02-04,46935.0,HTS EXPRESS CL 514,Consumidor Livre,NORTE,12.0,4.765617
,2024-02-05,46935.0,HTS EXPRESS CL 514,Consumidor Livre,NORTE,12.0,4.933416
,2024-02-06,46935.0,HTS EXPRESS CL 514,Consumidor Livre,NORTE,12.0,5.171126
,2024-02-07,46935.0,HTS EXPRESS CL 514,Consumidor Livre,NORTE,12.0,5.075082
,2024-02-08,46935.0,HTS EXPRESS CL 514,Consumidor Livre,NORTE,12.0,5.130988
,2024-02-09,46935.0,HTS EXPRESS CL 514,Consumidor Livre,NORTE,12.0,4.855665
,2024-02-10,46935.0,HTS EXPRESS CL 514,Consumidor Livre,NORTE,12.0,4.83331
,2024-02-11,46935.0,HTS EXPRESS CL 514,Consumidor Livre,NORTE,12.0,4.376089
,2024-02-12,46935.0,HTS EXPRESS CL 514,Consumidor Livre,NORTE,12.0,4.385683
,2024-02-13,46935.0,HTS EXPRESS CL 514,Consumidor Livre,NORTE,12.0,3.964654
,2024-02-14,46935.0,HTS EXPRESS CL 514,Consumidor Livre,NORTE,12.0,4.131353
,2024-02-15,46935.0,HTS EXPRESS CL 514,Consumidor Livre,NORTE,12.0,4.150981
,2024-02-16,46935.0,HTS EXPRESS CL 514,Consumidor Livre,NORTE,12.0,4.314018
,2024-02-17,46935.0,HTS EXPRESS CL 514,Consumidor Livre,NORTE,12.0,4.366136
,2024-02-18,46935.0,HTS EXPRESS CL 514,Consumidor Livre,NORTE,12.0,3.947817
,2024-02-19,46935.0,HTS EXPRESS CL 514,Consumidor Livre,NORTE,12.0,4.734643
,2024-02-20,46935.0,HTS EXPRESS CL 514,Consumidor Livre,NORTE,12.0,5.052673
,2024-02-21,46935.0,HTS EXPRESS CL 514,Consumidor Livre,NORTE,12.0,5.132925
,2024-02-22,46935.0,HTS EXPRESS CL 514,Consumidor Livre,NORTE,12.0,5.136398
,2024-02-23,46935.0,HTS EXPRESS CL 514,Consumidor Livre,NORTE,12.0,5.348879
,2024-02-24,46935.0,HTS EXPRESS CL 514,Consumidor Livre,NORTE,12.0,5.2019150000000005
,2024-02-25,46935.0,HTS EXPRESS CL 514,Consumidor Livre,NORTE,12.0,4.427374
,2024-02-26,46935.0,HTS EXPRESS CL 514,Consumidor Livre,NORTE,12.0,4.367347
,2024-02-27,46935.0,HTS EXPRESS CL 514,Consumidor Livre,NORTE,12.0,4.476969
,2024-02-28,46935.0,HTS EXPRESS CL 514,Consumidor Livre,NORTE,12.0,4.851813
,2024-02-29,46935.0,HTS EXPRESS CL 514,Consumidor Livre,NORTE,12.0,4.974509
202403.0,2024-03-01,46935.0,HTS EXPRESS CL 514,Consumidor Livre,NORTE,12.0,5.243027
202403.0,2024-03-01,46935.0,HTS EXPRESS CL 514,Consumidor Livre,NORTE,12.0,5.243027
,2024-03-01,,HTS EXPRESS CL 514,,,12.0,5.243027
202403.0,2024-03-02,46935.0,HTS EXPRESS CL 514,Consumidor Livre,NORTE,12.0,5.140463
202403.0,2024-03-02,46935.0,HTS EXPRESS CL 514,Consumidor Livre,NORTE,12.0,5.140463
,2024-03-02,,HTS EXPRESS CL 514,,,12.0,5.140463
202403.0,2024-03-03,46935.0,HTS EXPRESS CL 514,Consumidor Livre,NORTE,12.0,4.865901
202403.0,2024-03-03,46935.0,HTS EXPRESS CL 514,Consumidor Livre,NORTE,12.0,4.865901
,2024-03-03,,HTS EXPRESS CL 514,,,12.0,4.865901
202403.0,2024-03-04,46935.0,HTS EXPRESS CL 514,Consumidor Livre,NORTE,12.0,5.099228
202403.0,2024-03-04,46935.0,HTS EXPRESS CL 514,Consumidor Livre,NORTE,12.0,5.099228
,2024-03-04,,HTS EXPRESS CL 514,,,12.0,5.099228
202403.0,2024-03-05,46935.0,HTS EXPRESS CL 514,Consumidor Livre,NORTE,12.0,5.362897
202403.0,2024-03-05,46935.0,HTS EXPRESS CL 514,Consumidor Livre,NORTE,12.0,5.362897
,2024-03-05,,HTS EXPRESS CL 514,,,12.0,5.362897
202403.0,2024-03-06,46935.0,HTS EXPRESS CL 514,Consumidor Livre,NORTE,12.0,5.928041
202403.0,2024-03-06,46935.0,HTS EXPRESS CL 514,Consumidor Livre,NORTE,12.0,5.928041
,2024-03-06,,HTS EXPRESS CL 514,,,12.0,5.928041
202403.0,2024-03-07,46935.0,HTS EXPRESS CL 514,Consumidor Livre,NORTE,12.0,5.878136
202403.0,2024-03-07,46935.0,HTS EXPRESS CL 514,Consumidor Livre,NORTE,12.0,5.878136
,2024-03-07,,HTS EXPRESS CL 514,,,12.0,5.878136
202403.0,2024-03-08,46935.0,HTS EXPRESS CL 514,Consumidor Livre,NORTE,12.0,5.434844
202403.0,2024-03-08,46935.0,HTS EXPRESS CL 514,Consumidor Livre,NORTE,12.0,5.434844
,2024-03-08,,HTS EXPRESS CL 514,,,12.0,5.434844
202403.0,2024-03-09,46935.0,HTS EXPRESS CL 514,Consumidor Livre,NORTE,12.0,5.20645
202403.0,2024-03-09,46935.0,HTS EXPRESS CL 514,Consumidor Livre,NORTE,12.0,5.20645
,2024-03-09,,HTS EXPRESS CL 514,,,12.0,5.20645
202403.0,2024-03-10,46935.0,HTS EXPRESS CL 514,Consumidor Livre,NORTE,12.0,5.026974
202403.0,2024-03-10,46935.0,HTS EXPRESS CL 514,Consumidor Livre,NORTE,12.0,5.026974
,2024-03-10,,HTS EXPRESS CL 514,,,12.0,5.026974
202403.0,2024-03-11,46935.0,HTS EXPRESS CL 514,Consumidor Livre,NORTE,12.0,5.08267
202403.0,2024-03-11,46935.0,HTS EXPRESS CL 514,Consumidor Livre,NORTE,12.0,5.08267
,2024-03-11,,HTS EXPRESS CL 514,,,12.0,5.08267
202403.0,2024-03-12,46935.0,HTS EXPRESS CL 514,Consumidor Livre,NORTE,12.0,5.177477
202403.0,2024-03-12,46935.0,HTS EXPRESS CL 514,Consumidor Livre,NORTE,12.0,5.177477
,2024-03-12,,HTS EXPRESS CL 514,,,12.0,5.177477
202403.0,2024-03-13,46935.0,HTS EXPRESS CL 514,Consumidor Livre,NORTE,12.0,4.984197
202403.0,2024-03-13,46935.0,HTS EXPRESS CL 514,Consumidor Livre,NORTE,12.0,4.984197
,2024-03-13,,HTS EXPRESS CL 514,,,12.0,4.984197
202403.0,2024-03-14,46935.0,HTS EXPRESS CL 514,Consumidor Livre,NORTE,12.0,5.203841
202403.0,2024-03-14,46935.0,HTS EXPRESS CL 514,Consumidor Livre,NORTE,12.0,5.203841
,2024-03-14,,HTS EXPRESS CL 514,,,12.0,5.203841
202403.0,2024-03-15,46935.0,HTS EXPRESS CL 514,Consumidor Livre,NORTE,12.0,5.084724
202403.0,2024-03-15,46935.0,HTS EXPRESS CL 514,Consumidor Livre,NORTE,12.0,5.084724
,2024-03-15,,HTS EXPRESS CL 514,,,12.0,5.084724
202403.0,2024-03-16,46935.0,HTS EXPRESS CL 514,Consumidor Livre,NORTE,12.0,4.668029
202403.0,2024-03-16,46935.0,HTS EXPRESS CL 514,Consumidor Livre,NORTE,12.0,4.668029
,2024-03-16,,HTS EXPRESS CL 514,,,12.0,4.668029
202403.0,2024-03-17,46935.0,HTS EXPRESS CL 514,Consumidor Livre,NORTE,12.0,4.342726
202403.0,2024-03-17,46935.0,HTS EXPRESS CL 514,Consumidor Livre,NORTE,12.0,4.342726
,2024-03-17,,HTS EXPRESS CL 514,,,12.0,4.342726
202403.0,2024-03-18,46935.0,HTS EXPRESS CL 514,Consumidor Livre,NORTE,12.0,4.495481
202403.0,2024-03-18,46935.0,HTS EXPRESS CL 514,Consumidor Livre,NORTE,12.0,4.495481
,2024-03-18,,HTS EXPRESS CL 514,,,12.0,4.495481
202403.0,2024-03-19,46935.0,HTS EXPRESS CL 514,Consumidor Livre,NORTE,12.0,4.771415
202403.0,2024-03-19,46935.0,HTS EXPRESS CL 514,Consumidor Livre,NORTE,12.0,4.771415
,2024-03-19,,HTS EXPRESS CL 514,,,12.0,4.771415
202403.0,2024-03-20,46935.0,HTS EXPRESS CL 514,Consumidor Livre,NORTE,12.0,4.745286
202403.0,2024-03-20,46935.0,HTS EXPRESS CL 514,Consumidor Livre,NORTE,12.0,4.745286
,2024-03-20,,HTS EXPRESS CL 514,,,12.0,4.745286
202403.0,2024-03-21,46935.0,HTS EXPRESS CL 514,Consumidor Livre,NORTE,12.0,4.355513
202403.0,2024-03-21,46935.0,HTS EXPRESS CL 514,Consumidor Livre,NORTE,12.0,4.355513
,2024-03-21,,HTS EXPRESS CL 514,,,12.0,4.355513
202403.0,2024-03-22,46935.0,HTS EXPRESS CL 514,Consumidor Livre,NORTE,12.0,4.689845
202403.0,2024-03-22,46935.0,HTS EXPRESS CL 514,Consumidor Livre,NORTE,12.0,4.689845
,2024-03-22,,HTS EXPRESS CL 514,,,12.0,4.689845
202403.0,2024-03-23,46935.0,HTS EXPRESS CL 514,Consumidor Livre,NORTE,12.0,4.690124
202403.0,2024-03-23,46935.0,HTS EXPRESS CL 514,Consumidor Livre,NORTE,12.0,4.690124
,2024-03-23,,HTS EXPRESS CL 514,,,12.0,4.690124
202403.0,2024-03-24,46935.0,HTS EXPRESS CL 514,Consumidor Livre,NORTE,12.0,4.117801
202403.0,2024-03-24,46935.0,HTS EXPRESS CL 514,Consumidor Livre,NORTE,12.0,4.117801
,2024-03-24,,HTS EXPRESS CL 514,,,12.0,4.117801
202403.0,2024-03-25,46935.0,HTS EXPRESS CL 514,Consumidor Livre,NORTE,12.0,4.145266
202403.0,2024-03-25,46935.0,HTS EXPRESS CL 514,Consumidor Livre,NORTE,12.0,4.145266
,2024-03-25,,HTS EXPRESS CL 514,,,12.0,4.145266
202403.0,2024-03-26,46935.0,HTS EXPRESS CL 514,Consumidor Livre,NORTE,12.0,4.468965
202403.0,2024-03-26,46935.0,HTS EXPRESS CL 514,Consumidor Livre,NORTE,12.0,4.468965
,2024-03-26,,HTS EXPRESS CL 514,,,12.0,4.468965
202403.0,2024-03-27,46935.0,HTS EXPRESS CL 514,Consumidor Livre,NORTE,12.0,4.465492
202403.0,2024-03-27,46935.0,HTS EXPRESS CL 514,Consumidor Livre,NORTE,12.0,4.465492
,2024-03-27,,HTS EXPRESS CL 514,,,12.0,4.465492
202403.0,2024-03-28,46935.0,HTS EXPRESS CL 514,Consumidor Livre,NORTE,12.0,4.148339
202403.0,2024-03-28,46935.0,HTS EXPRESS CL 514,Consumidor Livre,NORTE,12.0,4.148339
,2024-03-28,,HTS EXPRESS CL 514,,,12.0,4.148339
202403.0,2024-03-29,46935.0,HTS EXPRESS CL 514,Consumidor Livre,NORTE,12.0,3.920038
202403.0,2024-03-29,46935.0,HTS EXPRESS CL 514,Consumidor Livre,NORTE,12.0,3.920038
,2024-03-29,,HTS EXPRESS CL 514,,,12.0,3.920038
202403.0,2024-03-30,46935.0,HTS EXPRESS CL 514,Consumidor Livre,NORTE,12.0,4.704853
202403.0,2024-03-30,46935.0,HTS EXPRESS CL 514,Consumidor Livre,NORTE,12.0,4.704853
,2024-03-30,,HTS EXPRESS CL 514,,,12.0,4.704853
202403.0,2024-03-31,46935.0,HTS EXPRESS CL 514,Consumidor Livre,NORTE,12.0,4.586822
202403.0,2024-03-31,46935.0,HTS EXPRESS CL 514,Consumidor Livre,NORTE,12.0,4.586822
,2024-03-31,,HTS EXPRESS CL 514,,,12.0,4.586822
202404.0,2024-04-01,46935.0,HTS EXPRESS CL 514,Consumidor Livre,NORTE,12.0,4.814786
202404.0,2024-04-01,46935.0,HTS EXPRESS CL 514,Consumidor Livre,NORTE,12.0,4.814786
,2024-04-01,,HTS EXPRESS CL 514,,,12.0,4.814786
202404.0,2024-04-02,46935.0,HTS EXPRESS CL 514,Consumidor Livre,NORTE,12.0,4.904603
202404.0,2024-04-02,46935.0,HTS EXPRESS CL 514,Consumidor Livre,NORTE,12.0,4.904603
,2024-04-02,,HTS EXPRESS CL 514,,,12.0,4.904603
202404.0,2024-04-03,46935.0,HTS EXPRESS CL 514,Consumidor Livre,NORTE,12.0,5.051797
202404.0,2024-04-03,46935.0,HTS EXPRESS CL 514,Consumidor Livre,NORTE,12.0,5.051797
,2024-04-03,,HTS EXPRESS CL 514,,,12.0,5.051797
202404.0,2024-04-04,46935.0,HTS EXPRESS CL 514,Consumidor Livre,NORTE,12.0,4.853267
202404.0,2024-04-04,46935.0,HTS EXPRESS CL 514,Consumidor Livre,NORTE,12.0,4.853267
,2024-04-04,,HTS EXPRESS CL 514,,,12.0,4.853267
202404.0,2024-04-05,46935.0,HTS EXPRESS CL 514,Consumidor Livre,NORTE,12.0,4.84297
202404.0,2024-04-05,46935.0,HTS EXPRESS CL 514,Consumidor Livre,NORTE,12.0,4.84297
,2024-04-05,,HTS EXPRESS CL 514,,,12.0,4.84297
202404.0,2024-04-06,46935.0,HTS EXPRESS CL 514,Consumidor Livre,NORTE,12.0,5.334778
202404.0,2024-04-06,46935.0,HTS EXPRESS CL 514,Consumidor Livre,NORTE,12.0,5.334778
,2024-04-06,,HTS EXPRESS CL 514,,,12.0,5.334778
202404.0,2024-04-07,46935.0,HTS EXPRESS CL 514,Consumidor Livre,NORTE,12.0,5.234331
202404.0,2024-04-07,46935.0,HTS EXPRESS CL 514,Consumidor Livre,NORTE,12.0,5.234331
,2024-04-07,,HTS EXPRESS CL 514,,,12.0,5.234331
202404.0,2024-04-08,46935.0,HTS EXPRESS CL 514,Consumidor Livre,NORTE,12.0,5.461414
202404.0,2024-04-08,46935.0,HTS EXPRESS CL 514,Consumidor Livre,NORTE,12.0,5.461414
,2024-04-08,,HTS EXPRESS CL 514,,,12.0,5.461414
202404.0,2024-04-09,46935.0,HTS EXPRESS CL 514,Consumidor Livre,NORTE,12.0,5.367975
202404.0,2024-04-09,46935.0,HTS EXPRESS CL 514,Consumidor Livre,NORTE,12.0,5.367975
,2024-04-09,,HTS EXPRESS CL 514,,,12.0,5.367975
202404.0,2024-04-10,46935.0,HTS EXPRESS CL 514,Consumidor Livre,NORTE,12.0,5.289309
202404.0,2024-04-10,46935.0,HTS EXPRESS CL 514,Consumidor Livre,NORTE,12.0,5.289309
,2024-04-10,,HTS EXPRESS CL 514,,,12.0,5.289309
202404.0,2024-04-11,46935.0,HTS EXPRESS CL 514,Consumidor Livre,NORTE,12.0,5.473281
202404.0,2024-04-11,46935.0,HTS EXPRESS CL 514,Consumidor Livre,NORTE,12.0,5.473281
,2024-04-11,,HTS EXPRESS CL 514,,,12.0,5.473281
202404.0,2024-04-12,46935.0,HTS EXPRESS CL 514,Consumidor Livre,NORTE,12.0,5.243659
202404.0,2024-04-12,46935.0,HTS EXPRESS CL 514,Consumidor Livre,NORTE,12.0,5.243659
,2024-04-12,,HTS EXPRESS CL 514,,,12.0,5.243659
202404.0,2024-04-13,46935.0,HTS EXPRESS CL 514,Consumidor Livre,NORTE,12.0,5.02906
202404.0,2024-04-13,46935.0,HTS EXPRESS CL 514,Consumidor Livre,NORTE,12.0,5.02906
,2024-04-13,,HTS EXPRESS CL 514,,,12.0,5.02906
202404.0,2024-04-14,46935.0,HTS EXPRESS CL 514,Consumidor Livre,NORTE,12.0,4.54258
202404.0,2024-04-14,46935.0,HTS EXPRESS CL 514,Consumidor Livre,NORTE,12.0,4.54258
,2024-04-14,,HTS EXPRESS CL 514,,,12.0,4.54258
202404.0,2024-04-15,46935.0,HTS EXPRESS CL 514,Consumidor Livre,NORTE,12.0,5.430579
202404.0,2024-04-15,46935.0,HTS EXPRESS CL 514,Consumidor Livre,NORTE,12.0,5.430579
,2024-04-15,,HTS EXPRESS CL 514,,,12.0,5.430579
202404.0,2024-04-16,46935.0,HTS EXPRESS CL 514,Consumidor Livre,NORTE,12.0,5.358242
202404.0,2024-04-16,46935.0,HTS EXPRESS CL 514,Consumidor Livre,NORTE,12.0,5.358242
,2024-04-16,,HTS EXPRESS CL 514,,,12.0,5.358242
202404.0,2024-04-17,46935.0,HTS EXPRESS CL 514,Consumidor Livre,NORTE,12.0,5.142147
202404.0,2024-04-17,46935.0,HTS EXPRESS CL 514,Consumidor Livre,NORTE,12.0,5.142147
,2024-04-17,,HTS EXPRESS CL 514,,,12.0,5.142147
202404.0,2024-04-18,46935.0,HTS EXPRESS CL 514,Consumidor Livre,NORTE,12.0,4.58186
202404.0,2024-04-18,46935.0,HTS EXPRESS CL 514,Consumidor Livre,NORTE,12.0,4.58186
,2024-04-18,,HTS EXPRESS CL 514,,,12.0,4.58186
202404.0,2024-04-19,46935.0,HTS EXPRESS CL 514,Consumidor Livre,NORTE,12.0,4.626734
202404.0,2024-04-19,46935.0,HTS EXPRESS CL 514,Consumidor Livre,NORTE,12.0,4.626734
,2024-04-19,,HTS EXPRESS CL 514,,,12.0,4.626734
202404.0,2024-04-20,46935.0,HTS EXPRESS CL 514,Consumidor Livre,NORTE,12.0,4.474974
202404.0,2024-04-20,46935.0,HTS EXPRESS CL 514,Consumidor Livre,NORTE,12.0,4.474974
,2024-04-20,,HTS EXPRESS CL 514,,,12.0,4.474974
202404.0,2024-04-21,46935.0,HTS EXPRESS CL 514,Consumidor Livre,NORTE,12.0,3.978137
202404.0,2024-04-21,46935.0,HTS EXPRESS CL 514,Consumidor Livre,NORTE,12.0,3.978137
,2024-04-21,,HTS EXPRESS CL 514,,,12.0,3.978137
202404.0,2024-04-22,46935.0,HTS EXPRESS CL 514,Consumidor Livre,NORTE,12.0,4.596772
202404.0,2024-04-22,46935.0,HTS EXPRESS CL 514,Consumidor Livre,NORTE,12.0,4.596772
,2024-04-22,,HTS EXPRESS CL 514,,,12.0,4.596772
202404.0,2024-04-23,46935.0,HTS EXPRESS CL 514,Consumidor Livre,NORTE,12.0,4.990706
202404.0,2024-04-23,46935.0,HTS EXPRESS CL 514,Consumidor Livre,NORTE,12.0,4.990706
,2024-04-23,,HTS EXPRESS CL 514,,,12.0,4.990706
202404.0,2024-04-24,46935.0,HTS EXPRESS CL 514,Consumidor Livre,NORTE,12.0,5.010005
202404.0,2024-04-24,46935.0,HTS EXPRESS CL 514,Consumidor Livre,NORTE,12.0,5.010005
,2024-04-24,,HTS EXPRESS CL 514,,,12.0,5.010005
202404.0,2024-04-25,46935.0,HTS EXPRESS CL 514,Consumidor Livre,NORTE,12.0,4.991354
202404.0,2024-04-25,46935.0,HTS EXPRESS CL 514,Consumidor Livre,NORTE,12.0,4.991354
,2024-04-25,,HTS EXPRESS CL 514,,,12.0,4.991354
202404.0,2024-04-26,46935.0,HTS EXPRESS CL 514,Consumidor Livre,NORTE,12.0,4.933936
202404.0,2024-04-26,46935.0,HTS EXPRESS CL 514,Consumidor Livre,NORTE,12.0,4.933936
,2024-04-26,,HTS EXPRESS CL 514,,,12.0,4.933936
202404.0,2024-04-27,46935.0,HTS EXPRESS CL 514,Consumidor Livre,NORTE,12.0,4.777209
202404.0,2024-04-27,46935.0,HTS EXPRESS CL 514,Consumidor Livre,NORTE,12.0,4.777209
,2024-04-27,,HTS EXPRESS CL 514,,,12.0,4.777209
202404.0,2024-04-28,46935.0,HTS EXPRESS CL 514,Consumidor Livre,NORTE,12.0,4.634907
202404.0,2024-04-28,46935.0,HTS EXPRESS CL 514,Consumidor Livre,NORTE,12.0,4.634907
,2024-04-28,,HTS EXPRESS CL 514,,,12.0,4.634907
202404.0,2024-04-29,46935.0,HTS EXPRESS CL 514,Consumidor Livre,NORTE,12.0,4.899315
202404.0,2024-04-29,46935.0,HTS EXPRESS CL 514,Consumidor Livre,NORTE,12.0,4.899315
,2024-04-29,,HTS EXPRESS CL 514,,,12.0,4.899315
202404.0,2024-04-30,46935.0,HTS EXPRESS CL 514,Consumidor Livre,NORTE,12.0,4.659884
202404.0,2024-04-30,46935.0,HTS EXPRESS CL 514,Consumidor Livre,NORTE,12.0,4.659884
,2024-04-30,,HTS EXPRESS CL 514,,,12.0,4.659884
202405.0,2024-05-01,46935.0,HTS EXPRESS CL 514,Consumidor Livre,NORTE,12.0,4.411573
202405.0,2024-05-01,46935.0,HTS EXPRESS CL 514,Consumidor Livre,NORTE,12.0,4.411573
,2024-05-01,,HTS EXPRESS CL 514,,,12.0,4.411573
202405.0,2024-05-02,46935.0,HTS EXPRESS CL 514,Consumidor Livre,NORTE,12.0,4.866379
202405.0,2024-05-02,46935.0,HTS EXPRESS CL 514,Consumidor Livre,NORTE,12.0,4.866379
,2024-05-02,,HTS EXPRESS CL 514,,,12.0,4.866379
202405.0,2024-05-03,46935.0,HTS EXPRESS CL 514,Consumidor Livre,NORTE,12.0,5.10556
202405.0,2024-05-03,46935.0,HTS EXPRESS CL 514,Consumidor Livre,NORTE,12.0,5.10556
,2024-05-03,,HTS EXPRESS CL 514,,,12.0,5.10556
202405.0,2024-05-04,46935.0,HTS EXPRESS CL 514,Consumidor Livre,NORTE,12.0,4.957254
202405.0,2024-05-04,46935.0,HTS EXPRESS CL 514,Consumidor Livre,NORTE,12.0,4.957254
,2024-05-04,,HTS EXPRESS CL 514,,,12.0,4.957254
202405.0,2024-05-05,46935.0,HTS EXPRESS CL 514,Consumidor Livre,NORTE,12.0,4.85557
202405.0,2024-05-05,46935.0,HTS EXPRESS CL 514,Consumidor Livre,NORTE,12.0,4.85557
,2024-05-05,,HTS EXPRESS CL 514,,,12.0,4.85557
202405.0,2024-05-06,46935.0,HTS EXPRESS CL 514,Consumidor Livre,NORTE,12.0,4.58779
202405.0,2024-05-06,46935.0,HTS EXPRESS CL 514,Consumidor Livre,NORTE,12.0,4.58779
,2024-05-06,,HTS EXPRESS CL 514,,,12.0,4.58779
202405.0,2024-05-07,46935.0,HTS EXPRESS CL 514,Consumidor Livre,NORTE,12.0,4.77327
202405.0,2024-05-07,46935.0,HTS EXPRESS CL 514,Consumidor Livre,NORTE,12.0,4.77327
,2024-05-07,,HTS EXPRESS CL 514,,,12.0,4.77327
202405.0,2024-05-08,46935.0,HTS EXPRESS CL 514,Consumidor Livre,NORTE,12.0,5.049157
202405.0,2024-05-08,46935.0,HTS EXPRESS CL 514,Consumidor Livre,NORTE,12.0,5.049157
,2024-05-08,,HTS EXPRESS CL 514,,,12.0,5.049157
202405.0,2024-05-09,46935.0,HTS EXPRESS CL 514,Consumidor Livre,NORTE,12.0,5.404547
202405.0,2024-05-09,46935.0,HTS EXPRESS CL 514,Consumidor Livre,NORTE,12.0,5.404547
,2024-05-09,,HTS EXPRESS CL 514,,,12.0,5.404547
202405.0,2024-05-10,46935.0,HTS EXPRESS CL 514,Consumidor Livre,NORTE,12.0,5.066518
202405.0,2024-05-10,46935.0,HTS EXPRESS CL 514,Consumidor Livre,NORTE,12.0,5.066518
,2024-05-10,,HTS EXPRESS CL 514,,,12.0,5.066518
202405.0,2024-05-11,46935.0,HTS EXPRESS CL 514,Consumidor Livre,NORTE,12.0,4.7375490000000005
202405.0,2024-05-11,46935.0,HTS EXPRESS CL 514,Consumidor Livre,NORTE,12.0,4.7375490000000005
,2024-05-11,,HTS EXPRESS CL 514,,,12.0,4.7375490000000005
202405.0,2024-05-12,46935.0,HTS EXPRESS CL 514,Consumidor Livre,NORTE,12.0,4.138531
202405.0,2024-05-12,46935.0,HTS EXPRESS CL 514,Consumidor Livre,NORTE,12.0,4.138531
,2024-05-12,,HTS EXPRESS CL 514,,,12.0,4.138531
202405.0,2024-05-13,46935.0,HTS EXPRESS CL 514,Consumidor Livre,NORTE,12.0,4.629243
202405.0,2024-05-13,46935.0,HTS EXPRESS CL 514,Consumidor Livre,NORTE,12.0,4.629243
,2024-05-13,,HTS EXPRESS CL 514,,,12.0,4.629243
202405.0,2024-05-14,46935.0,HTS EXPRESS CL 514,Consumidor Livre,NORTE,12.0,5.009588
202405.0,2024-05-14,46935.0,HTS EXPRESS CL 514,Consumidor Livre,NORTE,12.0,5.009588
,2024-05-14,,HTS EXPRESS CL 514,,,12.0,5.009588
202405.0,2024-05-15,46935.0,HTS EXPRESS CL 514,Consumidor Livre,NORTE,12.0,5.223866
202405.0,2024-05-15,46935.0,HTS EXPRESS CL 514,Consumidor Livre,NORTE,12.0,5.223866
,2024-05-15,,HTS EXPRESS CL 514,,,12.0,5.223866
202405.0,2024-05-16,46935.0,HTS EXPRESS CL 514,Consumidor Livre,NORTE,12.0,5.41865
202405.0,2024-05-16,46935.0,HTS EXPRESS CL 514,Consumidor Livre,NORTE,12.0,5.41865
,2024-05-16,,HTS EXPRESS CL 514,,,12.0,5.41865
202405.0,2024-05-17,46935.0,HTS EXPRESS CL 514,Consumidor Livre,NORTE,12.0,5.013571
202405.0,2024-05-17,46935.0,HTS EXPRESS CL 514,Consumidor Livre,NORTE,12.0,5.013571
,2024-05-17,,HTS EXPRESS CL 514,,,12.0,5.013571
202405.0,2024-05-18,46935.0,HTS EXPRESS CL 514,Consumidor Livre,NORTE,12.0,4.548953
202405.0,2024-05-18,46935.0,HTS EXPRESS CL 514,Consumidor Livre,NORTE,12.0,4.548953
,2024-05-18,,HTS EXPRESS CL 514,,,12.0,4.548953
202405.0,2024-05-19,46935.0,HTS EXPRESS CL 514,Consumidor Livre,NORTE,12.0,4.276029
202405.0,2024-05-19,46935.0,HTS EXPRESS CL 514,Consumidor Livre,NORTE,12.0,4.276029
,2024-05-19,,HTS EXPRESS CL 514,,,12.0,4.276029
202405.0,2024-05-20,46935.0,HTS EXPRESS CL 514,Consumidor Livre,NORTE,12.0,4.517987
202405.0,2024-05-20,46935.0,HTS EXPRESS CL 514,Consumidor Livre,NORTE,12.0,4.517987
,2024-05-20,,HTS EXPRESS CL 514,,,12.0,4.517987
202405.0,2024-05-21,46935.0,HTS EXPRESS CL 514,Consumidor Livre,NORTE,12.0,5.069125
202405.0,2024-05-21,46935.0,HTS EXPRESS CL 514,Consumidor Livre,NORTE,12.0,5.069125
,2024-05-21,,HTS EXPRESS CL 514,,,12.0,5.069125
202405.0,2024-05-22,46935.0,HTS EXPRESS CL 514,Consumidor Livre,NORTE,12.0,5.388605
202405.0,2024-05-22,46935.0,HTS EXPRESS CL 514,Consumidor Livre,NORTE,12.0,5.388605
,2024-05-22,,HTS EXPRESS CL 514,,,12.0,5.388605
202405.0,2024-05-23,46935.0,HTS EXPRESS CL 514,Consumidor Livre,NORTE,12.0,4.410031
202405.0,2024-05-23,46935.0,HTS EXPRESS CL 514,Consumidor Livre,NORTE,12.0,4.410031
,2024-05-23,,HTS EXPRESS CL 514,,,12.0,4.410031
202405.0,2024-05-24,46935.0,HTS EXPRESS CL 514,Consumidor Livre,NORTE,12.0,5.145644
202405.0,2024-05-24,46935.0,HTS EXPRESS CL 514,Consumidor Livre,NORTE,12.0,5.145644
,2024-05-24,,HTS EXPRESS CL 514,,,12.0,5.145644
202405.0,2024-05-25,46935.0,HTS EXPRESS CL 514,Consumidor Livre,NORTE,12.0,4.655185
202405.0,2024-05-25,46935.0,HTS EXPRESS CL 514,Consumidor Livre,NORTE,12.0,4.655185
,2024-05-25,,HTS EXPRESS CL 514,,,12.0,4.655185
202405.0,2024-05-26,46935.0,HTS EXPRESS CL 514,Consumidor Livre,NORTE,12.0,4.597825
202405.0,2024-05-26,46935.0,HTS EXPRESS CL 514,Consumidor Livre,NORTE,12.0,4.597825
,2024-05-26,,HTS EXPRESS CL 514,,,12.0,4.597825
202405.0,2024-05-27,46935.0,HTS EXPRESS CL 514,Consumidor Livre,NORTE,12.0,4.761186
202405.0,2024-05-27,46935.0,HTS EXPRESS CL 514,Consumidor Livre,NORTE,12.0,4.761186
,2024-05-27,,HTS EXPRESS CL 514,,,12.0,4.761186
202405.0,2024-05-28,46935.0,HTS EXPRESS CL 514,Consumidor Livre,NORTE,12.0,4.447624
202405.0,2024-05-28,46935.0,HTS EXPRESS CL 514,Consumidor Livre,NORTE,12.0,4.447624
,2024-05-28,,HTS EXPRESS CL 514,,,12.0,4.447624
202405.0,2024-05-29,46935.0,HTS EXPRESS CL 514,Consumidor Livre,NORTE,12.0,4.373745
202405.0,2024-05-29,46935.0,HTS EXPRESS CL 514,Consumidor Livre,NORTE,12.0,4.373745
,2024-05-29,,HTS EXPRESS CL 514,,,12.0,4.373745
202405.0,2024-05-30,46935.0,HTS EXPRESS CL 514,Consumidor Livre,NORTE,12.0,4.267349
202405.0,2024-05-30,46935.0,HTS EXPRESS CL 514,Consumidor Livre,NORTE,12.0,4.267349
,2024-05-30,,HTS EXPRESS CL 514,,,12.0,4.267349
202405.0,2024-05-31,46935.0,HTS EXPRESS CL 514,Consumidor Livre,NORTE,12.0,4.664666
202405.0,2024-05-31,46935.0,HTS EXPRESS CL 514,Consumidor Livre,NORTE,12.0,4.664666
,2024-05-31,,HTS EXPRESS CL 514,,,12.0,4.664666
202406.0,2024-06-01,46935.0,HTS EXPRESS CL 514,Consumidor Livre,NORTE,12.0,4.296422
202406.0,2024-06-01,46935.0,HTS EXPRESS CL 514,Consumidor Livre,NORTE,12.0,4.296422
,2024-06-01,,HTS EXPRESS CL 514,,,12.0,4.296422
202406.0,2024-06-02,46935.0,HTS EXPRESS CL 514,Consumidor Livre,NORTE,12.0,4.375152
202406.0,2024-06-02,46935.0,HTS EXPRESS CL 514,Consumidor Livre,NORTE,12.0,4.375152
,2024-06-02,,HTS EXPRESS CL 514,,,12.0,4.375152
202406.0,2024-06-03,46935.0,HTS EXPRESS CL 514,Consumidor Livre,NORTE,12.0,4.765054
202406.0,2024-06-03,46935.0,HTS EXPRESS CL 514,Consumidor Livre,NORTE,12.0,4.765054
,2024-06-03,,HTS EXPRESS CL 514,,,12.0,4.765054
202406.0,2024-06-04,46935.0,HTS EXPRESS CL 514,Consumidor Livre,NORTE,12.0,5.36456
202406.0,2024-06-04,46935.0,HTS EXPRESS CL 514,Consumidor Livre,NORTE,12.0,5.36456
,2024-06-04,,HTS EXPRESS CL 514,,,12.0,5.36456
202406.0,2024-06-05,46935.0,HTS EXPRESS CL 514,Consumidor Livre,NORTE,12.0,5.465926
202406.0,2024-06-05,46935.0,HTS EXPRESS CL 514,Consumidor Livre,NORTE,12.0,5.465926
,2024-06-05,,HTS EXPRESS CL 514,,,12.0,5.465926
202406.0,2024-06-06,46935.0,HTS EXPRESS CL 514,Consumidor Livre,NORTE,12.0,5.361217
202406.0,2024-06-06,46935.0,HTS EXPRESS CL 514,Consumidor Livre,NORTE,12.0,5.361217
,2024-06-06,,HTS EXPRESS CL 514,,,12.0,5.361217
202406.0,2024-06-07,46935.0,HTS EXPRESS CL 514,Consumidor Livre,NORTE,12.0,5.553141
202406.0,2024-06-07,46935.0,HTS EXPRESS CL 514,Consumidor Livre,NORTE,12.0,5.553141
,2024-06-07,,HTS EXPRESS CL 514,,,12.0,5.553141
202406.0,2024-06-08,46935.0,HTS EXPRESS CL 514,Consumidor Livre,NORTE,12.0,5.121167
202406.0,2024-06-08,46935.0,HTS EXPRESS CL 514,Consumidor Livre,NORTE,12.0,5.121167
,2024-06-08,,HTS EXPRESS CL 514,,,12.0,5.121167
202406.0,2024-06-09,46935.0,HTS EXPRESS CL 514,Consumidor Livre,NORTE,12.0,4.531654
202406.0,2024-06-09,46935.0,HTS EXPRESS CL 514,Consumidor Livre,NORTE,12.0,4.531654
,2024-06-09,,HTS EXPRESS CL 514,,,12.0,4.531654
202406.0,2024-06-10,46935.0,HTS EXPRESS CL 514,Consumidor Livre,NORTE,12.0,5.063357
202406.0,2024-06-10,46935.0,HTS EXPRESS CL 514,Consumidor Livre,NORTE,12.0,5.063357
,2024-06-10,,HTS EXPRESS CL 514,,,12.0,5.063357
202406.0,2024-06-11,46935.0,HTS EXPRESS CL 514,Consumidor Livre,NORTE,12.0,5.19248
202406.0,2024-06-11,46935.0,HTS EXPRESS CL 514,Consumidor Livre,NORTE,12.0,5.19248
,2024-06-11,,HTS EXPRESS CL 514,,,12.0,5.19248
202406.0,2024-06-12,46935.0,HTS EXPRESS CL 514,Consumidor Livre,NORTE,12.0,5.295673
202406.0,2024-06-12,46935.0,HTS EXPRESS CL 514,Consumidor Livre,NORTE,12.0,5.295673
,2024-06-12,,HTS EXPRESS CL 514,,,12.0,5.295673
202406.0,2024-06-13,46935.0,HTS EXPRESS CL 514,Consumidor Livre,NORTE,12.0,5.312848
202406.0,2024-06-13,46935.0,HTS EXPRESS CL 514,Consumidor Livre,NORTE,12.0,5.312848
,2024-06-13,,HTS EXPRESS CL 514,,,12.0,5.312848
202406.0,2024-06-14,46935.0,HTS EXPRESS CL 514,Consumidor Livre,NORTE,12.0,5.444978
202406.0,2024-06-14,46935.0,HTS EXPRESS CL 514,Consumidor Livre,NORTE,12.0,5.444978
,2024-06-14,,HTS EXPRESS CL 514,,,12.0,5.444978
202406.0,2024-06-15,46935.0,HTS EXPRESS CL 514,Consumidor Livre,NORTE,12.0,5.602517
202406.0,2024-06-15,46935.0,HTS EXPRESS CL 514,Consumidor Livre,NORTE,12.0,5.602517
,2024-06-15,,HTS EXPRESS CL 514,,,12.0,5.602517
202406.0,2024-06-16,46935.0,HTS EXPRESS CL 514,Consumidor Livre,NORTE,12.0,5.250322
202406.0,2024-06-16,46935.0,HTS EXPRESS CL 514,Consumidor Livre,NORTE,12.0,5.250322
,2024-06-16,,HTS EXPRESS CL 514,,,12.0,5.250322
202406.0,2024-06-17,46935.0,HTS EXPRESS CL 514,Consumidor Livre,NORTE,12.0,5.668609
202406.0,2024-06-17,46935.0,HTS EXPRESS CL 514,Consumidor Livre,NORTE,12.0,5.668609
,2024-06-17,,HTS EXPRESS CL 514,,,12.0,5.668609
202406.0,2024-06-18,46935.0,HTS EXPRESS CL 514,Consumidor Livre,NORTE,12.0,5.247736
202406.0,2024-06-18,46935.0,HTS EXPRESS CL 514,Consumidor Livre,NORTE,12.0,5.247736
,2024-06-18,,HTS EXPRESS CL 514,,,12.0,5.247736
202406.0,2024-06-19,46935.0,HTS EXPRESS CL 514,Consumidor Livre,NORTE,12.0,5.219044
202406.0,2024-06-19,46935.0,HTS EXPRESS CL 514,Consumidor Livre,NORTE,12.0,5.219044
,2024-06-19,,HTS EXPRESS CL 514,,,12.0,5.219044
202406.0,2024-06-20,46935.0,HTS EXPRESS CL 514,Consumidor Livre,NORTE,12.0,5.621021
202406.0,2024-06-20,46935.0,HTS EXPRESS CL 514,Consumidor Livre,NORTE,12.0,5.621021
,2024-06-20,,HTS EXPRESS CL 514,,,12.0,5.621021
202406.0,2024-06-21,46935.0,HTS EXPRESS CL 514,Consumidor Livre,NORTE,12.0,5.4317530000000005
202406.0,2024-06-21,46935.0,HTS EXPRESS CL 514,Consumidor Livre,NORTE,12.0,5.4317530000000005
,2024-06-21,,HTS EXPRESS CL 514,,,12.0,5.4317530000000005
202406.0,2024-06-22,46935.0,HTS EXPRESS CL 514,Consumidor Livre,NORTE,12.0,5.376124
202406.0,2024-06-22,46935.0,HTS EXPRESS CL 514,Consumidor Livre,NORTE,12.0,5.376124
,2024-06-22,,HTS EXPRESS CL 514,,,12.0,5.376124
202406.0,2024-06-23,46935.0,HTS EXPRESS CL 514,Consumidor Livre,NORTE,12.0,4.330731
202406.0,2024-06-23,46935.0,HTS EXPRESS CL 514,Consumidor Livre,NORTE,12.0,4.330731
,2024-06-23,,HTS EXPRESS CL 514,,,12.0,4.330731
202406.0,2024-06-24,46935.0,HTS EXPRESS CL 514,Consumidor Livre,NORTE,12.0,4.74702
202406.0,2024-06-24,46935.0,HTS EXPRESS CL 514,Consumidor Livre,NORTE,12.0,4.74702
,2024-06-24,,HTS EXPRESS CL 514,,,12.0,4.74702
202406.0,2024-06-25,46935.0,HTS EXPRESS CL 514,Consumidor Livre,NORTE,12.0,4.700053
202406.0,2024-06-25,46935.0,HTS EXPRESS CL 514,Consumidor Livre,NORTE,12.0,4.700053
,2024-06-25,,HTS EXPRESS CL 514,,,12.0,4.700053
202406.0,2024-06-26,46935.0,HTS EXPRESS CL 514,Consumidor Livre,NORTE,12.0,4.972798
202406.0,2024-06-26,46935.0,HTS EXPRESS CL 514,Consumidor Livre,NORTE,12.0,4.972798
,2024-06-26,,HTS EXPRESS CL 514,,,12.0,4.972798
202406.0,2024-06-27,46935.0,HTS EXPRESS CL 514,Consumidor Livre,NORTE,12.0,4.882633
202406.0,2024-06-27,46935.0,HTS EXPRESS CL 514,Consumidor Livre,NORTE,12.0,4.882633
,2024-06-27,,HTS EXPRESS CL 514,,,12.0,4.882633
202406.0,2024-06-28,46935.0,HTS EXPRESS CL 514,Consumidor Livre,NORTE,12.0,4.809387
202406.0,2024-06-28,46935.0,HTS EXPRESS CL 514,Consumidor Livre,NORTE,12.0,4.809387
,2024-06-28,,HTS EXPRESS CL 514,,,12.0,4.809387
202406.0,2024-06-29,46935.0,HTS EXPRESS CL 514,Consumidor Livre,NORTE,12.0,4.441562
202406.0,2024-06-29,46935.0,HTS EXPRESS CL 514,Consumidor Livre,NORTE,12.0,4.441562
,2024-06-29,,HTS EXPRESS CL 514,,,12.0,4.441562
202406.0,2024-06-30,46935.0,HTS EXPRESS CL 514,Consumidor Livre,NORTE,12.0,4.671153
202406.0,2024-06-30,46935.0,HTS EXPRESS CL 514,Consumidor Livre,NORTE,12.0,4.671153
,2024-06-30,,HTS EXPRESS CL 514,,,12.0,4.671153
202407.0,2024-07-01,46935.0,HTS EXPRESS CL 514,Consumidor Livre,NORTE,12.0,5.205499
202407.0,2024-07-01,46935.0,HTS EXPRESS CL 514,Consumidor Livre,NORTE,12.0,5.205499
,2024-07-01,,HTS EXPRESS CL 514,,,12.0,5.205499
202407.0,2024-07-02,46935.0,HTS EXPRESS CL 514,Consumidor Livre,NORTE,12.0,5.268439
202407.0,2024-07-02,46935.0,HTS EXPRESS CL 514,Consumidor Livre,NORTE,12.0,5.268439
,2024-07-02,,HTS EXPRESS CL 514,,,12.0,5.268439
202407.0,2024-07-03,46935.0,HTS EXPRESS CL 514,Consumidor Livre,NORTE,12.0,4.978465
202407.0,2024-07-03,46935.0,HTS EXPRESS CL 514,Consumidor Livre,NORTE,12.0,4.978465
,2024-07-03,,HTS EXPRESS CL 514,,,12.0,4.978465
202407.0,2024-07-04,46935.0,HTS EXPRESS CL 514,Consumidor Livre,NORTE,12.0,5.033904
202407.0,2024-07-04,46935.0,HTS EXPRESS CL 514,Consumidor Livre,NORTE,12.0,5.033904
,2024-07-04,,HTS EXPRESS CL 514,,,12.0,5.033904
202407.0,2024-07-05,46935.0,HTS EXPRESS CL 514,Consumidor Livre,NORTE,12.0,5.155415
202407.0,2024-07-05,46935.0,HTS EXPRESS CL 514,Consumidor Livre,NORTE,12.0,5.155415
,2024-07-05,,HTS EXPRESS CL 514,,,12.0,5.155415
202407.0,2024-07-06,46935.0,HTS EXPRESS CL 514,Consumidor Livre,NORTE,12.0,4.994178
202407.0,2024-07-06,46935.0,HTS EXPRESS CL 514,Consumidor Livre,NORTE,12.0,4.994178
,2024-07-06,,HTS EXPRESS CL 514,,,12.0,4.994178
202407.0,2024-07-07,46935.0,HTS EXPRESS CL 514,Consumidor Livre,NORTE,12.0,4.588734
202407.0,2024-07-07,46935.0,HTS EXPRESS CL 514,Consumidor Livre,NORTE,12.0,4.588734
,2024-07-07,,HTS EXPRESS CL 514,,,12.0,4.588734
202407.0,2024-07-08,46935.0,HTS EXPRESS CL 514,Consumidor Livre,NORTE,12.0,4.986798
202407.0,2024-07-08,46935.0,HTS EXPRESS CL 514,Consumidor Livre,NORTE,12.0,4.986798
,2024-07-08,,HTS EXPRESS CL 514,,,12.0,4.986798
202407.0,2024-07-09,46935.0,HTS EXPRESS CL 514,Consumidor Livre,NORTE,12.0,5.220815
202407.0,2024-07-09,46935.0,HTS EXPRESS CL 514,Consumidor Livre,NORTE,12.0,5.220815
,2024-07-09,,HTS EXPRESS CL 514,,,12.0,5.220815
202407.0,2024-07-10,46935.0,HTS EXPRESS CL 514,Consumidor Livre,NORTE,12.0,4.778802
202407.0,2024-07-10,46935.0,HTS EXPRESS CL 514,Consumidor Livre,NORTE,12.0,4.778802
,2024-07-10,,HTS EXPRESS CL 514,,,12.0,4.778802
202407.0,2024-07-11,46935.0,HTS EXPRESS CL 514,Consumidor Livre,NORTE,12.0,4.729967
202407.0,2024-07-11,46935.0,HTS EXPRESS CL 514,Consumidor Livre,NORTE,12.0,4.729967
,2024-07-11,,HTS EXPRESS CL 514,,,12.0,4.729967
202407.0,2024-07-12,46935.0,HTS EXPRESS CL 514,Consumidor Livre,NORTE,12.0,4.948735
202407.0,2024-07-12,46935.0,HTS EXPRESS CL 514,Consumidor Livre,NORTE,12.0,4.948735
,2024-07-12,,HTS EXPRESS CL 514,,,12.0,4.948735
202407.0,2024-07-13,46935.0,HTS EXPRESS CL 514,Consumidor Livre,NORTE,12.0,4.888618
202407.0,2024-07-13,46935.0,HTS EXPRESS CL 514,Consumidor Livre,NORTE,12.0,4.888618
,2024-07-13,,HTS EXPRESS CL 514,,,12.0,4.888618
202407.0,2024-07-14,46935.0,HTS EXPRESS CL 514,Consumidor Livre,NORTE,12.0,4.57092
202407.0,2024-07-14,46935.0,HTS EXPRESS CL 514,Consumidor Livre,NORTE,12.0,4.57092
,2024-07-14,,HTS EXPRESS CL 514,,,12.0,4.57092
202407.0,2024-07-15,46935.0,HTS EXPRESS CL 514,Consumidor Livre,NORTE,12.0,4.703332
202407.0,2024-07-15,46935.0,HTS EXPRESS CL 514,Consumidor Livre,NORTE,12.0,4.703332
,2024-07-15,,HTS EXPRESS CL 514,,,12.0,4.703332
202407.0,2024-07-16,46935.0,HTS EXPRESS CL 514,Consumidor Livre,NORTE,12.0,4.734888
202407.0,2024-07-16,46935.0,HTS EXPRESS CL 514,Consumidor Livre,NORTE,12.0,4.734888
,2024-07-16,,HTS EXPRESS CL 514,,,12.0,4.734888
202407.0,2024-07-17,46935.0,HTS EXPRESS CL 514,Consumidor Livre,NORTE,12.0,4.74215
202407.0,2024-07-17,46935.0,HTS EXPRESS CL 514,Consumidor Livre,NORTE,12.0,4.74215
,2024-07-17,,HTS EXPRESS CL 514,,,12.0,4.74215
202407.0,2024-07-18,46935.0,HTS EXPRESS CL 514,Consumidor Livre,NORTE,12.0,5.006034
202407.0,2024-07-18,46935.0,HTS EXPRESS CL 514,Consumidor Livre,NORTE,12.0,5.006034
,2024-07-18,,HTS EXPRESS CL 514,,,12.0,5.006034
202407.0,2024-07-19,46935.0,HTS EXPRESS CL 514,Consumidor Livre,NORTE,12.0,5.1212800000000005
202407.0,2024-07-19,46935.0,HTS EXPRESS CL 514,Consumidor Livre,NORTE,12.0,5.1212800000000005
,2024-07-19,,HTS EXPRESS CL 514,,,12.0,5.1212800000000005
202407.0,2024-07-20,46935.0,HTS EXPRESS CL 514,Consumidor Livre,NORTE,12.0,5.023085
202407.0,2024-07-20,46935.0,HTS EXPRESS CL 514,Consumidor Livre,NORTE,12.0,5.023085
,2024-07-20,,HTS EXPRESS CL 514,,,12.0,5.023085
202407.0,2024-07-21,46935.0,HTS EXPRESS CL 514,Consumidor Livre,NORTE,12.0,4.508723
202407.0,2024-07-21,46935.0,HTS EXPRESS CL 514,Consumidor Livre,NORTE,12.0,4.508723
,2024-07-21,,HTS EXPRESS CL 514,,,12.0,4.508723
202407.0,2024-07-22,46935.0,HTS EXPRESS CL 514,Consumidor Livre,NORTE,12.0,5.223858
202407.0,2024-07-22,46935.0,HTS EXPRESS CL 514,Consumidor Livre,NORTE,12.0,5.223858
,2024-07-22,,HTS EXPRESS CL 514,,,12.0,5.223858
202407.0,2024-07-23,46935.0,HTS EXPRESS CL 514,Consumidor Livre,NORTE,12.0,5.334421
202407.0,2024-07-23,46935.0,HTS EXPRESS CL 514,Consumidor Livre,NORTE,12.0,5.334421
,2024-07-23,,HTS EXPRESS CL 514,,,12.0,5.334421
202407.0,2024-07-24,46935.0,HTS EXPRESS CL 514,Consumidor Livre,NORTE,12.0,5.19097
202407.0,2024-07-24,46935.0,HTS EXPRESS CL 514,Consumidor Livre,NORTE,12.0,5.19097
,2024-07-24,,HTS EXPRESS CL 514,,,12.0,5.19097
202407.0,2024-07-25,46935.0,HTS EXPRESS CL 514,Consumidor Livre,NORTE,12.0,5.041179
202407.0,2024-07-25,46935.0,HTS EXPRESS CL 514,Consumidor Livre,NORTE,12.0,5.041179
,2024-07-25,,HTS EXPRESS CL 514,,,12.0,5.041179
202407.0,2024-07-26,46935.0,HTS EXPRESS CL 514,Consumidor Livre,NORTE,12.0,5.075382
202407.0,2024-07-26,46935.0,HTS EXPRESS CL 514,Consumidor Livre,NORTE,12.0,5.075382
,2024-07-26,,HTS EXPRESS CL 514,,,12.0,5.075382
202407.0,2024-07-27,46935.0,HTS EXPRESS CL 514,Consumidor Livre,NORTE,12.0,5.095312
202407.0,2024-07-27,46935.0,HTS EXPRESS CL 514,Consumidor Livre,NORTE,12.0,5.095312
,2024-07-27,,HTS EXPRESS CL 514,,,12.0,5.095312
202407.0,2024-07-28,46935.0,HTS EXPRESS CL 514,Consumidor Livre,NORTE,12.0,4.644613
202407.0,2024-07-28,46935.0,HTS EXPRESS CL 514,Consumidor Livre,NORTE,12.0,4.644613
,2024-07-28,,HTS EXPRESS CL 514,,,12.0,4.644613
202407.0,2024-07-29,46935.0,HTS EXPRESS CL 514,Consumidor Livre,NORTE,12.0,5.167994
202407.0,2024-07-29,46935.0,HTS EXPRESS CL 514,Consumidor Livre,NORTE,12.0,5.167994
,2024-07-29,,HTS EXPRESS CL 514,,,12.0,5.167994
202407.0,2024-07-30,46935.0,HTS EXPRESS CL 514,Consumidor Livre,NORTE,12.0,5.275265
202407.0,2024-07-30,46935.0,HTS EXPRESS CL 514,Consumidor Livre,NORTE,12.0,5.275265
,2024-07-30,,HTS EXPRESS CL 514,,,12.0,5.275265
202407.0,2024-07-31,46935.0,HTS EXPRESS CL 514,Consumidor Livre,NORTE,12.0,5.2083
202407.0,2024-07-31,46935.0,HTS EXPRESS CL 514,Consumidor Livre,NORTE,12.0,5.2083
,2024-07-31,,HTS EXPRESS CL 514,,,12.0,5.2083
202408.0,2024-08-01,46935.0,HTS EXPRESS CL 514,Consumidor Livre,NORTE,12.0,5.423529
202408.0,2024-08-01,46935.0,HTS EXPRESS CL 514,Consumidor Livre,NORTE,12.0,5.423529
,2024-08-01,,HTS EXPRESS CL 514,,,12.0,5.423529
202408.0,2024-08-02,46935.0,HTS EXPRESS CL 514,Consumidor Livre,NORTE,12.0,5.45818
202408.0,2024-08-02,46935.0,HTS EXPRESS CL 514,Consumidor Livre,NORTE,12.0,5.45818
,2024-08-02,,HTS EXPRESS CL 514,,,12.0,5.45818
202408.0,2024-08-03,46935.0,HTS EXPRESS CL 514,Consumidor Livre,NORTE,12.0,5.251483
202408.0,2024-08-03,46935.0,HTS EXPRESS CL 514,Consumidor Livre,NORTE,12.0,5.251483
,2024-08-03,,HTS EXPRESS CL 514,,,12.0,5.251483
202408.0,2024-08-04,46935.0,HTS EXPRESS CL 514,Consumidor Livre,NORTE,12.0,4.903052
202408.0,2024-08-04,46935.0,HTS EXPRESS CL 514,Consumidor Livre,NORTE,12.0,4.903052
,2024-08-04,,HTS EXPRESS CL 514,,,12.0,4.903052
202408.0,2024-08-05,46935.0,HTS EXPRESS CL 514,Consumidor Livre,NORTE,12.0,5.012104
202408.0,2024-08-05,46935.0,HTS EXPRESS CL 514,Consumidor Livre,NORTE,12.0,5.012104
,2024-08-05,,HTS EXPRESS CL 514,,,12.0,5.012104
202408.0,2024-08-06,46935.0,HTS EXPRESS CL 514,Consumidor Livre,NORTE,12.0,4.992099
202408.0,2024-08-06,46935.0,HTS EXPRESS CL 514,Consumidor Livre,NORTE,12.0,4.992099
,2024-08-06,,HTS EXPRESS CL 514,,,12.0,4.992099
202408.0,2024-08-07,46935.0,HTS EXPRESS CL 514,Consumidor Livre,NORTE,12.0,5.160335
202408.0,2024-08-07,46935.0,HTS EXPRESS CL 514,Consumidor Livre,NORTE,12.0,5.160335
,2024-08-07,,HTS EXPRESS CL 514,,,12.0,5.160335
202408.0,2024-08-08,46935.0,HTS EXPRESS CL 514,Consumidor Livre,NORTE,12.0,5.435439
202408.0,2024-08-08,46935.0,HTS EXPRESS CL 514,Consumidor Livre,NORTE,12.0,5.435439
,2024-08-08,,HTS EXPRESS CL 514,,,12.0,5.435439
202408.0,2024-08-09,46935.0,HTS EXPRESS CL 514,Consumidor Livre,NORTE,12.0,5.470838
202408.0,2024-08-09,46935.0,HTS EXPRESS CL 514,Consumidor Livre,NORTE,12.0,5.470838
,2024-08-09,,HTS EXPRESS CL 514,,,12.0,5.470838
202408.0,2024-08-10,46935.0,HTS EXPRESS CL 514,Consumidor Livre,NORTE,12.0,5.495563
202408.0,2024-08-10,46935.0,HTS EXPRESS CL 514,Consumidor Livre,NORTE,12.0,5.495563
,2024-08-10,,HTS EXPRESS CL 514,,,12.0,5.495563
202408.0,2024-08-11,46935.0,HTS EXPRESS CL 514,Consumidor Livre,NORTE,12.0,4.471867
202408.0,2024-08-11,46935.0,HTS EXPRESS CL 514,Consumidor Livre,NORTE,12.0,4.471867
,2024-08-11,,HTS EXPRESS CL 514,,,12.0,4.471867
202408.0,2024-08-12,46935.0,HTS EXPRESS CL 514,Consumidor Livre,NORTE,12.0,4.692705
202408.0,2024-08-12,46935.0,HTS EXPRESS CL 514,Consumidor Livre,NORTE,12.0,4.692705
,2024-08-12,,HTS EXPRESS CL 514,,,12.0,4.692705
202408.0,2024-08-13,46935.0,HTS EXPRESS CL 514,Consumidor Livre,NORTE,12.0,4.73533
202408.0,2024-08-13,46935.0,HTS EXPRESS CL 514,Consumidor Livre,NORTE,12.0,4.73533
,2024-08-13,,HTS EXPRESS CL 514,,,12.0,4.73533
202408.0,2024-08-14,46935.0,HTS EXPRESS CL 514,Consumidor Livre,NORTE,12.0,4.769484
202408.0,2024-08-14,46935.0,HTS EXPRESS CL 514,Consumidor Livre,NORTE,12.0,4.769484
,2024-08-14,,HTS EXPRESS CL 514,,,12.0,4.769484
202408.0,2024-08-15,46935.0,HTS EXPRESS CL 514,Consumidor Livre,NORTE,12.0,4.870799
202408.0,2024-08-15,46935.0,HTS EXPRESS CL 514,Consumidor Livre,NORTE,12.0,4.870799
,2024-08-15,,HTS EXPRESS CL 514,,,12.0,4.870799
202408.0,2024-08-16,46935.0,HTS EXPRESS CL 514,Consumidor Livre,NORTE,12.0,5.17216
202408.0,2024-08-16,46935.0,HTS EXPRESS CL 514,Consumidor Livre,NORTE,12.0,5.17216
,2024-08-16,,HTS EXPRESS CL 514,,,12.0,5.17216
202408.0,2024-08-17,46935.0,HTS EXPRESS CL 514,Consumidor Livre,NORTE,12.0,5.121029
202408.0,2024-08-17,46935.0,HTS EXPRESS CL 514,Consumidor Livre,NORTE,12.0,5.121029
,2024-08-17,,HTS EXPRESS CL 514,,,12.0,5.121029
202408.0,2024-08-18,46935.0,HTS EXPRESS CL 514,Consumidor Livre,NORTE,12.0,4.659288
202408.0,2024-08-18,46935.0,HTS EXPRESS CL 514,Consumidor Livre,NORTE,12.0,4.659288
,2024-08-18,,HTS EXPRESS CL 514,,,12.0,4.659288
202408.0,2024-08-19,46935.0,HTS EXPRESS CL 514,Consumidor Livre,NORTE,12.0,5.280389
202408.0,2024-08-19,46935.0,HTS EXPRESS CL 514,Consumidor Livre,NORTE,12.0,5.280389
,2024-08-19,,HTS EXPRESS CL 514,,,12.0,5.280389
202408.0,2024-08-20,46935.0,HTS EXPRESS CL 514,Consumidor Livre,NORTE,12.0,3.818871
202408.0,2024-08-20,46935.0,HTS EXPRESS CL 514,Consumidor Livre,NORTE,12.0,3.818871
,2024-08-20,,HTS EXPRESS CL 514,,,12.0,3.818871
202408.0,2024-08-21,46935.0,HTS EXPRESS CL 514,Consumidor Livre,NORTE,12.0,5.611491
202408.0,2024-08-21,46935.0,HTS EXPRESS CL 514,Consumidor Livre,NORTE,12.0,5.611491
,2024-08-21,,HTS EXPRESS CL 514,,,12.0,5.611491
202408.0,2024-08-22,46935.0,HTS EXPRESS CL 514,Consumidor Livre,NORTE,12.0,5.79527
202408.0,2024-08-22,46935.0,HTS EXPRESS CL 514,Consumidor Livre,NORTE,12.0,5.79527
,2024-08-22,,HTS EXPRESS CL 514,,,12.0,5.79527
202408.0,2024-08-23,46935.0,HTS EXPRESS CL 514,Consumidor Livre,NORTE,12.0,5.89644
202408.0,2024-08-23,46935.0,HTS EXPRESS CL 514,Consumidor Livre,NORTE,12.0,5.89644
,2024-08-23,,HTS EXPRESS CL 514,,,12.0,5.89644
202408.0,2024-08-24,46935.0,HTS EXPRESS CL 514,Consumidor Livre,NORTE,12.0,5.517448
202408.0,2024-08-24,46935.0,HTS EXPRESS CL 514,Consumidor Livre,NORTE,12.0,5.517448
,2024-08-24,,HTS EXPRESS CL 514,,,12.0,5.517448
202408.0,2024-08-25,46935.0,HTS EXPRESS CL 514,Consumidor Livre,NORTE,12.0,5.29569
202408.0,2024-08-25,46935.0,HTS EXPRESS CL 514,Consumidor Livre,NORTE,12.0,5.29569
,2024-08-25,,HTS EXPRESS CL 514,,,12.0,5.29569
202408.0,2024-08-26,46935.0,HTS EXPRESS CL 514,Consumidor Livre,NORTE,12.0,5.665787
202408.0,2024-08-26,46935.0,HTS EXPRESS CL 514,Consumidor Livre,NORTE,12.0,5.665787
,2024-08-26,,HTS EXPRESS CL 514,,,12.0,5.665787
202408.0,2024-08-27,46935.0,HTS EXPRESS CL 514,Consumidor Livre,NORTE,12.0,5.481464
202408.0,2024-08-27,46935.0,HTS EXPRESS CL 514,Consumidor Livre,NORTE,12.0,5.481464
,2024-08-27,,HTS EXPRESS CL 514,,,12.0,5.481464
202408.0,2024-08-28,46935.0,HTS EXPRESS CL 514,Consumidor Livre,NORTE,12.0,5.016187
202408.0,2024-08-28,46935.0,HTS EXPRESS CL 514,Consumidor Livre,NORTE,12.0,5.016187
,2024-08-28,,HTS EXPRESS CL 514,,,12.0,5.016187
202408.0,2024-08-29,46935.0,HTS EXPRESS CL 514,Consumidor Livre,NORTE,12.0,5.502886
202408.0,2024-08-29,46935.0,HTS EXPRESS CL 514,Consumidor Livre,NORTE,12.0,5.502886
,2024-08-29,,HTS EXPRESS CL 514,,,12.0,5.502886
202408.0,2024-08-30,46935.0,HTS EXPRESS CL 514,Consumidor Livre,NORTE,12.0,6.042536
202408.0,2024-08-30,46935.0,HTS EXPRESS CL 514,Consumidor Livre,NORTE,12.0,6.042536
,2024-08-30,,HTS EXPRESS CL 514,,,12.0,6.042536
202408.0,2024-08-31,46935.0,HTS EXPRESS CL 514,Consumidor Livre,NORTE,12.0,6.116638
202408.0,2024-08-31,46935.0,HTS EXPRESS CL 514,Consumidor Livre,NORTE,12.0,6.116638
,2024-08-31,,HTS EXPRESS CL 514,,,12.0,6.116638
202409.0,2024-09-01,46935.0,HTS EXPRESS CL 514,Consumidor Livre,NORTE,12.0,5.127447
202409.0,2024-09-01,46935.0,HTS EXPRESS CL 514,Consumidor Livre,NORTE,12.0,5.127447
,2024-09-01,,HTS EXPRESS CL 514,,,12.0,5.127447
202409.0,2024-09-02,46935.0,HTS EXPRESS CL 514,Consumidor Livre,NORTE,12.0,5.919333
202409.0,2024-09-02,46935.0,HTS EXPRESS CL 514,Consumidor Livre,NORTE,12.0,5.919333
,2024-09-02,,HTS EXPRESS CL 514,,,12.0,5.919333
202409.0,2024-09-03,46935.0,HTS EXPRESS CL 514,Consumidor Livre,NORTE,12.0,6.067163
202409.0,2024-09-03,46935.0,HTS EXPRESS CL 514,Consumidor Livre,NORTE,12.0,6.067163
,2024-09-03,,HTS EXPRESS CL 514,,,12.0,6.067163
202409.0,2024-09-04,46935.0,HTS EXPRESS CL 514,Consumidor Livre,NORTE,12.0,6.32719
202409.0,2024-09-04,46935.0,HTS EXPRESS CL 514,Consumidor Livre,NORTE,12.0,6.32719
,2024-09-04,,HTS EXPRESS CL 514,,,12.0,6.32719
202409.0,2024-09-05,46935.0,HTS EXPRESS CL 514,Consumidor Livre,NORTE,12.0,6.198984
202409.0,2024-09-05,46935.0,HTS EXPRESS CL 514,Consumidor Livre,NORTE,12.0,6.198984
,2024-09-05,,HTS EXPRESS CL 514,,,12.0,6.198984
202409.0,2024-09-06,46935.0,HTS EXPRESS CL 514,Consumidor Livre,NORTE,12.0,6.06808
202409.0,2024-09-06,46935.0,HTS EXPRESS CL 514,Consumidor Livre,NORTE,12.0,6.06808
,2024-09-06,,HTS EXPRESS CL 514,,,12.0,6.06808
202409.0,2024-09-07,46935.0,HTS EXPRESS CL 514,Consumidor Livre,NORTE,12.0,5.700157
202409.0,2024-09-07,46935.0,HTS EXPRESS CL 514,Consumidor Livre,NORTE,12.0,5.700157
,2024-09-07,,HTS EXPRESS CL 514,,,12.0,5.700157
202409.0,2024-09-08,46935.0,HTS EXPRESS CL 514,Consumidor Livre,NORTE,12.0,5.243816
202409.0,2024-09-08,46935.0,HTS EXPRESS CL 514,Consumidor Livre,NORTE,12.0,5.243816
,2024-09-08,,HTS EXPRESS CL 514,,,12.0,5.243816
202409.0,2024-09-09,46935.0,HTS EXPRESS CL 514,Consumidor Livre,NORTE,12.0,5.709573
202409.0,2024-09-09,46935.0,HTS EXPRESS CL 514,Consumidor Livre,NORTE,12.0,5.709573
,2024-09-09,,HTS EXPRESS CL 514,,,12.0,5.709573
202409.0,2024-09-10,46935.0,HTS EXPRESS CL 514,Consumidor Livre,NORTE,12.0,5.729127
202409.0,2024-09-10,46935.0,HTS EXPRESS CL 514,Consumidor Livre,NORTE,12.0,5.729127
,2024-09-10,,HTS EXPRESS CL 514,,,12.0,5.729127
202409.0,2024-09-11,46935.0,HTS EXPRESS CL 514,Consumidor Livre,NORTE,12.0,6.079574
202409.0,2024-09-11,46935.0,HTS EXPRESS CL 514,Consumidor Livre,NORTE,12.0,6.079574
,2024-09-11,,HTS EXPRESS CL 514,,,12.0,6.079574
202409.0,2024-09-12,46935.0,HTS EXPRESS CL 514,Consumidor Livre,NORTE,12.0,6.247988
202409.0,2024-09-12,46935.0,HTS EXPRESS CL 514,Consumidor Livre,NORTE,12.0,6.247988
,2024-09-12,,HTS EXPRESS CL 514,,,12.0,6.247988
202409.0,2024-09-13,46935.0,HTS EXPRESS CL 514,Consumidor Livre,NORTE,12.0,6.779452
202409.0,2024-09-13,46935.0,HTS EXPRESS CL 514,Consumidor Livre,NORTE,12.0,6.779452
,2024-09-13,,HTS EXPRESS CL 514,,,12.0,6.779452
202409.0,2024-09-14,46935.0,HTS EXPRESS CL 514,Consumidor Livre,NORTE,12.0,6.816861
202409.0,2024-09-14,46935.0,HTS EXPRESS CL 514,Consumidor Livre,NORTE,12.0,6.816861
,2024-09-14,,HTS EXPRESS CL 514,,,12.0,6.816861
202409.0,2024-09-15,46935.0,HTS EXPRESS CL 514,Consumidor Livre,NORTE,12.0,6.040856
202409.0,2024-09-15,46935.0,HTS EXPRESS CL 514,Consumidor Livre,NORTE,12.0,6.040856
,2024-09-15,,HTS EXPRESS CL 514,,,12.0,6.040856
202409.0,2024-09-16,46935.0,HTS EXPRESS CL 514,Consumidor Livre,NORTE,12.0,6.482858
202409.0,2024-09-16,46935.0,HTS EXPRESS CL 514,Consumidor Livre,NORTE,12.0,6.482858
,2024-09-16,,HTS EXPRESS CL 514,,,12.0,6.482858
202409.0,2024-09-17,46935.0,HTS EXPRESS CL 514,Consumidor Livre,NORTE,12.0,5.912822
202409.0,2024-09-17,46935.0,HTS EXPRESS CL 514,Consumidor Livre,NORTE,12.0,5.912822
,2024-09-17,,HTS EXPRESS CL 514,,,12.0,5.912822
202409.0,2024-09-18,46935.0,HTS EXPRESS CL 514,Consumidor Livre,NORTE,12.0,5.819994
202409.0,2024-09-18,46935.0,HTS EXPRESS CL 514,Consumidor Livre,NORTE,12.0,5.819994
,2024-09-18,,HTS EXPRESS CL 514,,,12.0,5.819994
202409.0,2024-09-19,46935.0,HTS EXPRESS CL 514,Consumidor Livre,NORTE,12.0,5.60738
202409.0,2024-09-19,46935.0,HTS EXPRESS CL 514,Consumidor Livre,NORTE,12.0,5.60738
,2024-09-19,,HTS EXPRESS CL 514,,,12.0,5.60738
202409.0,2024-09-20,46935.0,HTS EXPRESS CL 514,Consumidor Livre,NORTE,12.0,5.659756
202409.0,2024-09-20,46935.0,HTS EXPRESS CL 514,Consumidor Livre,NORTE,12.0,5.659756
,2024-09-20,,HTS EXPRESS CL 514,,,12.0,5.659756
202409.0,2024-09-21,46935.0,HTS EXPRESS CL 514,Consumidor Livre,NORTE,12.0,5.507585
202409.0,2024-09-21,46935.0,HTS EXPRESS CL 514,Consumidor Livre,NORTE,12.0,5.507585
,2024-09-21,,HTS EXPRESS CL 514,,,12.0,5.507585
202409.0,2024-09-22,46935.0,HTS EXPRESS CL 514,Consumidor Livre,NORTE,12.0,4.81487
202409.0,2024-09-22,46935.0,HTS EXPRESS CL 514,Consumidor Livre,NORTE,12.0,4.81487
,2024-09-22,,HTS EXPRESS CL 514,,,12.0,4.81487
202409.0,2024-09-23,46935.0,HTS EXPRESS CL 514,Consumidor Livre,NORTE,12.0,5.14428
202409.0,2024-09-23,46935.0,HTS EXPRESS CL 514,Consumidor Livre,NORTE,12.0,5.14428
,2024-09-23,,HTS EXPRESS CL 514,,,12.0,5.14428
202409.0,2024-09-24,46935.0,HTS EXPRESS CL 514,Consumidor Livre,NORTE,12.0,5.023092
202409.0,2024-09-24,46935.0,HTS EXPRESS CL 514,Consumidor Livre,NORTE,12.0,5.023092
,2024-09-24,,HTS EXPRESS CL 514,,,12.0,5.023092
202409.0,2024-09-25,46935.0,HTS EXPRESS CL 514,Consumidor Livre,NORTE,12.0,5.485433
202409.0,2024-09-25,46935.0,HTS EXPRESS CL 514,Consumidor Livre,NORTE,12.0,5.485433
,2024-09-25,,HTS EXPRESS CL 514,,,12.0,5.485433
202409.0,2024-09-26,46935.0,HTS EXPRESS CL 514,Consumidor Livre,NORTE,12.0,5.832919
202409.0,2024-09-26,46935.0,HTS EXPRESS CL 514,Consumidor Livre,NORTE,12.0,5.832919
,2024-09-26,,HTS EXPRESS CL 514,,,12.0,5.832919
202409.0,2024-09-27,46935.0,HTS EXPRESS CL 514,Consumidor Livre,NORTE,12.0,5.947401
202409.0,2024-09-27,46935.0,HTS EXPRESS CL 514,Consumidor Livre,NORTE,12.0,5.947401
,2024-09-27,,HTS EXPRESS CL 514,,,12.0,5.947401
202409.0,2024-09-28,46935.0,HTS EXPRESS CL 514,Consumidor Livre,NORTE,12.0,5.370175000000001
202409.0,2024-09-28,46935.0,HTS EXPRESS CL 514,Consumidor Livre,NORTE,12.0,5.370175000000001
,2024-09-28,,HTS EXPRESS CL 514,,,12.0,5.370175000000001
202409.0,2024-09-29,46935.0,HTS EXPRESS CL 514,Consumidor Livre,NORTE,12.0,5.109143
202409.0,2024-09-29,46935.0,HTS EXPRESS CL 514,Consumidor Livre,NORTE,12.0,5.109143
,2024-09-29,,HTS EXPRESS CL 514,,,12.0,5.109143
202409.0,2024-09-30,46935.0,HTS EXPRESS CL 514,Consumidor Livre,NORTE,12.0,4.98051
202409.0,2024-09-30,46935.0,HTS EXPRESS CL 514,Consumidor Livre,NORTE,12.0,4.98051
,2024-09-30,,HTS EXPRESS CL 514,,,12.0,4.98051
202410.0,2024-10-01,46935.0,HTS EXPRESS CL 514,Consumidor Livre,NORTE,12.0,4.978675
202410.0,2024-10-01,46935.0,HTS EXPRESS CL 514,Consumidor Livre,NORTE,12.0,4.978675
,2024-10-01,,HTS EXPRESS CL 514,,,12.0,4.978675
202410.0,2024-10-02,46935.0,HTS EXPRESS CL 514,Consumidor Livre,NORTE,12.0,5.557758
202410.0,2024-10-02,46935.0,HTS EXPRESS CL 514,Consumidor Livre,NORTE,12.0,5.557758
,2024-10-02,,HTS EXPRESS CL 514,,,12.0,5.557758
202410.0,2024-10-03,46935.0,HTS EXPRESS CL 514,Consumidor Livre,NORTE,12.0,5.864478
202410.0,2024-10-03,46935.0,HTS EXPRESS CL 514,Consumidor Livre,NORTE,12.0,5.864478
,2024-10-03,,HTS EXPRESS CL 514,,,12.0,5.864478
202410.0,2024-10-04,46935.0,HTS EXPRESS CL 514,Consumidor Livre,NORTE,12.0,5.527073
202410.0,2024-10-04,46935.0,HTS EXPRESS CL 514,Consumidor Livre,NORTE,12.0,5.527073
,2024-10-04,,HTS EXPRESS CL 514,,,12.0,5.527073
202410.0,2024-10-05,46935.0,HTS EXPRESS CL 514,Consumidor Livre,NORTE,12.0,5.691528
202410.0,2024-10-05,46935.0,HTS EXPRESS CL 514,Consumidor Livre,NORTE,12.0,5.691528
,2024-10-05,,HTS EXPRESS CL 514,,,12.0,5.691528
202410.0,2024-10-06,46935.0,HTS EXPRESS CL 514,Consumidor Livre,NORTE,12.0,4.70559
202410.0,2024-10-06,46935.0,HTS EXPRESS CL 514,Consumidor Livre,NORTE,12.0,4.70559
,2024-10-06,,HTS EXPRESS CL 514,,,12.0,4.70559
202410.0,2024-10-07,46935.0,HTS EXPRESS CL 514,Consumidor Livre,NORTE,12.0,5.0680950000000005
202410.0,2024-10-07,46935.0,HTS EXPRESS CL 514,Consumidor Livre,NORTE,12.0,5.0680950000000005
,2024-10-07,,HTS EXPRESS CL 514,,,12.0,5.0680950000000005
202410.0,2024-10-08,46935.0,HTS EXPRESS CL 514,Consumidor Livre,NORTE,12.0,5.665851
202410.0,2024-10-08,46935.0,HTS EXPRESS CL 514,Consumidor Livre,NORTE,12.0,5.665851
,2024-10-08,,HTS EXPRESS CL 514,,,12.0,5.665851
202410.0,2024-10-09,46935.0,HTS EXPRESS CL 514,Consumidor Livre,NORTE,12.0,6.082629
202410.0,2024-10-09,46935.0,HTS EXPRESS CL 514,Consumidor Livre,NORTE,12.0,6.082629
,2024-10-09,,HTS EXPRESS CL 514,,,12.0,6.082629
202410.0,2024-10-10,46935.0,HTS EXPRESS CL 514,Consumidor Livre,NORTE,12.0,6.1751
202410.0,2024-10-10,46935.0,HTS EXPRESS CL 514,Consumidor Livre,NORTE,12.0,6.1751
,2024-10-10,,HTS EXPRESS CL 514,,,12.0,6.1751
202410.0,2024-10-11,46935.0,HTS EXPRESS CL 514,Consumidor Livre,NORTE,12.0,6.266708
202410.0,2024-10-11,46935.0,HTS EXPRESS CL 514,Consumidor Livre,NORTE,12.0,6.266708
,2024-10-11,,HTS EXPRESS CL 514,,,12.0,6.266708
202410.0,2024-10-12,46935.0,HTS EXPRESS CL 514,Consumidor Livre,NORTE,12.0,5.75099
202410.0,2024-10-12,46935.0,HTS EXPRESS CL 514,Consumidor Livre,NORTE,12.0,5.75099
,2024-10-12,,HTS EXPRESS CL 514,,,12.0,5.75099
202410.0,2024-10-13,46935.0,HTS EXPRESS CL 514,Consumidor Livre,NORTE,12.0,4.989445
202410.0,2024-10-13,46935.0,HTS EXPRESS CL 514,Consumidor Livre,NORTE,12.0,4.989445
,2024-10-13,,HTS EXPRESS CL 514,,,12.0,4.989445
202410.0,2024-10-14,46935.0,HTS EXPRESS CL 514,Consumidor Livre,NORTE,12.0,5.622237
202410.0,2024-10-14,46935.0,HTS EXPRESS CL 514,Consumidor Livre,NORTE,12.0,5.622237
,2024-10-14,,HTS EXPRESS CL 514,,,12.0,5.622237
202410.0,2024-10-15,46935.0,HTS EXPRESS CL 514,Consumidor Livre,NORTE,12.0,5.635724
202410.0,2024-10-15,46935.0,HTS EXPRESS CL 514,Consumidor Livre,NORTE,12.0,5.635724
,2024-10-15,,HTS EXPRESS CL 514,,,12.0,5.635724
202410.0,2024-10-16,46935.0,HTS EXPRESS CL 514,Consumidor Livre,NORTE,12.0,5.079721
202410.0,2024-10-16,46935.0,HTS EXPRESS CL 514,Consumidor Livre,NORTE,12.0,5.079721
,2024-10-16,,HTS EXPRESS CL 514,,,12.0,5.079721
202410.0,2024-10-17,46935.0,HTS EXPRESS CL 514,Consumidor Livre,NORTE,12.0,5.004402
202410.0,2024-10-17,46935.0,HTS EXPRESS CL 514,Consumidor Livre,NORTE,12.0,5.004402
,2024-10-17,,HTS EXPRESS CL 514,,,12.0,5.004402
202410.0,2024-10-18,46935.0,HTS EXPRESS CL 514,Consumidor Livre,NORTE,12.0,5.575961
202410.0,2024-10-18,46935.0,HTS EXPRESS CL 514,Consumidor Livre,NORTE,12.0,5.575961
,2024-10-18,,HTS EXPRESS CL 514,,,12.0,5.575961
202410.0,2024-10-19,46935.0,HTS EXPRESS CL 514,Consumidor Livre,NORTE,12.0,5.975772
202410.0,2024-10-19,46935.0,HTS EXPRESS CL 514,Consumidor Livre,NORTE,12.0,5.975772
,2024-10-19,,HTS EXPRESS CL 514,,,12.0,5.975772
202410.0,2024-10-20,46935.0,HTS EXPRESS CL 514,Consumidor Livre,NORTE,12.0,5.144555
202410.0,2024-10-20,46935.0,HTS EXPRESS CL 514,Consumidor Livre,NORTE,12.0,5.144555
,2024-10-20,,HTS EXPRESS CL 514,,,12.0,5.144555
202410.0,2024-10-21,46935.0,HTS EXPRESS CL 514,Consumidor Livre,NORTE,12.0,5.68673
202410.0,2024-10-21,46935.0,HTS EXPRESS CL 514,Consumidor Livre,NORTE,12.0,5.68673
,2024-10-21,,HTS EXPRESS CL 514,,,12.0,5.68673
202410.0,2024-10-22,46935.0,HTS EXPRESS CL 514,Consumidor Livre,NORTE,12.0,4.921312
202410.0,2024-10-22,46935.0,HTS EXPRESS CL 514,Consumidor Livre,NORTE,12.0,4.921312
,2024-10-22,,HTS EXPRESS CL 514,,,12.0,4.921312
202410.0,2024-10-23,46935.0,HTS EXPRESS CL 514,Consumidor Livre,NORTE,12.0,5.543406
202410.0,2024-10-23,46935.0,HTS EXPRESS CL 514,Consumidor Livre,NORTE,12.0,5.543406
,2024-10-23,,HTS EXPRESS CL 514,,,12.0,5.543406
202410.0,2024-10-24,46935.0,HTS EXPRESS CL 514,Consumidor Livre,NORTE,12.0,5.644421
202410.0,2024-10-24,46935.0,HTS EXPRESS CL 514,Consumidor Livre,NORTE,12.0,5.644421
,2024-10-24,,HTS EXPRESS CL 514,,,12.0,5.644421
202410.0,2024-10-25,46935.0,HTS EXPRESS CL 514,Consumidor Livre,NORTE,12.0,6.008844
202410.0,2024-10-25,46935.0,HTS EXPRESS CL 514,Consumidor Livre,NORTE,12.0,6.008844
,2024-10-25,,HTS EXPRESS CL 514,,,12.0,6.008844
202410.0,2024-10-26,46935.0,HTS EXPRESS CL 514,Consumidor Livre,NORTE,12.0,5.807801
202410.0,2024-10-26,46935.0,HTS EXPRESS CL 514,Consumidor Livre,NORTE,12.0,5.807801
,2024-10-26,,HTS EXPRESS CL 514,,,12.0,5.807801
202410.0,2024-10-27,46935.0,HTS EXPRESS CL 514,Consumidor Livre,NORTE,12.0,5.303323
202410.0,2024-10-27,46935.0,HTS EXPRESS CL 514,Consumidor Livre,NORTE,12.0,5.303323
,2024-10-27,,HTS EXPRESS CL 514,,,12.0,5.303323
202410.0,2024-10-28,46935.0,HTS EXPRESS CL 514,Consumidor Livre,NORTE,12.0,5.453293
202410.0,2024-10-28,46935.0,HTS EXPRESS CL 514,Consumidor Livre,NORTE,12.0,5.453293
,2024-10-28,,HTS EXPRESS CL 514,,,12.0,5.453293
202410.0,2024-10-29,46935.0,HTS EXPRESS CL 514,Consumidor Livre,NORTE,12.0,5.53638
202410.0,2024-10-29,46935.0,HTS EXPRESS CL 514,Consumidor Livre,NORTE,12.0,5.53638
,2024-10-29,,HTS EXPRESS CL 514,,,12.0,5.53638
202410.0,2024-10-30,46935.0,HTS EXPRESS CL 514,Consumidor Livre,NORTE,12.0,5.229671
202410.0,2024-10-30,46935.0,HTS EXPRESS CL 514,Consumidor Livre,NORTE,12.0,5.229671
,2024-10-30,,HTS EXPRESS CL 514,,,12.0,5.229671
202410.0,2024-10-31,46935.0,HTS EXPRESS CL 514,Consumidor Livre,NORTE,12.0,5.229812
202410.0,2024-10-31,46935.0,HTS EXPRESS CL 514,Consumidor Livre,NORTE,12.0,5.229812
,2024-10-31,,HTS EXPRESS CL 514,,,12.0,5.229812
202411.0,2024-11-01,46935.0,HTS EXPRESS CL 514,Consumidor Livre,NORTE,12.0,5.261653
202411.0,2024-11-01,46935.0,HTS EXPRESS CL 514,Consumidor Livre,NORTE,12.0,5.261653
,2024-11-01,,HTS EXPRESS CL 514,,,12.0,5.261653
202411.0,2024-11-02,46935.0,HTS EXPRESS CL 514,Consumidor Livre,NORTE,12.0,5.357071
202411.0,2024-11-02,46935.0,HTS EXPRESS CL 514,Consumidor Livre,NORTE,12.0,5.357071
,2024-11-02,,HTS EXPRESS CL 514,,,12.0,5.357071
202411.0,2024-11-03,46935.0,HTS EXPRESS CL 514,Consumidor Livre,NORTE,12.0,4.788063
202411.0,2024-11-03,46935.0,HTS EXPRESS CL 514,Consumidor Livre,NORTE,12.0,4.788063
,2024-11-03,,HTS EXPRESS CL 514,,,12.0,4.788063
202411.0,2024-11-04,46935.0,HTS EXPRESS CL 514,Consumidor Livre,NORTE,12.0,5.009189
202411.0,2024-11-04,46935.0,HTS EXPRESS CL 514,Consumidor Livre,NORTE,12.0,5.009189
,2024-11-04,,HTS EXPRESS CL 514,,,12.0,5.009189
202411.0,2024-11-05,46935.0,HTS EXPRESS CL 514,Consumidor Livre,NORTE,12.0,5.083554
202411.0,2024-11-05,46935.0,HTS EXPRESS CL 514,Consumidor Livre,NORTE,12.0,5.083554
,2024-11-05,,HTS EXPRESS CL 514,,,12.0,5.083554
202411.0,2024-11-06,46935.0,HTS EXPRESS CL 514,Consumidor Livre,NORTE,12.0,4.659667
202411.0,2024-11-06,46935.0,HTS EXPRESS CL 514,Consumidor Livre,NORTE,12.0,4.659667
,2024-11-06,,HTS EXPRESS CL 514,,,12.0,4.659667
202411.0,2024-11-07,46935.0,HTS EXPRESS CL 514,Consumidor Livre,NORTE,12.0,4.693388
202411.0,2024-11-07,46935.0,HTS EXPRESS CL 514,Consumidor Livre,NORTE,12.0,4.693388
,2024-11-07,,HTS EXPRESS CL 514,,,12.0,4.693388
202411.0,2024-11-08,46935.0,HTS EXPRESS CL 514,Consumidor Livre,NORTE,12.0,4.764726
202411.0,2024-11-08,46935.0,HTS EXPRESS CL 514,Consumidor Livre,NORTE,12.0,4.764726
,2024-11-08,,HTS EXPRESS CL 514,,,12.0,4.764726
202411.0,2024-11-09,46935.0,HTS EXPRESS CL 514,Consumidor Livre,NORTE,12.0,4.95513
202411.0,2024-11-09,46935.0,HTS EXPRESS CL 514,Consumidor Livre,NORTE,12.0,4.95513
,2024-11-09,,HTS EXPRESS CL 514,,,12.0,4.95513
202411.0,2024-11-10,46935.0,HTS EXPRESS CL 514,Consumidor Livre,NORTE,12.0,3.972995
202411.0,2024-11-10,46935.0,HTS EXPRESS CL 514,Consumidor Livre,NORTE,12.0,3.972995
,2024-11-10,,HTS EXPRESS CL 514,,,12.0,3.972995
202411.0,2024-11-11,46935.0,HTS EXPRESS CL 514,Consumidor Livre,NORTE,12.0,4.321217
202411.0,2024-11-11,46935.0,HTS EXPRESS CL 514,Consumidor Livre,NORTE,12.0,4.321217
,2024-11-11,,HTS EXPRESS CL 514,,,12.0,4.321217
202411.0,2024-11-12,46935.0,HTS EXPRESS CL 514,Consumidor Livre,NORTE,12.0,4.657519
202411.0,2024-11-12,46935.0,HTS EXPRESS CL 514,Consumidor Livre,NORTE,12.0,4.657519
,2024-11-12,,HTS EXPRESS CL 514,,,12.0,4.657519
202411.0,2024-11-13,46935.0,HTS EXPRESS CL 514,Consumidor Livre,NORTE,12.0,4.660963
202411.0,2024-11-13,46935.0,HTS EXPRESS CL 514,Consumidor Livre,NORTE,12.0,4.660963
,2024-11-13,,HTS EXPRESS CL 514,,,12.0,4.660963
202411.0,2024-11-14,46935.0,HTS EXPRESS CL 514,Consumidor Livre,NORTE,12.0,4.557634
202411.0,2024-11-14,46935.0,HTS EXPRESS CL 514,Consumidor Livre,NORTE,12.0,4.557634
,2024-11-14,,HTS EXPRESS CL 514,,,12.0,4.557634
202411.0,2024-11-15,46935.0,HTS EXPRESS CL 514,Consumidor Livre,NORTE,12.0,4.521731
202411.0,2024-11-15,46935.0,HTS EXPRESS CL 514,Consumidor Livre,NORTE,12.0,4.521731
,2024-11-15,,HTS EXPRESS CL 514,,,12.0,4.521731
202411.0,2024-11-16,46935.0,HTS EXPRESS CL 514,Consumidor Livre,NORTE,12.0,4.438669
202411.0,2024-11-16,46935.0,HTS EXPRESS CL 514,Consumidor Livre,NORTE,12.0,4.438669
,2024-11-16,,HTS EXPRESS CL 514,,,12.0,4.438669
202411.0,2024-11-17,46935.0,HTS EXPRESS CL 514,Consumidor Livre,NORTE,12.0,4.08073
202411.0,2024-11-17,46935.0,HTS EXPRESS CL 514,Consumidor Livre,NORTE,12.0,4.08073
,2024-11-17,,HTS EXPRESS CL 514,,,12.0,4.08073
202411.0,2024-11-18,46935.0,HTS EXPRESS CL 514,Consumidor Livre,NORTE,12.0,4.806066
202411.0,2024-11-18,46935.0,HTS EXPRESS CL 514,Consumidor Livre,NORTE,12.0,4.806066
,2024-11-18,,HTS EXPRESS CL 514,,,12.0,4.806066
202411.0,2024-11-19,46935.0,HTS EXPRESS CL 514,Consumidor Livre,NORTE,12.0,4.677505
202411.0,2024-11-19,46935.0,HTS EXPRESS CL 514,Consumidor Livre,NORTE,12.0,4.677505
,2024-11-19,,HTS EXPRESS CL 514,,,12.0,4.677505
202411.0,2024-11-20,46935.0,HTS EXPRESS CL 514,Consumidor Livre,NORTE,12.0,4.429891
202411.0,2024-11-20,46935.0,HTS EXPRESS CL 514,Consumidor Livre,NORTE,12.0,4.429891
,2024-11-20,,HTS EXPRESS CL 514,,,12.0,4.429891
202411.0,2024-11-21,46935.0,HTS EXPRESS CL 514,Consumidor Livre,NORTE,12.0,4.594367
202411.0,2024-11-21,46935.0,HTS EXPRESS CL 514,Consumidor Livre,NORTE,12.0,4.594367
,2024-11-21,,HTS EXPRESS CL 514,,,12.0,4.594367
202411.0,2024-11-22,46935.0,HTS EXPRESS CL 514,Consumidor Livre,NORTE,12.0,4.607358
202411.0,2024-11-22,46935.0,HTS EXPRESS CL 514,Consumidor Livre,NORTE,12.0,4.607358
,2024-11-22,,HTS EXPRESS CL 514,,,12.0,4.607358
202411.0,2024-11-23,46935.0,HTS EXPRESS CL 514,Consumidor Livre,NORTE,12.0,4.613273
202411.0,2024-11-23,46935.0,HTS EXPRESS CL 514,Consumidor Livre,NORTE,12.0,4.613273
,2024-11-23,,HTS EXPRESS CL 514,,,12.0,4.613273
202411.0,2024-11-24,46935.0,HTS EXPRESS CL 514,Consumidor Livre,NORTE,12.0,4.314954
202411.0,2024-11-24,46935.0,HTS EXPRESS CL 514,Consumidor Livre,NORTE,12.0,4.314954
,2024-11-24,,HTS EXPRESS CL 514,,,12.0,4.314954
202411.0,2024-11-25,46935.0,HTS EXPRESS CL 514,Consumidor Livre,NORTE,12.0,4.501583
202411.0,2024-11-25,46935.0,HTS EXPRESS CL 514,Consumidor Livre,NORTE,12.0,4.501583
,2024-11-25,,HTS EXPRESS CL 514,,,12.0,4.501583
202411.0,2024-11-26,46935.0,HTS EXPRESS CL 514,Consumidor Livre,NORTE,12.0,4.467028
202411.0,2024-11-26,46935.0,HTS EXPRESS CL 514,Consumidor Livre,NORTE,12.0,4.467028
,2024-11-26,,HTS EXPRESS CL 514,,,12.0,4.467028
202411.0,2024-11-27,46935.0,HTS EXPRESS CL 514,Consumidor Livre,NORTE,12.0,4.65868
202411.0,2024-11-27,46935.0,HTS EXPRESS CL 514,Consumidor Livre,NORTE,12.0,4.65868
,2024-11-27,,HTS EXPRESS CL 514,,,12.0,4.65868
202411.0,2024-11-28,46935.0,HTS EXPRESS CL 514,Consumidor Livre,NORTE,12.0,5.19214
202411.0,2024-11-28,46935.0,HTS EXPRESS CL 514,Consumidor Livre,NORTE,12.0,5.19214
,2024-11-28,,HTS EXPRESS CL 514,,,12.0,5.19214
202411.0,2024-11-29,46935.0,HTS EXPRESS CL 514,Consumidor Livre,NORTE,12.0,5.236085
202411.0,2024-11-29,46935.0,HTS EXPRESS CL 514,Consumidor Livre,NORTE,12.0,5.236085
,2024-11-29,,HTS EXPRESS CL 514,,,12.0,5.236085
202411.0,2024-11-30,46935.0,HTS EXPRESS CL 514,Consumidor Livre,NORTE,12.0,4.836038
202411.0,2024-11-30,46935.0,HTS EXPRESS CL 514,Consumidor Livre,NORTE,12.0,4.836038
,2024-11-30,,HTS EXPRESS CL 514,,,12.0,4.836038
202412.0,2024-12-01,46935.0,HTS EXPRESS CL 514,Consumidor Livre,NORTE,12.0,4.329235
202412.0,2024-12-01,46935.0,HTS EXPRESS CL 514,Consumidor Livre,NORTE,12.0,4.329235
,2024-12-01,,HTS EXPRESS CL 514,,,12.0,4.329235
202412.0,2024-12-02,46935.0,HTS EXPRESS CL 514,Consumidor Livre,NORTE,12.0,5.160558
202412.0,2024-12-02,46935.0,HTS EXPRESS CL 514,Consumidor Livre,NORTE,12.0,5.160558
,2024-12-02,,HTS EXPRESS CL 514,,,12.0,5.160558
202412.0,2024-12-03,46935.0,HTS EXPRESS CL 514,Consumidor Livre,NORTE,12.0,5.343032
202412.0,2024-12-03,46935.0,HTS EXPRESS CL 514,Consumidor Livre,NORTE,12.0,5.343032
,2024-12-03,,HTS EXPRESS CL 514,,,12.0,5.343032
202412.0,2024-12-04,46935.0,HTS EXPRESS CL 514,Consumidor Livre,NORTE,12.0,5.111455
202412.0,2024-12-04,46935.0,HTS EXPRESS CL 514,Consumidor Livre,NORTE,12.0,5.111455
,2024-12-04,,HTS EXPRESS CL 514,,,12.0,5.111455
202412.0,2024-12-05,46935.0,HTS EXPRESS CL 514,Consumidor Livre,NORTE,12.0,5.260707
202412.0,2024-12-05,46935.0,HTS EXPRESS CL 514,Consumidor Livre,NORTE,12.0,5.260707
,2024-12-05,,HTS EXPRESS CL 514,,,12.0,5.260707
202412.0,2024-12-06,46935.0,HTS EXPRESS CL 514,Consumidor Livre,NORTE,12.0,4.721463
202412.0,2024-12-06,46935.0,HTS EXPRESS CL 514,Consumidor Livre,NORTE,12.0,4.721463
,2024-12-06,,HTS EXPRESS CL 514,,,12.0,4.721463
202412.0,2024-12-07,46935.0,HTS EXPRESS CL 514,Consumidor Livre,NORTE,12.0,4.761921
202412.0,2024-12-07,46935.0,HTS EXPRESS CL 514,Consumidor Livre,NORTE,12.0,4.761921
,2024-12-07,,HTS EXPRESS CL 514,,,12.0,4.761921
202412.0,2024-12-08,46935.0,HTS EXPRESS CL 514,Consumidor Livre,NORTE,12.0,4.39007
202412.0,2024-12-08,46935.0,HTS EXPRESS CL 514,Consumidor Livre,NORTE,12.0,4.39007
,2024-12-08,,HTS EXPRESS CL 514,,,12.0,4.39007
202412.0,2024-12-09,46935.0,HTS EXPRESS CL 514,Consumidor Livre,NORTE,12.0,4.825062
202412.0,2024-12-09,46935.0,HTS EXPRESS CL 514,Consumidor Livre,NORTE,12.0,4.825062
,2024-12-09,,HTS EXPRESS CL 514,,,12.0,4.825062
202412.0,2024-12-10,46935.0,HTS EXPRESS CL 514,Consumidor Livre,NORTE,12.0,4.617
202412.0,2024-12-10,46935.0,HTS EXPRESS CL 514,Consumidor Livre,NORTE,12.0,4.617
,2024-12-10,,HTS EXPRESS CL 514,,,12.0,4.617
202412.0,2024-12-11,46935.0,HTS EXPRESS CL 514,Consumidor Livre,NORTE,12.0,4.528368
202412.0,2024-12-11,46935.0,HTS EXPRESS CL 514,Consumidor Livre,NORTE,12.0,4.528368
,2024-12-11,,HTS EXPRESS CL 514,,,12.0,4.528368
202412.0,2024-12-12,46935.0,HTS EXPRESS CL 514,Consumidor Livre,NORTE,12.0,4.803332
202412.0,2024-12-12,46935.0,HTS EXPRESS CL 514,Consumidor Livre,NORTE,12.0,4.803332
,2024-12-12,,HTS EXPRESS CL 514,,,12.0,4.803332
202412.0,2024-12-13,46935.0,HTS EXPRESS CL 514,Consumidor Livre,NORTE,12.0,4.827976
202412.0,2024-12-13,46935.0,HTS EXPRESS CL 514,Consumidor Livre,NORTE,12.0,4.827976
,2024-12-13,,HTS EXPRESS CL 514,,,12.0,4.827976
202412.0,2024-12-14,46935.0,HTS EXPRESS CL 514,Consumidor Livre,NORTE,12.0,4.713688
202412.0,2024-12-14,46935.0,HTS EXPRESS CL 514,Consumidor Livre,NORTE,12.0,4.713688
,2024-12-14,,HTS EXPRESS CL 514,,,12.0,4.713688
202412.0,2024-12-15,46935.0,HTS EXPRESS CL 514,Consumidor Livre,NORTE,12.0,4.3308860000000005
202412.0,2024-12-15,46935.0,HTS EXPRESS CL 514,Consumidor Livre,NORTE,12.0,4.3308860000000005
,2024-12-15,,HTS EXPRESS CL 514,,,12.0,4.3308860000000005
202412.0,2024-12-16,46935.0,HTS EXPRESS CL 514,Consumidor Livre,NORTE,12.0,4.415837
202412.0,2024-12-16,46935.0,HTS EXPRESS CL 514,Consumidor Livre,NORTE,12.0,4.415837
,2024-12-16,,HTS EXPRESS CL 514,,,12.0,4.415837
202412.0,2024-12-17,46935.0,HTS EXPRESS CL 514,Consumidor Livre,NORTE,12.0,4.26584
202412.0,2024-12-17,46935.0,HTS EXPRESS CL 514,Consumidor Livre,NORTE,12.0,4.26584
,2024-12-17,,HTS EXPRESS CL 514,,,12.0,4.26584
202412.0,2024-12-18,46935.0,HTS EXPRESS CL 514,Consumidor Livre,NORTE,12.0,4.469273
202412.0,2024-12-18,46935.0,HTS EXPRESS CL 514,Consumidor Livre,NORTE,12.0,4.469273
,2024-12-18,,HTS EXPRESS CL 514,,,12.0,4.469273
202412.0,2024-12-19,46935.0,HTS EXPRESS CL 514,Consumidor Livre,NORTE,12.0,4.530712
202412.0,2024-12-19,46935.0,HTS EXPRESS CL 514,Consumidor Livre,NORTE,12.0,4.530712
,2024-12-19,,HTS EXPRESS CL 514,,,12.0,4.530712
202412.0,2024-12-20,46935.0,HTS EXPRESS CL 514,Consumidor Livre,NORTE,12.0,4.581128
202412.0,2024-12-20,46935.0,HTS EXPRESS CL 514,Consumidor Livre,NORTE,12.0,4.581128
,2024-12-20,,HTS EXPRESS CL 514,,,12.0,4.581128
202412.0,2024-12-21,46935.0,HTS EXPRESS CL 514,Consumidor Livre,NORTE,12.0,4.610852
202412.0,2024-12-21,46935.0,HTS EXPRESS CL 514,Consumidor Livre,NORTE,12.0,4.610852
,2024-12-21,,HTS EXPRESS CL 514,,,12.0,4.610852
202412.0,2024-12-22,46935.0,HTS EXPRESS CL 514,Consumidor Livre,NORTE,12.0,4.139276
202412.0,2024-12-22,46935.0,HTS EXPRESS CL 514,Consumidor Livre,NORTE,12.0,4.139276
,2024-12-22,,HTS EXPRESS CL 514,,,12.0,4.139276
202412.0,2024-12-23,46935.0,HTS EXPRESS CL 514,Consumidor Livre,NORTE,12.0,4.582479
202412.0,2024-12-23,46935.0,HTS EXPRESS CL 514,Consumidor Livre,NORTE,12.0,4.582479
,2024-12-23,,HTS EXPRESS CL 514,,,12.0,4.582479
202412.0,2024-12-24,46935.0,HTS EXPRESS CL 514,Consumidor Livre,NORTE,12.0,4.3076
202412.0,2024-12-24,46935.0,HTS EXPRESS CL 514,Consumidor Livre,NORTE,12.0,4.3076
,2024-12-24,,HTS EXPRESS CL 514,,,12.0,4.3076
202412.0,2024-12-25,46935.0,HTS EXPRESS CL 514,Consumidor Livre,NORTE,12.0,3.731172
202412.0,2024-12-25,46935.0,HTS EXPRESS CL 514,Consumidor Livre,NORTE,12.0,3.731172
,2024-12-25,,HTS EXPRESS CL 514,,,12.0,3.731172
202412.0,2024-12-26,46935.0,HTS EXPRESS CL 514,Consumidor Livre,NORTE,12.0,4.353396
202412.0,2024-12-26,46935.0,HTS EXPRESS CL 514,Consumidor Livre,NORTE,12.0,4.353396
,2024-12-26,,HTS EXPRESS CL 514,,,12.0,4.353396
202412.0,2024-12-27,46935.0,HTS EXPRESS CL 514,Consumidor Livre,NORTE,12.0,4.430745
202412.0,2024-12-27,46935.0,HTS EXPRESS CL 514,Consumidor Livre,NORTE,12.0,4.430745
,2024-12-27,,HTS EXPRESS CL 514,,,12.0,4.430745
202412.0,2024-12-28,46935.0,HTS EXPRESS CL 514,Consumidor Livre,NORTE,12.0,4.424965
202412.0,2024-12-28,46935.0,HTS EXPRESS CL 514,Consumidor Livre,NORTE,12.0,4.424965
,2024-12-28,,HTS EXPRESS CL 514,,,12.0,4.424965
202412.0,2024-12-29,46935.0,HTS EXPRESS CL 514,Consumidor Livre,NORTE,12.0,3.89751
202412.0,2024-12-29,46935.0,HTS EXPRESS CL 514,Consumidor Livre,NORTE,12.0,3.89751
,2024-12-29,,HTS EXPRESS CL 514,,,12.0,3.89751
202412.0,2024-12-30,46935.0,HTS EXPRESS CL 514,Consumidor Livre,NORTE,12.0,4.283091
202412.0,2024-12-30,46935.0,HTS EXPRESS CL 514,Consumidor Livre,NORTE,12.0,4.283091
,2024-12-30,,HTS EXPRESS CL 514,,,12.0,4.283091
202412.0,2024-12-31,46935.0,HTS EXPRESS CL 514,Consumidor Livre,NORTE,12.0,4.313374
202412.0,2024-12-31,46935.0,HTS EXPRESS CL 514,Consumidor Livre,NORTE,12.0,4.313374
,2024-12-31,,HTS EXPRESS CL 514,,,12.0,4.313374
202501.0,2025-01-01,46935.0,HTS EXPRESS CL 514,Consumidor Livre,NORTE,12.0,4.185489
202501.0,2025-01-01,46935.0,HTS EXPRESS CL 514,Consumidor Livre,NORTE,12.0,4.185489
,2025-01-01,,HTS EXPRESS CL 514,,,12.0,4.185489
202501.0,2025-01-02,46935.0,HTS EXPRESS CL 514,Consumidor Livre,NORTE,12.0,4.44214
202501.0,2025-01-02,46935.0,HTS EXPRESS CL 514,Consumidor Livre,NORTE,12.0,4.44214
,2025-01-02,,HTS EXPRESS CL 514,,,12.0,4.44214
202501.0,2025-01-03,46935.0,HTS EXPRESS CL 514,Consumidor Livre,NORTE,12.0,4.725873
202501.0,2025-01-03,46935.0,HTS EXPRESS CL 514,Consumidor Livre,NORTE,12.0,4.725873
,2025-01-03,,HTS EXPRESS CL 514,,,12.0,4.725873
202501.0,2025-01-04,46935.0,HTS EXPRESS CL 514,Consumidor Livre,NORTE,12.0,4.457215
202501.0,2025-01-04,46935.0,HTS EXPRESS CL 514,Consumidor Livre,NORTE,12.0,4.457215
,2025-01-04,,HTS EXPRESS CL 514,,,12.0,4.457215
202501.0,2025-01-05,46935.0,HTS EXPRESS CL 514,Consumidor Livre,NORTE,12.0,3.97498
202501.0,2025-01-05,46935.0,HTS EXPRESS CL 514,Consumidor Livre,NORTE,12.0,3.97498
,2025-01-05,,HTS EXPRESS CL 514,,,12.0,3.97498
202501.0,2025-01-06,46935.0,HTS EXPRESS CL 514,Consumidor Livre,NORTE,12.0,4.147391
202501.0,2025-01-06,46935.0,HTS EXPRESS CL 514,Consumidor Livre,NORTE,12.0,4.147391
,2025-01-06,,HTS EXPRESS CL 514,,,12.0,4.147391
202501.0,2025-01-07,46935.0,HTS EXPRESS CL 514,Consumidor Livre,NORTE,12.0,4.47637
202501.0,2025-01-07,46935.0,HTS EXPRESS CL 514,Consumidor Livre,NORTE,12.0,4.47637
,2025-01-07,,HTS EXPRESS CL 514,,,12.0,4.47637
202501.0,2025-01-08,46935.0,HTS EXPRESS CL 514,Consumidor Livre,NORTE,12.0,4.153595
202501.0,2025-01-08,46935.0,HTS EXPRESS CL 514,Consumidor Livre,NORTE,12.0,4.153595
,2025-01-08,,HTS EXPRESS CL 514,,,12.0,4.153595
202501.0,2025-01-09,46935.0,HTS EXPRESS CL 514,Consumidor Livre,NORTE,12.0,4.558113
202501.0,2025-01-09,46935.0,HTS EXPRESS CL 514,Consumidor Livre,NORTE,12.0,4.558113
,2025-01-09,,HTS EXPRESS CL 514,,,12.0,4.558113
202501.0,2025-01-10,46935.0,HTS EXPRESS CL 514,Consumidor Livre,NORTE,12.0,4.918087
202501.0,2025-01-10,46935.0,HTS EXPRESS CL 514,Consumidor Livre,NORTE,12.0,4.918087
,2025-01-10,,HTS EXPRESS CL 514,,,12.0,4.918087
202501.0,2025-01-11,46935.0,HTS EXPRESS CL 514,Consumidor Livre,NORTE,12.0,4.451374
202501.0,2025-01-11,46935.0,HTS EXPRESS CL 514,Consumidor Livre,NORTE,12.0,4.451374
,2025-01-11,,HTS EXPRESS CL 514,,,12.0,4.451374
202501.0,2025-01-12,46935.0,HTS EXPRESS CL 514,Consumidor Livre,NORTE,12.0,3.948248
202501.0,2025-01-12,46935.0,HTS EXPRESS CL 514,Consumidor Livre,NORTE,12.0,3.948248
,2025-01-12,,HTS EXPRESS CL 514,,,12.0,3.948248
202501.0,2025-01-13,46935.0,HTS EXPRESS CL 514,Consumidor Livre,NORTE,12.0,4.321297
202501.0,2025-01-13,46935.0,HTS EXPRESS CL 514,Consumidor Livre,NORTE,12.0,4.321297
,2025-01-13,,HTS EXPRESS CL 514,,,12.0,4.321297
202501.0,2025-01-14,46935.0,HTS EXPRESS CL 514,Consumidor Livre,NORTE,12.0,4.567438
202501.0,2025-01-14,46935.0,HTS EXPRESS CL 514,Consumidor Livre,NORTE,12.0,4.567438
,2025-01-14,,HTS EXPRESS CL 514,,,12.0,4.567438
202501.0,2025-01-15,46935.0,HTS EXPRESS CL 514,Consumidor Livre,NORTE,12.0,4.341591
202501.0,2025-01-15,46935.0,HTS EXPRESS CL 514,Consumidor Livre,NORTE,12.0,4.341591
,2025-01-15,,HTS EXPRESS CL 514,,,12.0,4.341591
202501.0,2025-01-16,46935.0,HTS EXPRESS CL 514,Consumidor Livre,NORTE,12.0,4.6648060000000005
202501.0,2025-01-16,46935.0,HTS EXPRESS CL 514,Consumidor Livre,NORTE,12.0,4.6648060000000005
,2025-01-16,,HTS EXPRESS CL 514,,,12.0,4.6648060000000005
202501.0,2025-01-17,46935.0,HTS EXPRESS CL 514,Consumidor Livre,NORTE,12.0,5.020094
202501.0,2025-01-17,46935.0,HTS EXPRESS CL 514,Consumidor Livre,NORTE,12.0,5.020094
,2025-01-17,,HTS EXPRESS CL 514,,,12.0,5.020094
202501.0,2025-01-18,46935.0,HTS EXPRESS CL 514,Consumidor Livre,NORTE,12.0,5.030583
202501.0,2025-01-18,46935.0,HTS EXPRESS CL 514,Consumidor Livre,NORTE,12.0,5.030583
,2025-01-18,,HTS EXPRESS CL 514,,,12.0,5.030583
202501.0,2025-01-19,46935.0,HTS EXPRESS CL 514,Consumidor Livre,NORTE,12.0,4.191544
202501.0,2025-01-19,46935.0,HTS EXPRESS CL 514,Consumidor Livre,NORTE,12.0,4.191544
,2025-01-19,,HTS EXPRESS CL 514,,,12.0,4.191544
202501.0,2025-01-20,46935.0,HTS EXPRESS CL 514,Consumidor Livre,NORTE,12.0,4.734831
202501.0,2025-01-20,46935.0,HTS EXPRESS CL 514,Consumidor Livre,NORTE,12.0,4.734831
,2025-01-20,,HTS EXPRESS CL 514,,,12.0,4.734831
202501.0,2025-01-21,46935.0,HTS EXPRESS CL 514,Consumidor Livre,NORTE,12.0,4.360274
202501.0,2025-01-21,46935.0,HTS EXPRESS CL 514,Consumidor Livre,NORTE,12.0,4.360274
,2025-01-21,,HTS EXPRESS CL 514,,,12.0,4.360274
202501.0,2025-01-22,46935.0,HTS EXPRESS CL 514,Consumidor Livre,NORTE,12.0,4.171734
202501.0,2025-01-22,46935.0,HTS EXPRESS CL 514,Consumidor Livre,NORTE,12.0,4.171734
,2025-01-22,,HTS EXPRESS CL 514,,,12.0,4.171734
202501.0,2025-01-23,46935.0,HTS EXPRESS CL 514,Consumidor Livre,NORTE,12.0,3.958842
202501.0,2025-01-23,46935.0,HTS EXPRESS CL 514,Consumidor Livre,NORTE,12.0,3.958842
,2025-01-23,,HTS EXPRESS CL 514,,,12.0,3.958842
202501.0,2025-01-24,46935.0,HTS EXPRESS CL 514,Consumidor Livre,NORTE,12.0,3.916425
202501.0,2025-01-24,46935.0,HTS EXPRESS CL 514,Consumidor Livre,NORTE,12.0,3.916425
,2025-01-24,,HTS EXPRESS CL 514,,,12.0,3.916425
202501.0,2025-01-25,46935.0,HTS EXPRESS CL 514,Consumidor Livre,NORTE,12.0,4.204499
202501.0,2025-01-25,46935.0,HTS EXPRESS CL 514,Consumidor Livre,NORTE,12.0,4.204499
,2025-01-25,,HTS EXPRESS CL 514,,,12.0,4.204499
202501.0,2025-01-26,46935.0,HTS EXPRESS CL 514,Consumidor Livre,NORTE,12.0,3.518772
202501.0,2025-01-26,46935.0,HTS EXPRESS CL 514,Consumidor Livre,NORTE,12.0,3.518772
,2025-01-26,,HTS EXPRESS CL 514,,,12.0,3.518772
202501.0,2025-01-27,46935.0,HTS EXPRESS CL 514,Consumidor Livre,NORTE,12.0,3.569719
202501.0,2025-01-27,46935.0,HTS EXPRESS CL 514,Consumidor Livre,NORTE,12.0,3.569719
,2025-01-27,,HTS EXPRESS CL 514,,,12.0,3.569719
202501.0,2025-01-28,46935.0,HTS EXPRESS CL 514,Consumidor Livre,NORTE,12.0,3.544684
202501.0,2025-01-28,46935.0,HTS EXPRESS CL 514,Consumidor Livre,NORTE,12.0,3.544684
,2025-01-28,,HTS EXPRESS CL 514,,,12.0,3.544684
202501.0,2025-01-29,46935.0,HTS EXPRESS CL 514,Consumidor Livre,NORTE,12.0,3.796873
202501.0,2025-01-29,46935.0,HTS EXPRESS CL 514,Consumidor Livre,NORTE,12.0,3.796873
,2025-01-29,,HTS EXPRESS CL 514,,,12.0,3.796873
202501.0,2025-01-30,46935.0,HTS EXPRESS CL 514,Consumidor Livre,NORTE,12.0,4.083933
202501.0,2025-01-30,46935.0,HTS EXPRESS CL 514,Consumidor Livre,NORTE,12.0,4.083933
,2025-01-30,,HTS EXPRESS CL 514,,,12.0,4.083933
202501.0,2025-01-31,46935.0,HTS EXPRESS CL 514,Consumidor Livre,NORTE,12.0,4.359986
202501.0,2025-01-31,46935.0,HTS EXPRESS CL 514,Consumidor Livre,NORTE,12.0,4.359986
,2025-01-31,,HTS EXPRESS CL 514,,,12.0,4.359986
202502.0,2025-02-01,46935.0,HTS EXPRESS CL 514,Consumidor Livre,NORTE,12.0,4.289141
202502.0,2025-02-01,46935.0,HTS EXPRESS CL 514,Consumidor Livre,NORTE,12.0,4.289141
,2025-02-01,,HTS EXPRESS CL 514,,,12.0,4.289141
202502.0,2025-02-02,46935.0,HTS EXPRESS CL 514,Consumidor Livre,NORTE,12.0,4.256334
202502.0,2025-02-02,46935.0,HTS EXPRESS CL 514,Consumidor Livre,NORTE,12.0,4.256334
,2025-02-02,,HTS EXPRESS CL 514,,,12.0,4.256334
202502.0,2025-02-03,46935.0,HTS EXPRESS CL 514,Consumidor Livre,NORTE,12.0,4.469843
202502.0,2025-02-03,46935.0,HTS EXPRESS CL 514,Consumidor Livre,NORTE,12.0,4.469843
,2025-02-03,,HTS EXPRESS CL 514,,,12.0,4.469843
202502.0,2025-02-04,46935.0,HTS EXPRESS CL 514,Consumidor Livre,NORTE,12.0,4.418887
202502.0,2025-02-04,46935.0,HTS EXPRESS CL 514,Consumidor Livre,NORTE,12.0,4.418887
,2025-02-04,,HTS EXPRESS CL 514,,,12.0,4.418887
202502.0,2025-02-05,46935.0,HTS EXPRESS CL 514,Consumidor Livre,NORTE,12.0,4.473693
202502.0,2025-02-05,46935.0,HTS EXPRESS CL 514,Consumidor Livre,NORTE,12.0,4.473693
,2025-02-05,,HTS EXPRESS CL 514,,,12.0,4.473693
202502.0,2025-02-06,46935.0,HTS EXPRESS CL 514,Consumidor Livre,NORTE,12.0,4.613949
202502.0,2025-02-06,46935.0,HTS EXPRESS CL 514,Consumidor Livre,NORTE,12.0,4.613949
,2025-02-06,,HTS EXPRESS CL 514,,,12.0,4.613949
202502.0,2025-02-07,46935.0,HTS EXPRESS CL 514,Consumidor Livre,NORTE,12.0,4.437752
202502.0,2025-02-07,46935.0,HTS EXPRESS CL 514,Consumidor Livre,NORTE,12.0,4.437752
,2025-02-07,,HTS EXPRESS CL 514,,,12.0,4.437752
202502.0,2025-02-08,46935.0,HTS EXPRESS CL 514,Consumidor Livre,NORTE,12.0,4.206581
202502.0,2025-02-08,46935.0,HTS EXPRESS CL 514,Consumidor Livre,NORTE,12.0,4.206581
,2025-02-08,,HTS EXPRESS CL 514,,,12.0,4.206581
202502.0,2025-02-09,46935.0,HTS EXPRESS CL 514,Consumidor Livre,NORTE,12.0,3.94778
202502.0,2025-02-09,46935.0,HTS EXPRESS CL 514,Consumidor Livre,NORTE,12.0,3.94778
,2025-02-09,,HTS EXPRESS CL 514,,,12.0,3.94778
202502.0,2025-02-10,46935.0,HTS EXPRESS CL 514,Consumidor Livre,NORTE,12.0,4.249358
202502.0,2025-02-10,46935.0,HTS EXPRESS CL 514,Consumidor Livre,NORTE,12.0,4.249358
,2025-02-10,,HTS EXPRESS CL 514,,,12.0,4.249358
202502.0,2025-02-11,46935.0,HTS EXPRESS CL 514,Consumidor Livre,NORTE,12.0,4.506845
202502.0,2025-02-11,46935.0,HTS EXPRESS CL 514,Consumidor Livre,NORTE,12.0,4.506845
,2025-02-11,,HTS EXPRESS CL 514,,,12.0,4.506845
202502.0,2025-02-12,46935.0,HTS EXPRESS CL 514,Consumidor Livre,NORTE,12.0,4.52829
202502.0,2025-02-12,46935.0,HTS EXPRESS CL 514,Consumidor Livre,NORTE,12.0,4.52829
,2025-02-12,,HTS EXPRESS CL 514,,,12.0,4.52829
202502.0,2025-02-13,46935.0,HTS EXPRESS CL 514,Consumidor Livre,NORTE,12.0,4.549405
202502.0,2025-02-13,46935.0,HTS EXPRESS CL 514,Consumidor Livre,NORTE,12.0,4.549405
,2025-02-13,,HTS EXPRESS CL 514,,,12.0,4.549405
202502.0,2025-02-14,46935.0,HTS EXPRESS CL 514,Consumidor Livre,NORTE,12.0,4.296237
202502.0,2025-02-14,46935.0,HTS EXPRESS CL 514,Consumidor Livre,NORTE,12.0,4.296237
,2025-02-14,,HTS EXPRESS CL 514,,,12.0,4.296237
202502.0,2025-02-15,46935.0,HTS EXPRESS CL 514,Consumidor Livre,NORTE,12.0,4.076659
202502.0,2025-02-15,46935.0,HTS EXPRESS CL 514,Consumidor Livre,NORTE,12.0,4.076659
,2025-02-15,,HTS EXPRESS CL 514,,,12.0,4.076659
202502.0,2025-02-16,46935.0,HTS EXPRESS CL 514,Consumidor Livre,NORTE,12.0,3.862596
202502.0,2025-02-16,46935.0,HTS EXPRESS CL 514,Consumidor Livre,NORTE,12.0,3.862596
,2025-02-16,,HTS EXPRESS CL 514,,,12.0,3.862596
202502.0,2025-02-17,46935.0,HTS EXPRESS CL 514,Consumidor Livre,NORTE,12.0,4.60934
202502.0,2025-02-17,46935.0,HTS EXPRESS CL 514,Consumidor Livre,NORTE,12.0,4.60934
,2025-02-17,,HTS EXPRESS CL 514,,,12.0,4.60934
202502.0,2025-02-18,46935.0,HTS EXPRESS CL 514,Consumidor Livre,NORTE,12.0,4.545203
202502.0,2025-02-18,46935.0,HTS EXPRESS CL 514,Consumidor Livre,NORTE,12.0,4.545203
,2025-02-18,,HTS EXPRESS CL 514,,,12.0,4.545203
202502.0,2025-02-19,46935.0,HTS EXPRESS CL 514,Consumidor Livre,NORTE,12.0,4.390873
202502.0,2025-02-19,46935.0,HTS EXPRESS CL 514,Consumidor Livre,NORTE,12.0,4.390873
,2025-02-19,,HTS EXPRESS CL 514,,,12.0,4.390873
202502.0,2025-02-20,46935.0,HTS EXPRESS CL 514,Consumidor Livre,NORTE,12.0,4.582806
202502.0,2025-02-20,46935.0,HTS EXPRESS CL 514,Consumidor Livre,NORTE,12.0,4.582806
,2025-02-20,,HTS EXPRESS CL 514,,,12.0,4.582806
202502.0,2025-02-21,46935.0,HTS EXPRESS CL 514,Consumidor Livre,NORTE,12.0,4.802332
202502.0,2025-02-21,46935.0,HTS EXPRESS CL 514,Consumidor Livre,NORTE,12.0,4.802332
,2025-02-21,,HTS EXPRESS CL 514,,,12.0,4.802332
202502.0,2025-02-22,46935.0,HTS EXPRESS CL 514,Consumidor Livre,NORTE,12.0,4.817443
202502.0,2025-02-22,46935.0,HTS EXPRESS CL 514,Consumidor Livre,NORTE,12.0,4.817443
,2025-02-22,,HTS EXPRESS CL 514,,,12.0,4.817443
202502.0,2025-02-23,46935.0,HTS EXPRESS CL 514,Consumidor Livre,NORTE,12.0,4.241188
202502.0,2025-02-23,46935.0,HTS EXPRESS CL 514,Consumidor Livre,NORTE,12.0,4.241188
,2025-02-23,,HTS EXPRESS CL 514,,,12.0,4.241188
202502.0,2025-02-24,46935.0,HTS EXPRESS CL 514,Consumidor Livre,NORTE,12.0,4.689505
202502.0,2025-02-24,46935.0,HTS EXPRESS CL 514,Consumidor Livre,NORTE,12.0,4.689505
,2025-02-24,,HTS EXPRESS CL 514,,,12.0,4.689505
202502.0,2025-02-25,46935.0,HTS EXPRESS CL 514,Consumidor Livre,NORTE,12.0,4.507797
202502.0,2025-02-25,46935.0,HTS EXPRESS CL 514,Consumidor Livre,NORTE,12.0,4.507797
,2025-02-25,,HTS EXPRESS CL 514,,,12.0,4.507797
202502.0,2025-02-26,46935.0,HTS EXPRESS CL 514,Consumidor Livre,NORTE,12.0,4.581664
202502.0,2025-02-26,46935.0,HTS EXPRESS CL 514,Consumidor Livre,NORTE,12.0,4.581664
,2025-02-26,,HTS EXPRESS CL 514,,,12.0,4.581664
202502.0,2025-02-27,46935.0,HTS EXPRESS CL 514,Consumidor Livre,NORTE,12.0,4.712158
202502.0,2025-02-27,46935.0,HTS EXPRESS CL 514,Consumidor Livre,NORTE,12.0,4.712158
,2025-02-27,,HTS EXPRESS CL 514,,,12.0,4.712158
202502.0,2025-02-28,46935.0,HTS EXPRESS CL 514,Consumidor Livre,NORTE,12.0,5.021465
202502.0,2025-02-28,46935.0,HTS EXPRESS CL 514,Consumidor Livre,NORTE,12.0,5.021465
,2025-02-28,,HTS EXPRESS CL 514,,,12.0,5.021465
202503.0,2025-03-01,46935.0,HTS EXPRESS CL 514,Consumidor Livre,NORTE,12.0,3.697093
202503.0,2025-03-01,46935.0,HTS EXPRESS CL 514,Consumidor Livre,NORTE,12.0,3.697093
,2025-03-01,,HTS EXPRESS CL 514,,,12.0,3.697093
202503.0,2025-03-02,46935.0,HTS EXPRESS CL 514,Consumidor Livre,NORTE,12.0,4.213607
202503.0,2025-03-02,46935.0,HTS EXPRESS CL 514,Consumidor Livre,NORTE,12.0,4.213607
,2025-03-02,,HTS EXPRESS CL 514,,,12.0,4.213607
202503.0,2025-03-03,46935.0,HTS EXPRESS CL 514,Consumidor Livre,NORTE,12.0,4.415155
202503.0,2025-03-03,46935.0,HTS EXPRESS CL 514,Consumidor Livre,NORTE,12.0,4.415155
,2025-03-03,,HTS EXPRESS CL 514,,,12.0,4.415155
202503.0,2025-03-04,46935.0,HTS EXPRESS CL 514,Consumidor Livre,NORTE,12.0,2.665374
202503.0,2025-03-04,46935.0,HTS EXPRESS CL 514,Consumidor Livre,NORTE,12.0,2.665374
,2025-03-04,,HTS EXPRESS CL 514,,,12.0,2.665374
202503.0,2025-03-05,46935.0,HTS EXPRESS CL 514,Consumidor Livre,NORTE,12.0,3.88065
202503.0,2025-03-05,46935.0,HTS EXPRESS CL 514,Consumidor Livre,NORTE,12.0,3.88065
,2025-03-05,,HTS EXPRESS CL 514,,,12.0,3.88065
202503.0,2025-03-06,46935.0,HTS EXPRESS CL 514,Consumidor Livre,NORTE,12.0,4.073271
202503.0,2025-03-06,46935.0,HTS EXPRESS CL 514,Consumidor Livre,NORTE,12.0,4.073271
,2025-03-06,,HTS EXPRESS CL 514,,,12.0,4.073271
202503.0,2025-03-07,46935.0,HTS EXPRESS CL 514,Consumidor Livre,NORTE,12.0,4.148323
202503.0,2025-03-07,46935.0,HTS EXPRESS CL 514,Consumidor Livre,NORTE,12.0,4.148323
,2025-03-07,,HTS EXPRESS CL 514,,,12.0,4.148323
202503.0,2025-03-08,46935.0,HTS EXPRESS CL 514,Consumidor Livre,NORTE,12.0,1.976556
202503.0,2025-03-08,46935.0,HTS EXPRESS CL 514,Consumidor Livre,NORTE,12.0,1.976556
,2025-03-08,,HTS EXPRESS CL 514,,,12.0,1.976556
202503.0,2025-03-09,46935.0,HTS EXPRESS CL 514,Consumidor Livre,NORTE,12.0,2.207434
202503.0,2025-03-09,46935.0,HTS EXPRESS CL 514,Consumidor Livre,NORTE,12.0,2.207434
,2025-03-09,,HTS EXPRESS CL 514,,,12.0,2.207434
202503.0,2025-03-10,46935.0,HTS EXPRESS CL 514,Consumidor Livre,NORTE,12.0,2.9602880000000003
202503.0,2025-03-10,46935.0,HTS EXPRESS CL 514,Consumidor Livre,NORTE,12.0,2.9602880000000003
,2025-03-10,,HTS EXPRESS CL 514,,,12.0,2.9602880000000003
202503.0,2025-03-11,46935.0,HTS EXPRESS CL 514,Consumidor Livre,NORTE,12.0,2.582443
202503.0,2025-03-11,46935.0,HTS EXPRESS CL 514,Consumidor Livre,NORTE,12.0,2.582443
,2025-03-11,,HTS EXPRESS CL 514,,,12.0,2.582443
202503.0,2025-03-12,46935.0,HTS EXPRESS CL 514,Consumidor Livre,NORTE,12.0,3.296802
202503.0,2025-03-12,46935.0,HTS EXPRESS CL 514,Consumidor Livre,NORTE,12.0,3.296802
,2025-03-12,,HTS EXPRESS CL 514,,,12.0,3.296802
202503.0,2025-03-13,46935.0,HTS EXPRESS CL 514,Consumidor Livre,NORTE,12.0,4.460242
202503.0,2025-03-13,46935.0,HTS EXPRESS CL 514,Consumidor Livre,NORTE,12.0,4.460242
,2025-03-13,,HTS EXPRESS CL 514,,,12.0,4.460242
202503.0,2025-03-14,46935.0,HTS EXPRESS CL 514,Consumidor Livre,NORTE,12.0,4.918969
202503.0,2025-03-14,46935.0,HTS EXPRESS CL 514,Consumidor Livre,NORTE,12.0,4.918969
,2025-03-14,,HTS EXPRESS CL 514,,,12.0,4.918969
202503.0,2025-03-15,46935.0,HTS EXPRESS CL 514,Consumidor Livre,NORTE,12.0,4.870472
202503.0,2025-03-15,46935.0,HTS EXPRESS CL 514,Consumidor Livre,NORTE,12.0,4.870472
,2025-03-15,,HTS EXPRESS CL 514,,,12.0,4.870472
202503.0,2025-03-16,46935.0,HTS EXPRESS CL 514,Consumidor Livre,NORTE,12.0,4.649407
202503.0,2025-03-16,46935.0,HTS EXPRESS CL 514,Consumidor Livre,NORTE,12.0,4.649407
,2025-03-16,,HTS EXPRESS CL 514,,,12.0,4.649407
202503.0,2025-03-17,46935.0,HTS EXPRESS CL 514,Consumidor Livre,NORTE,12.0,4.990645
202503.0,2025-03-17,46935.0,HTS EXPRESS CL 514,Consumidor Livre,NORTE,12.0,4.990645
,2025-03-17,,HTS EXPRESS CL 514,,,12.0,4.990645
202503.0,2025-03-18,46935.0,HTS EXPRESS CL 514,Consumidor Livre,NORTE,12.0,5.316997
202503.0,2025-03-18,46935.0,HTS EXPRESS CL 514,Consumidor Livre,NORTE,12.0,5.316997
,2025-03-18,,HTS EXPRESS CL 514,,,12.0,5.316997
202503.0,2025-03-19,46935.0,HTS EXPRESS CL 514,Consumidor Livre,NORTE,12.0,4.978956
202503.0,2025-03-19,46935.0,HTS EXPRESS CL 514,Consumidor Livre,NORTE,12.0,4.978956
,2025-03-19,,HTS EXPRESS CL 514,,,12.0,4.978956
202503.0,2025-03-20,46935.0,HTS EXPRESS CL 514,Consumidor Livre,NORTE,12.0,4.655625
202503.0,2025-03-20,46935.0,HTS EXPRESS CL 514,Consumidor Livre,NORTE,12.0,4.655625
,2025-03-20,,HTS EXPRESS CL 514,,,12.0,4.655625
202503.0,2025-03-21,46935.0,HTS EXPRESS CL 514,Consumidor Livre,NORTE,12.0,4.979132
202503.0,2025-03-21,46935.0,HTS EXPRESS CL 514,Consumidor Livre,NORTE,12.0,4.979132
,2025-03-21,,HTS EXPRESS CL 514,,,12.0,4.979132
202503.0,2025-03-22,46935.0,HTS EXPRESS CL 514,Consumidor Livre,NORTE,12.0,4.98569
202503.0,2025-03-22,46935.0,HTS EXPRESS CL 514,Consumidor Livre,NORTE,12.0,4.98569
,2025-03-22,,HTS EXPRESS CL 514,,,12.0,4.98569
202503.0,2025-03-23,46935.0,HTS EXPRESS CL 514,Consumidor Livre,NORTE,12.0,4.841985
202503.0,2025-03-23,46935.0,HTS EXPRESS CL 514,Consumidor Livre,NORTE,12.0,4.841985
,2025-03-23,,HTS EXPRESS CL 514,,,12.0,4.841985
202503.0,2025-03-24,46935.0,HTS EXPRESS CL 514,Consumidor Livre,NORTE,12.0,5.093368
202503.0,2025-03-24,46935.0,HTS EXPRESS CL 514,Consumidor Livre,NORTE,12.0,5.093368
,2025-03-24,,HTS EXPRESS CL 514,,,12.0,5.093368
202503.0,2025-03-25,46935.0,HTS EXPRESS CL 514,Consumidor Livre,NORTE,12.0,5.249041
202503.0,2025-03-25,46935.0,HTS EXPRESS CL 514,Consumidor Livre,NORTE,12.0,5.249041
,2025-03-25,,HTS EXPRESS CL 514,,,12.0,5.249041
202503.0,2025-03-26,46935.0,HTS EXPRESS CL 514,Consumidor Livre,NORTE,12.0,4.946336
202503.0,2025-03-26,46935.0,HTS EXPRESS CL 514,Consumidor Livre,NORTE,12.0,4.946336
,2025-03-26,,HTS EXPRESS CL 514,,,12.0,4.946336
202503.0,2025-03-27,46935.0,HTS EXPRESS CL 514,Consumidor Livre,NORTE,12.0,4.7161100000000005
202503.0,2025-03-27,46935.0,HTS EXPRESS CL 514,Consumidor Livre,NORTE,12.0,4.7161100000000005
,2025-03-27,,HTS EXPRESS CL 514,,,12.0,4.7161100000000005
202503.0,2025-03-28,46935.0,HTS EXPRESS CL 514,Consumidor Livre,NORTE,12.0,4.699229
202503.0,2025-03-28,46935.0,HTS EXPRESS CL 514,Consumidor Livre,NORTE,12.0,4.699229
,2025-03-28,,HTS EXPRESS CL 514,,,12.0,4.699229
202503.0,2025-03-29,46935.0,HTS EXPRESS CL 514,Consumidor Livre,NORTE,12.0,4.936153
202503.0,2025-03-29,46935.0,HTS EXPRESS CL 514,Consumidor Livre,NORTE,12.0,4.936153
,2025-03-29,,HTS EXPRESS CL 514,,,12.0,4.936153
202503.0,2025-03-30,46935.0,HTS EXPRESS CL 514,Consumidor Livre,NORTE,12.0,4.548073
202503.0,2025-03-30,46935.0,HTS EXPRESS CL 514,Consumidor Livre,NORTE,12.0,4.548073
,2025-03-30,,HTS EXPRESS CL 514,,,12.0,4.548073
202503.0,2025-03-31,46935.0,HTS EXPRESS CL 514,Consumidor Livre,NORTE,12.0,4.595261
202503.0,2025-03-31,46935.0,HTS EXPRESS CL 514,Consumidor Livre,NORTE,12.0,4.595261
,2025-03-31,,HTS EXPRESS CL 514,,,12.0,4.595261
202504.0,2025-04-01,46935.0,HTS EXPRESS CL 514,Consumidor Livre,NORTE,12.0,4.773515
202504.0,2025-04-01,46935.0,HTS EXPRESS CL 514,Consumidor Livre,NORTE,12.0,4.773515
,2025-04-01,,HTS EXPRESS CL 514,,,12.0,4.773515
202504.0,2025-04-02,46935.0,HTS EXPRESS CL 514,Consumidor Livre,NORTE,12.0,4.560957
202504.0,2025-04-02,46935.0,HTS EXPRESS CL 514,Consumidor Livre,NORTE,12.0,4.560957
,2025-04-02,,HTS EXPRESS CL 514,,,12.0,4.560957
202504.0,2025-04-03,46935.0,HTS EXPRESS CL 514,Consumidor Livre,NORTE,12.0,4.501661
202504.0,2025-04-03,46935.0,HTS EXPRESS CL 514,Consumidor Livre,NORTE,12.0,4.501661
,2025-04-03,,HTS EXPRESS CL 514,,,12.0,4.501661
202504.0,2025-04-04,46935.0,HTS EXPRESS CL 514,Consumidor Livre,NORTE,12.0,4.540673
202504.0,2025-04-04,46935.0,HTS EXPRESS CL 514,Consumidor Livre,NORTE,12.0,4.540673
,2025-04-04,,HTS EXPRESS CL 514,,,12.0,4.540673
202504.0,2025-04-05,46935.0,HTS EXPRESS CL 514,Consumidor Livre,NORTE,12.0,4.535147
202504.0,2025-04-05,46935.0,HTS EXPRESS CL 514,Consumidor Livre,NORTE,12.0,4.535147
,2025-04-05,,HTS EXPRESS CL 514,,,12.0,4.535147
202504.0,2025-04-06,46935.0,HTS EXPRESS CL 514,Consumidor Livre,NORTE,12.0,4.478236
202504.0,2025-04-06,46935.0,HTS EXPRESS CL 514,Consumidor Livre,NORTE,12.0,4.478236
,2025-04-06,,HTS EXPRESS CL 514,,,12.0,4.478236
202504.0,2025-04-07,46935.0,HTS EXPRESS CL 514,Consumidor Livre,NORTE,12.0,5.324426
202504.0,2025-04-07,46935.0,HTS EXPRESS CL 514,Consumidor Livre,NORTE,12.0,5.324426
,2025-04-07,,HTS EXPRESS CL 514,,,12.0,5.324426
202504.0,2025-04-08,46935.0,HTS EXPRESS CL 514,Consumidor Livre,NORTE,12.0,4.973721
202504.0,2025-04-08,46935.0,HTS EXPRESS CL 514,Consumidor Livre,NORTE,12.0,4.973721
,2025-04-08,,HTS EXPRESS CL 514,,,12.0,4.973721
202504.0,2025-04-09,46935.0,HTS EXPRESS CL 514,Consumidor Livre,NORTE,12.0,5.303157
202504.0,2025-04-09,46935.0,HTS EXPRESS CL 514,Consumidor Livre,NORTE,12.0,5.303157
,2025-04-09,,HTS EXPRESS CL 514,,,12.0,5.303157
202504.0,2025-04-10,46935.0,HTS EXPRESS CL 514,Consumidor Livre,NORTE,12.0,4.95315
202504.0,2025-04-10,46935.0,HTS EXPRESS CL 514,Consumidor Livre,NORTE,12.0,4.95315
,2025-04-10,,HTS EXPRESS CL 514,,,12.0,4.95315
202504.0,2025-04-11,46935.0,HTS EXPRESS CL 514,Consumidor Livre,NORTE,12.0,4.386693
202504.0,2025-04-11,46935.0,HTS EXPRESS CL 514,Consumidor Livre,NORTE,12.0,4.386693
,2025-04-11,,HTS EXPRESS CL 514,,,12.0,4.386693
202504.0,2025-04-12,46935.0,HTS EXPRESS CL 514,Consumidor Livre,NORTE,12.0,4.351234
202504.0,2025-04-12,46935.0,HTS EXPRESS CL 514,Consumidor Livre,NORTE,12.0,4.351234
,2025-04-12,,HTS EXPRESS CL 514,,,12.0,4.351234
202504.0,2025-04-13,46935.0,HTS EXPRESS CL 514,Consumidor Livre,NORTE,12.0,4.314641
202504.0,2025-04-13,46935.0,HTS EXPRESS CL 514,Consumidor Livre,NORTE,12.0,4.314641
,2025-04-13,,HTS EXPRESS CL 514,,,12.0,4.314641
202504.0,2025-04-14,46935.0,HTS EXPRESS CL 514,Consumidor Livre,NORTE,12.0,4.827193
202504.0,2025-04-14,46935.0,HTS EXPRESS CL 514,Consumidor Livre,NORTE,12.0,4.827193
,2025-04-14,,HTS EXPRESS CL 514,,,12.0,4.827193
202504.0,2025-04-15,46935.0,HTS EXPRESS CL 514,Consumidor Livre,NORTE,12.0,4.973485
202504.0,2025-04-15,46935.0,HTS EXPRESS CL 514,Consumidor Livre,NORTE,12.0,4.973485
,2025-04-15,,HTS EXPRESS CL 514,,,12.0,4.973485
202504.0,2025-04-16,46935.0,HTS EXPRESS CL 514,Consumidor Livre,NORTE,12.0,5.33681
202504.0,2025-04-16,46935.0,HTS EXPRESS CL 514,Consumidor Livre,NORTE,12.0,5.33681
,2025-04-16,,HTS EXPRESS CL 514,,,12.0,5.33681
202504.0,2025-04-17,46935.0,HTS EXPRESS CL 514,Consumidor Livre,NORTE,12.0,5.541903
202504.0,2025-04-17,46935.0,HTS EXPRESS CL 514,Consumidor Livre,NORTE,12.0,5.541903
,2025-04-17,,HTS EXPRESS CL 514,,,12.0,5.541903
202504.0,2025-04-18,46935.0,HTS EXPRESS CL 514,Consumidor Livre,NORTE,12.0,4.992308
202504.0,2025-04-18,46935.0,HTS EXPRESS CL 514,Consumidor Livre,NORTE,12.0,4.992308
,2025-04-18,,HTS EXPRESS CL 514,,,12.0,4.992308
202504.0,2025-04-19,46935.0,HTS EXPRESS CL 514,Consumidor Livre,NORTE,12.0,5.564096
202504.0,2025-04-19,46935.0,HTS EXPRESS CL 514,Consumidor Livre,NORTE,12.0,5.564096
,2025-04-19,,HTS EXPRESS CL 514,,,12.0,5.564096
202504.0,2025-04-20,46935.0,HTS EXPRESS CL 514,Consumidor Livre,NORTE,12.0,4.94989
202504.0,2025-04-20,46935.0,HTS EXPRESS CL 514,Consumidor Livre,NORTE,12.0,4.94989
,2025-04-20,,HTS EXPRESS CL 514,,,12.0,4.94989
202504.0,2025-04-21,46935.0,HTS EXPRESS CL 514,Consumidor Livre,NORTE,12.0,4.788148
202504.0,2025-04-21,46935.0,HTS EXPRESS CL 514,Consumidor Livre,NORTE,12.0,4.788148
,2025-04-21,,HTS EXPRESS CL 514,,,12.0,4.788148
202504.0,2025-04-22,46935.0,HTS EXPRESS CL 514,Consumidor Livre,NORTE,12.0,5.085294
202504.0,2025-04-22,46935.0,HTS EXPRESS CL 514,Consumidor Livre,NORTE,12.0,5.085294
,2025-04-22,,HTS EXPRESS CL 514,,,12.0,5.085294
202504.0,2025-04-23,46935.0,HTS EXPRESS CL 514,Consumidor Livre,NORTE,12.0,5.316134
202504.0,2025-04-23,46935.0,HTS EXPRESS CL 514,Consumidor Livre,NORTE,12.0,5.316134
,2025-04-23,,HTS EXPRESS CL 514,,,12.0,5.316134
202504.0,2025-04-24,46935.0,HTS EXPRESS CL 514,Consumidor Livre,NORTE,12.0,5.02525
202504.0,2025-04-24,46935.0,HTS EXPRESS CL 514,Consumidor Livre,NORTE,12.0,5.02525
,2025-04-24,,HTS EXPRESS CL 514,,,12.0,5.02525
202504.0,2025-04-25,46935.0,HTS EXPRESS CL 514,Consumidor Livre,NORTE,12.0,4.858177
202504.0,2025-04-25,46935.0,HTS EXPRESS CL 514,Consumidor Livre,NORTE,12.0,4.858177
,2025-04-25,,HTS EXPRESS CL 514,,,12.0,4.858177
202504.0,2025-04-26,46935.0,HTS EXPRESS CL 514,Consumidor Livre,NORTE,12.0,5.211798
202504.0,2025-04-26,46935.0,HTS EXPRESS CL 514,Consumidor Livre,NORTE,12.0,5.211798
,2025-04-26,,HTS EXPRESS CL 514,,,12.0,5.211798
202504.0,2025-04-27,46935.0,HTS EXPRESS CL 514,Consumidor Livre,NORTE,12.0,4.606671
202504.0,2025-04-27,46935.0,HTS EXPRESS CL 514,Consumidor Livre,NORTE,12.0,4.606671
,2025-04-27,,HTS EXPRESS CL 514,,,12.0,4.606671
202504.0,2025-04-28,46935.0,HTS EXPRESS CL 514,Consumidor Livre,NORTE,12.0,4.815221
202504.0,2025-04-28,46935.0,HTS EXPRESS CL 514,Consumidor Livre,NORTE,12.0,4.815221
,2025-04-28,,HTS EXPRESS CL 514,,,12.0,4.815221
202504.0,2025-04-29,46935.0,HTS EXPRESS CL 514,Consumidor Livre,NORTE,12.0,4.74158
202504.0,2025-04-29,46935.0,HTS EXPRESS CL 514,Consumidor Livre,NORTE,12.0,4.74158
,2025-04-29,,HTS EXPRESS CL 514,,,12.0,4.74158
202504.0,2025-04-30,46935.0,HTS EXPRESS CL 514,Consumidor Livre,NORTE,12.0,4.360009
202504.0,2025-04-30,46935.0,HTS EXPRESS CL 514,Consumidor Livre,NORTE,12.0,4.360009
,2025-04-30,,HTS EXPRESS CL 514,,,12.0,4.360009
202505.0,2025-05-01,46935.0,HTS EXPRESS CL 514,Consumidor Livre,NORTE,12.0,4.441533
202505.0,2025-05-01,46935.0,HTS EXPRESS CL 514,Consumidor Livre,NORTE,12.0,4.441533
,2025-05-01,,HTS EXPRESS CL 514,,,12.0,4.441533
202505.0,2025-05-02,46935.0,HTS EXPRESS CL 514,Consumidor Livre,NORTE,12.0,4.709329
202505.0,2025-05-02,46935.0,HTS EXPRESS CL 514,Consumidor Livre,NORTE,12.0,4.709329
,2025-05-02,,HTS EXPRESS CL 514,,,12.0,4.709329
202505.0,2025-05-03,46935.0,HTS EXPRESS CL 514,Consumidor Livre,NORTE,12.0,4.746598
202505.0,2025-05-03,46935.0,HTS EXPRESS CL 514,Consumidor Livre,NORTE,12.0,4.746598
,2025-05-03,,HTS EXPRESS CL 514,,,12.0,4.746598
202505.0,2025-05-04,46935.0,HTS EXPRESS CL 514,Consumidor Livre,NORTE,12.0,4.641747
202505.0,2025-05-04,46935.0,HTS EXPRESS CL 514,Consumidor Livre,NORTE,12.0,4.641747
,2025-05-04,,HTS EXPRESS CL 514,,,12.0,4.641747
202505.0,2025-05-05,46935.0,HTS EXPRESS CL 514,Consumidor Livre,NORTE,12.0,5.033207
202505.0,2025-05-05,46935.0,HTS EXPRESS CL 514,Consumidor Livre,NORTE,12.0,5.033207
,2025-05-05,,HTS EXPRESS CL 514,,,12.0,5.033207
202505.0,2025-05-06,46935.0,HTS EXPRESS CL 514,Consumidor Livre,NORTE,12.0,4.837814
202505.0,2025-05-06,46935.0,HTS EXPRESS CL 514,Consumidor Livre,NORTE,12.0,4.837814
,2025-05-06,,HTS EXPRESS CL 514,,,12.0,4.837814
202505.0,2025-05-07,46935.0,HTS EXPRESS CL 514,Consumidor Livre,NORTE,12.0,4.889889
202505.0,2025-05-07,46935.0,HTS EXPRESS CL 514,Consumidor Livre,NORTE,12.0,4.889889
,2025-05-07,,HTS EXPRESS CL 514,,,12.0,4.889889
202505.0,2025-05-08,46935.0,HTS EXPRESS CL 514,Consumidor Livre,NORTE,12.0,4.795322
202505.0,2025-05-08,46935.0,HTS EXPRESS CL 514,Consumidor Livre,NORTE,12.0,4.795322
,2025-05-08,,HTS EXPRESS CL 514,,,12.0,4.795322
202505.0,2025-05-09,46935.0,HTS EXPRESS CL 514,Consumidor Livre,NORTE,12.0,4.900121
202505.0,2025-05-09,46935.0,HTS EXPRESS CL 514,Consumidor Livre,NORTE,12.0,4.900121
,2025-05-09,,HTS EXPRESS CL 514,,,12.0,4.900121
202505.0,2025-05-10,46935.0,HTS EXPRESS CL 514,Consumidor Livre,NORTE,12.0,4.966837
202505.0,2025-05-10,46935.0,HTS EXPRESS CL 514,Consumidor Livre,NORTE,12.0,4.966837
,2025-05-10,,HTS EXPRESS CL 514,,,12.0,4.966837
202505.0,2025-05-11,46935.0,HTS EXPRESS CL 514,Consumidor Livre,NORTE,12.0,4.589631
202505.0,2025-05-11,46935.0,HTS EXPRESS CL 514,Consumidor Livre,NORTE,12.0,4.589631
,2025-05-11,,HTS EXPRESS CL 514,,,12.0,4.589631
202505.0,2025-05-12,46935.0,HTS EXPRESS CL 514,Consumidor Livre,NORTE,12.0,4.780476
202505.0,2025-05-12,46935.0,HTS EXPRESS CL 514,Consumidor Livre,NORTE,12.0,4.780476
,2025-05-12,,HTS EXPRESS CL 514,,,12.0,4.780476
202505.0,2025-05-13,46935.0,HTS EXPRESS CL 514,Consumidor Livre,NORTE,12.0,4.814093
202505.0,2025-05-13,46935.0,HTS EXPRESS CL 514,Consumidor Livre,NORTE,12.0,4.814093
,2025-05-13,,HTS EXPRESS CL 514,,,12.0,4.814093
202505.0,2025-05-14,46935.0,HTS EXPRESS CL 514,Consumidor Livre,NORTE,12.0,4.698247
202505.0,2025-05-14,46935.0,HTS EXPRESS CL 514,Consumidor Livre,NORTE,12.0,4.698247
,2025-05-14,,HTS EXPRESS CL 514,,,12.0,4.698247
202505.0,2025-05-15,46935.0,HTS EXPRESS CL 514,Consumidor Livre,NORTE,12.0,4.59785
202505.0,2025-05-15,46935.0,HTS EXPRESS CL 514,Consumidor Livre,NORTE,12.0,4.59785
,2025-05-15,,HTS EXPRESS CL 514,,,12.0,4.59785
202505.0,2025-05-16,46935.0,HTS EXPRESS CL 514,Consumidor Livre,NORTE,12.0,4.488003
202505.0,2025-05-16,46935.0,HTS EXPRESS CL 514,Consumidor Livre,NORTE,12.0,4.488003
,2025-05-16,,HTS EXPRESS CL 514,,,12.0,4.488003
202505.0,2025-05-17,46935.0,HTS EXPRESS CL 514,Consumidor Livre,NORTE,12.0,4.665523
202505.0,2025-05-17,46935.0,HTS EXPRESS CL 514,Consumidor Livre,NORTE,12.0,4.665523
,2025-05-17,,HTS EXPRESS CL 514,,,12.0,4.665523
202505.0,2025-05-18,46935.0,HTS EXPRESS CL 514,Consumidor Livre,NORTE,12.0,4.177651
202505.0,2025-05-18,46935.0,HTS EXPRESS CL 514,Consumidor Livre,NORTE,12.0,4.177651
,2025-05-18,,HTS EXPRESS CL 514,,,12.0,4.177651
202505.0,2025-05-19,46935.0,HTS EXPRESS CL 514,Consumidor Livre,NORTE,12.0,4.328628
202505.0,2025-05-19,46935.0,HTS EXPRESS CL 514,Consumidor Livre,NORTE,12.0,4.328628
,2025-05-19,,HTS EXPRESS CL 514,,,12.0,4.328628
202505.0,2025-05-20,46935.0,HTS EXPRESS CL 514,Consumidor Livre,NORTE,12.0,4.340333
202505.0,2025-05-20,46935.0,HTS EXPRESS CL 514,Consumidor Livre,NORTE,12.0,4.340333
,2025-05-20,,HTS EXPRESS CL 514,,,12.0,4.340333
202505.0,2025-05-21,46935.0,HTS EXPRESS CL 514,Consumidor Livre,NORTE,12.0,4.87658
202505.0,2025-05-21,46935.0,HTS EXPRESS CL 514,Consumidor Livre,NORTE,12.0,4.87658
,2025-05-21,,HTS EXPRESS CL 514,,,12.0,4.87658
202505.0,2025-05-22,46935.0,HTS EXPRESS CL 514,Consumidor Livre,NORTE,12.0,4.793468
202505.0,2025-05-22,46935.0,HTS EXPRESS CL 514,Consumidor Livre,NORTE,12.0,4.793468
,2025-05-22,,HTS EXPRESS CL 514,,,12.0,4.793468
202505.0,2025-05-23,46935.0,HTS EXPRESS CL 514,Consumidor Livre,NORTE,12.0,4.9660720000000005
202505.0,2025-05-23,46935.0,HTS EXPRESS CL 514,Consumidor Livre,NORTE,12.0,4.9660720000000005
,2025-05-23,,HTS EXPRESS CL 514,,,12.0,4.9660720000000005
202505.0,2025-05-24,46935.0,HTS EXPRESS CL 514,Consumidor Livre,NORTE,12.0,4.46248
202505.0,2025-05-24,46935.0,HTS EXPRESS CL 514,Consumidor Livre,NORTE,12.0,4.46248
,2025-05-24,,HTS EXPRESS CL 514,,,12.0,4.46248
202505.0,2025-05-25,46935.0,HTS EXPRESS CL 514,Consumidor Livre,NORTE,12.0,4.552907
202505.0,2025-05-25,46935.0,HTS EXPRESS CL 514,Consumidor Livre,NORTE,12.0,4.552907
,2025-05-25,,HTS EXPRESS CL 514,,,12.0,4.552907
202505.0,2025-05-26,46935.0,HTS EXPRESS CL 514,Consumidor Livre,NORTE,12.0,4.836418
202505.0,2025-05-26,46935.0,HTS EXPRESS CL 514,Consumidor Livre,NORTE,12.0,4.836418
,2025-05-26,,HTS EXPRESS CL 514,,,12.0,4.836418
202505.0,2025-05-27,46935.0,HTS EXPRESS CL 514,Consumidor Livre,NORTE,12.0,4.805907
202505.0,2025-05-27,46935.0,HTS EXPRESS CL 514,Consumidor Livre,NORTE,12.0,4.805907
,2025-05-27,,HTS EXPRESS CL 514,,,12.0,4.805907
202505.0,2025-05-28,46935.0,HTS EXPRESS CL 514,Consumidor Livre,NORTE,12.0,4.832899
202505.0,2025-05-28,46935.0,HTS EXPRESS CL 514,Consumidor Livre,NORTE,12.0,4.832899
,2025-05-28,,HTS EXPRESS CL 514,,,12.0,4.832899
202505.0,2025-05-29,46935.0,HTS EXPRESS CL 514,Consumidor Livre,NORTE,12.0,4.878236
202505.0,2025-05-29,46935.0,HTS EXPRESS CL 514,Consumidor Livre,NORTE,12.0,4.878236
,2025-05-29,,HTS EXPRESS CL 514,,,12.0,4.878236
202505.0,2025-05-30,46935.0,HTS EXPRESS CL 514,Consumidor Livre,NORTE,12.0,4.783945
202505.0,2025-05-30,46935.0,HTS EXPRESS CL 514,Consumidor Livre,NORTE,12.0,4.783945
,2025-05-30,,HTS EXPRESS CL 514,,,12.0,4.783945
202505.0,2025-05-31,46935.0,HTS EXPRESS CL 514,Consumidor Livre,NORTE,12.0,4.32684
202505.0,2025-05-31,46935.0,HTS EXPRESS CL 514,Consumidor Livre,NORTE,12.0,4.32684
,2025-05-31,,HTS EXPRESS CL 514,,,12.0,4.32684
202506.0,2025-06-01,46935.0,HTS EXPRESS CL 514,Consumidor Livre,NORTE,12.0,4.178607
202506.0,2025-06-01,46935.0,HTS EXPRESS CL 514,Consumidor Livre,NORTE,12.0,4.178607
,2025-06-01,,HTS EXPRESS CL 514,,,12.0,4.178607
202506.0,2025-06-02,46935.0,HTS EXPRESS CL 514,Consumidor Livre,NORTE,12.0,5.131234
202506.0,2025-06-02,46935.0,HTS EXPRESS CL 514,Consumidor Livre,NORTE,12.0,5.131234
,2025-06-02,,HTS EXPRESS CL 514,,,12.0,5.131234
202506.0,2025-06-03,46935.0,HTS EXPRESS CL 514,Consumidor Livre,NORTE,12.0,4.764214
202506.0,2025-06-03,46935.0,HTS EXPRESS CL 514,Consumidor Livre,NORTE,12.0,4.764214
,2025-06-03,,HTS EXPRESS CL 514,,,12.0,4.764214
202506.0,2025-06-04,46935.0,HTS EXPRESS CL 514,Consumidor Livre,NORTE,12.0,4.787045
202506.0,2025-06-04,46935.0,HTS EXPRESS CL 514,Consumidor Livre,NORTE,12.0,4.787045
,2025-06-04,,HTS EXPRESS CL 514,,,12.0,4.787045
202506.0,2025-06-05,46935.0,HTS EXPRESS CL 514,Consumidor Livre,NORTE,12.0,4.940188
202506.0,2025-06-05,46935.0,HTS EXPRESS CL 514,Consumidor Livre,NORTE,12.0,4.940188
,2025-06-05,,HTS EXPRESS CL 514,,,12.0,4.940188
202506.0,2025-06-06,46935.0,HTS EXPRESS CL 514,Consumidor Livre,NORTE,12.0,5.107747
202506.0,2025-06-06,46935.0,HTS EXPRESS CL 514,Consumidor Livre,NORTE,12.0,5.107747
,2025-06-06,,HTS EXPRESS CL 514,,,12.0,5.107747
202506.0,2025-06-07,46935.0,HTS EXPRESS CL 514,Consumidor Livre,NORTE,12.0,5.098229
202506.0,2025-06-07,46935.0,HTS EXPRESS CL 514,Consumidor Livre,NORTE,12.0,5.098229
,2025-06-07,,HTS EXPRESS CL 514,,,12.0,5.098229
202506.0,2025-06-08,46935.0,HTS EXPRESS CL 514,Consumidor Livre,NORTE,12.0,4.358874
202506.0,2025-06-08,46935.0,HTS EXPRESS CL 514,Consumidor Livre,NORTE,12.0,4.358874
,2025-06-08,,HTS EXPRESS CL 514,,,12.0,4.358874
202506.0,2025-06-09,46935.0,HTS EXPRESS CL 514,Consumidor Livre,NORTE,12.0,4.610779
202506.0,2025-06-09,46935.0,HTS EXPRESS CL 514,Consumidor Livre,NORTE,12.0,4.610779
,2025-06-09,,HTS EXPRESS CL 514,,,12.0,4.610779
202506.0,2025-06-10,46935.0,HTS EXPRESS CL 514,Consumidor Livre,NORTE,12.0,4.661507
202506.0,2025-06-10,46935.0,HTS EXPRESS CL 514,Consumidor Livre,NORTE,12.0,4.661507
,2025-06-10,,HTS EXPRESS CL 514,,,12.0,4.661507
202506.0,2025-06-11,46935.0,HTS EXPRESS CL 514,Consumidor Livre,NORTE,12.0,3.700939
202506.0,2025-06-11,46935.0,HTS EXPRESS CL 514,Consumidor Livre,NORTE,12.0,3.700939
,2025-06-11,,HTS EXPRESS CL 514,,,12.0,3.700939
202506.0,2025-06-12,46935.0,HTS EXPRESS CL 514,Consumidor Livre,NORTE,12.0,4.677779
202506.0,2025-06-12,46935.0,HTS EXPRESS CL 514,Consumidor Livre,NORTE,12.0,4.677779
,2025-06-12,,HTS EXPRESS CL 514,,,12.0,4.677779
202506.0,2025-06-13,46935.0,HTS EXPRESS CL 514,Consumidor Livre,NORTE,12.0,4.880026
202506.0,2025-06-13,46935.0,HTS EXPRESS CL 514,Consumidor Livre,NORTE,12.0,4.880026
,2025-06-13,,HTS EXPRESS CL 514,,,12.0,4.880026
202506.0,2025-06-14,46935.0,HTS EXPRESS CL 514,Consumidor Livre,NORTE,12.0,4.919104
202506.0,2025-06-14,46935.0,HTS EXPRESS CL 514,Consumidor Livre,NORTE,12.0,4.919104
,2025-06-14,,HTS EXPRESS CL 514,,,12.0,4.919104
202506.0,2025-06-15,46935.0,HTS EXPRESS CL 514,Consumidor Livre,NORTE,12.0,4.450888
202506.0,2025-06-15,46935.0,HTS EXPRESS CL 514,Consumidor Livre,NORTE,12.0,4.450888
,2025-06-15,,HTS EXPRESS CL 514,,,12.0,4.450888
202506.0,2025-06-16,46935.0,HTS EXPRESS CL 514,Consumidor Livre,NORTE,12.0,4.708584
202506.0,2025-06-16,46935.0,HTS EXPRESS CL 514,Consumidor Livre,NORTE,12.0,4.708584
,2025-06-16,,HTS EXPRESS CL 514,,,12.0,4.708584
202506.0,2025-06-17,46935.0,HTS EXPRESS CL 514,Consumidor Livre,NORTE,12.0,4.919633
202506.0,2025-06-17,46935.0,HTS EXPRESS CL 514,Consumidor Livre,NORTE,12.0,4.919633
,2025-06-17,,HTS EXPRESS CL 514,,,12.0,4.919633
202506.0,2025-06-18,46935.0,HTS EXPRESS CL 514,Consumidor Livre,NORTE,12.0,5.324326
202506.0,2025-06-18,46935.0,HTS EXPRESS CL 514,Consumidor Livre,NORTE,12.0,5.324326
,2025-06-18,,HTS EXPRESS CL 514,,,12.0,5.324326
202506.0,2025-06-19,46935.0,HTS EXPRESS CL 514,Consumidor Livre,NORTE,12.0,5.338393
202506.0,2025-06-19,46935.0,HTS EXPRESS CL 514,Consumidor Livre,NORTE,12.0,5.338393
,2025-06-19,,HTS EXPRESS CL 514,,,12.0,5.338393
202506.0,2025-06-20,46935.0,HTS EXPRESS CL 514,Consumidor Livre,NORTE,12.0,5.40237
202506.0,2025-06-20,46935.0,HTS EXPRESS CL 514,Consumidor Livre,NORTE,12.0,5.40237
,2025-06-20,,HTS EXPRESS CL 514,,,12.0,5.40237
202506.0,2025-06-21,46935.0,HTS EXPRESS CL 514,Consumidor Livre,NORTE,12.0,4.989349
202506.0,2025-06-21,46935.0,HTS EXPRESS CL 514,Consumidor Livre,NORTE,12.0,4.989349
,2025-06-21,,HTS EXPRESS CL 514,,,12.0,4.989349
202506.0,2025-06-22,46935.0,HTS EXPRESS CL 514,Consumidor Livre,NORTE,12.0,4.381406
202506.0,2025-06-22,46935.0,HTS EXPRESS CL 514,Consumidor Livre,NORTE,12.0,4.381406
,2025-06-22,,HTS EXPRESS CL 514,,,12.0,4.381406
202506.0,2025-06-23,46935.0,HTS EXPRESS CL 514,Consumidor Livre,NORTE,12.0,4.748502
202506.0,2025-06-23,46935.0,HTS EXPRESS CL 514,Consumidor Livre,NORTE,12.0,4.748502
,2025-06-23,,HTS EXPRESS CL 514,,,12.0,4.748502
202506.0,2025-06-24,46935.0,HTS EXPRESS CL 514,Consumidor Livre,NORTE,12.0,5.02818
202506.0,2025-06-24,46935.0,HTS EXPRESS CL 514,Consumidor Livre,NORTE,12.0,5.02818
,2025-06-24,,HTS EXPRESS CL 514,,,12.0,5.02818
202506.0,2025-06-25,46935.0,HTS EXPRESS CL 514,Consumidor Livre,NORTE,12.0,4.83759
202506.0,2025-06-25,46935.0,HTS EXPRESS CL 514,Consumidor Livre,NORTE,12.0,4.83759
,2025-06-25,,HTS EXPRESS CL 514,,,12.0,4.83759
202506.0,2025-06-26,46935.0,HTS EXPRESS CL 514,Consumidor Livre,NORTE,12.0,4.860758
202506.0,2025-06-26,46935.0,HTS EXPRESS CL 514,Consumidor Livre,NORTE,12.0,4.860758
,2025-06-26,,HTS EXPRESS CL 514,,,12.0,4.860758
202506.0,2025-06-27,46935.0,HTS EXPRESS CL 514,Consumidor Livre,NORTE,12.0,4.82644
202506.0,2025-06-27,46935.0,HTS EXPRESS CL 514,Consumidor Livre,NORTE,12.0,4.82644
,2025-06-27,,HTS EXPRESS CL 514,,,12.0,4.82644
202506.0,2025-06-28,46935.0,HTS EXPRESS CL 514,Consumidor Livre,NORTE,12.0,4.667122
202506.0,2025-06-28,46935.0,HTS EXPRESS CL 514,Consumidor Livre,NORTE,12.0,4.667122
,2025-06-28,,HTS EXPRESS CL 514,,,12.0,4.667122
202506.0,2025-06-29,46935.0,HTS EXPRESS CL 514,Consumidor Livre,NORTE,12.0,4.571116
202506.0,2025-06-29,46935.0,HTS EXPRESS CL 514,Consumidor Livre,NORTE,12.0,4.571116
,2025-06-29,,HTS EXPRESS CL 514,,,12.0,4.571116
202506.0,2025-06-30,46935.0,HTS EXPRESS CL 514,Consumidor Livre,NORTE,12.0,4.920148
202506.0,2025-06-30,46935.0,HTS EXPRESS CL 514,Consumidor Livre,NORTE,12.0,4.920148
,2025-06-30,,HTS EXPRESS CL 514,,,12.0,4.920148
202507.0,2025-07-01,46935.0,HTS EXPRESS CL 514,Consumidor Livre,NORTE,12.0,4.884427
202507.0,2025-07-01,46935.0,HTS EXPRESS CL 514,Consumidor Livre,NORTE,12.0,4.884427
,2025-07-01,,HTS EXPRESS CL 514,,,12.0,4.884427
202507.0,2025-07-02,46935.0,HTS EXPRESS CL 514,Consumidor Livre,NORTE,12.0,4.617053
202507.0,2025-07-02,46935.0,HTS EXPRESS CL 514,Consumidor Livre,NORTE,12.0,4.617053
,2025-07-02,,HTS EXPRESS CL 514,,,12.0,4.617053
202507.0,2025-07-03,46935.0,HTS EXPRESS CL 514,Consumidor Livre,NORTE,12.0,4.492547
202507.0,2025-07-03,46935.0,HTS EXPRESS CL 514,Consumidor Livre,NORTE,12.0,4.492547
,2025-07-03,,HTS EXPRESS CL 514,,,12.0,4.492547
202507.0,2025-07-04,46935.0,HTS EXPRESS CL 514,Consumidor Livre,NORTE,12.0,4.336744
202507.0,2025-07-04,46935.0,HTS EXPRESS CL 514,Consumidor Livre,NORTE,12.0,4.336744
,2025-07-04,,HTS EXPRESS CL 514,,,12.0,4.336744
202507.0,2025-07-05,46935.0,HTS EXPRESS CL 514,Consumidor Livre,NORTE,12.0,3.758848
202507.0,2025-07-05,46935.0,HTS EXPRESS CL 514,Consumidor Livre,NORTE,12.0,3.758848
,2025-07-05,,HTS EXPRESS CL 514,,,12.0,3.758848
202507.0,2025-07-06,46935.0,HTS EXPRESS CL 514,Consumidor Livre,NORTE,12.0,4.084246
202507.0,2025-07-06,46935.0,HTS EXPRESS CL 514,Consumidor Livre,NORTE,12.0,4.084246
,2025-07-06,,HTS EXPRESS CL 514,,,12.0,4.084246
202507.0,2025-07-07,46935.0,HTS EXPRESS CL 514,Consumidor Livre,NORTE,12.0,4.587208
202507.0,2025-07-07,46935.0,HTS EXPRESS CL 514,Consumidor Livre,NORTE,12.0,4.587208
,2025-07-07,,HTS EXPRESS CL 514,,,12.0,4.587208
202507.0,2025-07-08,46935.0,HTS EXPRESS CL 514,Consumidor Livre,NORTE,12.0,4.791322
202507.0,2025-07-08,46935.0,HTS EXPRESS CL 514,Consumidor Livre,NORTE,12.0,4.791322
,2025-07-08,,HTS EXPRESS CL 514,,,12.0,4.791322
202507.0,2025-07-09,46935.0,HTS EXPRESS CL 514,Consumidor Livre,NORTE,12.0,5.04745
202507.0,2025-07-09,46935.0,HTS EXPRESS CL 514,Consumidor Livre,NORTE,12.0,5.04745
,2025-07-09,,HTS EXPRESS CL 514,,,12.0,5.04745
202507.0,2025-07-10,46935.0,HTS EXPRESS CL 514,Consumidor Livre,NORTE,12.0,4.857984
202507.0,2025-07-10,46935.0,HTS EXPRESS CL 514,Consumidor Livre,NORTE,12.0,4.857984
,2025-07-10,,HTS EXPRESS CL 514,,,12.0,4.857984
202507.0,2025-07-11,46935.0,HTS EXPRESS CL 514,Consumidor Livre,NORTE,12.0,4.779175
202507.0,2025-07-11,46935.0,HTS EXPRESS CL 514,Consumidor Livre,NORTE,12.0,4.779175
,2025-07-11,,HTS EXPRESS CL 514,,,12.0,4.779175
202507.0,2025-07-12,46935.0,HTS EXPRESS CL 514,Consumidor Livre,NORTE,12.0,4.8766300000000005
202507.0,2025-07-12,46935.0,HTS EXPRESS CL 514,Consumidor Livre,NORTE,12.0,4.8766300000000005
,2025-07-12,,HTS EXPRESS CL 514,,,12.0,4.8766300000000005
202507.0,2025-07-13,46935.0,HTS EXPRESS CL 514,Consumidor Livre,NORTE,12.0,4.714315
202507.0,2025-07-13,46935.0,HTS EXPRESS CL 514,Consumidor Livre,NORTE,12.0,4.714315
,2025-07-13,,HTS EXPRESS CL 514,,,12.0,4.714315
202507.0,2025-07-14,46935.0,HTS EXPRESS CL 514,Consumidor Livre,NORTE,12.0,5.226499
202507.0,2025-07-14,46935.0,HTS EXPRESS CL 514,Consumidor Livre,NORTE,12.0,5.226499
,2025-07-14,,HTS EXPRESS CL 514,,,12.0,5.226499
202507.0,2025-07-15,46935.0,HTS EXPRESS CL 514,Consumidor Livre,NORTE,12.0,4.912046
202507.0,2025-07-15,46935.0,HTS EXPRESS CL 514,Consumidor Livre,NORTE,12.0,4.912046
,2025-07-15,,HTS EXPRESS CL 514,,,12.0,4.912046
202507.0,2025-07-16,46935.0,HTS EXPRESS CL 514,Consumidor Livre,NORTE,12.0,5.001157
202507.0,2025-07-16,46935.0,HTS EXPRESS CL 514,Consumidor Livre,NORTE,12.0,5.001157
,2025-07-16,,HTS EXPRESS CL 514,,,12.0,5.001157
202507.0,2025-07-17,46935.0,HTS EXPRESS CL 514,Consumidor Livre,NORTE,12.0,5.1968440000000005
202507.0,2025-07-17,46935.0,HTS EXPRESS CL 514,Consumidor Livre,NORTE,12.0,5.1968440000000005
,2025-07-17,,HTS EXPRESS CL 514,,,12.0,5.1968440000000005
202507.0,2025-07-18,46935.0,HTS EXPRESS CL 514,Consumidor Livre,NORTE,12.0,5.460885
202507.0,2025-07-18,46935.0,HTS EXPRESS CL 514,Consumidor Livre,NORTE,12.0,5.460885
,2025-07-18,,HTS EXPRESS CL 514,,,12.0,5.460885
202507.0,2025-07-19,46935.0,HTS EXPRESS CL 514,Consumidor Livre,NORTE,12.0,5.414128
202507.0,2025-07-19,46935.0,HTS EXPRESS CL 514,Consumidor Livre,NORTE,12.0,5.414128
,2025-07-19,,HTS EXPRESS CL 514,,,12.0,5.414128
202507.0,2025-07-20,46935.0,HTS EXPRESS CL 514,Consumidor Livre,NORTE,12.0,5.035198
202507.0,2025-07-20,46935.0,HTS EXPRESS CL 514,Consumidor Livre,NORTE,12.0,5.035198
,2025-07-20,,HTS EXPRESS CL 514,,,12.0,5.035198
202507.0,2025-07-21,46935.0,HTS EXPRESS CL 514,Consumidor Livre,NORTE,12.0,4.819381
202507.0,2025-07-21,46935.0,HTS EXPRESS CL 514,Consumidor Livre,NORTE,12.0,4.819381
,2025-07-21,,HTS EXPRESS CL 514,,,12.0,4.819381
202507.0,2025-07-22,46935.0,HTS EXPRESS CL 514,Consumidor Livre,NORTE,12.0,4.930457
202507.0,2025-07-22,46935.0,HTS EXPRESS CL 514,Consumidor Livre,NORTE,12.0,4.930457
,2025-07-22,,HTS EXPRESS CL 514,,,12.0,4.930457
202507.0,2025-07-23,46935.0,HTS EXPRESS CL 514,Consumidor Livre,NORTE,12.0,4.848674
202507.0,2025-07-23,46935.0,HTS EXPRESS CL 514,Consumidor Livre,NORTE,12.0,4.848674
,2025-07-23,,HTS EXPRESS CL 514,,,12.0,4.848674
202507.0,2025-07-24,46935.0,HTS EXPRESS CL 514,Consumidor Livre,NORTE,12.0,5.054918
202507.0,2025-07-24,46935.0,HTS EXPRESS CL 514,Consumidor Livre,NORTE,12.0,5.054918
,2025-07-24,,HTS EXPRESS CL 514,,,12.0,5.054918
202507.0,2025-07-25,46935.0,HTS EXPRESS CL 514,Consumidor Livre,NORTE,12.0,4.976446
202507.0,2025-07-25,46935.0,HTS EXPRESS CL 514,Consumidor Livre,NORTE,12.0,4.976446
,2025-07-25,,HTS EXPRESS CL 514,,,12.0,4.976446
202507.0,2025-07-26,46935.0,HTS EXPRESS CL 514,Consumidor Livre,NORTE,12.0,4.716209
202507.0,2025-07-26,46935.0,HTS EXPRESS CL 514,Consumidor Livre,NORTE,12.0,4.716209
,2025-07-26,,HTS EXPRESS CL 514,,,12.0,4.716209
202507.0,2025-07-27,46935.0,HTS EXPRESS CL 514,Consumidor Livre,NORTE,12.0,4.661969
202507.0,2025-07-27,46935.0,HTS EXPRESS CL 514,Consumidor Livre,NORTE,12.0,4.661969
,2025-07-27,,HTS EXPRESS CL 514,,,12.0,4.661969
202507.0,2025-07-28,46935.0,HTS EXPRESS CL 514,Consumidor Livre,NORTE,12.0,5.003772
202507.0,2025-07-28,46935.0,HTS EXPRESS CL 514,Consumidor Livre,NORTE,12.0,5.003772
,2025-07-28,,HTS EXPRESS CL 514,,,12.0,5.003772
202507.0,2025-07-29,46935.0,HTS EXPRESS CL 514,Consumidor Livre,NORTE,12.0,4.995729
202507.0,2025-07-29,46935.0,HTS EXPRESS CL 514,Consumidor Livre,NORTE,12.0,4.995729
,2025-07-29,,HTS EXPRESS CL 514,,,12.0,4.995729
202507.0,2025-07-30,46935.0,HTS EXPRESS CL 514,Consumidor Livre,NORTE,12.0,5.100831
202507.0,2025-07-30,46935.0,HTS EXPRESS CL 514,Consumidor Livre,NORTE,12.0,5.100831
,2025-07-30,,HTS EXPRESS CL 514,,,12.0,5.100831
202507.0,2025-07-31,46935.0,HTS EXPRESS CL 514,Consumidor Livre,NORTE,12.0,4.856735
202507.0,2025-07-31,46935.0,HTS EXPRESS CL 514,Consumidor Livre,NORTE,12.0,4.856735
,2025-07-31,,HTS EXPRESS CL 514,,,12.0,4.856735
202508.0,2025-08-01,46935.0,HTS EXPRESS CL 514,Consumidor Livre,NORTE,12.0,5.040917
202508.0,2025-08-01,46935.0,HTS EXPRESS CL 514,Consumidor Livre,NORTE,12.0,5.040917
,2025-08-01,,HTS EXPRESS CL 514,,,12.0,5.040917
202508.0,2025-08-02,46935.0,HTS EXPRESS CL 514,Consumidor Livre,NORTE,12.0,4.828454
202508.0,2025-08-02,46935.0,HTS EXPRESS CL 514,Consumidor Livre,NORTE,12.0,4.828454
,2025-08-02,,HTS EXPRESS CL 514,,,12.0,4.828454
202508.0,2025-08-03,46935.0,HTS EXPRESS CL 514,Consumidor Livre,NORTE,12.0,4.428198
202508.0,2025-08-03,46935.0,HTS EXPRESS CL 514,Consumidor Livre,NORTE,12.0,4.428198
,2025-08-03,,HTS EXPRESS CL 514,,,12.0,4.428198
202508.0,2025-08-04,46935.0,HTS EXPRESS CL 514,Consumidor Livre,NORTE,12.0,4.817794
202508.0,2025-08-04,46935.0,HTS EXPRESS CL 514,Consumidor Livre,NORTE,12.0,4.817794
,2025-08-04,,HTS EXPRESS CL 514,,,12.0,4.817794
202508.0,2025-08-05,46935.0,HTS EXPRESS CL 514,Consumidor Livre,NORTE,12.0,5.023255
202508.0,2025-08-05,46935.0,HTS EXPRESS CL 514,Consumidor Livre,NORTE,12.0,5.023255
,2025-08-05,,HTS EXPRESS CL 514,,,12.0,5.023255
202508.0,2025-08-06,46935.0,HTS EXPRESS CL 514,Consumidor Livre,NORTE,12.0,4.619326
202508.0,2025-08-06,46935.0,HTS EXPRESS CL 514,Consumidor Livre,NORTE,12.0,4.619326
,2025-08-06,,HTS EXPRESS CL 514,,,12.0,4.619326
202508.0,2025-08-07,46935.0,HTS EXPRESS CL 514,Consumidor Livre,NORTE,12.0,4.55951
202508.0,2025-08-07,46935.0,HTS EXPRESS CL 514,Consumidor Livre,NORTE,12.0,4.55951
,2025-08-07,,HTS EXPRESS CL 514,,,12.0,4.55951
202508.0,2025-08-08,46935.0,HTS EXPRESS CL 514,Consumidor Livre,NORTE,12.0,4.515308
202508.0,2025-08-08,46935.0,HTS EXPRESS CL 514,Consumidor Livre,NORTE,12.0,4.515308
,2025-08-08,,HTS EXPRESS CL 514,,,12.0,4.515308
202508.0,2025-08-09,46935.0,HTS EXPRESS CL 514,Consumidor Livre,NORTE,12.0,4.778266
202508.0,2025-08-09,46935.0,HTS EXPRESS CL 514,Consumidor Livre,NORTE,12.0,4.778266
,2025-08-09,,HTS EXPRESS CL 514,,,12.0,4.778266
202508.0,2025-08-10,46935.0,HTS EXPRESS CL 514,Consumidor Livre,NORTE,12.0,4.374596
202508.0,2025-08-10,46935.0,HTS EXPRESS CL 514,Consumidor Livre,NORTE,12.0,4.374596
,2025-08-10,,HTS EXPRESS CL 514,,,12.0,4.374596
202508.0,2025-08-11,46935.0,HTS EXPRESS CL 514,Consumidor Livre,NORTE,12.0,4.498759
202508.0,2025-08-11,46935.0,HTS EXPRESS CL 514,Consumidor Livre,NORTE,12.0,4.498759
,2025-08-11,,HTS EXPRESS CL 514,,,12.0,4.498759
202508.0,2025-08-12,46935.0,HTS EXPRESS CL 514,Consumidor Livre,NORTE,12.0,4.654957
202508.0,2025-08-12,46935.0,HTS EXPRESS CL 514,Consumidor Livre,NORTE,12.0,4.654957
,2025-08-12,,HTS EXPRESS CL 514,,,12.0,4.654957
202508.0,2025-08-13,46935.0,HTS EXPRESS CL 514,Consumidor Livre,NORTE,12.0,5.068839
202508.0,2025-08-13,46935.0,HTS EXPRESS CL 514,Consumidor Livre,NORTE,12.0,5.068839
,2025-08-13,,HTS EXPRESS CL 514,,,12.0,5.068839
202508.0,2025-08-14,46935.0,HTS EXPRESS CL 514,Consumidor Livre,NORTE,12.0,4.866667
202508.0,2025-08-14,46935.0,HTS EXPRESS CL 514,Consumidor Livre,NORTE,12.0,4.866667
,2025-08-14,,HTS EXPRESS CL 514,,,12.0,4.866667
202508.0,2025-08-15,46935.0,HTS EXPRESS CL 514,Consumidor Livre,NORTE,12.0,4.878904
202508.0,2025-08-15,46935.0,HTS EXPRESS CL 514,Consumidor Livre,NORTE,12.0,4.878904
,2025-08-15,,HTS EXPRESS CL 514,,,12.0,4.878904
202508.0,2025-08-16,46935.0,HTS EXPRESS CL 514,Consumidor Livre,NORTE,12.0,4.980514
202508.0,2025-08-16,46935.0,HTS EXPRESS CL 514,Consumidor Livre,NORTE,12.0,4.980514
,2025-08-16,,HTS EXPRESS CL 514,,,12.0,4.980514
202508.0,2025-08-17,46935.0,HTS EXPRESS CL 514,Consumidor Livre,NORTE,12.0,5.493484
202508.0,2025-08-17,46935.0,HTS EXPRESS CL 514,Consumidor Livre,NORTE,12.0,5.493484
,2025-08-17,,HTS EXPRESS CL 514,,,12.0,5.493484
202508.0,2025-08-18,46935.0,HTS EXPRESS CL 514,Consumidor Livre,NORTE,12.0,5.133519
202508.0,2025-08-18,46935.0,HTS EXPRESS CL 514,Consumidor Livre,NORTE,12.0,5.133519
,2025-08-18,,HTS EXPRESS CL 514,,,12.0,5.133519
202508.0,2025-08-19,46935.0,HTS EXPRESS CL 514,Consumidor Livre,NORTE,12.0,5.290581
202508.0,2025-08-19,46935.0,HTS EXPRESS CL 514,Consumidor Livre,NORTE,12.0,5.290581
,2025-08-19,,HTS EXPRESS CL 514,,,12.0,5.290581
202508.0,2025-08-20,46935.0,HTS EXPRESS CL 514,Consumidor Livre,NORTE,12.0,5.562134
202508.0,2025-08-20,46935.0,HTS EXPRESS CL 514,Consumidor Livre,NORTE,12.0,5.562134
,2025-08-20,,HTS EXPRESS CL 514,,,12.0,5.562134
202508.0,2025-08-21,46935.0,HTS EXPRESS CL 514,Consumidor Livre,NORTE,12.0,5.571687
202508.0,2025-08-21,46935.0,HTS EXPRESS CL 514,Consumidor Livre,NORTE,12.0,5.571687
,2025-08-21,,HTS EXPRESS CL 514,,,12.0,5.571687
202508.0,2025-08-22,46935.0,HTS EXPRESS CL 514,Consumidor Livre,NORTE,12.0,5.44223
202508.0,2025-08-22,46935.0,HTS EXPRESS CL 514,Consumidor Livre,NORTE,12.0,5.44223
,2025-08-22,,HTS EXPRESS CL 514,,,12.0,5.44223
202508.0,2025-08-23,46935.0,HTS EXPRESS CL 514,Consumidor Livre,NORTE,12.0,5.308175
202508.0,2025-08-23,46935.0,HTS EXPRESS CL 514,Consumidor Livre,NORTE,12.0,5.308175
,2025-08-23,,HTS EXPRESS CL 514,,,12.0,5.308175
202508.0,2025-08-24,46935.0,HTS EXPRESS CL 514,Consumidor Livre,NORTE,12.0,5.059148
202508.0,2025-08-24,46935.0,HTS EXPRESS CL 514,Consumidor Livre,NORTE,12.0,5.059148
,2025-08-24,,HTS EXPRESS CL 514,,,12.0,5.059148
202508.0,2025-08-25,46935.0,HTS EXPRESS CL 514,Consumidor Livre,NORTE,12.0,5.040281
202508.0,2025-08-25,46935.0,HTS EXPRESS CL 514,Consumidor Livre,NORTE,12.0,5.040281
,2025-08-25,,HTS EXPRESS CL 514,,,12.0,5.040281
202508.0,2025-08-26,46935.0,HTS EXPRESS CL 514,Consumidor Livre,NORTE,12.0,5.104935
202508.0,2025-08-26,46935.0,HTS EXPRESS CL 514,Consumidor Livre,NORTE,12.0,5.104935
,2025-08-26,,HTS EXPRESS CL 514,,,12.0,5.104935
202508.0,2025-08-27,46935.0,HTS EXPRESS CL 514,Consumidor Livre,NORTE,12.0,4.666607
202508.0,2025-08-27,46935.0,HTS EXPRESS CL 514,Consumidor Livre,NORTE,12.0,4.666607
,2025-08-27,,HTS EXPRESS CL 514,,,12.0,4.666607
202508.0,2025-08-28,46935.0,HTS EXPRESS CL 514,Consumidor Livre,NORTE,12.0,4.998985
202508.0,2025-08-28,46935.0,HTS EXPRESS CL 514,Consumidor Livre,NORTE,12.0,4.998985
,2025-08-28,,HTS EXPRESS CL 514,,,12.0,4.998985
202508.0,2025-08-29,46935.0,HTS EXPRESS CL 514,Consumidor Livre,NORTE,12.0,4.972401
202508.0,2025-08-29,46935.0,HTS EXPRESS CL 514,Consumidor Livre,NORTE,12.0,4.972401
,2025-08-29,,HTS EXPRESS CL 514,,,12.0,4.972401
202508.0,2025-08-30,46935.0,HTS EXPRESS CL 514,Consumidor Livre,NORTE,12.0,5.273148
202508.0,2025-08-30,46935.0,HTS EXPRESS CL 514,Consumidor Livre,NORTE,12.0,5.273148
,2025-08-30,,HTS EXPRESS CL 514,,,12.0,5.273148
202508.0,2025-08-31,46935.0,HTS EXPRESS CL 514,Consumidor Livre,NORTE,12.0,4.77785
202508.0,2025-08-31,46935.0,HTS EXPRESS CL 514,Consumidor Livre,NORTE,12.0,4.77785
,2025-08-31,,HTS EXPRESS CL 514,,,12.0,4.77785
