MES_REFERENCIA,DATA,CODIGO_PERFIL_AGENTE,SIGLA_PERFIL_AGENTE,CLASSE_PERFIL_AGENTE,SUBMERCADO,CAPACIDADE_CARGA,CONSUMO_CARGA_ACL
,2022-09-01,40594.0,JAVEP,Consumidor Especial,SUDESTE,12.0,2.107448
,2022-09-02,40594.0,JAVEP,Consumidor Especial,SUDESTE,12.0,2.619517
,2022-09-03,40594.0,JAVEP,Consumidor Especial,SUDESTE,12.0,1.501385
,2022-09-04,40594.0,JAVEP,Consumidor Especial,SUDESTE,12.0,1.316253
,2022-09-05,40594.0,JAVEP,Consumidor Especial,SUDESTE,12.0,2.6301170000000003
,2022-09-06,40594.0,JAVEP,Consumidor Especial,SUDESTE,12.0,2.456125
,2022-09-07,40594.0,JAVEP,Consumidor Especial,SUDESTE,12.0,0.818434
,2022-09-08,40594.0,JAVEP,Consumidor Especial,SUDESTE,12.0,2.840619
,2022-09-09,40594.0,JAVEP,Consumidor Especial,SUDESTE,12.0,3.087231
,2022-09-10,40594.0,JAVEP,Consumidor Especial,SUDESTE,12.0,1.917731
,2022-09-11,40594.0,JAVEP,Consumidor Especial,SUDESTE,12.0,1.116091
,2022-09-12,40594.0,JAVEP,Consumidor Especial,SUDESTE,12.0,2.988627
,2022-09-13,40594.0,JAVEP,Consumidor Especial,SUDESTE,12.0,3.181087
,2022-09-14,40594.0,JAVEP,Consumidor Especial,SUDESTE,12.0,2.6273
,2022-09-15,40594.0,JAVEP,Consumidor Especial,SUDESTE,12.0,2.443874
,2022-09-16,40594.0,JAVEP,Consumidor Especial,SUDESTE,12.0,2.043345
,2022-09-17,40594.0,JAVEP,Consumidor Especial,SUDESTE,12.0,1.172784
,2022-09-18,40594.0,JAVEP,Consumidor Especial,SUDESTE,12.0,0.685207
,2022-09-19,40594.0,JAVEP,Consumidor Especial,SUDESTE,12.0,2.701286
,2022-09-20,40594.0,JAVEP,Consumidor Especial,SUDESTE,12.0,2.678855
,2022-09-21,40594.0,JAVEP,Consumidor Especial,SUDESTE,12.0,2.680153
,2022-09-22,40594.0,JAVEP,Consumidor Especial,SUDESTE,12.0,2.336053
,2022-09-23,40594.0,JAVEP,Consumidor Especial,SUDESTE,12.0,2.068871
,2022-09-24,40594.0,JAVEP,Consumidor Especial,SUDESTE,12.0,1.180191
,2022-09-25,40594.0,JAVEP,Consumidor Especial,SUDESTE,12.0,0.825075
,2022-09-26,40594.0,JAVEP,Consumidor Especial,SUDESTE,12.0,2.644491
,2022-09-27,40594.0,JAVEP,Consumidor Especial,SUDESTE,12.0,2.222232
,2022-09-28,40594.0,JAVEP,Consumidor Especial,SUDESTE,12.0,2.081284
,2022-09-29,40594.0,JAVEP,Consumidor Especial,SUDESTE,12.0,2.242481
,2022-09-30,40594.0,JAVEP,Consumidor Especial,SUDESTE,12.0,2.363015
,2022-10-01,40594.0,JAVEP,Consumidor Especial,SUDESTE,12.0,1.400893
,2022-10-02,40594.0,JAVEP,Consumidor Especial,SUDESTE,12.0,0.958214
,2022-10-03,40594.0,JAVEP,Consumidor Especial,SUDESTE,12.0,2.989644
,2022-10-04,40594.0,JAVEP,Consumidor Especial,SUDESTE,12.0,2.778906
,2022-10-05,40594.0,JAVEP,Consumidor Especial,SUDESTE,12.0,2.937933
,2022-10-06,40594.0,JAVEP,Consumidor Especial,SUDESTE,12.0,3.454427
,2022-10-07,40594.0,JAVEP,Consumidor Especial,SUDESTE,12.0,2.817904
,2022-10-08,40594.0,JAVEP,Consumidor Especial,SUDESTE,12.0,1.543867
,2022-10-09,40594.0,JAVEP,Consumidor Especial,SUDESTE,12.0,0.984645
,2022-10-10,40594.0,JAVEP,Consumidor Especial,SUDESTE,12.0,2.438478
,2022-10-11,40594.0,JAVEP,Consumidor Especial,SUDESTE,12.0,2.788765
,2022-10-12,40594.0,JAVEP,Consumidor Especial,SUDESTE,12.0,0.799385
,2022-10-13,40594.0,JAVEP,Consumidor Especial,SUDESTE,12.0,3.279099
,2022-10-14,40594.0,JAVEP,Consumidor Especial,SUDESTE,12.0,3.503101
,2022-10-15,40594.0,JAVEP,Consumidor Especial,SUDESTE,12.0,1.822978
,2022-10-16,40594.0,JAVEP,Consumidor Especial,SUDESTE,12.0,1.055042
,2022-10-17,40594.0,JAVEP,Consumidor Especial,SUDESTE,12.0,3.626757
,2022-10-18,40594.0,JAVEP,Consumidor Especial,SUDESTE,12.0,3.005871
,2022-10-19,40594.0,JAVEP,Consumidor Especial,SUDESTE,12.0,2.754316
,2022-10-20,40594.0,JAVEP,Consumidor Especial,SUDESTE,12.0,3.516761
,2022-10-21,40594.0,JAVEP,Consumidor Especial,SUDESTE,12.0,2.950229
,2022-10-22,40594.0,JAVEP,Consumidor Especial,SUDESTE,12.0,1.759938
,2022-10-23,40594.0,JAVEP,Consumidor Especial,SUDESTE,12.0,0.801744
,2022-10-24,40594.0,JAVEP,Consumidor Especial,SUDESTE,12.0,3.675068
,2022-10-25,40594.0,JAVEP,Consumidor Especial,SUDESTE,12.0,3.570231
,2022-10-26,40594.0,JAVEP,Consumidor Especial,SUDESTE,12.0,3.628613
,2022-10-27,40594.0,JAVEP,Consumidor Especial,SUDESTE,12.0,3.800853
,2022-10-28,40594.0,JAVEP,Consumidor Especial,SUDESTE,12.0,3.692991
,2022-10-29,40594.0,JAVEP,Consumidor Especial,SUDESTE,12.0,2.178014
,2022-10-30,40594.0,JAVEP,Consumidor Especial,SUDESTE,12.0,0.949285
,2022-10-31,40594.0,JAVEP,Consumidor Especial,SUDESTE,12.0,3.478193
,2022-11-01,40594.0,JAVEP,Consumidor Especial,SUDESTE,12.0,2.753889
,2022-11-02,40594.0,JAVEP,Consumidor Especial,SUDESTE,12.0,0.837991
,2022-11-03,40594.0,JAVEP,Consumidor Especial,SUDESTE,12.0,2.234805
,2022-11-04,40594.0,JAVEP,Consumidor Especial,SUDESTE,12.0,2.041102
,2022-11-05,40594.0,JAVEP,Consumidor Especial,SUDESTE,12.0,1.107601
,2022-11-06,40594.0,JAVEP,Consumidor Especial,SUDESTE,12.0,0.97863
,2022-11-07,40594.0,JAVEP,Consumidor Especial,SUDESTE,12.0,2.501888
,2022-11-08,40594.0,JAVEP,Consumidor Especial,SUDESTE,12.0,2.575686
,2022-11-09,40594.0,JAVEP,Consumidor Especial,SUDESTE,12.0,2.955955
,2022-11-10,40594.0,JAVEP,Consumidor Especial,SUDESTE,12.0,3.555098
,2022-11-11,40594.0,JAVEP,Consumidor Especial,SUDESTE,12.0,3.255292
,2022-11-12,40594.0,JAVEP,Consumidor Especial,SUDESTE,12.0,1.974928
,2022-11-13,40594.0,JAVEP,Consumidor Especial,SUDESTE,12.0,1.090054
,2022-11-14,40594.0,JAVEP,Consumidor Especial,SUDESTE,12.0,3.555423
,2022-11-15,40594.0,JAVEP,Consumidor Especial,SUDESTE,12.0,0.616428
,2022-11-16,40594.0,JAVEP,Consumidor Especial,SUDESTE,12.0,3.777764
,2022-11-17,40594.0,JAVEP,Consumidor Especial,SUDESTE,12.0,3.923879
,2022-11-18,40594.0,JAVEP,Consumidor Especial,SUDESTE,12.0,3.82465
,2022-11-19,40594.0,JAVEP,Consumidor Especial,SUDESTE,12.0,2.06756
,2022-11-20,40594.0,JAVEP,Consumidor Especial,SUDESTE,12.0,1.083535
,2022-11-21,40594.0,JAVEP,Consumidor Especial,SUDESTE,12.0,3.853207
,2022-11-22,40594.0,JAVEP,Consumidor Especial,SUDESTE,12.0,3.564816
,2022-11-23,40594.0,JAVEP,Consumidor Especial,SUDESTE,12.0,3.606272
,2022-11-24,40594.0,JAVEP,Consumidor Especial,SUDESTE,12.0,2.859467
,2022-11-25,40594.0,JAVEP,Consumidor Especial,SUDESTE,12.0,3.370533
,2022-11-26,40594.0,JAVEP,Consumidor Especial,SUDESTE,12.0,2.111128
,2022-11-27,40594.0,JAVEP,Consumidor Especial,SUDESTE,12.0,1.219184
,2022-11-28,40594.0,JAVEP,Consumidor Especial,SUDESTE,12.0,2.734183
,2022-11-29,40594.0,JAVEP,Consumidor Especial,SUDESTE,12.0,2.991172
,2022-11-30,40594.0,JAVEP,Consumidor Especial,SUDESTE,12.0,3.321425
,2022-12-01,40594.0,JAVEP,Consumidor Especial,SUDESTE,12.0,3.656534
,2022-12-02,40594.0,JAVEP,Consumidor Especial,SUDESTE,12.0,3.141743
,2022-12-03,40594.0,JAVEP,Consumidor Especial,SUDESTE,12.0,2.118293
,2022-12-04,40594.0,JAVEP,Consumidor Especial,SUDESTE,12.0,1.137634
,2022-12-05,40594.0,JAVEP,Consumidor Especial,SUDESTE,12.0,2.833311
,2022-12-06,40594.0,JAVEP,Consumidor Especial,SUDESTE,12.0,3.349863
,2022-12-07,40594.0,JAVEP,Consumidor Especial,SUDESTE,12.0,3.662674
,2022-12-08,40594.0,JAVEP,Consumidor Especial,SUDESTE,12.0,2.962316
,2022-12-09,40594.0,JAVEP,Consumidor Especial,SUDESTE,12.0,3.844644
,2022-12-10,40594.0,JAVEP,Consumidor Especial,SUDESTE,12.0,2.21213
,2022-12-11,40594.0,JAVEP,Consumidor Especial,SUDESTE,12.0,1.365231
,2022-12-12,40594.0,JAVEP,Consumidor Especial,SUDESTE,12.0,3.953093
,2022-12-13,40594.0,JAVEP,Consumidor Especial,SUDESTE,12.0,3.546978
,2022-12-14,40594.0,JAVEP,Consumidor Especial,SUDESTE,12.0,3.520511
,2022-12-15,40594.0,JAVEP,Consumidor Especial,SUDESTE,12.0,3.734486
,2022-12-16,40594.0,JAVEP,Consumidor Especial,SUDESTE,12.0,4.000146
,2022-12-17,40594.0,JAVEP,Consumidor Especial,SUDESTE,12.0,2.916583
,2022-12-18,40594.0,JAVEP,Consumidor Especial,SUDESTE,12.0,1.100284
,2022-12-19,40594.0,JAVEP,Consumidor Especial,SUDESTE,12.0,3.594962
,2022-12-20,40594.0,JAVEP,Consumidor Especial,SUDESTE,12.0,3.650863
,2022-12-21,40594.0,JAVEP,Consumidor Especial,SUDESTE,12.0,3.337812
,2022-12-22,40594.0,JAVEP,Consumidor Especial,SUDESTE,12.0,3.339826
,2022-12-23,40594.0,JAVEP,Consumidor Especial,SUDESTE,12.0,3.491397
,2022-12-24,40594.0,JAVEP,Consumidor Especial,SUDESTE,12.0,1.259053
,2022-12-25,40594.0,JAVEP,Consumidor Especial,SUDESTE,12.0,1.053583
,2022-12-26,40594.0,JAVEP,Consumidor Especial,SUDESTE,12.0,3.557825
,2022-12-27,40594.0,JAVEP,Consumidor Especial,SUDESTE,12.0,3.449783
,2022-12-28,40594.0,JAVEP,Consumidor Especial,SUDESTE,12.0,3.419486
,2022-12-29,40594.0,JAVEP,Consumidor Especial,SUDESTE,12.0,4.047145
,2022-12-30,40594.0,JAVEP,Consumidor Especial,SUDESTE,12.0,3.504361
,2022-12-31,40594.0,JAVEP,Consumidor Especial,SUDESTE,12.0,0.8759170000000001
,2023-01-01,40594.0,JAVEP,Consumidor Especial,SUDESTE,12.0,0.792225
,2023-01-02,40594.0,JAVEP,Consumidor Especial,SUDESTE,12.0,2.976603
,2023-01-03,40594.0,JAVEP,Consumidor Especial,SUDESTE,12.0,3.388931
,2023-01-04,40594.0,JAVEP,Consumidor Especial,SUDESTE,12.0,3.118415
,2023-01-05,40594.0,JAVEP,Consumidor Especial,SUDESTE,12.0,2.8879
,2023-01-06,40594.0,JAVEP,Consumidor Especial,SUDESTE,12.0,2.840202
,2023-01-07,40594.0,JAVEP,Consumidor Especial,SUDESTE,12.0,1.543846
,2023-01-08,40594.0,JAVEP,Consumidor Especial,SUDESTE,12.0,0.777928
,2023-01-09,40594.0,JAVEP,Consumidor Especial,SUDESTE,12.0,2.67111
,2023-01-10,40594.0,JAVEP,Consumidor Especial,SUDESTE,12.0,2.925657
,2023-01-11,40594.0,JAVEP,Consumidor Especial,SUDESTE,12.0,2.974904
,2023-01-12,40594.0,JAVEP,Consumidor Especial,SUDESTE,12.0,3.173853
,2023-01-13,40594.0,JAVEP,Consumidor Especial,SUDESTE,12.0,3.576435
,2023-01-14,40594.0,JAVEP,Consumidor Especial,SUDESTE,12.0,1.936248
,2023-01-15,40594.0,JAVEP,Consumidor Especial,SUDESTE,12.0,0.980144
,2023-01-16,40594.0,JAVEP,Consumidor Especial,SUDESTE,12.0,3.963755
,2023-01-17,40594.0,JAVEP,Consumidor Especial,SUDESTE,12.0,3.921039
,2023-01-18,40594.0,JAVEP,Consumidor Especial,SUDESTE,12.0,3.844719
,2023-01-19,40594.0,JAVEP,Consumidor Especial,SUDESTE,12.0,3.997978
,2023-01-20,40594.0,JAVEP,Consumidor Especial,SUDESTE,12.0,3.132925
,2023-01-21,40594.0,JAVEP,Consumidor Especial,SUDESTE,12.0,1.96042
,2023-01-22,40594.0,JAVEP,Consumidor Especial,SUDESTE,12.0,1.21136
,2023-01-23,40594.0,JAVEP,Consumidor Especial,SUDESTE,12.0,3.662344
,2023-01-24,40594.0,JAVEP,Consumidor Especial,SUDESTE,12.0,3.727898
,2023-01-25,40594.0,JAVEP,Consumidor Especial,SUDESTE,12.0,4.001848
,2023-01-26,40594.0,JAVEP,Consumidor Especial,SUDESTE,12.0,4.057562
,2023-01-27,40594.0,JAVEP,Consumidor Especial,SUDESTE,12.0,3.964698
,2023-01-28,40594.0,JAVEP,Consumidor Especial,SUDESTE,12.0,2.232844
,2023-01-29,40594.0,JAVEP,Consumidor Especial,SUDESTE,12.0,1.364767
,2023-01-30,40594.0,JAVEP,Consumidor Especial,SUDESTE,12.0,3.674766
,2023-01-31,40594.0,JAVEP,Consumidor Especial,SUDESTE,12.0,3.682174
,2023-02-01,40594.0,JAVEP,Consumidor Especial,SUDESTE,14.76,4.29484
,2023-02-02,40594.0,JAVEP,Consumidor Especial,SUDESTE,14.76,4.229807
,2023-02-03,40594.0,JAVEP,Consumidor Especial,SUDESTE,14.76,4.370961
,2023-02-04,40594.0,JAVEP,Consumidor Especial,SUDESTE,14.76,2.352369
,2023-02-05,40594.0,JAVEP,Consumidor Especial,SUDESTE,14.76,1.249502
,2023-02-06,40594.0,JAVEP,Consumidor Especial,SUDESTE,14.76,4.841792
,2023-02-07,40594.0,JAVEP,Consumidor Especial,SUDESTE,14.76,4.797468
,2023-02-08,40594.0,JAVEP,Consumidor Especial,SUDESTE,14.76,4.70115
,2023-02-09,40594.0,JAVEP,Consumidor Especial,SUDESTE,14.76,4.892928
,2023-02-10,40594.0,JAVEP,Consumidor Especial,SUDESTE,14.76,4.84967
,2023-02-11,40594.0,JAVEP,Consumidor Especial,SUDESTE,14.76,2.745431
,2023-02-12,40594.0,JAVEP,Consumidor Especial,SUDESTE,14.76,1.709186
,2023-02-13,40594.0,JAVEP,Consumidor Especial,SUDESTE,14.76,4.58061
,2023-02-14,40594.0,JAVEP,Consumidor Especial,SUDESTE,14.76,4.3337390000000005
,2023-02-15,40594.0,JAVEP,Consumidor Especial,SUDESTE,14.76,4.847014
,2023-02-16,40594.0,JAVEP,Consumidor Especial,SUDESTE,14.76,4.663997
,2023-02-17,40594.0,JAVEP,Consumidor Especial,SUDESTE,14.76,4.523576
,2023-02-18,40594.0,JAVEP,Consumidor Especial,SUDESTE,14.76,2.212231
,2023-02-19,40594.0,JAVEP,Consumidor Especial,SUDESTE,14.76,1.10098
,2023-02-20,40594.0,JAVEP,Consumidor Especial,SUDESTE,14.76,1.237354
,2023-02-21,40594.0,JAVEP,Consumidor Especial,SUDESTE,14.76,1.256546
,2023-02-22,40594.0,JAVEP,Consumidor Especial,SUDESTE,14.76,4.647092
,2023-02-23,40594.0,JAVEP,Consumidor Especial,SUDESTE,14.76,4.631124
,2023-02-24,40594.0,JAVEP,Consumidor Especial,SUDESTE,14.76,4.641994
,2023-02-25,40594.0,JAVEP,Consumidor Especial,SUDESTE,14.76,2.928057
,2023-02-26,40594.0,JAVEP,Consumidor Especial,SUDESTE,14.76,1.234902
,2023-02-27,40594.0,JAVEP,Consumidor Especial,SUDESTE,14.76,5.043597
,2023-02-28,40594.0,JAVEP,Consumidor Especial,SUDESTE,14.76,5.183955
,2023-03-01,40594.0,JAVEP,Consumidor Especial,SUDESTE,14.76,4.622934
,2023-03-02,40594.0,JAVEP,Consumidor Especial,SUDESTE,14.76,4.837749
,2023-03-03,40594.0,JAVEP,Consumidor Especial,SUDESTE,14.76,5.053054
,2023-03-04,40594.0,JAVEP,Consumidor Especial,SUDESTE,14.76,2.676406
,2023-03-05,40594.0,JAVEP,Consumidor Especial,SUDESTE,14.76,1.460689
,2023-03-06,40594.0,JAVEP,Consumidor Especial,SUDESTE,14.76,4.557725
,2023-03-07,40594.0,JAVEP,Consumidor Especial,SUDESTE,14.76,4.380776
,2023-03-08,40594.0,JAVEP,Consumidor Especial,SUDESTE,14.76,4.551418
,2023-03-09,40594.0,JAVEP,Consumidor Especial,SUDESTE,14.76,4.484034
,2023-03-10,40594.0,JAVEP,Consumidor Especial,SUDESTE,14.76,4.24917
,2023-03-11,40594.0,JAVEP,Consumidor Especial,SUDESTE,14.76,2.352837
,2023-03-12,40594.0,JAVEP,Consumidor Especial,SUDESTE,14.76,1.223471
,2023-03-13,40594.0,JAVEP,Consumidor Especial,SUDESTE,14.76,4.243246
,2023-03-14,40594.0,JAVEP,Consumidor Especial,SUDESTE,14.76,3.990594
,2023-03-15,40594.0,JAVEP,Consumidor Especial,SUDESTE,14.76,4.116468
,2023-03-16,40594.0,JAVEP,Consumidor Especial,SUDESTE,14.76,4.069927
,2023-03-17,40594.0,JAVEP,Consumidor Especial,SUDESTE,14.76,4.010913
,2023-03-18,40594.0,JAVEP,Consumidor Especial,SUDESTE,14.76,2.442326
,2023-03-19,40594.0,JAVEP,Consumidor Especial,SUDESTE,14.76,0.938064
,2023-03-20,40594.0,JAVEP,Consumidor Especial,SUDESTE,14.76,4.211924
,2023-03-21,40594.0,JAVEP,Consumidor Especial,SUDESTE,14.76,4.441981
,2023-03-22,40594.0,JAVEP,Consumidor Especial,SUDESTE,14.76,4.616377
,2023-03-23,40594.0,JAVEP,Consumidor Especial,SUDESTE,14.76,4.774732
,2023-03-24,40594.0,JAVEP,Consumidor Especial,SUDESTE,14.76,4.643118
,2023-03-25,40594.0,JAVEP,Consumidor Especial,SUDESTE,14.76,2.699998
,2023-03-26,40594.0,JAVEP,Consumidor Especial,SUDESTE,14.76,1.030428
,2023-03-27,40594.0,JAVEP,Consumidor Especial,SUDESTE,14.76,4.964069
,2023-03-28,40594.0,JAVEP,Consumidor Especial,SUDESTE,14.76,4.915851
,2023-03-29,40594.0,JAVEP,Consumidor Especial,SUDESTE,14.76,4.940547
,2023-03-30,40594.0,JAVEP,Consumidor Especial,SUDESTE,14.76,4.506104
,2023-03-31,40594.0,JAVEP,Consumidor Especial,SUDESTE,14.76,4.954068
,2023-04-01,40594.0,JAVEP,Consumidor Especial,SUDESTE,14.76,2.705026
,2023-04-02,40594.0,JAVEP,Consumidor Especial,SUDESTE,14.76,1.09006
,2023-04-03,40594.0,JAVEP,Consumidor Especial,SUDESTE,14.76,4.300045
,2023-04-04,40594.0,JAVEP,Consumidor Especial,SUDESTE,14.76,4.139239
,2023-04-05,40594.0,JAVEP,Consumidor Especial,SUDESTE,14.76,4.484676
,2023-04-06,40594.0,JAVEP,Consumidor Especial,SUDESTE,14.76,4.421434
,2023-04-07,40594.0,JAVEP,Consumidor Especial,SUDESTE,14.76,1.308944
,2023-04-08,40594.0,JAVEP,Consumidor Especial,SUDESTE,14.76,2.02007
,2023-04-09,40594.0,JAVEP,Consumidor Especial,SUDESTE,14.76,1.026694
,2023-04-10,40594.0,JAVEP,Consumidor Especial,SUDESTE,14.76,3.879193
,2023-04-11,40594.0,JAVEP,Consumidor Especial,SUDESTE,14.76,3.806372
,2023-04-12,40594.0,JAVEP,Consumidor Especial,SUDESTE,14.76,3.985612
,2023-04-13,40594.0,JAVEP,Consumidor Especial,SUDESTE,14.76,4.207592
,2023-04-14,40594.0,JAVEP,Consumidor Especial,SUDESTE,14.76,3.694949
,2023-04-15,40594.0,JAVEP,Consumidor Especial,SUDESTE,14.76,2.43356
,2023-04-16,40594.0,JAVEP,Consumidor Especial,SUDESTE,14.76,1.153427
,2023-04-17,40594.0,JAVEP,Consumidor Especial,SUDESTE,14.76,4.142199
,2023-04-18,40594.0,JAVEP,Consumidor Especial,SUDESTE,14.76,4.185919
,2023-04-19,40594.0,JAVEP,Consumidor Especial,SUDESTE,14.76,3.824407
,2023-04-20,40594.0,JAVEP,Consumidor Especial,SUDESTE,14.76,3.211193
,2023-04-21,40594.0,JAVEP,Consumidor Especial,SUDESTE,14.76,1.169274
,2023-04-22,40594.0,JAVEP,Consumidor Especial,SUDESTE,14.76,1.714121
,2023-04-23,40594.0,JAVEP,Consumidor Especial,SUDESTE,14.76,0.997529
,2023-04-24,40594.0,JAVEP,Consumidor Especial,SUDESTE,14.76,3.344233
,2023-04-25,40594.0,JAVEP,Consumidor Especial,SUDESTE,14.76,3.434713
,2023-04-26,40594.0,JAVEP,Consumidor Especial,SUDESTE,14.76,3.131459
,2023-04-27,40594.0,JAVEP,Consumidor Especial,SUDESTE,14.76,3.261039
,2023-04-28,40594.0,JAVEP,Consumidor Especial,SUDESTE,14.76,3.334685
,2023-04-29,40594.0,JAVEP,Consumidor Especial,SUDESTE,14.76,1.84839
,2023-04-30,40594.0,JAVEP,Consumidor Especial,SUDESTE,14.76,1.02837
,2023-05-01,40594.0,JAVEP,Consumidor Especial,SUDESTE,14.76,1.044894
,2023-05-02,40594.0,JAVEP,Consumidor Especial,SUDESTE,14.76,3.341569
,2023-05-03,40594.0,JAVEP,Consumidor Especial,SUDESTE,14.76,3.528931
,2023-05-04,40594.0,JAVEP,Consumidor Especial,SUDESTE,14.76,3.633568
,2023-05-05,40594.0,JAVEP,Consumidor Especial,SUDESTE,14.76,3.962218
,2023-05-06,40594.0,JAVEP,Consumidor Especial,SUDESTE,14.76,2.041604
,2023-05-07,40594.0,JAVEP,Consumidor Especial,SUDESTE,14.76,0.928471
,2023-05-08,40594.0,JAVEP,Consumidor Especial,SUDESTE,14.76,3.912546
,2023-05-09,40594.0,JAVEP,Consumidor Especial,SUDESTE,14.76,3.822199
,2023-05-10,40594.0,JAVEP,Consumidor Especial,SUDESTE,14.76,3.731833
,2023-05-11,40594.0,JAVEP,Consumidor Especial,SUDESTE,14.76,3.637387
,2023-05-12,40594.0,JAVEP,Consumidor Especial,SUDESTE,14.76,3.046861
,2023-05-13,40594.0,JAVEP,Consumidor Especial,SUDESTE,14.76,1.70113
,2023-05-14,40594.0,JAVEP,Consumidor Especial,SUDESTE,14.76,0.993647
,2023-05-15,40594.0,JAVEP,Consumidor Especial,SUDESTE,14.76,2.714809
,2023-05-16,40594.0,JAVEP,Consumidor Especial,SUDESTE,14.76,2.774001
,2023-05-17,40594.0,JAVEP,Consumidor Especial,SUDESTE,14.76,2.659825
,2023-05-18,40594.0,JAVEP,Consumidor Especial,SUDESTE,14.76,2.810827
,2023-05-19,40594.0,JAVEP,Consumidor Especial,SUDESTE,14.76,2.89236
,2023-05-20,40594.0,JAVEP,Consumidor Especial,SUDESTE,14.76,1.897022
,2023-05-21,40594.0,JAVEP,Consumidor Especial,SUDESTE,14.76,1.154435
,2023-05-22,40594.0,JAVEP,Consumidor Especial,SUDESTE,14.76,2.81182
,2023-05-23,40594.0,JAVEP,Consumidor Especial,SUDESTE,14.76,2.869795
,2023-05-24,40594.0,JAVEP,Consumidor Especial,SUDESTE,14.76,2.81733
,2023-05-25,40594.0,JAVEP,Consumidor Especial,SUDESTE,14.76,2.878402
,2023-05-26,40594.0,JAVEP,Consumidor Especial,SUDESTE,14.76,3.011527
,2023-05-27,40594.0,JAVEP,Consumidor Especial,SUDESTE,14.76,1.889729
,2023-05-28,40594.0,JAVEP,Consumidor Especial,SUDESTE,14.76,0.937781
,2023-05-29,40594.0,JAVEP,Consumidor Especial,SUDESTE,14.76,2.647362
,2023-05-30,40594.0,JAVEP,Consumidor Especial,SUDESTE,14.76,2.68957
,2023-05-31,40594.0,JAVEP,Consumidor Especial,SUDESTE,14.76,2.741523
,2023-06-01,40594.0,JAVEP,Consumidor Especial,SUDESTE,14.76,2.640523
,2023-06-02,40594.0,JAVEP,Consumidor Especial,SUDESTE,14.76,2.725957
,2023-06-03,40594.0,JAVEP,Consumidor Especial,SUDESTE,14.76,1.621059
,2023-06-04,40594.0,JAVEP,Consumidor Especial,SUDESTE,14.76,0.954458
,2023-06-05,40594.0,JAVEP,Consumidor Especial,SUDESTE,14.76,2.764196
,2023-06-06,40594.0,JAVEP,Consumidor Especial,SUDESTE,14.76,2.735527
,2023-06-07,40594.0,JAVEP,Consumidor Especial,SUDESTE,14.76,2.928798
,2023-06-08,40594.0,JAVEP,Consumidor Especial,SUDESTE,14.76,1.463684
,2023-06-09,40594.0,JAVEP,Consumidor Especial,SUDESTE,14.76,2.973127
,2023-06-10,40594.0,JAVEP,Consumidor Especial,SUDESTE,14.76,1.805336
,2023-06-11,40594.0,JAVEP,Consumidor Especial,SUDESTE,14.76,1.184648
,2023-06-12,40594.0,JAVEP,Consumidor Especial,SUDESTE,14.76,3.125681
,2023-06-13,40594.0,JAVEP,Consumidor Especial,SUDESTE,14.76,2.864489
,2023-06-14,40594.0,JAVEP,Consumidor Especial,SUDESTE,14.76,2.781574
,2023-06-15,40594.0,JAVEP,Consumidor Especial,SUDESTE,14.76,2.947254
,2023-06-16,40594.0,JAVEP,Consumidor Especial,SUDESTE,14.76,2.799558
,2023-06-17,40594.0,JAVEP,Consumidor Especial,SUDESTE,14.76,1.776334
,2023-06-18,40594.0,JAVEP,Consumidor Especial,SUDESTE,14.76,1.460016
,2023-06-19,40594.0,JAVEP,Consumidor Especial,SUDESTE,14.76,2.664327
,2023-06-20,40594.0,JAVEP,Consumidor Especial,SUDESTE,14.76,2.70748
,2023-06-21,40594.0,JAVEP,Consumidor Especial,SUDESTE,14.76,2.703647
,2023-06-22,40594.0,JAVEP,Consumidor Especial,SUDESTE,14.76,2.734601
,2023-06-23,40594.0,JAVEP,Consumidor Especial,SUDESTE,14.76,2.81681
,2023-06-24,40594.0,JAVEP,Consumidor Especial,SUDESTE,14.76,1.842873
,2023-06-25,40594.0,JAVEP,Consumidor Especial,SUDESTE,14.76,0.876203
,2023-06-26,40594.0,JAVEP,Consumidor Especial,SUDESTE,14.76,2.637244
,2023-06-27,40594.0,JAVEP,Consumidor Especial,SUDESTE,14.76,2.892166
,2023-06-28,40594.0,JAVEP,Consumidor Especial,SUDESTE,14.76,2.962833
,2023-06-29,40594.0,JAVEP,Consumidor Especial,SUDESTE,14.76,2.918796
,2023-06-30,40594.0,JAVEP,Consumidor Especial,SUDESTE,14.76,2.897058
,2023-07-01,40594.0,JAVEP,Consumidor Especial,SUDESTE,14.76,1.698452
,2023-07-02,40594.0,JAVEP,Consumidor Especial,SUDESTE,14.76,1.070324
,2023-07-03,40594.0,JAVEP,Consumidor Especial,SUDESTE,14.76,2.669703
,2023-07-04,40594.0,JAVEP,Consumidor Especial,SUDESTE,14.76,2.699482
,2023-07-05,40594.0,JAVEP,Consumidor Especial,SUDESTE,14.76,2.885824
,2023-07-06,40594.0,JAVEP,Consumidor Especial,SUDESTE,14.76,2.937443
,2023-07-07,40594.0,JAVEP,Consumidor Especial,SUDESTE,14.76,2.760471
,2023-07-08,40594.0,JAVEP,Consumidor Especial,SUDESTE,14.76,1.49169
,2023-07-09,40594.0,JAVEP,Consumidor Especial,SUDESTE,14.76,0.957136
,2023-07-10,40594.0,JAVEP,Consumidor Especial,SUDESTE,14.76,2.974215
,2023-07-11,40594.0,JAVEP,Consumidor Especial,SUDESTE,14.76,3.154649
,2023-07-12,40594.0,JAVEP,Consumidor Especial,SUDESTE,14.76,3.133656
,2023-07-13,40594.0,JAVEP,Consumidor Especial,SUDESTE,14.76,3.306147
,2023-07-14,40594.0,JAVEP,Consumidor Especial,SUDESTE,14.76,2.704444
,2023-07-15,40594.0,JAVEP,Consumidor Especial,SUDESTE,14.76,1.545994
,2023-07-16,40594.0,JAVEP,Consumidor Especial,SUDESTE,14.76,0.9004139999999999
,2023-07-17,40594.0,JAVEP,Consumidor Especial,SUDESTE,14.76,2.818936
,2023-07-18,40594.0,JAVEP,Consumidor Especial,SUDESTE,14.76,3.190318
,2023-07-19,40594.0,JAVEP,Consumidor Especial,SUDESTE,14.76,2.909821
,2023-07-20,40594.0,JAVEP,Consumidor Especial,SUDESTE,14.76,3.114776
,2023-07-21,40594.0,JAVEP,Consumidor Especial,SUDESTE,14.76,2.988318
,2023-07-22,40594.0,JAVEP,Consumidor Especial,SUDESTE,14.76,1.703378
,2023-07-23,40594.0,JAVEP,Consumidor Especial,SUDESTE,14.76,1.083062
,2023-07-24,40594.0,JAVEP,Consumidor Especial,SUDESTE,14.76,3.136223
,2023-07-25,40594.0,JAVEP,Consumidor Especial,SUDESTE,14.76,2.9094990000000003
,2023-07-26,40594.0,JAVEP,Consumidor Especial,SUDESTE,14.76,3.141761
,2023-07-27,40594.0,JAVEP,Consumidor Especial,SUDESTE,14.76,3.407748
,2023-07-28,40594.0,JAVEP,Consumidor Especial,SUDESTE,14.76,3.469401
,2023-07-29,40594.0,JAVEP,Consumidor Especial,SUDESTE,14.76,1.711936
,2023-07-30,40594.0,JAVEP,Consumidor Especial,SUDESTE,14.76,1.107856
,2023-07-31,40594.0,JAVEP,Consumidor Especial,SUDESTE,14.76,3.436288
,2023-08-01,40594.0,JAVEP,Consumidor Especial,SUDESTE,14.76,3.127229
,2023-08-02,40594.0,JAVEP,Consumidor Especial,SUDESTE,14.76,3.306973
,2023-08-03,40594.0,JAVEP,Consumidor Especial,SUDESTE,14.76,3.496707
,2023-08-04,40594.0,JAVEP,Consumidor Especial,SUDESTE,14.76,3.570609
,2023-08-05,40594.0,JAVEP,Consumidor Especial,SUDESTE,14.76,1.662031
,2023-08-06,40594.0,JAVEP,Consumidor Especial,SUDESTE,14.76,0.99962
,2023-08-07,40594.0,JAVEP,Consumidor Especial,SUDESTE,14.76,3.75466
,2023-08-08,40594.0,JAVEP,Consumidor Especial,SUDESTE,14.76,3.666654
,2023-08-09,40594.0,JAVEP,Consumidor Especial,SUDESTE,14.76,3.526038
,2023-08-10,40594.0,JAVEP,Consumidor Especial,SUDESTE,14.76,3.695647
,2023-08-11,40594.0,JAVEP,Consumidor Especial,SUDESTE,14.76,4.165439
,2023-08-12,40594.0,JAVEP,Consumidor Especial,SUDESTE,14.76,2.385354
,2023-08-13,40594.0,JAVEP,Consumidor Especial,SUDESTE,14.76,0.974579
,2023-08-14,40594.0,JAVEP,Consumidor Especial,SUDESTE,14.76,3.50994
,2023-08-15,40594.0,JAVEP,Consumidor Especial,SUDESTE,14.76,2.755951
,2023-08-16,40594.0,JAVEP,Consumidor Especial,SUDESTE,14.76,3.69311
,2023-08-17,40594.0,JAVEP,Consumidor Especial,SUDESTE,14.76,3.79211
,2023-08-18,40594.0,JAVEP,Consumidor Especial,SUDESTE,14.76,3.913152
,2023-08-19,40594.0,JAVEP,Consumidor Especial,SUDESTE,14.76,1.720095
,2023-08-20,40594.0,JAVEP,Consumidor Especial,SUDESTE,14.76,0.936615
,2023-08-21,40594.0,JAVEP,Consumidor Especial,SUDESTE,14.76,3.496348
,2023-08-22,40594.0,JAVEP,Consumidor Especial,SUDESTE,14.76,3.972743
,2023-08-23,40594.0,JAVEP,Consumidor Especial,SUDESTE,14.76,4.055926
,2023-08-24,40594.0,JAVEP,Consumidor Especial,SUDESTE,14.76,4.428095
,2023-08-25,40594.0,JAVEP,Consumidor Especial,SUDESTE,14.76,4.383206
,2023-08-26,40594.0,JAVEP,Consumidor Especial,SUDESTE,14.76,1.739668
,2023-08-27,40594.0,JAVEP,Consumidor Especial,SUDESTE,14.76,0.942032
,2023-08-28,40594.0,JAVEP,Consumidor Especial,SUDESTE,14.76,2.668044
,2023-08-29,40594.0,JAVEP,Consumidor Especial,SUDESTE,14.76,2.792506
,2023-08-30,40594.0,JAVEP,Consumidor Especial,SUDESTE,14.76,3.267269
,2023-08-31,40594.0,JAVEP,Consumidor Especial,SUDESTE,14.76,3.26727
,2023-09-01,40594.0,JAVEP,Consumidor Especial,SUDESTE,14.76,3.578389
,2023-09-02,40594.0,JAVEP,Consumidor Especial,SUDESTE,14.76,2.38841
,2023-09-03,40594.0,JAVEP,Consumidor Especial,SUDESTE,14.76,0.985934
,2023-09-04,40594.0,JAVEP,Consumidor Especial,SUDESTE,14.76,4.562148
,2023-09-05,40594.0,JAVEP,Consumidor Especial,SUDESTE,14.76,4.158797
,2023-09-06,40594.0,JAVEP,Consumidor Especial,SUDESTE,14.76,3.80353
,2023-09-07,40594.0,JAVEP,Consumidor Especial,SUDESTE,14.76,1.014555
,2023-09-08,40594.0,JAVEP,Consumidor Especial,SUDESTE,14.76,4.200973
,2023-09-09,40594.0,JAVEP,Consumidor Especial,SUDESTE,14.76,2.056753
,2023-09-10,40594.0,JAVEP,Consumidor Especial,SUDESTE,14.76,1.190534
,2023-09-11,40594.0,JAVEP,Consumidor Especial,SUDESTE,14.76,3.975807
,2023-09-12,40594.0,JAVEP,Consumidor Especial,SUDESTE,14.76,4.342527
,2023-09-13,40594.0,JAVEP,Consumidor Especial,SUDESTE,14.76,4.582515
,2023-09-14,40594.0,JAVEP,Consumidor Especial,SUDESTE,14.76,3.578164
,2023-09-15,40594.0,JAVEP,Consumidor Especial,SUDESTE,14.76,3.07341
,2023-09-16,40594.0,JAVEP,Consumidor Especial,SUDESTE,14.76,1.856553
,2023-09-17,40594.0,JAVEP,Consumidor Especial,SUDESTE,14.76,0.992733
,2023-09-18,40594.0,JAVEP,Consumidor Especial,SUDESTE,14.76,4.526482
,2023-09-19,40594.0,JAVEP,Consumidor Especial,SUDESTE,14.76,4.893655
,2023-09-20,40594.0,JAVEP,Consumidor Especial,SUDESTE,14.76,4.859707
,2023-09-21,40594.0,JAVEP,Consumidor Especial,SUDESTE,14.76,5.001563
,2023-09-22,40594.0,JAVEP,Consumidor Especial,SUDESTE,14.76,5.290914
,2023-09-23,40594.0,JAVEP,Consumidor Especial,SUDESTE,14.76,3.212249
,2023-09-24,40594.0,JAVEP,Consumidor Especial,SUDESTE,14.76,1.365287
,2023-09-25,40594.0,JAVEP,Consumidor Especial,SUDESTE,14.76,5.527488
,2023-09-26,40594.0,JAVEP,Consumidor Especial,SUDESTE,14.76,5.407013
,2023-09-27,40594.0,JAVEP,Consumidor Especial,SUDESTE,14.76,5.467382
,2023-09-28,40594.0,JAVEP,Consumidor Especial,SUDESTE,14.76,4.380186
,2023-09-29,40594.0,JAVEP,Consumidor Especial,SUDESTE,14.76,4.380725
,2023-09-30,40594.0,JAVEP,Consumidor Especial,SUDESTE,14.76,3.541486
,2023-10-01,40594.0,JAVEP,Consumidor Especial,SUDESTE,14.76,1.232909
,2023-10-02,40594.0,JAVEP,Consumidor Especial,SUDESTE,14.76,4.392177
,2023-10-03,40594.0,JAVEP,Consumidor Especial,SUDESTE,14.76,4.815885
,2023-10-04,40594.0,JAVEP,Consumidor Especial,SUDESTE,14.76,4.487995
,2023-10-05,40594.0,JAVEP,Consumidor Especial,SUDESTE,14.76,4.750417
,2023-10-06,40594.0,JAVEP,Consumidor Especial,SUDESTE,14.76,5.078856
,2023-10-07,40594.0,JAVEP,Consumidor Especial,SUDESTE,14.76,2.732265
,2023-10-08,40594.0,JAVEP,Consumidor Especial,SUDESTE,14.76,1.004431
,2023-10-09,40594.0,JAVEP,Consumidor Especial,SUDESTE,14.76,4.010163
,2023-10-10,40594.0,JAVEP,Consumidor Especial,SUDESTE,14.76,4.385337
,2023-10-11,40594.0,JAVEP,Consumidor Especial,SUDESTE,14.76,4.789463
,2023-10-12,40594.0,JAVEP,Consumidor Especial,SUDESTE,14.76,1.173762
,2023-10-13,40594.0,JAVEP,Consumidor Especial,SUDESTE,14.76,4.476608
,2023-10-14,40594.0,JAVEP,Consumidor Especial,SUDESTE,14.76,2.049203
,2023-10-15,40594.0,JAVEP,Consumidor Especial,SUDESTE,14.76,0.868214
,2023-10-16,40594.0,JAVEP,Consumidor Especial,SUDESTE,14.76,5.018073
,2023-10-17,40594.0,JAVEP,Consumidor Especial,SUDESTE,14.76,4.822824
,2023-10-18,40594.0,JAVEP,Consumidor Especial,SUDESTE,14.76,4.846737
,2023-10-19,40594.0,JAVEP,Consumidor Especial,SUDESTE,14.76,4.369824
,2023-10-20,40594.0,JAVEP,Consumidor Especial,SUDESTE,14.76,4.016117
,2023-10-21,40594.0,JAVEP,Consumidor Especial,SUDESTE,14.76,2.624348
,2023-10-22,40594.0,JAVEP,Consumidor Especial,SUDESTE,14.76,0.977112
,2023-10-23,40594.0,JAVEP,Consumidor Especial,SUDESTE,14.76,4.576969
,2023-10-24,40594.0,JAVEP,Consumidor Especial,SUDESTE,14.76,4.900845
,2023-10-25,40594.0,JAVEP,Consumidor Especial,SUDESTE,14.76,4.994834
,2023-10-26,40594.0,JAVEP,Consumidor Especial,SUDESTE,14.76,4.917206
,2023-10-27,40594.0,JAVEP,Consumidor Especial,SUDESTE,14.76,4.625971
,2023-10-28,40594.0,JAVEP,Consumidor Especial,SUDESTE,14.76,2.603946
,2023-10-29,40594.0,JAVEP,Consumidor Especial,SUDESTE,14.76,1.056366
,2023-10-30,40594.0,JAVEP,Consumidor Especial,SUDESTE,14.76,4.487045
,2023-10-31,40594.0,JAVEP,Consumidor Especial,SUDESTE,14.76,4.849083
,2023-11-01,40594.0,JAVEP,Consumidor Especial,SUDESTE,14.76,4.252351
,2023-11-02,40594.0,JAVEP,Consumidor Especial,SUDESTE,14.76,1.237439
,2023-11-03,40594.0,JAVEP,Consumidor Especial,SUDESTE,14.76,4.7733
,2023-11-04,40594.0,JAVEP,Consumidor Especial,SUDESTE,14.76,2.029324
,2023-11-05,40594.0,JAVEP,Consumidor Especial,SUDESTE,14.76,1.026035
,2023-11-06,40594.0,JAVEP,Consumidor Especial,SUDESTE,14.76,3.98097
,2023-11-07,40594.0,JAVEP,Consumidor Especial,SUDESTE,14.76,4.488149
,2023-11-08,40594.0,JAVEP,Consumidor Especial,SUDESTE,14.76,4.856923
,2023-11-09,40594.0,JAVEP,Consumidor Especial,SUDESTE,14.76,5.185946
,2023-11-10,40594.0,JAVEP,Consumidor Especial,SUDESTE,14.76,5.075857
,2023-11-11,40594.0,JAVEP,Consumidor Especial,SUDESTE,14.76,2.957065
,2023-11-12,40594.0,JAVEP,Consumidor Especial,SUDESTE,14.76,0.985451
,2023-11-13,40594.0,JAVEP,Consumidor Especial,SUDESTE,14.76,5.325176
,2023-11-14,40594.0,JAVEP,Consumidor Especial,SUDESTE,14.76,5.819304
,2023-11-15,40594.0,JAVEP,Consumidor Especial,SUDESTE,14.76,1.452452
,2023-11-16,40594.0,JAVEP,Consumidor Especial,SUDESTE,14.76,5.421218
,2023-11-17,40594.0,JAVEP,Consumidor Especial,SUDESTE,14.76,5.670096
,2023-11-18,40594.0,JAVEP,Consumidor Especial,SUDESTE,14.76,3.047625
,2023-11-19,40594.0,JAVEP,Consumidor Especial,SUDESTE,14.76,0.925328
,2023-11-20,40594.0,JAVEP,Consumidor Especial,SUDESTE,14.76,0.968626
,2023-11-21,40594.0,JAVEP,Consumidor Especial,SUDESTE,14.76,5.031212
,2023-11-22,40594.0,JAVEP,Consumidor Especial,SUDESTE,14.76,5.067649
,2023-11-23,40594.0,JAVEP,Consumidor Especial,SUDESTE,14.76,4.772036
,2023-11-24,40594.0,JAVEP,Consumidor Especial,SUDESTE,14.76,4.620918
,2023-11-25,40594.0,JAVEP,Consumidor Especial,SUDESTE,14.76,2.742284
,2023-11-26,40594.0,JAVEP,Consumidor Especial,SUDESTE,14.76,0.938899
,2023-11-27,40594.0,JAVEP,Consumidor Especial,SUDESTE,14.76,4.374193
,2023-11-28,40594.0,JAVEP,Consumidor Especial,SUDESTE,14.76,4.801483
,2023-11-29,40594.0,JAVEP,Consumidor Especial,SUDESTE,14.76,4.489566
,2023-11-30,40594.0,JAVEP,Consumidor Especial,SUDESTE,14.76,4.686625
,2023-12-01,40594.0,JAVEP,Consumidor Especial,SUDESTE,14.76,5.011797
,2023-12-02,40594.0,JAVEP,Consumidor Especial,SUDESTE,14.76,2.702705
,2023-12-03,40594.0,JAVEP,Consumidor Especial,SUDESTE,14.76,1.067769
,2023-12-04,40594.0,JAVEP,Consumidor Especial,SUDESTE,14.76,5.023432
,2023-12-05,40594.0,JAVEP,Consumidor Especial,SUDESTE,14.76,4.756426
,2023-12-06,40594.0,JAVEP,Consumidor Especial,SUDESTE,14.76,4.981361
,2023-12-07,40594.0,JAVEP,Consumidor Especial,SUDESTE,14.76,5.275117
,2023-12-08,40594.0,JAVEP,Consumidor Especial,SUDESTE,14.76,3.861588
,2023-12-09,40594.0,JAVEP,Consumidor Especial,SUDESTE,14.76,2.598787
,2023-12-10,40594.0,JAVEP,Consumidor Especial,SUDESTE,14.76,1.051924
,2023-12-11,40594.0,JAVEP,Consumidor Especial,SUDESTE,14.76,4.636412
,2023-12-12,40594.0,JAVEP,Consumidor Especial,SUDESTE,14.76,4.886637
,2023-12-13,40594.0,JAVEP,Consumidor Especial,SUDESTE,14.76,4.776788
,2023-12-14,40594.0,JAVEP,Consumidor Especial,SUDESTE,14.76,5.695863
,2023-12-15,40594.0,JAVEP,Consumidor Especial,SUDESTE,14.76,5.412017
,2023-12-16,40594.0,JAVEP,Consumidor Especial,SUDESTE,14.76,3.413183
,2023-12-17,40594.0,JAVEP,Consumidor Especial,SUDESTE,14.76,1.147427
,2023-12-18,40594.0,JAVEP,Consumidor Especial,SUDESTE,14.76,5.293717
,2023-12-19,40594.0,JAVEP,Consumidor Especial,SUDESTE,14.76,5.426276
,2023-12-20,40594.0,JAVEP,Consumidor Especial,SUDESTE,14.76,5.298049
,2023-12-21,40594.0,JAVEP,Consumidor Especial,SUDESTE,14.76,5.361485
,2023-12-22,40594.0,JAVEP,Consumidor Especial,SUDESTE,14.76,5.380308
,2023-12-23,40594.0,JAVEP,Consumidor Especial,SUDESTE,14.76,2.386474
,2023-12-24,40594.0,JAVEP,Consumidor Especial,SUDESTE,14.76,0.96465
,2023-12-25,40594.0,JAVEP,Consumidor Especial,SUDESTE,14.76,1.247061
,2023-12-26,40594.0,JAVEP,Consumidor Especial,SUDESTE,14.76,5.195235
,2023-12-27,40594.0,JAVEP,Consumidor Especial,SUDESTE,14.76,5.273334
,2023-12-28,40594.0,JAVEP,Consumidor Especial,SUDESTE,14.76,5.375538
,2023-12-29,40594.0,JAVEP,Consumidor Especial,SUDESTE,14.76,5.394957
,2023-12-30,40594.0,JAVEP,Consumidor Especial,SUDESTE,14.76,1.412741
,2023-12-31,40594.0,JAVEP,Consumidor Especial,SUDESTE,14.76,1.220197
,2024-01-01,40594.0,JAVEP,Consumidor Especial,SUDESTE,14.76,1.276846
,2024-01-02,40594.0,JAVEP,Consumidor Especial,SUDESTE,14.76,5.206637
,2024-01-03,40594.0,JAVEP,Consumidor Especial,SUDESTE,14.76,5.067489
,2024-01-04,40594.0,JAVEP,Consumidor Especial,SUDESTE,14.76,5.204564
,2024-01-05,40594.0,JAVEP,Consumidor Especial,SUDESTE,14.76,5.2938
,2024-01-06,40594.0,JAVEP,Consumidor Especial,SUDESTE,14.76,3.175775
,2024-01-07,40594.0,JAVEP,Consumidor Especial,SUDESTE,14.76,1.09011
,2024-01-08,40594.0,JAVEP,Consumidor Especial,SUDESTE,14.76,5.398011
,2024-01-09,40594.0,JAVEP,Consumidor Especial,SUDESTE,14.76,5.431393
,2024-01-10,40594.0,JAVEP,Consumidor Especial,SUDESTE,14.76,5.271524
,2024-01-11,40594.0,JAVEP,Consumidor Especial,SUDESTE,14.76,4.981017
,2024-01-12,40594.0,JAVEP,Consumidor Especial,SUDESTE,14.76,5.030926
,2024-01-13,40594.0,JAVEP,Consumidor Especial,SUDESTE,14.76,2.768563
,2024-01-14,40594.0,JAVEP,Consumidor Especial,SUDESTE,14.76,1.283015
,2024-01-15,40594.0,JAVEP,Consumidor Especial,SUDESTE,14.76,4.966874
,2024-01-16,40594.0,JAVEP,Consumidor Especial,SUDESTE,14.76,5.117337
,2024-01-17,40594.0,JAVEP,Consumidor Especial,SUDESTE,14.76,5.429959
,2024-01-18,40594.0,JAVEP,Consumidor Especial,SUDESTE,14.76,5.246202
,2024-01-19,40594.0,JAVEP,Consumidor Especial,SUDESTE,14.76,5.291392
,2024-01-20,40594.0,JAVEP,Consumidor Especial,SUDESTE,14.76,2.366328
,2024-01-21,40594.0,JAVEP,Consumidor Especial,SUDESTE,14.76,1.159492
,2024-01-22,40594.0,JAVEP,Consumidor Especial,SUDESTE,14.76,4.98074
,2024-01-23,40594.0,JAVEP,Consumidor Especial,SUDESTE,14.76,4.283401
,2024-01-24,40594.0,JAVEP,Consumidor Especial,SUDESTE,14.76,4.25683
,2024-01-25,40594.0,JAVEP,Consumidor Especial,SUDESTE,14.76,4.3724
,2024-01-26,40594.0,JAVEP,Consumidor Especial,SUDESTE,14.76,4.214432
,2024-01-27,40594.0,JAVEP,Consumidor Especial,SUDESTE,14.76,2.56509
,2024-01-28,40594.0,JAVEP,Consumidor Especial,SUDESTE,14.76,0.964659
,2024-01-29,40594.0,JAVEP,Consumidor Especial,SUDESTE,14.76,4.808727
,2024-01-30,40594.0,JAVEP,Consumidor Especial,SUDESTE,14.76,4.943732
,2024-01-31,40594.0,JAVEP,Consumidor Especial,SUDESTE,14.76,4.9279
,2024-02-01,40594.0,JAVEP,Consumidor Especial,SUDESTE,14.76,4.750637
,2024-02-02,40594.0,JAVEP,Consumidor Especial,SUDESTE,14.76,4.58469
,2024-02-03,40594.0,JAVEP,Consumidor Especial,SUDESTE,14.76,2.616813
,2024-02-04,40594.0,JAVEP,Consumidor Especial,SUDESTE,14.76,1.129509
,2024-02-05,40594.0,JAVEP,Consumidor Especial,SUDESTE,14.76,4.673897
,2024-02-06,40594.0,JAVEP,Consumidor Especial,SUDESTE,14.76,4.744121
,2024-02-07,40594.0,JAVEP,Consumidor Especial,SUDESTE,14.76,4.924714
,2024-02-08,40594.0,JAVEP,Consumidor Especial,SUDESTE,14.76,4.961952
,2024-02-09,40594.0,JAVEP,Consumidor Especial,SUDESTE,14.76,5.027495
,2024-02-10,40594.0,JAVEP,Consumidor Especial,SUDESTE,14.76,2.563777
,2024-02-11,40594.0,JAVEP,Consumidor Especial,SUDESTE,14.76,0.987266
,2024-02-12,40594.0,JAVEP,Consumidor Especial,SUDESTE,14.76,1.044729
,2024-02-13,40594.0,JAVEP,Consumidor Especial,SUDESTE,14.76,1.04304
,2024-02-14,40594.0,JAVEP,Consumidor Especial,SUDESTE,14.76,4.894844
,2024-02-15,40594.0,JAVEP,Consumidor Especial,SUDESTE,14.76,4.342047
,2024-02-16,40594.0,JAVEP,Consumidor Especial,SUDESTE,14.76,4.605145
,2024-02-17,40594.0,JAVEP,Consumidor Especial,SUDESTE,14.76,2.685799
,2024-02-18,40594.0,JAVEP,Consumidor Especial,SUDESTE,14.76,1.19513
,2024-02-19,40594.0,JAVEP,Consumidor Especial,SUDESTE,14.76,4.554974
,2024-02-20,40594.0,JAVEP,Consumidor Especial,SUDESTE,14.76,4.478086
,2024-02-21,40594.0,JAVEP,Consumidor Especial,SUDESTE,14.76,4.525968
,2024-02-22,40594.0,JAVEP,Consumidor Especial,SUDESTE,14.76,4.782142
,2024-02-23,40594.0,JAVEP,Consumidor Especial,SUDESTE,14.76,4.967573
,2024-02-24,40594.0,JAVEP,Consumidor Especial,SUDESTE,14.76,3.394236
,2024-02-25,40594.0,JAVEP,Consumidor Especial,SUDESTE,14.76,1.206468
,2024-02-26,40594.0,JAVEP,Consumidor Especial,SUDESTE,14.76,5.18071
,2024-02-27,40594.0,JAVEP,Consumidor Especial,SUDESTE,14.76,5.413932
,2024-02-28,40594.0,JAVEP,Consumidor Especial,SUDESTE,14.76,5.92023
,2024-02-29,40594.0,JAVEP,Consumidor Especial,SUDESTE,14.76,5.863697
202403.0,2024-03-01,40594.0,JAVEP,Consumidor Especial,SUDESTE,14.76,5.332951
202403.0,2024-03-01,40594.0,JAVEP,Consumidor Especial,SUDESTE,14.76,5.332951
,2024-03-01,,JAVEP,,,14.76,5.332951
202403.0,2024-03-02,40594.0,JAVEP,Consumidor Especial,SUDESTE,14.76,2.676948
202403.0,2024-03-02,40594.0,JAVEP,Consumidor Especial,SUDESTE,14.76,2.676948
,2024-03-02,,JAVEP,,,14.76,2.676948
202403.0,2024-03-03,40594.0,JAVEP,Consumidor Especial,SUDESTE,14.76,1.119613
202403.0,2024-03-03,40594.0,JAVEP,Consumidor Especial,SUDESTE,14.76,1.119613
,2024-03-03,,JAVEP,,,14.76,1.119613
202403.0,2024-03-04,40594.0,JAVEP,Consumidor Especial,SUDESTE,14.76,5.118412
202403.0,2024-03-04,40594.0,JAVEP,Consumidor Especial,SUDESTE,14.76,5.118412
,2024-03-04,,JAVEP,,,14.76,5.118412
202403.0,2024-03-05,40594.0,JAVEP,Consumidor Especial,SUDESTE,14.76,5.104873
202403.0,2024-03-05,40594.0,JAVEP,Consumidor Especial,SUDESTE,14.76,5.104873
,2024-03-05,,JAVEP,,,14.76,5.104873
202403.0,2024-03-06,40594.0,JAVEP,Consumidor Especial,SUDESTE,14.76,5.163266
202403.0,2024-03-06,40594.0,JAVEP,Consumidor Especial,SUDESTE,14.76,5.163266
,2024-03-06,,JAVEP,,,14.76,5.163266
202403.0,2024-03-07,40594.0,JAVEP,Consumidor Especial,SUDESTE,14.76,5.045358
202403.0,2024-03-07,40594.0,JAVEP,Consumidor Especial,SUDESTE,14.76,5.045358
,2024-03-07,,JAVEP,,,14.76,5.045358
202403.0,2024-03-08,40594.0,JAVEP,Consumidor Especial,SUDESTE,14.76,5.119916
202403.0,2024-03-08,40594.0,JAVEP,Consumidor Especial,SUDESTE,14.76,5.119916
,2024-03-08,,JAVEP,,,14.76,5.119916
202403.0,2024-03-09,40594.0,JAVEP,Consumidor Especial,SUDESTE,14.76,2.867826
202403.0,2024-03-09,40594.0,JAVEP,Consumidor Especial,SUDESTE,14.76,2.867826
,2024-03-09,,JAVEP,,,14.76,2.867826
202403.0,2024-03-10,40594.0,JAVEP,Consumidor Especial,SUDESTE,14.76,1.102136
202403.0,2024-03-10,40594.0,JAVEP,Consumidor Especial,SUDESTE,14.76,1.102136
,2024-03-10,,JAVEP,,,14.76,1.102136
202403.0,2024-03-11,40594.0,JAVEP,Consumidor Especial,SUDESTE,14.76,5.016161
202403.0,2024-03-11,40594.0,JAVEP,Consumidor Especial,SUDESTE,14.76,5.016161
,2024-03-11,,JAVEP,,,14.76,5.016161
202403.0,2024-03-12,40594.0,JAVEP,Consumidor Especial,SUDESTE,14.76,5.051934
202403.0,2024-03-12,40594.0,JAVEP,Consumidor Especial,SUDESTE,14.76,5.051934
,2024-03-12,,JAVEP,,,14.76,5.051934
202403.0,2024-03-13,40594.0,JAVEP,Consumidor Especial,SUDESTE,14.76,5.476256
202403.0,2024-03-13,40594.0,JAVEP,Consumidor Especial,SUDESTE,14.76,5.476256
,2024-03-13,,JAVEP,,,14.76,5.476256
202403.0,2024-03-14,40594.0,JAVEP,Consumidor Especial,SUDESTE,14.76,5.705902
202403.0,2024-03-14,40594.0,JAVEP,Consumidor Especial,SUDESTE,14.76,5.705902
,2024-03-14,,JAVEP,,,14.76,5.705902
202403.0,2024-03-15,40594.0,JAVEP,Consumidor Especial,SUDESTE,14.76,5.667291
202403.0,2024-03-15,40594.0,JAVEP,Consumidor Especial,SUDESTE,14.76,5.667291
,2024-03-15,,JAVEP,,,14.76,5.667291
202403.0,2024-03-16,40594.0,JAVEP,Consumidor Especial,SUDESTE,14.76,3.636826
202403.0,2024-03-16,40594.0,JAVEP,Consumidor Especial,SUDESTE,14.76,3.636826
,2024-03-16,,JAVEP,,,14.76,3.636826
202403.0,2024-03-17,40594.0,JAVEP,Consumidor Especial,SUDESTE,14.76,1.356863
202403.0,2024-03-17,40594.0,JAVEP,Consumidor Especial,SUDESTE,14.76,1.356863
,2024-03-17,,JAVEP,,,14.76,1.356863
202403.0,2024-03-18,40594.0,JAVEP,Consumidor Especial,SUDESTE,14.76,5.350619
202403.0,2024-03-18,40594.0,JAVEP,Consumidor Especial,SUDESTE,14.76,5.350619
,2024-03-18,,JAVEP,,,14.76,5.350619
202403.0,2024-03-19,40594.0,JAVEP,Consumidor Especial,SUDESTE,14.76,4.789404
202403.0,2024-03-19,40594.0,JAVEP,Consumidor Especial,SUDESTE,14.76,4.789404
,2024-03-19,,JAVEP,,,14.76,4.789404
202403.0,2024-03-20,40594.0,JAVEP,Consumidor Especial,SUDESTE,14.76,5.260282
202403.0,2024-03-20,40594.0,JAVEP,Consumidor Especial,SUDESTE,14.76,5.260282
,2024-03-20,,JAVEP,,,14.76,5.260282
202403.0,2024-03-21,40594.0,JAVEP,Consumidor Especial,SUDESTE,14.76,5.422232
202403.0,2024-03-21,40594.0,JAVEP,Consumidor Especial,SUDESTE,14.76,5.422232
,2024-03-21,,JAVEP,,,14.76,5.422232
202403.0,2024-03-22,40594.0,JAVEP,Consumidor Especial,SUDESTE,14.76,5.025242
202403.0,2024-03-22,40594.0,JAVEP,Consumidor Especial,SUDESTE,14.76,5.025242
,2024-03-22,,JAVEP,,,14.76,5.025242
202403.0,2024-03-23,40594.0,JAVEP,Consumidor Especial,SUDESTE,14.76,2.50363
202403.0,2024-03-23,40594.0,JAVEP,Consumidor Especial,SUDESTE,14.76,2.50363
,2024-03-23,,JAVEP,,,14.76,2.50363
202403.0,2024-03-24,40594.0,JAVEP,Consumidor Especial,SUDESTE,14.76,1.125787
202403.0,2024-03-24,40594.0,JAVEP,Consumidor Especial,SUDESTE,14.76,1.125787
,2024-03-24,,JAVEP,,,14.76,1.125787
202403.0,2024-03-25,40594.0,JAVEP,Consumidor Especial,SUDESTE,14.76,4.302318
202403.0,2024-03-25,40594.0,JAVEP,Consumidor Especial,SUDESTE,14.76,4.302318
,2024-03-25,,JAVEP,,,14.76,4.302318
202403.0,2024-03-26,40594.0,JAVEP,Consumidor Especial,SUDESTE,14.76,4.034178
202403.0,2024-03-26,40594.0,JAVEP,Consumidor Especial,SUDESTE,14.76,4.034178
,2024-03-26,,JAVEP,,,14.76,4.034178
202403.0,2024-03-27,40594.0,JAVEP,Consumidor Especial,SUDESTE,14.76,3.603751
202403.0,2024-03-27,40594.0,JAVEP,Consumidor Especial,SUDESTE,14.76,3.603751
,2024-03-27,,JAVEP,,,14.76,3.603751
202403.0,2024-03-28,40594.0,JAVEP,Consumidor Especial,SUDESTE,14.76,3.520406
202403.0,2024-03-28,40594.0,JAVEP,Consumidor Especial,SUDESTE,14.76,3.520406
,2024-03-28,,JAVEP,,,14.76,3.520406
202403.0,2024-03-29,40594.0,JAVEP,Consumidor Especial,SUDESTE,14.76,1.08706
202403.0,2024-03-29,40594.0,JAVEP,Consumidor Especial,SUDESTE,14.76,1.08706
,2024-03-29,,JAVEP,,,14.76,1.08706
202403.0,2024-03-30,40594.0,JAVEP,Consumidor Especial,SUDESTE,14.76,2.327389
202403.0,2024-03-30,40594.0,JAVEP,Consumidor Especial,SUDESTE,14.76,2.327389
,2024-03-30,,JAVEP,,,14.76,2.327389
202403.0,2024-03-31,40594.0,JAVEP,Consumidor Especial,SUDESTE,14.76,1.150308
202403.0,2024-03-31,40594.0,JAVEP,Consumidor Especial,SUDESTE,14.76,1.150308
,2024-03-31,,JAVEP,,,14.76,1.150308
202404.0,2024-04-01,40594.0,JAVEP,Consumidor Especial,SUDESTE,14.76,4.781005
202404.0,2024-04-01,40594.0,JAVEP,Consumidor Especial,SUDESTE,14.76,4.781005
,2024-04-01,,JAVEP,,,14.76,4.781005
202404.0,2024-04-02,40594.0,JAVEP,Consumidor Especial,SUDESTE,14.76,4.754095
202404.0,2024-04-02,40594.0,JAVEP,Consumidor Especial,SUDESTE,14.76,4.754095
,2024-04-02,,JAVEP,,,14.76,4.754095
202404.0,2024-04-03,40594.0,JAVEP,Consumidor Especial,SUDESTE,14.76,4.7543
202404.0,2024-04-03,40594.0,JAVEP,Consumidor Especial,SUDESTE,14.76,4.7543
,2024-04-03,,JAVEP,,,14.76,4.7543
202404.0,2024-04-04,40594.0,JAVEP,Consumidor Especial,SUDESTE,14.76,4.688624
202404.0,2024-04-04,40594.0,JAVEP,Consumidor Especial,SUDESTE,14.76,4.688624
,2024-04-04,,JAVEP,,,14.76,4.688624
202404.0,2024-04-05,40594.0,JAVEP,Consumidor Especial,SUDESTE,14.76,4.943654
202404.0,2024-04-05,40594.0,JAVEP,Consumidor Especial,SUDESTE,14.76,4.943654
,2024-04-05,,JAVEP,,,14.76,4.943654
202404.0,2024-04-06,40594.0,JAVEP,Consumidor Especial,SUDESTE,14.76,2.433746
202404.0,2024-04-06,40594.0,JAVEP,Consumidor Especial,SUDESTE,14.76,2.433746
,2024-04-06,,JAVEP,,,14.76,2.433746
202404.0,2024-04-07,40594.0,JAVEP,Consumidor Especial,SUDESTE,14.76,1.1366
202404.0,2024-04-07,40594.0,JAVEP,Consumidor Especial,SUDESTE,14.76,1.1366
,2024-04-07,,JAVEP,,,14.76,1.1366
202404.0,2024-04-08,40594.0,JAVEP,Consumidor Especial,SUDESTE,14.76,4.811766
202404.0,2024-04-08,40594.0,JAVEP,Consumidor Especial,SUDESTE,14.76,4.811766
,2024-04-08,,JAVEP,,,14.76,4.811766
202404.0,2024-04-09,40594.0,JAVEP,Consumidor Especial,SUDESTE,14.76,4.516773
202404.0,2024-04-09,40594.0,JAVEP,Consumidor Especial,SUDESTE,14.76,4.516773
,2024-04-09,,JAVEP,,,14.76,4.516773
202404.0,2024-04-10,40594.0,JAVEP,Consumidor Especial,SUDESTE,14.76,4.527882
202404.0,2024-04-10,40594.0,JAVEP,Consumidor Especial,SUDESTE,14.76,4.527882
,2024-04-10,,JAVEP,,,14.76,4.527882
202404.0,2024-04-11,40594.0,JAVEP,Consumidor Especial,SUDESTE,14.76,4.762866
202404.0,2024-04-11,40594.0,JAVEP,Consumidor Especial,SUDESTE,14.76,4.762866
,2024-04-11,,JAVEP,,,14.76,4.762866
202404.0,2024-04-12,40594.0,JAVEP,Consumidor Especial,SUDESTE,14.76,4.638431
202404.0,2024-04-12,40594.0,JAVEP,Consumidor Especial,SUDESTE,14.76,4.638431
,2024-04-12,,JAVEP,,,14.76,4.638431
202404.0,2024-04-13,40594.0,JAVEP,Consumidor Especial,SUDESTE,14.76,2.672861
202404.0,2024-04-13,40594.0,JAVEP,Consumidor Especial,SUDESTE,14.76,2.672861
,2024-04-13,,JAVEP,,,14.76,2.672861
202404.0,2024-04-14,40594.0,JAVEP,Consumidor Especial,SUDESTE,14.76,1.072543
202404.0,2024-04-14,40594.0,JAVEP,Consumidor Especial,SUDESTE,14.76,1.072543
,2024-04-14,,JAVEP,,,14.76,1.072543
202404.0,2024-04-15,40594.0,JAVEP,Consumidor Especial,SUDESTE,14.76,4.79405
202404.0,2024-04-15,40594.0,JAVEP,Consumidor Especial,SUDESTE,14.76,4.79405
,2024-04-15,,JAVEP,,,14.76,4.79405
202404.0,2024-04-16,40594.0,JAVEP,Consumidor Especial,SUDESTE,14.76,4.996416
202404.0,2024-04-16,40594.0,JAVEP,Consumidor Especial,SUDESTE,14.76,4.996416
,2024-04-16,,JAVEP,,,14.76,4.996416
202404.0,2024-04-17,40594.0,JAVEP,Consumidor Especial,SUDESTE,14.76,5.070001
202404.0,2024-04-17,40594.0,JAVEP,Consumidor Especial,SUDESTE,14.76,5.070001
,2024-04-17,,JAVEP,,,14.76,5.070001
202404.0,2024-04-18,40594.0,JAVEP,Consumidor Especial,SUDESTE,14.76,4.67749
202404.0,2024-04-18,40594.0,JAVEP,Consumidor Especial,SUDESTE,14.76,4.67749
,2024-04-18,,JAVEP,,,14.76,4.67749
202404.0,2024-04-19,40594.0,JAVEP,Consumidor Especial,SUDESTE,14.76,4.033853
202404.0,2024-04-19,40594.0,JAVEP,Consumidor Especial,SUDESTE,14.76,4.033853
,2024-04-19,,JAVEP,,,14.76,4.033853
202404.0,2024-04-20,40594.0,JAVEP,Consumidor Especial,SUDESTE,14.76,2.538652
202404.0,2024-04-20,40594.0,JAVEP,Consumidor Especial,SUDESTE,14.76,2.538652
,2024-04-20,,JAVEP,,,14.76,2.538652
202404.0,2024-04-21,40594.0,JAVEP,Consumidor Especial,SUDESTE,14.76,1.028732
202404.0,2024-04-21,40594.0,JAVEP,Consumidor Especial,SUDESTE,14.76,1.028732
,2024-04-21,,JAVEP,,,14.76,1.028732
202404.0,2024-04-22,40594.0,JAVEP,Consumidor Especial,SUDESTE,14.76,4.581161
202404.0,2024-04-22,40594.0,JAVEP,Consumidor Especial,SUDESTE,14.76,4.581161
,2024-04-22,,JAVEP,,,14.76,4.581161
202404.0,2024-04-23,40594.0,JAVEP,Consumidor Especial,SUDESTE,14.76,4.671685
202404.0,2024-04-23,40594.0,JAVEP,Consumidor Especial,SUDESTE,14.76,4.671685
,2024-04-23,,JAVEP,,,14.76,4.671685
202404.0,2024-04-24,40594.0,JAVEP,Consumidor Especial,SUDESTE,14.76,4.59385
202404.0,2024-04-24,40594.0,JAVEP,Consumidor Especial,SUDESTE,14.76,4.59385
,2024-04-24,,JAVEP,,,14.76,4.59385
202404.0,2024-04-25,40594.0,JAVEP,Consumidor Especial,SUDESTE,14.76,4.7792390000000005
202404.0,2024-04-25,40594.0,JAVEP,Consumidor Especial,SUDESTE,14.76,4.7792390000000005
,2024-04-25,,JAVEP,,,14.76,4.7792390000000005
202404.0,2024-04-26,40594.0,JAVEP,Consumidor Especial,SUDESTE,14.76,4.841121
202404.0,2024-04-26,40594.0,JAVEP,Consumidor Especial,SUDESTE,14.76,4.841121
,2024-04-26,,JAVEP,,,14.76,4.841121
202404.0,2024-04-27,40594.0,JAVEP,Consumidor Especial,SUDESTE,14.76,2.728315
202404.0,2024-04-27,40594.0,JAVEP,Consumidor Especial,SUDESTE,14.76,2.728315
,2024-04-27,,JAVEP,,,14.76,2.728315
202404.0,2024-04-28,40594.0,JAVEP,Consumidor Especial,SUDESTE,14.76,1.077408
202404.0,2024-04-28,40594.0,JAVEP,Consumidor Especial,SUDESTE,14.76,1.077408
,2024-04-28,,JAVEP,,,14.76,1.077408
202404.0,2024-04-29,40594.0,JAVEP,Consumidor Especial,SUDESTE,14.76,5.103636
202404.0,2024-04-29,40594.0,JAVEP,Consumidor Especial,SUDESTE,14.76,5.103636
,2024-04-29,,JAVEP,,,14.76,5.103636
202404.0,2024-04-30,40594.0,JAVEP,Consumidor Especial,SUDESTE,14.76,5.449625
202404.0,2024-04-30,40594.0,JAVEP,Consumidor Especial,SUDESTE,14.76,5.449625
,2024-04-30,,JAVEP,,,14.76,5.449625
202405.0,2024-05-01,40594.0,JAVEP,Consumidor Especial,SUDESTE,14.76,1.365458
202405.0,2024-05-01,40594.0,JAVEP,Consumidor Especial,SUDESTE,14.76,1.365458
,2024-05-01,,JAVEP,,,14.76,1.365458
202405.0,2024-05-02,40594.0,JAVEP,Consumidor Especial,SUDESTE,14.76,5.069079
202405.0,2024-05-02,40594.0,JAVEP,Consumidor Especial,SUDESTE,14.76,5.069079
,2024-05-02,,JAVEP,,,14.76,5.069079
202405.0,2024-05-03,40594.0,JAVEP,Consumidor Especial,SUDESTE,14.76,4.901549
202405.0,2024-05-03,40594.0,JAVEP,Consumidor Especial,SUDESTE,14.76,4.901549
,2024-05-03,,JAVEP,,,14.76,4.901549
202405.0,2024-05-04,40594.0,JAVEP,Consumidor Especial,SUDESTE,14.76,2.379725
202405.0,2024-05-04,40594.0,JAVEP,Consumidor Especial,SUDESTE,14.76,2.379725
,2024-05-04,,JAVEP,,,14.76,2.379725
202405.0,2024-05-05,40594.0,JAVEP,Consumidor Especial,SUDESTE,14.76,0.870903
202405.0,2024-05-05,40594.0,JAVEP,Consumidor Especial,SUDESTE,14.76,0.870903
,2024-05-05,,JAVEP,,,14.76,0.870903
202405.0,2024-05-06,40594.0,JAVEP,Consumidor Especial,SUDESTE,14.76,4.700974
202405.0,2024-05-06,40594.0,JAVEP,Consumidor Especial,SUDESTE,14.76,4.700974
,2024-05-06,,JAVEP,,,14.76,4.700974
202405.0,2024-05-07,40594.0,JAVEP,Consumidor Especial,SUDESTE,14.76,4.705245
202405.0,2024-05-07,40594.0,JAVEP,Consumidor Especial,SUDESTE,14.76,4.705245
,2024-05-07,,JAVEP,,,14.76,4.705245
202405.0,2024-05-08,40594.0,JAVEP,Consumidor Especial,SUDESTE,14.76,4.807911
202405.0,2024-05-08,40594.0,JAVEP,Consumidor Especial,SUDESTE,14.76,4.807911
,2024-05-08,,JAVEP,,,14.76,4.807911
202405.0,2024-05-09,40594.0,JAVEP,Consumidor Especial,SUDESTE,14.76,4.50367
202405.0,2024-05-09,40594.0,JAVEP,Consumidor Especial,SUDESTE,14.76,4.50367
,2024-05-09,,JAVEP,,,14.76,4.50367
202405.0,2024-05-10,40594.0,JAVEP,Consumidor Especial,SUDESTE,14.76,4.519465
202405.0,2024-05-10,40594.0,JAVEP,Consumidor Especial,SUDESTE,14.76,4.519465
,2024-05-10,,JAVEP,,,14.76,4.519465
202405.0,2024-05-11,40594.0,JAVEP,Consumidor Especial,SUDESTE,14.76,2.386499
202405.0,2024-05-11,40594.0,JAVEP,Consumidor Especial,SUDESTE,14.76,2.386499
,2024-05-11,,JAVEP,,,14.76,2.386499
202405.0,2024-05-12,40594.0,JAVEP,Consumidor Especial,SUDESTE,14.76,0.943656
202405.0,2024-05-12,40594.0,JAVEP,Consumidor Especial,SUDESTE,14.76,0.943656
,2024-05-12,,JAVEP,,,14.76,0.943656
202405.0,2024-05-13,40594.0,JAVEP,Consumidor Especial,SUDESTE,14.76,4.372882
202405.0,2024-05-13,40594.0,JAVEP,Consumidor Especial,SUDESTE,14.76,4.372882
,2024-05-13,,JAVEP,,,14.76,4.372882
202405.0,2024-05-14,40594.0,JAVEP,Consumidor Especial,SUDESTE,14.76,4.429597
202405.0,2024-05-14,40594.0,JAVEP,Consumidor Especial,SUDESTE,14.76,4.429597
,2024-05-14,,JAVEP,,,14.76,4.429597
202405.0,2024-05-15,40594.0,JAVEP,Consumidor Especial,SUDESTE,14.76,4.092302
202405.0,2024-05-15,40594.0,JAVEP,Consumidor Especial,SUDESTE,14.76,4.092302
,2024-05-15,,JAVEP,,,14.76,4.092302
202405.0,2024-05-16,40594.0,JAVEP,Consumidor Especial,SUDESTE,14.76,4.357587
202405.0,2024-05-16,40594.0,JAVEP,Consumidor Especial,SUDESTE,14.76,4.357587
,2024-05-16,,JAVEP,,,14.76,4.357587
202405.0,2024-05-17,40594.0,JAVEP,Consumidor Especial,SUDESTE,14.76,4.199479
202405.0,2024-05-17,40594.0,JAVEP,Consumidor Especial,SUDESTE,14.76,4.199479
,2024-05-17,,JAVEP,,,14.76,4.199479
202405.0,2024-05-18,40594.0,JAVEP,Consumidor Especial,SUDESTE,14.76,2.379943
202405.0,2024-05-18,40594.0,JAVEP,Consumidor Especial,SUDESTE,14.76,2.379943
,2024-05-18,,JAVEP,,,14.76,2.379943
202405.0,2024-05-19,40594.0,JAVEP,Consumidor Especial,SUDESTE,14.76,0.95535
202405.0,2024-05-19,40594.0,JAVEP,Consumidor Especial,SUDESTE,14.76,0.95535
,2024-05-19,,JAVEP,,,14.76,0.95535
202405.0,2024-05-20,40594.0,JAVEP,Consumidor Especial,SUDESTE,14.76,4.18087
202405.0,2024-05-20,40594.0,JAVEP,Consumidor Especial,SUDESTE,14.76,4.18087
,2024-05-20,,JAVEP,,,14.76,4.18087
202405.0,2024-05-21,40594.0,JAVEP,Consumidor Especial,SUDESTE,14.76,4.313635
202405.0,2024-05-21,40594.0,JAVEP,Consumidor Especial,SUDESTE,14.76,4.313635
,2024-05-21,,JAVEP,,,14.76,4.313635
202405.0,2024-05-22,40594.0,JAVEP,Consumidor Especial,SUDESTE,14.76,4.255133
202405.0,2024-05-22,40594.0,JAVEP,Consumidor Especial,SUDESTE,14.76,4.255133
,2024-05-22,,JAVEP,,,14.76,4.255133
202405.0,2024-05-23,40594.0,JAVEP,Consumidor Especial,SUDESTE,14.76,4.01698
202405.0,2024-05-23,40594.0,JAVEP,Consumidor Especial,SUDESTE,14.76,4.01698
,2024-05-23,,JAVEP,,,14.76,4.01698
202405.0,2024-05-24,40594.0,JAVEP,Consumidor Especial,SUDESTE,14.76,3.671085
202405.0,2024-05-24,40594.0,JAVEP,Consumidor Especial,SUDESTE,14.76,3.671085
,2024-05-24,,JAVEP,,,14.76,3.671085
202405.0,2024-05-25,40594.0,JAVEP,Consumidor Especial,SUDESTE,14.76,1.944216
202405.0,2024-05-25,40594.0,JAVEP,Consumidor Especial,SUDESTE,14.76,1.944216
,2024-05-25,,JAVEP,,,14.76,1.944216
202405.0,2024-05-26,40594.0,JAVEP,Consumidor Especial,SUDESTE,14.76,1.141078
202405.0,2024-05-26,40594.0,JAVEP,Consumidor Especial,SUDESTE,14.76,1.141078
,2024-05-26,,JAVEP,,,14.76,1.141078
202405.0,2024-05-27,40594.0,JAVEP,Consumidor Especial,SUDESTE,14.76,3.152276
202405.0,2024-05-27,40594.0,JAVEP,Consumidor Especial,SUDESTE,14.76,3.152276
,2024-05-27,,JAVEP,,,14.76,3.152276
202405.0,2024-05-28,40594.0,JAVEP,Consumidor Especial,SUDESTE,14.76,2.7234
202405.0,2024-05-28,40594.0,JAVEP,Consumidor Especial,SUDESTE,14.76,2.7234
,2024-05-28,,JAVEP,,,14.76,2.7234
202405.0,2024-05-29,40594.0,JAVEP,Consumidor Especial,SUDESTE,14.76,2.464371
202405.0,2024-05-29,40594.0,JAVEP,Consumidor Especial,SUDESTE,14.76,2.464371
,2024-05-29,,JAVEP,,,14.76,2.464371
202405.0,2024-05-30,40594.0,JAVEP,Consumidor Especial,SUDESTE,14.76,1.119687
202405.0,2024-05-30,40594.0,JAVEP,Consumidor Especial,SUDESTE,14.76,1.119687
,2024-05-30,,JAVEP,,,14.76,1.119687
202405.0,2024-05-31,40594.0,JAVEP,Consumidor Especial,SUDESTE,14.76,2.471671
202405.0,2024-05-31,40594.0,JAVEP,Consumidor Especial,SUDESTE,14.76,2.471671
,2024-05-31,,JAVEP,,,14.76,2.471671
202406.0,2024-06-01,40594.0,JAVEP,Consumidor Especial,SUDESTE,14.76,1.428003
202406.0,2024-06-01,40594.0,JAVEP,Consumidor Especial,SUDESTE,14.76,1.428003
,2024-06-01,,JAVEP,,,14.76,1.428003
202406.0,2024-06-02,40594.0,JAVEP,Consumidor Especial,SUDESTE,14.76,0.96816
202406.0,2024-06-02,40594.0,JAVEP,Consumidor Especial,SUDESTE,14.76,0.96816
,2024-06-02,,JAVEP,,,14.76,0.96816
202406.0,2024-06-03,40594.0,JAVEP,Consumidor Especial,SUDESTE,14.76,3.017065
202406.0,2024-06-03,40594.0,JAVEP,Consumidor Especial,SUDESTE,14.76,3.017065
,2024-06-03,,JAVEP,,,14.76,3.017065
202406.0,2024-06-04,40594.0,JAVEP,Consumidor Especial,SUDESTE,14.76,3.17949
202406.0,2024-06-04,40594.0,JAVEP,Consumidor Especial,SUDESTE,14.76,3.17949
,2024-06-04,,JAVEP,,,14.76,3.17949
202406.0,2024-06-05,40594.0,JAVEP,Consumidor Especial,SUDESTE,14.76,3.103424
202406.0,2024-06-05,40594.0,JAVEP,Consumidor Especial,SUDESTE,14.76,3.103424
,2024-06-05,,JAVEP,,,14.76,3.103424
202406.0,2024-06-06,40594.0,JAVEP,Consumidor Especial,SUDESTE,14.76,3.521145
202406.0,2024-06-06,40594.0,JAVEP,Consumidor Especial,SUDESTE,14.76,3.521145
,2024-06-06,,JAVEP,,,14.76,3.521145
202406.0,2024-06-07,40594.0,JAVEP,Consumidor Especial,SUDESTE,14.76,3.12495
202406.0,2024-06-07,40594.0,JAVEP,Consumidor Especial,SUDESTE,14.76,3.12495
,2024-06-07,,JAVEP,,,14.76,3.12495
202406.0,2024-06-08,40594.0,JAVEP,Consumidor Especial,SUDESTE,14.76,1.929593
202406.0,2024-06-08,40594.0,JAVEP,Consumidor Especial,SUDESTE,14.76,1.929593
,2024-06-08,,JAVEP,,,14.76,1.929593
202406.0,2024-06-09,40594.0,JAVEP,Consumidor Especial,SUDESTE,14.76,1.00262
202406.0,2024-06-09,40594.0,JAVEP,Consumidor Especial,SUDESTE,14.76,1.00262
,2024-06-09,,JAVEP,,,14.76,1.00262
202406.0,2024-06-10,40594.0,JAVEP,Consumidor Especial,SUDESTE,14.76,3.357989
202406.0,2024-06-10,40594.0,JAVEP,Consumidor Especial,SUDESTE,14.76,3.357989
,2024-06-10,,JAVEP,,,14.76,3.357989
202406.0,2024-06-11,40594.0,JAVEP,Consumidor Especial,SUDESTE,14.76,3.481393
202406.0,2024-06-11,40594.0,JAVEP,Consumidor Especial,SUDESTE,14.76,3.481393
,2024-06-11,,JAVEP,,,14.76,3.481393
202406.0,2024-06-12,40594.0,JAVEP,Consumidor Especial,SUDESTE,14.76,3.070887
202406.0,2024-06-12,40594.0,JAVEP,Consumidor Especial,SUDESTE,14.76,3.070887
,2024-06-12,,JAVEP,,,14.76,3.070887
202406.0,2024-06-13,40594.0,JAVEP,Consumidor Especial,SUDESTE,14.76,3.145092
202406.0,2024-06-13,40594.0,JAVEP,Consumidor Especial,SUDESTE,14.76,3.145092
,2024-06-13,,JAVEP,,,14.76,3.145092
202406.0,2024-06-14,40594.0,JAVEP,Consumidor Especial,SUDESTE,14.76,3.187325
202406.0,2024-06-14,40594.0,JAVEP,Consumidor Especial,SUDESTE,14.76,3.187325
,2024-06-14,,JAVEP,,,14.76,3.187325
202406.0,2024-06-15,40594.0,JAVEP,Consumidor Especial,SUDESTE,14.76,1.963835
202406.0,2024-06-15,40594.0,JAVEP,Consumidor Especial,SUDESTE,14.76,1.963835
,2024-06-15,,JAVEP,,,14.76,1.963835
202406.0,2024-06-16,40594.0,JAVEP,Consumidor Especial,SUDESTE,14.76,1.030851
202406.0,2024-06-16,40594.0,JAVEP,Consumidor Especial,SUDESTE,14.76,1.030851
,2024-06-16,,JAVEP,,,14.76,1.030851
202406.0,2024-06-17,40594.0,JAVEP,Consumidor Especial,SUDESTE,14.76,3.285045
202406.0,2024-06-17,40594.0,JAVEP,Consumidor Especial,SUDESTE,14.76,3.285045
,2024-06-17,,JAVEP,,,14.76,3.285045
202406.0,2024-06-18,40594.0,JAVEP,Consumidor Especial,SUDESTE,14.76,3.235594
202406.0,2024-06-18,40594.0,JAVEP,Consumidor Especial,SUDESTE,14.76,3.235594
,2024-06-18,,JAVEP,,,14.76,3.235594
202406.0,2024-06-19,40594.0,JAVEP,Consumidor Especial,SUDESTE,14.76,2.962764
202406.0,2024-06-19,40594.0,JAVEP,Consumidor Especial,SUDESTE,14.76,2.962764
,2024-06-19,,JAVEP,,,14.76,2.962764
202406.0,2024-06-20,40594.0,JAVEP,Consumidor Especial,SUDESTE,14.76,3.324225
202406.0,2024-06-20,40594.0,JAVEP,Consumidor Especial,SUDESTE,14.76,3.324225
,2024-06-20,,JAVEP,,,14.76,3.324225
202406.0,2024-06-21,40594.0,JAVEP,Consumidor Especial,SUDESTE,14.76,3.20384
202406.0,2024-06-21,40594.0,JAVEP,Consumidor Especial,SUDESTE,14.76,3.20384
,2024-06-21,,JAVEP,,,14.76,3.20384
202406.0,2024-06-22,40594.0,JAVEP,Consumidor Especial,SUDESTE,14.76,1.995608
202406.0,2024-06-22,40594.0,JAVEP,Consumidor Especial,SUDESTE,14.76,1.995608
,2024-06-22,,JAVEP,,,14.76,1.995608
202406.0,2024-06-23,40594.0,JAVEP,Consumidor Especial,SUDESTE,14.76,0.999564
202406.0,2024-06-23,40594.0,JAVEP,Consumidor Especial,SUDESTE,14.76,0.999564
,2024-06-23,,JAVEP,,,14.76,0.999564
202406.0,2024-06-24,40594.0,JAVEP,Consumidor Especial,SUDESTE,14.76,3.87709
202406.0,2024-06-24,40594.0,JAVEP,Consumidor Especial,SUDESTE,14.76,3.87709
,2024-06-24,,JAVEP,,,14.76,3.87709
202406.0,2024-06-25,40594.0,JAVEP,Consumidor Especial,SUDESTE,14.76,3.663964
202406.0,2024-06-25,40594.0,JAVEP,Consumidor Especial,SUDESTE,14.76,3.663964
,2024-06-25,,JAVEP,,,14.76,3.663964
202406.0,2024-06-26,40594.0,JAVEP,Consumidor Especial,SUDESTE,14.76,3.857331
202406.0,2024-06-26,40594.0,JAVEP,Consumidor Especial,SUDESTE,14.76,3.857331
,2024-06-26,,JAVEP,,,14.76,3.857331
202406.0,2024-06-27,40594.0,JAVEP,Consumidor Especial,SUDESTE,14.76,3.851694
202406.0,2024-06-27,40594.0,JAVEP,Consumidor Especial,SUDESTE,14.76,3.851694
,2024-06-27,,JAVEP,,,14.76,3.851694
202406.0,2024-06-28,40594.0,JAVEP,Consumidor Especial,SUDESTE,14.76,3.477749
202406.0,2024-06-28,40594.0,JAVEP,Consumidor Especial,SUDESTE,14.76,3.477749
,2024-06-28,,JAVEP,,,14.76,3.477749
202406.0,2024-06-29,40594.0,JAVEP,Consumidor Especial,SUDESTE,14.76,2.471618
202406.0,2024-06-29,40594.0,JAVEP,Consumidor Especial,SUDESTE,14.76,2.471618
,2024-06-29,,JAVEP,,,14.76,2.471618
202406.0,2024-06-30,40594.0,JAVEP,Consumidor Especial,SUDESTE,14.76,1.033362
202406.0,2024-06-30,40594.0,JAVEP,Consumidor Especial,SUDESTE,14.76,1.033362
,2024-06-30,,JAVEP,,,14.76,1.033362
202407.0,2024-07-01,40594.0,JAVEP,Consumidor Especial,SUDESTE,14.76,2.67457
202407.0,2024-07-01,40594.0,JAVEP,Consumidor Especial,SUDESTE,14.76,2.67457
,2024-07-01,,JAVEP,,,14.76,2.67457
202407.0,2024-07-02,40594.0,JAVEP,Consumidor Especial,SUDESTE,14.76,2.812771
202407.0,2024-07-02,40594.0,JAVEP,Consumidor Especial,SUDESTE,14.76,2.812771
,2024-07-02,,JAVEP,,,14.76,2.812771
202407.0,2024-07-03,40594.0,JAVEP,Consumidor Especial,SUDESTE,14.76,3.098513
202407.0,2024-07-03,40594.0,JAVEP,Consumidor Especial,SUDESTE,14.76,3.098513
,2024-07-03,,JAVEP,,,14.76,3.098513
202407.0,2024-07-04,40594.0,JAVEP,Consumidor Especial,SUDESTE,14.76,3.15834
202407.0,2024-07-04,40594.0,JAVEP,Consumidor Especial,SUDESTE,14.76,3.15834
,2024-07-04,,JAVEP,,,14.76,3.15834
202407.0,2024-07-05,40594.0,JAVEP,Consumidor Especial,SUDESTE,14.76,3.373212
202407.0,2024-07-05,40594.0,JAVEP,Consumidor Especial,SUDESTE,14.76,3.373212
,2024-07-05,,JAVEP,,,14.76,3.373212
202407.0,2024-07-06,40594.0,JAVEP,Consumidor Especial,SUDESTE,14.76,1.536236
202407.0,2024-07-06,40594.0,JAVEP,Consumidor Especial,SUDESTE,14.76,1.536236
,2024-07-06,,JAVEP,,,14.76,1.536236
202407.0,2024-07-07,40594.0,JAVEP,Consumidor Especial,SUDESTE,14.76,0.938127
202407.0,2024-07-07,40594.0,JAVEP,Consumidor Especial,SUDESTE,14.76,0.938127
,2024-07-07,,JAVEP,,,14.76,0.938127
202407.0,2024-07-08,40594.0,JAVEP,Consumidor Especial,SUDESTE,14.76,3.073922
202407.0,2024-07-08,40594.0,JAVEP,Consumidor Especial,SUDESTE,14.76,3.073922
,2024-07-08,,JAVEP,,,14.76,3.073922
202407.0,2024-07-09,40594.0,JAVEP,Consumidor Especial,SUDESTE,14.76,0.971596
202407.0,2024-07-09,40594.0,JAVEP,Consumidor Especial,SUDESTE,14.76,0.971596
,2024-07-09,,JAVEP,,,14.76,0.971596
202407.0,2024-07-10,40594.0,JAVEP,Consumidor Especial,SUDESTE,14.76,2.819872
202407.0,2024-07-10,40594.0,JAVEP,Consumidor Especial,SUDESTE,14.76,2.819872
,2024-07-10,,JAVEP,,,14.76,2.819872
202407.0,2024-07-11,40594.0,JAVEP,Consumidor Especial,SUDESTE,14.76,3.441464
202407.0,2024-07-11,40594.0,JAVEP,Consumidor Especial,SUDESTE,14.76,3.441464
,2024-07-11,,JAVEP,,,14.76,3.441464
202407.0,2024-07-12,40594.0,JAVEP,Consumidor Especial,SUDESTE,14.76,3.469424
202407.0,2024-07-12,40594.0,JAVEP,Consumidor Especial,SUDESTE,14.76,3.469424
,2024-07-12,,JAVEP,,,14.76,3.469424
202407.0,2024-07-13,40594.0,JAVEP,Consumidor Especial,SUDESTE,14.76,1.786603
202407.0,2024-07-13,40594.0,JAVEP,Consumidor Especial,SUDESTE,14.76,1.786603
,2024-07-13,,JAVEP,,,14.76,1.786603
202407.0,2024-07-14,40594.0,JAVEP,Consumidor Especial,SUDESTE,14.76,0.925534
202407.0,2024-07-14,40594.0,JAVEP,Consumidor Especial,SUDESTE,14.76,0.925534
,2024-07-14,,JAVEP,,,14.76,0.925534
202407.0,2024-07-15,40594.0,JAVEP,Consumidor Especial,SUDESTE,14.76,3.220848
202407.0,2024-07-15,40594.0,JAVEP,Consumidor Especial,SUDESTE,14.76,3.220848
,2024-07-15,,JAVEP,,,14.76,3.220848
202407.0,2024-07-16,40594.0,JAVEP,Consumidor Especial,SUDESTE,14.76,3.251546
202407.0,2024-07-16,40594.0,JAVEP,Consumidor Especial,SUDESTE,14.76,3.251546
,2024-07-16,,JAVEP,,,14.76,3.251546
202407.0,2024-07-17,40594.0,JAVEP,Consumidor Especial,SUDESTE,14.76,3.225558
202407.0,2024-07-17,40594.0,JAVEP,Consumidor Especial,SUDESTE,14.76,3.225558
,2024-07-17,,JAVEP,,,14.76,3.225558
202407.0,2024-07-18,40594.0,JAVEP,Consumidor Especial,SUDESTE,14.76,3.257005
202407.0,2024-07-18,40594.0,JAVEP,Consumidor Especial,SUDESTE,14.76,3.257005
,2024-07-18,,JAVEP,,,14.76,3.257005
202407.0,2024-07-19,40594.0,JAVEP,Consumidor Especial,SUDESTE,14.76,3.411342
202407.0,2024-07-19,40594.0,JAVEP,Consumidor Especial,SUDESTE,14.76,3.411342
,2024-07-19,,JAVEP,,,14.76,3.411342
202407.0,2024-07-20,40594.0,JAVEP,Consumidor Especial,SUDESTE,14.76,1.73902
202407.0,2024-07-20,40594.0,JAVEP,Consumidor Especial,SUDESTE,14.76,1.73902
,2024-07-20,,JAVEP,,,14.76,1.73902
202407.0,2024-07-21,40594.0,JAVEP,Consumidor Especial,SUDESTE,14.76,1.1145
202407.0,2024-07-21,40594.0,JAVEP,Consumidor Especial,SUDESTE,14.76,1.1145
,2024-07-21,,JAVEP,,,14.76,1.1145
202407.0,2024-07-22,40594.0,JAVEP,Consumidor Especial,SUDESTE,14.76,3.21176
202407.0,2024-07-22,40594.0,JAVEP,Consumidor Especial,SUDESTE,14.76,3.21176
,2024-07-22,,JAVEP,,,14.76,3.21176
202407.0,2024-07-23,40594.0,JAVEP,Consumidor Especial,SUDESTE,14.76,3.325853
202407.0,2024-07-23,40594.0,JAVEP,Consumidor Especial,SUDESTE,14.76,3.325853
,2024-07-23,,JAVEP,,,14.76,3.325853
202407.0,2024-07-24,40594.0,JAVEP,Consumidor Especial,SUDESTE,14.76,3.085315
202407.0,2024-07-24,40594.0,JAVEP,Consumidor Especial,SUDESTE,14.76,3.085315
,2024-07-24,,JAVEP,,,14.76,3.085315
202407.0,2024-07-25,40594.0,JAVEP,Consumidor Especial,SUDESTE,14.76,3.213484
202407.0,2024-07-25,40594.0,JAVEP,Consumidor Especial,SUDESTE,14.76,3.213484
,2024-07-25,,JAVEP,,,14.76,3.213484
202407.0,2024-07-26,40594.0,JAVEP,Consumidor Especial,SUDESTE,14.76,3.11403
202407.0,2024-07-26,40594.0,JAVEP,Consumidor Especial,SUDESTE,14.76,3.11403
,2024-07-26,,JAVEP,,,14.76,3.11403
202407.0,2024-07-27,40594.0,JAVEP,Consumidor Especial,SUDESTE,14.76,1.961192
202407.0,2024-07-27,40594.0,JAVEP,Consumidor Especial,SUDESTE,14.76,1.961192
,2024-07-27,,JAVEP,,,14.76,1.961192
202407.0,2024-07-28,40594.0,JAVEP,Consumidor Especial,SUDESTE,14.76,1.015781
202407.0,2024-07-28,40594.0,JAVEP,Consumidor Especial,SUDESTE,14.76,1.015781
,2024-07-28,,JAVEP,,,14.76,1.015781
202407.0,2024-07-29,40594.0,JAVEP,Consumidor Especial,SUDESTE,14.76,3.541979
202407.0,2024-07-29,40594.0,JAVEP,Consumidor Especial,SUDESTE,14.76,3.541979
,2024-07-29,,JAVEP,,,14.76,3.541979
202407.0,2024-07-30,40594.0,JAVEP,Consumidor Especial,SUDESTE,14.76,2.819596
202407.0,2024-07-30,40594.0,JAVEP,Consumidor Especial,SUDESTE,14.76,2.819596
,2024-07-30,,JAVEP,,,14.76,2.819596
202407.0,2024-07-31,40594.0,JAVEP,Consumidor Especial,SUDESTE,14.76,3.204546
202407.0,2024-07-31,40594.0,JAVEP,Consumidor Especial,SUDESTE,14.76,3.204546
,2024-07-31,,JAVEP,,,14.76,3.204546
202408.0,2024-08-01,40594.0,JAVEP,Consumidor Especial,SUDESTE,14.76,3.530754
202408.0,2024-08-01,40594.0,JAVEP,Consumidor Especial,SUDESTE,14.76,3.530754
,2024-08-01,,JAVEP,,,14.76,3.530754
202408.0,2024-08-02,40594.0,JAVEP,Consumidor Especial,SUDESTE,14.76,3.334009
202408.0,2024-08-02,40594.0,JAVEP,Consumidor Especial,SUDESTE,14.76,3.334009
,2024-08-02,,JAVEP,,,14.76,3.334009
202408.0,2024-08-03,40594.0,JAVEP,Consumidor Especial,SUDESTE,14.76,1.772081
202408.0,2024-08-03,40594.0,JAVEP,Consumidor Especial,SUDESTE,14.76,1.772081
,2024-08-03,,JAVEP,,,14.76,1.772081
202408.0,2024-08-04,40594.0,JAVEP,Consumidor Especial,SUDESTE,14.76,0.939348
202408.0,2024-08-04,40594.0,JAVEP,Consumidor Especial,SUDESTE,14.76,0.939348
,2024-08-04,,JAVEP,,,14.76,0.939348
202408.0,2024-08-05,40594.0,JAVEP,Consumidor Especial,SUDESTE,14.76,3.884257
202408.0,2024-08-05,40594.0,JAVEP,Consumidor Especial,SUDESTE,14.76,3.884257
,2024-08-05,,JAVEP,,,14.76,3.884257
202408.0,2024-08-06,40594.0,JAVEP,Consumidor Especial,SUDESTE,14.76,4.009118
202408.0,2024-08-06,40594.0,JAVEP,Consumidor Especial,SUDESTE,14.76,4.009118
,2024-08-06,,JAVEP,,,14.76,4.009118
202408.0,2024-08-07,40594.0,JAVEP,Consumidor Especial,SUDESTE,14.76,4.016343
202408.0,2024-08-07,40594.0,JAVEP,Consumidor Especial,SUDESTE,14.76,4.016343
,2024-08-07,,JAVEP,,,14.76,4.016343
202408.0,2024-08-08,40594.0,JAVEP,Consumidor Especial,SUDESTE,14.76,3.864539
202408.0,2024-08-08,40594.0,JAVEP,Consumidor Especial,SUDESTE,14.76,3.864539
,2024-08-08,,JAVEP,,,14.76,3.864539
202408.0,2024-08-09,40594.0,JAVEP,Consumidor Especial,SUDESTE,14.76,2.964525
202408.0,2024-08-09,40594.0,JAVEP,Consumidor Especial,SUDESTE,14.76,2.964525
,2024-08-09,,JAVEP,,,14.76,2.964525
202408.0,2024-08-10,40594.0,JAVEP,Consumidor Especial,SUDESTE,14.76,1.561959
202408.0,2024-08-10,40594.0,JAVEP,Consumidor Especial,SUDESTE,14.76,1.561959
,2024-08-10,,JAVEP,,,14.76,1.561959
202408.0,2024-08-11,40594.0,JAVEP,Consumidor Especial,SUDESTE,14.76,1.133523
202408.0,2024-08-11,40594.0,JAVEP,Consumidor Especial,SUDESTE,14.76,1.133523
,2024-08-11,,JAVEP,,,14.76,1.133523
202408.0,2024-08-12,40594.0,JAVEP,Consumidor Especial,SUDESTE,14.76,2.601222
202408.0,2024-08-12,40594.0,JAVEP,Consumidor Especial,SUDESTE,14.76,2.601222
,2024-08-12,,JAVEP,,,14.76,2.601222
202408.0,2024-08-13,40594.0,JAVEP,Consumidor Especial,SUDESTE,14.76,2.521994
202408.0,2024-08-13,40594.0,JAVEP,Consumidor Especial,SUDESTE,14.76,2.521994
,2024-08-13,,JAVEP,,,14.76,2.521994
202408.0,2024-08-14,40594.0,JAVEP,Consumidor Especial,SUDESTE,14.76,2.590038
202408.0,2024-08-14,40594.0,JAVEP,Consumidor Especial,SUDESTE,14.76,2.590038
,2024-08-14,,JAVEP,,,14.76,2.590038
202408.0,2024-08-15,40594.0,JAVEP,Consumidor Especial,SUDESTE,14.76,2.270085
202408.0,2024-08-15,40594.0,JAVEP,Consumidor Especial,SUDESTE,14.76,2.270085
,2024-08-15,,JAVEP,,,14.76,2.270085
202408.0,2024-08-16,40594.0,JAVEP,Consumidor Especial,SUDESTE,14.76,3.546301
202408.0,2024-08-16,40594.0,JAVEP,Consumidor Especial,SUDESTE,14.76,3.546301
,2024-08-16,,JAVEP,,,14.76,3.546301
202408.0,2024-08-17,40594.0,JAVEP,Consumidor Especial,SUDESTE,14.76,1.994763
202408.0,2024-08-17,40594.0,JAVEP,Consumidor Especial,SUDESTE,14.76,1.994763
,2024-08-17,,JAVEP,,,14.76,1.994763
202408.0,2024-08-18,40594.0,JAVEP,Consumidor Especial,SUDESTE,14.76,1.000606
202408.0,2024-08-18,40594.0,JAVEP,Consumidor Especial,SUDESTE,14.76,1.000606
,2024-08-18,,JAVEP,,,14.76,1.000606
202408.0,2024-08-19,40594.0,JAVEP,Consumidor Especial,SUDESTE,14.76,4.23624
202408.0,2024-08-19,40594.0,JAVEP,Consumidor Especial,SUDESTE,14.76,4.23624
,2024-08-19,,JAVEP,,,14.76,4.23624
202408.0,2024-08-20,40594.0,JAVEP,Consumidor Especial,SUDESTE,14.76,4.360957
202408.0,2024-08-20,40594.0,JAVEP,Consumidor Especial,SUDESTE,14.76,4.360957
,2024-08-20,,JAVEP,,,14.76,4.360957
202408.0,2024-08-21,40594.0,JAVEP,Consumidor Especial,SUDESTE,14.76,4.271894
202408.0,2024-08-21,40594.0,JAVEP,Consumidor Especial,SUDESTE,14.76,4.271894
,2024-08-21,,JAVEP,,,14.76,4.271894
202408.0,2024-08-22,40594.0,JAVEP,Consumidor Especial,SUDESTE,14.76,4.322231
202408.0,2024-08-22,40594.0,JAVEP,Consumidor Especial,SUDESTE,14.76,4.322231
,2024-08-22,,JAVEP,,,14.76,4.322231
202408.0,2024-08-23,40594.0,JAVEP,Consumidor Especial,SUDESTE,14.76,4.439828
202408.0,2024-08-23,40594.0,JAVEP,Consumidor Especial,SUDESTE,14.76,4.439828
,2024-08-23,,JAVEP,,,14.76,4.439828
202408.0,2024-08-24,40594.0,JAVEP,Consumidor Especial,SUDESTE,14.76,2.477779
202408.0,2024-08-24,40594.0,JAVEP,Consumidor Especial,SUDESTE,14.76,2.477779
,2024-08-24,,JAVEP,,,14.76,2.477779
202408.0,2024-08-25,40594.0,JAVEP,Consumidor Especial,SUDESTE,14.76,1.034163
202408.0,2024-08-25,40594.0,JAVEP,Consumidor Especial,SUDESTE,14.76,1.034163
,2024-08-25,,JAVEP,,,14.76,1.034163
202408.0,2024-08-26,40594.0,JAVEP,Consumidor Especial,SUDESTE,14.76,2.594365
202408.0,2024-08-26,40594.0,JAVEP,Consumidor Especial,SUDESTE,14.76,2.594365
,2024-08-26,,JAVEP,,,14.76,2.594365
202408.0,2024-08-27,40594.0,JAVEP,Consumidor Especial,SUDESTE,14.76,2.625285
202408.0,2024-08-27,40594.0,JAVEP,Consumidor Especial,SUDESTE,14.76,2.625285
,2024-08-27,,JAVEP,,,14.76,2.625285
202408.0,2024-08-28,40594.0,JAVEP,Consumidor Especial,SUDESTE,14.76,3.092154
202408.0,2024-08-28,40594.0,JAVEP,Consumidor Especial,SUDESTE,14.76,3.092154
,2024-08-28,,JAVEP,,,14.76,3.092154
202408.0,2024-08-29,40594.0,JAVEP,Consumidor Especial,SUDESTE,14.76,3.499276
202408.0,2024-08-29,40594.0,JAVEP,Consumidor Especial,SUDESTE,14.76,3.499276
,2024-08-29,,JAVEP,,,14.76,3.499276
202408.0,2024-08-30,40594.0,JAVEP,Consumidor Especial,SUDESTE,14.76,3.915325
202408.0,2024-08-30,40594.0,JAVEP,Consumidor Especial,SUDESTE,14.76,3.915325
,2024-08-30,,JAVEP,,,14.76,3.915325
202408.0,2024-08-31,40594.0,JAVEP,Consumidor Especial,SUDESTE,14.76,2.583091
202408.0,2024-08-31,40594.0,JAVEP,Consumidor Especial,SUDESTE,14.76,2.583091
,2024-08-31,,JAVEP,,,14.76,2.583091
202409.0,2024-09-01,40594.0,JAVEP,Consumidor Especial,SUDESTE,14.76,1.107087
202409.0,2024-09-01,40594.0,JAVEP,Consumidor Especial,SUDESTE,14.76,1.107087
,2024-09-01,,JAVEP,,,14.76,1.107087
202409.0,2024-09-02,40594.0,JAVEP,Consumidor Especial,SUDESTE,14.76,4.259553
202409.0,2024-09-02,40594.0,JAVEP,Consumidor Especial,SUDESTE,14.76,4.259553
,2024-09-02,,JAVEP,,,14.76,4.259553
202409.0,2024-09-03,40594.0,JAVEP,Consumidor Especial,SUDESTE,14.76,4.554076
202409.0,2024-09-03,40594.0,JAVEP,Consumidor Especial,SUDESTE,14.76,4.554076
,2024-09-03,,JAVEP,,,14.76,4.554076
202409.0,2024-09-04,40594.0,JAVEP,Consumidor Especial,SUDESTE,14.76,4.748481
202409.0,2024-09-04,40594.0,JAVEP,Consumidor Especial,SUDESTE,14.76,4.748481
,2024-09-04,,JAVEP,,,14.76,4.748481
202409.0,2024-09-05,40594.0,JAVEP,Consumidor Especial,SUDESTE,14.76,4.810354
202409.0,2024-09-05,40594.0,JAVEP,Consumidor Especial,SUDESTE,14.76,4.810354
,2024-09-05,,JAVEP,,,14.76,4.810354
202409.0,2024-09-06,40594.0,JAVEP,Consumidor Especial,SUDESTE,14.76,3.859815
202409.0,2024-09-06,40594.0,JAVEP,Consumidor Especial,SUDESTE,14.76,3.859815
,2024-09-06,,JAVEP,,,14.76,3.859815
202409.0,2024-09-07,40594.0,JAVEP,Consumidor Especial,SUDESTE,14.76,1.215928
202409.0,2024-09-07,40594.0,JAVEP,Consumidor Especial,SUDESTE,14.76,1.215928
,2024-09-07,,JAVEP,,,14.76,1.215928
202409.0,2024-09-08,40594.0,JAVEP,Consumidor Especial,SUDESTE,14.76,1.11765
202409.0,2024-09-08,40594.0,JAVEP,Consumidor Especial,SUDESTE,14.76,1.11765
,2024-09-08,,JAVEP,,,14.76,1.11765
202409.0,2024-09-09,40594.0,JAVEP,Consumidor Especial,SUDESTE,14.76,4.863971
202409.0,2024-09-09,40594.0,JAVEP,Consumidor Especial,SUDESTE,14.76,4.863971
,2024-09-09,,JAVEP,,,14.76,4.863971
202409.0,2024-09-10,40594.0,JAVEP,Consumidor Especial,SUDESTE,14.76,4.702885
202409.0,2024-09-10,40594.0,JAVEP,Consumidor Especial,SUDESTE,14.76,4.702885
,2024-09-10,,JAVEP,,,14.76,4.702885
202409.0,2024-09-11,40594.0,JAVEP,Consumidor Especial,SUDESTE,14.76,4.809767
202409.0,2024-09-11,40594.0,JAVEP,Consumidor Especial,SUDESTE,14.76,4.809767
,2024-09-11,,JAVEP,,,14.76,4.809767
202409.0,2024-09-12,40594.0,JAVEP,Consumidor Especial,SUDESTE,14.76,4.788979
202409.0,2024-09-12,40594.0,JAVEP,Consumidor Especial,SUDESTE,14.76,4.788979
,2024-09-12,,JAVEP,,,14.76,4.788979
202409.0,2024-09-13,40594.0,JAVEP,Consumidor Especial,SUDESTE,14.76,4.950725
202409.0,2024-09-13,40594.0,JAVEP,Consumidor Especial,SUDESTE,14.76,4.950725
,2024-09-13,,JAVEP,,,14.76,4.950725
202409.0,2024-09-14,40594.0,JAVEP,Consumidor Especial,SUDESTE,14.76,2.350001
202409.0,2024-09-14,40594.0,JAVEP,Consumidor Especial,SUDESTE,14.76,2.350001
,2024-09-14,,JAVEP,,,14.76,2.350001
202409.0,2024-09-15,40594.0,JAVEP,Consumidor Especial,SUDESTE,14.76,1.144971
202409.0,2024-09-15,40594.0,JAVEP,Consumidor Especial,SUDESTE,14.76,1.144971
,2024-09-15,,JAVEP,,,14.76,1.144971
202409.0,2024-09-16,40594.0,JAVEP,Consumidor Especial,SUDESTE,14.76,3.528781
202409.0,2024-09-16,40594.0,JAVEP,Consumidor Especial,SUDESTE,14.76,3.528781
,2024-09-16,,JAVEP,,,14.76,3.528781
202409.0,2024-09-17,40594.0,JAVEP,Consumidor Especial,SUDESTE,14.76,3.627407
202409.0,2024-09-17,40594.0,JAVEP,Consumidor Especial,SUDESTE,14.76,3.627407
,2024-09-17,,JAVEP,,,14.76,3.627407
202409.0,2024-09-18,40594.0,JAVEP,Consumidor Especial,SUDESTE,14.76,3.87372
202409.0,2024-09-18,40594.0,JAVEP,Consumidor Especial,SUDESTE,14.76,3.87372
,2024-09-18,,JAVEP,,,14.76,3.87372
202409.0,2024-09-19,40594.0,JAVEP,Consumidor Especial,SUDESTE,14.76,4.436911
202409.0,2024-09-19,40594.0,JAVEP,Consumidor Especial,SUDESTE,14.76,4.436911
,2024-09-19,,JAVEP,,,14.76,4.436911
202409.0,2024-09-20,40594.0,JAVEP,Consumidor Especial,SUDESTE,14.76,4.895503
202409.0,2024-09-20,40594.0,JAVEP,Consumidor Especial,SUDESTE,14.76,4.895503
,2024-09-20,,JAVEP,,,14.76,4.895503
202409.0,2024-09-21,40594.0,JAVEP,Consumidor Especial,SUDESTE,14.76,2.74969
202409.0,2024-09-21,40594.0,JAVEP,Consumidor Especial,SUDESTE,14.76,2.74969
,2024-09-21,,JAVEP,,,14.76,2.74969
202409.0,2024-09-22,40594.0,JAVEP,Consumidor Especial,SUDESTE,14.76,1.301019
202409.0,2024-09-22,40594.0,JAVEP,Consumidor Especial,SUDESTE,14.76,1.301019
,2024-09-22,,JAVEP,,,14.76,1.301019
202409.0,2024-09-23,40594.0,JAVEP,Consumidor Especial,SUDESTE,14.76,5.003622
202409.0,2024-09-23,40594.0,JAVEP,Consumidor Especial,SUDESTE,14.76,5.003622
,2024-09-23,,JAVEP,,,14.76,5.003622
202409.0,2024-09-24,40594.0,JAVEP,Consumidor Especial,SUDESTE,14.76,5.173955
202409.0,2024-09-24,40594.0,JAVEP,Consumidor Especial,SUDESTE,14.76,5.173955
,2024-09-24,,JAVEP,,,14.76,5.173955
202409.0,2024-09-25,40594.0,JAVEP,Consumidor Especial,SUDESTE,14.76,4.949426
202409.0,2024-09-25,40594.0,JAVEP,Consumidor Especial,SUDESTE,14.76,4.949426
,2024-09-25,,JAVEP,,,14.76,4.949426
202409.0,2024-09-26,40594.0,JAVEP,Consumidor Especial,SUDESTE,14.76,5.361809
202409.0,2024-09-26,40594.0,JAVEP,Consumidor Especial,SUDESTE,14.76,5.361809
,2024-09-26,,JAVEP,,,14.76,5.361809
202409.0,2024-09-27,40594.0,JAVEP,Consumidor Especial,SUDESTE,14.76,5.077935
202409.0,2024-09-27,40594.0,JAVEP,Consumidor Especial,SUDESTE,14.76,5.077935
,2024-09-27,,JAVEP,,,14.76,5.077935
202409.0,2024-09-28,40594.0,JAVEP,Consumidor Especial,SUDESTE,14.76,2.735063
202409.0,2024-09-28,40594.0,JAVEP,Consumidor Especial,SUDESTE,14.76,2.735063
,2024-09-28,,JAVEP,,,14.76,2.735063
202409.0,2024-09-29,40594.0,JAVEP,Consumidor Especial,SUDESTE,14.76,1.767279
202409.0,2024-09-29,40594.0,JAVEP,Consumidor Especial,SUDESTE,14.76,1.767279
,2024-09-29,,JAVEP,,,14.76,1.767279
202409.0,2024-09-30,40594.0,JAVEP,Consumidor Especial,SUDESTE,14.76,5.439393
202409.0,2024-09-30,40594.0,JAVEP,Consumidor Especial,SUDESTE,14.76,5.439393
,2024-09-30,,JAVEP,,,14.76,5.439393
202410.0,2024-10-01,40594.0,JAVEP,Consumidor Especial,SUDESTE,14.76,5.244875
202410.0,2024-10-01,40594.0,JAVEP,Consumidor Especial,SUDESTE,14.76,5.244875
,2024-10-01,,JAVEP,,,14.76,5.244875
202410.0,2024-10-02,40594.0,JAVEP,Consumidor Especial,SUDESTE,14.76,5.520856
202410.0,2024-10-02,40594.0,JAVEP,Consumidor Especial,SUDESTE,14.76,5.520856
,2024-10-02,,JAVEP,,,14.76,5.520856
202410.0,2024-10-03,40594.0,JAVEP,Consumidor Especial,SUDESTE,14.76,5.391931
202410.0,2024-10-03,40594.0,JAVEP,Consumidor Especial,SUDESTE,14.76,5.391931
,2024-10-03,,JAVEP,,,14.76,5.391931
202410.0,2024-10-04,40594.0,JAVEP,Consumidor Especial,SUDESTE,14.76,4.528121
202410.0,2024-10-04,40594.0,JAVEP,Consumidor Especial,SUDESTE,14.76,4.528121
,2024-10-04,,JAVEP,,,14.76,4.528121
202410.0,2024-10-05,40594.0,JAVEP,Consumidor Especial,SUDESTE,14.76,2.384302
202410.0,2024-10-05,40594.0,JAVEP,Consumidor Especial,SUDESTE,14.76,2.384302
,2024-10-05,,JAVEP,,,14.76,2.384302
202410.0,2024-10-06,40594.0,JAVEP,Consumidor Especial,SUDESTE,14.76,1.120139
202410.0,2024-10-06,40594.0,JAVEP,Consumidor Especial,SUDESTE,14.76,1.120139
,2024-10-06,,JAVEP,,,14.76,1.120139
202410.0,2024-10-07,40594.0,JAVEP,Consumidor Especial,SUDESTE,14.76,4.717547
202410.0,2024-10-07,40594.0,JAVEP,Consumidor Especial,SUDESTE,14.76,4.717547
,2024-10-07,,JAVEP,,,14.76,4.717547
202410.0,2024-10-08,40594.0,JAVEP,Consumidor Especial,SUDESTE,14.76,5.044966
202410.0,2024-10-08,40594.0,JAVEP,Consumidor Especial,SUDESTE,14.76,5.044966
,2024-10-08,,JAVEP,,,14.76,5.044966
202410.0,2024-10-09,40594.0,JAVEP,Consumidor Especial,SUDESTE,14.76,4.844869
202410.0,2024-10-09,40594.0,JAVEP,Consumidor Especial,SUDESTE,14.76,4.844869
,2024-10-09,,JAVEP,,,14.76,4.844869
202410.0,2024-10-10,40594.0,JAVEP,Consumidor Especial,SUDESTE,14.76,4.222427
202410.0,2024-10-10,40594.0,JAVEP,Consumidor Especial,SUDESTE,14.76,4.222427
,2024-10-10,,JAVEP,,,14.76,4.222427
202410.0,2024-10-11,40594.0,JAVEP,Consumidor Especial,SUDESTE,14.76,4.490373
202410.0,2024-10-11,40594.0,JAVEP,Consumidor Especial,SUDESTE,14.76,4.490373
,2024-10-11,,JAVEP,,,14.76,4.490373
202410.0,2024-10-12,40594.0,JAVEP,Consumidor Especial,SUDESTE,14.76,1.583752
202410.0,2024-10-12,40594.0,JAVEP,Consumidor Especial,SUDESTE,14.76,1.583752
,2024-10-12,,JAVEP,,,14.76,1.583752
202410.0,2024-10-13,40594.0,JAVEP,Consumidor Especial,SUDESTE,14.76,1.215142
202410.0,2024-10-13,40594.0,JAVEP,Consumidor Especial,SUDESTE,14.76,1.215142
,2024-10-13,,JAVEP,,,14.76,1.215142
202410.0,2024-10-14,40594.0,JAVEP,Consumidor Especial,SUDESTE,14.76,4.820897
202410.0,2024-10-14,40594.0,JAVEP,Consumidor Especial,SUDESTE,14.76,4.820897
,2024-10-14,,JAVEP,,,14.76,4.820897
202410.0,2024-10-15,40594.0,JAVEP,Consumidor Especial,SUDESTE,14.76,4.935775
202410.0,2024-10-15,40594.0,JAVEP,Consumidor Especial,SUDESTE,14.76,4.935775
,2024-10-15,,JAVEP,,,14.76,4.935775
202410.0,2024-10-16,40594.0,JAVEP,Consumidor Especial,SUDESTE,14.76,5.052307
202410.0,2024-10-16,40594.0,JAVEP,Consumidor Especial,SUDESTE,14.76,5.052307
,2024-10-16,,JAVEP,,,14.76,5.052307
202410.0,2024-10-17,40594.0,JAVEP,Consumidor Especial,SUDESTE,14.76,5.265034
202410.0,2024-10-17,40594.0,JAVEP,Consumidor Especial,SUDESTE,14.76,5.265034
,2024-10-17,,JAVEP,,,14.76,5.265034
202410.0,2024-10-18,40594.0,JAVEP,Consumidor Especial,SUDESTE,14.76,4.742024
202410.0,2024-10-18,40594.0,JAVEP,Consumidor Especial,SUDESTE,14.76,4.742024
,2024-10-18,,JAVEP,,,14.76,4.742024
202410.0,2024-10-19,40594.0,JAVEP,Consumidor Especial,SUDESTE,14.76,2.607688
202410.0,2024-10-19,40594.0,JAVEP,Consumidor Especial,SUDESTE,14.76,2.607688
,2024-10-19,,JAVEP,,,14.76,2.607688
202410.0,2024-10-20,40594.0,JAVEP,Consumidor Especial,SUDESTE,14.76,1.249272
202410.0,2024-10-20,40594.0,JAVEP,Consumidor Especial,SUDESTE,14.76,1.249272
,2024-10-20,,JAVEP,,,14.76,1.249272
202410.0,2024-10-21,40594.0,JAVEP,Consumidor Especial,SUDESTE,14.76,4.373326
202410.0,2024-10-21,40594.0,JAVEP,Consumidor Especial,SUDESTE,14.76,4.373326
,2024-10-21,,JAVEP,,,14.76,4.373326
202410.0,2024-10-22,40594.0,JAVEP,Consumidor Especial,SUDESTE,14.76,4.597703
202410.0,2024-10-22,40594.0,JAVEP,Consumidor Especial,SUDESTE,14.76,4.597703
,2024-10-22,,JAVEP,,,14.76,4.597703
202410.0,2024-10-23,40594.0,JAVEP,Consumidor Especial,SUDESTE,14.76,5.080948
202410.0,2024-10-23,40594.0,JAVEP,Consumidor Especial,SUDESTE,14.76,5.080948
,2024-10-23,,JAVEP,,,14.76,5.080948
202410.0,2024-10-24,40594.0,JAVEP,Consumidor Especial,SUDESTE,14.76,5.046549
202410.0,2024-10-24,40594.0,JAVEP,Consumidor Especial,SUDESTE,14.76,5.046549
,2024-10-24,,JAVEP,,,14.76,5.046549
202410.0,2024-10-25,40594.0,JAVEP,Consumidor Especial,SUDESTE,14.76,4.418367
202410.0,2024-10-25,40594.0,JAVEP,Consumidor Especial,SUDESTE,14.76,4.418367
,2024-10-25,,JAVEP,,,14.76,4.418367
202410.0,2024-10-26,40594.0,JAVEP,Consumidor Especial,SUDESTE,14.76,3.059922
202410.0,2024-10-26,40594.0,JAVEP,Consumidor Especial,SUDESTE,14.76,3.059922
,2024-10-26,,JAVEP,,,14.76,3.059922
202410.0,2024-10-27,40594.0,JAVEP,Consumidor Especial,SUDESTE,14.76,1.265938
202410.0,2024-10-27,40594.0,JAVEP,Consumidor Especial,SUDESTE,14.76,1.265938
,2024-10-27,,JAVEP,,,14.76,1.265938
202410.0,2024-10-28,40594.0,JAVEP,Consumidor Especial,SUDESTE,14.76,4.200688
202410.0,2024-10-28,40594.0,JAVEP,Consumidor Especial,SUDESTE,14.76,4.200688
,2024-10-28,,JAVEP,,,14.76,4.200688
202410.0,2024-10-29,40594.0,JAVEP,Consumidor Especial,SUDESTE,14.76,4.759566
202410.0,2024-10-29,40594.0,JAVEP,Consumidor Especial,SUDESTE,14.76,4.759566
,2024-10-29,,JAVEP,,,14.76,4.759566
202410.0,2024-10-30,40594.0,JAVEP,Consumidor Especial,SUDESTE,14.76,4.656627
202410.0,2024-10-30,40594.0,JAVEP,Consumidor Especial,SUDESTE,14.76,4.656627
,2024-10-30,,JAVEP,,,14.76,4.656627
202410.0,2024-10-31,40594.0,JAVEP,Consumidor Especial,SUDESTE,14.76,5.001398
202410.0,2024-10-31,40594.0,JAVEP,Consumidor Especial,SUDESTE,14.76,5.001398
,2024-10-31,,JAVEP,,,14.76,5.001398
202411.0,2024-11-01,40594.0,JAVEP,Consumidor Especial,SUDESTE,14.76,4.694505
202411.0,2024-11-01,40594.0,JAVEP,Consumidor Especial,SUDESTE,14.76,4.694505
,2024-11-01,,JAVEP,,,14.76,4.694505
202411.0,2024-11-02,40594.0,JAVEP,Consumidor Especial,SUDESTE,14.76,1.236069
202411.0,2024-11-02,40594.0,JAVEP,Consumidor Especial,SUDESTE,14.76,1.236069
,2024-11-02,,JAVEP,,,14.76,1.236069
202411.0,2024-11-03,40594.0,JAVEP,Consumidor Especial,SUDESTE,14.76,1.171701
202411.0,2024-11-03,40594.0,JAVEP,Consumidor Especial,SUDESTE,14.76,1.171701
,2024-11-03,,JAVEP,,,14.76,1.171701
202411.0,2024-11-04,40594.0,JAVEP,Consumidor Especial,SUDESTE,14.76,3.522275
202411.0,2024-11-04,40594.0,JAVEP,Consumidor Especial,SUDESTE,14.76,3.522275
,2024-11-04,,JAVEP,,,14.76,3.522275
202411.0,2024-11-05,40594.0,JAVEP,Consumidor Especial,SUDESTE,14.76,4.276946
202411.0,2024-11-05,40594.0,JAVEP,Consumidor Especial,SUDESTE,14.76,4.276946
,2024-11-05,,JAVEP,,,14.76,4.276946
202411.0,2024-11-06,40594.0,JAVEP,Consumidor Especial,SUDESTE,14.76,4.545699
202411.0,2024-11-06,40594.0,JAVEP,Consumidor Especial,SUDESTE,14.76,4.545699
,2024-11-06,,JAVEP,,,14.76,4.545699
202411.0,2024-11-07,40594.0,JAVEP,Consumidor Especial,SUDESTE,14.76,3.873732
202411.0,2024-11-07,40594.0,JAVEP,Consumidor Especial,SUDESTE,14.76,3.873732
,2024-11-07,,JAVEP,,,14.76,3.873732
202411.0,2024-11-08,40594.0,JAVEP,Consumidor Especial,SUDESTE,14.76,3.981276
202411.0,2024-11-08,40594.0,JAVEP,Consumidor Especial,SUDESTE,14.76,3.981276
,2024-11-08,,JAVEP,,,14.76,3.981276
202411.0,2024-11-09,40594.0,JAVEP,Consumidor Especial,SUDESTE,14.76,2.298798
202411.0,2024-11-09,40594.0,JAVEP,Consumidor Especial,SUDESTE,14.76,2.298798
,2024-11-09,,JAVEP,,,14.76,2.298798
202411.0,2024-11-10,40594.0,JAVEP,Consumidor Especial,SUDESTE,14.76,1.181204
202411.0,2024-11-10,40594.0,JAVEP,Consumidor Especial,SUDESTE,14.76,1.181204
,2024-11-10,,JAVEP,,,14.76,1.181204
202411.0,2024-11-11,40594.0,JAVEP,Consumidor Especial,SUDESTE,14.76,4.80184
202411.0,2024-11-11,40594.0,JAVEP,Consumidor Especial,SUDESTE,14.76,4.80184
,2024-11-11,,JAVEP,,,14.76,4.80184
202411.0,2024-11-12,40594.0,JAVEP,Consumidor Especial,SUDESTE,14.76,5.097886
202411.0,2024-11-12,40594.0,JAVEP,Consumidor Especial,SUDESTE,14.76,5.097886
,2024-11-12,,JAVEP,,,14.76,5.097886
202411.0,2024-11-13,40594.0,JAVEP,Consumidor Especial,SUDESTE,14.76,4.603771
202411.0,2024-11-13,40594.0,JAVEP,Consumidor Especial,SUDESTE,14.76,4.603771
,2024-11-13,,JAVEP,,,14.76,4.603771
202411.0,2024-11-14,40594.0,JAVEP,Consumidor Especial,SUDESTE,14.76,4.495857
202411.0,2024-11-14,40594.0,JAVEP,Consumidor Especial,SUDESTE,14.76,4.495857
,2024-11-14,,JAVEP,,,14.76,4.495857
202411.0,2024-11-15,40594.0,JAVEP,Consumidor Especial,SUDESTE,14.76,1.483753
202411.0,2024-11-15,40594.0,JAVEP,Consumidor Especial,SUDESTE,14.76,1.483753
,2024-11-15,,JAVEP,,,14.76,1.483753
202411.0,2024-11-16,40594.0,JAVEP,Consumidor Especial,SUDESTE,14.76,2.107593
202411.0,2024-11-16,40594.0,JAVEP,Consumidor Especial,SUDESTE,14.76,2.107593
,2024-11-16,,JAVEP,,,14.76,2.107593
202411.0,2024-11-17,40594.0,JAVEP,Consumidor Especial,SUDESTE,14.76,1.185876
202411.0,2024-11-17,40594.0,JAVEP,Consumidor Especial,SUDESTE,14.76,1.185876
,2024-11-17,,JAVEP,,,14.76,1.185876
202411.0,2024-11-18,40594.0,JAVEP,Consumidor Especial,SUDESTE,14.76,4.777517
202411.0,2024-11-18,40594.0,JAVEP,Consumidor Especial,SUDESTE,14.76,4.777517
,2024-11-18,,JAVEP,,,14.76,4.777517
202411.0,2024-11-19,40594.0,JAVEP,Consumidor Especial,SUDESTE,14.76,5.11453
202411.0,2024-11-19,40594.0,JAVEP,Consumidor Especial,SUDESTE,14.76,5.11453
,2024-11-19,,JAVEP,,,14.76,5.11453
202411.0,2024-11-20,40594.0,JAVEP,Consumidor Especial,SUDESTE,14.76,1.707215
202411.0,2024-11-20,40594.0,JAVEP,Consumidor Especial,SUDESTE,14.76,1.707215
,2024-11-20,,JAVEP,,,14.76,1.707215
202411.0,2024-11-21,40594.0,JAVEP,Consumidor Especial,SUDESTE,14.76,5.329439
202411.0,2024-11-21,40594.0,JAVEP,Consumidor Especial,SUDESTE,14.76,5.329439
,2024-11-21,,JAVEP,,,14.76,5.329439
202411.0,2024-11-22,40594.0,JAVEP,Consumidor Especial,SUDESTE,14.76,4.748061
202411.0,2024-11-22,40594.0,JAVEP,Consumidor Especial,SUDESTE,14.76,4.748061
,2024-11-22,,JAVEP,,,14.76,4.748061
202411.0,2024-11-23,40594.0,JAVEP,Consumidor Especial,SUDESTE,14.76,3.140789
202411.0,2024-11-23,40594.0,JAVEP,Consumidor Especial,SUDESTE,14.76,3.140789
,2024-11-23,,JAVEP,,,14.76,3.140789
202411.0,2024-11-24,40594.0,JAVEP,Consumidor Especial,SUDESTE,14.76,1.505332
202411.0,2024-11-24,40594.0,JAVEP,Consumidor Especial,SUDESTE,14.76,1.505332
,2024-11-24,,JAVEP,,,14.76,1.505332
202411.0,2024-11-25,40594.0,JAVEP,Consumidor Especial,SUDESTE,14.76,5.014941
202411.0,2024-11-25,40594.0,JAVEP,Consumidor Especial,SUDESTE,14.76,5.014941
,2024-11-25,,JAVEP,,,14.76,5.014941
202411.0,2024-11-26,40594.0,JAVEP,Consumidor Especial,SUDESTE,14.76,5.361394
202411.0,2024-11-26,40594.0,JAVEP,Consumidor Especial,SUDESTE,14.76,5.361394
,2024-11-26,,JAVEP,,,14.76,5.361394
202411.0,2024-11-27,40594.0,JAVEP,Consumidor Especial,SUDESTE,14.76,5.438014
202411.0,2024-11-27,40594.0,JAVEP,Consumidor Especial,SUDESTE,14.76,5.438014
,2024-11-27,,JAVEP,,,14.76,5.438014
202411.0,2024-11-28,40594.0,JAVEP,Consumidor Especial,SUDESTE,14.76,5.355891
202411.0,2024-11-28,40594.0,JAVEP,Consumidor Especial,SUDESTE,14.76,5.355891
,2024-11-28,,JAVEP,,,14.76,5.355891
202411.0,2024-11-29,40594.0,JAVEP,Consumidor Especial,SUDESTE,14.76,4.92016
202411.0,2024-11-29,40594.0,JAVEP,Consumidor Especial,SUDESTE,14.76,4.92016
,2024-11-29,,JAVEP,,,14.76,4.92016
202411.0,2024-11-30,40594.0,JAVEP,Consumidor Especial,SUDESTE,14.76,3.104428
202411.0,2024-11-30,40594.0,JAVEP,Consumidor Especial,SUDESTE,14.76,3.104428
,2024-11-30,,JAVEP,,,14.76,3.104428
202412.0,2024-12-01,40594.0,JAVEP,Consumidor Especial,SUDESTE,14.76,1.22827
202412.0,2024-12-01,40594.0,JAVEP,Consumidor Especial,SUDESTE,14.76,1.22827
,2024-12-01,,JAVEP,,,14.76,1.22827
202412.0,2024-12-02,40594.0,JAVEP,Consumidor Especial,SUDESTE,14.76,5.21367
202412.0,2024-12-02,40594.0,JAVEP,Consumidor Especial,SUDESTE,14.76,5.21367
,2024-12-02,,JAVEP,,,14.76,5.21367
202412.0,2024-12-03,40594.0,JAVEP,Consumidor Especial,SUDESTE,14.76,4.690287
202412.0,2024-12-03,40594.0,JAVEP,Consumidor Especial,SUDESTE,14.76,4.690287
,2024-12-03,,JAVEP,,,14.76,4.690287
202412.0,2024-12-04,40594.0,JAVEP,Consumidor Especial,SUDESTE,14.76,4.610083
202412.0,2024-12-04,40594.0,JAVEP,Consumidor Especial,SUDESTE,14.76,4.610083
,2024-12-04,,JAVEP,,,14.76,4.610083
202412.0,2024-12-05,40594.0,JAVEP,Consumidor Especial,SUDESTE,14.76,4.659271
202412.0,2024-12-05,40594.0,JAVEP,Consumidor Especial,SUDESTE,14.76,4.659271
,2024-12-05,,JAVEP,,,14.76,4.659271
202412.0,2024-12-06,40594.0,JAVEP,Consumidor Especial,SUDESTE,14.76,5.293111
202412.0,2024-12-06,40594.0,JAVEP,Consumidor Especial,SUDESTE,14.76,5.293111
,2024-12-06,,JAVEP,,,14.76,5.293111
202412.0,2024-12-07,40594.0,JAVEP,Consumidor Especial,SUDESTE,14.76,2.873852
202412.0,2024-12-07,40594.0,JAVEP,Consumidor Especial,SUDESTE,14.76,2.873852
,2024-12-07,,JAVEP,,,14.76,2.873852
202412.0,2024-12-08,40594.0,JAVEP,Consumidor Especial,SUDESTE,14.76,1.345017
202412.0,2024-12-08,40594.0,JAVEP,Consumidor Especial,SUDESTE,14.76,1.345017
,2024-12-08,,JAVEP,,,14.76,1.345017
202412.0,2024-12-09,40594.0,JAVEP,Consumidor Especial,SUDESTE,14.76,5.189345
202412.0,2024-12-09,40594.0,JAVEP,Consumidor Especial,SUDESTE,14.76,5.189345
,2024-12-09,,JAVEP,,,14.76,5.189345
202412.0,2024-12-10,40594.0,JAVEP,Consumidor Especial,SUDESTE,14.76,5.244353
202412.0,2024-12-10,40594.0,JAVEP,Consumidor Especial,SUDESTE,14.76,5.244353
,2024-12-10,,JAVEP,,,14.76,5.244353
202412.0,2024-12-11,40594.0,JAVEP,Consumidor Especial,SUDESTE,14.76,5.06966
202412.0,2024-12-11,40594.0,JAVEP,Consumidor Especial,SUDESTE,14.76,5.06966
,2024-12-11,,JAVEP,,,14.76,5.06966
202412.0,2024-12-12,40594.0,JAVEP,Consumidor Especial,SUDESTE,14.76,5.151316
202412.0,2024-12-12,40594.0,JAVEP,Consumidor Especial,SUDESTE,14.76,5.151316
,2024-12-12,,JAVEP,,,14.76,5.151316
202412.0,2024-12-13,40594.0,JAVEP,Consumidor Especial,SUDESTE,14.76,4.945591
202412.0,2024-12-13,40594.0,JAVEP,Consumidor Especial,SUDESTE,14.76,4.945591
,2024-12-13,,JAVEP,,,14.76,4.945591
202412.0,2024-12-14,40594.0,JAVEP,Consumidor Especial,SUDESTE,14.76,2.454372
202412.0,2024-12-14,40594.0,JAVEP,Consumidor Especial,SUDESTE,14.76,2.454372
,2024-12-14,,JAVEP,,,14.76,2.454372
202412.0,2024-12-15,40594.0,JAVEP,Consumidor Especial,SUDESTE,14.76,1.255042
202412.0,2024-12-15,40594.0,JAVEP,Consumidor Especial,SUDESTE,14.76,1.255042
,2024-12-15,,JAVEP,,,14.76,1.255042
202412.0,2024-12-16,40594.0,JAVEP,Consumidor Especial,SUDESTE,14.76,5.012722
202412.0,2024-12-16,40594.0,JAVEP,Consumidor Especial,SUDESTE,14.76,5.012722
,2024-12-16,,JAVEP,,,14.76,5.012722
202412.0,2024-12-17,40594.0,JAVEP,Consumidor Especial,SUDESTE,14.76,4.997903
202412.0,2024-12-17,40594.0,JAVEP,Consumidor Especial,SUDESTE,14.76,4.997903
,2024-12-17,,JAVEP,,,14.76,4.997903
202412.0,2024-12-18,40594.0,JAVEP,Consumidor Especial,SUDESTE,14.76,5.102244
202412.0,2024-12-18,40594.0,JAVEP,Consumidor Especial,SUDESTE,14.76,5.102244
,2024-12-18,,JAVEP,,,14.76,5.102244
202412.0,2024-12-19,40594.0,JAVEP,Consumidor Especial,SUDESTE,14.76,5.379004
202412.0,2024-12-19,40594.0,JAVEP,Consumidor Especial,SUDESTE,14.76,5.379004
,2024-12-19,,JAVEP,,,14.76,5.379004
202412.0,2024-12-20,40594.0,JAVEP,Consumidor Especial,SUDESTE,14.76,5.292988
202412.0,2024-12-20,40594.0,JAVEP,Consumidor Especial,SUDESTE,14.76,5.292988
,2024-12-20,,JAVEP,,,14.76,5.292988
202412.0,2024-12-21,40594.0,JAVEP,Consumidor Especial,SUDESTE,14.76,2.803988
202412.0,2024-12-21,40594.0,JAVEP,Consumidor Especial,SUDESTE,14.76,2.803988
,2024-12-21,,JAVEP,,,14.76,2.803988
202412.0,2024-12-22,40594.0,JAVEP,Consumidor Especial,SUDESTE,14.76,1.221858
202412.0,2024-12-22,40594.0,JAVEP,Consumidor Especial,SUDESTE,14.76,1.221858
,2024-12-22,,JAVEP,,,14.76,1.221858
202412.0,2024-12-23,40594.0,JAVEP,Consumidor Especial,SUDESTE,14.76,5.089753
202412.0,2024-12-23,40594.0,JAVEP,Consumidor Especial,SUDESTE,14.76,5.089753
,2024-12-23,,JAVEP,,,14.76,5.089753
202412.0,2024-12-24,40594.0,JAVEP,Consumidor Especial,SUDESTE,14.76,2.67327
202412.0,2024-12-24,40594.0,JAVEP,Consumidor Especial,SUDESTE,14.76,2.67327
,2024-12-24,,JAVEP,,,14.76,2.67327
202412.0,2024-12-25,40594.0,JAVEP,Consumidor Especial,SUDESTE,14.76,1.183807
202412.0,2024-12-25,40594.0,JAVEP,Consumidor Especial,SUDESTE,14.76,1.183807
,2024-12-25,,JAVEP,,,14.76,1.183807
202412.0,2024-12-26,40594.0,JAVEP,Consumidor Especial,SUDESTE,14.76,4.423193
202412.0,2024-12-26,40594.0,JAVEP,Consumidor Especial,SUDESTE,14.76,4.423193
,2024-12-26,,JAVEP,,,14.76,4.423193
202412.0,2024-12-27,40594.0,JAVEP,Consumidor Especial,SUDESTE,14.76,4.559666
202412.0,2024-12-27,40594.0,JAVEP,Consumidor Especial,SUDESTE,14.76,4.559666
,2024-12-27,,JAVEP,,,14.76,4.559666
202412.0,2024-12-28,40594.0,JAVEP,Consumidor Especial,SUDESTE,14.76,2.379205
202412.0,2024-12-28,40594.0,JAVEP,Consumidor Especial,SUDESTE,14.76,2.379205
,2024-12-28,,JAVEP,,,14.76,2.379205
202412.0,2024-12-29,40594.0,JAVEP,Consumidor Especial,SUDESTE,14.76,1.206586
202412.0,2024-12-29,40594.0,JAVEP,Consumidor Especial,SUDESTE,14.76,1.206586
,2024-12-29,,JAVEP,,,14.76,1.206586
202412.0,2024-12-30,40594.0,JAVEP,Consumidor Especial,SUDESTE,14.76,5.015282
202412.0,2024-12-30,40594.0,JAVEP,Consumidor Especial,SUDESTE,14.76,5.015282
,2024-12-30,,JAVEP,,,14.76,5.015282
202412.0,2024-12-31,40594.0,JAVEP,Consumidor Especial,SUDESTE,14.76,1.717469
202412.0,2024-12-31,40594.0,JAVEP,Consumidor Especial,SUDESTE,14.76,1.717469
,2024-12-31,,JAVEP,,,14.76,1.717469
202501.0,2025-01-01,40594.0,JAVEP,Consumidor Especial,SUDESTE,14.76,1.754743
202501.0,2025-01-01,40594.0,JAVEP,Consumidor Especial,SUDESTE,14.76,1.754743
,2025-01-01,,JAVEP,,,14.76,1.754743
202501.0,2025-01-02,40594.0,JAVEP,Consumidor Especial,SUDESTE,14.76,4.922796
202501.0,2025-01-02,40594.0,JAVEP,Consumidor Especial,SUDESTE,14.76,4.922796
,2025-01-02,,JAVEP,,,14.76,4.922796
202501.0,2025-01-03,40594.0,JAVEP,Consumidor Especial,SUDESTE,14.76,4.799991
202501.0,2025-01-03,40594.0,JAVEP,Consumidor Especial,SUDESTE,14.76,4.799991
,2025-01-03,,JAVEP,,,14.76,4.799991
202501.0,2025-01-04,40594.0,JAVEP,Consumidor Especial,SUDESTE,14.76,2.484005
202501.0,2025-01-04,40594.0,JAVEP,Consumidor Especial,SUDESTE,14.76,2.484005
,2025-01-04,,JAVEP,,,14.76,2.484005
202501.0,2025-01-05,40594.0,JAVEP,Consumidor Especial,SUDESTE,14.76,1.344064
202501.0,2025-01-05,40594.0,JAVEP,Consumidor Especial,SUDESTE,14.76,1.344064
,2025-01-05,,JAVEP,,,14.76,1.344064
202501.0,2025-01-06,40594.0,JAVEP,Consumidor Especial,SUDESTE,14.76,5.148558
202501.0,2025-01-06,40594.0,JAVEP,Consumidor Especial,SUDESTE,14.76,5.148558
,2025-01-06,,JAVEP,,,14.76,5.148558
202501.0,2025-01-07,40594.0,JAVEP,Consumidor Especial,SUDESTE,14.76,5.040899
202501.0,2025-01-07,40594.0,JAVEP,Consumidor Especial,SUDESTE,14.76,5.040899
,2025-01-07,,JAVEP,,,14.76,5.040899
202501.0,2025-01-08,40594.0,JAVEP,Consumidor Especial,SUDESTE,14.76,5.022163
202501.0,2025-01-08,40594.0,JAVEP,Consumidor Especial,SUDESTE,14.76,5.022163
,2025-01-08,,JAVEP,,,14.76,5.022163
202501.0,2025-01-09,40594.0,JAVEP,Consumidor Especial,SUDESTE,14.76,4.913063
202501.0,2025-01-09,40594.0,JAVEP,Consumidor Especial,SUDESTE,14.76,4.913063
,2025-01-09,,JAVEP,,,14.76,4.913063
202501.0,2025-01-10,40594.0,JAVEP,Consumidor Especial,SUDESTE,14.76,4.93103
202501.0,2025-01-10,40594.0,JAVEP,Consumidor Especial,SUDESTE,14.76,4.93103
,2025-01-10,,JAVEP,,,14.76,4.93103
202501.0,2025-01-11,40594.0,JAVEP,Consumidor Especial,SUDESTE,14.76,2.899918
202501.0,2025-01-11,40594.0,JAVEP,Consumidor Especial,SUDESTE,14.76,2.899918
,2025-01-11,,JAVEP,,,14.76,2.899918
202501.0,2025-01-12,40594.0,JAVEP,Consumidor Especial,SUDESTE,14.76,1.170169
202501.0,2025-01-12,40594.0,JAVEP,Consumidor Especial,SUDESTE,14.76,1.170169
,2025-01-12,,JAVEP,,,14.76,1.170169
202501.0,2025-01-13,40594.0,JAVEP,Consumidor Especial,SUDESTE,14.76,4.938655
202501.0,2025-01-13,40594.0,JAVEP,Consumidor Especial,SUDESTE,14.76,4.938655
,2025-01-13,,JAVEP,,,14.76,4.938655
202501.0,2025-01-14,40594.0,JAVEP,Consumidor Especial,SUDESTE,14.76,4.785348
202501.0,2025-01-14,40594.0,JAVEP,Consumidor Especial,SUDESTE,14.76,4.785348
,2025-01-14,,JAVEP,,,14.76,4.785348
202501.0,2025-01-15,40594.0,JAVEP,Consumidor Especial,SUDESTE,14.76,5.049635
202501.0,2025-01-15,40594.0,JAVEP,Consumidor Especial,SUDESTE,14.76,5.049635
,2025-01-15,,JAVEP,,,14.76,5.049635
202501.0,2025-01-16,40594.0,JAVEP,Consumidor Especial,SUDESTE,14.76,4.754276
202501.0,2025-01-16,40594.0,JAVEP,Consumidor Especial,SUDESTE,14.76,4.754276
,2025-01-16,,JAVEP,,,14.76,4.754276
202501.0,2025-01-17,40594.0,JAVEP,Consumidor Especial,SUDESTE,14.76,4.621474
202501.0,2025-01-17,40594.0,JAVEP,Consumidor Especial,SUDESTE,14.76,4.621474
,2025-01-17,,JAVEP,,,14.76,4.621474
202501.0,2025-01-18,40594.0,JAVEP,Consumidor Especial,SUDESTE,14.76,2.66932
202501.0,2025-01-18,40594.0,JAVEP,Consumidor Especial,SUDESTE,14.76,2.66932
,2025-01-18,,JAVEP,,,14.76,2.66932
202501.0,2025-01-19,40594.0,JAVEP,Consumidor Especial,SUDESTE,14.76,1.478394
202501.0,2025-01-19,40594.0,JAVEP,Consumidor Especial,SUDESTE,14.76,1.478394
,2025-01-19,,JAVEP,,,14.76,1.478394
202501.0,2025-01-20,40594.0,JAVEP,Consumidor Especial,SUDESTE,14.76,4.287456
202501.0,2025-01-20,40594.0,JAVEP,Consumidor Especial,SUDESTE,14.76,4.287456
,2025-01-20,,JAVEP,,,14.76,4.287456
202501.0,2025-01-21,40594.0,JAVEP,Consumidor Especial,SUDESTE,14.76,5.30109
202501.0,2025-01-21,40594.0,JAVEP,Consumidor Especial,SUDESTE,14.76,5.30109
,2025-01-21,,JAVEP,,,14.76,5.30109
202501.0,2025-01-22,40594.0,JAVEP,Consumidor Especial,SUDESTE,14.76,5.499606
202501.0,2025-01-22,40594.0,JAVEP,Consumidor Especial,SUDESTE,14.76,5.499606
,2025-01-22,,JAVEP,,,14.76,5.499606
202501.0,2025-01-23,40594.0,JAVEP,Consumidor Especial,SUDESTE,14.76,5.226618
202501.0,2025-01-23,40594.0,JAVEP,Consumidor Especial,SUDESTE,14.76,5.226618
,2025-01-23,,JAVEP,,,14.76,5.226618
202501.0,2025-01-24,40594.0,JAVEP,Consumidor Especial,SUDESTE,14.76,5.018395
202501.0,2025-01-24,40594.0,JAVEP,Consumidor Especial,SUDESTE,14.76,5.018395
,2025-01-24,,JAVEP,,,14.76,5.018395
202501.0,2025-01-25,40594.0,JAVEP,Consumidor Especial,SUDESTE,14.76,3.314552
202501.0,2025-01-25,40594.0,JAVEP,Consumidor Especial,SUDESTE,14.76,3.314552
,2025-01-25,,JAVEP,,,14.76,3.314552
202501.0,2025-01-26,40594.0,JAVEP,Consumidor Especial,SUDESTE,14.76,1.239125
202501.0,2025-01-26,40594.0,JAVEP,Consumidor Especial,SUDESTE,14.76,1.239125
,2025-01-26,,JAVEP,,,14.76,1.239125
202501.0,2025-01-27,40594.0,JAVEP,Consumidor Especial,SUDESTE,14.76,5.093373
202501.0,2025-01-27,40594.0,JAVEP,Consumidor Especial,SUDESTE,14.76,5.093373
,2025-01-27,,JAVEP,,,14.76,5.093373
202501.0,2025-01-28,40594.0,JAVEP,Consumidor Especial,SUDESTE,14.76,5.039905
202501.0,2025-01-28,40594.0,JAVEP,Consumidor Especial,SUDESTE,14.76,5.039905
,2025-01-28,,JAVEP,,,14.76,5.039905
202501.0,2025-01-29,40594.0,JAVEP,Consumidor Especial,SUDESTE,14.76,4.931968
202501.0,2025-01-29,40594.0,JAVEP,Consumidor Especial,SUDESTE,14.76,4.931968
,2025-01-29,,JAVEP,,,14.76,4.931968
202501.0,2025-01-30,40594.0,JAVEP,Consumidor Especial,SUDESTE,14.76,4.849919
202501.0,2025-01-30,40594.0,JAVEP,Consumidor Especial,SUDESTE,14.76,4.849919
,2025-01-30,,JAVEP,,,14.76,4.849919
202501.0,2025-01-31,40594.0,JAVEP,Consumidor Especial,SUDESTE,14.76,4.637378
202501.0,2025-01-31,40594.0,JAVEP,Consumidor Especial,SUDESTE,14.76,4.637378
,2025-01-31,,JAVEP,,,14.76,4.637378
202502.0,2025-02-01,40594.0,JAVEP,Consumidor Especial,SUDESTE,14.76,2.097874
202502.0,2025-02-01,40594.0,JAVEP,Consumidor Especial,SUDESTE,14.76,2.097874
,2025-02-01,,JAVEP,,,14.76,2.097874
202502.0,2025-02-02,40594.0,JAVEP,Consumidor Especial,SUDESTE,14.76,1.120647
202502.0,2025-02-02,40594.0,JAVEP,Consumidor Especial,SUDESTE,14.76,1.120647
,2025-02-02,,JAVEP,,,14.76,1.120647
202502.0,2025-02-03,40594.0,JAVEP,Consumidor Especial,SUDESTE,14.76,3.788448
202502.0,2025-02-03,40594.0,JAVEP,Consumidor Especial,SUDESTE,14.76,3.788448
,2025-02-03,,JAVEP,,,14.76,3.788448
202502.0,2025-02-04,40594.0,JAVEP,Consumidor Especial,SUDESTE,14.76,3.803276
202502.0,2025-02-04,40594.0,JAVEP,Consumidor Especial,SUDESTE,14.76,3.803276
,2025-02-04,,JAVEP,,,14.76,3.803276
202502.0,2025-02-05,40594.0,JAVEP,Consumidor Especial,SUDESTE,14.76,4.190296
202502.0,2025-02-05,40594.0,JAVEP,Consumidor Especial,SUDESTE,14.76,4.190296
,2025-02-05,,JAVEP,,,14.76,4.190296
202502.0,2025-02-06,40594.0,JAVEP,Consumidor Especial,SUDESTE,14.76,4.659467
202502.0,2025-02-06,40594.0,JAVEP,Consumidor Especial,SUDESTE,14.76,4.659467
,2025-02-06,,JAVEP,,,14.76,4.659467
202502.0,2025-02-07,40594.0,JAVEP,Consumidor Especial,SUDESTE,14.76,4.787343
202502.0,2025-02-07,40594.0,JAVEP,Consumidor Especial,SUDESTE,14.76,4.787343
,2025-02-07,,JAVEP,,,14.76,4.787343
202502.0,2025-02-08,40594.0,JAVEP,Consumidor Especial,SUDESTE,14.76,2.300641
202502.0,2025-02-08,40594.0,JAVEP,Consumidor Especial,SUDESTE,14.76,2.300641
,2025-02-08,,JAVEP,,,14.76,2.300641
202502.0,2025-02-09,40594.0,JAVEP,Consumidor Especial,SUDESTE,14.76,1.076846
202502.0,2025-02-09,40594.0,JAVEP,Consumidor Especial,SUDESTE,14.76,1.076846
,2025-02-09,,JAVEP,,,14.76,1.076846
202502.0,2025-02-10,40594.0,JAVEP,Consumidor Especial,SUDESTE,14.76,4.905501
202502.0,2025-02-10,40594.0,JAVEP,Consumidor Especial,SUDESTE,14.76,4.905501
,2025-02-10,,JAVEP,,,14.76,4.905501
202502.0,2025-02-11,40594.0,JAVEP,Consumidor Especial,SUDESTE,14.76,4.8213930000000005
202502.0,2025-02-11,40594.0,JAVEP,Consumidor Especial,SUDESTE,14.76,4.8213930000000005
,2025-02-11,,JAVEP,,,14.76,4.8213930000000005
202502.0,2025-02-12,40594.0,JAVEP,Consumidor Especial,SUDESTE,14.76,4.897816
202502.0,2025-02-12,40594.0,JAVEP,Consumidor Especial,SUDESTE,14.76,4.897816
,2025-02-12,,JAVEP,,,14.76,4.897816
202502.0,2025-02-13,40594.0,JAVEP,Consumidor Especial,SUDESTE,14.76,4.5378
202502.0,2025-02-13,40594.0,JAVEP,Consumidor Especial,SUDESTE,14.76,4.5378
,2025-02-13,,JAVEP,,,14.76,4.5378
202502.0,2025-02-14,40594.0,JAVEP,Consumidor Especial,SUDESTE,14.76,4.82623
202502.0,2025-02-14,40594.0,JAVEP,Consumidor Especial,SUDESTE,14.76,4.82623
,2025-02-14,,JAVEP,,,14.76,4.82623
202502.0,2025-02-15,40594.0,JAVEP,Consumidor Especial,SUDESTE,14.76,2.987278
202502.0,2025-02-15,40594.0,JAVEP,Consumidor Especial,SUDESTE,14.76,2.987278
,2025-02-15,,JAVEP,,,14.76,2.987278
202502.0,2025-02-16,40594.0,JAVEP,Consumidor Especial,SUDESTE,14.76,1.148125
202502.0,2025-02-16,40594.0,JAVEP,Consumidor Especial,SUDESTE,14.76,1.148125
,2025-02-16,,JAVEP,,,14.76,1.148125
202502.0,2025-02-17,40594.0,JAVEP,Consumidor Especial,SUDESTE,14.76,5.28132
202502.0,2025-02-17,40594.0,JAVEP,Consumidor Especial,SUDESTE,14.76,5.28132
,2025-02-17,,JAVEP,,,14.76,5.28132
202502.0,2025-02-18,40594.0,JAVEP,Consumidor Especial,SUDESTE,14.76,5.009997
202502.0,2025-02-18,40594.0,JAVEP,Consumidor Especial,SUDESTE,14.76,5.009997
,2025-02-18,,JAVEP,,,14.76,5.009997
202502.0,2025-02-19,40594.0,JAVEP,Consumidor Especial,SUDESTE,14.76,5.006829
202502.0,2025-02-19,40594.0,JAVEP,Consumidor Especial,SUDESTE,14.76,5.006829
,2025-02-19,,JAVEP,,,14.76,5.006829
202502.0,2025-02-20,40594.0,JAVEP,Consumidor Especial,SUDESTE,14.76,5.15781
202502.0,2025-02-20,40594.0,JAVEP,Consumidor Especial,SUDESTE,14.76,5.15781
,2025-02-20,,JAVEP,,,14.76,5.15781
202502.0,2025-02-21,40594.0,JAVEP,Consumidor Especial,SUDESTE,14.76,5.209415
202502.0,2025-02-21,40594.0,JAVEP,Consumidor Especial,SUDESTE,14.76,5.209415
,2025-02-21,,JAVEP,,,14.76,5.209415
202502.0,2025-02-22,40594.0,JAVEP,Consumidor Especial,SUDESTE,14.76,2.941563
202502.0,2025-02-22,40594.0,JAVEP,Consumidor Especial,SUDESTE,14.76,2.941563
,2025-02-22,,JAVEP,,,14.76,2.941563
202502.0,2025-02-23,40594.0,JAVEP,Consumidor Especial,SUDESTE,14.76,1.051186
202502.0,2025-02-23,40594.0,JAVEP,Consumidor Especial,SUDESTE,14.76,1.051186
,2025-02-23,,JAVEP,,,14.76,1.051186
202502.0,2025-02-24,40594.0,JAVEP,Consumidor Especial,SUDESTE,14.76,5.310287
202502.0,2025-02-24,40594.0,JAVEP,Consumidor Especial,SUDESTE,14.76,5.310287
,2025-02-24,,JAVEP,,,14.76,5.310287
202502.0,2025-02-25,40594.0,JAVEP,Consumidor Especial,SUDESTE,14.76,5.211127
202502.0,2025-02-25,40594.0,JAVEP,Consumidor Especial,SUDESTE,14.76,5.211127
,2025-02-25,,JAVEP,,,14.76,5.211127
202502.0,2025-02-26,40594.0,JAVEP,Consumidor Especial,SUDESTE,14.76,5.389017
202502.0,2025-02-26,40594.0,JAVEP,Consumidor Especial,SUDESTE,14.76,5.389017
,2025-02-26,,JAVEP,,,14.76,5.389017
202502.0,2025-02-27,40594.0,JAVEP,Consumidor Especial,SUDESTE,14.76,5.297654
202502.0,2025-02-27,40594.0,JAVEP,Consumidor Especial,SUDESTE,14.76,5.297654
,2025-02-27,,JAVEP,,,14.76,5.297654
202502.0,2025-02-28,40594.0,JAVEP,Consumidor Especial,SUDESTE,14.76,5.457434
202502.0,2025-02-28,40594.0,JAVEP,Consumidor Especial,SUDESTE,14.76,5.457434
,2025-02-28,,JAVEP,,,14.76,5.457434
202503.0,2025-03-01,40594.0,JAVEP,Consumidor Especial,SUDESTE,14.76,2.497898
202503.0,2025-03-01,40594.0,JAVEP,Consumidor Especial,SUDESTE,14.76,2.497898
,2025-03-01,,JAVEP,,,14.76,2.497898
202503.0,2025-03-02,40594.0,JAVEP,Consumidor Especial,SUDESTE,14.76,1.300144
202503.0,2025-03-02,40594.0,JAVEP,Consumidor Especial,SUDESTE,14.76,1.300144
,2025-03-02,,JAVEP,,,14.76,1.300144
202503.0,2025-03-03,40594.0,JAVEP,Consumidor Especial,SUDESTE,14.76,1.310775
202503.0,2025-03-03,40594.0,JAVEP,Consumidor Especial,SUDESTE,14.76,1.310775
,2025-03-03,,JAVEP,,,14.76,1.310775
202503.0,2025-03-04,40594.0,JAVEP,Consumidor Especial,SUDESTE,14.76,1.210895
202503.0,2025-03-04,40594.0,JAVEP,Consumidor Especial,SUDESTE,14.76,1.210895
,2025-03-04,,JAVEP,,,14.76,1.210895
202503.0,2025-03-05,40594.0,JAVEP,Consumidor Especial,SUDESTE,14.76,5.239164
202503.0,2025-03-05,40594.0,JAVEP,Consumidor Especial,SUDESTE,14.76,5.239164
,2025-03-05,,JAVEP,,,14.76,5.239164
202503.0,2025-03-06,40594.0,JAVEP,Consumidor Especial,SUDESTE,14.76,5.324512
202503.0,2025-03-06,40594.0,JAVEP,Consumidor Especial,SUDESTE,14.76,5.324512
,2025-03-06,,JAVEP,,,14.76,5.324512
202503.0,2025-03-07,40594.0,JAVEP,Consumidor Especial,SUDESTE,14.76,5.221685
202503.0,2025-03-07,40594.0,JAVEP,Consumidor Especial,SUDESTE,14.76,5.221685
,2025-03-07,,JAVEP,,,14.76,5.221685
202503.0,2025-03-08,40594.0,JAVEP,Consumidor Especial,SUDESTE,14.76,2.495051
202503.0,2025-03-08,40594.0,JAVEP,Consumidor Especial,SUDESTE,14.76,2.495051
,2025-03-08,,JAVEP,,,14.76,2.495051
202503.0,2025-03-09,40594.0,JAVEP,Consumidor Especial,SUDESTE,14.76,1.037166
202503.0,2025-03-09,40594.0,JAVEP,Consumidor Especial,SUDESTE,14.76,1.037166
,2025-03-09,,JAVEP,,,14.76,1.037166
202503.0,2025-03-10,40594.0,JAVEP,Consumidor Especial,SUDESTE,14.76,5.328699
202503.0,2025-03-10,40594.0,JAVEP,Consumidor Especial,SUDESTE,14.76,5.328699
,2025-03-10,,JAVEP,,,14.76,5.328699
202503.0,2025-03-11,40594.0,JAVEP,Consumidor Especial,SUDESTE,14.76,5.093955
202503.0,2025-03-11,40594.0,JAVEP,Consumidor Especial,SUDESTE,14.76,5.093955
,2025-03-11,,JAVEP,,,14.76,5.093955
202503.0,2025-03-12,40594.0,JAVEP,Consumidor Especial,SUDESTE,14.76,5.248752
202503.0,2025-03-12,40594.0,JAVEP,Consumidor Especial,SUDESTE,14.76,5.248752
,2025-03-12,,JAVEP,,,14.76,5.248752
202503.0,2025-03-13,40594.0,JAVEP,Consumidor Especial,SUDESTE,14.76,5.271431
202503.0,2025-03-13,40594.0,JAVEP,Consumidor Especial,SUDESTE,14.76,5.271431
,2025-03-13,,JAVEP,,,14.76,5.271431
202503.0,2025-03-14,40594.0,JAVEP,Consumidor Especial,SUDESTE,14.76,5.268879
202503.0,2025-03-14,40594.0,JAVEP,Consumidor Especial,SUDESTE,14.76,5.268879
,2025-03-14,,JAVEP,,,14.76,5.268879
202503.0,2025-03-15,40594.0,JAVEP,Consumidor Especial,SUDESTE,14.76,2.670907
202503.0,2025-03-15,40594.0,JAVEP,Consumidor Especial,SUDESTE,14.76,2.670907
,2025-03-15,,JAVEP,,,14.76,2.670907
202503.0,2025-03-16,40594.0,JAVEP,Consumidor Especial,SUDESTE,14.76,0.991198
202503.0,2025-03-16,40594.0,JAVEP,Consumidor Especial,SUDESTE,14.76,0.991198
,2025-03-16,,JAVEP,,,14.76,0.991198
202503.0,2025-03-17,40594.0,JAVEP,Consumidor Especial,SUDESTE,14.76,4.945189
202503.0,2025-03-17,40594.0,JAVEP,Consumidor Especial,SUDESTE,14.76,4.945189
,2025-03-17,,JAVEP,,,14.76,4.945189
202503.0,2025-03-18,40594.0,JAVEP,Consumidor Especial,SUDESTE,14.76,4.877257
202503.0,2025-03-18,40594.0,JAVEP,Consumidor Especial,SUDESTE,14.76,4.877257
,2025-03-18,,JAVEP,,,14.76,4.877257
202503.0,2025-03-19,40594.0,JAVEP,Consumidor Especial,SUDESTE,14.76,4.062238
202503.0,2025-03-19,40594.0,JAVEP,Consumidor Especial,SUDESTE,14.76,4.062238
,2025-03-19,,JAVEP,,,14.76,4.062238
202503.0,2025-03-20,40594.0,JAVEP,Consumidor Especial,SUDESTE,14.76,4.733186
202503.0,2025-03-20,40594.0,JAVEP,Consumidor Especial,SUDESTE,14.76,4.733186
,2025-03-20,,JAVEP,,,14.76,4.733186
202503.0,2025-03-21,40594.0,JAVEP,Consumidor Especial,SUDESTE,14.76,4.569388
202503.0,2025-03-21,40594.0,JAVEP,Consumidor Especial,SUDESTE,14.76,4.569388
,2025-03-21,,JAVEP,,,14.76,4.569388
202503.0,2025-03-22,40594.0,JAVEP,Consumidor Especial,SUDESTE,14.76,2.989891
202503.0,2025-03-22,40594.0,JAVEP,Consumidor Especial,SUDESTE,14.76,2.989891
,2025-03-22,,JAVEP,,,14.76,2.989891
202503.0,2025-03-23,40594.0,JAVEP,Consumidor Especial,SUDESTE,14.76,1.031903
202503.0,2025-03-23,40594.0,JAVEP,Consumidor Especial,SUDESTE,14.76,1.031903
,2025-03-23,,JAVEP,,,14.76,1.031903
202503.0,2025-03-24,40594.0,JAVEP,Consumidor Especial,SUDESTE,14.76,4.738062
202503.0,2025-03-24,40594.0,JAVEP,Consumidor Especial,SUDESTE,14.76,4.738062
,2025-03-24,,JAVEP,,,14.76,4.738062
202503.0,2025-03-25,40594.0,JAVEP,Consumidor Especial,SUDESTE,14.76,4.957911
202503.0,2025-03-25,40594.0,JAVEP,Consumidor Especial,SUDESTE,14.76,4.957911
,2025-03-25,,JAVEP,,,14.76,4.957911
202503.0,2025-03-26,40594.0,JAVEP,Consumidor Especial,SUDESTE,14.76,4.589097
202503.0,2025-03-26,40594.0,JAVEP,Consumidor Especial,SUDESTE,14.76,4.589097
,2025-03-26,,JAVEP,,,14.76,4.589097
202503.0,2025-03-27,40594.0,JAVEP,Consumidor Especial,SUDESTE,14.76,4.849486
202503.0,2025-03-27,40594.0,JAVEP,Consumidor Especial,SUDESTE,14.76,4.849486
,2025-03-27,,JAVEP,,,14.76,4.849486
202503.0,2025-03-28,40594.0,JAVEP,Consumidor Especial,SUDESTE,14.76,4.953792
202503.0,2025-03-28,40594.0,JAVEP,Consumidor Especial,SUDESTE,14.76,4.953792
,2025-03-28,,JAVEP,,,14.76,4.953792
202503.0,2025-03-29,40594.0,JAVEP,Consumidor Especial,SUDESTE,14.76,2.847655
202503.0,2025-03-29,40594.0,JAVEP,Consumidor Especial,SUDESTE,14.76,2.847655
,2025-03-29,,JAVEP,,,14.76,2.847655
202503.0,2025-03-30,40594.0,JAVEP,Consumidor Especial,SUDESTE,14.76,1.315978
202503.0,2025-03-30,40594.0,JAVEP,Consumidor Especial,SUDESTE,14.76,1.315978
,2025-03-30,,JAVEP,,,14.76,1.315978
202503.0,2025-03-31,40594.0,JAVEP,Consumidor Especial,SUDESTE,14.76,4.463668
202503.0,2025-03-31,40594.0,JAVEP,Consumidor Especial,SUDESTE,14.76,4.463668
,2025-03-31,,JAVEP,,,14.76,4.463668
202504.0,2025-04-01,40594.0,JAVEP,Consumidor Especial,SUDESTE,14.76,4.857384
202504.0,2025-04-01,40594.0,JAVEP,Consumidor Especial,SUDESTE,14.76,4.857384
,2025-04-01,,JAVEP,,,14.76,4.857384
202504.0,2025-04-02,40594.0,JAVEP,Consumidor Especial,SUDESTE,14.76,4.993026
202504.0,2025-04-02,40594.0,JAVEP,Consumidor Especial,SUDESTE,14.76,4.993026
,2025-04-02,,JAVEP,,,14.76,4.993026
202504.0,2025-04-03,40594.0,JAVEP,Consumidor Especial,SUDESTE,14.76,4.953546
202504.0,2025-04-03,40594.0,JAVEP,Consumidor Especial,SUDESTE,14.76,4.953546
,2025-04-03,,JAVEP,,,14.76,4.953546
202504.0,2025-04-04,40594.0,JAVEP,Consumidor Especial,SUDESTE,14.76,4.526503
202504.0,2025-04-04,40594.0,JAVEP,Consumidor Especial,SUDESTE,14.76,4.526503
,2025-04-04,,JAVEP,,,14.76,4.526503
202504.0,2025-04-05,40594.0,JAVEP,Consumidor Especial,SUDESTE,14.76,2.351878
202504.0,2025-04-05,40594.0,JAVEP,Consumidor Especial,SUDESTE,14.76,2.351878
,2025-04-05,,JAVEP,,,14.76,2.351878
202504.0,2025-04-06,40594.0,JAVEP,Consumidor Especial,SUDESTE,14.76,0.971315
202504.0,2025-04-06,40594.0,JAVEP,Consumidor Especial,SUDESTE,14.76,0.971315
,2025-04-06,,JAVEP,,,14.76,0.971315
202504.0,2025-04-07,40594.0,JAVEP,Consumidor Especial,SUDESTE,14.76,4.330031
202504.0,2025-04-07,40594.0,JAVEP,Consumidor Especial,SUDESTE,14.76,4.330031
,2025-04-07,,JAVEP,,,14.76,4.330031
202504.0,2025-04-08,40594.0,JAVEP,Consumidor Especial,SUDESTE,14.76,4.197407
202504.0,2025-04-08,40594.0,JAVEP,Consumidor Especial,SUDESTE,14.76,4.197407
,2025-04-08,,JAVEP,,,14.76,4.197407
202504.0,2025-04-09,40594.0,JAVEP,Consumidor Especial,SUDESTE,14.76,4.584524
202504.0,2025-04-09,40594.0,JAVEP,Consumidor Especial,SUDESTE,14.76,4.584524
,2025-04-09,,JAVEP,,,14.76,4.584524
202504.0,2025-04-10,40594.0,JAVEP,Consumidor Especial,SUDESTE,14.76,4.556058
202504.0,2025-04-10,40594.0,JAVEP,Consumidor Especial,SUDESTE,14.76,4.556058
,2025-04-10,,JAVEP,,,14.76,4.556058
202504.0,2025-04-11,40594.0,JAVEP,Consumidor Especial,SUDESTE,14.76,4.485791
202504.0,2025-04-11,40594.0,JAVEP,Consumidor Especial,SUDESTE,14.76,4.485791
,2025-04-11,,JAVEP,,,14.76,4.485791
202504.0,2025-04-12,40594.0,JAVEP,Consumidor Especial,SUDESTE,14.76,2.766593
202504.0,2025-04-12,40594.0,JAVEP,Consumidor Especial,SUDESTE,14.76,2.766593
,2025-04-12,,JAVEP,,,14.76,2.766593
202504.0,2025-04-13,40594.0,JAVEP,Consumidor Especial,SUDESTE,14.76,1.091313
202504.0,2025-04-13,40594.0,JAVEP,Consumidor Especial,SUDESTE,14.76,1.091313
,2025-04-13,,JAVEP,,,14.76,1.091313
202504.0,2025-04-14,40594.0,JAVEP,Consumidor Especial,SUDESTE,14.76,4.590253
202504.0,2025-04-14,40594.0,JAVEP,Consumidor Especial,SUDESTE,14.76,4.590253
,2025-04-14,,JAVEP,,,14.76,4.590253
202504.0,2025-04-15,40594.0,JAVEP,Consumidor Especial,SUDESTE,14.76,4.054703
202504.0,2025-04-15,40594.0,JAVEP,Consumidor Especial,SUDESTE,14.76,4.054703
,2025-04-15,,JAVEP,,,14.76,4.054703
202504.0,2025-04-16,40594.0,JAVEP,Consumidor Especial,SUDESTE,14.76,3.888317
202504.0,2025-04-16,40594.0,JAVEP,Consumidor Especial,SUDESTE,14.76,3.888317
,2025-04-16,,JAVEP,,,14.76,3.888317
202504.0,2025-04-17,40594.0,JAVEP,Consumidor Especial,SUDESTE,14.76,4.34608
202504.0,2025-04-17,40594.0,JAVEP,Consumidor Especial,SUDESTE,14.76,4.34608
,2025-04-17,,JAVEP,,,14.76,4.34608
202504.0,2025-04-18,40594.0,JAVEP,Consumidor Especial,SUDESTE,14.76,0.971551
202504.0,2025-04-18,40594.0,JAVEP,Consumidor Especial,SUDESTE,14.76,0.971551
,2025-04-18,,JAVEP,,,14.76,0.971551
202504.0,2025-04-19,40594.0,JAVEP,Consumidor Especial,SUDESTE,14.76,2.127194
202504.0,2025-04-19,40594.0,JAVEP,Consumidor Especial,SUDESTE,14.76,2.127194
,2025-04-19,,JAVEP,,,14.76,2.127194
202504.0,2025-04-20,40594.0,JAVEP,Consumidor Especial,SUDESTE,14.76,1.112224
202504.0,2025-04-20,40594.0,JAVEP,Consumidor Especial,SUDESTE,14.76,1.112224
,2025-04-20,,JAVEP,,,14.76,1.112224
202504.0,2025-04-21,40594.0,JAVEP,Consumidor Especial,SUDESTE,14.76,1.134797
202504.0,2025-04-21,40594.0,JAVEP,Consumidor Especial,SUDESTE,14.76,1.134797
,2025-04-21,,JAVEP,,,14.76,1.134797
202504.0,2025-04-22,40594.0,JAVEP,Consumidor Especial,SUDESTE,14.76,3.916873
202504.0,2025-04-22,40594.0,JAVEP,Consumidor Especial,SUDESTE,14.76,3.916873
,2025-04-22,,JAVEP,,,14.76,3.916873
202504.0,2025-04-23,40594.0,JAVEP,Consumidor Especial,SUDESTE,14.76,3.985986
202504.0,2025-04-23,40594.0,JAVEP,Consumidor Especial,SUDESTE,14.76,3.985986
,2025-04-23,,JAVEP,,,14.76,3.985986
202504.0,2025-04-24,40594.0,JAVEP,Consumidor Especial,SUDESTE,14.76,4.011915
202504.0,2025-04-24,40594.0,JAVEP,Consumidor Especial,SUDESTE,14.76,4.011915
,2025-04-24,,JAVEP,,,14.76,4.011915
202504.0,2025-04-25,40594.0,JAVEP,Consumidor Especial,SUDESTE,14.76,3.615006
202504.0,2025-04-25,40594.0,JAVEP,Consumidor Especial,SUDESTE,14.76,3.615006
,2025-04-25,,JAVEP,,,14.76,3.615006
202504.0,2025-04-26,40594.0,JAVEP,Consumidor Especial,SUDESTE,14.76,2.197166
202504.0,2025-04-26,40594.0,JAVEP,Consumidor Especial,SUDESTE,14.76,2.197166
,2025-04-26,,JAVEP,,,14.76,2.197166
202504.0,2025-04-27,40594.0,JAVEP,Consumidor Especial,SUDESTE,14.76,1.127498
202504.0,2025-04-27,40594.0,JAVEP,Consumidor Especial,SUDESTE,14.76,1.127498
,2025-04-27,,JAVEP,,,14.76,1.127498
202504.0,2025-04-28,40594.0,JAVEP,Consumidor Especial,SUDESTE,14.76,3.674833
202504.0,2025-04-28,40594.0,JAVEP,Consumidor Especial,SUDESTE,14.76,3.674833
,2025-04-28,,JAVEP,,,14.76,3.674833
202504.0,2025-04-29,40594.0,JAVEP,Consumidor Especial,SUDESTE,14.76,3.66431
202504.0,2025-04-29,40594.0,JAVEP,Consumidor Especial,SUDESTE,14.76,3.66431
,2025-04-29,,JAVEP,,,14.76,3.66431
202504.0,2025-04-30,40594.0,JAVEP,Consumidor Especial,SUDESTE,14.76,3.529247
202504.0,2025-04-30,40594.0,JAVEP,Consumidor Especial,SUDESTE,14.76,3.529247
,2025-04-30,,JAVEP,,,14.76,3.529247
202505.0,2025-05-01,40594.0,JAVEP,Consumidor Especial,SUDESTE,14.76,1.092245
202505.0,2025-05-01,40594.0,JAVEP,Consumidor Especial,SUDESTE,14.76,1.092245
,2025-05-01,,JAVEP,,,14.76,1.092245
202505.0,2025-05-02,40594.0,JAVEP,Consumidor Especial,SUDESTE,14.76,4.150833
202505.0,2025-05-02,40594.0,JAVEP,Consumidor Especial,SUDESTE,14.76,4.150833
,2025-05-02,,JAVEP,,,14.76,4.150833
202505.0,2025-05-03,40594.0,JAVEP,Consumidor Especial,SUDESTE,14.76,2.015491
202505.0,2025-05-03,40594.0,JAVEP,Consumidor Especial,SUDESTE,14.76,2.015491
,2025-05-03,,JAVEP,,,14.76,2.015491
202505.0,2025-05-04,40594.0,JAVEP,Consumidor Especial,SUDESTE,14.76,0.929638
202505.0,2025-05-04,40594.0,JAVEP,Consumidor Especial,SUDESTE,14.76,0.929638
,2025-05-04,,JAVEP,,,14.76,0.929638
202505.0,2025-05-05,40594.0,JAVEP,Consumidor Especial,SUDESTE,14.76,3.742016
202505.0,2025-05-05,40594.0,JAVEP,Consumidor Especial,SUDESTE,14.76,3.742016
,2025-05-05,,JAVEP,,,14.76,3.742016
202505.0,2025-05-06,40594.0,JAVEP,Consumidor Especial,SUDESTE,14.76,3.685008
202505.0,2025-05-06,40594.0,JAVEP,Consumidor Especial,SUDESTE,14.76,3.685008
,2025-05-06,,JAVEP,,,14.76,3.685008
202505.0,2025-05-07,40594.0,JAVEP,Consumidor Especial,SUDESTE,14.76,3.760913
202505.0,2025-05-07,40594.0,JAVEP,Consumidor Especial,SUDESTE,14.76,3.760913
,2025-05-07,,JAVEP,,,14.76,3.760913
202505.0,2025-05-08,40594.0,JAVEP,Consumidor Especial,SUDESTE,14.76,4.18682
202505.0,2025-05-08,40594.0,JAVEP,Consumidor Especial,SUDESTE,14.76,4.18682
,2025-05-08,,JAVEP,,,14.76,4.18682
202505.0,2025-05-09,40594.0,JAVEP,Consumidor Especial,SUDESTE,14.76,4.341688
202505.0,2025-05-09,40594.0,JAVEP,Consumidor Especial,SUDESTE,14.76,4.341688
,2025-05-09,,JAVEP,,,14.76,4.341688
202505.0,2025-05-10,40594.0,JAVEP,Consumidor Especial,SUDESTE,14.76,2.111574
202505.0,2025-05-10,40594.0,JAVEP,Consumidor Especial,SUDESTE,14.76,2.111574
,2025-05-10,,JAVEP,,,14.76,2.111574
202505.0,2025-05-11,40594.0,JAVEP,Consumidor Especial,SUDESTE,14.76,1.116641
202505.0,2025-05-11,40594.0,JAVEP,Consumidor Especial,SUDESTE,14.76,1.116641
,2025-05-11,,JAVEP,,,14.76,1.116641
202505.0,2025-05-12,40594.0,JAVEP,Consumidor Especial,SUDESTE,14.76,3.631119
202505.0,2025-05-12,40594.0,JAVEP,Consumidor Especial,SUDESTE,14.76,3.631119
,2025-05-12,,JAVEP,,,14.76,3.631119
202505.0,2025-05-13,40594.0,JAVEP,Consumidor Especial,SUDESTE,14.76,3.392935
202505.0,2025-05-13,40594.0,JAVEP,Consumidor Especial,SUDESTE,14.76,3.392935
,2025-05-13,,JAVEP,,,14.76,3.392935
202505.0,2025-05-14,40594.0,JAVEP,Consumidor Especial,SUDESTE,14.76,3.64735
202505.0,2025-05-14,40594.0,JAVEP,Consumidor Especial,SUDESTE,14.76,3.64735
,2025-05-14,,JAVEP,,,14.76,3.64735
202505.0,2025-05-15,40594.0,JAVEP,Consumidor Especial,SUDESTE,14.76,3.494401
202505.0,2025-05-15,40594.0,JAVEP,Consumidor Especial,SUDESTE,14.76,3.494401
,2025-05-15,,JAVEP,,,14.76,3.494401
202505.0,2025-05-16,40594.0,JAVEP,Consumidor Especial,SUDESTE,14.76,3.230531
202505.0,2025-05-16,40594.0,JAVEP,Consumidor Especial,SUDESTE,14.76,3.230531
,2025-05-16,,JAVEP,,,14.76,3.230531
202505.0,2025-05-17,40594.0,JAVEP,Consumidor Especial,SUDESTE,14.76,1.950549
202505.0,2025-05-17,40594.0,JAVEP,Consumidor Especial,SUDESTE,14.76,1.950549
,2025-05-17,,JAVEP,,,14.76,1.950549
202505.0,2025-05-18,40594.0,JAVEP,Consumidor Especial,SUDESTE,14.76,0.952749
202505.0,2025-05-18,40594.0,JAVEP,Consumidor Especial,SUDESTE,14.76,0.952749
,2025-05-18,,JAVEP,,,14.76,0.952749
202505.0,2025-05-19,40594.0,JAVEP,Consumidor Especial,SUDESTE,14.76,3.793168
202505.0,2025-05-19,40594.0,JAVEP,Consumidor Especial,SUDESTE,14.76,3.793168
,2025-05-19,,JAVEP,,,14.76,3.793168
202505.0,2025-05-20,40594.0,JAVEP,Consumidor Especial,SUDESTE,14.76,3.584883
202505.0,2025-05-20,40594.0,JAVEP,Consumidor Especial,SUDESTE,14.76,3.584883
,2025-05-20,,JAVEP,,,14.76,3.584883
202505.0,2025-05-21,40594.0,JAVEP,Consumidor Especial,SUDESTE,14.76,3.70727
202505.0,2025-05-21,40594.0,JAVEP,Consumidor Especial,SUDESTE,14.76,3.70727
,2025-05-21,,JAVEP,,,14.76,3.70727
202505.0,2025-05-22,40594.0,JAVEP,Consumidor Especial,SUDESTE,14.76,3.79832
202505.0,2025-05-22,40594.0,JAVEP,Consumidor Especial,SUDESTE,14.76,3.79832
,2025-05-22,,JAVEP,,,14.76,3.79832
202505.0,2025-05-23,40594.0,JAVEP,Consumidor Especial,SUDESTE,14.76,3.168086
202505.0,2025-05-23,40594.0,JAVEP,Consumidor Especial,SUDESTE,14.76,3.168086
,2025-05-23,,JAVEP,,,14.76,3.168086
202505.0,2025-05-24,40594.0,JAVEP,Consumidor Especial,SUDESTE,14.76,1.618771
202505.0,2025-05-24,40594.0,JAVEP,Consumidor Especial,SUDESTE,14.76,1.618771
,2025-05-24,,JAVEP,,,14.76,1.618771
202505.0,2025-05-25,40594.0,JAVEP,Consumidor Especial,SUDESTE,14.76,0.861798
202505.0,2025-05-25,40594.0,JAVEP,Consumidor Especial,SUDESTE,14.76,0.861798
,2025-05-25,,JAVEP,,,14.76,0.861798
202505.0,2025-05-26,40594.0,JAVEP,Consumidor Especial,SUDESTE,14.76,3.596746
202505.0,2025-05-26,40594.0,JAVEP,Consumidor Especial,SUDESTE,14.76,3.596746
,2025-05-26,,JAVEP,,,14.76,3.596746
202505.0,2025-05-27,40594.0,JAVEP,Consumidor Especial,SUDESTE,14.76,3.440084
202505.0,2025-05-27,40594.0,JAVEP,Consumidor Especial,SUDESTE,14.76,3.440084
,2025-05-27,,JAVEP,,,14.76,3.440084
202505.0,2025-05-28,40594.0,JAVEP,Consumidor Especial,SUDESTE,14.76,3.129554
202505.0,2025-05-28,40594.0,JAVEP,Consumidor Especial,SUDESTE,14.76,3.129554
,2025-05-28,,JAVEP,,,14.76,3.129554
202505.0,2025-05-29,40594.0,JAVEP,Consumidor Especial,SUDESTE,14.76,2.5612
202505.0,2025-05-29,40594.0,JAVEP,Consumidor Especial,SUDESTE,14.76,2.5612
,2025-05-29,,JAVEP,,,14.76,2.5612
202505.0,2025-05-30,40594.0,JAVEP,Consumidor Especial,SUDESTE,14.76,2.556487
202505.0,2025-05-30,40594.0,JAVEP,Consumidor Especial,SUDESTE,14.76,2.556487
,2025-05-30,,JAVEP,,,14.76,2.556487
202505.0,2025-05-31,40594.0,JAVEP,Consumidor Especial,SUDESTE,14.76,1.503577
202505.0,2025-05-31,40594.0,JAVEP,Consumidor Especial,SUDESTE,14.76,1.503577
,2025-05-31,,JAVEP,,,14.76,1.503577
202506.0,2025-06-01,40594.0,JAVEP,Consumidor Especial,SUDESTE,14.76,1.013571
202506.0,2025-06-01,40594.0,JAVEP,Consumidor Especial,SUDESTE,14.76,1.013571
,2025-06-01,,JAVEP,,,14.76,1.013571
202506.0,2025-06-02,40594.0,JAVEP,Consumidor Especial,SUDESTE,14.76,3.088428
202506.0,2025-06-02,40594.0,JAVEP,Consumidor Especial,SUDESTE,14.76,3.088428
,2025-06-02,,JAVEP,,,14.76,3.088428
202506.0,2025-06-03,40594.0,JAVEP,Consumidor Especial,SUDESTE,14.76,3.032029
202506.0,2025-06-03,40594.0,JAVEP,Consumidor Especial,SUDESTE,14.76,3.032029
,2025-06-03,,JAVEP,,,14.76,3.032029
202506.0,2025-06-04,40594.0,JAVEP,Consumidor Especial,SUDESTE,14.76,3.278686
202506.0,2025-06-04,40594.0,JAVEP,Consumidor Especial,SUDESTE,14.76,3.278686
,2025-06-04,,JAVEP,,,14.76,3.278686
202506.0,2025-06-05,40594.0,JAVEP,Consumidor Especial,SUDESTE,14.76,3.159954
202506.0,2025-06-05,40594.0,JAVEP,Consumidor Especial,SUDESTE,14.76,3.159954
,2025-06-05,,JAVEP,,,14.76,3.159954
202506.0,2025-06-06,40594.0,JAVEP,Consumidor Especial,SUDESTE,14.76,3.087405
202506.0,2025-06-06,40594.0,JAVEP,Consumidor Especial,SUDESTE,14.76,3.087405
,2025-06-06,,JAVEP,,,14.76,3.087405
202506.0,2025-06-07,40594.0,JAVEP,Consumidor Especial,SUDESTE,14.76,1.815048
202506.0,2025-06-07,40594.0,JAVEP,Consumidor Especial,SUDESTE,14.76,1.815048
,2025-06-07,,JAVEP,,,14.76,1.815048
202506.0,2025-06-08,40594.0,JAVEP,Consumidor Especial,SUDESTE,14.76,1.098378
202506.0,2025-06-08,40594.0,JAVEP,Consumidor Especial,SUDESTE,14.76,1.098378
,2025-06-08,,JAVEP,,,14.76,1.098378
202506.0,2025-06-09,40594.0,JAVEP,Consumidor Especial,SUDESTE,14.76,2.845757
202506.0,2025-06-09,40594.0,JAVEP,Consumidor Especial,SUDESTE,14.76,2.845757
,2025-06-09,,JAVEP,,,14.76,2.845757
202506.0,2025-06-10,40594.0,JAVEP,Consumidor Especial,SUDESTE,14.76,2.744218
202506.0,2025-06-10,40594.0,JAVEP,Consumidor Especial,SUDESTE,14.76,2.744218
,2025-06-10,,JAVEP,,,14.76,2.744218
202506.0,2025-06-11,40594.0,JAVEP,Consumidor Especial,SUDESTE,14.76,2.675228
202506.0,2025-06-11,40594.0,JAVEP,Consumidor Especial,SUDESTE,14.76,2.675228
,2025-06-11,,JAVEP,,,14.76,2.675228
202506.0,2025-06-12,40594.0,JAVEP,Consumidor Especial,SUDESTE,14.76,2.637736
202506.0,2025-06-12,40594.0,JAVEP,Consumidor Especial,SUDESTE,14.76,2.637736
,2025-06-12,,JAVEP,,,14.76,2.637736
202506.0,2025-06-13,40594.0,JAVEP,Consumidor Especial,SUDESTE,14.76,2.529757
202506.0,2025-06-13,40594.0,JAVEP,Consumidor Especial,SUDESTE,14.76,2.529757
,2025-06-13,,JAVEP,,,14.76,2.529757
202506.0,2025-06-14,40594.0,JAVEP,Consumidor Especial,SUDESTE,14.76,1.483251
202506.0,2025-06-14,40594.0,JAVEP,Consumidor Especial,SUDESTE,14.76,1.483251
,2025-06-14,,JAVEP,,,14.76,1.483251
202506.0,2025-06-15,40594.0,JAVEP,Consumidor Especial,SUDESTE,14.76,1.021175
202506.0,2025-06-15,40594.0,JAVEP,Consumidor Especial,SUDESTE,14.76,1.021175
,2025-06-15,,JAVEP,,,14.76,1.021175
202506.0,2025-06-16,40594.0,JAVEP,Consumidor Especial,SUDESTE,14.76,2.829348
202506.0,2025-06-16,40594.0,JAVEP,Consumidor Especial,SUDESTE,14.76,2.829348
,2025-06-16,,JAVEP,,,14.76,2.829348
202506.0,2025-06-17,40594.0,JAVEP,Consumidor Especial,SUDESTE,14.76,2.891177
202506.0,2025-06-17,40594.0,JAVEP,Consumidor Especial,SUDESTE,14.76,2.891177
,2025-06-17,,JAVEP,,,14.76,2.891177
202506.0,2025-06-18,40594.0,JAVEP,Consumidor Especial,SUDESTE,14.76,2.791516
202506.0,2025-06-18,40594.0,JAVEP,Consumidor Especial,SUDESTE,14.76,2.791516
,2025-06-18,,JAVEP,,,14.76,2.791516
202506.0,2025-06-19,40594.0,JAVEP,Consumidor Especial,SUDESTE,14.76,1.307569
202506.0,2025-06-19,40594.0,JAVEP,Consumidor Especial,SUDESTE,14.76,1.307569
,2025-06-19,,JAVEP,,,14.76,1.307569
202506.0,2025-06-20,40594.0,JAVEP,Consumidor Especial,SUDESTE,14.76,2.727367
202506.0,2025-06-20,40594.0,JAVEP,Consumidor Especial,SUDESTE,14.76,2.727367
,2025-06-20,,JAVEP,,,14.76,2.727367
202506.0,2025-06-21,40594.0,JAVEP,Consumidor Especial,SUDESTE,14.76,1.610177
202506.0,2025-06-21,40594.0,JAVEP,Consumidor Especial,SUDESTE,14.76,1.610177
,2025-06-21,,JAVEP,,,14.76,1.610177
202506.0,2025-06-22,40594.0,JAVEP,Consumidor Especial,SUDESTE,14.76,1.08316
202506.0,2025-06-22,40594.0,JAVEP,Consumidor Especial,SUDESTE,14.76,1.08316
,2025-06-22,,JAVEP,,,14.76,1.08316
202506.0,2025-06-23,40594.0,JAVEP,Consumidor Especial,SUDESTE,14.76,2.923617
202506.0,2025-06-23,40594.0,JAVEP,Consumidor Especial,SUDESTE,14.76,2.923617
,2025-06-23,,JAVEP,,,14.76,2.923617
202506.0,2025-06-24,40594.0,JAVEP,Consumidor Especial,SUDESTE,14.76,2.685787
202506.0,2025-06-24,40594.0,JAVEP,Consumidor Especial,SUDESTE,14.76,2.685787
,2025-06-24,,JAVEP,,,14.76,2.685787
202506.0,2025-06-25,40594.0,JAVEP,Consumidor Especial,SUDESTE,14.76,2.555378
202506.0,2025-06-25,40594.0,JAVEP,Consumidor Especial,SUDESTE,14.76,2.555378
,2025-06-25,,JAVEP,,,14.76,2.555378
202506.0,2025-06-26,40594.0,JAVEP,Consumidor Especial,SUDESTE,14.76,2.920969
202506.0,2025-06-26,40594.0,JAVEP,Consumidor Especial,SUDESTE,14.76,2.920969
,2025-06-26,,JAVEP,,,14.76,2.920969
202506.0,2025-06-27,40594.0,JAVEP,Consumidor Especial,SUDESTE,14.76,2.920712
202506.0,2025-06-27,40594.0,JAVEP,Consumidor Especial,SUDESTE,14.76,2.920712
,2025-06-27,,JAVEP,,,14.76,2.920712
202506.0,2025-06-28,40594.0,JAVEP,Consumidor Especial,SUDESTE,14.76,1.887832
202506.0,2025-06-28,40594.0,JAVEP,Consumidor Especial,SUDESTE,14.76,1.887832
,2025-06-28,,JAVEP,,,14.76,1.887832
202506.0,2025-06-29,40594.0,JAVEP,Consumidor Especial,SUDESTE,14.76,1.032957
202506.0,2025-06-29,40594.0,JAVEP,Consumidor Especial,SUDESTE,14.76,1.032957
,2025-06-29,,JAVEP,,,14.76,1.032957
202506.0,2025-06-30,40594.0,JAVEP,Consumidor Especial,SUDESTE,14.76,3.279159
202506.0,2025-06-30,40594.0,JAVEP,Consumidor Especial,SUDESTE,14.76,3.279159
,2025-06-30,,JAVEP,,,14.76,3.279159
202507.0,2025-07-01,40594.0,JAVEP,Consumidor Especial,SUDESTE,14.76,2.979978
202507.0,2025-07-01,40594.0,JAVEP,Consumidor Especial,SUDESTE,14.76,2.979978
,2025-07-01,,JAVEP,,,14.76,2.979978
202507.0,2025-07-02,40594.0,JAVEP,Consumidor Especial,SUDESTE,14.76,2.772598
202507.0,2025-07-02,40594.0,JAVEP,Consumidor Especial,SUDESTE,14.76,2.772598
,2025-07-02,,JAVEP,,,14.76,2.772598
202507.0,2025-07-03,40594.0,JAVEP,Consumidor Especial,SUDESTE,14.76,2.581495
202507.0,2025-07-03,40594.0,JAVEP,Consumidor Especial,SUDESTE,14.76,2.581495
,2025-07-03,,JAVEP,,,14.76,2.581495
202507.0,2025-07-04,40594.0,JAVEP,Consumidor Especial,SUDESTE,14.76,2.625012
202507.0,2025-07-04,40594.0,JAVEP,Consumidor Especial,SUDESTE,14.76,2.625012
,2025-07-04,,JAVEP,,,14.76,2.625012
202507.0,2025-07-05,40594.0,JAVEP,Consumidor Especial,SUDESTE,14.76,1.457199
202507.0,2025-07-05,40594.0,JAVEP,Consumidor Especial,SUDESTE,14.76,1.457199
,2025-07-05,,JAVEP,,,14.76,1.457199
202507.0,2025-07-06,40594.0,JAVEP,Consumidor Especial,SUDESTE,14.76,1.100846
202507.0,2025-07-06,40594.0,JAVEP,Consumidor Especial,SUDESTE,14.76,1.100846
,2025-07-06,,JAVEP,,,14.76,1.100846
202507.0,2025-07-07,40594.0,JAVEP,Consumidor Especial,SUDESTE,14.76,2.764382
202507.0,2025-07-07,40594.0,JAVEP,Consumidor Especial,SUDESTE,14.76,2.764382
,2025-07-07,,JAVEP,,,14.76,2.764382
202507.0,2025-07-08,40594.0,JAVEP,Consumidor Especial,SUDESTE,14.76,2.769483
202507.0,2025-07-08,40594.0,JAVEP,Consumidor Especial,SUDESTE,14.76,2.769483
,2025-07-08,,JAVEP,,,14.76,2.769483
202507.0,2025-07-09,40594.0,JAVEP,Consumidor Especial,SUDESTE,14.76,1.007868
202507.0,2025-07-09,40594.0,JAVEP,Consumidor Especial,SUDESTE,14.76,1.007868
,2025-07-09,,JAVEP,,,14.76,1.007868
202507.0,2025-07-10,40594.0,JAVEP,Consumidor Especial,SUDESTE,14.76,2.669844
202507.0,2025-07-10,40594.0,JAVEP,Consumidor Especial,SUDESTE,14.76,2.669844
,2025-07-10,,JAVEP,,,14.76,2.669844
202507.0,2025-07-11,40594.0,JAVEP,Consumidor Especial,SUDESTE,14.76,2.792814
202507.0,2025-07-11,40594.0,JAVEP,Consumidor Especial,SUDESTE,14.76,2.792814
,2025-07-11,,JAVEP,,,14.76,2.792814
202507.0,2025-07-12,40594.0,JAVEP,Consumidor Especial,SUDESTE,14.76,1.58824
202507.0,2025-07-12,40594.0,JAVEP,Consumidor Especial,SUDESTE,14.76,1.58824
,2025-07-12,,JAVEP,,,14.76,1.58824
202507.0,2025-07-13,40594.0,JAVEP,Consumidor Especial,SUDESTE,14.76,1.040169
202507.0,2025-07-13,40594.0,JAVEP,Consumidor Especial,SUDESTE,14.76,1.040169
,2025-07-13,,JAVEP,,,14.76,1.040169
202507.0,2025-07-14,40594.0,JAVEP,Consumidor Especial,SUDESTE,14.76,2.816957
202507.0,2025-07-14,40594.0,JAVEP,Consumidor Especial,SUDESTE,14.76,2.816957
,2025-07-14,,JAVEP,,,14.76,2.816957
202507.0,2025-07-15,40594.0,JAVEP,Consumidor Especial,SUDESTE,14.76,2.94056
202507.0,2025-07-15,40594.0,JAVEP,Consumidor Especial,SUDESTE,14.76,2.94056
,2025-07-15,,JAVEP,,,14.76,2.94056
202507.0,2025-07-16,40594.0,JAVEP,Consumidor Especial,SUDESTE,14.76,2.915654
202507.0,2025-07-16,40594.0,JAVEP,Consumidor Especial,SUDESTE,14.76,2.915654
,2025-07-16,,JAVEP,,,14.76,2.915654
202507.0,2025-07-17,40594.0,JAVEP,Consumidor Especial,SUDESTE,14.76,3.010366
202507.0,2025-07-17,40594.0,JAVEP,Consumidor Especial,SUDESTE,14.76,3.010366
,2025-07-17,,JAVEP,,,14.76,3.010366
202507.0,2025-07-18,40594.0,JAVEP,Consumidor Especial,SUDESTE,14.76,2.833148
202507.0,2025-07-18,40594.0,JAVEP,Consumidor Especial,SUDESTE,14.76,2.833148
,2025-07-18,,JAVEP,,,14.76,2.833148
202507.0,2025-07-19,40594.0,JAVEP,Consumidor Especial,SUDESTE,14.76,1.521308
202507.0,2025-07-19,40594.0,JAVEP,Consumidor Especial,SUDESTE,14.76,1.521308
,2025-07-19,,JAVEP,,,14.76,1.521308
202507.0,2025-07-20,40594.0,JAVEP,Consumidor Especial,SUDESTE,14.76,1.022411
202507.0,2025-07-20,40594.0,JAVEP,Consumidor Especial,SUDESTE,14.76,1.022411
,2025-07-20,,JAVEP,,,14.76,1.022411
202507.0,2025-07-21,40594.0,JAVEP,Consumidor Especial,SUDESTE,14.76,2.932839
202507.0,2025-07-21,40594.0,JAVEP,Consumidor Especial,SUDESTE,14.76,2.932839
,2025-07-21,,JAVEP,,,14.76,2.932839
202507.0,2025-07-22,40594.0,JAVEP,Consumidor Especial,SUDESTE,14.76,3.004804
202507.0,2025-07-22,40594.0,JAVEP,Consumidor Especial,SUDESTE,14.76,3.004804
,2025-07-22,,JAVEP,,,14.76,3.004804
202507.0,2025-07-23,40594.0,JAVEP,Consumidor Especial,SUDESTE,14.76,3.08495
202507.0,2025-07-23,40594.0,JAVEP,Consumidor Especial,SUDESTE,14.76,3.08495
,2025-07-23,,JAVEP,,,14.76,3.08495
202507.0,2025-07-24,40594.0,JAVEP,Consumidor Especial,SUDESTE,14.76,2.834241
202507.0,2025-07-24,40594.0,JAVEP,Consumidor Especial,SUDESTE,14.76,2.834241
,2025-07-24,,JAVEP,,,14.76,2.834241
202507.0,2025-07-25,40594.0,JAVEP,Consumidor Especial,SUDESTE,14.76,2.860432
202507.0,2025-07-25,40594.0,JAVEP,Consumidor Especial,SUDESTE,14.76,2.860432
,2025-07-25,,JAVEP,,,14.76,2.860432
202507.0,2025-07-26,40594.0,JAVEP,Consumidor Especial,SUDESTE,14.76,1.799146
202507.0,2025-07-26,40594.0,JAVEP,Consumidor Especial,SUDESTE,14.76,1.799146
,2025-07-26,,JAVEP,,,14.76,1.799146
202507.0,2025-07-27,40594.0,JAVEP,Consumidor Especial,SUDESTE,14.76,0.969142
202507.0,2025-07-27,40594.0,JAVEP,Consumidor Especial,SUDESTE,14.76,0.969142
,2025-07-27,,JAVEP,,,14.76,0.969142
202507.0,2025-07-28,40594.0,JAVEP,Consumidor Especial,SUDESTE,14.76,2.885862
202507.0,2025-07-28,40594.0,JAVEP,Consumidor Especial,SUDESTE,14.76,2.885862
,2025-07-28,,JAVEP,,,14.76,2.885862
202507.0,2025-07-29,40594.0,JAVEP,Consumidor Especial,SUDESTE,14.76,2.717675
202507.0,2025-07-29,40594.0,JAVEP,Consumidor Especial,SUDESTE,14.76,2.717675
,2025-07-29,,JAVEP,,,14.76,2.717675
202507.0,2025-07-30,40594.0,JAVEP,Consumidor Especial,SUDESTE,14.76,2.524246
202507.0,2025-07-30,40594.0,JAVEP,Consumidor Especial,SUDESTE,14.76,2.524246
,2025-07-30,,JAVEP,,,14.76,2.524246
202507.0,2025-07-31,40594.0,JAVEP,Consumidor Especial,SUDESTE,14.76,2.783724
202507.0,2025-07-31,40594.0,JAVEP,Consumidor Especial,SUDESTE,14.76,2.783724
,2025-07-31,,JAVEP,,,14.76,2.783724
202508.0,2025-08-01,40594.0,JAVEP,Consumidor Especial,SUDESTE,14.76,2.66748
202508.0,2025-08-01,40594.0,JAVEP,Consumidor Especial,SUDESTE,14.76,2.66748
,2025-08-01,,JAVEP,,,14.76,2.66748
202508.0,2025-08-02,40594.0,JAVEP,Consumidor Especial,SUDESTE,14.76,1.437164
202508.0,2025-08-02,40594.0,JAVEP,Consumidor Especial,SUDESTE,14.76,1.437164
,2025-08-02,,JAVEP,,,14.76,1.437164
202508.0,2025-08-03,40594.0,JAVEP,Consumidor Especial,SUDESTE,14.76,0.896569
202508.0,2025-08-03,40594.0,JAVEP,Consumidor Especial,SUDESTE,14.76,0.896569
,2025-08-03,,JAVEP,,,14.76,0.896569
202508.0,2025-08-04,40594.0,JAVEP,Consumidor Especial,SUDESTE,14.76,2.779477
202508.0,2025-08-04,40594.0,JAVEP,Consumidor Especial,SUDESTE,14.76,2.779477
,2025-08-04,,JAVEP,,,14.76,2.779477
202508.0,2025-08-05,40594.0,JAVEP,Consumidor Especial,SUDESTE,14.76,2.788106
202508.0,2025-08-05,40594.0,JAVEP,Consumidor Especial,SUDESTE,14.76,2.788106
,2025-08-05,,JAVEP,,,14.76,2.788106
202508.0,2025-08-06,40594.0,JAVEP,Consumidor Especial,SUDESTE,14.76,2.796061
202508.0,2025-08-06,40594.0,JAVEP,Consumidor Especial,SUDESTE,14.76,2.796061
,2025-08-06,,JAVEP,,,14.76,2.796061
202508.0,2025-08-07,40594.0,JAVEP,Consumidor Especial,SUDESTE,14.76,2.759649
202508.0,2025-08-07,40594.0,JAVEP,Consumidor Especial,SUDESTE,14.76,2.759649
,2025-08-07,,JAVEP,,,14.76,2.759649
202508.0,2025-08-08,40594.0,JAVEP,Consumidor Especial,SUDESTE,14.76,2.708121
202508.0,2025-08-08,40594.0,JAVEP,Consumidor Especial,SUDESTE,14.76,2.708121
,2025-08-08,,JAVEP,,,14.76,2.708121
202508.0,2025-08-09,40594.0,JAVEP,Consumidor Especial,SUDESTE,14.76,1.548255
202508.0,2025-08-09,40594.0,JAVEP,Consumidor Especial,SUDESTE,14.76,1.548255
,2025-08-09,,JAVEP,,,14.76,1.548255
202508.0,2025-08-10,40594.0,JAVEP,Consumidor Especial,SUDESTE,14.76,1.032185
202508.0,2025-08-10,40594.0,JAVEP,Consumidor Especial,SUDESTE,14.76,1.032185
,2025-08-10,,JAVEP,,,14.76,1.032185
202508.0,2025-08-11,40594.0,JAVEP,Consumidor Especial,SUDESTE,14.76,2.882944
202508.0,2025-08-11,40594.0,JAVEP,Consumidor Especial,SUDESTE,14.76,2.882944
,2025-08-11,,JAVEP,,,14.76,2.882944
202508.0,2025-08-12,40594.0,JAVEP,Consumidor Especial,SUDESTE,14.76,2.842852
202508.0,2025-08-12,40594.0,JAVEP,Consumidor Especial,SUDESTE,14.76,2.842852
,2025-08-12,,JAVEP,,,14.76,2.842852
202508.0,2025-08-13,40594.0,JAVEP,Consumidor Especial,SUDESTE,14.76,2.824202
202508.0,2025-08-13,40594.0,JAVEP,Consumidor Especial,SUDESTE,14.76,2.824202
,2025-08-13,,JAVEP,,,14.76,2.824202
202508.0,2025-08-14,40594.0,JAVEP,Consumidor Especial,SUDESTE,14.76,2.849544
202508.0,2025-08-14,40594.0,JAVEP,Consumidor Especial,SUDESTE,14.76,2.849544
,2025-08-14,,JAVEP,,,14.76,2.849544
202508.0,2025-08-15,40594.0,JAVEP,Consumidor Especial,SUDESTE,14.76,1.704998
202508.0,2025-08-15,40594.0,JAVEP,Consumidor Especial,SUDESTE,14.76,1.704998
,2025-08-15,,JAVEP,,,14.76,1.704998
202508.0,2025-08-16,40594.0,JAVEP,Consumidor Especial,SUDESTE,14.76,1.550108
202508.0,2025-08-16,40594.0,JAVEP,Consumidor Especial,SUDESTE,14.76,1.550108
,2025-08-16,,JAVEP,,,14.76,1.550108
202508.0,2025-08-17,40594.0,JAVEP,Consumidor Especial,SUDESTE,14.76,1.07564
202508.0,2025-08-17,40594.0,JAVEP,Consumidor Especial,SUDESTE,14.76,1.07564
,2025-08-17,,JAVEP,,,14.76,1.07564
202508.0,2025-08-18,40594.0,JAVEP,Consumidor Especial,SUDESTE,14.76,3.655938
202508.0,2025-08-18,40594.0,JAVEP,Consumidor Especial,SUDESTE,14.76,3.655938
,2025-08-18,,JAVEP,,,14.76,3.655938
202508.0,2025-08-19,40594.0,JAVEP,Consumidor Especial,SUDESTE,14.76,3.456505
202508.0,2025-08-19,40594.0,JAVEP,Consumidor Especial,SUDESTE,14.76,3.456505
,2025-08-19,,JAVEP,,,14.76,3.456505
202508.0,2025-08-20,40594.0,JAVEP,Consumidor Especial,SUDESTE,14.76,3.496476
202508.0,2025-08-20,40594.0,JAVEP,Consumidor Especial,SUDESTE,14.76,3.496476
,2025-08-20,,JAVEP,,,14.76,3.496476
202508.0,2025-08-21,40594.0,JAVEP,Consumidor Especial,SUDESTE,14.76,3.833446
202508.0,2025-08-21,40594.0,JAVEP,Consumidor Especial,SUDESTE,14.76,3.833446
,2025-08-21,,JAVEP,,,14.76,3.833446
202508.0,2025-08-22,40594.0,JAVEP,Consumidor Especial,SUDESTE,14.76,4.002273
202508.0,2025-08-22,40594.0,JAVEP,Consumidor Especial,SUDESTE,14.76,4.002273
,2025-08-22,,JAVEP,,,14.76,4.002273
202508.0,2025-08-23,40594.0,JAVEP,Consumidor Especial,SUDESTE,14.76,2.418609
202508.0,2025-08-23,40594.0,JAVEP,Consumidor Especial,SUDESTE,14.76,2.418609
,2025-08-23,,JAVEP,,,14.76,2.418609
202508.0,2025-08-24,40594.0,JAVEP,Consumidor Especial,SUDESTE,14.76,1.213649
202508.0,2025-08-24,40594.0,JAVEP,Consumidor Especial,SUDESTE,14.76,1.213649
,2025-08-24,,JAVEP,,,14.76,1.213649
202508.0,2025-08-25,40594.0,JAVEP,Consumidor Especial,SUDESTE,14.76,4.176009
202508.0,2025-08-25,40594.0,JAVEP,Consumidor Especial,SUDESTE,14.76,4.176009
,2025-08-25,,JAVEP,,,14.76,4.176009
202508.0,2025-08-26,40594.0,JAVEP,Consumidor Especial,SUDESTE,14.76,3.866313
202508.0,2025-08-26,40594.0,JAVEP,Consumidor Especial,SUDESTE,14.76,3.866313
,2025-08-26,,JAVEP,,,14.76,3.866313
202508.0,2025-08-27,40594.0,JAVEP,Consumidor Especial,SUDESTE,14.76,3.521973
202508.0,2025-08-27,40594.0,JAVEP,Consumidor Especial,SUDESTE,14.76,3.521973
,2025-08-27,,JAVEP,,,14.76,3.521973
202508.0,2025-08-28,40594.0,JAVEP,Consumidor Especial,SUDESTE,14.76,3.84478
202508.0,2025-08-28,40594.0,JAVEP,Consumidor Especial,SUDESTE,14.76,3.84478
,2025-08-28,,JAVEP,,,14.76,3.84478
202508.0,2025-08-29,40594.0,JAVEP,Consumidor Especial,SUDESTE,14.76,3.324967
202508.0,2025-08-29,40594.0,JAVEP,Consumidor Especial,SUDESTE,14.76,3.324967
,2025-08-29,,JAVEP,,,14.76,3.324967
202508.0,2025-08-30,40594.0,JAVEP,Consumidor Especial,SUDESTE,14.76,1.988859
202508.0,2025-08-30,40594.0,JAVEP,Consumidor Especial,SUDESTE,14.76,1.988859
,2025-08-30,,JAVEP,,,14.76,1.988859
202508.0,2025-08-31,40594.0,JAVEP,Consumidor Especial,SUDESTE,14.76,1.087023
202508.0,2025-08-31,40594.0,JAVEP,Consumidor Especial,SUDESTE,14.76,1.087023
,2025-08-31,,JAVEP,,,14.76,1.087023
