MES_REFERENCIA,DATA,CODIGO_PERFIL_AGENTE,SIGLA_PERFIL_AGENTE,CLASSE_PERFIL_AGENTE,SUBMERCADO,CAPACIDADE_CARGA,CONSUMO_CARGA_ACL
,2023-01-01,48862.0,MADEIREIRACOSTAEPALUCL514,Consumidor Livre,SUL,12.0,0.078973
,2023-01-02,48862.0,MADEIREIRACOSTAEPALUCL514,Consumidor Livre,SUL,12.0,0.098363
,2023-01-03,48862.0,MADEIREIRACOSTAEPALUCL514,Consumidor Livre,SUL,12.0,3.198989
,2023-01-04,48862.0,MADEIREIRACOSTAEPALUCL514,Consumidor Livre,SUL,12.0,4.049832
,2023-01-05,48862.0,MADEIREIRACOSTAEPALUCL514,Consumidor Livre,SUL,12.0,4.210182
,2023-01-06,48862.0,MADEIREIRACOSTAEPALUCL514,Consumidor Livre,SUL,12.0,3.929054
,2023-01-07,48862.0,MADEIREIRACOSTAEPALUCL514,Consumidor Livre,SUL,12.0,3.000124
,2023-01-08,48862.0,MADEIREIRACOSTAEPALUCL514,Consumidor Livre,SUL,12.0,2.833506
,2023-01-09,48862.0,MADEIREIRACOSTAEPALUCL514,Consumidor Livre,SUL,12.0,4.657489
,2023-01-10,48862.0,MADEIREIRACOSTAEPALUCL514,Consumidor Livre,SUL,12.0,4.798671
,2023-01-11,48862.0,MADEIREIRACOSTAEPALUCL514,Consumidor Livre,SUL,12.0,4.301445
,2023-01-12,48862.0,MADEIREIRACOSTAEPALUCL514,Consumidor Livre,SUL,12.0,4.950121
,2023-01-13,48862.0,MADEIREIRACOSTAEPALUCL514,Consumidor Livre,SUL,12.0,4.672423
,2023-01-14,48862.0,MADEIREIRACOSTAEPALUCL514,Consumidor Livre,SUL,12.0,2.812243
,2023-01-15,48862.0,MADEIREIRACOSTAEPALUCL514,Consumidor Livre,SUL,12.0,2.499004
,2023-01-16,48862.0,MADEIREIRACOSTAEPALUCL514,Consumidor Livre,SUL,12.0,3.88418
,2023-01-17,48862.0,MADEIREIRACOSTAEPALUCL514,Consumidor Livre,SUL,12.0,4.58212
,2023-01-18,48862.0,MADEIREIRACOSTAEPALUCL514,Consumidor Livre,SUL,12.0,4.239935
,2023-01-19,48862.0,MADEIREIRACOSTAEPALUCL514,Consumidor Livre,SUL,12.0,4.812469
,2023-01-20,48862.0,MADEIREIRACOSTAEPALUCL514,Consumidor Livre,SUL,12.0,4.884885
,2023-01-21,48862.0,MADEIREIRACOSTAEPALUCL514,Consumidor Livre,SUL,12.0,3.093236
,2023-01-22,48862.0,MADEIREIRACOSTAEPALUCL514,Consumidor Livre,SUL,12.0,1.661327
,2023-01-23,48862.0,MADEIREIRACOSTAEPALUCL514,Consumidor Livre,SUL,12.0,3.687164
,2023-01-24,48862.0,MADEIREIRACOSTAEPALUCL514,Consumidor Livre,SUL,12.0,4.613081
,2023-01-25,48862.0,MADEIREIRACOSTAEPALUCL514,Consumidor Livre,SUL,12.0,4.06791
,2023-01-26,48862.0,MADEIREIRACOSTAEPALUCL514,Consumidor Livre,SUL,12.0,4.698845
,2023-01-27,48862.0,MADEIREIRACOSTAEPALUCL514,Consumidor Livre,SUL,12.0,4.516027
,2023-01-28,48862.0,MADEIREIRACOSTAEPALUCL514,Consumidor Livre,SUL,12.0,2.520725
,2023-01-29,48862.0,MADEIREIRACOSTAEPALUCL514,Consumidor Livre,SUL,12.0,0.839879
,2023-01-30,48862.0,MADEIREIRACOSTAEPALUCL514,Consumidor Livre,SUL,12.0,3.881375
,2023-01-31,48862.0,MADEIREIRACOSTAEPALUCL514,Consumidor Livre,SUL,12.0,4.327144
,2023-02-01,48862.0,MADEIREIRACOSTAEPALUCL514,Consumidor Livre,SUL,12.0,4.387798
,2023-02-02,48862.0,MADEIREIRACOSTAEPALUCL514,Consumidor Livre,SUL,12.0,4.720817
,2023-02-03,48862.0,MADEIREIRACOSTAEPALUCL514,Consumidor Livre,SUL,12.0,3.708534
,2023-02-04,48862.0,MADEIREIRACOSTAEPALUCL514,Consumidor Livre,SUL,12.0,2.156155
,2023-02-05,48862.0,MADEIREIRACOSTAEPALUCL514,Consumidor Livre,SUL,12.0,1.103723
,2023-02-06,48862.0,MADEIREIRACOSTAEPALUCL514,Consumidor Livre,SUL,12.0,4.640206
,2023-02-07,48862.0,MADEIREIRACOSTAEPALUCL514,Consumidor Livre,SUL,12.0,4.05438
,2023-02-08,48862.0,MADEIREIRACOSTAEPALUCL514,Consumidor Livre,SUL,12.0,4.19965
,2023-02-09,48862.0,MADEIREIRACOSTAEPALUCL514,Consumidor Livre,SUL,12.0,3.325959
,2023-02-10,48862.0,MADEIREIRACOSTAEPALUCL514,Consumidor Livre,SUL,12.0,4.348384
,2023-02-11,48862.0,MADEIREIRACOSTAEPALUCL514,Consumidor Livre,SUL,12.0,2.604464
,2023-02-12,48862.0,MADEIREIRACOSTAEPALUCL514,Consumidor Livre,SUL,12.0,2.875915
,2023-02-13,48862.0,MADEIREIRACOSTAEPALUCL514,Consumidor Livre,SUL,12.0,4.885466
,2023-02-14,48862.0,MADEIREIRACOSTAEPALUCL514,Consumidor Livre,SUL,12.0,4.444859
,2023-02-15,48862.0,MADEIREIRACOSTAEPALUCL514,Consumidor Livre,SUL,12.0,4.837222
,2023-02-16,48862.0,MADEIREIRACOSTAEPALUCL514,Consumidor Livre,SUL,12.0,4.913383
,2023-02-17,48862.0,MADEIREIRACOSTAEPALUCL514,Consumidor Livre,SUL,12.0,4.226376
,2023-02-18,48862.0,MADEIREIRACOSTAEPALUCL514,Consumidor Livre,SUL,12.0,2.74881
,2023-02-19,48862.0,MADEIREIRACOSTAEPALUCL514,Consumidor Livre,SUL,12.0,1.990845
,2023-02-20,48862.0,MADEIREIRACOSTAEPALUCL514,Consumidor Livre,SUL,12.0,4.824641
,2023-02-21,48862.0,MADEIREIRACOSTAEPALUCL514,Consumidor Livre,SUL,12.0,3.5064260000000003
,2023-02-22,48862.0,MADEIREIRACOSTAEPALUCL514,Consumidor Livre,SUL,12.0,4.542707
,2023-02-23,48862.0,MADEIREIRACOSTAEPALUCL514,Consumidor Livre,SUL,12.0,4.065169
,2023-02-24,48862.0,MADEIREIRACOSTAEPALUCL514,Consumidor Livre,SUL,12.0,4.96627
,2023-02-25,48862.0,MADEIREIRACOSTAEPALUCL514,Consumidor Livre,SUL,12.0,3.294234
,2023-02-26,48862.0,MADEIREIRACOSTAEPALUCL514,Consumidor Livre,SUL,12.0,1.796271
,2023-02-27,48862.0,MADEIREIRACOSTAEPALUCL514,Consumidor Livre,SUL,12.0,3.688359
,2023-02-28,48862.0,MADEIREIRACOSTAEPALUCL514,Consumidor Livre,SUL,12.0,4.383773000000001
,2023-03-01,48862.0,MADEIREIRACOSTAEPALUCL514,Consumidor Livre,SUL,12.0,4.937869
,2023-03-02,48862.0,MADEIREIRACOSTAEPALUCL514,Consumidor Livre,SUL,12.0,4.783997
,2023-03-03,48862.0,MADEIREIRACOSTAEPALUCL514,Consumidor Livre,SUL,12.0,4.772788
,2023-03-04,48862.0,MADEIREIRACOSTAEPALUCL514,Consumidor Livre,SUL,12.0,3.176256
,2023-03-05,48862.0,MADEIREIRACOSTAEPALUCL514,Consumidor Livre,SUL,12.0,2.00271
,2023-03-06,48862.0,MADEIREIRACOSTAEPALUCL514,Consumidor Livre,SUL,12.0,4.219679
,2023-03-07,48862.0,MADEIREIRACOSTAEPALUCL514,Consumidor Livre,SUL,12.0,5.142276
,2023-03-08,48862.0,MADEIREIRACOSTAEPALUCL514,Consumidor Livre,SUL,12.0,4.965078
,2023-03-09,48862.0,MADEIREIRACOSTAEPALUCL514,Consumidor Livre,SUL,12.0,4.636556
,2023-03-10,48862.0,MADEIREIRACOSTAEPALUCL514,Consumidor Livre,SUL,12.0,5.028093
,2023-03-11,48862.0,MADEIREIRACOSTAEPALUCL514,Consumidor Livre,SUL,12.0,3.849292
,2023-03-12,48862.0,MADEIREIRACOSTAEPALUCL514,Consumidor Livre,SUL,12.0,0.840287
,2023-03-13,48862.0,MADEIREIRACOSTAEPALUCL514,Consumidor Livre,SUL,12.0,3.310103
,2023-03-14,48862.0,MADEIREIRACOSTAEPALUCL514,Consumidor Livre,SUL,12.0,4.803645
,2023-03-15,48862.0,MADEIREIRACOSTAEPALUCL514,Consumidor Livre,SUL,12.0,5.00923
,2023-03-16,48862.0,MADEIREIRACOSTAEPALUCL514,Consumidor Livre,SUL,12.0,5.031654
,2023-03-17,48862.0,MADEIREIRACOSTAEPALUCL514,Consumidor Livre,SUL,12.0,4.88302
,2023-03-18,48862.0,MADEIREIRACOSTAEPALUCL514,Consumidor Livre,SUL,12.0,3.848826
,2023-03-19,48862.0,MADEIREIRACOSTAEPALUCL514,Consumidor Livre,SUL,12.0,0.848541
,2023-03-20,48862.0,MADEIREIRACOSTAEPALUCL514,Consumidor Livre,SUL,12.0,4.338314
,2023-03-21,48862.0,MADEIREIRACOSTAEPALUCL514,Consumidor Livre,SUL,12.0,5.086758000000001
,2023-03-22,48862.0,MADEIREIRACOSTAEPALUCL514,Consumidor Livre,SUL,12.0,4.876316
,2023-03-23,48862.0,MADEIREIRACOSTAEPALUCL514,Consumidor Livre,SUL,12.0,5.036155
,2023-03-24,48862.0,MADEIREIRACOSTAEPALUCL514,Consumidor Livre,SUL,12.0,4.0032630000000005
,2023-03-25,48862.0,MADEIREIRACOSTAEPALUCL514,Consumidor Livre,SUL,12.0,3.36838
,2023-03-26,48862.0,MADEIREIRACOSTAEPALUCL514,Consumidor Livre,SUL,12.0,0.786184
,2023-03-27,48862.0,MADEIREIRACOSTAEPALUCL514,Consumidor Livre,SUL,12.0,4.177906
,2023-03-28,48862.0,MADEIREIRACOSTAEPALUCL514,Consumidor Livre,SUL,12.0,5.233303
,2023-03-29,48862.0,MADEIREIRACOSTAEPALUCL514,Consumidor Livre,SUL,12.0,4.850277
,2023-03-30,48862.0,MADEIREIRACOSTAEPALUCL514,Consumidor Livre,SUL,12.0,4.810037
,2023-03-31,48862.0,MADEIREIRACOSTAEPALUCL514,Consumidor Livre,SUL,12.0,4.971695
,2023-04-01,48862.0,MADEIREIRACOSTAEPALUCL514,Consumidor Livre,SUL,12.0,3.272677
,2023-04-02,48862.0,MADEIREIRACOSTAEPALUCL514,Consumidor Livre,SUL,12.0,0.709232
,2023-04-03,48862.0,MADEIREIRACOSTAEPALUCL514,Consumidor Livre,SUL,12.0,4.0625860000000005
,2023-04-04,48862.0,MADEIREIRACOSTAEPALUCL514,Consumidor Livre,SUL,12.0,5.049565
,2023-04-05,48862.0,MADEIREIRACOSTAEPALUCL514,Consumidor Livre,SUL,12.0,5.037104
,2023-04-06,48862.0,MADEIREIRACOSTAEPALUCL514,Consumidor Livre,SUL,12.0,5.025622
,2023-04-07,48862.0,MADEIREIRACOSTAEPALUCL514,Consumidor Livre,SUL,12.0,0.679263
,2023-04-08,48862.0,MADEIREIRACOSTAEPALUCL514,Consumidor Livre,SUL,12.0,2.566272
,2023-04-09,48862.0,MADEIREIRACOSTAEPALUCL514,Consumidor Livre,SUL,12.0,0.843204
,2023-04-10,48862.0,MADEIREIRACOSTAEPALUCL514,Consumidor Livre,SUL,12.0,3.934931
,2023-04-11,48862.0,MADEIREIRACOSTAEPALUCL514,Consumidor Livre,SUL,12.0,4.3342920000000005
,2023-04-12,48862.0,MADEIREIRACOSTAEPALUCL514,Consumidor Livre,SUL,12.0,4.460935
,2023-04-13,48862.0,MADEIREIRACOSTAEPALUCL514,Consumidor Livre,SUL,12.0,4.569071
,2023-04-14,48862.0,MADEIREIRACOSTAEPALUCL514,Consumidor Livre,SUL,12.0,4.350024
,2023-04-15,48862.0,MADEIREIRACOSTAEPALUCL514,Consumidor Livre,SUL,12.0,3.198697
,2023-04-16,48862.0,MADEIREIRACOSTAEPALUCL514,Consumidor Livre,SUL,12.0,0.616544
,2023-04-17,48862.0,MADEIREIRACOSTAEPALUCL514,Consumidor Livre,SUL,12.0,3.694484
,2023-04-18,48862.0,MADEIREIRACOSTAEPALUCL514,Consumidor Livre,SUL,12.0,4.421684
,2023-04-19,48862.0,MADEIREIRACOSTAEPALUCL514,Consumidor Livre,SUL,12.0,4.745104
,2023-04-20,48862.0,MADEIREIRACOSTAEPALUCL514,Consumidor Livre,SUL,12.0,4.93029
,2023-04-21,48862.0,MADEIREIRACOSTAEPALUCL514,Consumidor Livre,SUL,12.0,3.749394
,2023-04-22,48862.0,MADEIREIRACOSTAEPALUCL514,Consumidor Livre,SUL,12.0,3.457934
,2023-04-23,48862.0,MADEIREIRACOSTAEPALUCL514,Consumidor Livre,SUL,12.0,0.085158
,2023-04-24,48862.0,MADEIREIRACOSTAEPALUCL514,Consumidor Livre,SUL,12.0,3.002796
,2023-04-25,48862.0,MADEIREIRACOSTAEPALUCL514,Consumidor Livre,SUL,12.0,4.251974
,2023-04-26,48862.0,MADEIREIRACOSTAEPALUCL514,Consumidor Livre,SUL,12.0,4.136797
,2023-04-27,48862.0,MADEIREIRACOSTAEPALUCL514,Consumidor Livre,SUL,12.0,3.836832
,2023-04-28,48862.0,MADEIREIRACOSTAEPALUCL514,Consumidor Livre,SUL,12.0,4.372297
,2023-04-29,48862.0,MADEIREIRACOSTAEPALUCL514,Consumidor Livre,SUL,12.0,2.845701
,2023-04-30,48862.0,MADEIREIRACOSTAEPALUCL514,Consumidor Livre,SUL,12.0,0.63583
,2023-05-01,48862.0,MADEIREIRACOSTAEPALUCL514,Consumidor Livre,SUL,12.0,2.414059
,2023-05-02,48862.0,MADEIREIRACOSTAEPALUCL514,Consumidor Livre,SUL,12.0,4.103454
,2023-05-03,48862.0,MADEIREIRACOSTAEPALUCL514,Consumidor Livre,SUL,12.0,4.190033000000001
,2023-05-04,48862.0,MADEIREIRACOSTAEPALUCL514,Consumidor Livre,SUL,12.0,4.235074
,2023-05-05,48862.0,MADEIREIRACOSTAEPALUCL514,Consumidor Livre,SUL,12.0,4.445699
,2023-05-06,48862.0,MADEIREIRACOSTAEPALUCL514,Consumidor Livre,SUL,12.0,3.188545
,2023-05-07,48862.0,MADEIREIRACOSTAEPALUCL514,Consumidor Livre,SUL,12.0,1.370042
,2023-05-08,48862.0,MADEIREIRACOSTAEPALUCL514,Consumidor Livre,SUL,12.0,3.78183
,2023-05-09,48862.0,MADEIREIRACOSTAEPALUCL514,Consumidor Livre,SUL,12.0,4.764125
,2023-05-10,48862.0,MADEIREIRACOSTAEPALUCL514,Consumidor Livre,SUL,12.0,4.629965
,2023-05-11,48862.0,MADEIREIRACOSTAEPALUCL514,Consumidor Livre,SUL,12.0,4.928922
,2023-05-12,48862.0,MADEIREIRACOSTAEPALUCL514,Consumidor Livre,SUL,12.0,4.000752
,2023-05-13,48862.0,MADEIREIRACOSTAEPALUCL514,Consumidor Livre,SUL,12.0,3.141006
,2023-05-14,48862.0,MADEIREIRACOSTAEPALUCL514,Consumidor Livre,SUL,12.0,0.590402
,2023-05-15,48862.0,MADEIREIRACOSTAEPALUCL514,Consumidor Livre,SUL,12.0,3.948826
,2023-05-16,48862.0,MADEIREIRACOSTAEPALUCL514,Consumidor Livre,SUL,12.0,4.831367
,2023-05-17,48862.0,MADEIREIRACOSTAEPALUCL514,Consumidor Livre,SUL,12.0,4.870719
,2023-05-18,48862.0,MADEIREIRACOSTAEPALUCL514,Consumidor Livre,SUL,12.0,5.510103
,2023-05-19,48862.0,MADEIREIRACOSTAEPALUCL514,Consumidor Livre,SUL,12.0,4.7406500000000005
,2023-05-20,48862.0,MADEIREIRACOSTAEPALUCL514,Consumidor Livre,SUL,12.0,3.433989
,2023-05-21,48862.0,MADEIREIRACOSTAEPALUCL514,Consumidor Livre,SUL,12.0,0.5654
,2023-05-22,48862.0,MADEIREIRACOSTAEPALUCL514,Consumidor Livre,SUL,12.0,3.799698
,2023-05-23,48862.0,MADEIREIRACOSTAEPALUCL514,Consumidor Livre,SUL,12.0,4.947964
,2023-05-24,48862.0,MADEIREIRACOSTAEPALUCL514,Consumidor Livre,SUL,12.0,4.646108
,2023-05-25,48862.0,MADEIREIRACOSTAEPALUCL514,Consumidor Livre,SUL,12.0,4.8984
,2023-05-26,48862.0,MADEIREIRACOSTAEPALUCL514,Consumidor Livre,SUL,12.0,5.005521
,2023-05-27,48862.0,MADEIREIRACOSTAEPALUCL514,Consumidor Livre,SUL,12.0,3.55133
,2023-05-28,48862.0,MADEIREIRACOSTAEPALUCL514,Consumidor Livre,SUL,12.0,0.607554
,2023-05-29,48862.0,MADEIREIRACOSTAEPALUCL514,Consumidor Livre,SUL,12.0,3.82609
,2023-05-30,48862.0,MADEIREIRACOSTAEPALUCL514,Consumidor Livre,SUL,12.0,5.053313
,2023-05-31,48862.0,MADEIREIRACOSTAEPALUCL514,Consumidor Livre,SUL,12.0,4.833752
,2023-06-01,48862.0,MADEIREIRACOSTAEPALUCL514,Consumidor Livre,SUL,12.0,5.589509
,2023-06-02,48862.0,MADEIREIRACOSTAEPALUCL514,Consumidor Livre,SUL,12.0,5.283689
,2023-06-03,48862.0,MADEIREIRACOSTAEPALUCL514,Consumidor Livre,SUL,12.0,3.774548
,2023-06-04,48862.0,MADEIREIRACOSTAEPALUCL514,Consumidor Livre,SUL,12.0,0.647151
,2023-06-05,48862.0,MADEIREIRACOSTAEPALUCL514,Consumidor Livre,SUL,12.0,4.236179
,2023-06-06,48862.0,MADEIREIRACOSTAEPALUCL514,Consumidor Livre,SUL,12.0,5.335051
,2023-06-07,48862.0,MADEIREIRACOSTAEPALUCL514,Consumidor Livre,SUL,12.0,5.366921
,2023-06-08,48862.0,MADEIREIRACOSTAEPALUCL514,Consumidor Livre,SUL,12.0,1.211449
,2023-06-09,48862.0,MADEIREIRACOSTAEPALUCL514,Consumidor Livre,SUL,12.0,4.399783
,2023-06-10,48862.0,MADEIREIRACOSTAEPALUCL514,Consumidor Livre,SUL,12.0,3.608358
,2023-06-11,48862.0,MADEIREIRACOSTAEPALUCL514,Consumidor Livre,SUL,12.0,1.849254
,2023-06-12,48862.0,MADEIREIRACOSTAEPALUCL514,Consumidor Livre,SUL,12.0,4.253337
,2023-06-13,48862.0,MADEIREIRACOSTAEPALUCL514,Consumidor Livre,SUL,12.0,4.523169
,2023-06-14,48862.0,MADEIREIRACOSTAEPALUCL514,Consumidor Livre,SUL,12.0,5.498049
,2023-06-15,48862.0,MADEIREIRACOSTAEPALUCL514,Consumidor Livre,SUL,12.0,5.392086
,2023-06-16,48862.0,MADEIREIRACOSTAEPALUCL514,Consumidor Livre,SUL,12.0,4.932183
,2023-06-17,48862.0,MADEIREIRACOSTAEPALUCL514,Consumidor Livre,SUL,12.0,3.543042
,2023-06-18,48862.0,MADEIREIRACOSTAEPALUCL514,Consumidor Livre,SUL,12.0,0.757139
,2023-06-19,48862.0,MADEIREIRACOSTAEPALUCL514,Consumidor Livre,SUL,12.0,3.989955
,2023-06-20,48862.0,MADEIREIRACOSTAEPALUCL514,Consumidor Livre,SUL,12.0,5.211597
,2023-06-21,48862.0,MADEIREIRACOSTAEPALUCL514,Consumidor Livre,SUL,12.0,5.119978
,2023-06-22,48862.0,MADEIREIRACOSTAEPALUCL514,Consumidor Livre,SUL,12.0,4.960699
,2023-06-23,48862.0,MADEIREIRACOSTAEPALUCL514,Consumidor Livre,SUL,12.0,5.045278
,2023-06-24,48862.0,MADEIREIRACOSTAEPALUCL514,Consumidor Livre,SUL,12.0,3.606173
,2023-06-25,48862.0,MADEIREIRACOSTAEPALUCL514,Consumidor Livre,SUL,12.0,1.653615
,2023-06-26,48862.0,MADEIREIRACOSTAEPALUCL514,Consumidor Livre,SUL,12.0,4.363201
,2023-06-27,48862.0,MADEIREIRACOSTAEPALUCL514,Consumidor Livre,SUL,12.0,5.286174
,2023-06-28,48862.0,MADEIREIRACOSTAEPALUCL514,Consumidor Livre,SUL,12.0,5.1713830000000005
,2023-06-29,48862.0,MADEIREIRACOSTAEPALUCL514,Consumidor Livre,SUL,12.0,4.942817
,2023-06-30,48862.0,MADEIREIRACOSTAEPALUCL514,Consumidor Livre,SUL,12.0,4.45179
,2023-07-01,48862.0,MADEIREIRACOSTAEPALUCL514,Consumidor Livre,SUL,12.0,3.489729
,2023-07-02,48862.0,MADEIREIRACOSTAEPALUCL514,Consumidor Livre,SUL,12.0,1.678857
,2023-07-03,48862.0,MADEIREIRACOSTAEPALUCL514,Consumidor Livre,SUL,12.0,4.416985
,2023-07-04,48862.0,MADEIREIRACOSTAEPALUCL514,Consumidor Livre,SUL,12.0,4.956692
,2023-07-05,48862.0,MADEIREIRACOSTAEPALUCL514,Consumidor Livre,SUL,12.0,4.974562
,2023-07-06,48862.0,MADEIREIRACOSTAEPALUCL514,Consumidor Livre,SUL,12.0,4.403699
,2023-07-07,48862.0,MADEIREIRACOSTAEPALUCL514,Consumidor Livre,SUL,12.0,4.436403
,2023-07-08,48862.0,MADEIREIRACOSTAEPALUCL514,Consumidor Livre,SUL,12.0,3.090674
,2023-07-09,48862.0,MADEIREIRACOSTAEPALUCL514,Consumidor Livre,SUL,12.0,0.082739
,2023-07-10,48862.0,MADEIREIRACOSTAEPALUCL514,Consumidor Livre,SUL,12.0,4.556965
,2023-07-11,48862.0,MADEIREIRACOSTAEPALUCL514,Consumidor Livre,SUL,12.0,5.157584
,2023-07-12,48862.0,MADEIREIRACOSTAEPALUCL514,Consumidor Livre,SUL,12.0,5.041802
,2023-07-13,48862.0,MADEIREIRACOSTAEPALUCL514,Consumidor Livre,SUL,12.0,5.06728
,2023-07-14,48862.0,MADEIREIRACOSTAEPALUCL514,Consumidor Livre,SUL,12.0,4.483794
,2023-07-15,48862.0,MADEIREIRACOSTAEPALUCL514,Consumidor Livre,SUL,12.0,3.637578
,2023-07-16,48862.0,MADEIREIRACOSTAEPALUCL514,Consumidor Livre,SUL,12.0,0.817144
,2023-07-17,48862.0,MADEIREIRACOSTAEPALUCL514,Consumidor Livre,SUL,12.0,3.957969
,2023-07-18,48862.0,MADEIREIRACOSTAEPALUCL514,Consumidor Livre,SUL,12.0,5.105333
,2023-07-19,48862.0,MADEIREIRACOSTAEPALUCL514,Consumidor Livre,SUL,12.0,4.905706
,2023-07-20,48862.0,MADEIREIRACOSTAEPALUCL514,Consumidor Livre,SUL,12.0,5.243612
,2023-07-21,48862.0,MADEIREIRACOSTAEPALUCL514,Consumidor Livre,SUL,12.0,4.27121
,2023-07-22,48862.0,MADEIREIRACOSTAEPALUCL514,Consumidor Livre,SUL,12.0,3.627746
,2023-07-23,48862.0,MADEIREIRACOSTAEPALUCL514,Consumidor Livre,SUL,12.0,0.0683069999999999
,2023-07-24,48862.0,MADEIREIRACOSTAEPALUCL514,Consumidor Livre,SUL,12.0,4.105353
,2023-07-25,48862.0,MADEIREIRACOSTAEPALUCL514,Consumidor Livre,SUL,12.0,4.328089
,2023-07-26,48862.0,MADEIREIRACOSTAEPALUCL514,Consumidor Livre,SUL,12.0,4.626765
,2023-07-27,48862.0,MADEIREIRACOSTAEPALUCL514,Consumidor Livre,SUL,12.0,5.485457
,2023-07-28,48862.0,MADEIREIRACOSTAEPALUCL514,Consumidor Livre,SUL,12.0,4.081924
,2023-07-29,48862.0,MADEIREIRACOSTAEPALUCL514,Consumidor Livre,SUL,12.0,3.284268
,2023-07-30,48862.0,MADEIREIRACOSTAEPALUCL514,Consumidor Livre,SUL,12.0,0.088711
,2023-07-31,48862.0,MADEIREIRACOSTAEPALUCL514,Consumidor Livre,SUL,12.0,3.565734
,2023-08-01,48862.0,MADEIREIRACOSTAEPALUCL514,Consumidor Livre,SUL,12.0,4.819874
,2023-08-02,48862.0,MADEIREIRACOSTAEPALUCL514,Consumidor Livre,SUL,12.0,5.447306
,2023-08-03,48862.0,MADEIREIRACOSTAEPALUCL514,Consumidor Livre,SUL,12.0,5.494697
,2023-08-04,48862.0,MADEIREIRACOSTAEPALUCL514,Consumidor Livre,SUL,12.0,4.865323
,2023-08-05,48862.0,MADEIREIRACOSTAEPALUCL514,Consumidor Livre,SUL,12.0,3.545681
,2023-08-06,48862.0,MADEIREIRACOSTAEPALUCL514,Consumidor Livre,SUL,12.0,1.595763
,2023-08-07,48862.0,MADEIREIRACOSTAEPALUCL514,Consumidor Livre,SUL,12.0,4.217249
,2023-08-08,48862.0,MADEIREIRACOSTAEPALUCL514,Consumidor Livre,SUL,12.0,5.279633
,2023-08-09,48862.0,MADEIREIRACOSTAEPALUCL514,Consumidor Livre,SUL,12.0,5.319808
,2023-08-10,48862.0,MADEIREIRACOSTAEPALUCL514,Consumidor Livre,SUL,12.0,5.070263
,2023-08-11,48862.0,MADEIREIRACOSTAEPALUCL514,Consumidor Livre,SUL,12.0,4.630861
,2023-08-12,48862.0,MADEIREIRACOSTAEPALUCL514,Consumidor Livre,SUL,12.0,3.430933
,2023-08-13,48862.0,MADEIREIRACOSTAEPALUCL514,Consumidor Livre,SUL,12.0,0.874506
,2023-08-14,48862.0,MADEIREIRACOSTAEPALUCL514,Consumidor Livre,SUL,12.0,4.025844
,2023-08-15,48862.0,MADEIREIRACOSTAEPALUCL514,Consumidor Livre,SUL,12.0,5.116928
,2023-08-16,48862.0,MADEIREIRACOSTAEPALUCL514,Consumidor Livre,SUL,12.0,4.739292
,2023-08-17,48862.0,MADEIREIRACOSTAEPALUCL514,Consumidor Livre,SUL,12.0,4.985672
,2023-08-18,48862.0,MADEIREIRACOSTAEPALUCL514,Consumidor Livre,SUL,12.0,4.370275
,2023-08-19,48862.0,MADEIREIRACOSTAEPALUCL514,Consumidor Livre,SUL,12.0,3.510944
,2023-08-20,48862.0,MADEIREIRACOSTAEPALUCL514,Consumidor Livre,SUL,12.0,1.553985
,2023-08-21,48862.0,MADEIREIRACOSTAEPALUCL514,Consumidor Livre,SUL,12.0,4.219171
,2023-08-22,48862.0,MADEIREIRACOSTAEPALUCL514,Consumidor Livre,SUL,12.0,4.620926
,2023-08-23,48862.0,MADEIREIRACOSTAEPALUCL514,Consumidor Livre,SUL,12.0,4.402238
,2023-08-24,48862.0,MADEIREIRACOSTAEPALUCL514,Consumidor Livre,SUL,12.0,4.750662
,2023-08-25,48862.0,MADEIREIRACOSTAEPALUCL514,Consumidor Livre,SUL,12.0,4.376763
,2023-08-26,48862.0,MADEIREIRACOSTAEPALUCL514,Consumidor Livre,SUL,12.0,3.610682
,2023-08-27,48862.0,MADEIREIRACOSTAEPALUCL514,Consumidor Livre,SUL,12.0,1.480909
,2023-08-28,48862.0,MADEIREIRACOSTAEPALUCL514,Consumidor Livre,SUL,12.0,4.179694
,2023-08-29,48862.0,MADEIREIRACOSTAEPALUCL514,Consumidor Livre,SUL,12.0,4.708636
,2023-08-30,48862.0,MADEIREIRACOSTAEPALUCL514,Consumidor Livre,SUL,12.0,4.822568
,2023-08-31,48862.0,MADEIREIRACOSTAEPALUCL514,Consumidor Livre,SUL,12.0,5.035527
,2023-09-01,48862.0,MADEIREIRACOSTAEPALUCL514,Consumidor Livre,SUL,12.0,4.160693
,2023-09-02,48862.0,MADEIREIRACOSTAEPALUCL514,Consumidor Livre,SUL,12.0,3.443624
,2023-09-03,48862.0,MADEIREIRACOSTAEPALUCL514,Consumidor Livre,SUL,12.0,0.062185
,2023-09-04,48862.0,MADEIREIRACOSTAEPALUCL514,Consumidor Livre,SUL,12.0,3.570311
,2023-09-05,48862.0,MADEIREIRACOSTAEPALUCL514,Consumidor Livre,SUL,12.0,4.294016
,2023-09-06,48862.0,MADEIREIRACOSTAEPALUCL514,Consumidor Livre,SUL,12.0,4.004527
,2023-09-07,48862.0,MADEIREIRACOSTAEPALUCL514,Consumidor Livre,SUL,12.0,3.638334
,2023-09-08,48862.0,MADEIREIRACOSTAEPALUCL514,Consumidor Livre,SUL,12.0,3.530777
,2023-09-09,48862.0,MADEIREIRACOSTAEPALUCL514,Consumidor Livre,SUL,12.0,2.42955
,2023-09-10,48862.0,MADEIREIRACOSTAEPALUCL514,Consumidor Livre,SUL,12.0,0.076767
,2023-09-11,48862.0,MADEIREIRACOSTAEPALUCL514,Consumidor Livre,SUL,12.0,3.346955
,2023-09-12,48862.0,MADEIREIRACOSTAEPALUCL514,Consumidor Livre,SUL,12.0,4.613791
,2023-09-13,48862.0,MADEIREIRACOSTAEPALUCL514,Consumidor Livre,SUL,12.0,4.318759
,2023-09-14,48862.0,MADEIREIRACOSTAEPALUCL514,Consumidor Livre,SUL,12.0,4.330489
,2023-09-15,48862.0,MADEIREIRACOSTAEPALUCL514,Consumidor Livre,SUL,12.0,4.485443
,2023-09-16,48862.0,MADEIREIRACOSTAEPALUCL514,Consumidor Livre,SUL,12.0,2.869001
,2023-09-17,48862.0,MADEIREIRACOSTAEPALUCL514,Consumidor Livre,SUL,12.0,0.095005
,2023-09-18,48862.0,MADEIREIRACOSTAEPALUCL514,Consumidor Livre,SUL,12.0,2.937642
,2023-09-19,48862.0,MADEIREIRACOSTAEPALUCL514,Consumidor Livre,SUL,12.0,3.936622
,2023-09-20,48862.0,MADEIREIRACOSTAEPALUCL514,Consumidor Livre,SUL,12.0,4.129048
,2023-09-21,48862.0,MADEIREIRACOSTAEPALUCL514,Consumidor Livre,SUL,12.0,4.756537
,2023-09-22,48862.0,MADEIREIRACOSTAEPALUCL514,Consumidor Livre,SUL,12.0,3.841569
,2023-09-23,48862.0,MADEIREIRACOSTAEPALUCL514,Consumidor Livre,SUL,12.0,2.37421
,2023-09-24,48862.0,MADEIREIRACOSTAEPALUCL514,Consumidor Livre,SUL,12.0,0.077745
,2023-09-25,48862.0,MADEIREIRACOSTAEPALUCL514,Consumidor Livre,SUL,12.0,3.385702
,2023-09-26,48862.0,MADEIREIRACOSTAEPALUCL514,Consumidor Livre,SUL,12.0,3.718361
,2023-09-27,48862.0,MADEIREIRACOSTAEPALUCL514,Consumidor Livre,SUL,12.0,3.730166
,2023-09-28,48862.0,MADEIREIRACOSTAEPALUCL514,Consumidor Livre,SUL,12.0,3.983194
,2023-09-29,48862.0,MADEIREIRACOSTAEPALUCL514,Consumidor Livre,SUL,12.0,4.439063
,2023-09-30,48862.0,MADEIREIRACOSTAEPALUCL514,Consumidor Livre,SUL,12.0,2.809535
,2023-10-01,48862.0,MADEIREIRACOSTAEPALUCL514,Consumidor Livre,SUL,12.0,0.621416
,2023-10-02,48862.0,MADEIREIRACOSTAEPALUCL514,Consumidor Livre,SUL,12.0,3.616335
,2023-10-03,48862.0,MADEIREIRACOSTAEPALUCL514,Consumidor Livre,SUL,12.0,3.594812
,2023-10-04,48862.0,MADEIREIRACOSTAEPALUCL514,Consumidor Livre,SUL,12.0,3.270523
,2023-10-05,48862.0,MADEIREIRACOSTAEPALUCL514,Consumidor Livre,SUL,12.0,4.243972
,2023-10-06,48862.0,MADEIREIRACOSTAEPALUCL514,Consumidor Livre,SUL,12.0,4.051402
,2023-10-07,48862.0,MADEIREIRACOSTAEPALUCL514,Consumidor Livre,SUL,12.0,2.343472
,2023-10-08,48862.0,MADEIREIRACOSTAEPALUCL514,Consumidor Livre,SUL,12.0,0.084249
,2023-10-09,48862.0,MADEIREIRACOSTAEPALUCL514,Consumidor Livre,SUL,12.0,3.00712
,2023-10-10,48862.0,MADEIREIRACOSTAEPALUCL514,Consumidor Livre,SUL,12.0,2.995145
,2023-10-11,48862.0,MADEIREIRACOSTAEPALUCL514,Consumidor Livre,SUL,12.0,3.470879
,2023-10-12,48862.0,MADEIREIRACOSTAEPALUCL514,Consumidor Livre,SUL,12.0,0.764518
,2023-10-13,48862.0,MADEIREIRACOSTAEPALUCL514,Consumidor Livre,SUL,12.0,4.2487
,2023-10-14,48862.0,MADEIREIRACOSTAEPALUCL514,Consumidor Livre,SUL,12.0,3.029222
,2023-10-15,48862.0,MADEIREIRACOSTAEPALUCL514,Consumidor Livre,SUL,12.0,0.061625
,2023-10-16,48862.0,MADEIREIRACOSTAEPALUCL514,Consumidor Livre,SUL,12.0,3.418105
,2023-10-17,48862.0,MADEIREIRACOSTAEPALUCL514,Consumidor Livre,SUL,12.0,4.270914
,2023-10-18,48862.0,MADEIREIRACOSTAEPALUCL514,Consumidor Livre,SUL,12.0,3.848672
,2023-10-19,48862.0,MADEIREIRACOSTAEPALUCL514,Consumidor Livre,SUL,12.0,4.24536
,2023-10-20,48862.0,MADEIREIRACOSTAEPALUCL514,Consumidor Livre,SUL,12.0,4.377375
,2023-10-21,48862.0,MADEIREIRACOSTAEPALUCL514,Consumidor Livre,SUL,12.0,3.263477
,2023-10-22,48862.0,MADEIREIRACOSTAEPALUCL514,Consumidor Livre,SUL,12.0,1.288787
,2023-10-23,48862.0,MADEIREIRACOSTAEPALUCL514,Consumidor Livre,SUL,12.0,3.943004
,2023-10-24,48862.0,MADEIREIRACOSTAEPALUCL514,Consumidor Livre,SUL,12.0,4.699591
,2023-10-25,48862.0,MADEIREIRACOSTAEPALUCL514,Consumidor Livre,SUL,12.0,4.510929
,2023-10-26,48862.0,MADEIREIRACOSTAEPALUCL514,Consumidor Livre,SUL,12.0,4.806118
,2023-10-27,48862.0,MADEIREIRACOSTAEPALUCL514,Consumidor Livre,SUL,12.0,4.443893
,2023-10-28,48862.0,MADEIREIRACOSTAEPALUCL514,Consumidor Livre,SUL,12.0,3.176686
,2023-10-29,48862.0,MADEIREIRACOSTAEPALUCL514,Consumidor Livre,SUL,12.0,0.665145
,2023-10-30,48862.0,MADEIREIRACOSTAEPALUCL514,Consumidor Livre,SUL,12.0,3.728076
,2023-10-31,48862.0,MADEIREIRACOSTAEPALUCL514,Consumidor Livre,SUL,12.0,4.581015
,2023-11-01,48862.0,MADEIREIRACOSTAEPALUCL514,Consumidor Livre,SUL,12.0,4.531123
,2023-11-02,48862.0,MADEIREIRACOSTAEPALUCL514,Consumidor Livre,SUL,12.0,2.560264
,2023-11-03,48862.0,MADEIREIRACOSTAEPALUCL514,Consumidor Livre,SUL,12.0,3.595559
,2023-11-04,48862.0,MADEIREIRACOSTAEPALUCL514,Consumidor Livre,SUL,12.0,3.372923
,2023-11-05,48862.0,MADEIREIRACOSTAEPALUCL514,Consumidor Livre,SUL,12.0,0.788315
,2023-11-06,48862.0,MADEIREIRACOSTAEPALUCL514,Consumidor Livre,SUL,12.0,3.989981
,2023-11-07,48862.0,MADEIREIRACOSTAEPALUCL514,Consumidor Livre,SUL,12.0,5.027259
,2023-11-08,48862.0,MADEIREIRACOSTAEPALUCL514,Consumidor Livre,SUL,12.0,4.586665
,2023-11-09,48862.0,MADEIREIRACOSTAEPALUCL514,Consumidor Livre,SUL,12.0,4.702789
,2023-11-10,48862.0,MADEIREIRACOSTAEPALUCL514,Consumidor Livre,SUL,12.0,4.591385
,2023-11-11,48862.0,MADEIREIRACOSTAEPALUCL514,Consumidor Livre,SUL,12.0,3.517513
,2023-11-12,48862.0,MADEIREIRACOSTAEPALUCL514,Consumidor Livre,SUL,12.0,0.752864
,2023-11-13,48862.0,MADEIREIRACOSTAEPALUCL514,Consumidor Livre,SUL,12.0,4.051019
,2023-11-14,48862.0,MADEIREIRACOSTAEPALUCL514,Consumidor Livre,SUL,12.0,4.641582
,2023-11-15,48862.0,MADEIREIRACOSTAEPALUCL514,Consumidor Livre,SUL,12.0,3.380629
,2023-11-16,48862.0,MADEIREIRACOSTAEPALUCL514,Consumidor Livre,SUL,12.0,4.532377
,2023-11-17,48862.0,MADEIREIRACOSTAEPALUCL514,Consumidor Livre,SUL,12.0,4.295352
,2023-11-18,48862.0,MADEIREIRACOSTAEPALUCL514,Consumidor Livre,SUL,12.0,3.316879
,2023-11-19,48862.0,MADEIREIRACOSTAEPALUCL514,Consumidor Livre,SUL,12.0,0.063739
,2023-11-20,48862.0,MADEIREIRACOSTAEPALUCL514,Consumidor Livre,SUL,12.0,4.020316
,2023-11-21,48862.0,MADEIREIRACOSTAEPALUCL514,Consumidor Livre,SUL,12.0,4.372278
,2023-11-22,48862.0,MADEIREIRACOSTAEPALUCL514,Consumidor Livre,SUL,12.0,4.550857
,2023-11-23,48862.0,MADEIREIRACOSTAEPALUCL514,Consumidor Livre,SUL,12.0,4.21473
,2023-11-24,48862.0,MADEIREIRACOSTAEPALUCL514,Consumidor Livre,SUL,12.0,4.565849
,2023-11-25,48862.0,MADEIREIRACOSTAEPALUCL514,Consumidor Livre,SUL,12.0,3.392535
,2023-11-26,48862.0,MADEIREIRACOSTAEPALUCL514,Consumidor Livre,SUL,12.0,0.064413
,2023-11-27,48862.0,MADEIREIRACOSTAEPALUCL514,Consumidor Livre,SUL,12.0,4.046617
,2023-11-28,48862.0,MADEIREIRACOSTAEPALUCL514,Consumidor Livre,SUL,12.0,4.798446
,2023-11-29,48862.0,MADEIREIRACOSTAEPALUCL514,Consumidor Livre,SUL,12.0,4.622349
,2023-11-30,48862.0,MADEIREIRACOSTAEPALUCL514,Consumidor Livre,SUL,12.0,4.719753
,2023-12-01,48862.0,MADEIREIRACOSTAEPALUCL514,Consumidor Livre,SUL,12.0,4.600288
,2023-12-02,48862.0,MADEIREIRACOSTAEPALUCL514,Consumidor Livre,SUL,12.0,2.665647
,2023-12-03,48862.0,MADEIREIRACOSTAEPALUCL514,Consumidor Livre,SUL,12.0,0.1658369999999999
,2023-12-04,48862.0,MADEIREIRACOSTAEPALUCL514,Consumidor Livre,SUL,12.0,3.70997
,2023-12-05,48862.0,MADEIREIRACOSTAEPALUCL514,Consumidor Livre,SUL,12.0,4.838961
,2023-12-06,48862.0,MADEIREIRACOSTAEPALUCL514,Consumidor Livre,SUL,12.0,4.978188
,2023-12-07,48862.0,MADEIREIRACOSTAEPALUCL514,Consumidor Livre,SUL,12.0,4.512852
,2023-12-08,48862.0,MADEIREIRACOSTAEPALUCL514,Consumidor Livre,SUL,12.0,4.551917
,2023-12-09,48862.0,MADEIREIRACOSTAEPALUCL514,Consumidor Livre,SUL,12.0,3.428637
,2023-12-10,48862.0,MADEIREIRACOSTAEPALUCL514,Consumidor Livre,SUL,12.0,1.42052
,2023-12-11,48862.0,MADEIREIRACOSTAEPALUCL514,Consumidor Livre,SUL,12.0,3.982126
,2023-12-12,48862.0,MADEIREIRACOSTAEPALUCL514,Consumidor Livre,SUL,12.0,3.912298
,2023-12-13,48862.0,MADEIREIRACOSTAEPALUCL514,Consumidor Livre,SUL,12.0,4.629299
,2023-12-14,48862.0,MADEIREIRACOSTAEPALUCL514,Consumidor Livre,SUL,12.0,4.926326
,2023-12-15,48862.0,MADEIREIRACOSTAEPALUCL514,Consumidor Livre,SUL,12.0,3.712974
,2023-12-16,48862.0,MADEIREIRACOSTAEPALUCL514,Consumidor Livre,SUL,12.0,2.546656
,2023-12-17,48862.0,MADEIREIRACOSTAEPALUCL514,Consumidor Livre,SUL,12.0,0.078657
,2023-12-18,48862.0,MADEIREIRACOSTAEPALUCL514,Consumidor Livre,SUL,12.0,3.516277
,2023-12-19,48862.0,MADEIREIRACOSTAEPALUCL514,Consumidor Livre,SUL,12.0,4.042475
,2023-12-20,48862.0,MADEIREIRACOSTAEPALUCL514,Consumidor Livre,SUL,12.0,3.639555
,2023-12-21,48862.0,MADEIREIRACOSTAEPALUCL514,Consumidor Livre,SUL,12.0,2.547326
,2023-12-22,48862.0,MADEIREIRACOSTAEPALUCL514,Consumidor Livre,SUL,12.0,0.543936
,2023-12-23,48862.0,MADEIREIRACOSTAEPALUCL514,Consumidor Livre,SUL,12.0,0.074201
,2023-12-24,48862.0,MADEIREIRACOSTAEPALUCL514,Consumidor Livre,SUL,12.0,0.081077
,2023-12-25,48862.0,MADEIREIRACOSTAEPALUCL514,Consumidor Livre,SUL,12.0,0.075667
,2023-12-26,48862.0,MADEIREIRACOSTAEPALUCL514,Consumidor Livre,SUL,12.0,0.078763
,2023-12-27,48862.0,MADEIREIRACOSTAEPALUCL514,Consumidor Livre,SUL,12.0,0.080673
,2023-12-28,48862.0,MADEIREIRACOSTAEPALUCL514,Consumidor Livre,SUL,12.0,0.107219
,2023-12-29,48862.0,MADEIREIRACOSTAEPALUCL514,Consumidor Livre,SUL,12.0,0.087553
,2023-12-30,48862.0,MADEIREIRACOSTAEPALUCL514,Consumidor Livre,SUL,12.0,0.1287859999999999
,2023-12-31,48862.0,MADEIREIRACOSTAEPALUCL514,Consumidor Livre,SUL,12.0,0.065466
,2024-01-01,48862.0,MADEIREIRACOSTAEPALUCL514,Consumidor Livre,SUL,12.0,0.065906
,2024-01-02,48862.0,MADEIREIRACOSTAEPALUCL514,Consumidor Livre,SUL,12.0,0.44886
,2024-01-03,48862.0,MADEIREIRACOSTAEPALUCL514,Consumidor Livre,SUL,12.0,3.93772
,2024-01-04,48862.0,MADEIREIRACOSTAEPALUCL514,Consumidor Livre,SUL,12.0,4.756045
,2024-01-05,48862.0,MADEIREIRACOSTAEPALUCL514,Consumidor Livre,SUL,12.0,4.926708
,2024-01-06,48862.0,MADEIREIRACOSTAEPALUCL514,Consumidor Livre,SUL,12.0,3.233777
,2024-01-07,48862.0,MADEIREIRACOSTAEPALUCL514,Consumidor Livre,SUL,12.0,1.483822
,2024-01-08,48862.0,MADEIREIRACOSTAEPALUCL514,Consumidor Livre,SUL,12.0,3.567768
,2024-01-09,48862.0,MADEIREIRACOSTAEPALUCL514,Consumidor Livre,SUL,12.0,4.490088
,2024-01-10,48862.0,MADEIREIRACOSTAEPALUCL514,Consumidor Livre,SUL,12.0,4.730693
,2024-01-11,48862.0,MADEIREIRACOSTAEPALUCL514,Consumidor Livre,SUL,12.0,4.670829
,2024-01-12,48862.0,MADEIREIRACOSTAEPALUCL514,Consumidor Livre,SUL,12.0,5.036898
,2024-01-13,48862.0,MADEIREIRACOSTAEPALUCL514,Consumidor Livre,SUL,12.0,3.6762
,2024-01-14,48862.0,MADEIREIRACOSTAEPALUCL514,Consumidor Livre,SUL,12.0,0.816451
,2024-01-15,48862.0,MADEIREIRACOSTAEPALUCL514,Consumidor Livre,SUL,12.0,3.942346
,2024-01-16,48862.0,MADEIREIRACOSTAEPALUCL514,Consumidor Livre,SUL,12.0,4.683709
,2024-01-17,48862.0,MADEIREIRACOSTAEPALUCL514,Consumidor Livre,SUL,12.0,4.790921
,2024-01-18,48862.0,MADEIREIRACOSTAEPALUCL514,Consumidor Livre,SUL,12.0,4.872045
,2024-01-19,48862.0,MADEIREIRACOSTAEPALUCL514,Consumidor Livre,SUL,12.0,4.901161
,2024-01-20,48862.0,MADEIREIRACOSTAEPALUCL514,Consumidor Livre,SUL,12.0,3.300978
,2024-01-21,48862.0,MADEIREIRACOSTAEPALUCL514,Consumidor Livre,SUL,12.0,0.103262
,2024-01-22,48862.0,MADEIREIRACOSTAEPALUCL514,Consumidor Livre,SUL,12.0,3.905
,2024-01-23,48862.0,MADEIREIRACOSTAEPALUCL514,Consumidor Livre,SUL,12.0,4.800352
,2024-01-24,48862.0,MADEIREIRACOSTAEPALUCL514,Consumidor Livre,SUL,12.0,4.776553
,2024-01-25,48862.0,MADEIREIRACOSTAEPALUCL514,Consumidor Livre,SUL,12.0,4.872468
,2024-01-26,48862.0,MADEIREIRACOSTAEPALUCL514,Consumidor Livre,SUL,12.0,4.720446
,2024-01-27,48862.0,MADEIREIRACOSTAEPALUCL514,Consumidor Livre,SUL,12.0,3.512347
,2024-01-28,48862.0,MADEIREIRACOSTAEPALUCL514,Consumidor Livre,SUL,12.0,1.5164760000000002
,2024-01-29,48862.0,MADEIREIRACOSTAEPALUCL514,Consumidor Livre,SUL,12.0,3.83514
,2024-01-30,48862.0,MADEIREIRACOSTAEPALUCL514,Consumidor Livre,SUL,12.0,4.952208
,2024-01-31,48862.0,MADEIREIRACOSTAEPALUCL514,Consumidor Livre,SUL,12.0,4.537984
,2024-02-01,48862.0,MADEIREIRACOSTAEPALUCL514,Consumidor Livre,SUL,12.0,4.873961
,2024-02-02,48862.0,MADEIREIRACOSTAEPALUCL514,Consumidor Livre,SUL,12.0,4.810182
,2024-02-03,48862.0,MADEIREIRACOSTAEPALUCL514,Consumidor Livre,SUL,12.0,3.259858
,2024-02-04,48862.0,MADEIREIRACOSTAEPALUCL514,Consumidor Livre,SUL,12.0,0.117923
,2024-02-05,48862.0,MADEIREIRACOSTAEPALUCL514,Consumidor Livre,SUL,12.0,4.350064
,2024-02-06,48862.0,MADEIREIRACOSTAEPALUCL514,Consumidor Livre,SUL,12.0,4.975872
,2024-02-07,48862.0,MADEIREIRACOSTAEPALUCL514,Consumidor Livre,SUL,12.0,5.375084
,2024-02-08,48862.0,MADEIREIRACOSTAEPALUCL514,Consumidor Livre,SUL,12.0,5.075751
,2024-02-09,48862.0,MADEIREIRACOSTAEPALUCL514,Consumidor Livre,SUL,12.0,4.484075
,2024-02-10,48862.0,MADEIREIRACOSTAEPALUCL514,Consumidor Livre,SUL,12.0,3.58928
,2024-02-11,48862.0,MADEIREIRACOSTAEPALUCL514,Consumidor Livre,SUL,12.0,0.13514
,2024-02-12,48862.0,MADEIREIRACOSTAEPALUCL514,Consumidor Livre,SUL,12.0,3.913071
,2024-02-13,48862.0,MADEIREIRACOSTAEPALUCL514,Consumidor Livre,SUL,12.0,3.954754
,2024-02-14,48862.0,MADEIREIRACOSTAEPALUCL514,Consumidor Livre,SUL,12.0,5.109935
,2024-02-15,48862.0,MADEIREIRACOSTAEPALUCL514,Consumidor Livre,SUL,12.0,4.632268
,2024-02-16,48862.0,MADEIREIRACOSTAEPALUCL514,Consumidor Livre,SUL,12.0,3.997662
,2024-02-17,48862.0,MADEIREIRACOSTAEPALUCL514,Consumidor Livre,SUL,12.0,2.676368
,2024-02-18,48862.0,MADEIREIRACOSTAEPALUCL514,Consumidor Livre,SUL,12.0,0.104012
,2024-02-19,48862.0,MADEIREIRACOSTAEPALUCL514,Consumidor Livre,SUL,12.0,3.483568
,2024-02-20,48862.0,MADEIREIRACOSTAEPALUCL514,Consumidor Livre,SUL,12.0,4.785016
,2024-02-21,48862.0,MADEIREIRACOSTAEPALUCL514,Consumidor Livre,SUL,12.0,4.468418
,2024-02-22,48862.0,MADEIREIRACOSTAEPALUCL514,Consumidor Livre,SUL,12.0,4.660814
,2024-02-23,48862.0,MADEIREIRACOSTAEPALUCL514,Consumidor Livre,SUL,12.0,4.402656
,2024-02-24,48862.0,MADEIREIRACOSTAEPALUCL514,Consumidor Livre,SUL,12.0,3.1832290000000003
,2024-02-25,48862.0,MADEIREIRACOSTAEPALUCL514,Consumidor Livre,SUL,12.0,0.673138
,2024-02-26,48862.0,MADEIREIRACOSTAEPALUCL514,Consumidor Livre,SUL,12.0,3.765105
,2024-02-27,48862.0,MADEIREIRACOSTAEPALUCL514,Consumidor Livre,SUL,12.0,4.496359
,2024-02-28,48862.0,MADEIREIRACOSTAEPALUCL514,Consumidor Livre,SUL,12.0,4.627847
,2024-02-29,48862.0,MADEIREIRACOSTAEPALUCL514,Consumidor Livre,SUL,12.0,4.569071
202403.0,2024-03-01,48862.0,MADEIREIRACOSTAEPALUCL514,Consumidor Livre,SUL,12.0,4.520596
202403.0,2024-03-01,48862.0,MADEIREIRACOSTAEPALUCL514,Consumidor Livre,SUL,12.0,4.520596
,2024-03-01,,MADEIREIRACOSTAEPALUCL514,,,12.0,4.520596
202403.0,2024-03-02,48862.0,MADEIREIRACOSTAEPALUCL514,Consumidor Livre,SUL,12.0,2.884128
202403.0,2024-03-02,48862.0,MADEIREIRACOSTAEPALUCL514,Consumidor Livre,SUL,12.0,2.884128
,2024-03-02,,MADEIREIRACOSTAEPALUCL514,,,12.0,2.884128
202403.0,2024-03-03,48862.0,MADEIREIRACOSTAEPALUCL514,Consumidor Livre,SUL,12.0,0.662461
202403.0,2024-03-03,48862.0,MADEIREIRACOSTAEPALUCL514,Consumidor Livre,SUL,12.0,0.662461
,2024-03-03,,MADEIREIRACOSTAEPALUCL514,,,12.0,0.662461
202403.0,2024-03-04,48862.0,MADEIREIRACOSTAEPALUCL514,Consumidor Livre,SUL,12.0,3.644889
202403.0,2024-03-04,48862.0,MADEIREIRACOSTAEPALUCL514,Consumidor Livre,SUL,12.0,3.644889
,2024-03-04,,MADEIREIRACOSTAEPALUCL514,,,12.0,3.644889
202403.0,2024-03-05,48862.0,MADEIREIRACOSTAEPALUCL514,Consumidor Livre,SUL,12.0,4.296422
202403.0,2024-03-05,48862.0,MADEIREIRACOSTAEPALUCL514,Consumidor Livre,SUL,12.0,4.296422
,2024-03-05,,MADEIREIRACOSTAEPALUCL514,,,12.0,4.296422
202403.0,2024-03-06,48862.0,MADEIREIRACOSTAEPALUCL514,Consumidor Livre,SUL,12.0,4.310704
202403.0,2024-03-06,48862.0,MADEIREIRACOSTAEPALUCL514,Consumidor Livre,SUL,12.0,4.310704
,2024-03-06,,MADEIREIRACOSTAEPALUCL514,,,12.0,4.310704
202403.0,2024-03-07,48862.0,MADEIREIRACOSTAEPALUCL514,Consumidor Livre,SUL,12.0,4.560379
202403.0,2024-03-07,48862.0,MADEIREIRACOSTAEPALUCL514,Consumidor Livre,SUL,12.0,4.560379
,2024-03-07,,MADEIREIRACOSTAEPALUCL514,,,12.0,4.560379
202403.0,2024-03-08,48862.0,MADEIREIRACOSTAEPALUCL514,Consumidor Livre,SUL,12.0,3.606929
202403.0,2024-03-08,48862.0,MADEIREIRACOSTAEPALUCL514,Consumidor Livre,SUL,12.0,3.606929
,2024-03-08,,MADEIREIRACOSTAEPALUCL514,,,12.0,3.606929
202403.0,2024-03-09,48862.0,MADEIREIRACOSTAEPALUCL514,Consumidor Livre,SUL,12.0,2.868512
202403.0,2024-03-09,48862.0,MADEIREIRACOSTAEPALUCL514,Consumidor Livre,SUL,12.0,2.868512
,2024-03-09,,MADEIREIRACOSTAEPALUCL514,,,12.0,2.868512
202403.0,2024-03-10,48862.0,MADEIREIRACOSTAEPALUCL514,Consumidor Livre,SUL,12.0,1.093063
202403.0,2024-03-10,48862.0,MADEIREIRACOSTAEPALUCL514,Consumidor Livre,SUL,12.0,1.093063
,2024-03-10,,MADEIREIRACOSTAEPALUCL514,,,12.0,1.093063
202403.0,2024-03-11,48862.0,MADEIREIRACOSTAEPALUCL514,Consumidor Livre,SUL,12.0,3.840218
202403.0,2024-03-11,48862.0,MADEIREIRACOSTAEPALUCL514,Consumidor Livre,SUL,12.0,3.840218
,2024-03-11,,MADEIREIRACOSTAEPALUCL514,,,12.0,3.840218
202403.0,2024-03-12,48862.0,MADEIREIRACOSTAEPALUCL514,Consumidor Livre,SUL,12.0,4.428292
202403.0,2024-03-12,48862.0,MADEIREIRACOSTAEPALUCL514,Consumidor Livre,SUL,12.0,4.428292
,2024-03-12,,MADEIREIRACOSTAEPALUCL514,,,12.0,4.428292
202403.0,2024-03-13,48862.0,MADEIREIRACOSTAEPALUCL514,Consumidor Livre,SUL,12.0,4.49722
202403.0,2024-03-13,48862.0,MADEIREIRACOSTAEPALUCL514,Consumidor Livre,SUL,12.0,4.49722
,2024-03-13,,MADEIREIRACOSTAEPALUCL514,,,12.0,4.49722
202403.0,2024-03-14,48862.0,MADEIREIRACOSTAEPALUCL514,Consumidor Livre,SUL,12.0,4.311008
202403.0,2024-03-14,48862.0,MADEIREIRACOSTAEPALUCL514,Consumidor Livre,SUL,12.0,4.311008
,2024-03-14,,MADEIREIRACOSTAEPALUCL514,,,12.0,4.311008
202403.0,2024-03-15,48862.0,MADEIREIRACOSTAEPALUCL514,Consumidor Livre,SUL,12.0,4.194736
202403.0,2024-03-15,48862.0,MADEIREIRACOSTAEPALUCL514,Consumidor Livre,SUL,12.0,4.194736
,2024-03-15,,MADEIREIRACOSTAEPALUCL514,,,12.0,4.194736
202403.0,2024-03-16,48862.0,MADEIREIRACOSTAEPALUCL514,Consumidor Livre,SUL,12.0,2.232943
202403.0,2024-03-16,48862.0,MADEIREIRACOSTAEPALUCL514,Consumidor Livre,SUL,12.0,2.232943
,2024-03-16,,MADEIREIRACOSTAEPALUCL514,,,12.0,2.232943
202403.0,2024-03-17,48862.0,MADEIREIRACOSTAEPALUCL514,Consumidor Livre,SUL,12.0,1.221795
202403.0,2024-03-17,48862.0,MADEIREIRACOSTAEPALUCL514,Consumidor Livre,SUL,12.0,1.221795
,2024-03-17,,MADEIREIRACOSTAEPALUCL514,,,12.0,1.221795
202403.0,2024-03-18,48862.0,MADEIREIRACOSTAEPALUCL514,Consumidor Livre,SUL,12.0,3.988583
202403.0,2024-03-18,48862.0,MADEIREIRACOSTAEPALUCL514,Consumidor Livre,SUL,12.0,3.988583
,2024-03-18,,MADEIREIRACOSTAEPALUCL514,,,12.0,3.988583
202403.0,2024-03-19,48862.0,MADEIREIRACOSTAEPALUCL514,Consumidor Livre,SUL,12.0,4.610702
202403.0,2024-03-19,48862.0,MADEIREIRACOSTAEPALUCL514,Consumidor Livre,SUL,12.0,4.610702
,2024-03-19,,MADEIREIRACOSTAEPALUCL514,,,12.0,4.610702
202403.0,2024-03-20,48862.0,MADEIREIRACOSTAEPALUCL514,Consumidor Livre,SUL,12.0,4.349748
202403.0,2024-03-20,48862.0,MADEIREIRACOSTAEPALUCL514,Consumidor Livre,SUL,12.0,4.349748
,2024-03-20,,MADEIREIRACOSTAEPALUCL514,,,12.0,4.349748
202403.0,2024-03-21,48862.0,MADEIREIRACOSTAEPALUCL514,Consumidor Livre,SUL,12.0,4.232442
202403.0,2024-03-21,48862.0,MADEIREIRACOSTAEPALUCL514,Consumidor Livre,SUL,12.0,4.232442
,2024-03-21,,MADEIREIRACOSTAEPALUCL514,,,12.0,4.232442
202403.0,2024-03-22,48862.0,MADEIREIRACOSTAEPALUCL514,Consumidor Livre,SUL,12.0,4.280213
202403.0,2024-03-22,48862.0,MADEIREIRACOSTAEPALUCL514,Consumidor Livre,SUL,12.0,4.280213
,2024-03-22,,MADEIREIRACOSTAEPALUCL514,,,12.0,4.280213
202403.0,2024-03-23,48862.0,MADEIREIRACOSTAEPALUCL514,Consumidor Livre,SUL,12.0,3.193113
202403.0,2024-03-23,48862.0,MADEIREIRACOSTAEPALUCL514,Consumidor Livre,SUL,12.0,3.193113
,2024-03-23,,MADEIREIRACOSTAEPALUCL514,,,12.0,3.193113
202403.0,2024-03-24,48862.0,MADEIREIRACOSTAEPALUCL514,Consumidor Livre,SUL,12.0,1.21116
202403.0,2024-03-24,48862.0,MADEIREIRACOSTAEPALUCL514,Consumidor Livre,SUL,12.0,1.21116
,2024-03-24,,MADEIREIRACOSTAEPALUCL514,,,12.0,1.21116
202403.0,2024-03-25,48862.0,MADEIREIRACOSTAEPALUCL514,Consumidor Livre,SUL,12.0,3.710563
202403.0,2024-03-25,48862.0,MADEIREIRACOSTAEPALUCL514,Consumidor Livre,SUL,12.0,3.710563
,2024-03-25,,MADEIREIRACOSTAEPALUCL514,,,12.0,3.710563
202403.0,2024-03-26,48862.0,MADEIREIRACOSTAEPALUCL514,Consumidor Livre,SUL,12.0,4.299751
202403.0,2024-03-26,48862.0,MADEIREIRACOSTAEPALUCL514,Consumidor Livre,SUL,12.0,4.299751
,2024-03-26,,MADEIREIRACOSTAEPALUCL514,,,12.0,4.299751
202403.0,2024-03-27,48862.0,MADEIREIRACOSTAEPALUCL514,Consumidor Livre,SUL,12.0,4.701706
202403.0,2024-03-27,48862.0,MADEIREIRACOSTAEPALUCL514,Consumidor Livre,SUL,12.0,4.701706
,2024-03-27,,MADEIREIRACOSTAEPALUCL514,,,12.0,4.701706
202403.0,2024-03-28,48862.0,MADEIREIRACOSTAEPALUCL514,Consumidor Livre,SUL,12.0,4.739415
202403.0,2024-03-28,48862.0,MADEIREIRACOSTAEPALUCL514,Consumidor Livre,SUL,12.0,4.739415
,2024-03-28,,MADEIREIRACOSTAEPALUCL514,,,12.0,4.739415
202403.0,2024-03-29,48862.0,MADEIREIRACOSTAEPALUCL514,Consumidor Livre,SUL,12.0,0.680538
202403.0,2024-03-29,48862.0,MADEIREIRACOSTAEPALUCL514,Consumidor Livre,SUL,12.0,0.680538
,2024-03-29,,MADEIREIRACOSTAEPALUCL514,,,12.0,0.680538
202403.0,2024-03-30,48862.0,MADEIREIRACOSTAEPALUCL514,Consumidor Livre,SUL,12.0,2.186385
202403.0,2024-03-30,48862.0,MADEIREIRACOSTAEPALUCL514,Consumidor Livre,SUL,12.0,2.186385
,2024-03-30,,MADEIREIRACOSTAEPALUCL514,,,12.0,2.186385
202403.0,2024-03-31,48862.0,MADEIREIRACOSTAEPALUCL514,Consumidor Livre,SUL,12.0,0.655001
202403.0,2024-03-31,48862.0,MADEIREIRACOSTAEPALUCL514,Consumidor Livre,SUL,12.0,0.655001
,2024-03-31,,MADEIREIRACOSTAEPALUCL514,,,12.0,0.655001
202404.0,2024-04-01,48862.0,MADEIREIRACOSTAEPALUCL514,Consumidor Livre,SUL,12.0,3.777013
202404.0,2024-04-01,48862.0,MADEIREIRACOSTAEPALUCL514,Consumidor Livre,SUL,12.0,3.777013
,2024-04-01,,MADEIREIRACOSTAEPALUCL514,,,12.0,3.777013
202404.0,2024-04-02,48862.0,MADEIREIRACOSTAEPALUCL514,Consumidor Livre,SUL,12.0,4.825842
202404.0,2024-04-02,48862.0,MADEIREIRACOSTAEPALUCL514,Consumidor Livre,SUL,12.0,4.825842
,2024-04-02,,MADEIREIRACOSTAEPALUCL514,,,12.0,4.825842
202404.0,2024-04-03,48862.0,MADEIREIRACOSTAEPALUCL514,Consumidor Livre,SUL,12.0,4.755525
202404.0,2024-04-03,48862.0,MADEIREIRACOSTAEPALUCL514,Consumidor Livre,SUL,12.0,4.755525
,2024-04-03,,MADEIREIRACOSTAEPALUCL514,,,12.0,4.755525
202404.0,2024-04-04,48862.0,MADEIREIRACOSTAEPALUCL514,Consumidor Livre,SUL,12.0,4.28329
202404.0,2024-04-04,48862.0,MADEIREIRACOSTAEPALUCL514,Consumidor Livre,SUL,12.0,4.28329
,2024-04-04,,MADEIREIRACOSTAEPALUCL514,,,12.0,4.28329
202404.0,2024-04-05,48862.0,MADEIREIRACOSTAEPALUCL514,Consumidor Livre,SUL,12.0,4.347061
202404.0,2024-04-05,48862.0,MADEIREIRACOSTAEPALUCL514,Consumidor Livre,SUL,12.0,4.347061
,2024-04-05,,MADEIREIRACOSTAEPALUCL514,,,12.0,4.347061
202404.0,2024-04-06,48862.0,MADEIREIRACOSTAEPALUCL514,Consumidor Livre,SUL,12.0,2.838082
202404.0,2024-04-06,48862.0,MADEIREIRACOSTAEPALUCL514,Consumidor Livre,SUL,12.0,2.838082
,2024-04-06,,MADEIREIRACOSTAEPALUCL514,,,12.0,2.838082
202404.0,2024-04-07,48862.0,MADEIREIRACOSTAEPALUCL514,Consumidor Livre,SUL,12.0,1.412253
202404.0,2024-04-07,48862.0,MADEIREIRACOSTAEPALUCL514,Consumidor Livre,SUL,12.0,1.412253
,2024-04-07,,MADEIREIRACOSTAEPALUCL514,,,12.0,1.412253
202404.0,2024-04-08,48862.0,MADEIREIRACOSTAEPALUCL514,Consumidor Livre,SUL,12.0,3.870079
202404.0,2024-04-08,48862.0,MADEIREIRACOSTAEPALUCL514,Consumidor Livre,SUL,12.0,3.870079
,2024-04-08,,MADEIREIRACOSTAEPALUCL514,,,12.0,3.870079
202404.0,2024-04-09,48862.0,MADEIREIRACOSTAEPALUCL514,Consumidor Livre,SUL,12.0,4.87075
202404.0,2024-04-09,48862.0,MADEIREIRACOSTAEPALUCL514,Consumidor Livre,SUL,12.0,4.87075
,2024-04-09,,MADEIREIRACOSTAEPALUCL514,,,12.0,4.87075
202404.0,2024-04-10,48862.0,MADEIREIRACOSTAEPALUCL514,Consumidor Livre,SUL,12.0,4.726152
202404.0,2024-04-10,48862.0,MADEIREIRACOSTAEPALUCL514,Consumidor Livre,SUL,12.0,4.726152
,2024-04-10,,MADEIREIRACOSTAEPALUCL514,,,12.0,4.726152
202404.0,2024-04-11,48862.0,MADEIREIRACOSTAEPALUCL514,Consumidor Livre,SUL,12.0,4.301111
202404.0,2024-04-11,48862.0,MADEIREIRACOSTAEPALUCL514,Consumidor Livre,SUL,12.0,4.301111
,2024-04-11,,MADEIREIRACOSTAEPALUCL514,,,12.0,4.301111
202404.0,2024-04-12,48862.0,MADEIREIRACOSTAEPALUCL514,Consumidor Livre,SUL,12.0,4.571697
202404.0,2024-04-12,48862.0,MADEIREIRACOSTAEPALUCL514,Consumidor Livre,SUL,12.0,4.571697
,2024-04-12,,MADEIREIRACOSTAEPALUCL514,,,12.0,4.571697
202404.0,2024-04-13,48862.0,MADEIREIRACOSTAEPALUCL514,Consumidor Livre,SUL,12.0,3.154711
202404.0,2024-04-13,48862.0,MADEIREIRACOSTAEPALUCL514,Consumidor Livre,SUL,12.0,3.154711
,2024-04-13,,MADEIREIRACOSTAEPALUCL514,,,12.0,3.154711
202404.0,2024-04-14,48862.0,MADEIREIRACOSTAEPALUCL514,Consumidor Livre,SUL,12.0,1.265339
202404.0,2024-04-14,48862.0,MADEIREIRACOSTAEPALUCL514,Consumidor Livre,SUL,12.0,1.265339
,2024-04-14,,MADEIREIRACOSTAEPALUCL514,,,12.0,1.265339
202404.0,2024-04-15,48862.0,MADEIREIRACOSTAEPALUCL514,Consumidor Livre,SUL,12.0,3.733308
202404.0,2024-04-15,48862.0,MADEIREIRACOSTAEPALUCL514,Consumidor Livre,SUL,12.0,3.733308
,2024-04-15,,MADEIREIRACOSTAEPALUCL514,,,12.0,3.733308
202404.0,2024-04-16,48862.0,MADEIREIRACOSTAEPALUCL514,Consumidor Livre,SUL,12.0,4.177506
202404.0,2024-04-16,48862.0,MADEIREIRACOSTAEPALUCL514,Consumidor Livre,SUL,12.0,4.177506
,2024-04-16,,MADEIREIRACOSTAEPALUCL514,,,12.0,4.177506
202404.0,2024-04-17,48862.0,MADEIREIRACOSTAEPALUCL514,Consumidor Livre,SUL,12.0,4.37863
202404.0,2024-04-17,48862.0,MADEIREIRACOSTAEPALUCL514,Consumidor Livre,SUL,12.0,4.37863
,2024-04-17,,MADEIREIRACOSTAEPALUCL514,,,12.0,4.37863
202404.0,2024-04-18,48862.0,MADEIREIRACOSTAEPALUCL514,Consumidor Livre,SUL,12.0,4.089474
202404.0,2024-04-18,48862.0,MADEIREIRACOSTAEPALUCL514,Consumidor Livre,SUL,12.0,4.089474
,2024-04-18,,MADEIREIRACOSTAEPALUCL514,,,12.0,4.089474
202404.0,2024-04-19,48862.0,MADEIREIRACOSTAEPALUCL514,Consumidor Livre,SUL,12.0,3.788188
202404.0,2024-04-19,48862.0,MADEIREIRACOSTAEPALUCL514,Consumidor Livre,SUL,12.0,3.788188
,2024-04-19,,MADEIREIRACOSTAEPALUCL514,,,12.0,3.788188
202404.0,2024-04-20,48862.0,MADEIREIRACOSTAEPALUCL514,Consumidor Livre,SUL,12.0,1.951507
202404.0,2024-04-20,48862.0,MADEIREIRACOSTAEPALUCL514,Consumidor Livre,SUL,12.0,1.951507
,2024-04-20,,MADEIREIRACOSTAEPALUCL514,,,12.0,1.951507
202404.0,2024-04-21,48862.0,MADEIREIRACOSTAEPALUCL514,Consumidor Livre,SUL,12.0,1.404202
202404.0,2024-04-21,48862.0,MADEIREIRACOSTAEPALUCL514,Consumidor Livre,SUL,12.0,1.404202
,2024-04-21,,MADEIREIRACOSTAEPALUCL514,,,12.0,1.404202
202404.0,2024-04-22,48862.0,MADEIREIRACOSTAEPALUCL514,Consumidor Livre,SUL,12.0,3.522535
202404.0,2024-04-22,48862.0,MADEIREIRACOSTAEPALUCL514,Consumidor Livre,SUL,12.0,3.522535
,2024-04-22,,MADEIREIRACOSTAEPALUCL514,,,12.0,3.522535
202404.0,2024-04-23,48862.0,MADEIREIRACOSTAEPALUCL514,Consumidor Livre,SUL,12.0,4.20243
202404.0,2024-04-23,48862.0,MADEIREIRACOSTAEPALUCL514,Consumidor Livre,SUL,12.0,4.20243
,2024-04-23,,MADEIREIRACOSTAEPALUCL514,,,12.0,4.20243
202404.0,2024-04-24,48862.0,MADEIREIRACOSTAEPALUCL514,Consumidor Livre,SUL,12.0,4.247889
202404.0,2024-04-24,48862.0,MADEIREIRACOSTAEPALUCL514,Consumidor Livre,SUL,12.0,4.247889
,2024-04-24,,MADEIREIRACOSTAEPALUCL514,,,12.0,4.247889
202404.0,2024-04-25,48862.0,MADEIREIRACOSTAEPALUCL514,Consumidor Livre,SUL,12.0,4.583068
202404.0,2024-04-25,48862.0,MADEIREIRACOSTAEPALUCL514,Consumidor Livre,SUL,12.0,4.583068
,2024-04-25,,MADEIREIRACOSTAEPALUCL514,,,12.0,4.583068
202404.0,2024-04-26,48862.0,MADEIREIRACOSTAEPALUCL514,Consumidor Livre,SUL,12.0,4.620014
202404.0,2024-04-26,48862.0,MADEIREIRACOSTAEPALUCL514,Consumidor Livre,SUL,12.0,4.620014
,2024-04-26,,MADEIREIRACOSTAEPALUCL514,,,12.0,4.620014
202404.0,2024-04-27,48862.0,MADEIREIRACOSTAEPALUCL514,Consumidor Livre,SUL,12.0,3.032058
202404.0,2024-04-27,48862.0,MADEIREIRACOSTAEPALUCL514,Consumidor Livre,SUL,12.0,3.032058
,2024-04-27,,MADEIREIRACOSTAEPALUCL514,,,12.0,3.032058
202404.0,2024-04-28,48862.0,MADEIREIRACOSTAEPALUCL514,Consumidor Livre,SUL,12.0,1.203117
202404.0,2024-04-28,48862.0,MADEIREIRACOSTAEPALUCL514,Consumidor Livre,SUL,12.0,1.203117
,2024-04-28,,MADEIREIRACOSTAEPALUCL514,,,12.0,1.203117
202404.0,2024-04-29,48862.0,MADEIREIRACOSTAEPALUCL514,Consumidor Livre,SUL,12.0,3.926278
202404.0,2024-04-29,48862.0,MADEIREIRACOSTAEPALUCL514,Consumidor Livre,SUL,12.0,3.926278
,2024-04-29,,MADEIREIRACOSTAEPALUCL514,,,12.0,3.926278
202404.0,2024-04-30,48862.0,MADEIREIRACOSTAEPALUCL514,Consumidor Livre,SUL,12.0,4.284608
202404.0,2024-04-30,48862.0,MADEIREIRACOSTAEPALUCL514,Consumidor Livre,SUL,12.0,4.284608
,2024-04-30,,MADEIREIRACOSTAEPALUCL514,,,12.0,4.284608
202405.0,2024-05-01,48862.0,MADEIREIRACOSTAEPALUCL514,Consumidor Livre,SUL,12.0,2.512444
202405.0,2024-05-01,48862.0,MADEIREIRACOSTAEPALUCL514,Consumidor Livre,SUL,12.0,2.512444
,2024-05-01,,MADEIREIRACOSTAEPALUCL514,,,12.0,2.512444
202405.0,2024-05-02,48862.0,MADEIREIRACOSTAEPALUCL514,Consumidor Livre,SUL,12.0,3.729249
202405.0,2024-05-02,48862.0,MADEIREIRACOSTAEPALUCL514,Consumidor Livre,SUL,12.0,3.729249
,2024-05-02,,MADEIREIRACOSTAEPALUCL514,,,12.0,3.729249
202405.0,2024-05-03,48862.0,MADEIREIRACOSTAEPALUCL514,Consumidor Livre,SUL,12.0,5.192205
202405.0,2024-05-03,48862.0,MADEIREIRACOSTAEPALUCL514,Consumidor Livre,SUL,12.0,5.192205
,2024-05-03,,MADEIREIRACOSTAEPALUCL514,,,12.0,5.192205
202405.0,2024-05-04,48862.0,MADEIREIRACOSTAEPALUCL514,Consumidor Livre,SUL,12.0,3.208361
202405.0,2024-05-04,48862.0,MADEIREIRACOSTAEPALUCL514,Consumidor Livre,SUL,12.0,3.208361
,2024-05-04,,MADEIREIRACOSTAEPALUCL514,,,12.0,3.208361
202405.0,2024-05-05,48862.0,MADEIREIRACOSTAEPALUCL514,Consumidor Livre,SUL,12.0,1.408872
202405.0,2024-05-05,48862.0,MADEIREIRACOSTAEPALUCL514,Consumidor Livre,SUL,12.0,1.408872
,2024-05-05,,MADEIREIRACOSTAEPALUCL514,,,12.0,1.408872
202405.0,2024-05-06,48862.0,MADEIREIRACOSTAEPALUCL514,Consumidor Livre,SUL,12.0,3.71759
202405.0,2024-05-06,48862.0,MADEIREIRACOSTAEPALUCL514,Consumidor Livre,SUL,12.0,3.71759
,2024-05-06,,MADEIREIRACOSTAEPALUCL514,,,12.0,3.71759
202405.0,2024-05-07,48862.0,MADEIREIRACOSTAEPALUCL514,Consumidor Livre,SUL,12.0,4.951652
202405.0,2024-05-07,48862.0,MADEIREIRACOSTAEPALUCL514,Consumidor Livre,SUL,12.0,4.951652
,2024-05-07,,MADEIREIRACOSTAEPALUCL514,,,12.0,4.951652
202405.0,2024-05-08,48862.0,MADEIREIRACOSTAEPALUCL514,Consumidor Livre,SUL,12.0,5.047131
202405.0,2024-05-08,48862.0,MADEIREIRACOSTAEPALUCL514,Consumidor Livre,SUL,12.0,5.047131
,2024-05-08,,MADEIREIRACOSTAEPALUCL514,,,12.0,5.047131
202405.0,2024-05-09,48862.0,MADEIREIRACOSTAEPALUCL514,Consumidor Livre,SUL,12.0,5.134551
202405.0,2024-05-09,48862.0,MADEIREIRACOSTAEPALUCL514,Consumidor Livre,SUL,12.0,5.134551
,2024-05-09,,MADEIREIRACOSTAEPALUCL514,,,12.0,5.134551
202405.0,2024-05-10,48862.0,MADEIREIRACOSTAEPALUCL514,Consumidor Livre,SUL,12.0,4.554402
202405.0,2024-05-10,48862.0,MADEIREIRACOSTAEPALUCL514,Consumidor Livre,SUL,12.0,4.554402
,2024-05-10,,MADEIREIRACOSTAEPALUCL514,,,12.0,4.554402
202405.0,2024-05-11,48862.0,MADEIREIRACOSTAEPALUCL514,Consumidor Livre,SUL,12.0,3.826918
202405.0,2024-05-11,48862.0,MADEIREIRACOSTAEPALUCL514,Consumidor Livre,SUL,12.0,3.826918
,2024-05-11,,MADEIREIRACOSTAEPALUCL514,,,12.0,3.826918
202405.0,2024-05-12,48862.0,MADEIREIRACOSTAEPALUCL514,Consumidor Livre,SUL,12.0,1.507943
202405.0,2024-05-12,48862.0,MADEIREIRACOSTAEPALUCL514,Consumidor Livre,SUL,12.0,1.507943
,2024-05-12,,MADEIREIRACOSTAEPALUCL514,,,12.0,1.507943
202405.0,2024-05-13,48862.0,MADEIREIRACOSTAEPALUCL514,Consumidor Livre,SUL,12.0,4.321481
202405.0,2024-05-13,48862.0,MADEIREIRACOSTAEPALUCL514,Consumidor Livre,SUL,12.0,4.321481
,2024-05-13,,MADEIREIRACOSTAEPALUCL514,,,12.0,4.321481
202405.0,2024-05-14,48862.0,MADEIREIRACOSTAEPALUCL514,Consumidor Livre,SUL,12.0,5.010222
202405.0,2024-05-14,48862.0,MADEIREIRACOSTAEPALUCL514,Consumidor Livre,SUL,12.0,5.010222
,2024-05-14,,MADEIREIRACOSTAEPALUCL514,,,12.0,5.010222
202405.0,2024-05-15,48862.0,MADEIREIRACOSTAEPALUCL514,Consumidor Livre,SUL,12.0,5.503501
202405.0,2024-05-15,48862.0,MADEIREIRACOSTAEPALUCL514,Consumidor Livre,SUL,12.0,5.503501
,2024-05-15,,MADEIREIRACOSTAEPALUCL514,,,12.0,5.503501
202405.0,2024-05-16,48862.0,MADEIREIRACOSTAEPALUCL514,Consumidor Livre,SUL,12.0,5.351541
202405.0,2024-05-16,48862.0,MADEIREIRACOSTAEPALUCL514,Consumidor Livre,SUL,12.0,5.351541
,2024-05-16,,MADEIREIRACOSTAEPALUCL514,,,12.0,5.351541
202405.0,2024-05-17,48862.0,MADEIREIRACOSTAEPALUCL514,Consumidor Livre,SUL,12.0,5.231072
202405.0,2024-05-17,48862.0,MADEIREIRACOSTAEPALUCL514,Consumidor Livre,SUL,12.0,5.231072
,2024-05-17,,MADEIREIRACOSTAEPALUCL514,,,12.0,5.231072
202405.0,2024-05-18,48862.0,MADEIREIRACOSTAEPALUCL514,Consumidor Livre,SUL,12.0,3.793016
202405.0,2024-05-18,48862.0,MADEIREIRACOSTAEPALUCL514,Consumidor Livre,SUL,12.0,3.793016
,2024-05-18,,MADEIREIRACOSTAEPALUCL514,,,12.0,3.793016
202405.0,2024-05-19,48862.0,MADEIREIRACOSTAEPALUCL514,Consumidor Livre,SUL,12.0,1.641769
202405.0,2024-05-19,48862.0,MADEIREIRACOSTAEPALUCL514,Consumidor Livre,SUL,12.0,1.641769
,2024-05-19,,MADEIREIRACOSTAEPALUCL514,,,12.0,1.641769
202405.0,2024-05-20,48862.0,MADEIREIRACOSTAEPALUCL514,Consumidor Livre,SUL,12.0,4.203619
202405.0,2024-05-20,48862.0,MADEIREIRACOSTAEPALUCL514,Consumidor Livre,SUL,12.0,4.203619
,2024-05-20,,MADEIREIRACOSTAEPALUCL514,,,12.0,4.203619
202405.0,2024-05-21,48862.0,MADEIREIRACOSTAEPALUCL514,Consumidor Livre,SUL,12.0,5.098726
202405.0,2024-05-21,48862.0,MADEIREIRACOSTAEPALUCL514,Consumidor Livre,SUL,12.0,5.098726
,2024-05-21,,MADEIREIRACOSTAEPALUCL514,,,12.0,5.098726
202405.0,2024-05-22,48862.0,MADEIREIRACOSTAEPALUCL514,Consumidor Livre,SUL,12.0,2.761834
202405.0,2024-05-22,48862.0,MADEIREIRACOSTAEPALUCL514,Consumidor Livre,SUL,12.0,2.761834
,2024-05-22,,MADEIREIRACOSTAEPALUCL514,,,12.0,2.761834
202405.0,2024-05-23,48862.0,MADEIREIRACOSTAEPALUCL514,Consumidor Livre,SUL,12.0,2.791203
202405.0,2024-05-23,48862.0,MADEIREIRACOSTAEPALUCL514,Consumidor Livre,SUL,12.0,2.791203
,2024-05-23,,MADEIREIRACOSTAEPALUCL514,,,12.0,2.791203
202405.0,2024-05-24,48862.0,MADEIREIRACOSTAEPALUCL514,Consumidor Livre,SUL,12.0,3.230023
202405.0,2024-05-24,48862.0,MADEIREIRACOSTAEPALUCL514,Consumidor Livre,SUL,12.0,3.230023
,2024-05-24,,MADEIREIRACOSTAEPALUCL514,,,12.0,3.230023
202405.0,2024-05-25,48862.0,MADEIREIRACOSTAEPALUCL514,Consumidor Livre,SUL,12.0,3.870049
202405.0,2024-05-25,48862.0,MADEIREIRACOSTAEPALUCL514,Consumidor Livre,SUL,12.0,3.870049
,2024-05-25,,MADEIREIRACOSTAEPALUCL514,,,12.0,3.870049
202405.0,2024-05-26,48862.0,MADEIREIRACOSTAEPALUCL514,Consumidor Livre,SUL,12.0,3.224797
202405.0,2024-05-26,48862.0,MADEIREIRACOSTAEPALUCL514,Consumidor Livre,SUL,12.0,3.224797
,2024-05-26,,MADEIREIRACOSTAEPALUCL514,,,12.0,3.224797
202405.0,2024-05-27,48862.0,MADEIREIRACOSTAEPALUCL514,Consumidor Livre,SUL,12.0,5.295378
202405.0,2024-05-27,48862.0,MADEIREIRACOSTAEPALUCL514,Consumidor Livre,SUL,12.0,5.295378
,2024-05-27,,MADEIREIRACOSTAEPALUCL514,,,12.0,5.295378
202405.0,2024-05-28,48862.0,MADEIREIRACOSTAEPALUCL514,Consumidor Livre,SUL,12.0,5.057588
202405.0,2024-05-28,48862.0,MADEIREIRACOSTAEPALUCL514,Consumidor Livre,SUL,12.0,5.057588
,2024-05-28,,MADEIREIRACOSTAEPALUCL514,,,12.0,5.057588
202405.0,2024-05-29,48862.0,MADEIREIRACOSTAEPALUCL514,Consumidor Livre,SUL,12.0,5.336167
202405.0,2024-05-29,48862.0,MADEIREIRACOSTAEPALUCL514,Consumidor Livre,SUL,12.0,5.336167
,2024-05-29,,MADEIREIRACOSTAEPALUCL514,,,12.0,5.336167
202405.0,2024-05-30,48862.0,MADEIREIRACOSTAEPALUCL514,Consumidor Livre,SUL,12.0,2.982335
202405.0,2024-05-30,48862.0,MADEIREIRACOSTAEPALUCL514,Consumidor Livre,SUL,12.0,2.982335
,2024-05-30,,MADEIREIRACOSTAEPALUCL514,,,12.0,2.982335
202405.0,2024-05-31,48862.0,MADEIREIRACOSTAEPALUCL514,Consumidor Livre,SUL,12.0,4.817832
202405.0,2024-05-31,48862.0,MADEIREIRACOSTAEPALUCL514,Consumidor Livre,SUL,12.0,4.817832
,2024-05-31,,MADEIREIRACOSTAEPALUCL514,,,12.0,4.817832
202406.0,2024-06-01,48862.0,MADEIREIRACOSTAEPALUCL514,Consumidor Livre,SUL,12.0,2.996092
202406.0,2024-06-01,48862.0,MADEIREIRACOSTAEPALUCL514,Consumidor Livre,SUL,12.0,2.996092
,2024-06-01,,MADEIREIRACOSTAEPALUCL514,,,12.0,2.996092
202406.0,2024-06-02,48862.0,MADEIREIRACOSTAEPALUCL514,Consumidor Livre,SUL,12.0,0.056941
202406.0,2024-06-02,48862.0,MADEIREIRACOSTAEPALUCL514,Consumidor Livre,SUL,12.0,0.056941
,2024-06-02,,MADEIREIRACOSTAEPALUCL514,,,12.0,0.056941
202406.0,2024-06-03,48862.0,MADEIREIRACOSTAEPALUCL514,Consumidor Livre,SUL,12.0,4.271163
202406.0,2024-06-03,48862.0,MADEIREIRACOSTAEPALUCL514,Consumidor Livre,SUL,12.0,4.271163
,2024-06-03,,MADEIREIRACOSTAEPALUCL514,,,12.0,4.271163
202406.0,2024-06-04,48862.0,MADEIREIRACOSTAEPALUCL514,Consumidor Livre,SUL,12.0,4.668339
202406.0,2024-06-04,48862.0,MADEIREIRACOSTAEPALUCL514,Consumidor Livre,SUL,12.0,4.668339
,2024-06-04,,MADEIREIRACOSTAEPALUCL514,,,12.0,4.668339
202406.0,2024-06-05,48862.0,MADEIREIRACOSTAEPALUCL514,Consumidor Livre,SUL,12.0,4.676398
202406.0,2024-06-05,48862.0,MADEIREIRACOSTAEPALUCL514,Consumidor Livre,SUL,12.0,4.676398
,2024-06-05,,MADEIREIRACOSTAEPALUCL514,,,12.0,4.676398
202406.0,2024-06-06,48862.0,MADEIREIRACOSTAEPALUCL514,Consumidor Livre,SUL,12.0,4.784771
202406.0,2024-06-06,48862.0,MADEIREIRACOSTAEPALUCL514,Consumidor Livre,SUL,12.0,4.784771
,2024-06-06,,MADEIREIRACOSTAEPALUCL514,,,12.0,4.784771
202406.0,2024-06-07,48862.0,MADEIREIRACOSTAEPALUCL514,Consumidor Livre,SUL,12.0,5.092892
202406.0,2024-06-07,48862.0,MADEIREIRACOSTAEPALUCL514,Consumidor Livre,SUL,12.0,5.092892
,2024-06-07,,MADEIREIRACOSTAEPALUCL514,,,12.0,5.092892
202406.0,2024-06-08,48862.0,MADEIREIRACOSTAEPALUCL514,Consumidor Livre,SUL,12.0,3.860929
202406.0,2024-06-08,48862.0,MADEIREIRACOSTAEPALUCL514,Consumidor Livre,SUL,12.0,3.860929
,2024-06-08,,MADEIREIRACOSTAEPALUCL514,,,12.0,3.860929
202406.0,2024-06-09,48862.0,MADEIREIRACOSTAEPALUCL514,Consumidor Livre,SUL,12.0,0.804732
202406.0,2024-06-09,48862.0,MADEIREIRACOSTAEPALUCL514,Consumidor Livre,SUL,12.0,0.804732
,2024-06-09,,MADEIREIRACOSTAEPALUCL514,,,12.0,0.804732
202406.0,2024-06-10,48862.0,MADEIREIRACOSTAEPALUCL514,Consumidor Livre,SUL,12.0,4.100699
202406.0,2024-06-10,48862.0,MADEIREIRACOSTAEPALUCL514,Consumidor Livre,SUL,12.0,4.100699
,2024-06-10,,MADEIREIRACOSTAEPALUCL514,,,12.0,4.100699
202406.0,2024-06-11,48862.0,MADEIREIRACOSTAEPALUCL514,Consumidor Livre,SUL,12.0,4.919873
202406.0,2024-06-11,48862.0,MADEIREIRACOSTAEPALUCL514,Consumidor Livre,SUL,12.0,4.919873
,2024-06-11,,MADEIREIRACOSTAEPALUCL514,,,12.0,4.919873
202406.0,2024-06-12,48862.0,MADEIREIRACOSTAEPALUCL514,Consumidor Livre,SUL,12.0,5.290239
202406.0,2024-06-12,48862.0,MADEIREIRACOSTAEPALUCL514,Consumidor Livre,SUL,12.0,5.290239
,2024-06-12,,MADEIREIRACOSTAEPALUCL514,,,12.0,5.290239
202406.0,2024-06-13,48862.0,MADEIREIRACOSTAEPALUCL514,Consumidor Livre,SUL,12.0,5.050458
202406.0,2024-06-13,48862.0,MADEIREIRACOSTAEPALUCL514,Consumidor Livre,SUL,12.0,5.050458
,2024-06-13,,MADEIREIRACOSTAEPALUCL514,,,12.0,5.050458
202406.0,2024-06-14,48862.0,MADEIREIRACOSTAEPALUCL514,Consumidor Livre,SUL,12.0,4.823053
202406.0,2024-06-14,48862.0,MADEIREIRACOSTAEPALUCL514,Consumidor Livre,SUL,12.0,4.823053
,2024-06-14,,MADEIREIRACOSTAEPALUCL514,,,12.0,4.823053
202406.0,2024-06-15,48862.0,MADEIREIRACOSTAEPALUCL514,Consumidor Livre,SUL,12.0,3.710489
202406.0,2024-06-15,48862.0,MADEIREIRACOSTAEPALUCL514,Consumidor Livre,SUL,12.0,3.710489
,2024-06-15,,MADEIREIRACOSTAEPALUCL514,,,12.0,3.710489
202406.0,2024-06-16,48862.0,MADEIREIRACOSTAEPALUCL514,Consumidor Livre,SUL,12.0,1.542654
202406.0,2024-06-16,48862.0,MADEIREIRACOSTAEPALUCL514,Consumidor Livre,SUL,12.0,1.542654
,2024-06-16,,MADEIREIRACOSTAEPALUCL514,,,12.0,1.542654
202406.0,2024-06-17,48862.0,MADEIREIRACOSTAEPALUCL514,Consumidor Livre,SUL,12.0,4.081215
202406.0,2024-06-17,48862.0,MADEIREIRACOSTAEPALUCL514,Consumidor Livre,SUL,12.0,4.081215
,2024-06-17,,MADEIREIRACOSTAEPALUCL514,,,12.0,4.081215
202406.0,2024-06-18,48862.0,MADEIREIRACOSTAEPALUCL514,Consumidor Livre,SUL,12.0,5.279083
202406.0,2024-06-18,48862.0,MADEIREIRACOSTAEPALUCL514,Consumidor Livre,SUL,12.0,5.279083
,2024-06-18,,MADEIREIRACOSTAEPALUCL514,,,12.0,5.279083
202406.0,2024-06-19,48862.0,MADEIREIRACOSTAEPALUCL514,Consumidor Livre,SUL,12.0,5.369525
202406.0,2024-06-19,48862.0,MADEIREIRACOSTAEPALUCL514,Consumidor Livre,SUL,12.0,5.369525
,2024-06-19,,MADEIREIRACOSTAEPALUCL514,,,12.0,5.369525
202406.0,2024-06-20,48862.0,MADEIREIRACOSTAEPALUCL514,Consumidor Livre,SUL,12.0,5.300334
202406.0,2024-06-20,48862.0,MADEIREIRACOSTAEPALUCL514,Consumidor Livre,SUL,12.0,5.300334
,2024-06-20,,MADEIREIRACOSTAEPALUCL514,,,12.0,5.300334
202406.0,2024-06-21,48862.0,MADEIREIRACOSTAEPALUCL514,Consumidor Livre,SUL,12.0,5.142442
202406.0,2024-06-21,48862.0,MADEIREIRACOSTAEPALUCL514,Consumidor Livre,SUL,12.0,5.142442
,2024-06-21,,MADEIREIRACOSTAEPALUCL514,,,12.0,5.142442
202406.0,2024-06-22,48862.0,MADEIREIRACOSTAEPALUCL514,Consumidor Livre,SUL,12.0,3.724288
202406.0,2024-06-22,48862.0,MADEIREIRACOSTAEPALUCL514,Consumidor Livre,SUL,12.0,3.724288
,2024-06-22,,MADEIREIRACOSTAEPALUCL514,,,12.0,3.724288
202406.0,2024-06-23,48862.0,MADEIREIRACOSTAEPALUCL514,Consumidor Livre,SUL,12.0,1.562959
202406.0,2024-06-23,48862.0,MADEIREIRACOSTAEPALUCL514,Consumidor Livre,SUL,12.0,1.562959
,2024-06-23,,MADEIREIRACOSTAEPALUCL514,,,12.0,1.562959
202406.0,2024-06-24,48862.0,MADEIREIRACOSTAEPALUCL514,Consumidor Livre,SUL,12.0,4.817695
202406.0,2024-06-24,48862.0,MADEIREIRACOSTAEPALUCL514,Consumidor Livre,SUL,12.0,4.817695
,2024-06-24,,MADEIREIRACOSTAEPALUCL514,,,12.0,4.817695
202406.0,2024-06-25,48862.0,MADEIREIRACOSTAEPALUCL514,Consumidor Livre,SUL,12.0,5.733748
202406.0,2024-06-25,48862.0,MADEIREIRACOSTAEPALUCL514,Consumidor Livre,SUL,12.0,5.733748
,2024-06-25,,MADEIREIRACOSTAEPALUCL514,,,12.0,5.733748
202406.0,2024-06-26,48862.0,MADEIREIRACOSTAEPALUCL514,Consumidor Livre,SUL,12.0,5.460021
202406.0,2024-06-26,48862.0,MADEIREIRACOSTAEPALUCL514,Consumidor Livre,SUL,12.0,5.460021
,2024-06-26,,MADEIREIRACOSTAEPALUCL514,,,12.0,5.460021
202406.0,2024-06-27,48862.0,MADEIREIRACOSTAEPALUCL514,Consumidor Livre,SUL,12.0,4.893895
202406.0,2024-06-27,48862.0,MADEIREIRACOSTAEPALUCL514,Consumidor Livre,SUL,12.0,4.893895
,2024-06-27,,MADEIREIRACOSTAEPALUCL514,,,12.0,4.893895
202406.0,2024-06-28,48862.0,MADEIREIRACOSTAEPALUCL514,Consumidor Livre,SUL,12.0,5.187188
202406.0,2024-06-28,48862.0,MADEIREIRACOSTAEPALUCL514,Consumidor Livre,SUL,12.0,5.187188
,2024-06-28,,MADEIREIRACOSTAEPALUCL514,,,12.0,5.187188
202406.0,2024-06-29,48862.0,MADEIREIRACOSTAEPALUCL514,Consumidor Livre,SUL,12.0,3.648085
202406.0,2024-06-29,48862.0,MADEIREIRACOSTAEPALUCL514,Consumidor Livre,SUL,12.0,3.648085
,2024-06-29,,MADEIREIRACOSTAEPALUCL514,,,12.0,3.648085
202406.0,2024-06-30,48862.0,MADEIREIRACOSTAEPALUCL514,Consumidor Livre,SUL,12.0,1.668191
202406.0,2024-06-30,48862.0,MADEIREIRACOSTAEPALUCL514,Consumidor Livre,SUL,12.0,1.668191
,2024-06-30,,MADEIREIRACOSTAEPALUCL514,,,12.0,1.668191
202407.0,2024-07-01,48862.0,MADEIREIRACOSTAEPALUCL514,Consumidor Livre,SUL,12.0,4.550203
202407.0,2024-07-01,48862.0,MADEIREIRACOSTAEPALUCL514,Consumidor Livre,SUL,12.0,4.550203
,2024-07-01,,MADEIREIRACOSTAEPALUCL514,,,12.0,4.550203
202407.0,2024-07-02,48862.0,MADEIREIRACOSTAEPALUCL514,Consumidor Livre,SUL,12.0,5.412012
202407.0,2024-07-02,48862.0,MADEIREIRACOSTAEPALUCL514,Consumidor Livre,SUL,12.0,5.412012
,2024-07-02,,MADEIREIRACOSTAEPALUCL514,,,12.0,5.412012
202407.0,2024-07-03,48862.0,MADEIREIRACOSTAEPALUCL514,Consumidor Livre,SUL,12.0,4.935308
202407.0,2024-07-03,48862.0,MADEIREIRACOSTAEPALUCL514,Consumidor Livre,SUL,12.0,4.935308
,2024-07-03,,MADEIREIRACOSTAEPALUCL514,,,12.0,4.935308
202407.0,2024-07-04,48862.0,MADEIREIRACOSTAEPALUCL514,Consumidor Livre,SUL,12.0,4.40693
202407.0,2024-07-04,48862.0,MADEIREIRACOSTAEPALUCL514,Consumidor Livre,SUL,12.0,4.40693
,2024-07-04,,MADEIREIRACOSTAEPALUCL514,,,12.0,4.40693
202407.0,2024-07-05,48862.0,MADEIREIRACOSTAEPALUCL514,Consumidor Livre,SUL,12.0,4.530378
202407.0,2024-07-05,48862.0,MADEIREIRACOSTAEPALUCL514,Consumidor Livre,SUL,12.0,4.530378
,2024-07-05,,MADEIREIRACOSTAEPALUCL514,,,12.0,4.530378
202407.0,2024-07-06,48862.0,MADEIREIRACOSTAEPALUCL514,Consumidor Livre,SUL,12.0,3.53885
202407.0,2024-07-06,48862.0,MADEIREIRACOSTAEPALUCL514,Consumidor Livre,SUL,12.0,3.53885
,2024-07-06,,MADEIREIRACOSTAEPALUCL514,,,12.0,3.53885
202407.0,2024-07-07,48862.0,MADEIREIRACOSTAEPALUCL514,Consumidor Livre,SUL,12.0,0.072952
202407.0,2024-07-07,48862.0,MADEIREIRACOSTAEPALUCL514,Consumidor Livre,SUL,12.0,0.072952
,2024-07-07,,MADEIREIRACOSTAEPALUCL514,,,12.0,0.072952
202407.0,2024-07-08,48862.0,MADEIREIRACOSTAEPALUCL514,Consumidor Livre,SUL,12.0,4.532121
202407.0,2024-07-08,48862.0,MADEIREIRACOSTAEPALUCL514,Consumidor Livre,SUL,12.0,4.532121
,2024-07-08,,MADEIREIRACOSTAEPALUCL514,,,12.0,4.532121
202407.0,2024-07-09,48862.0,MADEIREIRACOSTAEPALUCL514,Consumidor Livre,SUL,12.0,5.6044730000000005
202407.0,2024-07-09,48862.0,MADEIREIRACOSTAEPALUCL514,Consumidor Livre,SUL,12.0,5.6044730000000005
,2024-07-09,,MADEIREIRACOSTAEPALUCL514,,,12.0,5.6044730000000005
202407.0,2024-07-10,48862.0,MADEIREIRACOSTAEPALUCL514,Consumidor Livre,SUL,12.0,5.209496
202407.0,2024-07-10,48862.0,MADEIREIRACOSTAEPALUCL514,Consumidor Livre,SUL,12.0,5.209496
,2024-07-10,,MADEIREIRACOSTAEPALUCL514,,,12.0,5.209496
202407.0,2024-07-11,48862.0,MADEIREIRACOSTAEPALUCL514,Consumidor Livre,SUL,12.0,4.708919
202407.0,2024-07-11,48862.0,MADEIREIRACOSTAEPALUCL514,Consumidor Livre,SUL,12.0,4.708919
,2024-07-11,,MADEIREIRACOSTAEPALUCL514,,,12.0,4.708919
202407.0,2024-07-12,48862.0,MADEIREIRACOSTAEPALUCL514,Consumidor Livre,SUL,12.0,5.071348
202407.0,2024-07-12,48862.0,MADEIREIRACOSTAEPALUCL514,Consumidor Livre,SUL,12.0,5.071348
,2024-07-12,,MADEIREIRACOSTAEPALUCL514,,,12.0,5.071348
202407.0,2024-07-13,48862.0,MADEIREIRACOSTAEPALUCL514,Consumidor Livre,SUL,12.0,3.320783
202407.0,2024-07-13,48862.0,MADEIREIRACOSTAEPALUCL514,Consumidor Livre,SUL,12.0,3.320783
,2024-07-13,,MADEIREIRACOSTAEPALUCL514,,,12.0,3.320783
202407.0,2024-07-14,48862.0,MADEIREIRACOSTAEPALUCL514,Consumidor Livre,SUL,12.0,0.7352839999999999
202407.0,2024-07-14,48862.0,MADEIREIRACOSTAEPALUCL514,Consumidor Livre,SUL,12.0,0.7352839999999999
,2024-07-14,,MADEIREIRACOSTAEPALUCL514,,,12.0,0.7352839999999999
202407.0,2024-07-15,48862.0,MADEIREIRACOSTAEPALUCL514,Consumidor Livre,SUL,12.0,3.579193
202407.0,2024-07-15,48862.0,MADEIREIRACOSTAEPALUCL514,Consumidor Livre,SUL,12.0,3.579193
,2024-07-15,,MADEIREIRACOSTAEPALUCL514,,,12.0,3.579193
202407.0,2024-07-16,48862.0,MADEIREIRACOSTAEPALUCL514,Consumidor Livre,SUL,12.0,4.901812
202407.0,2024-07-16,48862.0,MADEIREIRACOSTAEPALUCL514,Consumidor Livre,SUL,12.0,4.901812
,2024-07-16,,MADEIREIRACOSTAEPALUCL514,,,12.0,4.901812
202407.0,2024-07-17,48862.0,MADEIREIRACOSTAEPALUCL514,Consumidor Livre,SUL,12.0,4.944432
202407.0,2024-07-17,48862.0,MADEIREIRACOSTAEPALUCL514,Consumidor Livre,SUL,12.0,4.944432
,2024-07-17,,MADEIREIRACOSTAEPALUCL514,,,12.0,4.944432
202407.0,2024-07-18,48862.0,MADEIREIRACOSTAEPALUCL514,Consumidor Livre,SUL,12.0,5.048735
202407.0,2024-07-18,48862.0,MADEIREIRACOSTAEPALUCL514,Consumidor Livre,SUL,12.0,5.048735
,2024-07-18,,MADEIREIRACOSTAEPALUCL514,,,12.0,5.048735
202407.0,2024-07-19,48862.0,MADEIREIRACOSTAEPALUCL514,Consumidor Livre,SUL,12.0,4.997101
202407.0,2024-07-19,48862.0,MADEIREIRACOSTAEPALUCL514,Consumidor Livre,SUL,12.0,4.997101
,2024-07-19,,MADEIREIRACOSTAEPALUCL514,,,12.0,4.997101
202407.0,2024-07-20,48862.0,MADEIREIRACOSTAEPALUCL514,Consumidor Livre,SUL,12.0,3.609373
202407.0,2024-07-20,48862.0,MADEIREIRACOSTAEPALUCL514,Consumidor Livre,SUL,12.0,3.609373
,2024-07-20,,MADEIREIRACOSTAEPALUCL514,,,12.0,3.609373
202407.0,2024-07-21,48862.0,MADEIREIRACOSTAEPALUCL514,Consumidor Livre,SUL,12.0,0.784695
202407.0,2024-07-21,48862.0,MADEIREIRACOSTAEPALUCL514,Consumidor Livre,SUL,12.0,0.784695
,2024-07-21,,MADEIREIRACOSTAEPALUCL514,,,12.0,0.784695
202407.0,2024-07-22,48862.0,MADEIREIRACOSTAEPALUCL514,Consumidor Livre,SUL,12.0,4.4720450000000005
202407.0,2024-07-22,48862.0,MADEIREIRACOSTAEPALUCL514,Consumidor Livre,SUL,12.0,4.4720450000000005
,2024-07-22,,MADEIREIRACOSTAEPALUCL514,,,12.0,4.4720450000000005
202407.0,2024-07-23,48862.0,MADEIREIRACOSTAEPALUCL514,Consumidor Livre,SUL,12.0,5.153259
202407.0,2024-07-23,48862.0,MADEIREIRACOSTAEPALUCL514,Consumidor Livre,SUL,12.0,5.153259
,2024-07-23,,MADEIREIRACOSTAEPALUCL514,,,12.0,5.153259
202407.0,2024-07-24,48862.0,MADEIREIRACOSTAEPALUCL514,Consumidor Livre,SUL,12.0,4.862916
202407.0,2024-07-24,48862.0,MADEIREIRACOSTAEPALUCL514,Consumidor Livre,SUL,12.0,4.862916
,2024-07-24,,MADEIREIRACOSTAEPALUCL514,,,12.0,4.862916
202407.0,2024-07-25,48862.0,MADEIREIRACOSTAEPALUCL514,Consumidor Livre,SUL,12.0,3.550388
202407.0,2024-07-25,48862.0,MADEIREIRACOSTAEPALUCL514,Consumidor Livre,SUL,12.0,3.550388
,2024-07-25,,MADEIREIRACOSTAEPALUCL514,,,12.0,3.550388
202407.0,2024-07-26,48862.0,MADEIREIRACOSTAEPALUCL514,Consumidor Livre,SUL,12.0,4.990109
202407.0,2024-07-26,48862.0,MADEIREIRACOSTAEPALUCL514,Consumidor Livre,SUL,12.0,4.990109
,2024-07-26,,MADEIREIRACOSTAEPALUCL514,,,12.0,4.990109
202407.0,2024-07-27,48862.0,MADEIREIRACOSTAEPALUCL514,Consumidor Livre,SUL,12.0,3.20454
202407.0,2024-07-27,48862.0,MADEIREIRACOSTAEPALUCL514,Consumidor Livre,SUL,12.0,3.20454
,2024-07-27,,MADEIREIRACOSTAEPALUCL514,,,12.0,3.20454
202407.0,2024-07-28,48862.0,MADEIREIRACOSTAEPALUCL514,Consumidor Livre,SUL,12.0,1.556507
202407.0,2024-07-28,48862.0,MADEIREIRACOSTAEPALUCL514,Consumidor Livre,SUL,12.0,1.556507
,2024-07-28,,MADEIREIRACOSTAEPALUCL514,,,12.0,1.556507
202407.0,2024-07-29,48862.0,MADEIREIRACOSTAEPALUCL514,Consumidor Livre,SUL,12.0,4.523761
202407.0,2024-07-29,48862.0,MADEIREIRACOSTAEPALUCL514,Consumidor Livre,SUL,12.0,4.523761
,2024-07-29,,MADEIREIRACOSTAEPALUCL514,,,12.0,4.523761
202407.0,2024-07-30,48862.0,MADEIREIRACOSTAEPALUCL514,Consumidor Livre,SUL,12.0,5.372872
202407.0,2024-07-30,48862.0,MADEIREIRACOSTAEPALUCL514,Consumidor Livre,SUL,12.0,5.372872
,2024-07-30,,MADEIREIRACOSTAEPALUCL514,,,12.0,5.372872
202407.0,2024-07-31,48862.0,MADEIREIRACOSTAEPALUCL514,Consumidor Livre,SUL,12.0,5.273153
202407.0,2024-07-31,48862.0,MADEIREIRACOSTAEPALUCL514,Consumidor Livre,SUL,12.0,5.273153
,2024-07-31,,MADEIREIRACOSTAEPALUCL514,,,12.0,5.273153
202408.0,2024-08-01,48862.0,MADEIREIRACOSTAEPALUCL514,Consumidor Livre,SUL,12.0,5.17698
202408.0,2024-08-01,48862.0,MADEIREIRACOSTAEPALUCL514,Consumidor Livre,SUL,12.0,5.17698
,2024-08-01,,MADEIREIRACOSTAEPALUCL514,,,12.0,5.17698
202408.0,2024-08-02,48862.0,MADEIREIRACOSTAEPALUCL514,Consumidor Livre,SUL,12.0,4.793246
202408.0,2024-08-02,48862.0,MADEIREIRACOSTAEPALUCL514,Consumidor Livre,SUL,12.0,4.793246
,2024-08-02,,MADEIREIRACOSTAEPALUCL514,,,12.0,4.793246
202408.0,2024-08-03,48862.0,MADEIREIRACOSTAEPALUCL514,Consumidor Livre,SUL,12.0,3.356892
202408.0,2024-08-03,48862.0,MADEIREIRACOSTAEPALUCL514,Consumidor Livre,SUL,12.0,3.356892
,2024-08-03,,MADEIREIRACOSTAEPALUCL514,,,12.0,3.356892
202408.0,2024-08-04,48862.0,MADEIREIRACOSTAEPALUCL514,Consumidor Livre,SUL,12.0,0.063093
202408.0,2024-08-04,48862.0,MADEIREIRACOSTAEPALUCL514,Consumidor Livre,SUL,12.0,0.063093
,2024-08-04,,MADEIREIRACOSTAEPALUCL514,,,12.0,0.063093
202408.0,2024-08-05,48862.0,MADEIREIRACOSTAEPALUCL514,Consumidor Livre,SUL,12.0,4.013881
202408.0,2024-08-05,48862.0,MADEIREIRACOSTAEPALUCL514,Consumidor Livre,SUL,12.0,4.013881
,2024-08-05,,MADEIREIRACOSTAEPALUCL514,,,12.0,4.013881
202408.0,2024-08-06,48862.0,MADEIREIRACOSTAEPALUCL514,Consumidor Livre,SUL,12.0,4.944327
202408.0,2024-08-06,48862.0,MADEIREIRACOSTAEPALUCL514,Consumidor Livre,SUL,12.0,4.944327
,2024-08-06,,MADEIREIRACOSTAEPALUCL514,,,12.0,4.944327
202408.0,2024-08-07,48862.0,MADEIREIRACOSTAEPALUCL514,Consumidor Livre,SUL,12.0,4.685392
202408.0,2024-08-07,48862.0,MADEIREIRACOSTAEPALUCL514,Consumidor Livre,SUL,12.0,4.685392
,2024-08-07,,MADEIREIRACOSTAEPALUCL514,,,12.0,4.685392
202408.0,2024-08-08,48862.0,MADEIREIRACOSTAEPALUCL514,Consumidor Livre,SUL,12.0,4.987302
202408.0,2024-08-08,48862.0,MADEIREIRACOSTAEPALUCL514,Consumidor Livre,SUL,12.0,4.987302
,2024-08-08,,MADEIREIRACOSTAEPALUCL514,,,12.0,4.987302
202408.0,2024-08-09,48862.0,MADEIREIRACOSTAEPALUCL514,Consumidor Livre,SUL,12.0,5.045946
202408.0,2024-08-09,48862.0,MADEIREIRACOSTAEPALUCL514,Consumidor Livre,SUL,12.0,5.045946
,2024-08-09,,MADEIREIRACOSTAEPALUCL514,,,12.0,5.045946
202408.0,2024-08-10,48862.0,MADEIREIRACOSTAEPALUCL514,Consumidor Livre,SUL,12.0,3.341057
202408.0,2024-08-10,48862.0,MADEIREIRACOSTAEPALUCL514,Consumidor Livre,SUL,12.0,3.341057
,2024-08-10,,MADEIREIRACOSTAEPALUCL514,,,12.0,3.341057
202408.0,2024-08-11,48862.0,MADEIREIRACOSTAEPALUCL514,Consumidor Livre,SUL,12.0,0.797169
202408.0,2024-08-11,48862.0,MADEIREIRACOSTAEPALUCL514,Consumidor Livre,SUL,12.0,0.797169
,2024-08-11,,MADEIREIRACOSTAEPALUCL514,,,12.0,0.797169
202408.0,2024-08-12,48862.0,MADEIREIRACOSTAEPALUCL514,Consumidor Livre,SUL,12.0,3.985542
202408.0,2024-08-12,48862.0,MADEIREIRACOSTAEPALUCL514,Consumidor Livre,SUL,12.0,3.985542
,2024-08-12,,MADEIREIRACOSTAEPALUCL514,,,12.0,3.985542
202408.0,2024-08-13,48862.0,MADEIREIRACOSTAEPALUCL514,Consumidor Livre,SUL,12.0,5.278554
202408.0,2024-08-13,48862.0,MADEIREIRACOSTAEPALUCL514,Consumidor Livre,SUL,12.0,5.278554
,2024-08-13,,MADEIREIRACOSTAEPALUCL514,,,12.0,5.278554
202408.0,2024-08-14,48862.0,MADEIREIRACOSTAEPALUCL514,Consumidor Livre,SUL,12.0,4.884435
202408.0,2024-08-14,48862.0,MADEIREIRACOSTAEPALUCL514,Consumidor Livre,SUL,12.0,4.884435
,2024-08-14,,MADEIREIRACOSTAEPALUCL514,,,12.0,4.884435
202408.0,2024-08-15,48862.0,MADEIREIRACOSTAEPALUCL514,Consumidor Livre,SUL,12.0,5.059825
202408.0,2024-08-15,48862.0,MADEIREIRACOSTAEPALUCL514,Consumidor Livre,SUL,12.0,5.059825
,2024-08-15,,MADEIREIRACOSTAEPALUCL514,,,12.0,5.059825
202408.0,2024-08-16,48862.0,MADEIREIRACOSTAEPALUCL514,Consumidor Livre,SUL,12.0,5.130497
202408.0,2024-08-16,48862.0,MADEIREIRACOSTAEPALUCL514,Consumidor Livre,SUL,12.0,5.130497
,2024-08-16,,MADEIREIRACOSTAEPALUCL514,,,12.0,5.130497
202408.0,2024-08-17,48862.0,MADEIREIRACOSTAEPALUCL514,Consumidor Livre,SUL,12.0,3.134078
202408.0,2024-08-17,48862.0,MADEIREIRACOSTAEPALUCL514,Consumidor Livre,SUL,12.0,3.134078
,2024-08-17,,MADEIREIRACOSTAEPALUCL514,,,12.0,3.134078
202408.0,2024-08-18,48862.0,MADEIREIRACOSTAEPALUCL514,Consumidor Livre,SUL,12.0,0.070202
202408.0,2024-08-18,48862.0,MADEIREIRACOSTAEPALUCL514,Consumidor Livre,SUL,12.0,0.070202
,2024-08-18,,MADEIREIRACOSTAEPALUCL514,,,12.0,0.070202
202408.0,2024-08-19,48862.0,MADEIREIRACOSTAEPALUCL514,Consumidor Livre,SUL,12.0,3.89899
202408.0,2024-08-19,48862.0,MADEIREIRACOSTAEPALUCL514,Consumidor Livre,SUL,12.0,3.89899
,2024-08-19,,MADEIREIRACOSTAEPALUCL514,,,12.0,3.89899
202408.0,2024-08-20,48862.0,MADEIREIRACOSTAEPALUCL514,Consumidor Livre,SUL,12.0,5.05705
202408.0,2024-08-20,48862.0,MADEIREIRACOSTAEPALUCL514,Consumidor Livre,SUL,12.0,5.05705
,2024-08-20,,MADEIREIRACOSTAEPALUCL514,,,12.0,5.05705
202408.0,2024-08-21,48862.0,MADEIREIRACOSTAEPALUCL514,Consumidor Livre,SUL,12.0,4.730609
202408.0,2024-08-21,48862.0,MADEIREIRACOSTAEPALUCL514,Consumidor Livre,SUL,12.0,4.730609
,2024-08-21,,MADEIREIRACOSTAEPALUCL514,,,12.0,4.730609
202408.0,2024-08-22,48862.0,MADEIREIRACOSTAEPALUCL514,Consumidor Livre,SUL,12.0,5.102327
202408.0,2024-08-22,48862.0,MADEIREIRACOSTAEPALUCL514,Consumidor Livre,SUL,12.0,5.102327
,2024-08-22,,MADEIREIRACOSTAEPALUCL514,,,12.0,5.102327
202408.0,2024-08-23,48862.0,MADEIREIRACOSTAEPALUCL514,Consumidor Livre,SUL,12.0,5.093801
202408.0,2024-08-23,48862.0,MADEIREIRACOSTAEPALUCL514,Consumidor Livre,SUL,12.0,5.093801
,2024-08-23,,MADEIREIRACOSTAEPALUCL514,,,12.0,5.093801
202408.0,2024-08-24,48862.0,MADEIREIRACOSTAEPALUCL514,Consumidor Livre,SUL,12.0,3.294412
202408.0,2024-08-24,48862.0,MADEIREIRACOSTAEPALUCL514,Consumidor Livre,SUL,12.0,3.294412
,2024-08-24,,MADEIREIRACOSTAEPALUCL514,,,12.0,3.294412
202408.0,2024-08-25,48862.0,MADEIREIRACOSTAEPALUCL514,Consumidor Livre,SUL,12.0,0.064046
202408.0,2024-08-25,48862.0,MADEIREIRACOSTAEPALUCL514,Consumidor Livre,SUL,12.0,0.064046
,2024-08-25,,MADEIREIRACOSTAEPALUCL514,,,12.0,0.064046
202408.0,2024-08-26,48862.0,MADEIREIRACOSTAEPALUCL514,Consumidor Livre,SUL,12.0,4.094537
202408.0,2024-08-26,48862.0,MADEIREIRACOSTAEPALUCL514,Consumidor Livre,SUL,12.0,4.094537
,2024-08-26,,MADEIREIRACOSTAEPALUCL514,,,12.0,4.094537
202408.0,2024-08-27,48862.0,MADEIREIRACOSTAEPALUCL514,Consumidor Livre,SUL,12.0,4.880166
202408.0,2024-08-27,48862.0,MADEIREIRACOSTAEPALUCL514,Consumidor Livre,SUL,12.0,4.880166
,2024-08-27,,MADEIREIRACOSTAEPALUCL514,,,12.0,4.880166
202408.0,2024-08-28,48862.0,MADEIREIRACOSTAEPALUCL514,Consumidor Livre,SUL,12.0,4.241676
202408.0,2024-08-28,48862.0,MADEIREIRACOSTAEPALUCL514,Consumidor Livre,SUL,12.0,4.241676
,2024-08-28,,MADEIREIRACOSTAEPALUCL514,,,12.0,4.241676
202408.0,2024-08-29,48862.0,MADEIREIRACOSTAEPALUCL514,Consumidor Livre,SUL,12.0,4.852855
202408.0,2024-08-29,48862.0,MADEIREIRACOSTAEPALUCL514,Consumidor Livre,SUL,12.0,4.852855
,2024-08-29,,MADEIREIRACOSTAEPALUCL514,,,12.0,4.852855
202408.0,2024-08-30,48862.0,MADEIREIRACOSTAEPALUCL514,Consumidor Livre,SUL,12.0,4.681225
202408.0,2024-08-30,48862.0,MADEIREIRACOSTAEPALUCL514,Consumidor Livre,SUL,12.0,4.681225
,2024-08-30,,MADEIREIRACOSTAEPALUCL514,,,12.0,4.681225
202408.0,2024-08-31,48862.0,MADEIREIRACOSTAEPALUCL514,Consumidor Livre,SUL,12.0,3.092909
202408.0,2024-08-31,48862.0,MADEIREIRACOSTAEPALUCL514,Consumidor Livre,SUL,12.0,3.092909
,2024-08-31,,MADEIREIRACOSTAEPALUCL514,,,12.0,3.092909
202409.0,2024-09-01,48862.0,MADEIREIRACOSTAEPALUCL514,Consumidor Livre,SUL,12.0,0.070995
202409.0,2024-09-01,48862.0,MADEIREIRACOSTAEPALUCL514,Consumidor Livre,SUL,12.0,0.070995
,2024-09-01,,MADEIREIRACOSTAEPALUCL514,,,12.0,0.070995
202409.0,2024-09-02,48862.0,MADEIREIRACOSTAEPALUCL514,Consumidor Livre,SUL,12.0,3.876478
202409.0,2024-09-02,48862.0,MADEIREIRACOSTAEPALUCL514,Consumidor Livre,SUL,12.0,3.876478
,2024-09-02,,MADEIREIRACOSTAEPALUCL514,,,12.0,3.876478
202409.0,2024-09-03,48862.0,MADEIREIRACOSTAEPALUCL514,Consumidor Livre,SUL,12.0,4.418002
202409.0,2024-09-03,48862.0,MADEIREIRACOSTAEPALUCL514,Consumidor Livre,SUL,12.0,4.418002
,2024-09-03,,MADEIREIRACOSTAEPALUCL514,,,12.0,4.418002
202409.0,2024-09-04,48862.0,MADEIREIRACOSTAEPALUCL514,Consumidor Livre,SUL,12.0,4.756026
202409.0,2024-09-04,48862.0,MADEIREIRACOSTAEPALUCL514,Consumidor Livre,SUL,12.0,4.756026
,2024-09-04,,MADEIREIRACOSTAEPALUCL514,,,12.0,4.756026
202409.0,2024-09-05,48862.0,MADEIREIRACOSTAEPALUCL514,Consumidor Livre,SUL,12.0,5.006506
202409.0,2024-09-05,48862.0,MADEIREIRACOSTAEPALUCL514,Consumidor Livre,SUL,12.0,5.006506
,2024-09-05,,MADEIREIRACOSTAEPALUCL514,,,12.0,5.006506
202409.0,2024-09-06,48862.0,MADEIREIRACOSTAEPALUCL514,Consumidor Livre,SUL,12.0,5.106011
202409.0,2024-09-06,48862.0,MADEIREIRACOSTAEPALUCL514,Consumidor Livre,SUL,12.0,5.106011
,2024-09-06,,MADEIREIRACOSTAEPALUCL514,,,12.0,5.106011
202409.0,2024-09-07,48862.0,MADEIREIRACOSTAEPALUCL514,Consumidor Livre,SUL,12.0,3.36786
202409.0,2024-09-07,48862.0,MADEIREIRACOSTAEPALUCL514,Consumidor Livre,SUL,12.0,3.36786
,2024-09-07,,MADEIREIRACOSTAEPALUCL514,,,12.0,3.36786
202409.0,2024-09-08,48862.0,MADEIREIRACOSTAEPALUCL514,Consumidor Livre,SUL,12.0,1.465589
202409.0,2024-09-08,48862.0,MADEIREIRACOSTAEPALUCL514,Consumidor Livre,SUL,12.0,1.465589
,2024-09-08,,MADEIREIRACOSTAEPALUCL514,,,12.0,1.465589
202409.0,2024-09-09,48862.0,MADEIREIRACOSTAEPALUCL514,Consumidor Livre,SUL,12.0,3.768275
202409.0,2024-09-09,48862.0,MADEIREIRACOSTAEPALUCL514,Consumidor Livre,SUL,12.0,3.768275
,2024-09-09,,MADEIREIRACOSTAEPALUCL514,,,12.0,3.768275
202409.0,2024-09-10,48862.0,MADEIREIRACOSTAEPALUCL514,Consumidor Livre,SUL,12.0,4.838979
202409.0,2024-09-10,48862.0,MADEIREIRACOSTAEPALUCL514,Consumidor Livre,SUL,12.0,4.838979
,2024-09-10,,MADEIREIRACOSTAEPALUCL514,,,12.0,4.838979
202409.0,2024-09-11,48862.0,MADEIREIRACOSTAEPALUCL514,Consumidor Livre,SUL,12.0,2.641488
202409.0,2024-09-11,48862.0,MADEIREIRACOSTAEPALUCL514,Consumidor Livre,SUL,12.0,2.641488
,2024-09-11,,MADEIREIRACOSTAEPALUCL514,,,12.0,2.641488
202409.0,2024-09-12,48862.0,MADEIREIRACOSTAEPALUCL514,Consumidor Livre,SUL,12.0,4.645038
202409.0,2024-09-12,48862.0,MADEIREIRACOSTAEPALUCL514,Consumidor Livre,SUL,12.0,4.645038
,2024-09-12,,MADEIREIRACOSTAEPALUCL514,,,12.0,4.645038
202409.0,2024-09-13,48862.0,MADEIREIRACOSTAEPALUCL514,Consumidor Livre,SUL,12.0,4.939668
202409.0,2024-09-13,48862.0,MADEIREIRACOSTAEPALUCL514,Consumidor Livre,SUL,12.0,4.939668
,2024-09-13,,MADEIREIRACOSTAEPALUCL514,,,12.0,4.939668
202409.0,2024-09-14,48862.0,MADEIREIRACOSTAEPALUCL514,Consumidor Livre,SUL,12.0,3.490873
202409.0,2024-09-14,48862.0,MADEIREIRACOSTAEPALUCL514,Consumidor Livre,SUL,12.0,3.490873
,2024-09-14,,MADEIREIRACOSTAEPALUCL514,,,12.0,3.490873
202409.0,2024-09-15,48862.0,MADEIREIRACOSTAEPALUCL514,Consumidor Livre,SUL,12.0,1.476035
202409.0,2024-09-15,48862.0,MADEIREIRACOSTAEPALUCL514,Consumidor Livre,SUL,12.0,1.476035
,2024-09-15,,MADEIREIRACOSTAEPALUCL514,,,12.0,1.476035
202409.0,2024-09-16,48862.0,MADEIREIRACOSTAEPALUCL514,Consumidor Livre,SUL,12.0,3.952236
202409.0,2024-09-16,48862.0,MADEIREIRACOSTAEPALUCL514,Consumidor Livre,SUL,12.0,3.952236
,2024-09-16,,MADEIREIRACOSTAEPALUCL514,,,12.0,3.952236
202409.0,2024-09-17,48862.0,MADEIREIRACOSTAEPALUCL514,Consumidor Livre,SUL,12.0,5.073435
202409.0,2024-09-17,48862.0,MADEIREIRACOSTAEPALUCL514,Consumidor Livre,SUL,12.0,5.073435
,2024-09-17,,MADEIREIRACOSTAEPALUCL514,,,12.0,5.073435
202409.0,2024-09-18,48862.0,MADEIREIRACOSTAEPALUCL514,Consumidor Livre,SUL,12.0,4.802674
202409.0,2024-09-18,48862.0,MADEIREIRACOSTAEPALUCL514,Consumidor Livre,SUL,12.0,4.802674
,2024-09-18,,MADEIREIRACOSTAEPALUCL514,,,12.0,4.802674
202409.0,2024-09-19,48862.0,MADEIREIRACOSTAEPALUCL514,Consumidor Livre,SUL,12.0,4.818969
202409.0,2024-09-19,48862.0,MADEIREIRACOSTAEPALUCL514,Consumidor Livre,SUL,12.0,4.818969
,2024-09-19,,MADEIREIRACOSTAEPALUCL514,,,12.0,4.818969
202409.0,2024-09-20,48862.0,MADEIREIRACOSTAEPALUCL514,Consumidor Livre,SUL,12.0,4.351645
202409.0,2024-09-20,48862.0,MADEIREIRACOSTAEPALUCL514,Consumidor Livre,SUL,12.0,4.351645
,2024-09-20,,MADEIREIRACOSTAEPALUCL514,,,12.0,4.351645
202409.0,2024-09-21,48862.0,MADEIREIRACOSTAEPALUCL514,Consumidor Livre,SUL,12.0,2.999998
202409.0,2024-09-21,48862.0,MADEIREIRACOSTAEPALUCL514,Consumidor Livre,SUL,12.0,2.999998
,2024-09-21,,MADEIREIRACOSTAEPALUCL514,,,12.0,2.999998
202409.0,2024-09-22,48862.0,MADEIREIRACOSTAEPALUCL514,Consumidor Livre,SUL,12.0,1.402015
202409.0,2024-09-22,48862.0,MADEIREIRACOSTAEPALUCL514,Consumidor Livre,SUL,12.0,1.402015
,2024-09-22,,MADEIREIRACOSTAEPALUCL514,,,12.0,1.402015
202409.0,2024-09-23,48862.0,MADEIREIRACOSTAEPALUCL514,Consumidor Livre,SUL,12.0,3.848994
202409.0,2024-09-23,48862.0,MADEIREIRACOSTAEPALUCL514,Consumidor Livre,SUL,12.0,3.848994
,2024-09-23,,MADEIREIRACOSTAEPALUCL514,,,12.0,3.848994
202409.0,2024-09-24,48862.0,MADEIREIRACOSTAEPALUCL514,Consumidor Livre,SUL,12.0,4.950592
202409.0,2024-09-24,48862.0,MADEIREIRACOSTAEPALUCL514,Consumidor Livre,SUL,12.0,4.950592
,2024-09-24,,MADEIREIRACOSTAEPALUCL514,,,12.0,4.950592
202409.0,2024-09-25,48862.0,MADEIREIRACOSTAEPALUCL514,Consumidor Livre,SUL,12.0,4.387886
202409.0,2024-09-25,48862.0,MADEIREIRACOSTAEPALUCL514,Consumidor Livre,SUL,12.0,4.387886
,2024-09-25,,MADEIREIRACOSTAEPALUCL514,,,12.0,4.387886
202409.0,2024-09-26,48862.0,MADEIREIRACOSTAEPALUCL514,Consumidor Livre,SUL,12.0,4.6060170000000005
202409.0,2024-09-26,48862.0,MADEIREIRACOSTAEPALUCL514,Consumidor Livre,SUL,12.0,4.6060170000000005
,2024-09-26,,MADEIREIRACOSTAEPALUCL514,,,12.0,4.6060170000000005
202409.0,2024-09-27,48862.0,MADEIREIRACOSTAEPALUCL514,Consumidor Livre,SUL,12.0,4.258335
202409.0,2024-09-27,48862.0,MADEIREIRACOSTAEPALUCL514,Consumidor Livre,SUL,12.0,4.258335
,2024-09-27,,MADEIREIRACOSTAEPALUCL514,,,12.0,4.258335
202409.0,2024-09-28,48862.0,MADEIREIRACOSTAEPALUCL514,Consumidor Livre,SUL,12.0,2.966914
202409.0,2024-09-28,48862.0,MADEIREIRACOSTAEPALUCL514,Consumidor Livre,SUL,12.0,2.966914
,2024-09-28,,MADEIREIRACOSTAEPALUCL514,,,12.0,2.966914
202409.0,2024-09-29,48862.0,MADEIREIRACOSTAEPALUCL514,Consumidor Livre,SUL,12.0,0.075081
202409.0,2024-09-29,48862.0,MADEIREIRACOSTAEPALUCL514,Consumidor Livre,SUL,12.0,0.075081
,2024-09-29,,MADEIREIRACOSTAEPALUCL514,,,12.0,0.075081
202409.0,2024-09-30,48862.0,MADEIREIRACOSTAEPALUCL514,Consumidor Livre,SUL,12.0,4.009703
202409.0,2024-09-30,48862.0,MADEIREIRACOSTAEPALUCL514,Consumidor Livre,SUL,12.0,4.009703
,2024-09-30,,MADEIREIRACOSTAEPALUCL514,,,12.0,4.009703
202410.0,2024-10-01,48862.0,MADEIREIRACOSTAEPALUCL514,Consumidor Livre,SUL,12.0,4.735348
202410.0,2024-10-01,48862.0,MADEIREIRACOSTAEPALUCL514,Consumidor Livre,SUL,12.0,4.735348
,2024-10-01,,MADEIREIRACOSTAEPALUCL514,,,12.0,4.735348
202410.0,2024-10-02,48862.0,MADEIREIRACOSTAEPALUCL514,Consumidor Livre,SUL,12.0,5.102133
202410.0,2024-10-02,48862.0,MADEIREIRACOSTAEPALUCL514,Consumidor Livre,SUL,12.0,5.102133
,2024-10-02,,MADEIREIRACOSTAEPALUCL514,,,12.0,5.102133
202410.0,2024-10-03,48862.0,MADEIREIRACOSTAEPALUCL514,Consumidor Livre,SUL,12.0,4.859015
202410.0,2024-10-03,48862.0,MADEIREIRACOSTAEPALUCL514,Consumidor Livre,SUL,12.0,4.859015
,2024-10-03,,MADEIREIRACOSTAEPALUCL514,,,12.0,4.859015
202410.0,2024-10-04,48862.0,MADEIREIRACOSTAEPALUCL514,Consumidor Livre,SUL,12.0,4.091946
202410.0,2024-10-04,48862.0,MADEIREIRACOSTAEPALUCL514,Consumidor Livre,SUL,12.0,4.091946
,2024-10-04,,MADEIREIRACOSTAEPALUCL514,,,12.0,4.091946
202410.0,2024-10-05,48862.0,MADEIREIRACOSTAEPALUCL514,Consumidor Livre,SUL,12.0,3.229146
202410.0,2024-10-05,48862.0,MADEIREIRACOSTAEPALUCL514,Consumidor Livre,SUL,12.0,3.229146
,2024-10-05,,MADEIREIRACOSTAEPALUCL514,,,12.0,3.229146
202410.0,2024-10-06,48862.0,MADEIREIRACOSTAEPALUCL514,Consumidor Livre,SUL,12.0,1.403115
202410.0,2024-10-06,48862.0,MADEIREIRACOSTAEPALUCL514,Consumidor Livre,SUL,12.0,1.403115
,2024-10-06,,MADEIREIRACOSTAEPALUCL514,,,12.0,1.403115
202410.0,2024-10-07,48862.0,MADEIREIRACOSTAEPALUCL514,Consumidor Livre,SUL,12.0,3.719122
202410.0,2024-10-07,48862.0,MADEIREIRACOSTAEPALUCL514,Consumidor Livre,SUL,12.0,3.719122
,2024-10-07,,MADEIREIRACOSTAEPALUCL514,,,12.0,3.719122
202410.0,2024-10-08,48862.0,MADEIREIRACOSTAEPALUCL514,Consumidor Livre,SUL,12.0,3.657378
202410.0,2024-10-08,48862.0,MADEIREIRACOSTAEPALUCL514,Consumidor Livre,SUL,12.0,3.657378
,2024-10-08,,MADEIREIRACOSTAEPALUCL514,,,12.0,3.657378
202410.0,2024-10-09,48862.0,MADEIREIRACOSTAEPALUCL514,Consumidor Livre,SUL,12.0,4.744211
202410.0,2024-10-09,48862.0,MADEIREIRACOSTAEPALUCL514,Consumidor Livre,SUL,12.0,4.744211
,2024-10-09,,MADEIREIRACOSTAEPALUCL514,,,12.0,4.744211
202410.0,2024-10-10,48862.0,MADEIREIRACOSTAEPALUCL514,Consumidor Livre,SUL,12.0,5.133863
202410.0,2024-10-10,48862.0,MADEIREIRACOSTAEPALUCL514,Consumidor Livre,SUL,12.0,5.133863
,2024-10-10,,MADEIREIRACOSTAEPALUCL514,,,12.0,5.133863
202410.0,2024-10-11,48862.0,MADEIREIRACOSTAEPALUCL514,Consumidor Livre,SUL,12.0,4.706873
202410.0,2024-10-11,48862.0,MADEIREIRACOSTAEPALUCL514,Consumidor Livre,SUL,12.0,4.706873
,2024-10-11,,MADEIREIRACOSTAEPALUCL514,,,12.0,4.706873
202410.0,2024-10-12,48862.0,MADEIREIRACOSTAEPALUCL514,Consumidor Livre,SUL,12.0,2.835107
202410.0,2024-10-12,48862.0,MADEIREIRACOSTAEPALUCL514,Consumidor Livre,SUL,12.0,2.835107
,2024-10-12,,MADEIREIRACOSTAEPALUCL514,,,12.0,2.835107
202410.0,2024-10-13,48862.0,MADEIREIRACOSTAEPALUCL514,Consumidor Livre,SUL,12.0,1.095909
202410.0,2024-10-13,48862.0,MADEIREIRACOSTAEPALUCL514,Consumidor Livre,SUL,12.0,1.095909
,2024-10-13,,MADEIREIRACOSTAEPALUCL514,,,12.0,1.095909
202410.0,2024-10-14,48862.0,MADEIREIRACOSTAEPALUCL514,Consumidor Livre,SUL,12.0,4.995821
202410.0,2024-10-14,48862.0,MADEIREIRACOSTAEPALUCL514,Consumidor Livre,SUL,12.0,4.995821
,2024-10-14,,MADEIREIRACOSTAEPALUCL514,,,12.0,4.995821
202410.0,2024-10-15,48862.0,MADEIREIRACOSTAEPALUCL514,Consumidor Livre,SUL,12.0,5.038375
202410.0,2024-10-15,48862.0,MADEIREIRACOSTAEPALUCL514,Consumidor Livre,SUL,12.0,5.038375
,2024-10-15,,MADEIREIRACOSTAEPALUCL514,,,12.0,5.038375
202410.0,2024-10-16,48862.0,MADEIREIRACOSTAEPALUCL514,Consumidor Livre,SUL,12.0,5.040536
202410.0,2024-10-16,48862.0,MADEIREIRACOSTAEPALUCL514,Consumidor Livre,SUL,12.0,5.040536
,2024-10-16,,MADEIREIRACOSTAEPALUCL514,,,12.0,5.040536
202410.0,2024-10-17,48862.0,MADEIREIRACOSTAEPALUCL514,Consumidor Livre,SUL,12.0,5.007885
202410.0,2024-10-17,48862.0,MADEIREIRACOSTAEPALUCL514,Consumidor Livre,SUL,12.0,5.007885
,2024-10-17,,MADEIREIRACOSTAEPALUCL514,,,12.0,5.007885
202410.0,2024-10-18,48862.0,MADEIREIRACOSTAEPALUCL514,Consumidor Livre,SUL,12.0,4.807819
202410.0,2024-10-18,48862.0,MADEIREIRACOSTAEPALUCL514,Consumidor Livre,SUL,12.0,4.807819
,2024-10-18,,MADEIREIRACOSTAEPALUCL514,,,12.0,4.807819
202410.0,2024-10-19,48862.0,MADEIREIRACOSTAEPALUCL514,Consumidor Livre,SUL,12.0,3.338261
202410.0,2024-10-19,48862.0,MADEIREIRACOSTAEPALUCL514,Consumidor Livre,SUL,12.0,3.338261
,2024-10-19,,MADEIREIRACOSTAEPALUCL514,,,12.0,3.338261
202410.0,2024-10-20,48862.0,MADEIREIRACOSTAEPALUCL514,Consumidor Livre,SUL,12.0,1.467897
202410.0,2024-10-20,48862.0,MADEIREIRACOSTAEPALUCL514,Consumidor Livre,SUL,12.0,1.467897
,2024-10-20,,MADEIREIRACOSTAEPALUCL514,,,12.0,1.467897
202410.0,2024-10-21,48862.0,MADEIREIRACOSTAEPALUCL514,Consumidor Livre,SUL,12.0,4.215379
202410.0,2024-10-21,48862.0,MADEIREIRACOSTAEPALUCL514,Consumidor Livre,SUL,12.0,4.215379
,2024-10-21,,MADEIREIRACOSTAEPALUCL514,,,12.0,4.215379
202410.0,2024-10-22,48862.0,MADEIREIRACOSTAEPALUCL514,Consumidor Livre,SUL,12.0,4.680228
202410.0,2024-10-22,48862.0,MADEIREIRACOSTAEPALUCL514,Consumidor Livre,SUL,12.0,4.680228
,2024-10-22,,MADEIREIRACOSTAEPALUCL514,,,12.0,4.680228
202410.0,2024-10-23,48862.0,MADEIREIRACOSTAEPALUCL514,Consumidor Livre,SUL,12.0,5.068555
202410.0,2024-10-23,48862.0,MADEIREIRACOSTAEPALUCL514,Consumidor Livre,SUL,12.0,5.068555
,2024-10-23,,MADEIREIRACOSTAEPALUCL514,,,12.0,5.068555
202410.0,2024-10-24,48862.0,MADEIREIRACOSTAEPALUCL514,Consumidor Livre,SUL,12.0,5.059701
202410.0,2024-10-24,48862.0,MADEIREIRACOSTAEPALUCL514,Consumidor Livre,SUL,12.0,5.059701
,2024-10-24,,MADEIREIRACOSTAEPALUCL514,,,12.0,5.059701
202410.0,2024-10-25,48862.0,MADEIREIRACOSTAEPALUCL514,Consumidor Livre,SUL,12.0,4.686583
202410.0,2024-10-25,48862.0,MADEIREIRACOSTAEPALUCL514,Consumidor Livre,SUL,12.0,4.686583
,2024-10-25,,MADEIREIRACOSTAEPALUCL514,,,12.0,4.686583
202410.0,2024-10-26,48862.0,MADEIREIRACOSTAEPALUCL514,Consumidor Livre,SUL,12.0,3.396451
202410.0,2024-10-26,48862.0,MADEIREIRACOSTAEPALUCL514,Consumidor Livre,SUL,12.0,3.396451
,2024-10-26,,MADEIREIRACOSTAEPALUCL514,,,12.0,3.396451
202410.0,2024-10-27,48862.0,MADEIREIRACOSTAEPALUCL514,Consumidor Livre,SUL,12.0,1.508232
202410.0,2024-10-27,48862.0,MADEIREIRACOSTAEPALUCL514,Consumidor Livre,SUL,12.0,1.508232
,2024-10-27,,MADEIREIRACOSTAEPALUCL514,,,12.0,1.508232
202410.0,2024-10-28,48862.0,MADEIREIRACOSTAEPALUCL514,Consumidor Livre,SUL,12.0,4.141866
202410.0,2024-10-28,48862.0,MADEIREIRACOSTAEPALUCL514,Consumidor Livre,SUL,12.0,4.141866
,2024-10-28,,MADEIREIRACOSTAEPALUCL514,,,12.0,4.141866
202410.0,2024-10-29,48862.0,MADEIREIRACOSTAEPALUCL514,Consumidor Livre,SUL,12.0,5.25739
202410.0,2024-10-29,48862.0,MADEIREIRACOSTAEPALUCL514,Consumidor Livre,SUL,12.0,5.25739
,2024-10-29,,MADEIREIRACOSTAEPALUCL514,,,12.0,5.25739
202410.0,2024-10-30,48862.0,MADEIREIRACOSTAEPALUCL514,Consumidor Livre,SUL,12.0,5.035373
202410.0,2024-10-30,48862.0,MADEIREIRACOSTAEPALUCL514,Consumidor Livre,SUL,12.0,5.035373
,2024-10-30,,MADEIREIRACOSTAEPALUCL514,,,12.0,5.035373
202410.0,2024-10-31,48862.0,MADEIREIRACOSTAEPALUCL514,Consumidor Livre,SUL,12.0,4.828661
202410.0,2024-10-31,48862.0,MADEIREIRACOSTAEPALUCL514,Consumidor Livre,SUL,12.0,4.828661
,2024-10-31,,MADEIREIRACOSTAEPALUCL514,,,12.0,4.828661
202411.0,2024-11-01,48862.0,MADEIREIRACOSTAEPALUCL514,Consumidor Livre,SUL,12.0,5.406112
202411.0,2024-11-01,48862.0,MADEIREIRACOSTAEPALUCL514,Consumidor Livre,SUL,12.0,5.406112
,2024-11-01,,MADEIREIRACOSTAEPALUCL514,,,12.0,5.406112
202411.0,2024-11-02,48862.0,MADEIREIRACOSTAEPALUCL514,Consumidor Livre,SUL,12.0,2.984273
202411.0,2024-11-02,48862.0,MADEIREIRACOSTAEPALUCL514,Consumidor Livre,SUL,12.0,2.984273
,2024-11-02,,MADEIREIRACOSTAEPALUCL514,,,12.0,2.984273
202411.0,2024-11-03,48862.0,MADEIREIRACOSTAEPALUCL514,Consumidor Livre,SUL,12.0,1.512079
202411.0,2024-11-03,48862.0,MADEIREIRACOSTAEPALUCL514,Consumidor Livre,SUL,12.0,1.512079
,2024-11-03,,MADEIREIRACOSTAEPALUCL514,,,12.0,1.512079
202411.0,2024-11-04,48862.0,MADEIREIRACOSTAEPALUCL514,Consumidor Livre,SUL,12.0,4.171979
202411.0,2024-11-04,48862.0,MADEIREIRACOSTAEPALUCL514,Consumidor Livre,SUL,12.0,4.171979
,2024-11-04,,MADEIREIRACOSTAEPALUCL514,,,12.0,4.171979
202411.0,2024-11-05,48862.0,MADEIREIRACOSTAEPALUCL514,Consumidor Livre,SUL,12.0,4.949546
202411.0,2024-11-05,48862.0,MADEIREIRACOSTAEPALUCL514,Consumidor Livre,SUL,12.0,4.949546
,2024-11-05,,MADEIREIRACOSTAEPALUCL514,,,12.0,4.949546
202411.0,2024-11-06,48862.0,MADEIREIRACOSTAEPALUCL514,Consumidor Livre,SUL,12.0,4.866013
202411.0,2024-11-06,48862.0,MADEIREIRACOSTAEPALUCL514,Consumidor Livre,SUL,12.0,4.866013
,2024-11-06,,MADEIREIRACOSTAEPALUCL514,,,12.0,4.866013
202411.0,2024-11-07,48862.0,MADEIREIRACOSTAEPALUCL514,Consumidor Livre,SUL,12.0,5.222953
202411.0,2024-11-07,48862.0,MADEIREIRACOSTAEPALUCL514,Consumidor Livre,SUL,12.0,5.222953
,2024-11-07,,MADEIREIRACOSTAEPALUCL514,,,12.0,5.222953
202411.0,2024-11-08,48862.0,MADEIREIRACOSTAEPALUCL514,Consumidor Livre,SUL,12.0,4.441177
202411.0,2024-11-08,48862.0,MADEIREIRACOSTAEPALUCL514,Consumidor Livre,SUL,12.0,4.441177
,2024-11-08,,MADEIREIRACOSTAEPALUCL514,,,12.0,4.441177
202411.0,2024-11-09,48862.0,MADEIREIRACOSTAEPALUCL514,Consumidor Livre,SUL,12.0,3.013504
202411.0,2024-11-09,48862.0,MADEIREIRACOSTAEPALUCL514,Consumidor Livre,SUL,12.0,3.013504
,2024-11-09,,MADEIREIRACOSTAEPALUCL514,,,12.0,3.013504
202411.0,2024-11-10,48862.0,MADEIREIRACOSTAEPALUCL514,Consumidor Livre,SUL,12.0,0.69053
202411.0,2024-11-10,48862.0,MADEIREIRACOSTAEPALUCL514,Consumidor Livre,SUL,12.0,0.69053
,2024-11-10,,MADEIREIRACOSTAEPALUCL514,,,12.0,0.69053
202411.0,2024-11-11,48862.0,MADEIREIRACOSTAEPALUCL514,Consumidor Livre,SUL,12.0,3.968075
202411.0,2024-11-11,48862.0,MADEIREIRACOSTAEPALUCL514,Consumidor Livre,SUL,12.0,3.968075
,2024-11-11,,MADEIREIRACOSTAEPALUCL514,,,12.0,3.968075
202411.0,2024-11-12,48862.0,MADEIREIRACOSTAEPALUCL514,Consumidor Livre,SUL,12.0,5.004124
202411.0,2024-11-12,48862.0,MADEIREIRACOSTAEPALUCL514,Consumidor Livre,SUL,12.0,5.004124
,2024-11-12,,MADEIREIRACOSTAEPALUCL514,,,12.0,5.004124
202411.0,2024-11-13,48862.0,MADEIREIRACOSTAEPALUCL514,Consumidor Livre,SUL,12.0,4.489108
202411.0,2024-11-13,48862.0,MADEIREIRACOSTAEPALUCL514,Consumidor Livre,SUL,12.0,4.489108
,2024-11-13,,MADEIREIRACOSTAEPALUCL514,,,12.0,4.489108
202411.0,2024-11-14,48862.0,MADEIREIRACOSTAEPALUCL514,Consumidor Livre,SUL,12.0,4.731599
202411.0,2024-11-14,48862.0,MADEIREIRACOSTAEPALUCL514,Consumidor Livre,SUL,12.0,4.731599
,2024-11-14,,MADEIREIRACOSTAEPALUCL514,,,12.0,4.731599
202411.0,2024-11-15,48862.0,MADEIREIRACOSTAEPALUCL514,Consumidor Livre,SUL,12.0,3.798062
202411.0,2024-11-15,48862.0,MADEIREIRACOSTAEPALUCL514,Consumidor Livre,SUL,12.0,3.798062
,2024-11-15,,MADEIREIRACOSTAEPALUCL514,,,12.0,3.798062
202411.0,2024-11-16,48862.0,MADEIREIRACOSTAEPALUCL514,Consumidor Livre,SUL,12.0,2.756128
202411.0,2024-11-16,48862.0,MADEIREIRACOSTAEPALUCL514,Consumidor Livre,SUL,12.0,2.756128
,2024-11-16,,MADEIREIRACOSTAEPALUCL514,,,12.0,2.756128
202411.0,2024-11-17,48862.0,MADEIREIRACOSTAEPALUCL514,Consumidor Livre,SUL,12.0,0.558766
202411.0,2024-11-17,48862.0,MADEIREIRACOSTAEPALUCL514,Consumidor Livre,SUL,12.0,0.558766
,2024-11-17,,MADEIREIRACOSTAEPALUCL514,,,12.0,0.558766
202411.0,2024-11-18,48862.0,MADEIREIRACOSTAEPALUCL514,Consumidor Livre,SUL,12.0,3.675836
202411.0,2024-11-18,48862.0,MADEIREIRACOSTAEPALUCL514,Consumidor Livre,SUL,12.0,3.675836
,2024-11-18,,MADEIREIRACOSTAEPALUCL514,,,12.0,3.675836
202411.0,2024-11-19,48862.0,MADEIREIRACOSTAEPALUCL514,Consumidor Livre,SUL,12.0,4.433717
202411.0,2024-11-19,48862.0,MADEIREIRACOSTAEPALUCL514,Consumidor Livre,SUL,12.0,4.433717
,2024-11-19,,MADEIREIRACOSTAEPALUCL514,,,12.0,4.433717
202411.0,2024-11-20,48862.0,MADEIREIRACOSTAEPALUCL514,Consumidor Livre,SUL,12.0,4.646364
202411.0,2024-11-20,48862.0,MADEIREIRACOSTAEPALUCL514,Consumidor Livre,SUL,12.0,4.646364
,2024-11-20,,MADEIREIRACOSTAEPALUCL514,,,12.0,4.646364
202411.0,2024-11-21,48862.0,MADEIREIRACOSTAEPALUCL514,Consumidor Livre,SUL,12.0,4.647761
202411.0,2024-11-21,48862.0,MADEIREIRACOSTAEPALUCL514,Consumidor Livre,SUL,12.0,4.647761
,2024-11-21,,MADEIREIRACOSTAEPALUCL514,,,12.0,4.647761
202411.0,2024-11-22,48862.0,MADEIREIRACOSTAEPALUCL514,Consumidor Livre,SUL,12.0,4.594901
202411.0,2024-11-22,48862.0,MADEIREIRACOSTAEPALUCL514,Consumidor Livre,SUL,12.0,4.594901
,2024-11-22,,MADEIREIRACOSTAEPALUCL514,,,12.0,4.594901
202411.0,2024-11-23,48862.0,MADEIREIRACOSTAEPALUCL514,Consumidor Livre,SUL,12.0,3.077051
202411.0,2024-11-23,48862.0,MADEIREIRACOSTAEPALUCL514,Consumidor Livre,SUL,12.0,3.077051
,2024-11-23,,MADEIREIRACOSTAEPALUCL514,,,12.0,3.077051
202411.0,2024-11-24,48862.0,MADEIREIRACOSTAEPALUCL514,Consumidor Livre,SUL,12.0,0.686998
202411.0,2024-11-24,48862.0,MADEIREIRACOSTAEPALUCL514,Consumidor Livre,SUL,12.0,0.686998
,2024-11-24,,MADEIREIRACOSTAEPALUCL514,,,12.0,0.686998
202411.0,2024-11-25,48862.0,MADEIREIRACOSTAEPALUCL514,Consumidor Livre,SUL,12.0,3.984333
202411.0,2024-11-25,48862.0,MADEIREIRACOSTAEPALUCL514,Consumidor Livre,SUL,12.0,3.984333
,2024-11-25,,MADEIREIRACOSTAEPALUCL514,,,12.0,3.984333
202411.0,2024-11-26,48862.0,MADEIREIRACOSTAEPALUCL514,Consumidor Livre,SUL,12.0,4.74465
202411.0,2024-11-26,48862.0,MADEIREIRACOSTAEPALUCL514,Consumidor Livre,SUL,12.0,4.74465
,2024-11-26,,MADEIREIRACOSTAEPALUCL514,,,12.0,4.74465
202411.0,2024-11-27,48862.0,MADEIREIRACOSTAEPALUCL514,Consumidor Livre,SUL,12.0,4.660879
202411.0,2024-11-27,48862.0,MADEIREIRACOSTAEPALUCL514,Consumidor Livre,SUL,12.0,4.660879
,2024-11-27,,MADEIREIRACOSTAEPALUCL514,,,12.0,4.660879
202411.0,2024-11-28,48862.0,MADEIREIRACOSTAEPALUCL514,Consumidor Livre,SUL,12.0,4.68145
202411.0,2024-11-28,48862.0,MADEIREIRACOSTAEPALUCL514,Consumidor Livre,SUL,12.0,4.68145
,2024-11-28,,MADEIREIRACOSTAEPALUCL514,,,12.0,4.68145
202411.0,2024-11-29,48862.0,MADEIREIRACOSTAEPALUCL514,Consumidor Livre,SUL,12.0,4.304065
202411.0,2024-11-29,48862.0,MADEIREIRACOSTAEPALUCL514,Consumidor Livre,SUL,12.0,4.304065
,2024-11-29,,MADEIREIRACOSTAEPALUCL514,,,12.0,4.304065
202411.0,2024-11-30,48862.0,MADEIREIRACOSTAEPALUCL514,Consumidor Livre,SUL,12.0,3.053157
202411.0,2024-11-30,48862.0,MADEIREIRACOSTAEPALUCL514,Consumidor Livre,SUL,12.0,3.053157
,2024-11-30,,MADEIREIRACOSTAEPALUCL514,,,12.0,3.053157
202412.0,2024-12-01,48862.0,MADEIREIRACOSTAEPALUCL514,Consumidor Livre,SUL,12.0,1.222584
202412.0,2024-12-01,48862.0,MADEIREIRACOSTAEPALUCL514,Consumidor Livre,SUL,12.0,1.222584
,2024-12-01,,MADEIREIRACOSTAEPALUCL514,,,12.0,1.222584
202412.0,2024-12-02,48862.0,MADEIREIRACOSTAEPALUCL514,Consumidor Livre,SUL,12.0,3.73034
202412.0,2024-12-02,48862.0,MADEIREIRACOSTAEPALUCL514,Consumidor Livre,SUL,12.0,3.73034
,2024-12-02,,MADEIREIRACOSTAEPALUCL514,,,12.0,3.73034
202412.0,2024-12-03,48862.0,MADEIREIRACOSTAEPALUCL514,Consumidor Livre,SUL,12.0,4.762131
202412.0,2024-12-03,48862.0,MADEIREIRACOSTAEPALUCL514,Consumidor Livre,SUL,12.0,4.762131
,2024-12-03,,MADEIREIRACOSTAEPALUCL514,,,12.0,4.762131
202412.0,2024-12-04,48862.0,MADEIREIRACOSTAEPALUCL514,Consumidor Livre,SUL,12.0,4.822723
202412.0,2024-12-04,48862.0,MADEIREIRACOSTAEPALUCL514,Consumidor Livre,SUL,12.0,4.822723
,2024-12-04,,MADEIREIRACOSTAEPALUCL514,,,12.0,4.822723
202412.0,2024-12-05,48862.0,MADEIREIRACOSTAEPALUCL514,Consumidor Livre,SUL,12.0,4.719458
202412.0,2024-12-05,48862.0,MADEIREIRACOSTAEPALUCL514,Consumidor Livre,SUL,12.0,4.719458
,2024-12-05,,MADEIREIRACOSTAEPALUCL514,,,12.0,4.719458
202412.0,2024-12-06,48862.0,MADEIREIRACOSTAEPALUCL514,Consumidor Livre,SUL,12.0,4.575983
202412.0,2024-12-06,48862.0,MADEIREIRACOSTAEPALUCL514,Consumidor Livre,SUL,12.0,4.575983
,2024-12-06,,MADEIREIRACOSTAEPALUCL514,,,12.0,4.575983
202412.0,2024-12-07,48862.0,MADEIREIRACOSTAEPALUCL514,Consumidor Livre,SUL,12.0,3.080899
202412.0,2024-12-07,48862.0,MADEIREIRACOSTAEPALUCL514,Consumidor Livre,SUL,12.0,3.080899
,2024-12-07,,MADEIREIRACOSTAEPALUCL514,,,12.0,3.080899
202412.0,2024-12-08,48862.0,MADEIREIRACOSTAEPALUCL514,Consumidor Livre,SUL,12.0,1.242272
202412.0,2024-12-08,48862.0,MADEIREIRACOSTAEPALUCL514,Consumidor Livre,SUL,12.0,1.242272
,2024-12-08,,MADEIREIRACOSTAEPALUCL514,,,12.0,1.242272
202412.0,2024-12-09,48862.0,MADEIREIRACOSTAEPALUCL514,Consumidor Livre,SUL,12.0,4.01867
202412.0,2024-12-09,48862.0,MADEIREIRACOSTAEPALUCL514,Consumidor Livre,SUL,12.0,4.01867
,2024-12-09,,MADEIREIRACOSTAEPALUCL514,,,12.0,4.01867
202412.0,2024-12-10,48862.0,MADEIREIRACOSTAEPALUCL514,Consumidor Livre,SUL,12.0,4.712593
202412.0,2024-12-10,48862.0,MADEIREIRACOSTAEPALUCL514,Consumidor Livre,SUL,12.0,4.712593
,2024-12-10,,MADEIREIRACOSTAEPALUCL514,,,12.0,4.712593
202412.0,2024-12-11,48862.0,MADEIREIRACOSTAEPALUCL514,Consumidor Livre,SUL,12.0,4.774691
202412.0,2024-12-11,48862.0,MADEIREIRACOSTAEPALUCL514,Consumidor Livre,SUL,12.0,4.774691
,2024-12-11,,MADEIREIRACOSTAEPALUCL514,,,12.0,4.774691
202412.0,2024-12-12,48862.0,MADEIREIRACOSTAEPALUCL514,Consumidor Livre,SUL,12.0,4.753613
202412.0,2024-12-12,48862.0,MADEIREIRACOSTAEPALUCL514,Consumidor Livre,SUL,12.0,4.753613
,2024-12-12,,MADEIREIRACOSTAEPALUCL514,,,12.0,4.753613
202412.0,2024-12-13,48862.0,MADEIREIRACOSTAEPALUCL514,Consumidor Livre,SUL,12.0,4.327045
202412.0,2024-12-13,48862.0,MADEIREIRACOSTAEPALUCL514,Consumidor Livre,SUL,12.0,4.327045
,2024-12-13,,MADEIREIRACOSTAEPALUCL514,,,12.0,4.327045
202412.0,2024-12-14,48862.0,MADEIREIRACOSTAEPALUCL514,Consumidor Livre,SUL,12.0,2.624293
202412.0,2024-12-14,48862.0,MADEIREIRACOSTAEPALUCL514,Consumidor Livre,SUL,12.0,2.624293
,2024-12-14,,MADEIREIRACOSTAEPALUCL514,,,12.0,2.624293
202412.0,2024-12-15,48862.0,MADEIREIRACOSTAEPALUCL514,Consumidor Livre,SUL,12.0,1.122677
202412.0,2024-12-15,48862.0,MADEIREIRACOSTAEPALUCL514,Consumidor Livre,SUL,12.0,1.122677
,2024-12-15,,MADEIREIRACOSTAEPALUCL514,,,12.0,1.122677
202412.0,2024-12-16,48862.0,MADEIREIRACOSTAEPALUCL514,Consumidor Livre,SUL,12.0,3.820616
202412.0,2024-12-16,48862.0,MADEIREIRACOSTAEPALUCL514,Consumidor Livre,SUL,12.0,3.820616
,2024-12-16,,MADEIREIRACOSTAEPALUCL514,,,12.0,3.820616
202412.0,2024-12-17,48862.0,MADEIREIRACOSTAEPALUCL514,Consumidor Livre,SUL,12.0,4.600371
202412.0,2024-12-17,48862.0,MADEIREIRACOSTAEPALUCL514,Consumidor Livre,SUL,12.0,4.600371
,2024-12-17,,MADEIREIRACOSTAEPALUCL514,,,12.0,4.600371
202412.0,2024-12-18,48862.0,MADEIREIRACOSTAEPALUCL514,Consumidor Livre,SUL,12.0,3.913443
202412.0,2024-12-18,48862.0,MADEIREIRACOSTAEPALUCL514,Consumidor Livre,SUL,12.0,3.913443
,2024-12-18,,MADEIREIRACOSTAEPALUCL514,,,12.0,3.913443
202412.0,2024-12-19,48862.0,MADEIREIRACOSTAEPALUCL514,Consumidor Livre,SUL,12.0,3.772486
202412.0,2024-12-19,48862.0,MADEIREIRACOSTAEPALUCL514,Consumidor Livre,SUL,12.0,3.772486
,2024-12-19,,MADEIREIRACOSTAEPALUCL514,,,12.0,3.772486
202412.0,2024-12-20,48862.0,MADEIREIRACOSTAEPALUCL514,Consumidor Livre,SUL,12.0,1.760614
202412.0,2024-12-20,48862.0,MADEIREIRACOSTAEPALUCL514,Consumidor Livre,SUL,12.0,1.760614
,2024-12-20,,MADEIREIRACOSTAEPALUCL514,,,12.0,1.760614
202412.0,2024-12-21,48862.0,MADEIREIRACOSTAEPALUCL514,Consumidor Livre,SUL,12.0,0.094324
202412.0,2024-12-21,48862.0,MADEIREIRACOSTAEPALUCL514,Consumidor Livre,SUL,12.0,0.094324
,2024-12-21,,MADEIREIRACOSTAEPALUCL514,,,12.0,0.094324
202412.0,2024-12-22,48862.0,MADEIREIRACOSTAEPALUCL514,Consumidor Livre,SUL,12.0,0.0633249999999999
202412.0,2024-12-22,48862.0,MADEIREIRACOSTAEPALUCL514,Consumidor Livre,SUL,12.0,0.0633249999999999
,2024-12-22,,MADEIREIRACOSTAEPALUCL514,,,12.0,0.0633249999999999
202412.0,2024-12-23,48862.0,MADEIREIRACOSTAEPALUCL514,Consumidor Livre,SUL,12.0,0.071525
202412.0,2024-12-23,48862.0,MADEIREIRACOSTAEPALUCL514,Consumidor Livre,SUL,12.0,0.071525
,2024-12-23,,MADEIREIRACOSTAEPALUCL514,,,12.0,0.071525
202412.0,2024-12-24,48862.0,MADEIREIRACOSTAEPALUCL514,Consumidor Livre,SUL,12.0,0.103954
202412.0,2024-12-24,48862.0,MADEIREIRACOSTAEPALUCL514,Consumidor Livre,SUL,12.0,0.103954
,2024-12-24,,MADEIREIRACOSTAEPALUCL514,,,12.0,0.103954
202412.0,2024-12-25,48862.0,MADEIREIRACOSTAEPALUCL514,Consumidor Livre,SUL,12.0,0.063348
202412.0,2024-12-25,48862.0,MADEIREIRACOSTAEPALUCL514,Consumidor Livre,SUL,12.0,0.063348
,2024-12-25,,MADEIREIRACOSTAEPALUCL514,,,12.0,0.063348
202412.0,2024-12-26,48862.0,MADEIREIRACOSTAEPALUCL514,Consumidor Livre,SUL,12.0,0.06854
202412.0,2024-12-26,48862.0,MADEIREIRACOSTAEPALUCL514,Consumidor Livre,SUL,12.0,0.06854
,2024-12-26,,MADEIREIRACOSTAEPALUCL514,,,12.0,0.06854
202412.0,2024-12-27,48862.0,MADEIREIRACOSTAEPALUCL514,Consumidor Livre,SUL,12.0,0.061876
202412.0,2024-12-27,48862.0,MADEIREIRACOSTAEPALUCL514,Consumidor Livre,SUL,12.0,0.061876
,2024-12-27,,MADEIREIRACOSTAEPALUCL514,,,12.0,0.061876
202412.0,2024-12-28,48862.0,MADEIREIRACOSTAEPALUCL514,Consumidor Livre,SUL,12.0,0.061578
202412.0,2024-12-28,48862.0,MADEIREIRACOSTAEPALUCL514,Consumidor Livre,SUL,12.0,0.061578
,2024-12-28,,MADEIREIRACOSTAEPALUCL514,,,12.0,0.061578
202412.0,2024-12-29,48862.0,MADEIREIRACOSTAEPALUCL514,Consumidor Livre,SUL,12.0,0.057316
202412.0,2024-12-29,48862.0,MADEIREIRACOSTAEPALUCL514,Consumidor Livre,SUL,12.0,0.057316
,2024-12-29,,MADEIREIRACOSTAEPALUCL514,,,12.0,0.057316
202412.0,2024-12-30,48862.0,MADEIREIRACOSTAEPALUCL514,Consumidor Livre,SUL,12.0,0.060229
202412.0,2024-12-30,48862.0,MADEIREIRACOSTAEPALUCL514,Consumidor Livre,SUL,12.0,0.060229
,2024-12-30,,MADEIREIRACOSTAEPALUCL514,,,12.0,0.060229
202412.0,2024-12-31,48862.0,MADEIREIRACOSTAEPALUCL514,Consumidor Livre,SUL,12.0,0.071919
202412.0,2024-12-31,48862.0,MADEIREIRACOSTAEPALUCL514,Consumidor Livre,SUL,12.0,0.071919
,2024-12-31,,MADEIREIRACOSTAEPALUCL514,,,12.0,0.071919
202501.0,2025-01-01,48862.0,MADEIREIRACOSTAEPALUCL514,Consumidor Livre,SUL,12.0,0.065659
202501.0,2025-01-01,48862.0,MADEIREIRACOSTAEPALUCL514,Consumidor Livre,SUL,12.0,0.065659
,2025-01-01,,MADEIREIRACOSTAEPALUCL514,,,12.0,0.065659
202501.0,2025-01-02,48862.0,MADEIREIRACOSTAEPALUCL514,Consumidor Livre,SUL,12.0,3.453652
202501.0,2025-01-02,48862.0,MADEIREIRACOSTAEPALUCL514,Consumidor Livre,SUL,12.0,3.453652
,2025-01-02,,MADEIREIRACOSTAEPALUCL514,,,12.0,3.453652
202501.0,2025-01-03,48862.0,MADEIREIRACOSTAEPALUCL514,Consumidor Livre,SUL,12.0,4.235432
202501.0,2025-01-03,48862.0,MADEIREIRACOSTAEPALUCL514,Consumidor Livre,SUL,12.0,4.235432
,2025-01-03,,MADEIREIRACOSTAEPALUCL514,,,12.0,4.235432
202501.0,2025-01-04,48862.0,MADEIREIRACOSTAEPALUCL514,Consumidor Livre,SUL,12.0,3.110752
202501.0,2025-01-04,48862.0,MADEIREIRACOSTAEPALUCL514,Consumidor Livre,SUL,12.0,3.110752
,2025-01-04,,MADEIREIRACOSTAEPALUCL514,,,12.0,3.110752
202501.0,2025-01-05,48862.0,MADEIREIRACOSTAEPALUCL514,Consumidor Livre,SUL,12.0,1.283183
202501.0,2025-01-05,48862.0,MADEIREIRACOSTAEPALUCL514,Consumidor Livre,SUL,12.0,1.283183
,2025-01-05,,MADEIREIRACOSTAEPALUCL514,,,12.0,1.283183
202501.0,2025-01-06,48862.0,MADEIREIRACOSTAEPALUCL514,Consumidor Livre,SUL,12.0,3.737707
202501.0,2025-01-06,48862.0,MADEIREIRACOSTAEPALUCL514,Consumidor Livre,SUL,12.0,3.737707
,2025-01-06,,MADEIREIRACOSTAEPALUCL514,,,12.0,3.737707
202501.0,2025-01-07,48862.0,MADEIREIRACOSTAEPALUCL514,Consumidor Livre,SUL,12.0,4.66216
202501.0,2025-01-07,48862.0,MADEIREIRACOSTAEPALUCL514,Consumidor Livre,SUL,12.0,4.66216
,2025-01-07,,MADEIREIRACOSTAEPALUCL514,,,12.0,4.66216
202501.0,2025-01-08,48862.0,MADEIREIRACOSTAEPALUCL514,Consumidor Livre,SUL,12.0,4.487232
202501.0,2025-01-08,48862.0,MADEIREIRACOSTAEPALUCL514,Consumidor Livre,SUL,12.0,4.487232
,2025-01-08,,MADEIREIRACOSTAEPALUCL514,,,12.0,4.487232
202501.0,2025-01-09,48862.0,MADEIREIRACOSTAEPALUCL514,Consumidor Livre,SUL,12.0,4.17683
202501.0,2025-01-09,48862.0,MADEIREIRACOSTAEPALUCL514,Consumidor Livre,SUL,12.0,4.17683
,2025-01-09,,MADEIREIRACOSTAEPALUCL514,,,12.0,4.17683
202501.0,2025-01-10,48862.0,MADEIREIRACOSTAEPALUCL514,Consumidor Livre,SUL,12.0,4.657228
202501.0,2025-01-10,48862.0,MADEIREIRACOSTAEPALUCL514,Consumidor Livre,SUL,12.0,4.657228
,2025-01-10,,MADEIREIRACOSTAEPALUCL514,,,12.0,4.657228
202501.0,2025-01-11,48862.0,MADEIREIRACOSTAEPALUCL514,Consumidor Livre,SUL,12.0,2.629566
202501.0,2025-01-11,48862.0,MADEIREIRACOSTAEPALUCL514,Consumidor Livre,SUL,12.0,2.629566
,2025-01-11,,MADEIREIRACOSTAEPALUCL514,,,12.0,2.629566
202501.0,2025-01-12,48862.0,MADEIREIRACOSTAEPALUCL514,Consumidor Livre,SUL,12.0,0.733151
202501.0,2025-01-12,48862.0,MADEIREIRACOSTAEPALUCL514,Consumidor Livre,SUL,12.0,0.733151
,2025-01-12,,MADEIREIRACOSTAEPALUCL514,,,12.0,0.733151
202501.0,2025-01-13,48862.0,MADEIREIRACOSTAEPALUCL514,Consumidor Livre,SUL,12.0,4.3973830000000005
202501.0,2025-01-13,48862.0,MADEIREIRACOSTAEPALUCL514,Consumidor Livre,SUL,12.0,4.3973830000000005
,2025-01-13,,MADEIREIRACOSTAEPALUCL514,,,12.0,4.3973830000000005
202501.0,2025-01-14,48862.0,MADEIREIRACOSTAEPALUCL514,Consumidor Livre,SUL,12.0,4.297867
202501.0,2025-01-14,48862.0,MADEIREIRACOSTAEPALUCL514,Consumidor Livre,SUL,12.0,4.297867
,2025-01-14,,MADEIREIRACOSTAEPALUCL514,,,12.0,4.297867
202501.0,2025-01-15,48862.0,MADEIREIRACOSTAEPALUCL514,Consumidor Livre,SUL,12.0,4.593224
202501.0,2025-01-15,48862.0,MADEIREIRACOSTAEPALUCL514,Consumidor Livre,SUL,12.0,4.593224
,2025-01-15,,MADEIREIRACOSTAEPALUCL514,,,12.0,4.593224
202501.0,2025-01-16,48862.0,MADEIREIRACOSTAEPALUCL514,Consumidor Livre,SUL,12.0,4.169695
202501.0,2025-01-16,48862.0,MADEIREIRACOSTAEPALUCL514,Consumidor Livre,SUL,12.0,4.169695
,2025-01-16,,MADEIREIRACOSTAEPALUCL514,,,12.0,4.169695
202501.0,2025-01-17,48862.0,MADEIREIRACOSTAEPALUCL514,Consumidor Livre,SUL,12.0,4.058419
202501.0,2025-01-17,48862.0,MADEIREIRACOSTAEPALUCL514,Consumidor Livre,SUL,12.0,4.058419
,2025-01-17,,MADEIREIRACOSTAEPALUCL514,,,12.0,4.058419
202501.0,2025-01-18,48862.0,MADEIREIRACOSTAEPALUCL514,Consumidor Livre,SUL,12.0,2.439635
202501.0,2025-01-18,48862.0,MADEIREIRACOSTAEPALUCL514,Consumidor Livre,SUL,12.0,2.439635
,2025-01-18,,MADEIREIRACOSTAEPALUCL514,,,12.0,2.439635
202501.0,2025-01-19,48862.0,MADEIREIRACOSTAEPALUCL514,Consumidor Livre,SUL,12.0,0.527244
202501.0,2025-01-19,48862.0,MADEIREIRACOSTAEPALUCL514,Consumidor Livre,SUL,12.0,0.527244
,2025-01-19,,MADEIREIRACOSTAEPALUCL514,,,12.0,0.527244
202501.0,2025-01-20,48862.0,MADEIREIRACOSTAEPALUCL514,Consumidor Livre,SUL,12.0,3.816855
202501.0,2025-01-20,48862.0,MADEIREIRACOSTAEPALUCL514,Consumidor Livre,SUL,12.0,3.816855
,2025-01-20,,MADEIREIRACOSTAEPALUCL514,,,12.0,3.816855
202501.0,2025-01-21,48862.0,MADEIREIRACOSTAEPALUCL514,Consumidor Livre,SUL,12.0,4.16061
202501.0,2025-01-21,48862.0,MADEIREIRACOSTAEPALUCL514,Consumidor Livre,SUL,12.0,4.16061
,2025-01-21,,MADEIREIRACOSTAEPALUCL514,,,12.0,4.16061
202501.0,2025-01-22,48862.0,MADEIREIRACOSTAEPALUCL514,Consumidor Livre,SUL,12.0,4.086546
202501.0,2025-01-22,48862.0,MADEIREIRACOSTAEPALUCL514,Consumidor Livre,SUL,12.0,4.086546
,2025-01-22,,MADEIREIRACOSTAEPALUCL514,,,12.0,4.086546
202501.0,2025-01-23,48862.0,MADEIREIRACOSTAEPALUCL514,Consumidor Livre,SUL,12.0,4.181665
202501.0,2025-01-23,48862.0,MADEIREIRACOSTAEPALUCL514,Consumidor Livre,SUL,12.0,4.181665
,2025-01-23,,MADEIREIRACOSTAEPALUCL514,,,12.0,4.181665
202501.0,2025-01-24,48862.0,MADEIREIRACOSTAEPALUCL514,Consumidor Livre,SUL,12.0,4.002786
202501.0,2025-01-24,48862.0,MADEIREIRACOSTAEPALUCL514,Consumidor Livre,SUL,12.0,4.002786
,2025-01-24,,MADEIREIRACOSTAEPALUCL514,,,12.0,4.002786
202501.0,2025-01-25,48862.0,MADEIREIRACOSTAEPALUCL514,Consumidor Livre,SUL,12.0,2.69989
202501.0,2025-01-25,48862.0,MADEIREIRACOSTAEPALUCL514,Consumidor Livre,SUL,12.0,2.69989
,2025-01-25,,MADEIREIRACOSTAEPALUCL514,,,12.0,2.69989
202501.0,2025-01-26,48862.0,MADEIREIRACOSTAEPALUCL514,Consumidor Livre,SUL,12.0,1.154089
202501.0,2025-01-26,48862.0,MADEIREIRACOSTAEPALUCL514,Consumidor Livre,SUL,12.0,1.154089
,2025-01-26,,MADEIREIRACOSTAEPALUCL514,,,12.0,1.154089
202501.0,2025-01-27,48862.0,MADEIREIRACOSTAEPALUCL514,Consumidor Livre,SUL,12.0,3.636892
202501.0,2025-01-27,48862.0,MADEIREIRACOSTAEPALUCL514,Consumidor Livre,SUL,12.0,3.636892
,2025-01-27,,MADEIREIRACOSTAEPALUCL514,,,12.0,3.636892
202501.0,2025-01-28,48862.0,MADEIREIRACOSTAEPALUCL514,Consumidor Livre,SUL,12.0,4.456857
202501.0,2025-01-28,48862.0,MADEIREIRACOSTAEPALUCL514,Consumidor Livre,SUL,12.0,4.456857
,2025-01-28,,MADEIREIRACOSTAEPALUCL514,,,12.0,4.456857
202501.0,2025-01-29,48862.0,MADEIREIRACOSTAEPALUCL514,Consumidor Livre,SUL,12.0,4.444903
202501.0,2025-01-29,48862.0,MADEIREIRACOSTAEPALUCL514,Consumidor Livre,SUL,12.0,4.444903
,2025-01-29,,MADEIREIRACOSTAEPALUCL514,,,12.0,4.444903
202501.0,2025-01-30,48862.0,MADEIREIRACOSTAEPALUCL514,Consumidor Livre,SUL,12.0,4.287955
202501.0,2025-01-30,48862.0,MADEIREIRACOSTAEPALUCL514,Consumidor Livre,SUL,12.0,4.287955
,2025-01-30,,MADEIREIRACOSTAEPALUCL514,,,12.0,4.287955
202501.0,2025-01-31,48862.0,MADEIREIRACOSTAEPALUCL514,Consumidor Livre,SUL,12.0,4.299505
202501.0,2025-01-31,48862.0,MADEIREIRACOSTAEPALUCL514,Consumidor Livre,SUL,12.0,4.299505
,2025-01-31,,MADEIREIRACOSTAEPALUCL514,,,12.0,4.299505
202502.0,2025-02-01,48862.0,MADEIREIRACOSTAEPALUCL514,Consumidor Livre,SUL,12.0,2.913637
202502.0,2025-02-01,48862.0,MADEIREIRACOSTAEPALUCL514,Consumidor Livre,SUL,12.0,2.913637
,2025-02-01,,MADEIREIRACOSTAEPALUCL514,,,12.0,2.913637
202502.0,2025-02-02,48862.0,MADEIREIRACOSTAEPALUCL514,Consumidor Livre,SUL,12.0,1.25256
202502.0,2025-02-02,48862.0,MADEIREIRACOSTAEPALUCL514,Consumidor Livre,SUL,12.0,1.25256
,2025-02-02,,MADEIREIRACOSTAEPALUCL514,,,12.0,1.25256
202502.0,2025-02-03,48862.0,MADEIREIRACOSTAEPALUCL514,Consumidor Livre,SUL,12.0,3.77225
202502.0,2025-02-03,48862.0,MADEIREIRACOSTAEPALUCL514,Consumidor Livre,SUL,12.0,3.77225
,2025-02-03,,MADEIREIRACOSTAEPALUCL514,,,12.0,3.77225
202502.0,2025-02-04,48862.0,MADEIREIRACOSTAEPALUCL514,Consumidor Livre,SUL,12.0,4.480606
202502.0,2025-02-04,48862.0,MADEIREIRACOSTAEPALUCL514,Consumidor Livre,SUL,12.0,4.480606
,2025-02-04,,MADEIREIRACOSTAEPALUCL514,,,12.0,4.480606
202502.0,2025-02-05,48862.0,MADEIREIRACOSTAEPALUCL514,Consumidor Livre,SUL,12.0,4.447438
202502.0,2025-02-05,48862.0,MADEIREIRACOSTAEPALUCL514,Consumidor Livre,SUL,12.0,4.447438
,2025-02-05,,MADEIREIRACOSTAEPALUCL514,,,12.0,4.447438
202502.0,2025-02-06,48862.0,MADEIREIRACOSTAEPALUCL514,Consumidor Livre,SUL,12.0,5.084047
202502.0,2025-02-06,48862.0,MADEIREIRACOSTAEPALUCL514,Consumidor Livre,SUL,12.0,5.084047
,2025-02-06,,MADEIREIRACOSTAEPALUCL514,,,12.0,5.084047
202502.0,2025-02-07,48862.0,MADEIREIRACOSTAEPALUCL514,Consumidor Livre,SUL,12.0,4.072955
202502.0,2025-02-07,48862.0,MADEIREIRACOSTAEPALUCL514,Consumidor Livre,SUL,12.0,4.072955
,2025-02-07,,MADEIREIRACOSTAEPALUCL514,,,12.0,4.072955
202502.0,2025-02-08,48862.0,MADEIREIRACOSTAEPALUCL514,Consumidor Livre,SUL,12.0,2.957052
202502.0,2025-02-08,48862.0,MADEIREIRACOSTAEPALUCL514,Consumidor Livre,SUL,12.0,2.957052
,2025-02-08,,MADEIREIRACOSTAEPALUCL514,,,12.0,2.957052
202502.0,2025-02-09,48862.0,MADEIREIRACOSTAEPALUCL514,Consumidor Livre,SUL,12.0,1.437241
202502.0,2025-02-09,48862.0,MADEIREIRACOSTAEPALUCL514,Consumidor Livre,SUL,12.0,1.437241
,2025-02-09,,MADEIREIRACOSTAEPALUCL514,,,12.0,1.437241
202502.0,2025-02-10,48862.0,MADEIREIRACOSTAEPALUCL514,Consumidor Livre,SUL,12.0,4.008505
202502.0,2025-02-10,48862.0,MADEIREIRACOSTAEPALUCL514,Consumidor Livre,SUL,12.0,4.008505
,2025-02-10,,MADEIREIRACOSTAEPALUCL514,,,12.0,4.008505
202502.0,2025-02-11,48862.0,MADEIREIRACOSTAEPALUCL514,Consumidor Livre,SUL,12.0,4.67986
202502.0,2025-02-11,48862.0,MADEIREIRACOSTAEPALUCL514,Consumidor Livre,SUL,12.0,4.67986
,2025-02-11,,MADEIREIRACOSTAEPALUCL514,,,12.0,4.67986
202502.0,2025-02-12,48862.0,MADEIREIRACOSTAEPALUCL514,Consumidor Livre,SUL,12.0,4.773156
202502.0,2025-02-12,48862.0,MADEIREIRACOSTAEPALUCL514,Consumidor Livre,SUL,12.0,4.773156
,2025-02-12,,MADEIREIRACOSTAEPALUCL514,,,12.0,4.773156
202502.0,2025-02-13,48862.0,MADEIREIRACOSTAEPALUCL514,Consumidor Livre,SUL,12.0,4.9545
202502.0,2025-02-13,48862.0,MADEIREIRACOSTAEPALUCL514,Consumidor Livre,SUL,12.0,4.9545
,2025-02-13,,MADEIREIRACOSTAEPALUCL514,,,12.0,4.9545
202502.0,2025-02-14,48862.0,MADEIREIRACOSTAEPALUCL514,Consumidor Livre,SUL,12.0,4.850112
202502.0,2025-02-14,48862.0,MADEIREIRACOSTAEPALUCL514,Consumidor Livre,SUL,12.0,4.850112
,2025-02-14,,MADEIREIRACOSTAEPALUCL514,,,12.0,4.850112
202502.0,2025-02-15,48862.0,MADEIREIRACOSTAEPALUCL514,Consumidor Livre,SUL,12.0,3.09434
202502.0,2025-02-15,48862.0,MADEIREIRACOSTAEPALUCL514,Consumidor Livre,SUL,12.0,3.09434
,2025-02-15,,MADEIREIRACOSTAEPALUCL514,,,12.0,3.09434
202502.0,2025-02-16,48862.0,MADEIREIRACOSTAEPALUCL514,Consumidor Livre,SUL,12.0,0.734163
202502.0,2025-02-16,48862.0,MADEIREIRACOSTAEPALUCL514,Consumidor Livre,SUL,12.0,0.734163
,2025-02-16,,MADEIREIRACOSTAEPALUCL514,,,12.0,0.734163
202502.0,2025-02-17,48862.0,MADEIREIRACOSTAEPALUCL514,Consumidor Livre,SUL,12.0,3.897574
202502.0,2025-02-17,48862.0,MADEIREIRACOSTAEPALUCL514,Consumidor Livre,SUL,12.0,3.897574
,2025-02-17,,MADEIREIRACOSTAEPALUCL514,,,12.0,3.897574
202502.0,2025-02-18,48862.0,MADEIREIRACOSTAEPALUCL514,Consumidor Livre,SUL,12.0,4.696147
202502.0,2025-02-18,48862.0,MADEIREIRACOSTAEPALUCL514,Consumidor Livre,SUL,12.0,4.696147
,2025-02-18,,MADEIREIRACOSTAEPALUCL514,,,12.0,4.696147
202502.0,2025-02-19,48862.0,MADEIREIRACOSTAEPALUCL514,Consumidor Livre,SUL,12.0,4.284868
202502.0,2025-02-19,48862.0,MADEIREIRACOSTAEPALUCL514,Consumidor Livre,SUL,12.0,4.284868
,2025-02-19,,MADEIREIRACOSTAEPALUCL514,,,12.0,4.284868
202502.0,2025-02-20,48862.0,MADEIREIRACOSTAEPALUCL514,Consumidor Livre,SUL,12.0,4.845571
202502.0,2025-02-20,48862.0,MADEIREIRACOSTAEPALUCL514,Consumidor Livre,SUL,12.0,4.845571
,2025-02-20,,MADEIREIRACOSTAEPALUCL514,,,12.0,4.845571
202502.0,2025-02-21,48862.0,MADEIREIRACOSTAEPALUCL514,Consumidor Livre,SUL,12.0,4.259963
202502.0,2025-02-21,48862.0,MADEIREIRACOSTAEPALUCL514,Consumidor Livre,SUL,12.0,4.259963
,2025-02-21,,MADEIREIRACOSTAEPALUCL514,,,12.0,4.259963
202502.0,2025-02-22,48862.0,MADEIREIRACOSTAEPALUCL514,Consumidor Livre,SUL,12.0,3.33794
202502.0,2025-02-22,48862.0,MADEIREIRACOSTAEPALUCL514,Consumidor Livre,SUL,12.0,3.33794
,2025-02-22,,MADEIREIRACOSTAEPALUCL514,,,12.0,3.33794
202502.0,2025-02-23,48862.0,MADEIREIRACOSTAEPALUCL514,Consumidor Livre,SUL,12.0,1.405815
202502.0,2025-02-23,48862.0,MADEIREIRACOSTAEPALUCL514,Consumidor Livre,SUL,12.0,1.405815
,2025-02-23,,MADEIREIRACOSTAEPALUCL514,,,12.0,1.405815
202502.0,2025-02-24,48862.0,MADEIREIRACOSTAEPALUCL514,Consumidor Livre,SUL,12.0,3.861241
202502.0,2025-02-24,48862.0,MADEIREIRACOSTAEPALUCL514,Consumidor Livre,SUL,12.0,3.861241
,2025-02-24,,MADEIREIRACOSTAEPALUCL514,,,12.0,3.861241
202502.0,2025-02-25,48862.0,MADEIREIRACOSTAEPALUCL514,Consumidor Livre,SUL,12.0,4.580211
202502.0,2025-02-25,48862.0,MADEIREIRACOSTAEPALUCL514,Consumidor Livre,SUL,12.0,4.580211
,2025-02-25,,MADEIREIRACOSTAEPALUCL514,,,12.0,4.580211
202502.0,2025-02-26,48862.0,MADEIREIRACOSTAEPALUCL514,Consumidor Livre,SUL,12.0,4.444705
202502.0,2025-02-26,48862.0,MADEIREIRACOSTAEPALUCL514,Consumidor Livre,SUL,12.0,4.444705
,2025-02-26,,MADEIREIRACOSTAEPALUCL514,,,12.0,4.444705
202502.0,2025-02-27,48862.0,MADEIREIRACOSTAEPALUCL514,Consumidor Livre,SUL,12.0,4.428852
202502.0,2025-02-27,48862.0,MADEIREIRACOSTAEPALUCL514,Consumidor Livre,SUL,12.0,4.428852
,2025-02-27,,MADEIREIRACOSTAEPALUCL514,,,12.0,4.428852
202502.0,2025-02-28,48862.0,MADEIREIRACOSTAEPALUCL514,Consumidor Livre,SUL,12.0,4.670263
202502.0,2025-02-28,48862.0,MADEIREIRACOSTAEPALUCL514,Consumidor Livre,SUL,12.0,4.670263
,2025-02-28,,MADEIREIRACOSTAEPALUCL514,,,12.0,4.670263
202503.0,2025-03-01,48862.0,MADEIREIRACOSTAEPALUCL514,Consumidor Livre,SUL,12.0,2.775964
202503.0,2025-03-01,48862.0,MADEIREIRACOSTAEPALUCL514,Consumidor Livre,SUL,12.0,2.775964
,2025-03-01,,MADEIREIRACOSTAEPALUCL514,,,12.0,2.775964
202503.0,2025-03-02,48862.0,MADEIREIRACOSTAEPALUCL514,Consumidor Livre,SUL,12.0,0.067484
202503.0,2025-03-02,48862.0,MADEIREIRACOSTAEPALUCL514,Consumidor Livre,SUL,12.0,0.067484
,2025-03-02,,MADEIREIRACOSTAEPALUCL514,,,12.0,0.067484
202503.0,2025-03-03,48862.0,MADEIREIRACOSTAEPALUCL514,Consumidor Livre,SUL,12.0,3.375172
202503.0,2025-03-03,48862.0,MADEIREIRACOSTAEPALUCL514,Consumidor Livre,SUL,12.0,3.375172
,2025-03-03,,MADEIREIRACOSTAEPALUCL514,,,12.0,3.375172
202503.0,2025-03-04,48862.0,MADEIREIRACOSTAEPALUCL514,Consumidor Livre,SUL,12.0,2.892055
202503.0,2025-03-04,48862.0,MADEIREIRACOSTAEPALUCL514,Consumidor Livre,SUL,12.0,2.892055
,2025-03-04,,MADEIREIRACOSTAEPALUCL514,,,12.0,2.892055
202503.0,2025-03-05,48862.0,MADEIREIRACOSTAEPALUCL514,Consumidor Livre,SUL,12.0,4.452728
202503.0,2025-03-05,48862.0,MADEIREIRACOSTAEPALUCL514,Consumidor Livre,SUL,12.0,4.452728
,2025-03-05,,MADEIREIRACOSTAEPALUCL514,,,12.0,4.452728
202503.0,2025-03-06,48862.0,MADEIREIRACOSTAEPALUCL514,Consumidor Livre,SUL,12.0,4.541853
202503.0,2025-03-06,48862.0,MADEIREIRACOSTAEPALUCL514,Consumidor Livre,SUL,12.0,4.541853
,2025-03-06,,MADEIREIRACOSTAEPALUCL514,,,12.0,4.541853
202503.0,2025-03-07,48862.0,MADEIREIRACOSTAEPALUCL514,Consumidor Livre,SUL,12.0,4.558952
202503.0,2025-03-07,48862.0,MADEIREIRACOSTAEPALUCL514,Consumidor Livre,SUL,12.0,4.558952
,2025-03-07,,MADEIREIRACOSTAEPALUCL514,,,12.0,4.558952
202503.0,2025-03-08,48862.0,MADEIREIRACOSTAEPALUCL514,Consumidor Livre,SUL,12.0,1.589434
202503.0,2025-03-08,48862.0,MADEIREIRACOSTAEPALUCL514,Consumidor Livre,SUL,12.0,1.589434
,2025-03-08,,MADEIREIRACOSTAEPALUCL514,,,12.0,1.589434
202503.0,2025-03-09,48862.0,MADEIREIRACOSTAEPALUCL514,Consumidor Livre,SUL,12.0,0.584335
202503.0,2025-03-09,48862.0,MADEIREIRACOSTAEPALUCL514,Consumidor Livre,SUL,12.0,0.584335
,2025-03-09,,MADEIREIRACOSTAEPALUCL514,,,12.0,0.584335
202503.0,2025-03-10,48862.0,MADEIREIRACOSTAEPALUCL514,Consumidor Livre,SUL,12.0,3.656689
202503.0,2025-03-10,48862.0,MADEIREIRACOSTAEPALUCL514,Consumidor Livre,SUL,12.0,3.656689
,2025-03-10,,MADEIREIRACOSTAEPALUCL514,,,12.0,3.656689
202503.0,2025-03-11,48862.0,MADEIREIRACOSTAEPALUCL514,Consumidor Livre,SUL,12.0,4.372868
202503.0,2025-03-11,48862.0,MADEIREIRACOSTAEPALUCL514,Consumidor Livre,SUL,12.0,4.372868
,2025-03-11,,MADEIREIRACOSTAEPALUCL514,,,12.0,4.372868
202503.0,2025-03-12,48862.0,MADEIREIRACOSTAEPALUCL514,Consumidor Livre,SUL,12.0,4.558688
202503.0,2025-03-12,48862.0,MADEIREIRACOSTAEPALUCL514,Consumidor Livre,SUL,12.0,4.558688
,2025-03-12,,MADEIREIRACOSTAEPALUCL514,,,12.0,4.558688
202503.0,2025-03-13,48862.0,MADEIREIRACOSTAEPALUCL514,Consumidor Livre,SUL,12.0,4.060584
202503.0,2025-03-13,48862.0,MADEIREIRACOSTAEPALUCL514,Consumidor Livre,SUL,12.0,4.060584
,2025-03-13,,MADEIREIRACOSTAEPALUCL514,,,12.0,4.060584
202503.0,2025-03-14,48862.0,MADEIREIRACOSTAEPALUCL514,Consumidor Livre,SUL,12.0,4.308298
202503.0,2025-03-14,48862.0,MADEIREIRACOSTAEPALUCL514,Consumidor Livre,SUL,12.0,4.308298
,2025-03-14,,MADEIREIRACOSTAEPALUCL514,,,12.0,4.308298
202503.0,2025-03-15,48862.0,MADEIREIRACOSTAEPALUCL514,Consumidor Livre,SUL,12.0,2.81091
202503.0,2025-03-15,48862.0,MADEIREIRACOSTAEPALUCL514,Consumidor Livre,SUL,12.0,2.81091
,2025-03-15,,MADEIREIRACOSTAEPALUCL514,,,12.0,2.81091
202503.0,2025-03-16,48862.0,MADEIREIRACOSTAEPALUCL514,Consumidor Livre,SUL,12.0,0.06323
202503.0,2025-03-16,48862.0,MADEIREIRACOSTAEPALUCL514,Consumidor Livre,SUL,12.0,0.06323
,2025-03-16,,MADEIREIRACOSTAEPALUCL514,,,12.0,0.06323
202503.0,2025-03-17,48862.0,MADEIREIRACOSTAEPALUCL514,Consumidor Livre,SUL,12.0,3.763044
202503.0,2025-03-17,48862.0,MADEIREIRACOSTAEPALUCL514,Consumidor Livre,SUL,12.0,3.763044
,2025-03-17,,MADEIREIRACOSTAEPALUCL514,,,12.0,3.763044
202503.0,2025-03-18,48862.0,MADEIREIRACOSTAEPALUCL514,Consumidor Livre,SUL,12.0,4.437031
202503.0,2025-03-18,48862.0,MADEIREIRACOSTAEPALUCL514,Consumidor Livre,SUL,12.0,4.437031
,2025-03-18,,MADEIREIRACOSTAEPALUCL514,,,12.0,4.437031
202503.0,2025-03-19,48862.0,MADEIREIRACOSTAEPALUCL514,Consumidor Livre,SUL,12.0,4.203195
202503.0,2025-03-19,48862.0,MADEIREIRACOSTAEPALUCL514,Consumidor Livre,SUL,12.0,4.203195
,2025-03-19,,MADEIREIRACOSTAEPALUCL514,,,12.0,4.203195
202503.0,2025-03-20,48862.0,MADEIREIRACOSTAEPALUCL514,Consumidor Livre,SUL,12.0,4.511345
202503.0,2025-03-20,48862.0,MADEIREIRACOSTAEPALUCL514,Consumidor Livre,SUL,12.0,4.511345
,2025-03-20,,MADEIREIRACOSTAEPALUCL514,,,12.0,4.511345
202503.0,2025-03-21,48862.0,MADEIREIRACOSTAEPALUCL514,Consumidor Livre,SUL,12.0,4.501496
202503.0,2025-03-21,48862.0,MADEIREIRACOSTAEPALUCL514,Consumidor Livre,SUL,12.0,4.501496
,2025-03-21,,MADEIREIRACOSTAEPALUCL514,,,12.0,4.501496
202503.0,2025-03-22,48862.0,MADEIREIRACOSTAEPALUCL514,Consumidor Livre,SUL,12.0,2.468868
202503.0,2025-03-22,48862.0,MADEIREIRACOSTAEPALUCL514,Consumidor Livre,SUL,12.0,2.468868
,2025-03-22,,MADEIREIRACOSTAEPALUCL514,,,12.0,2.468868
202503.0,2025-03-23,48862.0,MADEIREIRACOSTAEPALUCL514,Consumidor Livre,SUL,12.0,0.070021
202503.0,2025-03-23,48862.0,MADEIREIRACOSTAEPALUCL514,Consumidor Livre,SUL,12.0,0.070021
,2025-03-23,,MADEIREIRACOSTAEPALUCL514,,,12.0,0.070021
202503.0,2025-03-24,48862.0,MADEIREIRACOSTAEPALUCL514,Consumidor Livre,SUL,12.0,3.642193
202503.0,2025-03-24,48862.0,MADEIREIRACOSTAEPALUCL514,Consumidor Livre,SUL,12.0,3.642193
,2025-03-24,,MADEIREIRACOSTAEPALUCL514,,,12.0,3.642193
202503.0,2025-03-25,48862.0,MADEIREIRACOSTAEPALUCL514,Consumidor Livre,SUL,12.0,4.512134
202503.0,2025-03-25,48862.0,MADEIREIRACOSTAEPALUCL514,Consumidor Livre,SUL,12.0,4.512134
,2025-03-25,,MADEIREIRACOSTAEPALUCL514,,,12.0,4.512134
202503.0,2025-03-26,48862.0,MADEIREIRACOSTAEPALUCL514,Consumidor Livre,SUL,12.0,4.169335
202503.0,2025-03-26,48862.0,MADEIREIRACOSTAEPALUCL514,Consumidor Livre,SUL,12.0,4.169335
,2025-03-26,,MADEIREIRACOSTAEPALUCL514,,,12.0,4.169335
202503.0,2025-03-27,48862.0,MADEIREIRACOSTAEPALUCL514,Consumidor Livre,SUL,12.0,4.374814
202503.0,2025-03-27,48862.0,MADEIREIRACOSTAEPALUCL514,Consumidor Livre,SUL,12.0,4.374814
,2025-03-27,,MADEIREIRACOSTAEPALUCL514,,,12.0,4.374814
202503.0,2025-03-28,48862.0,MADEIREIRACOSTAEPALUCL514,Consumidor Livre,SUL,12.0,4.34076
202503.0,2025-03-28,48862.0,MADEIREIRACOSTAEPALUCL514,Consumidor Livre,SUL,12.0,4.34076
,2025-03-28,,MADEIREIRACOSTAEPALUCL514,,,12.0,4.34076
202503.0,2025-03-29,48862.0,MADEIREIRACOSTAEPALUCL514,Consumidor Livre,SUL,12.0,2.572348
202503.0,2025-03-29,48862.0,MADEIREIRACOSTAEPALUCL514,Consumidor Livre,SUL,12.0,2.572348
,2025-03-29,,MADEIREIRACOSTAEPALUCL514,,,12.0,2.572348
202503.0,2025-03-30,48862.0,MADEIREIRACOSTAEPALUCL514,Consumidor Livre,SUL,12.0,0.658595
202503.0,2025-03-30,48862.0,MADEIREIRACOSTAEPALUCL514,Consumidor Livre,SUL,12.0,0.658595
,2025-03-30,,MADEIREIRACOSTAEPALUCL514,,,12.0,0.658595
202503.0,2025-03-31,48862.0,MADEIREIRACOSTAEPALUCL514,Consumidor Livre,SUL,12.0,3.607496
202503.0,2025-03-31,48862.0,MADEIREIRACOSTAEPALUCL514,Consumidor Livre,SUL,12.0,3.607496
,2025-03-31,,MADEIREIRACOSTAEPALUCL514,,,12.0,3.607496
202504.0,2025-04-01,48862.0,MADEIREIRACOSTAEPALUCL514,Consumidor Livre,SUL,12.0,4.35675
202504.0,2025-04-01,48862.0,MADEIREIRACOSTAEPALUCL514,Consumidor Livre,SUL,12.0,4.35675
,2025-04-01,,MADEIREIRACOSTAEPALUCL514,,,12.0,4.35675
202504.0,2025-04-02,48862.0,MADEIREIRACOSTAEPALUCL514,Consumidor Livre,SUL,12.0,4.482981
202504.0,2025-04-02,48862.0,MADEIREIRACOSTAEPALUCL514,Consumidor Livre,SUL,12.0,4.482981
,2025-04-02,,MADEIREIRACOSTAEPALUCL514,,,12.0,4.482981
202504.0,2025-04-03,48862.0,MADEIREIRACOSTAEPALUCL514,Consumidor Livre,SUL,12.0,4.711888
202504.0,2025-04-03,48862.0,MADEIREIRACOSTAEPALUCL514,Consumidor Livre,SUL,12.0,4.711888
,2025-04-03,,MADEIREIRACOSTAEPALUCL514,,,12.0,4.711888
202504.0,2025-04-04,48862.0,MADEIREIRACOSTAEPALUCL514,Consumidor Livre,SUL,12.0,4.513927
202504.0,2025-04-04,48862.0,MADEIREIRACOSTAEPALUCL514,Consumidor Livre,SUL,12.0,4.513927
,2025-04-04,,MADEIREIRACOSTAEPALUCL514,,,12.0,4.513927
202504.0,2025-04-05,48862.0,MADEIREIRACOSTAEPALUCL514,Consumidor Livre,SUL,12.0,3.277073
202504.0,2025-04-05,48862.0,MADEIREIRACOSTAEPALUCL514,Consumidor Livre,SUL,12.0,3.277073
,2025-04-05,,MADEIREIRACOSTAEPALUCL514,,,12.0,3.277073
202504.0,2025-04-06,48862.0,MADEIREIRACOSTAEPALUCL514,Consumidor Livre,SUL,12.0,1.335213
202504.0,2025-04-06,48862.0,MADEIREIRACOSTAEPALUCL514,Consumidor Livre,SUL,12.0,1.335213
,2025-04-06,,MADEIREIRACOSTAEPALUCL514,,,12.0,1.335213
202504.0,2025-04-07,48862.0,MADEIREIRACOSTAEPALUCL514,Consumidor Livre,SUL,12.0,3.882559
202504.0,2025-04-07,48862.0,MADEIREIRACOSTAEPALUCL514,Consumidor Livre,SUL,12.0,3.882559
,2025-04-07,,MADEIREIRACOSTAEPALUCL514,,,12.0,3.882559
202504.0,2025-04-08,48862.0,MADEIREIRACOSTAEPALUCL514,Consumidor Livre,SUL,12.0,4.643593
202504.0,2025-04-08,48862.0,MADEIREIRACOSTAEPALUCL514,Consumidor Livre,SUL,12.0,4.643593
,2025-04-08,,MADEIREIRACOSTAEPALUCL514,,,12.0,4.643593
202504.0,2025-04-09,48862.0,MADEIREIRACOSTAEPALUCL514,Consumidor Livre,SUL,12.0,4.477905
202504.0,2025-04-09,48862.0,MADEIREIRACOSTAEPALUCL514,Consumidor Livre,SUL,12.0,4.477905
,2025-04-09,,MADEIREIRACOSTAEPALUCL514,,,12.0,4.477905
202504.0,2025-04-10,48862.0,MADEIREIRACOSTAEPALUCL514,Consumidor Livre,SUL,12.0,4.848071
202504.0,2025-04-10,48862.0,MADEIREIRACOSTAEPALUCL514,Consumidor Livre,SUL,12.0,4.848071
,2025-04-10,,MADEIREIRACOSTAEPALUCL514,,,12.0,4.848071
202504.0,2025-04-11,48862.0,MADEIREIRACOSTAEPALUCL514,Consumidor Livre,SUL,12.0,4.231104
202504.0,2025-04-11,48862.0,MADEIREIRACOSTAEPALUCL514,Consumidor Livre,SUL,12.0,4.231104
,2025-04-11,,MADEIREIRACOSTAEPALUCL514,,,12.0,4.231104
202504.0,2025-04-12,48862.0,MADEIREIRACOSTAEPALUCL514,Consumidor Livre,SUL,12.0,2.560918
202504.0,2025-04-12,48862.0,MADEIREIRACOSTAEPALUCL514,Consumidor Livre,SUL,12.0,2.560918
,2025-04-12,,MADEIREIRACOSTAEPALUCL514,,,12.0,2.560918
202504.0,2025-04-13,48862.0,MADEIREIRACOSTAEPALUCL514,Consumidor Livre,SUL,12.0,0.06534
202504.0,2025-04-13,48862.0,MADEIREIRACOSTAEPALUCL514,Consumidor Livre,SUL,12.0,0.06534
,2025-04-13,,MADEIREIRACOSTAEPALUCL514,,,12.0,0.06534
202504.0,2025-04-14,48862.0,MADEIREIRACOSTAEPALUCL514,Consumidor Livre,SUL,12.0,3.562775
202504.0,2025-04-14,48862.0,MADEIREIRACOSTAEPALUCL514,Consumidor Livre,SUL,12.0,3.562775
,2025-04-14,,MADEIREIRACOSTAEPALUCL514,,,12.0,3.562775
202504.0,2025-04-15,48862.0,MADEIREIRACOSTAEPALUCL514,Consumidor Livre,SUL,12.0,4.387442
202504.0,2025-04-15,48862.0,MADEIREIRACOSTAEPALUCL514,Consumidor Livre,SUL,12.0,4.387442
,2025-04-15,,MADEIREIRACOSTAEPALUCL514,,,12.0,4.387442
202504.0,2025-04-16,48862.0,MADEIREIRACOSTAEPALUCL514,Consumidor Livre,SUL,12.0,4.465354
202504.0,2025-04-16,48862.0,MADEIREIRACOSTAEPALUCL514,Consumidor Livre,SUL,12.0,4.465354
,2025-04-16,,MADEIREIRACOSTAEPALUCL514,,,12.0,4.465354
202504.0,2025-04-17,48862.0,MADEIREIRACOSTAEPALUCL514,Consumidor Livre,SUL,12.0,4.423508
202504.0,2025-04-17,48862.0,MADEIREIRACOSTAEPALUCL514,Consumidor Livre,SUL,12.0,4.423508
,2025-04-17,,MADEIREIRACOSTAEPALUCL514,,,12.0,4.423508
202504.0,2025-04-18,48862.0,MADEIREIRACOSTAEPALUCL514,Consumidor Livre,SUL,12.0,0.783807
202504.0,2025-04-18,48862.0,MADEIREIRACOSTAEPALUCL514,Consumidor Livre,SUL,12.0,0.783807
,2025-04-18,,MADEIREIRACOSTAEPALUCL514,,,12.0,0.783807
202504.0,2025-04-19,48862.0,MADEIREIRACOSTAEPALUCL514,Consumidor Livre,SUL,12.0,2.500127
202504.0,2025-04-19,48862.0,MADEIREIRACOSTAEPALUCL514,Consumidor Livre,SUL,12.0,2.500127
,2025-04-19,,MADEIREIRACOSTAEPALUCL514,,,12.0,2.500127
202504.0,2025-04-20,48862.0,MADEIREIRACOSTAEPALUCL514,Consumidor Livre,SUL,12.0,0.064374
202504.0,2025-04-20,48862.0,MADEIREIRACOSTAEPALUCL514,Consumidor Livre,SUL,12.0,0.064374
,2025-04-20,,MADEIREIRACOSTAEPALUCL514,,,12.0,0.064374
202504.0,2025-04-21,48862.0,MADEIREIRACOSTAEPALUCL514,Consumidor Livre,SUL,12.0,2.347321
202504.0,2025-04-21,48862.0,MADEIREIRACOSTAEPALUCL514,Consumidor Livre,SUL,12.0,2.347321
,2025-04-21,,MADEIREIRACOSTAEPALUCL514,,,12.0,2.347321
202504.0,2025-04-22,48862.0,MADEIREIRACOSTAEPALUCL514,Consumidor Livre,SUL,12.0,4.548394
202504.0,2025-04-22,48862.0,MADEIREIRACOSTAEPALUCL514,Consumidor Livre,SUL,12.0,4.548394
,2025-04-22,,MADEIREIRACOSTAEPALUCL514,,,12.0,4.548394
202504.0,2025-04-23,48862.0,MADEIREIRACOSTAEPALUCL514,Consumidor Livre,SUL,12.0,4.321406
202504.0,2025-04-23,48862.0,MADEIREIRACOSTAEPALUCL514,Consumidor Livre,SUL,12.0,4.321406
,2025-04-23,,MADEIREIRACOSTAEPALUCL514,,,12.0,4.321406
202504.0,2025-04-24,48862.0,MADEIREIRACOSTAEPALUCL514,Consumidor Livre,SUL,12.0,4.628121
202504.0,2025-04-24,48862.0,MADEIREIRACOSTAEPALUCL514,Consumidor Livre,SUL,12.0,4.628121
,2025-04-24,,MADEIREIRACOSTAEPALUCL514,,,12.0,4.628121
202504.0,2025-04-25,48862.0,MADEIREIRACOSTAEPALUCL514,Consumidor Livre,SUL,12.0,4.652152
202504.0,2025-04-25,48862.0,MADEIREIRACOSTAEPALUCL514,Consumidor Livre,SUL,12.0,4.652152
,2025-04-25,,MADEIREIRACOSTAEPALUCL514,,,12.0,4.652152
202504.0,2025-04-26,48862.0,MADEIREIRACOSTAEPALUCL514,Consumidor Livre,SUL,12.0,3.461596
202504.0,2025-04-26,48862.0,MADEIREIRACOSTAEPALUCL514,Consumidor Livre,SUL,12.0,3.461596
,2025-04-26,,MADEIREIRACOSTAEPALUCL514,,,12.0,3.461596
202504.0,2025-04-27,48862.0,MADEIREIRACOSTAEPALUCL514,Consumidor Livre,SUL,12.0,0.782016
202504.0,2025-04-27,48862.0,MADEIREIRACOSTAEPALUCL514,Consumidor Livre,SUL,12.0,0.782016
,2025-04-27,,MADEIREIRACOSTAEPALUCL514,,,12.0,0.782016
202504.0,2025-04-28,48862.0,MADEIREIRACOSTAEPALUCL514,Consumidor Livre,SUL,12.0,3.839829
202504.0,2025-04-28,48862.0,MADEIREIRACOSTAEPALUCL514,Consumidor Livre,SUL,12.0,3.839829
,2025-04-28,,MADEIREIRACOSTAEPALUCL514,,,12.0,3.839829
202504.0,2025-04-29,48862.0,MADEIREIRACOSTAEPALUCL514,Consumidor Livre,SUL,12.0,4.393308
202504.0,2025-04-29,48862.0,MADEIREIRACOSTAEPALUCL514,Consumidor Livre,SUL,12.0,4.393308
,2025-04-29,,MADEIREIRACOSTAEPALUCL514,,,12.0,4.393308
202504.0,2025-04-30,48862.0,MADEIREIRACOSTAEPALUCL514,Consumidor Livre,SUL,12.0,4.599699
202504.0,2025-04-30,48862.0,MADEIREIRACOSTAEPALUCL514,Consumidor Livre,SUL,12.0,4.599699
,2025-04-30,,MADEIREIRACOSTAEPALUCL514,,,12.0,4.599699
202505.0,2025-05-01,48862.0,MADEIREIRACOSTAEPALUCL514,Consumidor Livre,SUL,12.0,4.900825
202505.0,2025-05-01,48862.0,MADEIREIRACOSTAEPALUCL514,Consumidor Livre,SUL,12.0,4.900825
,2025-05-01,,MADEIREIRACOSTAEPALUCL514,,,12.0,4.900825
202505.0,2025-05-02,48862.0,MADEIREIRACOSTAEPALUCL514,Consumidor Livre,SUL,12.0,2.991065
202505.0,2025-05-02,48862.0,MADEIREIRACOSTAEPALUCL514,Consumidor Livre,SUL,12.0,2.991065
,2025-05-02,,MADEIREIRACOSTAEPALUCL514,,,12.0,2.991065
202505.0,2025-05-03,48862.0,MADEIREIRACOSTAEPALUCL514,Consumidor Livre,SUL,12.0,2.598476
202505.0,2025-05-03,48862.0,MADEIREIRACOSTAEPALUCL514,Consumidor Livre,SUL,12.0,2.598476
,2025-05-03,,MADEIREIRACOSTAEPALUCL514,,,12.0,2.598476
202505.0,2025-05-04,48862.0,MADEIREIRACOSTAEPALUCL514,Consumidor Livre,SUL,12.0,0.07404
202505.0,2025-05-04,48862.0,MADEIREIRACOSTAEPALUCL514,Consumidor Livre,SUL,12.0,0.07404
,2025-05-04,,MADEIREIRACOSTAEPALUCL514,,,12.0,0.07404
202505.0,2025-05-05,48862.0,MADEIREIRACOSTAEPALUCL514,Consumidor Livre,SUL,12.0,3.249633
202505.0,2025-05-05,48862.0,MADEIREIRACOSTAEPALUCL514,Consumidor Livre,SUL,12.0,3.249633
,2025-05-05,,MADEIREIRACOSTAEPALUCL514,,,12.0,3.249633
202505.0,2025-05-06,48862.0,MADEIREIRACOSTAEPALUCL514,Consumidor Livre,SUL,12.0,4.470331
202505.0,2025-05-06,48862.0,MADEIREIRACOSTAEPALUCL514,Consumidor Livre,SUL,12.0,4.470331
,2025-05-06,,MADEIREIRACOSTAEPALUCL514,,,12.0,4.470331
202505.0,2025-05-07,48862.0,MADEIREIRACOSTAEPALUCL514,Consumidor Livre,SUL,12.0,4.766544
202505.0,2025-05-07,48862.0,MADEIREIRACOSTAEPALUCL514,Consumidor Livre,SUL,12.0,4.766544
,2025-05-07,,MADEIREIRACOSTAEPALUCL514,,,12.0,4.766544
202505.0,2025-05-08,48862.0,MADEIREIRACOSTAEPALUCL514,Consumidor Livre,SUL,12.0,4.323434
202505.0,2025-05-08,48862.0,MADEIREIRACOSTAEPALUCL514,Consumidor Livre,SUL,12.0,4.323434
,2025-05-08,,MADEIREIRACOSTAEPALUCL514,,,12.0,4.323434
202505.0,2025-05-09,48862.0,MADEIREIRACOSTAEPALUCL514,Consumidor Livre,SUL,12.0,4.310094
202505.0,2025-05-09,48862.0,MADEIREIRACOSTAEPALUCL514,Consumidor Livre,SUL,12.0,4.310094
,2025-05-09,,MADEIREIRACOSTAEPALUCL514,,,12.0,4.310094
202505.0,2025-05-10,48862.0,MADEIREIRACOSTAEPALUCL514,Consumidor Livre,SUL,12.0,1.857884
202505.0,2025-05-10,48862.0,MADEIREIRACOSTAEPALUCL514,Consumidor Livre,SUL,12.0,1.857884
,2025-05-10,,MADEIREIRACOSTAEPALUCL514,,,12.0,1.857884
202505.0,2025-05-11,48862.0,MADEIREIRACOSTAEPALUCL514,Consumidor Livre,SUL,12.0,0.063147
202505.0,2025-05-11,48862.0,MADEIREIRACOSTAEPALUCL514,Consumidor Livre,SUL,12.0,0.063147
,2025-05-11,,MADEIREIRACOSTAEPALUCL514,,,12.0,0.063147
202505.0,2025-05-12,48862.0,MADEIREIRACOSTAEPALUCL514,Consumidor Livre,SUL,12.0,2.938557
202505.0,2025-05-12,48862.0,MADEIREIRACOSTAEPALUCL514,Consumidor Livre,SUL,12.0,2.938557
,2025-05-12,,MADEIREIRACOSTAEPALUCL514,,,12.0,2.938557
202505.0,2025-05-13,48862.0,MADEIREIRACOSTAEPALUCL514,Consumidor Livre,SUL,12.0,4.752182
202505.0,2025-05-13,48862.0,MADEIREIRACOSTAEPALUCL514,Consumidor Livre,SUL,12.0,4.752182
,2025-05-13,,MADEIREIRACOSTAEPALUCL514,,,12.0,4.752182
202505.0,2025-05-14,48862.0,MADEIREIRACOSTAEPALUCL514,Consumidor Livre,SUL,12.0,4.486118
202505.0,2025-05-14,48862.0,MADEIREIRACOSTAEPALUCL514,Consumidor Livre,SUL,12.0,4.486118
,2025-05-14,,MADEIREIRACOSTAEPALUCL514,,,12.0,4.486118
202505.0,2025-05-15,48862.0,MADEIREIRACOSTAEPALUCL514,Consumidor Livre,SUL,12.0,4.628746
202505.0,2025-05-15,48862.0,MADEIREIRACOSTAEPALUCL514,Consumidor Livre,SUL,12.0,4.628746
,2025-05-15,,MADEIREIRACOSTAEPALUCL514,,,12.0,4.628746
202505.0,2025-05-16,48862.0,MADEIREIRACOSTAEPALUCL514,Consumidor Livre,SUL,12.0,4.367042
202505.0,2025-05-16,48862.0,MADEIREIRACOSTAEPALUCL514,Consumidor Livre,SUL,12.0,4.367042
,2025-05-16,,MADEIREIRACOSTAEPALUCL514,,,12.0,4.367042
202505.0,2025-05-17,48862.0,MADEIREIRACOSTAEPALUCL514,Consumidor Livre,SUL,12.0,2.823742
202505.0,2025-05-17,48862.0,MADEIREIRACOSTAEPALUCL514,Consumidor Livre,SUL,12.0,2.823742
,2025-05-17,,MADEIREIRACOSTAEPALUCL514,,,12.0,2.823742
202505.0,2025-05-18,48862.0,MADEIREIRACOSTAEPALUCL514,Consumidor Livre,SUL,12.0,0.79672
202505.0,2025-05-18,48862.0,MADEIREIRACOSTAEPALUCL514,Consumidor Livre,SUL,12.0,0.79672
,2025-05-18,,MADEIREIRACOSTAEPALUCL514,,,12.0,0.79672
202505.0,2025-05-19,48862.0,MADEIREIRACOSTAEPALUCL514,Consumidor Livre,SUL,12.0,4.217682
202505.0,2025-05-19,48862.0,MADEIREIRACOSTAEPALUCL514,Consumidor Livre,SUL,12.0,4.217682
,2025-05-19,,MADEIREIRACOSTAEPALUCL514,,,12.0,4.217682
202505.0,2025-05-20,48862.0,MADEIREIRACOSTAEPALUCL514,Consumidor Livre,SUL,12.0,5.086148
202505.0,2025-05-20,48862.0,MADEIREIRACOSTAEPALUCL514,Consumidor Livre,SUL,12.0,5.086148
,2025-05-20,,MADEIREIRACOSTAEPALUCL514,,,12.0,5.086148
202505.0,2025-05-21,48862.0,MADEIREIRACOSTAEPALUCL514,Consumidor Livre,SUL,12.0,4.798196
202505.0,2025-05-21,48862.0,MADEIREIRACOSTAEPALUCL514,Consumidor Livre,SUL,12.0,4.798196
,2025-05-21,,MADEIREIRACOSTAEPALUCL514,,,12.0,4.798196
202505.0,2025-05-22,48862.0,MADEIREIRACOSTAEPALUCL514,Consumidor Livre,SUL,12.0,3.058949
202505.0,2025-05-22,48862.0,MADEIREIRACOSTAEPALUCL514,Consumidor Livre,SUL,12.0,3.058949
,2025-05-22,,MADEIREIRACOSTAEPALUCL514,,,12.0,3.058949
202505.0,2025-05-23,48862.0,MADEIREIRACOSTAEPALUCL514,Consumidor Livre,SUL,12.0,4.41588
202505.0,2025-05-23,48862.0,MADEIREIRACOSTAEPALUCL514,Consumidor Livre,SUL,12.0,4.41588
,2025-05-23,,MADEIREIRACOSTAEPALUCL514,,,12.0,4.41588
202505.0,2025-05-24,48862.0,MADEIREIRACOSTAEPALUCL514,Consumidor Livre,SUL,12.0,2.717513
202505.0,2025-05-24,48862.0,MADEIREIRACOSTAEPALUCL514,Consumidor Livre,SUL,12.0,2.717513
,2025-05-24,,MADEIREIRACOSTAEPALUCL514,,,12.0,2.717513
202505.0,2025-05-25,48862.0,MADEIREIRACOSTAEPALUCL514,Consumidor Livre,SUL,12.0,0.511005
202505.0,2025-05-25,48862.0,MADEIREIRACOSTAEPALUCL514,Consumidor Livre,SUL,12.0,0.511005
,2025-05-25,,MADEIREIRACOSTAEPALUCL514,,,12.0,0.511005
202505.0,2025-05-26,48862.0,MADEIREIRACOSTAEPALUCL514,Consumidor Livre,SUL,12.0,3.510827
202505.0,2025-05-26,48862.0,MADEIREIRACOSTAEPALUCL514,Consumidor Livre,SUL,12.0,3.510827
,2025-05-26,,MADEIREIRACOSTAEPALUCL514,,,12.0,3.510827
202505.0,2025-05-27,48862.0,MADEIREIRACOSTAEPALUCL514,Consumidor Livre,SUL,12.0,4.551702000000001
202505.0,2025-05-27,48862.0,MADEIREIRACOSTAEPALUCL514,Consumidor Livre,SUL,12.0,4.551702000000001
,2025-05-27,,MADEIREIRACOSTAEPALUCL514,,,12.0,4.551702000000001
202505.0,2025-05-28,48862.0,MADEIREIRACOSTAEPALUCL514,Consumidor Livre,SUL,12.0,4.595826
202505.0,2025-05-28,48862.0,MADEIREIRACOSTAEPALUCL514,Consumidor Livre,SUL,12.0,4.595826
,2025-05-28,,MADEIREIRACOSTAEPALUCL514,,,12.0,4.595826
202505.0,2025-05-29,48862.0,MADEIREIRACOSTAEPALUCL514,Consumidor Livre,SUL,12.0,4.3088630000000006
202505.0,2025-05-29,48862.0,MADEIREIRACOSTAEPALUCL514,Consumidor Livre,SUL,12.0,4.3088630000000006
,2025-05-29,,MADEIREIRACOSTAEPALUCL514,,,12.0,4.3088630000000006
202505.0,2025-05-30,48862.0,MADEIREIRACOSTAEPALUCL514,Consumidor Livre,SUL,12.0,3.826159
202505.0,2025-05-30,48862.0,MADEIREIRACOSTAEPALUCL514,Consumidor Livre,SUL,12.0,3.826159
,2025-05-30,,MADEIREIRACOSTAEPALUCL514,,,12.0,3.826159
202505.0,2025-05-31,48862.0,MADEIREIRACOSTAEPALUCL514,Consumidor Livre,SUL,12.0,2.154105
202505.0,2025-05-31,48862.0,MADEIREIRACOSTAEPALUCL514,Consumidor Livre,SUL,12.0,2.154105
,2025-05-31,,MADEIREIRACOSTAEPALUCL514,,,12.0,2.154105
202506.0,2025-06-01,48862.0,MADEIREIRACOSTAEPALUCL514,Consumidor Livre,SUL,12.0,0.081048
202506.0,2025-06-01,48862.0,MADEIREIRACOSTAEPALUCL514,Consumidor Livre,SUL,12.0,0.081048
,2025-06-01,,MADEIREIRACOSTAEPALUCL514,,,12.0,0.081048
202506.0,2025-06-02,48862.0,MADEIREIRACOSTAEPALUCL514,Consumidor Livre,SUL,12.0,3.356242
202506.0,2025-06-02,48862.0,MADEIREIRACOSTAEPALUCL514,Consumidor Livre,SUL,12.0,3.356242
,2025-06-02,,MADEIREIRACOSTAEPALUCL514,,,12.0,3.356242
202506.0,2025-06-03,48862.0,MADEIREIRACOSTAEPALUCL514,Consumidor Livre,SUL,12.0,4.075725
202506.0,2025-06-03,48862.0,MADEIREIRACOSTAEPALUCL514,Consumidor Livre,SUL,12.0,4.075725
,2025-06-03,,MADEIREIRACOSTAEPALUCL514,,,12.0,4.075725
202506.0,2025-06-04,48862.0,MADEIREIRACOSTAEPALUCL514,Consumidor Livre,SUL,12.0,3.912013
202506.0,2025-06-04,48862.0,MADEIREIRACOSTAEPALUCL514,Consumidor Livre,SUL,12.0,3.912013
,2025-06-04,,MADEIREIRACOSTAEPALUCL514,,,12.0,3.912013
202506.0,2025-06-05,48862.0,MADEIREIRACOSTAEPALUCL514,Consumidor Livre,SUL,12.0,3.980756
202506.0,2025-06-05,48862.0,MADEIREIRACOSTAEPALUCL514,Consumidor Livre,SUL,12.0,3.980756
,2025-06-05,,MADEIREIRACOSTAEPALUCL514,,,12.0,3.980756
202506.0,2025-06-06,48862.0,MADEIREIRACOSTAEPALUCL514,Consumidor Livre,SUL,12.0,3.995899
202506.0,2025-06-06,48862.0,MADEIREIRACOSTAEPALUCL514,Consumidor Livre,SUL,12.0,3.995899
,2025-06-06,,MADEIREIRACOSTAEPALUCL514,,,12.0,3.995899
202506.0,2025-06-07,48862.0,MADEIREIRACOSTAEPALUCL514,Consumidor Livre,SUL,12.0,1.746633
202506.0,2025-06-07,48862.0,MADEIREIRACOSTAEPALUCL514,Consumidor Livre,SUL,12.0,1.746633
,2025-06-07,,MADEIREIRACOSTAEPALUCL514,,,12.0,1.746633
202506.0,2025-06-08,48862.0,MADEIREIRACOSTAEPALUCL514,Consumidor Livre,SUL,12.0,0.062655
202506.0,2025-06-08,48862.0,MADEIREIRACOSTAEPALUCL514,Consumidor Livre,SUL,12.0,0.062655
,2025-06-08,,MADEIREIRACOSTAEPALUCL514,,,12.0,0.062655
202506.0,2025-06-09,48862.0,MADEIREIRACOSTAEPALUCL514,Consumidor Livre,SUL,12.0,3.067174
202506.0,2025-06-09,48862.0,MADEIREIRACOSTAEPALUCL514,Consumidor Livre,SUL,12.0,3.067174
,2025-06-09,,MADEIREIRACOSTAEPALUCL514,,,12.0,3.067174
202506.0,2025-06-10,48862.0,MADEIREIRACOSTAEPALUCL514,Consumidor Livre,SUL,12.0,3.814247
202506.0,2025-06-10,48862.0,MADEIREIRACOSTAEPALUCL514,Consumidor Livre,SUL,12.0,3.814247
,2025-06-10,,MADEIREIRACOSTAEPALUCL514,,,12.0,3.814247
202506.0,2025-06-11,48862.0,MADEIREIRACOSTAEPALUCL514,Consumidor Livre,SUL,12.0,3.755298
202506.0,2025-06-11,48862.0,MADEIREIRACOSTAEPALUCL514,Consumidor Livre,SUL,12.0,3.755298
,2025-06-11,,MADEIREIRACOSTAEPALUCL514,,,12.0,3.755298
202506.0,2025-06-12,48862.0,MADEIREIRACOSTAEPALUCL514,Consumidor Livre,SUL,12.0,3.841129
202506.0,2025-06-12,48862.0,MADEIREIRACOSTAEPALUCL514,Consumidor Livre,SUL,12.0,3.841129
,2025-06-12,,MADEIREIRACOSTAEPALUCL514,,,12.0,3.841129
202506.0,2025-06-13,48862.0,MADEIREIRACOSTAEPALUCL514,Consumidor Livre,SUL,12.0,3.926188
202506.0,2025-06-13,48862.0,MADEIREIRACOSTAEPALUCL514,Consumidor Livre,SUL,12.0,3.926188
,2025-06-13,,MADEIREIRACOSTAEPALUCL514,,,12.0,3.926188
202506.0,2025-06-14,48862.0,MADEIREIRACOSTAEPALUCL514,Consumidor Livre,SUL,12.0,1.111756
202506.0,2025-06-14,48862.0,MADEIREIRACOSTAEPALUCL514,Consumidor Livre,SUL,12.0,1.111756
,2025-06-14,,MADEIREIRACOSTAEPALUCL514,,,12.0,1.111756
202506.0,2025-06-15,48862.0,MADEIREIRACOSTAEPALUCL514,Consumidor Livre,SUL,12.0,0.062967
202506.0,2025-06-15,48862.0,MADEIREIRACOSTAEPALUCL514,Consumidor Livre,SUL,12.0,0.062967
,2025-06-15,,MADEIREIRACOSTAEPALUCL514,,,12.0,0.062967
202506.0,2025-06-16,48862.0,MADEIREIRACOSTAEPALUCL514,Consumidor Livre,SUL,12.0,3.396732
202506.0,2025-06-16,48862.0,MADEIREIRACOSTAEPALUCL514,Consumidor Livre,SUL,12.0,3.396732
,2025-06-16,,MADEIREIRACOSTAEPALUCL514,,,12.0,3.396732
202506.0,2025-06-17,48862.0,MADEIREIRACOSTAEPALUCL514,Consumidor Livre,SUL,12.0,3.43482
202506.0,2025-06-17,48862.0,MADEIREIRACOSTAEPALUCL514,Consumidor Livre,SUL,12.0,3.43482
,2025-06-17,,MADEIREIRACOSTAEPALUCL514,,,12.0,3.43482
202506.0,2025-06-18,48862.0,MADEIREIRACOSTAEPALUCL514,Consumidor Livre,SUL,12.0,3.499699
202506.0,2025-06-18,48862.0,MADEIREIRACOSTAEPALUCL514,Consumidor Livre,SUL,12.0,3.499699
,2025-06-18,,MADEIREIRACOSTAEPALUCL514,,,12.0,3.499699
202506.0,2025-06-19,48862.0,MADEIREIRACOSTAEPALUCL514,Consumidor Livre,SUL,12.0,3.820203
202506.0,2025-06-19,48862.0,MADEIREIRACOSTAEPALUCL514,Consumidor Livre,SUL,12.0,3.820203
,2025-06-19,,MADEIREIRACOSTAEPALUCL514,,,12.0,3.820203
202506.0,2025-06-20,48862.0,MADEIREIRACOSTAEPALUCL514,Consumidor Livre,SUL,12.0,1.266368
202506.0,2025-06-20,48862.0,MADEIREIRACOSTAEPALUCL514,Consumidor Livre,SUL,12.0,1.266368
,2025-06-20,,MADEIREIRACOSTAEPALUCL514,,,12.0,1.266368
202506.0,2025-06-21,48862.0,MADEIREIRACOSTAEPALUCL514,Consumidor Livre,SUL,12.0,1.34087
202506.0,2025-06-21,48862.0,MADEIREIRACOSTAEPALUCL514,Consumidor Livre,SUL,12.0,1.34087
,2025-06-21,,MADEIREIRACOSTAEPALUCL514,,,12.0,1.34087
202506.0,2025-06-22,48862.0,MADEIREIRACOSTAEPALUCL514,Consumidor Livre,SUL,12.0,0.071699
202506.0,2025-06-22,48862.0,MADEIREIRACOSTAEPALUCL514,Consumidor Livre,SUL,12.0,0.071699
,2025-06-22,,MADEIREIRACOSTAEPALUCL514,,,12.0,0.071699
202506.0,2025-06-23,48862.0,MADEIREIRACOSTAEPALUCL514,Consumidor Livre,SUL,12.0,3.36031
202506.0,2025-06-23,48862.0,MADEIREIRACOSTAEPALUCL514,Consumidor Livre,SUL,12.0,3.36031
,2025-06-23,,MADEIREIRACOSTAEPALUCL514,,,12.0,3.36031
202506.0,2025-06-24,48862.0,MADEIREIRACOSTAEPALUCL514,Consumidor Livre,SUL,12.0,3.734902
202506.0,2025-06-24,48862.0,MADEIREIRACOSTAEPALUCL514,Consumidor Livre,SUL,12.0,3.734902
,2025-06-24,,MADEIREIRACOSTAEPALUCL514,,,12.0,3.734902
202506.0,2025-06-25,48862.0,MADEIREIRACOSTAEPALUCL514,Consumidor Livre,SUL,12.0,3.845756
202506.0,2025-06-25,48862.0,MADEIREIRACOSTAEPALUCL514,Consumidor Livre,SUL,12.0,3.845756
,2025-06-25,,MADEIREIRACOSTAEPALUCL514,,,12.0,3.845756
202506.0,2025-06-26,48862.0,MADEIREIRACOSTAEPALUCL514,Consumidor Livre,SUL,12.0,4.007556
202506.0,2025-06-26,48862.0,MADEIREIRACOSTAEPALUCL514,Consumidor Livre,SUL,12.0,4.007556
,2025-06-26,,MADEIREIRACOSTAEPALUCL514,,,12.0,4.007556
202506.0,2025-06-27,48862.0,MADEIREIRACOSTAEPALUCL514,Consumidor Livre,SUL,12.0,3.69805
202506.0,2025-06-27,48862.0,MADEIREIRACOSTAEPALUCL514,Consumidor Livre,SUL,12.0,3.69805
,2025-06-27,,MADEIREIRACOSTAEPALUCL514,,,12.0,3.69805
202506.0,2025-06-28,48862.0,MADEIREIRACOSTAEPALUCL514,Consumidor Livre,SUL,12.0,2.086737
202506.0,2025-06-28,48862.0,MADEIREIRACOSTAEPALUCL514,Consumidor Livre,SUL,12.0,2.086737
,2025-06-28,,MADEIREIRACOSTAEPALUCL514,,,12.0,2.086737
202506.0,2025-06-29,48862.0,MADEIREIRACOSTAEPALUCL514,Consumidor Livre,SUL,12.0,0.063624
202506.0,2025-06-29,48862.0,MADEIREIRACOSTAEPALUCL514,Consumidor Livre,SUL,12.0,0.063624
,2025-06-29,,MADEIREIRACOSTAEPALUCL514,,,12.0,0.063624
202506.0,2025-06-30,48862.0,MADEIREIRACOSTAEPALUCL514,Consumidor Livre,SUL,12.0,3.21211
202506.0,2025-06-30,48862.0,MADEIREIRACOSTAEPALUCL514,Consumidor Livre,SUL,12.0,3.21211
,2025-06-30,,MADEIREIRACOSTAEPALUCL514,,,12.0,3.21211
202507.0,2025-07-01,48862.0,MADEIREIRACOSTAEPALUCL514,Consumidor Livre,SUL,12.0,3.763464
202507.0,2025-07-01,48862.0,MADEIREIRACOSTAEPALUCL514,Consumidor Livre,SUL,12.0,3.763464
,2025-07-01,,MADEIREIRACOSTAEPALUCL514,,,12.0,3.763464
202507.0,2025-07-02,48862.0,MADEIREIRACOSTAEPALUCL514,Consumidor Livre,SUL,12.0,3.777891
202507.0,2025-07-02,48862.0,MADEIREIRACOSTAEPALUCL514,Consumidor Livre,SUL,12.0,3.777891
,2025-07-02,,MADEIREIRACOSTAEPALUCL514,,,12.0,3.777891
202507.0,2025-07-03,48862.0,MADEIREIRACOSTAEPALUCL514,Consumidor Livre,SUL,12.0,3.597182
202507.0,2025-07-03,48862.0,MADEIREIRACOSTAEPALUCL514,Consumidor Livre,SUL,12.0,3.597182
,2025-07-03,,MADEIREIRACOSTAEPALUCL514,,,12.0,3.597182
202507.0,2025-07-04,48862.0,MADEIREIRACOSTAEPALUCL514,Consumidor Livre,SUL,12.0,3.734923
202507.0,2025-07-04,48862.0,MADEIREIRACOSTAEPALUCL514,Consumidor Livre,SUL,12.0,3.734923
,2025-07-04,,MADEIREIRACOSTAEPALUCL514,,,12.0,3.734923
202507.0,2025-07-05,48862.0,MADEIREIRACOSTAEPALUCL514,Consumidor Livre,SUL,12.0,2.027041
202507.0,2025-07-05,48862.0,MADEIREIRACOSTAEPALUCL514,Consumidor Livre,SUL,12.0,2.027041
,2025-07-05,,MADEIREIRACOSTAEPALUCL514,,,12.0,2.027041
202507.0,2025-07-06,48862.0,MADEIREIRACOSTAEPALUCL514,Consumidor Livre,SUL,12.0,0.550621
202507.0,2025-07-06,48862.0,MADEIREIRACOSTAEPALUCL514,Consumidor Livre,SUL,12.0,0.550621
,2025-07-06,,MADEIREIRACOSTAEPALUCL514,,,12.0,0.550621
202507.0,2025-07-07,48862.0,MADEIREIRACOSTAEPALUCL514,Consumidor Livre,SUL,12.0,3.523752
202507.0,2025-07-07,48862.0,MADEIREIRACOSTAEPALUCL514,Consumidor Livre,SUL,12.0,3.523752
,2025-07-07,,MADEIREIRACOSTAEPALUCL514,,,12.0,3.523752
202507.0,2025-07-08,48862.0,MADEIREIRACOSTAEPALUCL514,Consumidor Livre,SUL,12.0,3.618818
202507.0,2025-07-08,48862.0,MADEIREIRACOSTAEPALUCL514,Consumidor Livre,SUL,12.0,3.618818
,2025-07-08,,MADEIREIRACOSTAEPALUCL514,,,12.0,3.618818
202507.0,2025-07-09,48862.0,MADEIREIRACOSTAEPALUCL514,Consumidor Livre,SUL,12.0,3.652125
202507.0,2025-07-09,48862.0,MADEIREIRACOSTAEPALUCL514,Consumidor Livre,SUL,12.0,3.652125
,2025-07-09,,MADEIREIRACOSTAEPALUCL514,,,12.0,3.652125
202507.0,2025-07-10,48862.0,MADEIREIRACOSTAEPALUCL514,Consumidor Livre,SUL,12.0,3.715819
202507.0,2025-07-10,48862.0,MADEIREIRACOSTAEPALUCL514,Consumidor Livre,SUL,12.0,3.715819
,2025-07-10,,MADEIREIRACOSTAEPALUCL514,,,12.0,3.715819
202507.0,2025-07-11,48862.0,MADEIREIRACOSTAEPALUCL514,Consumidor Livre,SUL,12.0,3.440205
202507.0,2025-07-11,48862.0,MADEIREIRACOSTAEPALUCL514,Consumidor Livre,SUL,12.0,3.440205
,2025-07-11,,MADEIREIRACOSTAEPALUCL514,,,12.0,3.440205
202507.0,2025-07-12,48862.0,MADEIREIRACOSTAEPALUCL514,Consumidor Livre,SUL,12.0,0.575928
202507.0,2025-07-12,48862.0,MADEIREIRACOSTAEPALUCL514,Consumidor Livre,SUL,12.0,0.575928
,2025-07-12,,MADEIREIRACOSTAEPALUCL514,,,12.0,0.575928
202507.0,2025-07-13,48862.0,MADEIREIRACOSTAEPALUCL514,Consumidor Livre,SUL,12.0,0.067978
202507.0,2025-07-13,48862.0,MADEIREIRACOSTAEPALUCL514,Consumidor Livre,SUL,12.0,0.067978
,2025-07-13,,MADEIREIRACOSTAEPALUCL514,,,12.0,0.067978
202507.0,2025-07-14,48862.0,MADEIREIRACOSTAEPALUCL514,Consumidor Livre,SUL,12.0,2.620388
202507.0,2025-07-14,48862.0,MADEIREIRACOSTAEPALUCL514,Consumidor Livre,SUL,12.0,2.620388
,2025-07-14,,MADEIREIRACOSTAEPALUCL514,,,12.0,2.620388
202507.0,2025-07-15,48862.0,MADEIREIRACOSTAEPALUCL514,Consumidor Livre,SUL,12.0,2.84974
202507.0,2025-07-15,48862.0,MADEIREIRACOSTAEPALUCL514,Consumidor Livre,SUL,12.0,2.84974
,2025-07-15,,MADEIREIRACOSTAEPALUCL514,,,12.0,2.84974
202507.0,2025-07-16,48862.0,MADEIREIRACOSTAEPALUCL514,Consumidor Livre,SUL,12.0,2.365089
202507.0,2025-07-16,48862.0,MADEIREIRACOSTAEPALUCL514,Consumidor Livre,SUL,12.0,2.365089
,2025-07-16,,MADEIREIRACOSTAEPALUCL514,,,12.0,2.365089
202507.0,2025-07-17,48862.0,MADEIREIRACOSTAEPALUCL514,Consumidor Livre,SUL,12.0,2.516589
202507.0,2025-07-17,48862.0,MADEIREIRACOSTAEPALUCL514,Consumidor Livre,SUL,12.0,2.516589
,2025-07-17,,MADEIREIRACOSTAEPALUCL514,,,12.0,2.516589
202507.0,2025-07-18,48862.0,MADEIREIRACOSTAEPALUCL514,Consumidor Livre,SUL,12.0,2.318982
202507.0,2025-07-18,48862.0,MADEIREIRACOSTAEPALUCL514,Consumidor Livre,SUL,12.0,2.318982
,2025-07-18,,MADEIREIRACOSTAEPALUCL514,,,12.0,2.318982
202507.0,2025-07-19,48862.0,MADEIREIRACOSTAEPALUCL514,Consumidor Livre,SUL,12.0,0.050415
202507.0,2025-07-19,48862.0,MADEIREIRACOSTAEPALUCL514,Consumidor Livre,SUL,12.0,0.050415
,2025-07-19,,MADEIREIRACOSTAEPALUCL514,,,12.0,0.050415
202507.0,2025-07-20,48862.0,MADEIREIRACOSTAEPALUCL514,Consumidor Livre,SUL,12.0,0.081732
202507.0,2025-07-20,48862.0,MADEIREIRACOSTAEPALUCL514,Consumidor Livre,SUL,12.0,0.081732
,2025-07-20,,MADEIREIRACOSTAEPALUCL514,,,12.0,0.081732
202507.0,2025-07-21,48862.0,MADEIREIRACOSTAEPALUCL514,Consumidor Livre,SUL,12.0,1.650158
202507.0,2025-07-21,48862.0,MADEIREIRACOSTAEPALUCL514,Consumidor Livre,SUL,12.0,1.650158
,2025-07-21,,MADEIREIRACOSTAEPALUCL514,,,12.0,1.650158
202507.0,2025-07-22,48862.0,MADEIREIRACOSTAEPALUCL514,Consumidor Livre,SUL,12.0,1.543724
202507.0,2025-07-22,48862.0,MADEIREIRACOSTAEPALUCL514,Consumidor Livre,SUL,12.0,1.543724
,2025-07-22,,MADEIREIRACOSTAEPALUCL514,,,12.0,1.543724
202507.0,2025-07-23,48862.0,MADEIREIRACOSTAEPALUCL514,Consumidor Livre,SUL,12.0,1.70893
202507.0,2025-07-23,48862.0,MADEIREIRACOSTAEPALUCL514,Consumidor Livre,SUL,12.0,1.70893
,2025-07-23,,MADEIREIRACOSTAEPALUCL514,,,12.0,1.70893
202507.0,2025-07-24,48862.0,MADEIREIRACOSTAEPALUCL514,Consumidor Livre,SUL,12.0,1.702864
202507.0,2025-07-24,48862.0,MADEIREIRACOSTAEPALUCL514,Consumidor Livre,SUL,12.0,1.702864
,2025-07-24,,MADEIREIRACOSTAEPALUCL514,,,12.0,1.702864
202507.0,2025-07-25,48862.0,MADEIREIRACOSTAEPALUCL514,Consumidor Livre,SUL,12.0,0.513834
202507.0,2025-07-25,48862.0,MADEIREIRACOSTAEPALUCL514,Consumidor Livre,SUL,12.0,0.513834
,2025-07-25,,MADEIREIRACOSTAEPALUCL514,,,12.0,0.513834
202507.0,2025-07-26,48862.0,MADEIREIRACOSTAEPALUCL514,Consumidor Livre,SUL,12.0,0.129288
202507.0,2025-07-26,48862.0,MADEIREIRACOSTAEPALUCL514,Consumidor Livre,SUL,12.0,0.129288
,2025-07-26,,MADEIREIRACOSTAEPALUCL514,,,12.0,0.129288
202507.0,2025-07-27,48862.0,MADEIREIRACOSTAEPALUCL514,Consumidor Livre,SUL,12.0,0.085428
202507.0,2025-07-27,48862.0,MADEIREIRACOSTAEPALUCL514,Consumidor Livre,SUL,12.0,0.085428
,2025-07-27,,MADEIREIRACOSTAEPALUCL514,,,12.0,0.085428
202507.0,2025-07-28,48862.0,MADEIREIRACOSTAEPALUCL514,Consumidor Livre,SUL,12.0,0.894435
202507.0,2025-07-28,48862.0,MADEIREIRACOSTAEPALUCL514,Consumidor Livre,SUL,12.0,0.894435
,2025-07-28,,MADEIREIRACOSTAEPALUCL514,,,12.0,0.894435
202507.0,2025-07-29,48862.0,MADEIREIRACOSTAEPALUCL514,Consumidor Livre,SUL,12.0,0.915172
202507.0,2025-07-29,48862.0,MADEIREIRACOSTAEPALUCL514,Consumidor Livre,SUL,12.0,0.915172
,2025-07-29,,MADEIREIRACOSTAEPALUCL514,,,12.0,0.915172
202507.0,2025-07-30,48862.0,MADEIREIRACOSTAEPALUCL514,Consumidor Livre,SUL,12.0,1.074376
202507.0,2025-07-30,48862.0,MADEIREIRACOSTAEPALUCL514,Consumidor Livre,SUL,12.0,1.074376
,2025-07-30,,MADEIREIRACOSTAEPALUCL514,,,12.0,1.074376
202507.0,2025-07-31,48862.0,MADEIREIRACOSTAEPALUCL514,Consumidor Livre,SUL,12.0,1.025025
202507.0,2025-07-31,48862.0,MADEIREIRACOSTAEPALUCL514,Consumidor Livre,SUL,12.0,1.025025
,2025-07-31,,MADEIREIRACOSTAEPALUCL514,,,12.0,1.025025
202508.0,2025-08-01,48862.0,MADEIREIRACOSTAEPALUCL514,Consumidor Livre,SUL,12.0,1.063181
202508.0,2025-08-01,48862.0,MADEIREIRACOSTAEPALUCL514,Consumidor Livre,SUL,12.0,1.063181
,2025-08-01,,MADEIREIRACOSTAEPALUCL514,,,12.0,1.063181
202508.0,2025-08-02,48862.0,MADEIREIRACOSTAEPALUCL514,Consumidor Livre,SUL,12.0,0.167211
202508.0,2025-08-02,48862.0,MADEIREIRACOSTAEPALUCL514,Consumidor Livre,SUL,12.0,0.167211
,2025-08-02,,MADEIREIRACOSTAEPALUCL514,,,12.0,0.167211
202508.0,2025-08-03,48862.0,MADEIREIRACOSTAEPALUCL514,Consumidor Livre,SUL,12.0,0.063874
202508.0,2025-08-03,48862.0,MADEIREIRACOSTAEPALUCL514,Consumidor Livre,SUL,12.0,0.063874
,2025-08-03,,MADEIREIRACOSTAEPALUCL514,,,12.0,0.063874
202508.0,2025-08-04,48862.0,MADEIREIRACOSTAEPALUCL514,Consumidor Livre,SUL,12.0,0.956802
202508.0,2025-08-04,48862.0,MADEIREIRACOSTAEPALUCL514,Consumidor Livre,SUL,12.0,0.956802
,2025-08-04,,MADEIREIRACOSTAEPALUCL514,,,12.0,0.956802
202508.0,2025-08-05,48862.0,MADEIREIRACOSTAEPALUCL514,Consumidor Livre,SUL,12.0,1.163918
202508.0,2025-08-05,48862.0,MADEIREIRACOSTAEPALUCL514,Consumidor Livre,SUL,12.0,1.163918
,2025-08-05,,MADEIREIRACOSTAEPALUCL514,,,12.0,1.163918
202508.0,2025-08-06,48862.0,MADEIREIRACOSTAEPALUCL514,Consumidor Livre,SUL,12.0,1.067097
202508.0,2025-08-06,48862.0,MADEIREIRACOSTAEPALUCL514,Consumidor Livre,SUL,12.0,1.067097
,2025-08-06,,MADEIREIRACOSTAEPALUCL514,,,12.0,1.067097
202508.0,2025-08-07,48862.0,MADEIREIRACOSTAEPALUCL514,Consumidor Livre,SUL,12.0,1.396734
202508.0,2025-08-07,48862.0,MADEIREIRACOSTAEPALUCL514,Consumidor Livre,SUL,12.0,1.396734
,2025-08-07,,MADEIREIRACOSTAEPALUCL514,,,12.0,1.396734
202508.0,2025-08-08,48862.0,MADEIREIRACOSTAEPALUCL514,Consumidor Livre,SUL,12.0,0.853705
202508.0,2025-08-08,48862.0,MADEIREIRACOSTAEPALUCL514,Consumidor Livre,SUL,12.0,0.853705
,2025-08-08,,MADEIREIRACOSTAEPALUCL514,,,12.0,0.853705
202508.0,2025-08-09,48862.0,MADEIREIRACOSTAEPALUCL514,Consumidor Livre,SUL,12.0,0.276183
202508.0,2025-08-09,48862.0,MADEIREIRACOSTAEPALUCL514,Consumidor Livre,SUL,12.0,0.276183
,2025-08-09,,MADEIREIRACOSTAEPALUCL514,,,12.0,0.276183
202508.0,2025-08-10,48862.0,MADEIREIRACOSTAEPALUCL514,Consumidor Livre,SUL,12.0,0.054585
202508.0,2025-08-10,48862.0,MADEIREIRACOSTAEPALUCL514,Consumidor Livre,SUL,12.0,0.054585
,2025-08-10,,MADEIREIRACOSTAEPALUCL514,,,12.0,0.054585
202508.0,2025-08-11,48862.0,MADEIREIRACOSTAEPALUCL514,Consumidor Livre,SUL,12.0,1.214249
202508.0,2025-08-11,48862.0,MADEIREIRACOSTAEPALUCL514,Consumidor Livre,SUL,12.0,1.214249
,2025-08-11,,MADEIREIRACOSTAEPALUCL514,,,12.0,1.214249
202508.0,2025-08-12,48862.0,MADEIREIRACOSTAEPALUCL514,Consumidor Livre,SUL,12.0,1.242057
202508.0,2025-08-12,48862.0,MADEIREIRACOSTAEPALUCL514,Consumidor Livre,SUL,12.0,1.242057
,2025-08-12,,MADEIREIRACOSTAEPALUCL514,,,12.0,1.242057
202508.0,2025-08-13,48862.0,MADEIREIRACOSTAEPALUCL514,Consumidor Livre,SUL,12.0,0.963433
202508.0,2025-08-13,48862.0,MADEIREIRACOSTAEPALUCL514,Consumidor Livre,SUL,12.0,0.963433
,2025-08-13,,MADEIREIRACOSTAEPALUCL514,,,12.0,0.963433
202508.0,2025-08-14,48862.0,MADEIREIRACOSTAEPALUCL514,Consumidor Livre,SUL,12.0,1.039272
202508.0,2025-08-14,48862.0,MADEIREIRACOSTAEPALUCL514,Consumidor Livre,SUL,12.0,1.039272
,2025-08-14,,MADEIREIRACOSTAEPALUCL514,,,12.0,1.039272
202508.0,2025-08-15,48862.0,MADEIREIRACOSTAEPALUCL514,Consumidor Livre,SUL,12.0,1.061074
202508.0,2025-08-15,48862.0,MADEIREIRACOSTAEPALUCL514,Consumidor Livre,SUL,12.0,1.061074
,2025-08-15,,MADEIREIRACOSTAEPALUCL514,,,12.0,1.061074
202508.0,2025-08-16,48862.0,MADEIREIRACOSTAEPALUCL514,Consumidor Livre,SUL,12.0,0.277199
202508.0,2025-08-16,48862.0,MADEIREIRACOSTAEPALUCL514,Consumidor Livre,SUL,12.0,0.277199
,2025-08-16,,MADEIREIRACOSTAEPALUCL514,,,12.0,0.277199
202508.0,2025-08-17,48862.0,MADEIREIRACOSTAEPALUCL514,Consumidor Livre,SUL,12.0,0.092108
202508.0,2025-08-17,48862.0,MADEIREIRACOSTAEPALUCL514,Consumidor Livre,SUL,12.0,0.092108
,2025-08-17,,MADEIREIRACOSTAEPALUCL514,,,12.0,0.092108
202508.0,2025-08-18,48862.0,MADEIREIRACOSTAEPALUCL514,Consumidor Livre,SUL,12.0,1.071182
202508.0,2025-08-18,48862.0,MADEIREIRACOSTAEPALUCL514,Consumidor Livre,SUL,12.0,1.071182
,2025-08-18,,MADEIREIRACOSTAEPALUCL514,,,12.0,1.071182
202508.0,2025-08-19,48862.0,MADEIREIRACOSTAEPALUCL514,Consumidor Livre,SUL,12.0,1.057462
202508.0,2025-08-19,48862.0,MADEIREIRACOSTAEPALUCL514,Consumidor Livre,SUL,12.0,1.057462
,2025-08-19,,MADEIREIRACOSTAEPALUCL514,,,12.0,1.057462
202508.0,2025-08-20,48862.0,MADEIREIRACOSTAEPALUCL514,Consumidor Livre,SUL,12.0,1.306457
202508.0,2025-08-20,48862.0,MADEIREIRACOSTAEPALUCL514,Consumidor Livre,SUL,12.0,1.306457
,2025-08-20,,MADEIREIRACOSTAEPALUCL514,,,12.0,1.306457
202508.0,2025-08-21,48862.0,MADEIREIRACOSTAEPALUCL514,Consumidor Livre,SUL,12.0,1.196279
202508.0,2025-08-21,48862.0,MADEIREIRACOSTAEPALUCL514,Consumidor Livre,SUL,12.0,1.196279
,2025-08-21,,MADEIREIRACOSTAEPALUCL514,,,12.0,1.196279
202508.0,2025-08-22,48862.0,MADEIREIRACOSTAEPALUCL514,Consumidor Livre,SUL,12.0,0.922858
202508.0,2025-08-22,48862.0,MADEIREIRACOSTAEPALUCL514,Consumidor Livre,SUL,12.0,0.922858
,2025-08-22,,MADEIREIRACOSTAEPALUCL514,,,12.0,0.922858
202508.0,2025-08-23,48862.0,MADEIREIRACOSTAEPALUCL514,Consumidor Livre,SUL,12.0,0.194529
202508.0,2025-08-23,48862.0,MADEIREIRACOSTAEPALUCL514,Consumidor Livre,SUL,12.0,0.194529
,2025-08-23,,MADEIREIRACOSTAEPALUCL514,,,12.0,0.194529
202508.0,2025-08-24,48862.0,MADEIREIRACOSTAEPALUCL514,Consumidor Livre,SUL,12.0,0.057945
202508.0,2025-08-24,48862.0,MADEIREIRACOSTAEPALUCL514,Consumidor Livre,SUL,12.0,0.057945
,2025-08-24,,MADEIREIRACOSTAEPALUCL514,,,12.0,0.057945
202508.0,2025-08-25,48862.0,MADEIREIRACOSTAEPALUCL514,Consumidor Livre,SUL,12.0,1.447278
202508.0,2025-08-25,48862.0,MADEIREIRACOSTAEPALUCL514,Consumidor Livre,SUL,12.0,1.447278
,2025-08-25,,MADEIREIRACOSTAEPALUCL514,,,12.0,1.447278
202508.0,2025-08-26,48862.0,MADEIREIRACOSTAEPALUCL514,Consumidor Livre,SUL,12.0,1.813639
202508.0,2025-08-26,48862.0,MADEIREIRACOSTAEPALUCL514,Consumidor Livre,SUL,12.0,1.813639
,2025-08-26,,MADEIREIRACOSTAEPALUCL514,,,12.0,1.813639
202508.0,2025-08-27,48862.0,MADEIREIRACOSTAEPALUCL514,Consumidor Livre,SUL,12.0,1.931464
202508.0,2025-08-27,48862.0,MADEIREIRACOSTAEPALUCL514,Consumidor Livre,SUL,12.0,1.931464
,2025-08-27,,MADEIREIRACOSTAEPALUCL514,,,12.0,1.931464
202508.0,2025-08-28,48862.0,MADEIREIRACOSTAEPALUCL514,Consumidor Livre,SUL,12.0,1.686387
202508.0,2025-08-28,48862.0,MADEIREIRACOSTAEPALUCL514,Consumidor Livre,SUL,12.0,1.686387
,2025-08-28,,MADEIREIRACOSTAEPALUCL514,,,12.0,1.686387
202508.0,2025-08-29,48862.0,MADEIREIRACOSTAEPALUCL514,Consumidor Livre,SUL,12.0,1.612139
202508.0,2025-08-29,48862.0,MADEIREIRACOSTAEPALUCL514,Consumidor Livre,SUL,12.0,1.612139
,2025-08-29,,MADEIREIRACOSTAEPALUCL514,,,12.0,1.612139
202508.0,2025-08-30,48862.0,MADEIREIRACOSTAEPALUCL514,Consumidor Livre,SUL,12.0,0.330719
202508.0,2025-08-30,48862.0,MADEIREIRACOSTAEPALUCL514,Consumidor Livre,SUL,12.0,0.330719
,2025-08-30,,MADEIREIRACOSTAEPALUCL514,,,12.0,0.330719
202508.0,2025-08-31,48862.0,MADEIREIRACOSTAEPALUCL514,Consumidor Livre,SUL,12.0,0.058593
202508.0,2025-08-31,48862.0,MADEIREIRACOSTAEPALUCL514,Consumidor Livre,SUL,12.0,0.058593
,2025-08-31,,MADEIREIRACOSTAEPALUCL514,,,12.0,0.058593
