MES_REFERENCIA,DATA,CODIGO_PERFIL_AGENTE,SIGLA_PERFIL_AGENTE,CLASSE_PERFIL_AGENTE,SUBMERCADO,CAPACIDADE_CARGA,CONSUMO_CARGA_ACL
,2022-07-01,32183.0,PEDREIRA INGA CL,Consumidor Livre,SUL,24.0,7.943913
,2022-07-02,32183.0,PEDREIRA INGA CL,Consumidor Livre,SUL,24.0,2.7584150000000003
,2022-07-03,32183.0,PEDREIRA INGA CL,Consumidor Livre,SUL,24.0,0.401456
,2022-07-04,32183.0,PEDREIRA INGA CL,Consumidor Livre,SUL,24.0,2.24608
,2022-07-05,32183.0,PEDREIRA INGA CL,Consumidor Livre,SUL,24.0,7.59013
,2022-07-06,32183.0,PEDREIRA INGA CL,Consumidor Livre,SUL,24.0,7.774545
,2022-07-07,32183.0,PEDREIRA INGA CL,Consumidor Livre,SUL,24.0,8.427802
,2022-07-08,32183.0,PEDREIRA INGA CL,Consumidor Livre,SUL,24.0,8.802611
,2022-07-09,32183.0,PEDREIRA INGA CL,Consumidor Livre,SUL,24.0,0.7302379999999999
,2022-07-10,32183.0,PEDREIRA INGA CL,Consumidor Livre,SUL,24.0,0.434742
,2022-07-11,32183.0,PEDREIRA INGA CL,Consumidor Livre,SUL,24.0,4.279509
,2022-07-12,32183.0,PEDREIRA INGA CL,Consumidor Livre,SUL,24.0,7.076832
,2022-07-13,32183.0,PEDREIRA INGA CL,Consumidor Livre,SUL,24.0,10.011548
,2022-07-14,32183.0,PEDREIRA INGA CL,Consumidor Livre,SUL,24.0,7.70693
,2022-07-15,32183.0,PEDREIRA INGA CL,Consumidor Livre,SUL,24.0,4.905257
,2022-07-16,32183.0,PEDREIRA INGA CL,Consumidor Livre,SUL,24.0,0.713252
,2022-07-17,32183.0,PEDREIRA INGA CL,Consumidor Livre,SUL,24.0,0.359006
,2022-07-18,32183.0,PEDREIRA INGA CL,Consumidor Livre,SUL,24.0,0.751956
,2022-07-19,32183.0,PEDREIRA INGA CL,Consumidor Livre,SUL,24.0,10.121078
,2022-07-20,32183.0,PEDREIRA INGA CL,Consumidor Livre,SUL,24.0,9.888415
,2022-07-21,32183.0,PEDREIRA INGA CL,Consumidor Livre,SUL,24.0,8.932821
,2022-07-22,32183.0,PEDREIRA INGA CL,Consumidor Livre,SUL,24.0,7.669347
,2022-07-23,32183.0,PEDREIRA INGA CL,Consumidor Livre,SUL,24.0,2.670142
,2022-07-24,32183.0,PEDREIRA INGA CL,Consumidor Livre,SUL,24.0,0.814453
,2022-07-25,32183.0,PEDREIRA INGA CL,Consumidor Livre,SUL,24.0,6.107982
,2022-07-26,32183.0,PEDREIRA INGA CL,Consumidor Livre,SUL,24.0,8.049727
,2022-07-27,32183.0,PEDREIRA INGA CL,Consumidor Livre,SUL,24.0,8.075345
,2022-07-28,32183.0,PEDREIRA INGA CL,Consumidor Livre,SUL,24.0,9.71255
,2022-07-29,32183.0,PEDREIRA INGA CL,Consumidor Livre,SUL,24.0,6.315078
,2022-07-30,32183.0,PEDREIRA INGA CL,Consumidor Livre,SUL,24.0,1.186804
,2022-07-31,32183.0,PEDREIRA INGA CL,Consumidor Livre,SUL,24.0,0.455306
,2022-08-01,32183.0,PEDREIRA INGA CL,Consumidor Livre,SUL,24.0,1.442169
,2022-08-02,32183.0,PEDREIRA INGA CL,Consumidor Livre,SUL,24.0,3.039057
,2022-08-03,32183.0,PEDREIRA INGA CL,Consumidor Livre,SUL,24.0,7.159309
,2022-08-04,32183.0,PEDREIRA INGA CL,Consumidor Livre,SUL,24.0,4.746453
,2022-08-05,32183.0,PEDREIRA INGA CL,Consumidor Livre,SUL,24.0,6.567606
,2022-08-06,32183.0,PEDREIRA INGA CL,Consumidor Livre,SUL,24.0,2.561669
,2022-08-07,32183.0,PEDREIRA INGA CL,Consumidor Livre,SUL,24.0,0.669742
,2022-08-08,32183.0,PEDREIRA INGA CL,Consumidor Livre,SUL,24.0,4.783137
,2022-08-09,32183.0,PEDREIRA INGA CL,Consumidor Livre,SUL,24.0,4.393141
,2022-08-10,32183.0,PEDREIRA INGA CL,Consumidor Livre,SUL,24.0,5.908266
,2022-08-11,32183.0,PEDREIRA INGA CL,Consumidor Livre,SUL,24.0,4.928567
,2022-08-12,32183.0,PEDREIRA INGA CL,Consumidor Livre,SUL,24.0,3.545997
,2022-08-13,32183.0,PEDREIRA INGA CL,Consumidor Livre,SUL,24.0,0.75369
,2022-08-14,32183.0,PEDREIRA INGA CL,Consumidor Livre,SUL,24.0,0.288971
,2022-08-15,32183.0,PEDREIRA INGA CL,Consumidor Livre,SUL,24.0,0.612545
,2022-08-16,32183.0,PEDREIRA INGA CL,Consumidor Livre,SUL,24.0,4.929459
,2022-08-17,32183.0,PEDREIRA INGA CL,Consumidor Livre,SUL,24.0,7.594511
,2022-08-18,32183.0,PEDREIRA INGA CL,Consumidor Livre,SUL,24.0,2.142732
,2022-08-19,32183.0,PEDREIRA INGA CL,Consumidor Livre,SUL,24.0,6.191978
,2022-08-20,32183.0,PEDREIRA INGA CL,Consumidor Livre,SUL,24.0,1.09018
,2022-08-21,32183.0,PEDREIRA INGA CL,Consumidor Livre,SUL,24.0,0.624976
,2022-08-22,32183.0,PEDREIRA INGA CL,Consumidor Livre,SUL,24.0,5.222409
,2022-08-23,32183.0,PEDREIRA INGA CL,Consumidor Livre,SUL,24.0,6.905602
,2022-08-24,32183.0,PEDREIRA INGA CL,Consumidor Livre,SUL,24.0,5.689457
,2022-08-25,32183.0,PEDREIRA INGA CL,Consumidor Livre,SUL,24.0,9.268163
,2022-08-26,32183.0,PEDREIRA INGA CL,Consumidor Livre,SUL,24.0,7.306976000000001
,2022-08-27,32183.0,PEDREIRA INGA CL,Consumidor Livre,SUL,24.0,3.465821
,2022-08-28,32183.0,PEDREIRA INGA CL,Consumidor Livre,SUL,24.0,1.014905
,2022-08-29,32183.0,PEDREIRA INGA CL,Consumidor Livre,SUL,24.0,2.228616
,2022-08-30,32183.0,PEDREIRA INGA CL,Consumidor Livre,SUL,24.0,8.823093
,2022-08-31,32183.0,PEDREIRA INGA CL,Consumidor Livre,SUL,24.0,6.921867
,2022-09-01,32183.0,PEDREIRA INGA CL,Consumidor Livre,SUL,24.0,8.058153
,2022-09-02,32183.0,PEDREIRA INGA CL,Consumidor Livre,SUL,24.0,9.41737
,2022-09-03,32183.0,PEDREIRA INGA CL,Consumidor Livre,SUL,24.0,3.668312
,2022-09-04,32183.0,PEDREIRA INGA CL,Consumidor Livre,SUL,24.0,1.070255
,2022-09-05,32183.0,PEDREIRA INGA CL,Consumidor Livre,SUL,24.0,1.2815
,2022-09-06,32183.0,PEDREIRA INGA CL,Consumidor Livre,SUL,24.0,7.600628
,2022-09-07,32183.0,PEDREIRA INGA CL,Consumidor Livre,SUL,24.0,4.195366
,2022-09-08,32183.0,PEDREIRA INGA CL,Consumidor Livre,SUL,24.0,6.448587
,2022-09-09,32183.0,PEDREIRA INGA CL,Consumidor Livre,SUL,24.0,7.046975
,2022-09-10,32183.0,PEDREIRA INGA CL,Consumidor Livre,SUL,24.0,1.415697
,2022-09-11,32183.0,PEDREIRA INGA CL,Consumidor Livre,SUL,24.0,1.37559
,2022-09-12,32183.0,PEDREIRA INGA CL,Consumidor Livre,SUL,24.0,1.901
,2022-09-13,32183.0,PEDREIRA INGA CL,Consumidor Livre,SUL,24.0,1.771306
,2022-09-14,32183.0,PEDREIRA INGA CL,Consumidor Livre,SUL,24.0,6.046076
,2022-09-15,32183.0,PEDREIRA INGA CL,Consumidor Livre,SUL,24.0,8.324313
,2022-09-16,32183.0,PEDREIRA INGA CL,Consumidor Livre,SUL,24.0,10.116453
,2022-09-17,32183.0,PEDREIRA INGA CL,Consumidor Livre,SUL,24.0,2.663164
,2022-09-18,32183.0,PEDREIRA INGA CL,Consumidor Livre,SUL,24.0,1.40845
,2022-09-19,32183.0,PEDREIRA INGA CL,Consumidor Livre,SUL,24.0,5.67221
,2022-09-20,32183.0,PEDREIRA INGA CL,Consumidor Livre,SUL,24.0,8.663347
,2022-09-21,32183.0,PEDREIRA INGA CL,Consumidor Livre,SUL,24.0,5.037526
,2022-09-22,32183.0,PEDREIRA INGA CL,Consumidor Livre,SUL,24.0,9.532181
,2022-09-23,32183.0,PEDREIRA INGA CL,Consumidor Livre,SUL,24.0,9.121262
,2022-09-24,32183.0,PEDREIRA INGA CL,Consumidor Livre,SUL,24.0,3.815182
,2022-09-25,32183.0,PEDREIRA INGA CL,Consumidor Livre,SUL,24.0,1.147968
,2022-09-26,32183.0,PEDREIRA INGA CL,Consumidor Livre,SUL,24.0,3.746971
,2022-09-27,32183.0,PEDREIRA INGA CL,Consumidor Livre,SUL,24.0,8.260047
,2022-09-28,32183.0,PEDREIRA INGA CL,Consumidor Livre,SUL,24.0,6.638709
,2022-09-29,32183.0,PEDREIRA INGA CL,Consumidor Livre,SUL,24.0,8.607763
,2022-09-30,32183.0,PEDREIRA INGA CL,Consumidor Livre,SUL,24.0,9.36771
,2022-10-01,32183.0,PEDREIRA INGA CL,Consumidor Livre,SUL,24.0,3.410669
,2022-10-02,32183.0,PEDREIRA INGA CL,Consumidor Livre,SUL,24.0,1.030718
,2022-10-03,32183.0,PEDREIRA INGA CL,Consumidor Livre,SUL,24.0,1.32388
,2022-10-04,32183.0,PEDREIRA INGA CL,Consumidor Livre,SUL,24.0,4.588833
,2022-10-05,32183.0,PEDREIRA INGA CL,Consumidor Livre,SUL,24.0,10.249501
,2022-10-06,32183.0,PEDREIRA INGA CL,Consumidor Livre,SUL,24.0,6.256708
,2022-10-07,32183.0,PEDREIRA INGA CL,Consumidor Livre,SUL,24.0,6.134059
,2022-10-08,32183.0,PEDREIRA INGA CL,Consumidor Livre,SUL,24.0,3.825926
,2022-10-09,32183.0,PEDREIRA INGA CL,Consumidor Livre,SUL,24.0,1.525424
,2022-10-10,32183.0,PEDREIRA INGA CL,Consumidor Livre,SUL,24.0,5.603998
,2022-10-11,32183.0,PEDREIRA INGA CL,Consumidor Livre,SUL,24.0,7.446817
,2022-10-12,32183.0,PEDREIRA INGA CL,Consumidor Livre,SUL,24.0,3.763271
,2022-10-13,32183.0,PEDREIRA INGA CL,Consumidor Livre,SUL,24.0,4.508075
,2022-10-14,32183.0,PEDREIRA INGA CL,Consumidor Livre,SUL,24.0,3.201934
,2022-10-15,32183.0,PEDREIRA INGA CL,Consumidor Livre,SUL,24.0,3.716388
,2022-10-16,32183.0,PEDREIRA INGA CL,Consumidor Livre,SUL,24.0,1.261703
,2022-10-17,32183.0,PEDREIRA INGA CL,Consumidor Livre,SUL,24.0,2.199041
,2022-10-18,32183.0,PEDREIRA INGA CL,Consumidor Livre,SUL,24.0,7.113931
,2022-10-19,32183.0,PEDREIRA INGA CL,Consumidor Livre,SUL,24.0,10.162605
,2022-10-20,32183.0,PEDREIRA INGA CL,Consumidor Livre,SUL,24.0,7.835874
,2022-10-21,32183.0,PEDREIRA INGA CL,Consumidor Livre,SUL,24.0,7.900722
,2022-10-22,32183.0,PEDREIRA INGA CL,Consumidor Livre,SUL,24.0,3.83112
,2022-10-23,32183.0,PEDREIRA INGA CL,Consumidor Livre,SUL,24.0,1.049618
,2022-10-24,32183.0,PEDREIRA INGA CL,Consumidor Livre,SUL,24.0,6.246252
,2022-10-25,32183.0,PEDREIRA INGA CL,Consumidor Livre,SUL,24.0,9.029311
,2022-10-26,32183.0,PEDREIRA INGA CL,Consumidor Livre,SUL,24.0,9.016617
,2022-10-27,32183.0,PEDREIRA INGA CL,Consumidor Livre,SUL,24.0,9.243466
,2022-10-28,32183.0,PEDREIRA INGA CL,Consumidor Livre,SUL,24.0,11.099066
,2022-10-29,32183.0,PEDREIRA INGA CL,Consumidor Livre,SUL,24.0,3.613036
,2022-10-30,32183.0,PEDREIRA INGA CL,Consumidor Livre,SUL,24.0,1.063653
,2022-10-31,32183.0,PEDREIRA INGA CL,Consumidor Livre,SUL,24.0,5.336578
,2022-11-01,32183.0,PEDREIRA INGA CL,Consumidor Livre,SUL,24.0,10.474116
,2022-11-02,32183.0,PEDREIRA INGA CL,Consumidor Livre,SUL,24.0,4.566473
,2022-11-03,32183.0,PEDREIRA INGA CL,Consumidor Livre,SUL,24.0,6.429226
,2022-11-04,32183.0,PEDREIRA INGA CL,Consumidor Livre,SUL,24.0,9.243824
,2022-11-05,32183.0,PEDREIRA INGA CL,Consumidor Livre,SUL,24.0,3.408214
,2022-11-06,32183.0,PEDREIRA INGA CL,Consumidor Livre,SUL,24.0,0.936603
,2022-11-07,32183.0,PEDREIRA INGA CL,Consumidor Livre,SUL,24.0,3.420351
,2022-11-08,32183.0,PEDREIRA INGA CL,Consumidor Livre,SUL,24.0,8.145611
,2022-11-09,32183.0,PEDREIRA INGA CL,Consumidor Livre,SUL,24.0,8.876997
,2022-11-10,32183.0,PEDREIRA INGA CL,Consumidor Livre,SUL,24.0,9.775407
,2022-11-11,32183.0,PEDREIRA INGA CL,Consumidor Livre,SUL,24.0,9.425412
,2022-11-12,32183.0,PEDREIRA INGA CL,Consumidor Livre,SUL,24.0,3.822272
,2022-11-13,32183.0,PEDREIRA INGA CL,Consumidor Livre,SUL,24.0,1.481673
,2022-11-14,32183.0,PEDREIRA INGA CL,Consumidor Livre,SUL,24.0,6.992787
,2022-11-15,32183.0,PEDREIRA INGA CL,Consumidor Livre,SUL,24.0,4.405681
,2022-11-16,32183.0,PEDREIRA INGA CL,Consumidor Livre,SUL,24.0,4.90944
,2022-11-17,32183.0,PEDREIRA INGA CL,Consumidor Livre,SUL,24.0,8.794170000000001
,2022-11-18,32183.0,PEDREIRA INGA CL,Consumidor Livre,SUL,24.0,11.463319
,2022-11-19,32183.0,PEDREIRA INGA CL,Consumidor Livre,SUL,24.0,3.846248
,2022-11-20,32183.0,PEDREIRA INGA CL,Consumidor Livre,SUL,24.0,1.23624
,2022-11-21,32183.0,PEDREIRA INGA CL,Consumidor Livre,SUL,24.0,4.17164
,2022-11-22,32183.0,PEDREIRA INGA CL,Consumidor Livre,SUL,24.0,8.999876
,2022-11-23,32183.0,PEDREIRA INGA CL,Consumidor Livre,SUL,24.0,9.896945
,2022-11-24,32183.0,PEDREIRA INGA CL,Consumidor Livre,SUL,24.0,10.10697
,2022-11-25,32183.0,PEDREIRA INGA CL,Consumidor Livre,SUL,24.0,8.701499
,2022-11-26,32183.0,PEDREIRA INGA CL,Consumidor Livre,SUL,24.0,3.58064
,2022-11-27,32183.0,PEDREIRA INGA CL,Consumidor Livre,SUL,24.0,1.453866
,2022-11-28,32183.0,PEDREIRA INGA CL,Consumidor Livre,SUL,24.0,3.942781
,2022-11-29,32183.0,PEDREIRA INGA CL,Consumidor Livre,SUL,24.0,7.168826
,2022-11-30,32183.0,PEDREIRA INGA CL,Consumidor Livre,SUL,24.0,6.078415000000001
,2022-12-01,32183.0,PEDREIRA INGA CL,Consumidor Livre,SUL,24.0,10.262655
,2022-12-02,32183.0,PEDREIRA INGA CL,Consumidor Livre,SUL,24.0,9.71978
,2022-12-03,32183.0,PEDREIRA INGA CL,Consumidor Livre,SUL,24.0,3.85147
,2022-12-04,32183.0,PEDREIRA INGA CL,Consumidor Livre,SUL,24.0,1.47053
,2022-12-05,32183.0,PEDREIRA INGA CL,Consumidor Livre,SUL,24.0,5.200529
,2022-12-06,32183.0,PEDREIRA INGA CL,Consumidor Livre,SUL,24.0,9.183551
,2022-12-07,32183.0,PEDREIRA INGA CL,Consumidor Livre,SUL,24.0,9.478402
,2022-12-08,32183.0,PEDREIRA INGA CL,Consumidor Livre,SUL,24.0,8.509422
,2022-12-09,32183.0,PEDREIRA INGA CL,Consumidor Livre,SUL,24.0,7.647483
,2022-12-10,32183.0,PEDREIRA INGA CL,Consumidor Livre,SUL,24.0,3.434694
,2022-12-11,32183.0,PEDREIRA INGA CL,Consumidor Livre,SUL,24.0,1.147064
,2022-12-12,32183.0,PEDREIRA INGA CL,Consumidor Livre,SUL,24.0,5.335922
,2022-12-13,32183.0,PEDREIRA INGA CL,Consumidor Livre,SUL,24.0,8.616556
,2022-12-14,32183.0,PEDREIRA INGA CL,Consumidor Livre,SUL,24.0,10.324751
,2022-12-15,32183.0,PEDREIRA INGA CL,Consumidor Livre,SUL,24.0,8.49207
,2022-12-16,32183.0,PEDREIRA INGA CL,Consumidor Livre,SUL,24.0,10.689478
,2022-12-17,32183.0,PEDREIRA INGA CL,Consumidor Livre,SUL,24.0,3.121608
,2022-12-18,32183.0,PEDREIRA INGA CL,Consumidor Livre,SUL,24.0,0.913835
,2022-12-19,32183.0,PEDREIRA INGA CL,Consumidor Livre,SUL,24.0,1.004438
,2022-12-20,32183.0,PEDREIRA INGA CL,Consumidor Livre,SUL,24.0,0.90057
,2022-12-21,32183.0,PEDREIRA INGA CL,Consumidor Livre,SUL,24.0,0.923279
,2022-12-22,32183.0,PEDREIRA INGA CL,Consumidor Livre,SUL,24.0,0.996594
,2022-12-23,32183.0,PEDREIRA INGA CL,Consumidor Livre,SUL,24.0,0.928961
,2022-12-24,32183.0,PEDREIRA INGA CL,Consumidor Livre,SUL,24.0,0.927099
,2022-12-25,32183.0,PEDREIRA INGA CL,Consumidor Livre,SUL,24.0,0.929685
,2022-12-26,32183.0,PEDREIRA INGA CL,Consumidor Livre,SUL,24.0,0.962428
,2022-12-27,32183.0,PEDREIRA INGA CL,Consumidor Livre,SUL,24.0,1.137041
,2022-12-28,32183.0,PEDREIRA INGA CL,Consumidor Livre,SUL,24.0,1.115858
,2022-12-29,32183.0,PEDREIRA INGA CL,Consumidor Livre,SUL,24.0,1.146015
,2022-12-30,32183.0,PEDREIRA INGA CL,Consumidor Livre,SUL,24.0,1.08815
,2022-12-31,32183.0,PEDREIRA INGA CL,Consumidor Livre,SUL,24.0,1.096708
,2023-01-01,32183.0,PEDREIRA INGA CL,Consumidor Livre,SUL,24.0,0.941379
,2023-01-02,32183.0,PEDREIRA INGA CL,Consumidor Livre,SUL,24.0,5.068688
,2023-01-03,32183.0,PEDREIRA INGA CL,Consumidor Livre,SUL,24.0,3.941576
,2023-01-04,32183.0,PEDREIRA INGA CL,Consumidor Livre,SUL,24.0,6.801194
,2023-01-05,32183.0,PEDREIRA INGA CL,Consumidor Livre,SUL,24.0,6.96503
,2023-01-06,32183.0,PEDREIRA INGA CL,Consumidor Livre,SUL,24.0,8.241569
,2023-01-07,32183.0,PEDREIRA INGA CL,Consumidor Livre,SUL,24.0,3.751366
,2023-01-08,32183.0,PEDREIRA INGA CL,Consumidor Livre,SUL,24.0,1.462144
,2023-01-09,32183.0,PEDREIRA INGA CL,Consumidor Livre,SUL,24.0,7.328734
,2023-01-10,32183.0,PEDREIRA INGA CL,Consumidor Livre,SUL,24.0,8.656517
,2023-01-11,32183.0,PEDREIRA INGA CL,Consumidor Livre,SUL,24.0,9.630278
,2023-01-12,32183.0,PEDREIRA INGA CL,Consumidor Livre,SUL,24.0,5.710856
,2023-01-13,32183.0,PEDREIRA INGA CL,Consumidor Livre,SUL,24.0,9.84296
,2023-01-14,32183.0,PEDREIRA INGA CL,Consumidor Livre,SUL,24.0,1.775166
,2023-01-15,32183.0,PEDREIRA INGA CL,Consumidor Livre,SUL,24.0,1.412435
,2023-01-16,32183.0,PEDREIRA INGA CL,Consumidor Livre,SUL,24.0,5.090387
,2023-01-17,32183.0,PEDREIRA INGA CL,Consumidor Livre,SUL,24.0,4.431257
,2023-01-18,32183.0,PEDREIRA INGA CL,Consumidor Livre,SUL,24.0,7.999506
,2023-01-19,32183.0,PEDREIRA INGA CL,Consumidor Livre,SUL,24.0,5.041233
,2023-01-20,32183.0,PEDREIRA INGA CL,Consumidor Livre,SUL,24.0,10.915492
,2023-01-21,32183.0,PEDREIRA INGA CL,Consumidor Livre,SUL,24.0,3.668076
,2023-01-22,32183.0,PEDREIRA INGA CL,Consumidor Livre,SUL,24.0,1.481963
,2023-01-23,32183.0,PEDREIRA INGA CL,Consumidor Livre,SUL,24.0,6.200726
,2023-01-24,32183.0,PEDREIRA INGA CL,Consumidor Livre,SUL,24.0,4.037782
,2023-01-25,32183.0,PEDREIRA INGA CL,Consumidor Livre,SUL,24.0,10.332479
,2023-01-26,32183.0,PEDREIRA INGA CL,Consumidor Livre,SUL,24.0,9.497803
,2023-01-27,32183.0,PEDREIRA INGA CL,Consumidor Livre,SUL,24.0,8.946155
,2023-01-28,32183.0,PEDREIRA INGA CL,Consumidor Livre,SUL,24.0,3.487283
,2023-01-29,32183.0,PEDREIRA INGA CL,Consumidor Livre,SUL,24.0,1.627265
,2023-01-30,32183.0,PEDREIRA INGA CL,Consumidor Livre,SUL,24.0,5.897674
,2023-01-31,32183.0,PEDREIRA INGA CL,Consumidor Livre,SUL,24.0,9.535523
,2023-02-01,32183.0,PEDREIRA INGA CL,Consumidor Livre,SUL,24.0,10.029766
,2023-02-02,32183.0,PEDREIRA INGA CL,Consumidor Livre,SUL,24.0,9.231933
,2023-02-03,32183.0,PEDREIRA INGA CL,Consumidor Livre,SUL,24.0,6.52157
,2023-02-04,32183.0,PEDREIRA INGA CL,Consumidor Livre,SUL,24.0,1.759678
,2023-02-05,32183.0,PEDREIRA INGA CL,Consumidor Livre,SUL,24.0,1.588262
,2023-02-06,32183.0,PEDREIRA INGA CL,Consumidor Livre,SUL,24.0,3.764638
,2023-02-07,32183.0,PEDREIRA INGA CL,Consumidor Livre,SUL,24.0,4.814037
,2023-02-08,32183.0,PEDREIRA INGA CL,Consumidor Livre,SUL,24.0,8.757867
,2023-02-09,32183.0,PEDREIRA INGA CL,Consumidor Livre,SUL,24.0,7.424365
,2023-02-10,32183.0,PEDREIRA INGA CL,Consumidor Livre,SUL,24.0,9.195218
,2023-02-11,32183.0,PEDREIRA INGA CL,Consumidor Livre,SUL,24.0,1.816949
,2023-02-12,32183.0,PEDREIRA INGA CL,Consumidor Livre,SUL,24.0,1.502005
,2023-02-13,32183.0,PEDREIRA INGA CL,Consumidor Livre,SUL,24.0,7.568692
,2023-02-14,32183.0,PEDREIRA INGA CL,Consumidor Livre,SUL,24.0,9.584448
,2023-02-15,32183.0,PEDREIRA INGA CL,Consumidor Livre,SUL,24.0,8.558592
,2023-02-16,32183.0,PEDREIRA INGA CL,Consumidor Livre,SUL,24.0,7.572654
,2023-02-17,32183.0,PEDREIRA INGA CL,Consumidor Livre,SUL,24.0,5.05288
,2023-02-18,32183.0,PEDREIRA INGA CL,Consumidor Livre,SUL,24.0,3.724304
,2023-02-19,32183.0,PEDREIRA INGA CL,Consumidor Livre,SUL,24.0,1.592069
,2023-02-20,32183.0,PEDREIRA INGA CL,Consumidor Livre,SUL,24.0,1.736265
,2023-02-21,32183.0,PEDREIRA INGA CL,Consumidor Livre,SUL,24.0,1.755801
,2023-02-22,32183.0,PEDREIRA INGA CL,Consumidor Livre,SUL,24.0,4.152474
,2023-02-23,32183.0,PEDREIRA INGA CL,Consumidor Livre,SUL,24.0,9.435689
,2023-02-24,32183.0,PEDREIRA INGA CL,Consumidor Livre,SUL,24.0,9.313794
,2023-02-25,32183.0,PEDREIRA INGA CL,Consumidor Livre,SUL,24.0,3.80647
,2023-02-26,32183.0,PEDREIRA INGA CL,Consumidor Livre,SUL,24.0,1.713183
,2023-02-27,32183.0,PEDREIRA INGA CL,Consumidor Livre,SUL,24.0,4.457925
,2023-02-28,32183.0,PEDREIRA INGA CL,Consumidor Livre,SUL,24.0,5.290635
,2023-03-01,32183.0,PEDREIRA INGA CL,Consumidor Livre,SUL,24.0,2.277708
,2023-03-02,32183.0,PEDREIRA INGA CL,Consumidor Livre,SUL,24.0,10.5025
,2023-03-03,32183.0,PEDREIRA INGA CL,Consumidor Livre,SUL,24.0,8.276083
,2023-03-04,32183.0,PEDREIRA INGA CL,Consumidor Livre,SUL,24.0,1.527034
,2023-03-05,32183.0,PEDREIRA INGA CL,Consumidor Livre,SUL,24.0,1.149246
,2023-03-06,32183.0,PEDREIRA INGA CL,Consumidor Livre,SUL,24.0,5.113913
,2023-03-07,32183.0,PEDREIRA INGA CL,Consumidor Livre,SUL,24.0,9.094881
,2023-03-08,32183.0,PEDREIRA INGA CL,Consumidor Livre,SUL,24.0,5.359947
,2023-03-09,32183.0,PEDREIRA INGA CL,Consumidor Livre,SUL,24.0,8.46999
,2023-03-10,32183.0,PEDREIRA INGA CL,Consumidor Livre,SUL,24.0,8.514862
,2023-03-11,32183.0,PEDREIRA INGA CL,Consumidor Livre,SUL,24.0,1.883122
,2023-03-12,32183.0,PEDREIRA INGA CL,Consumidor Livre,SUL,24.0,1.716289
,2023-03-13,32183.0,PEDREIRA INGA CL,Consumidor Livre,SUL,24.0,3.888902
,2023-03-14,32183.0,PEDREIRA INGA CL,Consumidor Livre,SUL,24.0,8.936208
,2023-03-15,32183.0,PEDREIRA INGA CL,Consumidor Livre,SUL,24.0,9.813324
,2023-03-16,32183.0,PEDREIRA INGA CL,Consumidor Livre,SUL,24.0,9.099897
,2023-03-17,32183.0,PEDREIRA INGA CL,Consumidor Livre,SUL,24.0,8.346895
,2023-03-18,32183.0,PEDREIRA INGA CL,Consumidor Livre,SUL,24.0,3.044356
,2023-03-19,32183.0,PEDREIRA INGA CL,Consumidor Livre,SUL,24.0,0.807582
,2023-03-20,32183.0,PEDREIRA INGA CL,Consumidor Livre,SUL,24.0,5.370644
,2023-03-21,32183.0,PEDREIRA INGA CL,Consumidor Livre,SUL,24.0,5.083151
,2023-03-22,32183.0,PEDREIRA INGA CL,Consumidor Livre,SUL,24.0,5.366571
,2023-03-23,32183.0,PEDREIRA INGA CL,Consumidor Livre,SUL,24.0,4.764634
,2023-03-24,32183.0,PEDREIRA INGA CL,Consumidor Livre,SUL,24.0,6.952269
,2023-03-25,32183.0,PEDREIRA INGA CL,Consumidor Livre,SUL,24.0,2.505877
,2023-03-26,32183.0,PEDREIRA INGA CL,Consumidor Livre,SUL,24.0,0.818569
,2023-03-27,32183.0,PEDREIRA INGA CL,Consumidor Livre,SUL,24.0,0.926416
,2023-03-28,32183.0,PEDREIRA INGA CL,Consumidor Livre,SUL,24.0,4.593767
,2023-03-29,32183.0,PEDREIRA INGA CL,Consumidor Livre,SUL,24.0,1.32218
,2023-03-30,32183.0,PEDREIRA INGA CL,Consumidor Livre,SUL,24.0,2.326107
,2023-03-31,32183.0,PEDREIRA INGA CL,Consumidor Livre,SUL,24.0,8.884238999999999
,2023-04-01,32183.0,PEDREIRA INGA CL,Consumidor Livre,SUL,24.0,2.209537
,2023-04-02,32183.0,PEDREIRA INGA CL,Consumidor Livre,SUL,24.0,0.461981
,2023-04-03,32183.0,PEDREIRA INGA CL,Consumidor Livre,SUL,24.0,6.564837
,2023-04-04,32183.0,PEDREIRA INGA CL,Consumidor Livre,SUL,24.0,8.270293
,2023-04-05,32183.0,PEDREIRA INGA CL,Consumidor Livre,SUL,24.0,4.859109
,2023-04-06,32183.0,PEDREIRA INGA CL,Consumidor Livre,SUL,24.0,4.598592
,2023-04-07,32183.0,PEDREIRA INGA CL,Consumidor Livre,SUL,24.0,0.813572
,2023-04-08,32183.0,PEDREIRA INGA CL,Consumidor Livre,SUL,24.0,0.764582
,2023-04-09,32183.0,PEDREIRA INGA CL,Consumidor Livre,SUL,24.0,0.715497
,2023-04-10,32183.0,PEDREIRA INGA CL,Consumidor Livre,SUL,24.0,4.705597
,2023-04-11,32183.0,PEDREIRA INGA CL,Consumidor Livre,SUL,24.0,4.962909000000001
,2023-04-12,32183.0,PEDREIRA INGA CL,Consumidor Livre,SUL,24.0,6.218089
,2023-04-13,32183.0,PEDREIRA INGA CL,Consumidor Livre,SUL,24.0,6.234646
,2023-04-14,32183.0,PEDREIRA INGA CL,Consumidor Livre,SUL,24.0,4.715356
,2023-04-15,32183.0,PEDREIRA INGA CL,Consumidor Livre,SUL,24.0,0.818916
,2023-04-16,32183.0,PEDREIRA INGA CL,Consumidor Livre,SUL,24.0,0.786914
,2023-04-17,32183.0,PEDREIRA INGA CL,Consumidor Livre,SUL,24.0,5.890261000000001
,2023-04-18,32183.0,PEDREIRA INGA CL,Consumidor Livre,SUL,24.0,3.601855
,2023-04-19,32183.0,PEDREIRA INGA CL,Consumidor Livre,SUL,24.0,7.266746
,2023-04-20,32183.0,PEDREIRA INGA CL,Consumidor Livre,SUL,24.0,3.577244
,2023-04-21,32183.0,PEDREIRA INGA CL,Consumidor Livre,SUL,24.0,0.825129
,2023-04-22,32183.0,PEDREIRA INGA CL,Consumidor Livre,SUL,24.0,0.758148
,2023-04-23,32183.0,PEDREIRA INGA CL,Consumidor Livre,SUL,24.0,0.75919
,2023-04-24,32183.0,PEDREIRA INGA CL,Consumidor Livre,SUL,24.0,4.824012
,2023-04-25,32183.0,PEDREIRA INGA CL,Consumidor Livre,SUL,24.0,6.995481
,2023-04-26,32183.0,PEDREIRA INGA CL,Consumidor Livre,SUL,24.0,5.151192
,2023-04-27,32183.0,PEDREIRA INGA CL,Consumidor Livre,SUL,24.0,5.558986
,2023-04-28,32183.0,PEDREIRA INGA CL,Consumidor Livre,SUL,24.0,5.615062
,2023-04-29,32183.0,PEDREIRA INGA CL,Consumidor Livre,SUL,24.0,0.798849
,2023-04-30,32183.0,PEDREIRA INGA CL,Consumidor Livre,SUL,24.0,0.768451
,2023-05-01,32183.0,PEDREIRA INGA CL,Consumidor Livre,SUL,24.0,0.777898
,2023-05-02,32183.0,PEDREIRA INGA CL,Consumidor Livre,SUL,24.0,5.191102
,2023-05-03,32183.0,PEDREIRA INGA CL,Consumidor Livre,SUL,24.0,7.214383
,2023-05-04,32183.0,PEDREIRA INGA CL,Consumidor Livre,SUL,24.0,7.063426
,2023-05-05,32183.0,PEDREIRA INGA CL,Consumidor Livre,SUL,24.0,5.390466
,2023-05-06,32183.0,PEDREIRA INGA CL,Consumidor Livre,SUL,24.0,0.88182
,2023-05-07,32183.0,PEDREIRA INGA CL,Consumidor Livre,SUL,24.0,0.474591
,2023-05-08,32183.0,PEDREIRA INGA CL,Consumidor Livre,SUL,24.0,0.274025
,2023-05-09,32183.0,PEDREIRA INGA CL,Consumidor Livre,SUL,24.0,5.700478
,2023-05-10,32183.0,PEDREIRA INGA CL,Consumidor Livre,SUL,24.0,7.472990999999999
,2023-05-11,32183.0,PEDREIRA INGA CL,Consumidor Livre,SUL,24.0,8.243188
,2023-05-12,32183.0,PEDREIRA INGA CL,Consumidor Livre,SUL,24.0,6.016872
,2023-05-13,32183.0,PEDREIRA INGA CL,Consumidor Livre,SUL,24.0,0.7788430000000001
,2023-05-14,32183.0,PEDREIRA INGA CL,Consumidor Livre,SUL,24.0,0.715167
,2023-05-15,32183.0,PEDREIRA INGA CL,Consumidor Livre,SUL,24.0,3.308098
,2023-05-16,32183.0,PEDREIRA INGA CL,Consumidor Livre,SUL,24.0,7.78851
,2023-05-17,32183.0,PEDREIRA INGA CL,Consumidor Livre,SUL,24.0,6.214223
,2023-05-18,32183.0,PEDREIRA INGA CL,Consumidor Livre,SUL,24.0,4.411542
,2023-05-19,32183.0,PEDREIRA INGA CL,Consumidor Livre,SUL,24.0,6.681064
,2023-05-20,32183.0,PEDREIRA INGA CL,Consumidor Livre,SUL,24.0,0.79605
,2023-05-21,32183.0,PEDREIRA INGA CL,Consumidor Livre,SUL,24.0,0.761939
,2023-05-22,32183.0,PEDREIRA INGA CL,Consumidor Livre,SUL,24.0,7.031432
,2023-05-23,32183.0,PEDREIRA INGA CL,Consumidor Livre,SUL,24.0,6.714718
,2023-05-24,32183.0,PEDREIRA INGA CL,Consumidor Livre,SUL,24.0,7.1295280000000005
,2023-05-25,32183.0,PEDREIRA INGA CL,Consumidor Livre,SUL,24.0,5.992037
,2023-05-26,32183.0,PEDREIRA INGA CL,Consumidor Livre,SUL,24.0,5.965711
,2023-05-27,32183.0,PEDREIRA INGA CL,Consumidor Livre,SUL,24.0,0.698665
,2023-05-28,32183.0,PEDREIRA INGA CL,Consumidor Livre,SUL,24.0,0.306158
,2023-05-29,32183.0,PEDREIRA INGA CL,Consumidor Livre,SUL,24.0,4.690691
,2023-05-30,32183.0,PEDREIRA INGA CL,Consumidor Livre,SUL,24.0,6.191082
,2023-05-31,32183.0,PEDREIRA INGA CL,Consumidor Livre,SUL,24.0,5.692272
,2023-06-01,32183.0,PEDREIRA INGA CL,Consumidor Livre,SUL,24.0,7.123373
,2023-06-02,32183.0,PEDREIRA INGA CL,Consumidor Livre,SUL,24.0,6.289564
,2023-06-03,32183.0,PEDREIRA INGA CL,Consumidor Livre,SUL,24.0,0.8027569999999999
,2023-06-04,32183.0,PEDREIRA INGA CL,Consumidor Livre,SUL,24.0,0.742205
,2023-06-05,32183.0,PEDREIRA INGA CL,Consumidor Livre,SUL,24.0,6.278103
,2023-06-06,32183.0,PEDREIRA INGA CL,Consumidor Livre,SUL,24.0,6.933175
,2023-06-07,32183.0,PEDREIRA INGA CL,Consumidor Livre,SUL,24.0,6.436585
,2023-06-08,32183.0,PEDREIRA INGA CL,Consumidor Livre,SUL,24.0,0.809871
,2023-06-09,32183.0,PEDREIRA INGA CL,Consumidor Livre,SUL,24.0,4.334861
,2023-06-10,32183.0,PEDREIRA INGA CL,Consumidor Livre,SUL,24.0,0.647685
,2023-06-11,32183.0,PEDREIRA INGA CL,Consumidor Livre,SUL,24.0,0.420253
,2023-06-12,32183.0,PEDREIRA INGA CL,Consumidor Livre,SUL,24.0,5.987351
,2023-06-13,32183.0,PEDREIRA INGA CL,Consumidor Livre,SUL,24.0,3.05897
,2023-06-14,32183.0,PEDREIRA INGA CL,Consumidor Livre,SUL,24.0,5.246895
,2023-06-15,32183.0,PEDREIRA INGA CL,Consumidor Livre,SUL,24.0,5.671859
,2023-06-16,32183.0,PEDREIRA INGA CL,Consumidor Livre,SUL,24.0,2.252861
,2023-06-17,32183.0,PEDREIRA INGA CL,Consumidor Livre,SUL,24.0,0.538926
,2023-06-18,32183.0,PEDREIRA INGA CL,Consumidor Livre,SUL,24.0,0.306426
,2023-06-19,32183.0,PEDREIRA INGA CL,Consumidor Livre,SUL,24.0,5.700832
,2023-06-20,32183.0,PEDREIRA INGA CL,Consumidor Livre,SUL,24.0,5.4698910000000005
,2023-06-21,32183.0,PEDREIRA INGA CL,Consumidor Livre,SUL,24.0,4.546178
,2023-06-22,32183.0,PEDREIRA INGA CL,Consumidor Livre,SUL,24.0,5.623968
,2023-06-23,32183.0,PEDREIRA INGA CL,Consumidor Livre,SUL,24.0,4.634629
,2023-06-24,32183.0,PEDREIRA INGA CL,Consumidor Livre,SUL,24.0,0.632135
,2023-06-25,32183.0,PEDREIRA INGA CL,Consumidor Livre,SUL,24.0,0.578351
,2023-06-26,32183.0,PEDREIRA INGA CL,Consumidor Livre,SUL,24.0,4.955747
,2023-06-27,32183.0,PEDREIRA INGA CL,Consumidor Livre,SUL,24.0,3.249193
,2023-06-28,32183.0,PEDREIRA INGA CL,Consumidor Livre,SUL,24.0,5.20544
,2023-06-29,32183.0,PEDREIRA INGA CL,Consumidor Livre,SUL,24.0,5.529432
,2023-06-30,32183.0,PEDREIRA INGA CL,Consumidor Livre,SUL,24.0,4.524078
,2023-07-01,32183.0,PEDREIRA INGA CL,Consumidor Livre,SUL,24.0,0.670495
,2023-07-02,32183.0,PEDREIRA INGA CL,Consumidor Livre,SUL,24.0,0.363932
,2023-07-03,32183.0,PEDREIRA INGA CL,Consumidor Livre,SUL,24.0,4.774332
,2023-07-04,32183.0,PEDREIRA INGA CL,Consumidor Livre,SUL,24.0,3.375962
,2023-07-05,32183.0,PEDREIRA INGA CL,Consumidor Livre,SUL,24.0,4.906827
,2023-07-06,32183.0,PEDREIRA INGA CL,Consumidor Livre,SUL,24.0,3.879698
,2023-07-07,32183.0,PEDREIRA INGA CL,Consumidor Livre,SUL,24.0,4.994016
,2023-07-08,32183.0,PEDREIRA INGA CL,Consumidor Livre,SUL,24.0,0.643474
,2023-07-09,32183.0,PEDREIRA INGA CL,Consumidor Livre,SUL,24.0,0.578149
,2023-07-10,32183.0,PEDREIRA INGA CL,Consumidor Livre,SUL,24.0,5.376278
,2023-07-11,32183.0,PEDREIRA INGA CL,Consumidor Livre,SUL,24.0,3.901114
,2023-07-12,32183.0,PEDREIRA INGA CL,Consumidor Livre,SUL,24.0,4.831644
,2023-07-13,32183.0,PEDREIRA INGA CL,Consumidor Livre,SUL,24.0,3.181918
,2023-07-14,32183.0,PEDREIRA INGA CL,Consumidor Livre,SUL,24.0,4.6546270000000005
,2023-07-15,32183.0,PEDREIRA INGA CL,Consumidor Livre,SUL,24.0,0.612403
,2023-07-16,32183.0,PEDREIRA INGA CL,Consumidor Livre,SUL,24.0,0.554088
,2023-07-17,32183.0,PEDREIRA INGA CL,Consumidor Livre,SUL,24.0,6.757894
,2023-07-18,32183.0,PEDREIRA INGA CL,Consumidor Livre,SUL,24.0,6.250877
,2023-07-19,32183.0,PEDREIRA INGA CL,Consumidor Livre,SUL,24.0,5.419913
,2023-07-20,32183.0,PEDREIRA INGA CL,Consumidor Livre,SUL,24.0,6.97446
,2023-07-21,32183.0,PEDREIRA INGA CL,Consumidor Livre,SUL,24.0,3.111281
,2023-07-22,32183.0,PEDREIRA INGA CL,Consumidor Livre,SUL,24.0,0.647445
,2023-07-23,32183.0,PEDREIRA INGA CL,Consumidor Livre,SUL,24.0,0.607675
,2023-07-24,32183.0,PEDREIRA INGA CL,Consumidor Livre,SUL,24.0,6.858216
,2023-07-25,32183.0,PEDREIRA INGA CL,Consumidor Livre,SUL,24.0,6.974057
,2023-07-26,32183.0,PEDREIRA INGA CL,Consumidor Livre,SUL,24.0,6.660931
,2023-07-27,32183.0,PEDREIRA INGA CL,Consumidor Livre,SUL,24.0,5.381556
,2023-07-28,32183.0,PEDREIRA INGA CL,Consumidor Livre,SUL,24.0,6.063762
,2023-07-29,32183.0,PEDREIRA INGA CL,Consumidor Livre,SUL,24.0,0.625236
,2023-07-30,32183.0,PEDREIRA INGA CL,Consumidor Livre,SUL,24.0,0.599585
,2023-07-31,32183.0,PEDREIRA INGA CL,Consumidor Livre,SUL,24.0,6.507518
,2023-08-01,32183.0,PEDREIRA INGA CL,Consumidor Livre,SUL,24.0,6.689743
,2023-08-02,32183.0,PEDREIRA INGA CL,Consumidor Livre,SUL,24.0,4.518733
,2023-08-03,32183.0,PEDREIRA INGA CL,Consumidor Livre,SUL,24.0,6.929367
,2023-08-04,32183.0,PEDREIRA INGA CL,Consumidor Livre,SUL,24.0,6.060633
,2023-08-05,32183.0,PEDREIRA INGA CL,Consumidor Livre,SUL,24.0,0.630784
,2023-08-06,32183.0,PEDREIRA INGA CL,Consumidor Livre,SUL,24.0,0.606541
,2023-08-07,32183.0,PEDREIRA INGA CL,Consumidor Livre,SUL,24.0,6.110786
,2023-08-08,32183.0,PEDREIRA INGA CL,Consumidor Livre,SUL,24.0,5.557772
,2023-08-09,32183.0,PEDREIRA INGA CL,Consumidor Livre,SUL,24.0,4.758689
,2023-08-10,32183.0,PEDREIRA INGA CL,Consumidor Livre,SUL,24.0,6.2764880000000005
,2023-08-11,32183.0,PEDREIRA INGA CL,Consumidor Livre,SUL,24.0,5.584827
,2023-08-12,32183.0,PEDREIRA INGA CL,Consumidor Livre,SUL,24.0,0.403943
,2023-08-13,32183.0,PEDREIRA INGA CL,Consumidor Livre,SUL,24.0,0.262154
,2023-08-14,32183.0,PEDREIRA INGA CL,Consumidor Livre,SUL,24.0,5.767167
,2023-08-15,32183.0,PEDREIRA INGA CL,Consumidor Livre,SUL,24.0,0.60585
,2023-08-16,32183.0,PEDREIRA INGA CL,Consumidor Livre,SUL,24.0,5.572413
,2023-08-17,32183.0,PEDREIRA INGA CL,Consumidor Livre,SUL,24.0,4.892359
,2023-08-18,32183.0,PEDREIRA INGA CL,Consumidor Livre,SUL,24.0,5.679417
,2023-08-19,32183.0,PEDREIRA INGA CL,Consumidor Livre,SUL,24.0,0.33476
,2023-08-20,32183.0,PEDREIRA INGA CL,Consumidor Livre,SUL,24.0,0.280036
,2023-08-21,32183.0,PEDREIRA INGA CL,Consumidor Livre,SUL,24.0,2.305533
,2023-08-22,32183.0,PEDREIRA INGA CL,Consumidor Livre,SUL,24.0,5.772864
,2023-08-23,32183.0,PEDREIRA INGA CL,Consumidor Livre,SUL,24.0,5.349965
,2023-08-24,32183.0,PEDREIRA INGA CL,Consumidor Livre,SUL,24.0,5.8642460000000005
,2023-08-25,32183.0,PEDREIRA INGA CL,Consumidor Livre,SUL,24.0,1.98593
,2023-08-26,32183.0,PEDREIRA INGA CL,Consumidor Livre,SUL,24.0,0.63451
,2023-08-27,32183.0,PEDREIRA INGA CL,Consumidor Livre,SUL,24.0,0.601135
,2023-08-28,32183.0,PEDREIRA INGA CL,Consumidor Livre,SUL,24.0,0.80896
,2023-08-29,32183.0,PEDREIRA INGA CL,Consumidor Livre,SUL,24.0,4.954264
,2023-08-30,32183.0,PEDREIRA INGA CL,Consumidor Livre,SUL,24.0,4.690731
,2023-08-31,32183.0,PEDREIRA INGA CL,Consumidor Livre,SUL,24.0,5.337713
,2023-09-01,32183.0,PEDREIRA INGA CL,Consumidor Livre,SUL,24.0,2.864993
,2023-09-02,32183.0,PEDREIRA INGA CL,Consumidor Livre,SUL,24.0,0.690604
,2023-09-03,32183.0,PEDREIRA INGA CL,Consumidor Livre,SUL,24.0,0.681502
,2023-09-04,32183.0,PEDREIRA INGA CL,Consumidor Livre,SUL,24.0,5.506679
,2023-09-05,32183.0,PEDREIRA INGA CL,Consumidor Livre,SUL,24.0,4.799383
,2023-09-06,32183.0,PEDREIRA INGA CL,Consumidor Livre,SUL,24.0,5.318416
,2023-09-07,32183.0,PEDREIRA INGA CL,Consumidor Livre,SUL,24.0,0.432256
,2023-09-08,32183.0,PEDREIRA INGA CL,Consumidor Livre,SUL,24.0,3.795552
,2023-09-09,32183.0,PEDREIRA INGA CL,Consumidor Livre,SUL,24.0,0.791686
,2023-09-10,32183.0,PEDREIRA INGA CL,Consumidor Livre,SUL,24.0,0.764697
,2023-09-11,32183.0,PEDREIRA INGA CL,Consumidor Livre,SUL,24.0,5.55854
,2023-09-12,32183.0,PEDREIRA INGA CL,Consumidor Livre,SUL,24.0,3.836992
,2023-09-13,32183.0,PEDREIRA INGA CL,Consumidor Livre,SUL,24.0,5.8265400000000005
,2023-09-14,32183.0,PEDREIRA INGA CL,Consumidor Livre,SUL,24.0,5.56897
,2023-09-15,32183.0,PEDREIRA INGA CL,Consumidor Livre,SUL,24.0,4.5549800000000005
,2023-09-16,32183.0,PEDREIRA INGA CL,Consumidor Livre,SUL,24.0,0.621167
,2023-09-17,32183.0,PEDREIRA INGA CL,Consumidor Livre,SUL,24.0,0.635669
,2023-09-18,32183.0,PEDREIRA INGA CL,Consumidor Livre,SUL,24.0,5.584061999999999
,2023-09-19,32183.0,PEDREIRA INGA CL,Consumidor Livre,SUL,24.0,5.4475810000000005
,2023-09-20,32183.0,PEDREIRA INGA CL,Consumidor Livre,SUL,24.0,5.529994
,2023-09-21,32183.0,PEDREIRA INGA CL,Consumidor Livre,SUL,24.0,5.698717
,2023-09-22,32183.0,PEDREIRA INGA CL,Consumidor Livre,SUL,24.0,4.34639
,2023-09-23,32183.0,PEDREIRA INGA CL,Consumidor Livre,SUL,24.0,0.503593
,2023-09-24,32183.0,PEDREIRA INGA CL,Consumidor Livre,SUL,24.0,0.326142
,2023-09-25,32183.0,PEDREIRA INGA CL,Consumidor Livre,SUL,24.0,4.488913999999999
,2023-09-26,32183.0,PEDREIRA INGA CL,Consumidor Livre,SUL,24.0,0.81623
,2023-09-27,32183.0,PEDREIRA INGA CL,Consumidor Livre,SUL,24.0,5.750675
,2023-09-28,32183.0,PEDREIRA INGA CL,Consumidor Livre,SUL,24.0,6.421635
,2023-09-29,32183.0,PEDREIRA INGA CL,Consumidor Livre,SUL,24.0,5.434255
,2023-09-30,32183.0,PEDREIRA INGA CL,Consumidor Livre,SUL,24.0,0.316894
,2023-10-01,32183.0,PEDREIRA INGA CL,Consumidor Livre,SUL,24.0,0.281483
,2023-10-02,32183.0,PEDREIRA INGA CL,Consumidor Livre,SUL,24.0,2.338741
,2023-10-03,32183.0,PEDREIRA INGA CL,Consumidor Livre,SUL,24.0,4.364548
,2023-10-04,32183.0,PEDREIRA INGA CL,Consumidor Livre,SUL,24.0,4.98957
,2023-10-05,32183.0,PEDREIRA INGA CL,Consumidor Livre,SUL,24.0,4.2650120000000005
,2023-10-06,32183.0,PEDREIRA INGA CL,Consumidor Livre,SUL,24.0,5.094275
,2023-10-07,32183.0,PEDREIRA INGA CL,Consumidor Livre,SUL,24.0,0.418424
,2023-10-08,32183.0,PEDREIRA INGA CL,Consumidor Livre,SUL,24.0,0.300823
,2023-10-09,32183.0,PEDREIRA INGA CL,Consumidor Livre,SUL,24.0,0.437838
,2023-10-10,32183.0,PEDREIRA INGA CL,Consumidor Livre,SUL,24.0,4.963882
,2023-10-11,32183.0,PEDREIRA INGA CL,Consumidor Livre,SUL,24.0,6.531642
,2023-10-12,32183.0,PEDREIRA INGA CL,Consumidor Livre,SUL,24.0,0.323095
,2023-10-13,32183.0,PEDREIRA INGA CL,Consumidor Livre,SUL,24.0,0.352808
,2023-10-14,32183.0,PEDREIRA INGA CL,Consumidor Livre,SUL,24.0,0.286476
,2023-10-15,32183.0,PEDREIRA INGA CL,Consumidor Livre,SUL,24.0,0.296968
,2023-10-16,32183.0,PEDREIRA INGA CL,Consumidor Livre,SUL,24.0,5.408332
,2023-10-17,32183.0,PEDREIRA INGA CL,Consumidor Livre,SUL,24.0,4.148795
,2023-10-18,32183.0,PEDREIRA INGA CL,Consumidor Livre,SUL,24.0,4.315282
,2023-10-19,32183.0,PEDREIRA INGA CL,Consumidor Livre,SUL,24.0,5.534705000000001
,2023-10-20,32183.0,PEDREIRA INGA CL,Consumidor Livre,SUL,24.0,5.527115
,2023-10-21,32183.0,PEDREIRA INGA CL,Consumidor Livre,SUL,24.0,0.320528
,2023-10-22,32183.0,PEDREIRA INGA CL,Consumidor Livre,SUL,24.0,0.29301
,2023-10-23,32183.0,PEDREIRA INGA CL,Consumidor Livre,SUL,24.0,4.691487
,2023-10-24,32183.0,PEDREIRA INGA CL,Consumidor Livre,SUL,24.0,5.796936
,2023-10-25,32183.0,PEDREIRA INGA CL,Consumidor Livre,SUL,24.0,5.000556
,2023-10-26,32183.0,PEDREIRA INGA CL,Consumidor Livre,SUL,24.0,3.502461
,2023-10-27,32183.0,PEDREIRA INGA CL,Consumidor Livre,SUL,24.0,3.40964
,2023-10-28,32183.0,PEDREIRA INGA CL,Consumidor Livre,SUL,24.0,0.178249
,2023-10-29,32183.0,PEDREIRA INGA CL,Consumidor Livre,SUL,24.0,0.1279549999999999
,2023-10-30,32183.0,PEDREIRA INGA CL,Consumidor Livre,SUL,24.0,1.71319
,2023-10-31,32183.0,PEDREIRA INGA CL,Consumidor Livre,SUL,24.0,1.558237
,2023-11-01,32183.0,PEDREIRA INGA CL,Consumidor Livre,SUL,24.0,2.963855
,2023-11-02,32183.0,PEDREIRA INGA CL,Consumidor Livre,SUL,24.0,0.854738
,2023-11-03,32183.0,PEDREIRA INGA CL,Consumidor Livre,SUL,24.0,0.574709
,2023-11-04,32183.0,PEDREIRA INGA CL,Consumidor Livre,SUL,24.0,0.251792
,2023-11-05,32183.0,PEDREIRA INGA CL,Consumidor Livre,SUL,24.0,0.262909
,2023-11-06,32183.0,PEDREIRA INGA CL,Consumidor Livre,SUL,24.0,5.7131870000000005
,2023-11-07,32183.0,PEDREIRA INGA CL,Consumidor Livre,SUL,24.0,5.869357
,2023-11-08,32183.0,PEDREIRA INGA CL,Consumidor Livre,SUL,24.0,6.743648
,2023-11-09,32183.0,PEDREIRA INGA CL,Consumidor Livre,SUL,24.0,4.925011
,2023-11-10,32183.0,PEDREIRA INGA CL,Consumidor Livre,SUL,24.0,5.486735
,2023-11-11,32183.0,PEDREIRA INGA CL,Consumidor Livre,SUL,24.0,0.390411
,2023-11-12,32183.0,PEDREIRA INGA CL,Consumidor Livre,SUL,24.0,0.342198
,2023-11-13,32183.0,PEDREIRA INGA CL,Consumidor Livre,SUL,24.0,6.839144999999999
,2023-11-14,32183.0,PEDREIRA INGA CL,Consumidor Livre,SUL,24.0,3.375148
,2023-11-15,32183.0,PEDREIRA INGA CL,Consumidor Livre,SUL,24.0,0.3583
,2023-11-16,32183.0,PEDREIRA INGA CL,Consumidor Livre,SUL,24.0,6.787531
,2023-11-17,32183.0,PEDREIRA INGA CL,Consumidor Livre,SUL,24.0,5.877835
,2023-11-18,32183.0,PEDREIRA INGA CL,Consumidor Livre,SUL,24.0,0.845146
,2023-11-19,32183.0,PEDREIRA INGA CL,Consumidor Livre,SUL,24.0,0.751436
,2023-11-20,32183.0,PEDREIRA INGA CL,Consumidor Livre,SUL,24.0,5.566735
,2023-11-21,32183.0,PEDREIRA INGA CL,Consumidor Livre,SUL,24.0,5.470711
,2023-11-22,32183.0,PEDREIRA INGA CL,Consumidor Livre,SUL,24.0,6.55379
,2023-11-23,32183.0,PEDREIRA INGA CL,Consumidor Livre,SUL,24.0,0.280836
,2023-11-24,32183.0,PEDREIRA INGA CL,Consumidor Livre,SUL,24.0,4.342528
,2023-11-25,32183.0,PEDREIRA INGA CL,Consumidor Livre,SUL,24.0,0.4299
,2023-11-26,32183.0,PEDREIRA INGA CL,Consumidor Livre,SUL,24.0,0.289215
,2023-11-27,32183.0,PEDREIRA INGA CL,Consumidor Livre,SUL,24.0,1.446793
,2023-11-28,32183.0,PEDREIRA INGA CL,Consumidor Livre,SUL,24.0,6.679624
,2023-11-29,32183.0,PEDREIRA INGA CL,Consumidor Livre,SUL,24.0,9.280786
,2023-11-30,32183.0,PEDREIRA INGA CL,Consumidor Livre,SUL,24.0,6.817324
,2023-12-01,32183.0,PEDREIRA INGA CL,Consumidor Livre,SUL,24.0,9.029186
,2023-12-02,32183.0,PEDREIRA INGA CL,Consumidor Livre,SUL,24.0,0.8654390000000001
,2023-12-03,32183.0,PEDREIRA INGA CL,Consumidor Livre,SUL,24.0,0.81013
,2023-12-04,32183.0,PEDREIRA INGA CL,Consumidor Livre,SUL,24.0,7.194027
,2023-12-05,32183.0,PEDREIRA INGA CL,Consumidor Livre,SUL,24.0,9.168149
,2023-12-06,32183.0,PEDREIRA INGA CL,Consumidor Livre,SUL,24.0,7.553144
,2023-12-07,32183.0,PEDREIRA INGA CL,Consumidor Livre,SUL,24.0,5.526861
,2023-12-08,32183.0,PEDREIRA INGA CL,Consumidor Livre,SUL,24.0,4.687635
,2023-12-09,32183.0,PEDREIRA INGA CL,Consumidor Livre,SUL,24.0,0.791013
,2023-12-10,32183.0,PEDREIRA INGA CL,Consumidor Livre,SUL,24.0,0.430273
,2023-12-11,32183.0,PEDREIRA INGA CL,Consumidor Livre,SUL,24.0,3.299306
,2023-12-12,32183.0,PEDREIRA INGA CL,Consumidor Livre,SUL,24.0,9.264233
,2023-12-13,32183.0,PEDREIRA INGA CL,Consumidor Livre,SUL,24.0,4.744543
,2023-12-14,32183.0,PEDREIRA INGA CL,Consumidor Livre,SUL,24.0,8.598993
,2023-12-15,32183.0,PEDREIRA INGA CL,Consumidor Livre,SUL,24.0,6.130061
,2023-12-16,32183.0,PEDREIRA INGA CL,Consumidor Livre,SUL,24.0,0.261574
,2023-12-17,32183.0,PEDREIRA INGA CL,Consumidor Livre,SUL,24.0,0.174622
,2023-12-18,32183.0,PEDREIRA INGA CL,Consumidor Livre,SUL,24.0,0.0
,2023-12-19,32183.0,PEDREIRA INGA CL,Consumidor Livre,SUL,24.0,0.113154
,2023-12-20,32183.0,PEDREIRA INGA CL,Consumidor Livre,SUL,24.0,0.367268
,2023-12-21,32183.0,PEDREIRA INGA CL,Consumidor Livre,SUL,24.0,0.347713
,2023-12-22,32183.0,PEDREIRA INGA CL,Consumidor Livre,SUL,24.0,0.406542
,2023-12-23,32183.0,PEDREIRA INGA CL,Consumidor Livre,SUL,24.0,0.203891
,2023-12-24,32183.0,PEDREIRA INGA CL,Consumidor Livre,SUL,24.0,0.104674
,2023-12-25,32183.0,PEDREIRA INGA CL,Consumidor Livre,SUL,24.0,0.247785
,2023-12-26,32183.0,PEDREIRA INGA CL,Consumidor Livre,SUL,24.0,0.278785
,2023-12-27,32183.0,PEDREIRA INGA CL,Consumidor Livre,SUL,24.0,0.285854
,2023-12-28,32183.0,PEDREIRA INGA CL,Consumidor Livre,SUL,24.0,0.289137
,2023-12-29,32183.0,PEDREIRA INGA CL,Consumidor Livre,SUL,24.0,0.28967
,2023-12-30,32183.0,PEDREIRA INGA CL,Consumidor Livre,SUL,24.0,0.243411
,2023-12-31,32183.0,PEDREIRA INGA CL,Consumidor Livre,SUL,24.0,0.230888
,2024-01-01,32183.0,PEDREIRA INGA CL,Consumidor Livre,SUL,24.0,0.240444
,2024-01-02,32183.0,PEDREIRA INGA CL,Consumidor Livre,SUL,24.0,0.272366
,2024-01-03,32183.0,PEDREIRA INGA CL,Consumidor Livre,SUL,24.0,0.290219
,2024-01-04,32183.0,PEDREIRA INGA CL,Consumidor Livre,SUL,24.0,0.290597
,2024-01-05,32183.0,PEDREIRA INGA CL,Consumidor Livre,SUL,24.0,0.347323
,2024-01-06,32183.0,PEDREIRA INGA CL,Consumidor Livre,SUL,24.0,0.322167
,2024-01-07,32183.0,PEDREIRA INGA CL,Consumidor Livre,SUL,24.0,0.3213249999999999
,2024-01-08,32183.0,PEDREIRA INGA CL,Consumidor Livre,SUL,24.0,5.472387
,2024-01-09,32183.0,PEDREIRA INGA CL,Consumidor Livre,SUL,24.0,4.138048
,2024-01-10,32183.0,PEDREIRA INGA CL,Consumidor Livre,SUL,24.0,5.203319
,2024-01-11,32183.0,PEDREIRA INGA CL,Consumidor Livre,SUL,24.0,5.43761
,2024-01-12,32183.0,PEDREIRA INGA CL,Consumidor Livre,SUL,24.0,4.916809
,2024-01-13,32183.0,PEDREIRA INGA CL,Consumidor Livre,SUL,24.0,0.785343
,2024-01-14,32183.0,PEDREIRA INGA CL,Consumidor Livre,SUL,24.0,0.737028
,2024-01-15,32183.0,PEDREIRA INGA CL,Consumidor Livre,SUL,24.0,4.165444
,2024-01-16,32183.0,PEDREIRA INGA CL,Consumidor Livre,SUL,24.0,4.703816000000001
,2024-01-17,32183.0,PEDREIRA INGA CL,Consumidor Livre,SUL,24.0,4.547967
,2024-01-18,32183.0,PEDREIRA INGA CL,Consumidor Livre,SUL,24.0,5.336141
,2024-01-19,32183.0,PEDREIRA INGA CL,Consumidor Livre,SUL,24.0,5.373163
,2024-01-20,32183.0,PEDREIRA INGA CL,Consumidor Livre,SUL,24.0,0.289974
,2024-01-21,32183.0,PEDREIRA INGA CL,Consumidor Livre,SUL,24.0,0.261613
,2024-01-22,32183.0,PEDREIRA INGA CL,Consumidor Livre,SUL,24.0,5.886919
,2024-01-23,32183.0,PEDREIRA INGA CL,Consumidor Livre,SUL,24.0,5.938941
,2024-01-24,32183.0,PEDREIRA INGA CL,Consumidor Livre,SUL,24.0,5.408335
,2024-01-25,32183.0,PEDREIRA INGA CL,Consumidor Livre,SUL,24.0,6.224081
,2024-01-26,32183.0,PEDREIRA INGA CL,Consumidor Livre,SUL,24.0,5.762255
,2024-01-27,32183.0,PEDREIRA INGA CL,Consumidor Livre,SUL,24.0,0.635076
,2024-01-28,32183.0,PEDREIRA INGA CL,Consumidor Livre,SUL,24.0,0.640831
,2024-01-29,32183.0,PEDREIRA INGA CL,Consumidor Livre,SUL,24.0,1.458523
,2024-01-30,32183.0,PEDREIRA INGA CL,Consumidor Livre,SUL,24.0,6.895009
,2024-01-31,32183.0,PEDREIRA INGA CL,Consumidor Livre,SUL,24.0,7.698347
,2024-02-01,32183.0,PEDREIRA INGA CL,Consumidor Livre,SUL,24.0,6.258259
,2024-02-02,32183.0,PEDREIRA INGA CL,Consumidor Livre,SUL,24.0,5.360702
,2024-02-03,32183.0,PEDREIRA INGA CL,Consumidor Livre,SUL,24.0,0.800039
,2024-02-04,32183.0,PEDREIRA INGA CL,Consumidor Livre,SUL,24.0,0.793392
,2024-02-05,32183.0,PEDREIRA INGA CL,Consumidor Livre,SUL,24.0,7.241131
,2024-02-06,32183.0,PEDREIRA INGA CL,Consumidor Livre,SUL,24.0,4.221264
,2024-02-07,32183.0,PEDREIRA INGA CL,Consumidor Livre,SUL,24.0,6.817977
,2024-02-08,32183.0,PEDREIRA INGA CL,Consumidor Livre,SUL,24.0,5.903828
,2024-02-09,32183.0,PEDREIRA INGA CL,Consumidor Livre,SUL,24.0,4.991655
,2024-02-10,32183.0,PEDREIRA INGA CL,Consumidor Livre,SUL,24.0,0.451805
,2024-02-11,32183.0,PEDREIRA INGA CL,Consumidor Livre,SUL,24.0,0.410207
,2024-02-12,32183.0,PEDREIRA INGA CL,Consumidor Livre,SUL,24.0,0.478406
,2024-02-13,32183.0,PEDREIRA INGA CL,Consumidor Livre,SUL,24.0,0.327362
,2024-02-14,32183.0,PEDREIRA INGA CL,Consumidor Livre,SUL,24.0,6.210625
,2024-02-15,32183.0,PEDREIRA INGA CL,Consumidor Livre,SUL,24.0,5.829488
,2024-02-16,32183.0,PEDREIRA INGA CL,Consumidor Livre,SUL,24.0,4.082423
,2024-02-17,32183.0,PEDREIRA INGA CL,Consumidor Livre,SUL,24.0,0.3390289999999999
,2024-02-18,32183.0,PEDREIRA INGA CL,Consumidor Livre,SUL,24.0,0.293507
,2024-02-19,32183.0,PEDREIRA INGA CL,Consumidor Livre,SUL,24.0,6.575818
,2024-02-20,32183.0,PEDREIRA INGA CL,Consumidor Livre,SUL,24.0,2.157886
,2024-02-21,32183.0,PEDREIRA INGA CL,Consumidor Livre,SUL,24.0,5.488847
,2024-02-22,32183.0,PEDREIRA INGA CL,Consumidor Livre,SUL,24.0,5.450023
,2024-02-23,32183.0,PEDREIRA INGA CL,Consumidor Livre,SUL,24.0,1.034168
,2024-02-24,32183.0,PEDREIRA INGA CL,Consumidor Livre,SUL,24.0,0.284351
,2024-02-25,32183.0,PEDREIRA INGA CL,Consumidor Livre,SUL,24.0,0.266808
,2024-02-26,32183.0,PEDREIRA INGA CL,Consumidor Livre,SUL,24.0,0.751666
,2024-02-27,32183.0,PEDREIRA INGA CL,Consumidor Livre,SUL,24.0,5.13931
,2024-02-28,32183.0,PEDREIRA INGA CL,Consumidor Livre,SUL,24.0,6.170561
,2024-02-29,32183.0,PEDREIRA INGA CL,Consumidor Livre,SUL,24.0,4.977873
202403.0,2024-03-01,32183.0,PEDREIRA INGA CL,Consumidor Livre,SUL,24.0,5.842912
202403.0,2024-03-01,32183.0,PEDREIRA INGA CL,Consumidor Livre,SUL,24.0,5.842912
,2024-03-01,,PEDREIRA INGA CL,,,24.0,5.842912
202403.0,2024-03-02,32183.0,PEDREIRA INGA CL,Consumidor Livre,SUL,24.0,0.6509
202403.0,2024-03-02,32183.0,PEDREIRA INGA CL,Consumidor Livre,SUL,24.0,0.6509
,2024-03-02,,PEDREIRA INGA CL,,,24.0,0.6509
202403.0,2024-03-03,32183.0,PEDREIRA INGA CL,Consumidor Livre,SUL,24.0,0.641994
202403.0,2024-03-03,32183.0,PEDREIRA INGA CL,Consumidor Livre,SUL,24.0,0.641994
,2024-03-03,,PEDREIRA INGA CL,,,24.0,0.641994
202403.0,2024-03-04,32183.0,PEDREIRA INGA CL,Consumidor Livre,SUL,24.0,4.902814
202403.0,2024-03-04,32183.0,PEDREIRA INGA CL,Consumidor Livre,SUL,24.0,4.902814
,2024-03-04,,PEDREIRA INGA CL,,,24.0,4.902814
202403.0,2024-03-05,32183.0,PEDREIRA INGA CL,Consumidor Livre,SUL,24.0,4.60428
202403.0,2024-03-05,32183.0,PEDREIRA INGA CL,Consumidor Livre,SUL,24.0,4.60428
,2024-03-05,,PEDREIRA INGA CL,,,24.0,4.60428
202403.0,2024-03-06,32183.0,PEDREIRA INGA CL,Consumidor Livre,SUL,24.0,6.206628
202403.0,2024-03-06,32183.0,PEDREIRA INGA CL,Consumidor Livre,SUL,24.0,6.206628
,2024-03-06,,PEDREIRA INGA CL,,,24.0,6.206628
202403.0,2024-03-07,32183.0,PEDREIRA INGA CL,Consumidor Livre,SUL,24.0,4.711105
202403.0,2024-03-07,32183.0,PEDREIRA INGA CL,Consumidor Livre,SUL,24.0,4.711105
,2024-03-07,,PEDREIRA INGA CL,,,24.0,4.711105
202403.0,2024-03-08,32183.0,PEDREIRA INGA CL,Consumidor Livre,SUL,24.0,5.529358
202403.0,2024-03-08,32183.0,PEDREIRA INGA CL,Consumidor Livre,SUL,24.0,5.529358
,2024-03-08,,PEDREIRA INGA CL,,,24.0,5.529358
202403.0,2024-03-09,32183.0,PEDREIRA INGA CL,Consumidor Livre,SUL,24.0,0.837611
202403.0,2024-03-09,32183.0,PEDREIRA INGA CL,Consumidor Livre,SUL,24.0,0.837611
,2024-03-09,,PEDREIRA INGA CL,,,24.0,0.837611
202403.0,2024-03-10,32183.0,PEDREIRA INGA CL,Consumidor Livre,SUL,24.0,0.823048
202403.0,2024-03-10,32183.0,PEDREIRA INGA CL,Consumidor Livre,SUL,24.0,0.823048
,2024-03-10,,PEDREIRA INGA CL,,,24.0,0.823048
202403.0,2024-03-11,32183.0,PEDREIRA INGA CL,Consumidor Livre,SUL,24.0,5.960885
202403.0,2024-03-11,32183.0,PEDREIRA INGA CL,Consumidor Livre,SUL,24.0,5.960885
,2024-03-11,,PEDREIRA INGA CL,,,24.0,5.960885
202403.0,2024-03-12,32183.0,PEDREIRA INGA CL,Consumidor Livre,SUL,24.0,7.251078
202403.0,2024-03-12,32183.0,PEDREIRA INGA CL,Consumidor Livre,SUL,24.0,7.251078
,2024-03-12,,PEDREIRA INGA CL,,,24.0,7.251078
202403.0,2024-03-13,32183.0,PEDREIRA INGA CL,Consumidor Livre,SUL,24.0,4.256883
202403.0,2024-03-13,32183.0,PEDREIRA INGA CL,Consumidor Livre,SUL,24.0,4.256883
,2024-03-13,,PEDREIRA INGA CL,,,24.0,4.256883
202403.0,2024-03-14,32183.0,PEDREIRA INGA CL,Consumidor Livre,SUL,24.0,1.724048
202403.0,2024-03-14,32183.0,PEDREIRA INGA CL,Consumidor Livre,SUL,24.0,1.724048
,2024-03-14,,PEDREIRA INGA CL,,,24.0,1.724048
202403.0,2024-03-15,32183.0,PEDREIRA INGA CL,Consumidor Livre,SUL,24.0,4.977537
202403.0,2024-03-15,32183.0,PEDREIRA INGA CL,Consumidor Livre,SUL,24.0,4.977537
,2024-03-15,,PEDREIRA INGA CL,,,24.0,4.977537
202403.0,2024-03-16,32183.0,PEDREIRA INGA CL,Consumidor Livre,SUL,24.0,0.89058
202403.0,2024-03-16,32183.0,PEDREIRA INGA CL,Consumidor Livre,SUL,24.0,0.89058
,2024-03-16,,PEDREIRA INGA CL,,,24.0,0.89058
202403.0,2024-03-17,32183.0,PEDREIRA INGA CL,Consumidor Livre,SUL,24.0,0.849538
202403.0,2024-03-17,32183.0,PEDREIRA INGA CL,Consumidor Livre,SUL,24.0,0.849538
,2024-03-17,,PEDREIRA INGA CL,,,24.0,0.849538
202403.0,2024-03-18,32183.0,PEDREIRA INGA CL,Consumidor Livre,SUL,24.0,5.460506
202403.0,2024-03-18,32183.0,PEDREIRA INGA CL,Consumidor Livre,SUL,24.0,5.460506
,2024-03-18,,PEDREIRA INGA CL,,,24.0,5.460506
202403.0,2024-03-19,32183.0,PEDREIRA INGA CL,Consumidor Livre,SUL,24.0,4.825346
202403.0,2024-03-19,32183.0,PEDREIRA INGA CL,Consumidor Livre,SUL,24.0,4.825346
,2024-03-19,,PEDREIRA INGA CL,,,24.0,4.825346
202403.0,2024-03-20,32183.0,PEDREIRA INGA CL,Consumidor Livre,SUL,24.0,5.322929
202403.0,2024-03-20,32183.0,PEDREIRA INGA CL,Consumidor Livre,SUL,24.0,5.322929
,2024-03-20,,PEDREIRA INGA CL,,,24.0,5.322929
202403.0,2024-03-21,32183.0,PEDREIRA INGA CL,Consumidor Livre,SUL,24.0,5.609807
202403.0,2024-03-21,32183.0,PEDREIRA INGA CL,Consumidor Livre,SUL,24.0,5.609807
,2024-03-21,,PEDREIRA INGA CL,,,24.0,5.609807
202403.0,2024-03-22,32183.0,PEDREIRA INGA CL,Consumidor Livre,SUL,24.0,5.439513
202403.0,2024-03-22,32183.0,PEDREIRA INGA CL,Consumidor Livre,SUL,24.0,5.439513
,2024-03-22,,PEDREIRA INGA CL,,,24.0,5.439513
202403.0,2024-03-23,32183.0,PEDREIRA INGA CL,Consumidor Livre,SUL,24.0,0.603029
202403.0,2024-03-23,32183.0,PEDREIRA INGA CL,Consumidor Livre,SUL,24.0,0.603029
,2024-03-23,,PEDREIRA INGA CL,,,24.0,0.603029
202403.0,2024-03-24,32183.0,PEDREIRA INGA CL,Consumidor Livre,SUL,24.0,0.294064
202403.0,2024-03-24,32183.0,PEDREIRA INGA CL,Consumidor Livre,SUL,24.0,0.294064
,2024-03-24,,PEDREIRA INGA CL,,,24.0,0.294064
202403.0,2024-03-25,32183.0,PEDREIRA INGA CL,Consumidor Livre,SUL,24.0,1.080815
202403.0,2024-03-25,32183.0,PEDREIRA INGA CL,Consumidor Livre,SUL,24.0,1.080815
,2024-03-25,,PEDREIRA INGA CL,,,24.0,1.080815
202403.0,2024-03-26,32183.0,PEDREIRA INGA CL,Consumidor Livre,SUL,24.0,8.280773
202403.0,2024-03-26,32183.0,PEDREIRA INGA CL,Consumidor Livre,SUL,24.0,8.280773
,2024-03-26,,PEDREIRA INGA CL,,,24.0,8.280773
202403.0,2024-03-27,32183.0,PEDREIRA INGA CL,Consumidor Livre,SUL,24.0,7.362708
202403.0,2024-03-27,32183.0,PEDREIRA INGA CL,Consumidor Livre,SUL,24.0,7.362708
,2024-03-27,,PEDREIRA INGA CL,,,24.0,7.362708
202403.0,2024-03-28,32183.0,PEDREIRA INGA CL,Consumidor Livre,SUL,24.0,8.43136
202403.0,2024-03-28,32183.0,PEDREIRA INGA CL,Consumidor Livre,SUL,24.0,8.43136
,2024-03-28,,PEDREIRA INGA CL,,,24.0,8.43136
202403.0,2024-03-29,32183.0,PEDREIRA INGA CL,Consumidor Livre,SUL,24.0,0.32544
202403.0,2024-03-29,32183.0,PEDREIRA INGA CL,Consumidor Livre,SUL,24.0,0.32544
,2024-03-29,,PEDREIRA INGA CL,,,24.0,0.32544
202403.0,2024-03-30,32183.0,PEDREIRA INGA CL,Consumidor Livre,SUL,24.0,0.314346
202403.0,2024-03-30,32183.0,PEDREIRA INGA CL,Consumidor Livre,SUL,24.0,0.314346
,2024-03-30,,PEDREIRA INGA CL,,,24.0,0.314346
202403.0,2024-03-31,32183.0,PEDREIRA INGA CL,Consumidor Livre,SUL,24.0,0.312991
202403.0,2024-03-31,32183.0,PEDREIRA INGA CL,Consumidor Livre,SUL,24.0,0.312991
,2024-03-31,,PEDREIRA INGA CL,,,24.0,0.312991
202404.0,2024-04-01,32183.0,PEDREIRA INGA CL,Consumidor Livre,SUL,24.0,7.57304
202404.0,2024-04-01,32183.0,PEDREIRA INGA CL,Consumidor Livre,SUL,24.0,7.57304
,2024-04-01,,PEDREIRA INGA CL,,,24.0,7.57304
202404.0,2024-04-02,32183.0,PEDREIRA INGA CL,Consumidor Livre,SUL,24.0,6.291305
202404.0,2024-04-02,32183.0,PEDREIRA INGA CL,Consumidor Livre,SUL,24.0,6.291305
,2024-04-02,,PEDREIRA INGA CL,,,24.0,6.291305
202404.0,2024-04-03,32183.0,PEDREIRA INGA CL,Consumidor Livre,SUL,24.0,7.959029
202404.0,2024-04-03,32183.0,PEDREIRA INGA CL,Consumidor Livre,SUL,24.0,7.959029
,2024-04-03,,PEDREIRA INGA CL,,,24.0,7.959029
202404.0,2024-04-04,32183.0,PEDREIRA INGA CL,Consumidor Livre,SUL,24.0,7.115864999999999
202404.0,2024-04-04,32183.0,PEDREIRA INGA CL,Consumidor Livre,SUL,24.0,7.115864999999999
,2024-04-04,,PEDREIRA INGA CL,,,24.0,7.115864999999999
202404.0,2024-04-05,32183.0,PEDREIRA INGA CL,Consumidor Livre,SUL,24.0,4.668464
202404.0,2024-04-05,32183.0,PEDREIRA INGA CL,Consumidor Livre,SUL,24.0,4.668464
,2024-04-05,,PEDREIRA INGA CL,,,24.0,4.668464
202404.0,2024-04-06,32183.0,PEDREIRA INGA CL,Consumidor Livre,SUL,24.0,0.635786
202404.0,2024-04-06,32183.0,PEDREIRA INGA CL,Consumidor Livre,SUL,24.0,0.635786
,2024-04-06,,PEDREIRA INGA CL,,,24.0,0.635786
202404.0,2024-04-07,32183.0,PEDREIRA INGA CL,Consumidor Livre,SUL,24.0,0.191403
202404.0,2024-04-07,32183.0,PEDREIRA INGA CL,Consumidor Livre,SUL,24.0,0.191403
,2024-04-07,,PEDREIRA INGA CL,,,24.0,0.191403
202404.0,2024-04-08,32183.0,PEDREIRA INGA CL,Consumidor Livre,SUL,24.0,5.094557
202404.0,2024-04-08,32183.0,PEDREIRA INGA CL,Consumidor Livre,SUL,24.0,5.094557
,2024-04-08,,PEDREIRA INGA CL,,,24.0,5.094557
202404.0,2024-04-09,32183.0,PEDREIRA INGA CL,Consumidor Livre,SUL,24.0,5.680601
202404.0,2024-04-09,32183.0,PEDREIRA INGA CL,Consumidor Livre,SUL,24.0,5.680601
,2024-04-09,,PEDREIRA INGA CL,,,24.0,5.680601
202404.0,2024-04-10,32183.0,PEDREIRA INGA CL,Consumidor Livre,SUL,24.0,6.229686
202404.0,2024-04-10,32183.0,PEDREIRA INGA CL,Consumidor Livre,SUL,24.0,6.229686
,2024-04-10,,PEDREIRA INGA CL,,,24.0,6.229686
202404.0,2024-04-11,32183.0,PEDREIRA INGA CL,Consumidor Livre,SUL,24.0,8.939251
202404.0,2024-04-11,32183.0,PEDREIRA INGA CL,Consumidor Livre,SUL,24.0,8.939251
,2024-04-11,,PEDREIRA INGA CL,,,24.0,8.939251
202404.0,2024-04-12,32183.0,PEDREIRA INGA CL,Consumidor Livre,SUL,24.0,6.904884
202404.0,2024-04-12,32183.0,PEDREIRA INGA CL,Consumidor Livre,SUL,24.0,6.904884
,2024-04-12,,PEDREIRA INGA CL,,,24.0,6.904884
202404.0,2024-04-13,32183.0,PEDREIRA INGA CL,Consumidor Livre,SUL,24.0,0.592575
202404.0,2024-04-13,32183.0,PEDREIRA INGA CL,Consumidor Livre,SUL,24.0,0.592575
,2024-04-13,,PEDREIRA INGA CL,,,24.0,0.592575
202404.0,2024-04-14,32183.0,PEDREIRA INGA CL,Consumidor Livre,SUL,24.0,0.457054
202404.0,2024-04-14,32183.0,PEDREIRA INGA CL,Consumidor Livre,SUL,24.0,0.457054
,2024-04-14,,PEDREIRA INGA CL,,,24.0,0.457054
202404.0,2024-04-15,32183.0,PEDREIRA INGA CL,Consumidor Livre,SUL,24.0,7.291636
202404.0,2024-04-15,32183.0,PEDREIRA INGA CL,Consumidor Livre,SUL,24.0,7.291636
,2024-04-15,,PEDREIRA INGA CL,,,24.0,7.291636
202404.0,2024-04-16,32183.0,PEDREIRA INGA CL,Consumidor Livre,SUL,24.0,5.95452
202404.0,2024-04-16,32183.0,PEDREIRA INGA CL,Consumidor Livre,SUL,24.0,5.95452
,2024-04-16,,PEDREIRA INGA CL,,,24.0,5.95452
202404.0,2024-04-17,32183.0,PEDREIRA INGA CL,Consumidor Livre,SUL,24.0,7.100167
202404.0,2024-04-17,32183.0,PEDREIRA INGA CL,Consumidor Livre,SUL,24.0,7.100167
,2024-04-17,,PEDREIRA INGA CL,,,24.0,7.100167
202404.0,2024-04-18,32183.0,PEDREIRA INGA CL,Consumidor Livre,SUL,24.0,4.910017
202404.0,2024-04-18,32183.0,PEDREIRA INGA CL,Consumidor Livre,SUL,24.0,4.910017
,2024-04-18,,PEDREIRA INGA CL,,,24.0,4.910017
202404.0,2024-04-19,32183.0,PEDREIRA INGA CL,Consumidor Livre,SUL,24.0,7.456573
202404.0,2024-04-19,32183.0,PEDREIRA INGA CL,Consumidor Livre,SUL,24.0,7.456573
,2024-04-19,,PEDREIRA INGA CL,,,24.0,7.456573
202404.0,2024-04-20,32183.0,PEDREIRA INGA CL,Consumidor Livre,SUL,24.0,0.536116
202404.0,2024-04-20,32183.0,PEDREIRA INGA CL,Consumidor Livre,SUL,24.0,0.536116
,2024-04-20,,PEDREIRA INGA CL,,,24.0,0.536116
202404.0,2024-04-21,32183.0,PEDREIRA INGA CL,Consumidor Livre,SUL,24.0,0.285242
202404.0,2024-04-21,32183.0,PEDREIRA INGA CL,Consumidor Livre,SUL,24.0,0.285242
,2024-04-21,,PEDREIRA INGA CL,,,24.0,0.285242
202404.0,2024-04-22,32183.0,PEDREIRA INGA CL,Consumidor Livre,SUL,24.0,8.495439
202404.0,2024-04-22,32183.0,PEDREIRA INGA CL,Consumidor Livre,SUL,24.0,8.495439
,2024-04-22,,PEDREIRA INGA CL,,,24.0,8.495439
202404.0,2024-04-23,32183.0,PEDREIRA INGA CL,Consumidor Livre,SUL,24.0,7.617291
202404.0,2024-04-23,32183.0,PEDREIRA INGA CL,Consumidor Livre,SUL,24.0,7.617291
,2024-04-23,,PEDREIRA INGA CL,,,24.0,7.617291
202404.0,2024-04-24,32183.0,PEDREIRA INGA CL,Consumidor Livre,SUL,24.0,1.146874
202404.0,2024-04-24,32183.0,PEDREIRA INGA CL,Consumidor Livre,SUL,24.0,1.146874
,2024-04-24,,PEDREIRA INGA CL,,,24.0,1.146874
202404.0,2024-04-25,32183.0,PEDREIRA INGA CL,Consumidor Livre,SUL,24.0,6.758769
202404.0,2024-04-25,32183.0,PEDREIRA INGA CL,Consumidor Livre,SUL,24.0,6.758769
,2024-04-25,,PEDREIRA INGA CL,,,24.0,6.758769
202404.0,2024-04-26,32183.0,PEDREIRA INGA CL,Consumidor Livre,SUL,24.0,7.981278
202404.0,2024-04-26,32183.0,PEDREIRA INGA CL,Consumidor Livre,SUL,24.0,7.981278
,2024-04-26,,PEDREIRA INGA CL,,,24.0,7.981278
202404.0,2024-04-27,32183.0,PEDREIRA INGA CL,Consumidor Livre,SUL,24.0,7.21816
202404.0,2024-04-27,32183.0,PEDREIRA INGA CL,Consumidor Livre,SUL,24.0,7.21816
,2024-04-27,,PEDREIRA INGA CL,,,24.0,7.21816
202404.0,2024-04-28,32183.0,PEDREIRA INGA CL,Consumidor Livre,SUL,24.0,0.566311
202404.0,2024-04-28,32183.0,PEDREIRA INGA CL,Consumidor Livre,SUL,24.0,0.566311
,2024-04-28,,PEDREIRA INGA CL,,,24.0,0.566311
202404.0,2024-04-29,32183.0,PEDREIRA INGA CL,Consumidor Livre,SUL,24.0,7.107996
202404.0,2024-04-29,32183.0,PEDREIRA INGA CL,Consumidor Livre,SUL,24.0,7.107996
,2024-04-29,,PEDREIRA INGA CL,,,24.0,7.107996
202404.0,2024-04-30,32183.0,PEDREIRA INGA CL,Consumidor Livre,SUL,24.0,8.868195
202404.0,2024-04-30,32183.0,PEDREIRA INGA CL,Consumidor Livre,SUL,24.0,8.868195
,2024-04-30,,PEDREIRA INGA CL,,,24.0,8.868195
202405.0,2024-05-01,32183.0,PEDREIRA INGA CL,Consumidor Livre,SUL,24.0,0.757517
202405.0,2024-05-01,32183.0,PEDREIRA INGA CL,Consumidor Livre,SUL,24.0,0.757517
,2024-05-01,,PEDREIRA INGA CL,,,24.0,0.757517
202405.0,2024-05-02,32183.0,PEDREIRA INGA CL,Consumidor Livre,SUL,24.0,9.43856
202405.0,2024-05-02,32183.0,PEDREIRA INGA CL,Consumidor Livre,SUL,24.0,9.43856
,2024-05-02,,PEDREIRA INGA CL,,,24.0,9.43856
202405.0,2024-05-03,32183.0,PEDREIRA INGA CL,Consumidor Livre,SUL,24.0,9.081721
202405.0,2024-05-03,32183.0,PEDREIRA INGA CL,Consumidor Livre,SUL,24.0,9.081721
,2024-05-03,,PEDREIRA INGA CL,,,24.0,9.081721
202405.0,2024-05-04,32183.0,PEDREIRA INGA CL,Consumidor Livre,SUL,24.0,6.611987
202405.0,2024-05-04,32183.0,PEDREIRA INGA CL,Consumidor Livre,SUL,24.0,6.611987
,2024-05-04,,PEDREIRA INGA CL,,,24.0,6.611987
202405.0,2024-05-05,32183.0,PEDREIRA INGA CL,Consumidor Livre,SUL,24.0,0.421879
202405.0,2024-05-05,32183.0,PEDREIRA INGA CL,Consumidor Livre,SUL,24.0,0.421879
,2024-05-05,,PEDREIRA INGA CL,,,24.0,0.421879
202405.0,2024-05-06,32183.0,PEDREIRA INGA CL,Consumidor Livre,SUL,24.0,4.13722
202405.0,2024-05-06,32183.0,PEDREIRA INGA CL,Consumidor Livre,SUL,24.0,4.13722
,2024-05-06,,PEDREIRA INGA CL,,,24.0,4.13722
202405.0,2024-05-07,32183.0,PEDREIRA INGA CL,Consumidor Livre,SUL,24.0,8.340338
202405.0,2024-05-07,32183.0,PEDREIRA INGA CL,Consumidor Livre,SUL,24.0,8.340338
,2024-05-07,,PEDREIRA INGA CL,,,24.0,8.340338
202405.0,2024-05-08,32183.0,PEDREIRA INGA CL,Consumidor Livre,SUL,24.0,9.429756
202405.0,2024-05-08,32183.0,PEDREIRA INGA CL,Consumidor Livre,SUL,24.0,9.429756
,2024-05-08,,PEDREIRA INGA CL,,,24.0,9.429756
202405.0,2024-05-09,32183.0,PEDREIRA INGA CL,Consumidor Livre,SUL,24.0,9.85885
202405.0,2024-05-09,32183.0,PEDREIRA INGA CL,Consumidor Livre,SUL,24.0,9.85885
,2024-05-09,,PEDREIRA INGA CL,,,24.0,9.85885
202405.0,2024-05-10,32183.0,PEDREIRA INGA CL,Consumidor Livre,SUL,24.0,8.830099
202405.0,2024-05-10,32183.0,PEDREIRA INGA CL,Consumidor Livre,SUL,24.0,8.830099
,2024-05-10,,PEDREIRA INGA CL,,,24.0,8.830099
202405.0,2024-05-11,32183.0,PEDREIRA INGA CL,Consumidor Livre,SUL,24.0,6.874627
202405.0,2024-05-11,32183.0,PEDREIRA INGA CL,Consumidor Livre,SUL,24.0,6.874627
,2024-05-11,,PEDREIRA INGA CL,,,24.0,6.874627
202405.0,2024-05-12,32183.0,PEDREIRA INGA CL,Consumidor Livre,SUL,24.0,0.780182
202405.0,2024-05-12,32183.0,PEDREIRA INGA CL,Consumidor Livre,SUL,24.0,0.780182
,2024-05-12,,PEDREIRA INGA CL,,,24.0,0.780182
202405.0,2024-05-13,32183.0,PEDREIRA INGA CL,Consumidor Livre,SUL,24.0,4.002584
202405.0,2024-05-13,32183.0,PEDREIRA INGA CL,Consumidor Livre,SUL,24.0,4.002584
,2024-05-13,,PEDREIRA INGA CL,,,24.0,4.002584
202405.0,2024-05-14,32183.0,PEDREIRA INGA CL,Consumidor Livre,SUL,24.0,10.222482
202405.0,2024-05-14,32183.0,PEDREIRA INGA CL,Consumidor Livre,SUL,24.0,10.222482
,2024-05-14,,PEDREIRA INGA CL,,,24.0,10.222482
202405.0,2024-05-15,32183.0,PEDREIRA INGA CL,Consumidor Livre,SUL,24.0,9.153469
202405.0,2024-05-15,32183.0,PEDREIRA INGA CL,Consumidor Livre,SUL,24.0,9.153469
,2024-05-15,,PEDREIRA INGA CL,,,24.0,9.153469
202405.0,2024-05-16,32183.0,PEDREIRA INGA CL,Consumidor Livre,SUL,24.0,8.532261
202405.0,2024-05-16,32183.0,PEDREIRA INGA CL,Consumidor Livre,SUL,24.0,8.532261
,2024-05-16,,PEDREIRA INGA CL,,,24.0,8.532261
202405.0,2024-05-17,32183.0,PEDREIRA INGA CL,Consumidor Livre,SUL,24.0,6.303233
202405.0,2024-05-17,32183.0,PEDREIRA INGA CL,Consumidor Livre,SUL,24.0,6.303233
,2024-05-17,,PEDREIRA INGA CL,,,24.0,6.303233
202405.0,2024-05-18,32183.0,PEDREIRA INGA CL,Consumidor Livre,SUL,24.0,5.709816
202405.0,2024-05-18,32183.0,PEDREIRA INGA CL,Consumidor Livre,SUL,24.0,5.709816
,2024-05-18,,PEDREIRA INGA CL,,,24.0,5.709816
202405.0,2024-05-19,32183.0,PEDREIRA INGA CL,Consumidor Livre,SUL,24.0,0.376815
202405.0,2024-05-19,32183.0,PEDREIRA INGA CL,Consumidor Livre,SUL,24.0,0.376815
,2024-05-19,,PEDREIRA INGA CL,,,24.0,0.376815
202405.0,2024-05-20,32183.0,PEDREIRA INGA CL,Consumidor Livre,SUL,24.0,5.237364
202405.0,2024-05-20,32183.0,PEDREIRA INGA CL,Consumidor Livre,SUL,24.0,5.237364
,2024-05-20,,PEDREIRA INGA CL,,,24.0,5.237364
202405.0,2024-05-21,32183.0,PEDREIRA INGA CL,Consumidor Livre,SUL,24.0,10.033473
202405.0,2024-05-21,32183.0,PEDREIRA INGA CL,Consumidor Livre,SUL,24.0,10.033473
,2024-05-21,,PEDREIRA INGA CL,,,24.0,10.033473
202405.0,2024-05-22,32183.0,PEDREIRA INGA CL,Consumidor Livre,SUL,24.0,9.44021
202405.0,2024-05-22,32183.0,PEDREIRA INGA CL,Consumidor Livre,SUL,24.0,9.44021
,2024-05-22,,PEDREIRA INGA CL,,,24.0,9.44021
202405.0,2024-05-23,32183.0,PEDREIRA INGA CL,Consumidor Livre,SUL,24.0,8.937331
202405.0,2024-05-23,32183.0,PEDREIRA INGA CL,Consumidor Livre,SUL,24.0,8.937331
,2024-05-23,,PEDREIRA INGA CL,,,24.0,8.937331
202405.0,2024-05-24,32183.0,PEDREIRA INGA CL,Consumidor Livre,SUL,24.0,4.735049
202405.0,2024-05-24,32183.0,PEDREIRA INGA CL,Consumidor Livre,SUL,24.0,4.735049
,2024-05-24,,PEDREIRA INGA CL,,,24.0,4.735049
202405.0,2024-05-25,32183.0,PEDREIRA INGA CL,Consumidor Livre,SUL,24.0,0.781525
202405.0,2024-05-25,32183.0,PEDREIRA INGA CL,Consumidor Livre,SUL,24.0,0.781525
,2024-05-25,,PEDREIRA INGA CL,,,24.0,0.781525
202405.0,2024-05-26,32183.0,PEDREIRA INGA CL,Consumidor Livre,SUL,24.0,0.764889
202405.0,2024-05-26,32183.0,PEDREIRA INGA CL,Consumidor Livre,SUL,24.0,0.764889
,2024-05-26,,PEDREIRA INGA CL,,,24.0,0.764889
202405.0,2024-05-27,32183.0,PEDREIRA INGA CL,Consumidor Livre,SUL,24.0,0.97182
202405.0,2024-05-27,32183.0,PEDREIRA INGA CL,Consumidor Livre,SUL,24.0,0.97182
,2024-05-27,,PEDREIRA INGA CL,,,24.0,0.97182
202405.0,2024-05-28,32183.0,PEDREIRA INGA CL,Consumidor Livre,SUL,24.0,6.668367
202405.0,2024-05-28,32183.0,PEDREIRA INGA CL,Consumidor Livre,SUL,24.0,6.668367
,2024-05-28,,PEDREIRA INGA CL,,,24.0,6.668367
202405.0,2024-05-29,32183.0,PEDREIRA INGA CL,Consumidor Livre,SUL,24.0,3.226757
202405.0,2024-05-29,32183.0,PEDREIRA INGA CL,Consumidor Livre,SUL,24.0,3.226757
,2024-05-29,,PEDREIRA INGA CL,,,24.0,3.226757
202405.0,2024-05-30,32183.0,PEDREIRA INGA CL,Consumidor Livre,SUL,24.0,0.799613
202405.0,2024-05-30,32183.0,PEDREIRA INGA CL,Consumidor Livre,SUL,24.0,0.799613
,2024-05-30,,PEDREIRA INGA CL,,,24.0,0.799613
202405.0,2024-05-31,32183.0,PEDREIRA INGA CL,Consumidor Livre,SUL,24.0,6.128363
202405.0,2024-05-31,32183.0,PEDREIRA INGA CL,Consumidor Livre,SUL,24.0,6.128363
,2024-05-31,,PEDREIRA INGA CL,,,24.0,6.128363
202406.0,2024-06-01,32183.0,PEDREIRA INGA CL,Consumidor Livre,SUL,24.0,0.7861130000000001
202406.0,2024-06-01,32183.0,PEDREIRA INGA CL,Consumidor Livre,SUL,24.0,0.7861130000000001
,2024-06-01,,PEDREIRA INGA CL,,,24.0,0.7861130000000001
202406.0,2024-06-02,32183.0,PEDREIRA INGA CL,Consumidor Livre,SUL,24.0,0.777189
202406.0,2024-06-02,32183.0,PEDREIRA INGA CL,Consumidor Livre,SUL,24.0,0.777189
,2024-06-02,,PEDREIRA INGA CL,,,24.0,0.777189
202406.0,2024-06-03,32183.0,PEDREIRA INGA CL,Consumidor Livre,SUL,24.0,9.79873
202406.0,2024-06-03,32183.0,PEDREIRA INGA CL,Consumidor Livre,SUL,24.0,9.79873
,2024-06-03,,PEDREIRA INGA CL,,,24.0,9.79873
202406.0,2024-06-04,32183.0,PEDREIRA INGA CL,Consumidor Livre,SUL,24.0,7.527477
202406.0,2024-06-04,32183.0,PEDREIRA INGA CL,Consumidor Livre,SUL,24.0,7.527477
,2024-06-04,,PEDREIRA INGA CL,,,24.0,7.527477
202406.0,2024-06-05,32183.0,PEDREIRA INGA CL,Consumidor Livre,SUL,24.0,8.934251
202406.0,2024-06-05,32183.0,PEDREIRA INGA CL,Consumidor Livre,SUL,24.0,8.934251
,2024-06-05,,PEDREIRA INGA CL,,,24.0,8.934251
202406.0,2024-06-06,32183.0,PEDREIRA INGA CL,Consumidor Livre,SUL,24.0,9.509204
202406.0,2024-06-06,32183.0,PEDREIRA INGA CL,Consumidor Livre,SUL,24.0,9.509204
,2024-06-06,,PEDREIRA INGA CL,,,24.0,9.509204
202406.0,2024-06-07,32183.0,PEDREIRA INGA CL,Consumidor Livre,SUL,24.0,4.957059
202406.0,2024-06-07,32183.0,PEDREIRA INGA CL,Consumidor Livre,SUL,24.0,4.957059
,2024-06-07,,PEDREIRA INGA CL,,,24.0,4.957059
202406.0,2024-06-08,32183.0,PEDREIRA INGA CL,Consumidor Livre,SUL,24.0,0.791465
202406.0,2024-06-08,32183.0,PEDREIRA INGA CL,Consumidor Livre,SUL,24.0,0.791465
,2024-06-08,,PEDREIRA INGA CL,,,24.0,0.791465
202406.0,2024-06-09,32183.0,PEDREIRA INGA CL,Consumidor Livre,SUL,24.0,0.761413
202406.0,2024-06-09,32183.0,PEDREIRA INGA CL,Consumidor Livre,SUL,24.0,0.761413
,2024-06-09,,PEDREIRA INGA CL,,,24.0,0.761413
202406.0,2024-06-10,32183.0,PEDREIRA INGA CL,Consumidor Livre,SUL,24.0,8.858255
202406.0,2024-06-10,32183.0,PEDREIRA INGA CL,Consumidor Livre,SUL,24.0,8.858255
,2024-06-10,,PEDREIRA INGA CL,,,24.0,8.858255
202406.0,2024-06-11,32183.0,PEDREIRA INGA CL,Consumidor Livre,SUL,24.0,8.621991
202406.0,2024-06-11,32183.0,PEDREIRA INGA CL,Consumidor Livre,SUL,24.0,8.621991
,2024-06-11,,PEDREIRA INGA CL,,,24.0,8.621991
202406.0,2024-06-12,32183.0,PEDREIRA INGA CL,Consumidor Livre,SUL,24.0,8.362659
202406.0,2024-06-12,32183.0,PEDREIRA INGA CL,Consumidor Livre,SUL,24.0,8.362659
,2024-06-12,,PEDREIRA INGA CL,,,24.0,8.362659
202406.0,2024-06-13,32183.0,PEDREIRA INGA CL,Consumidor Livre,SUL,24.0,4.758489
202406.0,2024-06-13,32183.0,PEDREIRA INGA CL,Consumidor Livre,SUL,24.0,4.758489
,2024-06-13,,PEDREIRA INGA CL,,,24.0,4.758489
202406.0,2024-06-14,32183.0,PEDREIRA INGA CL,Consumidor Livre,SUL,24.0,6.458554
202406.0,2024-06-14,32183.0,PEDREIRA INGA CL,Consumidor Livre,SUL,24.0,6.458554
,2024-06-14,,PEDREIRA INGA CL,,,24.0,6.458554
202406.0,2024-06-15,32183.0,PEDREIRA INGA CL,Consumidor Livre,SUL,24.0,0.421113
202406.0,2024-06-15,32183.0,PEDREIRA INGA CL,Consumidor Livre,SUL,24.0,0.421113
,2024-06-15,,PEDREIRA INGA CL,,,24.0,0.421113
202406.0,2024-06-16,32183.0,PEDREIRA INGA CL,Consumidor Livre,SUL,24.0,0.453222
202406.0,2024-06-16,32183.0,PEDREIRA INGA CL,Consumidor Livre,SUL,24.0,0.453222
,2024-06-16,,PEDREIRA INGA CL,,,24.0,0.453222
202406.0,2024-06-17,32183.0,PEDREIRA INGA CL,Consumidor Livre,SUL,24.0,4.959156
202406.0,2024-06-17,32183.0,PEDREIRA INGA CL,Consumidor Livre,SUL,24.0,4.959156
,2024-06-17,,PEDREIRA INGA CL,,,24.0,4.959156
202406.0,2024-06-18,32183.0,PEDREIRA INGA CL,Consumidor Livre,SUL,24.0,8.300276
202406.0,2024-06-18,32183.0,PEDREIRA INGA CL,Consumidor Livre,SUL,24.0,8.300276
,2024-06-18,,PEDREIRA INGA CL,,,24.0,8.300276
202406.0,2024-06-19,32183.0,PEDREIRA INGA CL,Consumidor Livre,SUL,24.0,7.563495
202406.0,2024-06-19,32183.0,PEDREIRA INGA CL,Consumidor Livre,SUL,24.0,7.563495
,2024-06-19,,PEDREIRA INGA CL,,,24.0,7.563495
202406.0,2024-06-20,32183.0,PEDREIRA INGA CL,Consumidor Livre,SUL,24.0,9.591596
202406.0,2024-06-20,32183.0,PEDREIRA INGA CL,Consumidor Livre,SUL,24.0,9.591596
,2024-06-20,,PEDREIRA INGA CL,,,24.0,9.591596
202406.0,2024-06-21,32183.0,PEDREIRA INGA CL,Consumidor Livre,SUL,24.0,6.493556
202406.0,2024-06-21,32183.0,PEDREIRA INGA CL,Consumidor Livre,SUL,24.0,6.493556
,2024-06-21,,PEDREIRA INGA CL,,,24.0,6.493556
202406.0,2024-06-22,32183.0,PEDREIRA INGA CL,Consumidor Livre,SUL,24.0,0.656178
202406.0,2024-06-22,32183.0,PEDREIRA INGA CL,Consumidor Livre,SUL,24.0,0.656178
,2024-06-22,,PEDREIRA INGA CL,,,24.0,0.656178
202406.0,2024-06-23,32183.0,PEDREIRA INGA CL,Consumidor Livre,SUL,24.0,0.309237
202406.0,2024-06-23,32183.0,PEDREIRA INGA CL,Consumidor Livre,SUL,24.0,0.309237
,2024-06-23,,PEDREIRA INGA CL,,,24.0,0.309237
202406.0,2024-06-24,32183.0,PEDREIRA INGA CL,Consumidor Livre,SUL,24.0,9.288088
202406.0,2024-06-24,32183.0,PEDREIRA INGA CL,Consumidor Livre,SUL,24.0,9.288088
,2024-06-24,,PEDREIRA INGA CL,,,24.0,9.288088
202406.0,2024-06-25,32183.0,PEDREIRA INGA CL,Consumidor Livre,SUL,24.0,6.037062
202406.0,2024-06-25,32183.0,PEDREIRA INGA CL,Consumidor Livre,SUL,24.0,6.037062
,2024-06-25,,PEDREIRA INGA CL,,,24.0,6.037062
202406.0,2024-06-26,32183.0,PEDREIRA INGA CL,Consumidor Livre,SUL,24.0,7.183712
202406.0,2024-06-26,32183.0,PEDREIRA INGA CL,Consumidor Livre,SUL,24.0,7.183712
,2024-06-26,,PEDREIRA INGA CL,,,24.0,7.183712
202406.0,2024-06-27,32183.0,PEDREIRA INGA CL,Consumidor Livre,SUL,24.0,7.740874
202406.0,2024-06-27,32183.0,PEDREIRA INGA CL,Consumidor Livre,SUL,24.0,7.740874
,2024-06-27,,PEDREIRA INGA CL,,,24.0,7.740874
202406.0,2024-06-28,32183.0,PEDREIRA INGA CL,Consumidor Livre,SUL,24.0,4.598418
202406.0,2024-06-28,32183.0,PEDREIRA INGA CL,Consumidor Livre,SUL,24.0,4.598418
,2024-06-28,,PEDREIRA INGA CL,,,24.0,4.598418
202406.0,2024-06-29,32183.0,PEDREIRA INGA CL,Consumidor Livre,SUL,24.0,0.782234
202406.0,2024-06-29,32183.0,PEDREIRA INGA CL,Consumidor Livre,SUL,24.0,0.782234
,2024-06-29,,PEDREIRA INGA CL,,,24.0,0.782234
202406.0,2024-06-30,32183.0,PEDREIRA INGA CL,Consumidor Livre,SUL,24.0,0.728142
202406.0,2024-06-30,32183.0,PEDREIRA INGA CL,Consumidor Livre,SUL,24.0,0.728142
,2024-06-30,,PEDREIRA INGA CL,,,24.0,0.728142
202407.0,2024-07-01,32183.0,PEDREIRA INGA CL,Consumidor Livre,SUL,24.0,5.726426
202407.0,2024-07-01,32183.0,PEDREIRA INGA CL,Consumidor Livre,SUL,24.0,5.726426
,2024-07-01,,PEDREIRA INGA CL,,,24.0,5.726426
202407.0,2024-07-02,32183.0,PEDREIRA INGA CL,Consumidor Livre,SUL,24.0,5.670004
202407.0,2024-07-02,32183.0,PEDREIRA INGA CL,Consumidor Livre,SUL,24.0,5.670004
,2024-07-02,,PEDREIRA INGA CL,,,24.0,5.670004
202407.0,2024-07-03,32183.0,PEDREIRA INGA CL,Consumidor Livre,SUL,24.0,7.198445
202407.0,2024-07-03,32183.0,PEDREIRA INGA CL,Consumidor Livre,SUL,24.0,7.198445
,2024-07-03,,PEDREIRA INGA CL,,,24.0,7.198445
202407.0,2024-07-04,32183.0,PEDREIRA INGA CL,Consumidor Livre,SUL,24.0,7.036361
202407.0,2024-07-04,32183.0,PEDREIRA INGA CL,Consumidor Livre,SUL,24.0,7.036361
,2024-07-04,,PEDREIRA INGA CL,,,24.0,7.036361
202407.0,2024-07-05,32183.0,PEDREIRA INGA CL,Consumidor Livre,SUL,24.0,6.477156
202407.0,2024-07-05,32183.0,PEDREIRA INGA CL,Consumidor Livre,SUL,24.0,6.477156
,2024-07-05,,PEDREIRA INGA CL,,,24.0,6.477156
202407.0,2024-07-06,32183.0,PEDREIRA INGA CL,Consumidor Livre,SUL,24.0,0.818157
202407.0,2024-07-06,32183.0,PEDREIRA INGA CL,Consumidor Livre,SUL,24.0,0.818157
,2024-07-06,,PEDREIRA INGA CL,,,24.0,0.818157
202407.0,2024-07-07,32183.0,PEDREIRA INGA CL,Consumidor Livre,SUL,24.0,0.746555
202407.0,2024-07-07,32183.0,PEDREIRA INGA CL,Consumidor Livre,SUL,24.0,0.746555
,2024-07-07,,PEDREIRA INGA CL,,,24.0,0.746555
202407.0,2024-07-08,32183.0,PEDREIRA INGA CL,Consumidor Livre,SUL,24.0,7.660315
202407.0,2024-07-08,32183.0,PEDREIRA INGA CL,Consumidor Livre,SUL,24.0,7.660315
,2024-07-08,,PEDREIRA INGA CL,,,24.0,7.660315
202407.0,2024-07-09,32183.0,PEDREIRA INGA CL,Consumidor Livre,SUL,24.0,6.951542
202407.0,2024-07-09,32183.0,PEDREIRA INGA CL,Consumidor Livre,SUL,24.0,6.951542
,2024-07-09,,PEDREIRA INGA CL,,,24.0,6.951542
202407.0,2024-07-10,32183.0,PEDREIRA INGA CL,Consumidor Livre,SUL,24.0,7.353171
202407.0,2024-07-10,32183.0,PEDREIRA INGA CL,Consumidor Livre,SUL,24.0,7.353171
,2024-07-10,,PEDREIRA INGA CL,,,24.0,7.353171
202407.0,2024-07-11,32183.0,PEDREIRA INGA CL,Consumidor Livre,SUL,24.0,3.562218
202407.0,2024-07-11,32183.0,PEDREIRA INGA CL,Consumidor Livre,SUL,24.0,3.562218
,2024-07-11,,PEDREIRA INGA CL,,,24.0,3.562218
202407.0,2024-07-12,32183.0,PEDREIRA INGA CL,Consumidor Livre,SUL,24.0,1.019969
202407.0,2024-07-12,32183.0,PEDREIRA INGA CL,Consumidor Livre,SUL,24.0,1.019969
,2024-07-12,,PEDREIRA INGA CL,,,24.0,1.019969
202407.0,2024-07-13,32183.0,PEDREIRA INGA CL,Consumidor Livre,SUL,24.0,0.647632
202407.0,2024-07-13,32183.0,PEDREIRA INGA CL,Consumidor Livre,SUL,24.0,0.647632
,2024-07-13,,PEDREIRA INGA CL,,,24.0,0.647632
202407.0,2024-07-14,32183.0,PEDREIRA INGA CL,Consumidor Livre,SUL,24.0,0.606962
202407.0,2024-07-14,32183.0,PEDREIRA INGA CL,Consumidor Livre,SUL,24.0,0.606962
,2024-07-14,,PEDREIRA INGA CL,,,24.0,0.606962
202407.0,2024-07-15,32183.0,PEDREIRA INGA CL,Consumidor Livre,SUL,24.0,0.567928
202407.0,2024-07-15,32183.0,PEDREIRA INGA CL,Consumidor Livre,SUL,24.0,0.567928
,2024-07-15,,PEDREIRA INGA CL,,,24.0,0.567928
202407.0,2024-07-16,32183.0,PEDREIRA INGA CL,Consumidor Livre,SUL,24.0,0.645298
202407.0,2024-07-16,32183.0,PEDREIRA INGA CL,Consumidor Livre,SUL,24.0,0.645298
,2024-07-16,,PEDREIRA INGA CL,,,24.0,0.645298
202407.0,2024-07-17,32183.0,PEDREIRA INGA CL,Consumidor Livre,SUL,24.0,0.771525
202407.0,2024-07-17,32183.0,PEDREIRA INGA CL,Consumidor Livre,SUL,24.0,0.771525
,2024-07-17,,PEDREIRA INGA CL,,,24.0,0.771525
202407.0,2024-07-18,32183.0,PEDREIRA INGA CL,Consumidor Livre,SUL,24.0,3.949933
202407.0,2024-07-18,32183.0,PEDREIRA INGA CL,Consumidor Livre,SUL,24.0,3.949933
,2024-07-18,,PEDREIRA INGA CL,,,24.0,3.949933
202407.0,2024-07-19,32183.0,PEDREIRA INGA CL,Consumidor Livre,SUL,24.0,6.54412
202407.0,2024-07-19,32183.0,PEDREIRA INGA CL,Consumidor Livre,SUL,24.0,6.54412
,2024-07-19,,PEDREIRA INGA CL,,,24.0,6.54412
202407.0,2024-07-20,32183.0,PEDREIRA INGA CL,Consumidor Livre,SUL,24.0,0.685262
202407.0,2024-07-20,32183.0,PEDREIRA INGA CL,Consumidor Livre,SUL,24.0,0.685262
,2024-07-20,,PEDREIRA INGA CL,,,24.0,0.685262
202407.0,2024-07-21,32183.0,PEDREIRA INGA CL,Consumidor Livre,SUL,24.0,0.669619
202407.0,2024-07-21,32183.0,PEDREIRA INGA CL,Consumidor Livre,SUL,24.0,0.669619
,2024-07-21,,PEDREIRA INGA CL,,,24.0,0.669619
202407.0,2024-07-22,32183.0,PEDREIRA INGA CL,Consumidor Livre,SUL,24.0,4.34144
202407.0,2024-07-22,32183.0,PEDREIRA INGA CL,Consumidor Livre,SUL,24.0,4.34144
,2024-07-22,,PEDREIRA INGA CL,,,24.0,4.34144
202407.0,2024-07-23,32183.0,PEDREIRA INGA CL,Consumidor Livre,SUL,24.0,3.845061
202407.0,2024-07-23,32183.0,PEDREIRA INGA CL,Consumidor Livre,SUL,24.0,3.845061
,2024-07-23,,PEDREIRA INGA CL,,,24.0,3.845061
202407.0,2024-07-24,32183.0,PEDREIRA INGA CL,Consumidor Livre,SUL,24.0,3.883821
202407.0,2024-07-24,32183.0,PEDREIRA INGA CL,Consumidor Livre,SUL,24.0,3.883821
,2024-07-24,,PEDREIRA INGA CL,,,24.0,3.883821
202407.0,2024-07-25,32183.0,PEDREIRA INGA CL,Consumidor Livre,SUL,24.0,6.524957
202407.0,2024-07-25,32183.0,PEDREIRA INGA CL,Consumidor Livre,SUL,24.0,6.524957
,2024-07-25,,PEDREIRA INGA CL,,,24.0,6.524957
202407.0,2024-07-26,32183.0,PEDREIRA INGA CL,Consumidor Livre,SUL,24.0,6.607302
202407.0,2024-07-26,32183.0,PEDREIRA INGA CL,Consumidor Livre,SUL,24.0,6.607302
,2024-07-26,,PEDREIRA INGA CL,,,24.0,6.607302
202407.0,2024-07-27,32183.0,PEDREIRA INGA CL,Consumidor Livre,SUL,24.0,0.7852709999999999
202407.0,2024-07-27,32183.0,PEDREIRA INGA CL,Consumidor Livre,SUL,24.0,0.7852709999999999
,2024-07-27,,PEDREIRA INGA CL,,,24.0,0.7852709999999999
202407.0,2024-07-28,32183.0,PEDREIRA INGA CL,Consumidor Livre,SUL,24.0,0.763687
202407.0,2024-07-28,32183.0,PEDREIRA INGA CL,Consumidor Livre,SUL,24.0,0.763687
,2024-07-28,,PEDREIRA INGA CL,,,24.0,0.763687
202407.0,2024-07-29,32183.0,PEDREIRA INGA CL,Consumidor Livre,SUL,24.0,7.723677
202407.0,2024-07-29,32183.0,PEDREIRA INGA CL,Consumidor Livre,SUL,24.0,7.723677
,2024-07-29,,PEDREIRA INGA CL,,,24.0,7.723677
202407.0,2024-07-30,32183.0,PEDREIRA INGA CL,Consumidor Livre,SUL,24.0,6.142008
202407.0,2024-07-30,32183.0,PEDREIRA INGA CL,Consumidor Livre,SUL,24.0,6.142008
,2024-07-30,,PEDREIRA INGA CL,,,24.0,6.142008
202407.0,2024-07-31,32183.0,PEDREIRA INGA CL,Consumidor Livre,SUL,24.0,6.157116
202407.0,2024-07-31,32183.0,PEDREIRA INGA CL,Consumidor Livre,SUL,24.0,6.157116
,2024-07-31,,PEDREIRA INGA CL,,,24.0,6.157116
202408.0,2024-08-01,32183.0,PEDREIRA INGA CL,Consumidor Livre,SUL,24.0,6.119678
202408.0,2024-08-01,32183.0,PEDREIRA INGA CL,Consumidor Livre,SUL,24.0,6.119678
,2024-08-01,,PEDREIRA INGA CL,,,24.0,6.119678
202408.0,2024-08-02,32183.0,PEDREIRA INGA CL,Consumidor Livre,SUL,24.0,4.388521
202408.0,2024-08-02,32183.0,PEDREIRA INGA CL,Consumidor Livre,SUL,24.0,4.388521
,2024-08-02,,PEDREIRA INGA CL,,,24.0,4.388521
202408.0,2024-08-03,32183.0,PEDREIRA INGA CL,Consumidor Livre,SUL,24.0,3.395653
202408.0,2024-08-03,32183.0,PEDREIRA INGA CL,Consumidor Livre,SUL,24.0,3.395653
,2024-08-03,,PEDREIRA INGA CL,,,24.0,3.395653
202408.0,2024-08-04,32183.0,PEDREIRA INGA CL,Consumidor Livre,SUL,24.0,0.48943
202408.0,2024-08-04,32183.0,PEDREIRA INGA CL,Consumidor Livre,SUL,24.0,0.48943
,2024-08-04,,PEDREIRA INGA CL,,,24.0,0.48943
202408.0,2024-08-05,32183.0,PEDREIRA INGA CL,Consumidor Livre,SUL,24.0,4.991549
202408.0,2024-08-05,32183.0,PEDREIRA INGA CL,Consumidor Livre,SUL,24.0,4.991549
,2024-08-05,,PEDREIRA INGA CL,,,24.0,4.991549
202408.0,2024-08-06,32183.0,PEDREIRA INGA CL,Consumidor Livre,SUL,24.0,7.084309
202408.0,2024-08-06,32183.0,PEDREIRA INGA CL,Consumidor Livre,SUL,24.0,7.084309
,2024-08-06,,PEDREIRA INGA CL,,,24.0,7.084309
202408.0,2024-08-07,32183.0,PEDREIRA INGA CL,Consumidor Livre,SUL,24.0,8.378772
202408.0,2024-08-07,32183.0,PEDREIRA INGA CL,Consumidor Livre,SUL,24.0,8.378772
,2024-08-07,,PEDREIRA INGA CL,,,24.0,8.378772
202408.0,2024-08-08,32183.0,PEDREIRA INGA CL,Consumidor Livre,SUL,24.0,7.494784
202408.0,2024-08-08,32183.0,PEDREIRA INGA CL,Consumidor Livre,SUL,24.0,7.494784
,2024-08-08,,PEDREIRA INGA CL,,,24.0,7.494784
202408.0,2024-08-09,32183.0,PEDREIRA INGA CL,Consumidor Livre,SUL,24.0,4.975418
202408.0,2024-08-09,32183.0,PEDREIRA INGA CL,Consumidor Livre,SUL,24.0,4.975418
,2024-08-09,,PEDREIRA INGA CL,,,24.0,4.975418
202408.0,2024-08-10,32183.0,PEDREIRA INGA CL,Consumidor Livre,SUL,24.0,0.328652
202408.0,2024-08-10,32183.0,PEDREIRA INGA CL,Consumidor Livre,SUL,24.0,0.328652
,2024-08-10,,PEDREIRA INGA CL,,,24.0,0.328652
202408.0,2024-08-11,32183.0,PEDREIRA INGA CL,Consumidor Livre,SUL,24.0,0.301006
202408.0,2024-08-11,32183.0,PEDREIRA INGA CL,Consumidor Livre,SUL,24.0,0.301006
,2024-08-11,,PEDREIRA INGA CL,,,24.0,0.301006
202408.0,2024-08-12,32183.0,PEDREIRA INGA CL,Consumidor Livre,SUL,24.0,5.165535
202408.0,2024-08-12,32183.0,PEDREIRA INGA CL,Consumidor Livre,SUL,24.0,5.165535
,2024-08-12,,PEDREIRA INGA CL,,,24.0,5.165535
202408.0,2024-08-13,32183.0,PEDREIRA INGA CL,Consumidor Livre,SUL,24.0,3.249719
202408.0,2024-08-13,32183.0,PEDREIRA INGA CL,Consumidor Livre,SUL,24.0,3.249719
,2024-08-13,,PEDREIRA INGA CL,,,24.0,3.249719
202408.0,2024-08-14,32183.0,PEDREIRA INGA CL,Consumidor Livre,SUL,24.0,6.949694
202408.0,2024-08-14,32183.0,PEDREIRA INGA CL,Consumidor Livre,SUL,24.0,6.949694
,2024-08-14,,PEDREIRA INGA CL,,,24.0,6.949694
202408.0,2024-08-15,32183.0,PEDREIRA INGA CL,Consumidor Livre,SUL,24.0,4.402514
202408.0,2024-08-15,32183.0,PEDREIRA INGA CL,Consumidor Livre,SUL,24.0,4.402514
,2024-08-15,,PEDREIRA INGA CL,,,24.0,4.402514
202408.0,2024-08-16,32183.0,PEDREIRA INGA CL,Consumidor Livre,SUL,24.0,6.825794
202408.0,2024-08-16,32183.0,PEDREIRA INGA CL,Consumidor Livre,SUL,24.0,6.825794
,2024-08-16,,PEDREIRA INGA CL,,,24.0,6.825794
202408.0,2024-08-17,32183.0,PEDREIRA INGA CL,Consumidor Livre,SUL,24.0,4.090398
202408.0,2024-08-17,32183.0,PEDREIRA INGA CL,Consumidor Livre,SUL,24.0,4.090398
,2024-08-17,,PEDREIRA INGA CL,,,24.0,4.090398
202408.0,2024-08-18,32183.0,PEDREIRA INGA CL,Consumidor Livre,SUL,24.0,0.751447
202408.0,2024-08-18,32183.0,PEDREIRA INGA CL,Consumidor Livre,SUL,24.0,0.751447
,2024-08-18,,PEDREIRA INGA CL,,,24.0,0.751447
202408.0,2024-08-19,32183.0,PEDREIRA INGA CL,Consumidor Livre,SUL,24.0,5.549531
202408.0,2024-08-19,32183.0,PEDREIRA INGA CL,Consumidor Livre,SUL,24.0,5.549531
,2024-08-19,,PEDREIRA INGA CL,,,24.0,5.549531
202408.0,2024-08-20,32183.0,PEDREIRA INGA CL,Consumidor Livre,SUL,24.0,7.815203
202408.0,2024-08-20,32183.0,PEDREIRA INGA CL,Consumidor Livre,SUL,24.0,7.815203
,2024-08-20,,PEDREIRA INGA CL,,,24.0,7.815203
202408.0,2024-08-21,32183.0,PEDREIRA INGA CL,Consumidor Livre,SUL,24.0,1.540041
202408.0,2024-08-21,32183.0,PEDREIRA INGA CL,Consumidor Livre,SUL,24.0,1.540041
,2024-08-21,,PEDREIRA INGA CL,,,24.0,1.540041
202408.0,2024-08-22,32183.0,PEDREIRA INGA CL,Consumidor Livre,SUL,24.0,6.434098
202408.0,2024-08-22,32183.0,PEDREIRA INGA CL,Consumidor Livre,SUL,24.0,6.434098
,2024-08-22,,PEDREIRA INGA CL,,,24.0,6.434098
202408.0,2024-08-23,32183.0,PEDREIRA INGA CL,Consumidor Livre,SUL,24.0,8.591283
202408.0,2024-08-23,32183.0,PEDREIRA INGA CL,Consumidor Livre,SUL,24.0,8.591283
,2024-08-23,,PEDREIRA INGA CL,,,24.0,8.591283
202408.0,2024-08-24,32183.0,PEDREIRA INGA CL,Consumidor Livre,SUL,24.0,3.823726
202408.0,2024-08-24,32183.0,PEDREIRA INGA CL,Consumidor Livre,SUL,24.0,3.823726
,2024-08-24,,PEDREIRA INGA CL,,,24.0,3.823726
202408.0,2024-08-25,32183.0,PEDREIRA INGA CL,Consumidor Livre,SUL,24.0,0.315393
202408.0,2024-08-25,32183.0,PEDREIRA INGA CL,Consumidor Livre,SUL,24.0,0.315393
,2024-08-25,,PEDREIRA INGA CL,,,24.0,0.315393
202408.0,2024-08-26,32183.0,PEDREIRA INGA CL,Consumidor Livre,SUL,24.0,5.080699
202408.0,2024-08-26,32183.0,PEDREIRA INGA CL,Consumidor Livre,SUL,24.0,5.080699
,2024-08-26,,PEDREIRA INGA CL,,,24.0,5.080699
202408.0,2024-08-27,32183.0,PEDREIRA INGA CL,Consumidor Livre,SUL,24.0,7.271411
202408.0,2024-08-27,32183.0,PEDREIRA INGA CL,Consumidor Livre,SUL,24.0,7.271411
,2024-08-27,,PEDREIRA INGA CL,,,24.0,7.271411
202408.0,2024-08-28,32183.0,PEDREIRA INGA CL,Consumidor Livre,SUL,24.0,8.925912
202408.0,2024-08-28,32183.0,PEDREIRA INGA CL,Consumidor Livre,SUL,24.0,8.925912
,2024-08-28,,PEDREIRA INGA CL,,,24.0,8.925912
202408.0,2024-08-29,32183.0,PEDREIRA INGA CL,Consumidor Livre,SUL,24.0,7.896472
202408.0,2024-08-29,32183.0,PEDREIRA INGA CL,Consumidor Livre,SUL,24.0,7.896472
,2024-08-29,,PEDREIRA INGA CL,,,24.0,7.896472
202408.0,2024-08-30,32183.0,PEDREIRA INGA CL,Consumidor Livre,SUL,24.0,5.484993
202408.0,2024-08-30,32183.0,PEDREIRA INGA CL,Consumidor Livre,SUL,24.0,5.484993
,2024-08-30,,PEDREIRA INGA CL,,,24.0,5.484993
202408.0,2024-08-31,32183.0,PEDREIRA INGA CL,Consumidor Livre,SUL,24.0,7.314158
202408.0,2024-08-31,32183.0,PEDREIRA INGA CL,Consumidor Livre,SUL,24.0,7.314158
,2024-08-31,,PEDREIRA INGA CL,,,24.0,7.314158
202409.0,2024-09-01,32183.0,PEDREIRA INGA CL,Consumidor Livre,SUL,24.0,0.726796
202409.0,2024-09-01,32183.0,PEDREIRA INGA CL,Consumidor Livre,SUL,24.0,0.726796
,2024-09-01,,PEDREIRA INGA CL,,,24.0,0.726796
202409.0,2024-09-02,32183.0,PEDREIRA INGA CL,Consumidor Livre,SUL,24.0,7.620897999999999
202409.0,2024-09-02,32183.0,PEDREIRA INGA CL,Consumidor Livre,SUL,24.0,7.620897999999999
,2024-09-02,,PEDREIRA INGA CL,,,24.0,7.620897999999999
202409.0,2024-09-03,32183.0,PEDREIRA INGA CL,Consumidor Livre,SUL,24.0,6.9654
202409.0,2024-09-03,32183.0,PEDREIRA INGA CL,Consumidor Livre,SUL,24.0,6.9654
,2024-09-03,,PEDREIRA INGA CL,,,24.0,6.9654
202409.0,2024-09-04,32183.0,PEDREIRA INGA CL,Consumidor Livre,SUL,24.0,7.20565
202409.0,2024-09-04,32183.0,PEDREIRA INGA CL,Consumidor Livre,SUL,24.0,7.20565
,2024-09-04,,PEDREIRA INGA CL,,,24.0,7.20565
202409.0,2024-09-05,32183.0,PEDREIRA INGA CL,Consumidor Livre,SUL,24.0,6.786571
202409.0,2024-09-05,32183.0,PEDREIRA INGA CL,Consumidor Livre,SUL,24.0,6.786571
,2024-09-05,,PEDREIRA INGA CL,,,24.0,6.786571
202409.0,2024-09-06,32183.0,PEDREIRA INGA CL,Consumidor Livre,SUL,24.0,5.735286
202409.0,2024-09-06,32183.0,PEDREIRA INGA CL,Consumidor Livre,SUL,24.0,5.735286
,2024-09-06,,PEDREIRA INGA CL,,,24.0,5.735286
202409.0,2024-09-07,32183.0,PEDREIRA INGA CL,Consumidor Livre,SUL,24.0,0.747384
202409.0,2024-09-07,32183.0,PEDREIRA INGA CL,Consumidor Livre,SUL,24.0,0.747384
,2024-09-07,,PEDREIRA INGA CL,,,24.0,0.747384
202409.0,2024-09-08,32183.0,PEDREIRA INGA CL,Consumidor Livre,SUL,24.0,0.757715
202409.0,2024-09-08,32183.0,PEDREIRA INGA CL,Consumidor Livre,SUL,24.0,0.757715
,2024-09-08,,PEDREIRA INGA CL,,,24.0,0.757715
202409.0,2024-09-09,32183.0,PEDREIRA INGA CL,Consumidor Livre,SUL,24.0,3.572155
202409.0,2024-09-09,32183.0,PEDREIRA INGA CL,Consumidor Livre,SUL,24.0,3.572155
,2024-09-09,,PEDREIRA INGA CL,,,24.0,3.572155
202409.0,2024-09-10,32183.0,PEDREIRA INGA CL,Consumidor Livre,SUL,24.0,5.551178
202409.0,2024-09-10,32183.0,PEDREIRA INGA CL,Consumidor Livre,SUL,24.0,5.551178
,2024-09-10,,PEDREIRA INGA CL,,,24.0,5.551178
202409.0,2024-09-11,32183.0,PEDREIRA INGA CL,Consumidor Livre,SUL,24.0,6.756729
202409.0,2024-09-11,32183.0,PEDREIRA INGA CL,Consumidor Livre,SUL,24.0,6.756729
,2024-09-11,,PEDREIRA INGA CL,,,24.0,6.756729
202409.0,2024-09-12,32183.0,PEDREIRA INGA CL,Consumidor Livre,SUL,24.0,5.791614
202409.0,2024-09-12,32183.0,PEDREIRA INGA CL,Consumidor Livre,SUL,24.0,5.791614
,2024-09-12,,PEDREIRA INGA CL,,,24.0,5.791614
202409.0,2024-09-13,32183.0,PEDREIRA INGA CL,Consumidor Livre,SUL,24.0,5.364859
202409.0,2024-09-13,32183.0,PEDREIRA INGA CL,Consumidor Livre,SUL,24.0,5.364859
,2024-09-13,,PEDREIRA INGA CL,,,24.0,5.364859
202409.0,2024-09-14,32183.0,PEDREIRA INGA CL,Consumidor Livre,SUL,24.0,0.637562
202409.0,2024-09-14,32183.0,PEDREIRA INGA CL,Consumidor Livre,SUL,24.0,0.637562
,2024-09-14,,PEDREIRA INGA CL,,,24.0,0.637562
202409.0,2024-09-15,32183.0,PEDREIRA INGA CL,Consumidor Livre,SUL,24.0,0.407764
202409.0,2024-09-15,32183.0,PEDREIRA INGA CL,Consumidor Livre,SUL,24.0,0.407764
,2024-09-15,,PEDREIRA INGA CL,,,24.0,0.407764
202409.0,2024-09-16,32183.0,PEDREIRA INGA CL,Consumidor Livre,SUL,24.0,4.008844
202409.0,2024-09-16,32183.0,PEDREIRA INGA CL,Consumidor Livre,SUL,24.0,4.008844
,2024-09-16,,PEDREIRA INGA CL,,,24.0,4.008844
202409.0,2024-09-17,32183.0,PEDREIRA INGA CL,Consumidor Livre,SUL,24.0,9.480131
202409.0,2024-09-17,32183.0,PEDREIRA INGA CL,Consumidor Livre,SUL,24.0,9.480131
,2024-09-17,,PEDREIRA INGA CL,,,24.0,9.480131
202409.0,2024-09-18,32183.0,PEDREIRA INGA CL,Consumidor Livre,SUL,24.0,7.938099
202409.0,2024-09-18,32183.0,PEDREIRA INGA CL,Consumidor Livre,SUL,24.0,7.938099
,2024-09-18,,PEDREIRA INGA CL,,,24.0,7.938099
202409.0,2024-09-19,32183.0,PEDREIRA INGA CL,Consumidor Livre,SUL,24.0,6.274193
202409.0,2024-09-19,32183.0,PEDREIRA INGA CL,Consumidor Livre,SUL,24.0,6.274193
,2024-09-19,,PEDREIRA INGA CL,,,24.0,6.274193
202409.0,2024-09-20,32183.0,PEDREIRA INGA CL,Consumidor Livre,SUL,24.0,3.969656
202409.0,2024-09-20,32183.0,PEDREIRA INGA CL,Consumidor Livre,SUL,24.0,3.969656
,2024-09-20,,PEDREIRA INGA CL,,,24.0,3.969656
202409.0,2024-09-21,32183.0,PEDREIRA INGA CL,Consumidor Livre,SUL,24.0,0.349757
202409.0,2024-09-21,32183.0,PEDREIRA INGA CL,Consumidor Livre,SUL,24.0,0.349757
,2024-09-21,,PEDREIRA INGA CL,,,24.0,0.349757
202409.0,2024-09-22,32183.0,PEDREIRA INGA CL,Consumidor Livre,SUL,24.0,0.316206
202409.0,2024-09-22,32183.0,PEDREIRA INGA CL,Consumidor Livre,SUL,24.0,0.316206
,2024-09-22,,PEDREIRA INGA CL,,,24.0,0.316206
202409.0,2024-09-23,32183.0,PEDREIRA INGA CL,Consumidor Livre,SUL,24.0,6.039898
202409.0,2024-09-23,32183.0,PEDREIRA INGA CL,Consumidor Livre,SUL,24.0,6.039898
,2024-09-23,,PEDREIRA INGA CL,,,24.0,6.039898
202409.0,2024-09-24,32183.0,PEDREIRA INGA CL,Consumidor Livre,SUL,24.0,6.935316
202409.0,2024-09-24,32183.0,PEDREIRA INGA CL,Consumidor Livre,SUL,24.0,6.935316
,2024-09-24,,PEDREIRA INGA CL,,,24.0,6.935316
202409.0,2024-09-25,32183.0,PEDREIRA INGA CL,Consumidor Livre,SUL,24.0,8.71177
202409.0,2024-09-25,32183.0,PEDREIRA INGA CL,Consumidor Livre,SUL,24.0,8.71177
,2024-09-25,,PEDREIRA INGA CL,,,24.0,8.71177
202409.0,2024-09-26,32183.0,PEDREIRA INGA CL,Consumidor Livre,SUL,24.0,8.738031
202409.0,2024-09-26,32183.0,PEDREIRA INGA CL,Consumidor Livre,SUL,24.0,8.738031
,2024-09-26,,PEDREIRA INGA CL,,,24.0,8.738031
202409.0,2024-09-27,32183.0,PEDREIRA INGA CL,Consumidor Livre,SUL,24.0,4.841332
202409.0,2024-09-27,32183.0,PEDREIRA INGA CL,Consumidor Livre,SUL,24.0,4.841332
,2024-09-27,,PEDREIRA INGA CL,,,24.0,4.841332
202409.0,2024-09-28,32183.0,PEDREIRA INGA CL,Consumidor Livre,SUL,24.0,0.360494
202409.0,2024-09-28,32183.0,PEDREIRA INGA CL,Consumidor Livre,SUL,24.0,0.360494
,2024-09-28,,PEDREIRA INGA CL,,,24.0,0.360494
202409.0,2024-09-29,32183.0,PEDREIRA INGA CL,Consumidor Livre,SUL,24.0,0.301615
202409.0,2024-09-29,32183.0,PEDREIRA INGA CL,Consumidor Livre,SUL,24.0,0.301615
,2024-09-29,,PEDREIRA INGA CL,,,24.0,0.301615
202409.0,2024-09-30,32183.0,PEDREIRA INGA CL,Consumidor Livre,SUL,24.0,5.760087
202409.0,2024-09-30,32183.0,PEDREIRA INGA CL,Consumidor Livre,SUL,24.0,5.760087
,2024-09-30,,PEDREIRA INGA CL,,,24.0,5.760087
202410.0,2024-10-01,32183.0,PEDREIRA INGA CL,Consumidor Livre,SUL,24.0,6.094446
202410.0,2024-10-01,32183.0,PEDREIRA INGA CL,Consumidor Livre,SUL,24.0,6.094446
,2024-10-01,,PEDREIRA INGA CL,,,24.0,6.094446
202410.0,2024-10-02,32183.0,PEDREIRA INGA CL,Consumidor Livre,SUL,24.0,2.159688
202410.0,2024-10-02,32183.0,PEDREIRA INGA CL,Consumidor Livre,SUL,24.0,2.159688
,2024-10-02,,PEDREIRA INGA CL,,,24.0,2.159688
202410.0,2024-10-03,32183.0,PEDREIRA INGA CL,Consumidor Livre,SUL,24.0,6.84695
202410.0,2024-10-03,32183.0,PEDREIRA INGA CL,Consumidor Livre,SUL,24.0,6.84695
,2024-10-03,,PEDREIRA INGA CL,,,24.0,6.84695
202410.0,2024-10-04,32183.0,PEDREIRA INGA CL,Consumidor Livre,SUL,24.0,6.754475
202410.0,2024-10-04,32183.0,PEDREIRA INGA CL,Consumidor Livre,SUL,24.0,6.754475
,2024-10-04,,PEDREIRA INGA CL,,,24.0,6.754475
202410.0,2024-10-05,32183.0,PEDREIRA INGA CL,Consumidor Livre,SUL,24.0,0.341356
202410.0,2024-10-05,32183.0,PEDREIRA INGA CL,Consumidor Livre,SUL,24.0,0.341356
,2024-10-05,,PEDREIRA INGA CL,,,24.0,0.341356
202410.0,2024-10-06,32183.0,PEDREIRA INGA CL,Consumidor Livre,SUL,24.0,0.3809
202410.0,2024-10-06,32183.0,PEDREIRA INGA CL,Consumidor Livre,SUL,24.0,0.3809
,2024-10-06,,PEDREIRA INGA CL,,,24.0,0.3809
202410.0,2024-10-07,32183.0,PEDREIRA INGA CL,Consumidor Livre,SUL,24.0,7.502134
202410.0,2024-10-07,32183.0,PEDREIRA INGA CL,Consumidor Livre,SUL,24.0,7.502134
,2024-10-07,,PEDREIRA INGA CL,,,24.0,7.502134
202410.0,2024-10-08,32183.0,PEDREIRA INGA CL,Consumidor Livre,SUL,24.0,6.635643
202410.0,2024-10-08,32183.0,PEDREIRA INGA CL,Consumidor Livre,SUL,24.0,6.635643
,2024-10-08,,PEDREIRA INGA CL,,,24.0,6.635643
202410.0,2024-10-09,32183.0,PEDREIRA INGA CL,Consumidor Livre,SUL,24.0,4.464401
202410.0,2024-10-09,32183.0,PEDREIRA INGA CL,Consumidor Livre,SUL,24.0,4.464401
,2024-10-09,,PEDREIRA INGA CL,,,24.0,4.464401
202410.0,2024-10-10,32183.0,PEDREIRA INGA CL,Consumidor Livre,SUL,24.0,5.427158
202410.0,2024-10-10,32183.0,PEDREIRA INGA CL,Consumidor Livre,SUL,24.0,5.427158
,2024-10-10,,PEDREIRA INGA CL,,,24.0,5.427158
202410.0,2024-10-11,32183.0,PEDREIRA INGA CL,Consumidor Livre,SUL,24.0,6.076946
202410.0,2024-10-11,32183.0,PEDREIRA INGA CL,Consumidor Livre,SUL,24.0,6.076946
,2024-10-11,,PEDREIRA INGA CL,,,24.0,6.076946
202410.0,2024-10-12,32183.0,PEDREIRA INGA CL,Consumidor Livre,SUL,24.0,0.295798
202410.0,2024-10-12,32183.0,PEDREIRA INGA CL,Consumidor Livre,SUL,24.0,0.295798
,2024-10-12,,PEDREIRA INGA CL,,,24.0,0.295798
202410.0,2024-10-13,32183.0,PEDREIRA INGA CL,Consumidor Livre,SUL,24.0,0.313634
202410.0,2024-10-13,32183.0,PEDREIRA INGA CL,Consumidor Livre,SUL,24.0,0.313634
,2024-10-13,,PEDREIRA INGA CL,,,24.0,0.313634
202410.0,2024-10-14,32183.0,PEDREIRA INGA CL,Consumidor Livre,SUL,24.0,6.201518
202410.0,2024-10-14,32183.0,PEDREIRA INGA CL,Consumidor Livre,SUL,24.0,6.201518
,2024-10-14,,PEDREIRA INGA CL,,,24.0,6.201518
202410.0,2024-10-15,32183.0,PEDREIRA INGA CL,Consumidor Livre,SUL,24.0,6.88452
202410.0,2024-10-15,32183.0,PEDREIRA INGA CL,Consumidor Livre,SUL,24.0,6.88452
,2024-10-15,,PEDREIRA INGA CL,,,24.0,6.88452
202410.0,2024-10-16,32183.0,PEDREIRA INGA CL,Consumidor Livre,SUL,24.0,6.912017
202410.0,2024-10-16,32183.0,PEDREIRA INGA CL,Consumidor Livre,SUL,24.0,6.912017
,2024-10-16,,PEDREIRA INGA CL,,,24.0,6.912017
202410.0,2024-10-17,32183.0,PEDREIRA INGA CL,Consumidor Livre,SUL,24.0,5.7925640000000005
202410.0,2024-10-17,32183.0,PEDREIRA INGA CL,Consumidor Livre,SUL,24.0,5.7925640000000005
,2024-10-17,,PEDREIRA INGA CL,,,24.0,5.7925640000000005
202410.0,2024-10-18,32183.0,PEDREIRA INGA CL,Consumidor Livre,SUL,24.0,4.867802
202410.0,2024-10-18,32183.0,PEDREIRA INGA CL,Consumidor Livre,SUL,24.0,4.867802
,2024-10-18,,PEDREIRA INGA CL,,,24.0,4.867802
202410.0,2024-10-19,32183.0,PEDREIRA INGA CL,Consumidor Livre,SUL,24.0,0.329529
202410.0,2024-10-19,32183.0,PEDREIRA INGA CL,Consumidor Livre,SUL,24.0,0.329529
,2024-10-19,,PEDREIRA INGA CL,,,24.0,0.329529
202410.0,2024-10-20,32183.0,PEDREIRA INGA CL,Consumidor Livre,SUL,24.0,0.298997
202410.0,2024-10-20,32183.0,PEDREIRA INGA CL,Consumidor Livre,SUL,24.0,0.298997
,2024-10-20,,PEDREIRA INGA CL,,,24.0,0.298997
202410.0,2024-10-21,32183.0,PEDREIRA INGA CL,Consumidor Livre,SUL,24.0,6.920719
202410.0,2024-10-21,32183.0,PEDREIRA INGA CL,Consumidor Livre,SUL,24.0,6.920719
,2024-10-21,,PEDREIRA INGA CL,,,24.0,6.920719
202410.0,2024-10-22,32183.0,PEDREIRA INGA CL,Consumidor Livre,SUL,24.0,5.692696
202410.0,2024-10-22,32183.0,PEDREIRA INGA CL,Consumidor Livre,SUL,24.0,5.692696
,2024-10-22,,PEDREIRA INGA CL,,,24.0,5.692696
202410.0,2024-10-23,32183.0,PEDREIRA INGA CL,Consumidor Livre,SUL,24.0,6.230358
202410.0,2024-10-23,32183.0,PEDREIRA INGA CL,Consumidor Livre,SUL,24.0,6.230358
,2024-10-23,,PEDREIRA INGA CL,,,24.0,6.230358
202410.0,2024-10-24,32183.0,PEDREIRA INGA CL,Consumidor Livre,SUL,24.0,4.154612
202410.0,2024-10-24,32183.0,PEDREIRA INGA CL,Consumidor Livre,SUL,24.0,4.154612
,2024-10-24,,PEDREIRA INGA CL,,,24.0,4.154612
202410.0,2024-10-25,32183.0,PEDREIRA INGA CL,Consumidor Livre,SUL,24.0,6.4285820000000005
202410.0,2024-10-25,32183.0,PEDREIRA INGA CL,Consumidor Livre,SUL,24.0,6.4285820000000005
,2024-10-25,,PEDREIRA INGA CL,,,24.0,6.4285820000000005
202410.0,2024-10-26,32183.0,PEDREIRA INGA CL,Consumidor Livre,SUL,24.0,3.367474
202410.0,2024-10-26,32183.0,PEDREIRA INGA CL,Consumidor Livre,SUL,24.0,3.367474
,2024-10-26,,PEDREIRA INGA CL,,,24.0,3.367474
202410.0,2024-10-27,32183.0,PEDREIRA INGA CL,Consumidor Livre,SUL,24.0,0.4099
202410.0,2024-10-27,32183.0,PEDREIRA INGA CL,Consumidor Livre,SUL,24.0,0.4099
,2024-10-27,,PEDREIRA INGA CL,,,24.0,0.4099
202410.0,2024-10-28,32183.0,PEDREIRA INGA CL,Consumidor Livre,SUL,24.0,4.371029
202410.0,2024-10-28,32183.0,PEDREIRA INGA CL,Consumidor Livre,SUL,24.0,4.371029
,2024-10-28,,PEDREIRA INGA CL,,,24.0,4.371029
202410.0,2024-10-29,32183.0,PEDREIRA INGA CL,Consumidor Livre,SUL,24.0,7.653023
202410.0,2024-10-29,32183.0,PEDREIRA INGA CL,Consumidor Livre,SUL,24.0,7.653023
,2024-10-29,,PEDREIRA INGA CL,,,24.0,7.653023
202410.0,2024-10-30,32183.0,PEDREIRA INGA CL,Consumidor Livre,SUL,24.0,7.133629
202410.0,2024-10-30,32183.0,PEDREIRA INGA CL,Consumidor Livre,SUL,24.0,7.133629
,2024-10-30,,PEDREIRA INGA CL,,,24.0,7.133629
202410.0,2024-10-31,32183.0,PEDREIRA INGA CL,Consumidor Livre,SUL,24.0,5.594111
202410.0,2024-10-31,32183.0,PEDREIRA INGA CL,Consumidor Livre,SUL,24.0,5.594111
,2024-10-31,,PEDREIRA INGA CL,,,24.0,5.594111
202411.0,2024-11-01,32183.0,PEDREIRA INGA CL,Consumidor Livre,SUL,24.0,7.408194
202411.0,2024-11-01,32183.0,PEDREIRA INGA CL,Consumidor Livre,SUL,24.0,7.408194
,2024-11-01,,PEDREIRA INGA CL,,,24.0,7.408194
202411.0,2024-11-02,32183.0,PEDREIRA INGA CL,Consumidor Livre,SUL,24.0,0.280573
202411.0,2024-11-02,32183.0,PEDREIRA INGA CL,Consumidor Livre,SUL,24.0,0.280573
,2024-11-02,,PEDREIRA INGA CL,,,24.0,0.280573
202411.0,2024-11-03,32183.0,PEDREIRA INGA CL,Consumidor Livre,SUL,24.0,0.285075
202411.0,2024-11-03,32183.0,PEDREIRA INGA CL,Consumidor Livre,SUL,24.0,0.285075
,2024-11-03,,PEDREIRA INGA CL,,,24.0,0.285075
202411.0,2024-11-04,32183.0,PEDREIRA INGA CL,Consumidor Livre,SUL,24.0,6.619199
202411.0,2024-11-04,32183.0,PEDREIRA INGA CL,Consumidor Livre,SUL,24.0,6.619199
,2024-11-04,,PEDREIRA INGA CL,,,24.0,6.619199
202411.0,2024-11-05,32183.0,PEDREIRA INGA CL,Consumidor Livre,SUL,24.0,4.448394
202411.0,2024-11-05,32183.0,PEDREIRA INGA CL,Consumidor Livre,SUL,24.0,4.448394
,2024-11-05,,PEDREIRA INGA CL,,,24.0,4.448394
202411.0,2024-11-06,32183.0,PEDREIRA INGA CL,Consumidor Livre,SUL,24.0,3.244428
202411.0,2024-11-06,32183.0,PEDREIRA INGA CL,Consumidor Livre,SUL,24.0,3.244428
,2024-11-06,,PEDREIRA INGA CL,,,24.0,3.244428
202411.0,2024-11-07,32183.0,PEDREIRA INGA CL,Consumidor Livre,SUL,24.0,6.291145
202411.0,2024-11-07,32183.0,PEDREIRA INGA CL,Consumidor Livre,SUL,24.0,6.291145
,2024-11-07,,PEDREIRA INGA CL,,,24.0,6.291145
202411.0,2024-11-08,32183.0,PEDREIRA INGA CL,Consumidor Livre,SUL,24.0,6.637514
202411.0,2024-11-08,32183.0,PEDREIRA INGA CL,Consumidor Livre,SUL,24.0,6.637514
,2024-11-08,,PEDREIRA INGA CL,,,24.0,6.637514
202411.0,2024-11-09,32183.0,PEDREIRA INGA CL,Consumidor Livre,SUL,24.0,4.919124
202411.0,2024-11-09,32183.0,PEDREIRA INGA CL,Consumidor Livre,SUL,24.0,4.919124
,2024-11-09,,PEDREIRA INGA CL,,,24.0,4.919124
202411.0,2024-11-10,32183.0,PEDREIRA INGA CL,Consumidor Livre,SUL,24.0,0.631032
202411.0,2024-11-10,32183.0,PEDREIRA INGA CL,Consumidor Livre,SUL,24.0,0.631032
,2024-11-10,,PEDREIRA INGA CL,,,24.0,0.631032
202411.0,2024-11-11,32183.0,PEDREIRA INGA CL,Consumidor Livre,SUL,24.0,5.632234
202411.0,2024-11-11,32183.0,PEDREIRA INGA CL,Consumidor Livre,SUL,24.0,5.632234
,2024-11-11,,PEDREIRA INGA CL,,,24.0,5.632234
202411.0,2024-11-12,32183.0,PEDREIRA INGA CL,Consumidor Livre,SUL,24.0,5.829996
202411.0,2024-11-12,32183.0,PEDREIRA INGA CL,Consumidor Livre,SUL,24.0,5.829996
,2024-11-12,,PEDREIRA INGA CL,,,24.0,5.829996
202411.0,2024-11-13,32183.0,PEDREIRA INGA CL,Consumidor Livre,SUL,24.0,5.853902
202411.0,2024-11-13,32183.0,PEDREIRA INGA CL,Consumidor Livre,SUL,24.0,5.853902
,2024-11-13,,PEDREIRA INGA CL,,,24.0,5.853902
202411.0,2024-11-14,32183.0,PEDREIRA INGA CL,Consumidor Livre,SUL,24.0,4.9817
202411.0,2024-11-14,32183.0,PEDREIRA INGA CL,Consumidor Livre,SUL,24.0,4.9817
,2024-11-14,,PEDREIRA INGA CL,,,24.0,4.9817
202411.0,2024-11-15,32183.0,PEDREIRA INGA CL,Consumidor Livre,SUL,24.0,4.9025300000000005
202411.0,2024-11-15,32183.0,PEDREIRA INGA CL,Consumidor Livre,SUL,24.0,4.9025300000000005
,2024-11-15,,PEDREIRA INGA CL,,,24.0,4.9025300000000005
202411.0,2024-11-16,32183.0,PEDREIRA INGA CL,Consumidor Livre,SUL,24.0,4.001835
202411.0,2024-11-16,32183.0,PEDREIRA INGA CL,Consumidor Livre,SUL,24.0,4.001835
,2024-11-16,,PEDREIRA INGA CL,,,24.0,4.001835
202411.0,2024-11-17,32183.0,PEDREIRA INGA CL,Consumidor Livre,SUL,24.0,3.078004
202411.0,2024-11-17,32183.0,PEDREIRA INGA CL,Consumidor Livre,SUL,24.0,3.078004
,2024-11-17,,PEDREIRA INGA CL,,,24.0,3.078004
202411.0,2024-11-18,32183.0,PEDREIRA INGA CL,Consumidor Livre,SUL,24.0,4.278347
202411.0,2024-11-18,32183.0,PEDREIRA INGA CL,Consumidor Livre,SUL,24.0,4.278347
,2024-11-18,,PEDREIRA INGA CL,,,24.0,4.278347
202411.0,2024-11-19,32183.0,PEDREIRA INGA CL,Consumidor Livre,SUL,24.0,6.0779890000000005
202411.0,2024-11-19,32183.0,PEDREIRA INGA CL,Consumidor Livre,SUL,24.0,6.0779890000000005
,2024-11-19,,PEDREIRA INGA CL,,,24.0,6.0779890000000005
202411.0,2024-11-20,32183.0,PEDREIRA INGA CL,Consumidor Livre,SUL,24.0,1.457859
202411.0,2024-11-20,32183.0,PEDREIRA INGA CL,Consumidor Livre,SUL,24.0,1.457859
,2024-11-20,,PEDREIRA INGA CL,,,24.0,1.457859
202411.0,2024-11-21,32183.0,PEDREIRA INGA CL,Consumidor Livre,SUL,24.0,7.1154720000000005
202411.0,2024-11-21,32183.0,PEDREIRA INGA CL,Consumidor Livre,SUL,24.0,7.1154720000000005
,2024-11-21,,PEDREIRA INGA CL,,,24.0,7.1154720000000005
202411.0,2024-11-22,32183.0,PEDREIRA INGA CL,Consumidor Livre,SUL,24.0,6.381693
202411.0,2024-11-22,32183.0,PEDREIRA INGA CL,Consumidor Livre,SUL,24.0,6.381693
,2024-11-22,,PEDREIRA INGA CL,,,24.0,6.381693
202411.0,2024-11-23,32183.0,PEDREIRA INGA CL,Consumidor Livre,SUL,24.0,4.509041
202411.0,2024-11-23,32183.0,PEDREIRA INGA CL,Consumidor Livre,SUL,24.0,4.509041
,2024-11-23,,PEDREIRA INGA CL,,,24.0,4.509041
202411.0,2024-11-24,32183.0,PEDREIRA INGA CL,Consumidor Livre,SUL,24.0,0.355807
202411.0,2024-11-24,32183.0,PEDREIRA INGA CL,Consumidor Livre,SUL,24.0,0.355807
,2024-11-24,,PEDREIRA INGA CL,,,24.0,0.355807
202411.0,2024-11-25,32183.0,PEDREIRA INGA CL,Consumidor Livre,SUL,24.0,3.274816
202411.0,2024-11-25,32183.0,PEDREIRA INGA CL,Consumidor Livre,SUL,24.0,3.274816
,2024-11-25,,PEDREIRA INGA CL,,,24.0,3.274816
202411.0,2024-11-26,32183.0,PEDREIRA INGA CL,Consumidor Livre,SUL,24.0,12.192799
202411.0,2024-11-26,32183.0,PEDREIRA INGA CL,Consumidor Livre,SUL,24.0,12.192799
,2024-11-26,,PEDREIRA INGA CL,,,24.0,12.192799
202411.0,2024-11-27,32183.0,PEDREIRA INGA CL,Consumidor Livre,SUL,24.0,12.577058
202411.0,2024-11-27,32183.0,PEDREIRA INGA CL,Consumidor Livre,SUL,24.0,12.577058
,2024-11-27,,PEDREIRA INGA CL,,,24.0,12.577058
202411.0,2024-11-28,32183.0,PEDREIRA INGA CL,Consumidor Livre,SUL,24.0,10.377358
202411.0,2024-11-28,32183.0,PEDREIRA INGA CL,Consumidor Livre,SUL,24.0,10.377358
,2024-11-28,,PEDREIRA INGA CL,,,24.0,10.377358
202411.0,2024-11-29,32183.0,PEDREIRA INGA CL,Consumidor Livre,SUL,24.0,0.753361
202411.0,2024-11-29,32183.0,PEDREIRA INGA CL,Consumidor Livre,SUL,24.0,0.753361
,2024-11-29,,PEDREIRA INGA CL,,,24.0,0.753361
202411.0,2024-11-30,32183.0,PEDREIRA INGA CL,Consumidor Livre,SUL,24.0,0.314754
202411.0,2024-11-30,32183.0,PEDREIRA INGA CL,Consumidor Livre,SUL,24.0,0.314754
,2024-11-30,,PEDREIRA INGA CL,,,24.0,0.314754
202412.0,2024-12-01,32183.0,PEDREIRA INGA CL,Consumidor Livre,SUL,24.0,0.322661
202412.0,2024-12-01,32183.0,PEDREIRA INGA CL,Consumidor Livre,SUL,24.0,0.322661
,2024-12-01,,PEDREIRA INGA CL,,,24.0,0.322661
202412.0,2024-12-02,32183.0,PEDREIRA INGA CL,Consumidor Livre,SUL,24.0,7.971704
202412.0,2024-12-02,32183.0,PEDREIRA INGA CL,Consumidor Livre,SUL,24.0,7.971704
,2024-12-02,,PEDREIRA INGA CL,,,24.0,7.971704
202412.0,2024-12-03,32183.0,PEDREIRA INGA CL,Consumidor Livre,SUL,24.0,8.475789
202412.0,2024-12-03,32183.0,PEDREIRA INGA CL,Consumidor Livre,SUL,24.0,8.475789
,2024-12-03,,PEDREIRA INGA CL,,,24.0,8.475789
202412.0,2024-12-04,32183.0,PEDREIRA INGA CL,Consumidor Livre,SUL,24.0,9.779187
202412.0,2024-12-04,32183.0,PEDREIRA INGA CL,Consumidor Livre,SUL,24.0,9.779187
,2024-12-04,,PEDREIRA INGA CL,,,24.0,9.779187
202412.0,2024-12-05,32183.0,PEDREIRA INGA CL,Consumidor Livre,SUL,24.0,10.609687
202412.0,2024-12-05,32183.0,PEDREIRA INGA CL,Consumidor Livre,SUL,24.0,10.609687
,2024-12-05,,PEDREIRA INGA CL,,,24.0,10.609687
202412.0,2024-12-06,32183.0,PEDREIRA INGA CL,Consumidor Livre,SUL,24.0,7.062444
202412.0,2024-12-06,32183.0,PEDREIRA INGA CL,Consumidor Livre,SUL,24.0,7.062444
,2024-12-06,,PEDREIRA INGA CL,,,24.0,7.062444
202412.0,2024-12-07,32183.0,PEDREIRA INGA CL,Consumidor Livre,SUL,24.0,10.872337
202412.0,2024-12-07,32183.0,PEDREIRA INGA CL,Consumidor Livre,SUL,24.0,10.872337
,2024-12-07,,PEDREIRA INGA CL,,,24.0,10.872337
202412.0,2024-12-08,32183.0,PEDREIRA INGA CL,Consumidor Livre,SUL,24.0,0.56047
202412.0,2024-12-08,32183.0,PEDREIRA INGA CL,Consumidor Livre,SUL,24.0,0.56047
,2024-12-08,,PEDREIRA INGA CL,,,24.0,0.56047
202412.0,2024-12-09,32183.0,PEDREIRA INGA CL,Consumidor Livre,SUL,24.0,5.43165
202412.0,2024-12-09,32183.0,PEDREIRA INGA CL,Consumidor Livre,SUL,24.0,5.43165
,2024-12-09,,PEDREIRA INGA CL,,,24.0,5.43165
202412.0,2024-12-10,32183.0,PEDREIRA INGA CL,Consumidor Livre,SUL,24.0,7.992573999999999
202412.0,2024-12-10,32183.0,PEDREIRA INGA CL,Consumidor Livre,SUL,24.0,7.992573999999999
,2024-12-10,,PEDREIRA INGA CL,,,24.0,7.992573999999999
202412.0,2024-12-11,32183.0,PEDREIRA INGA CL,Consumidor Livre,SUL,24.0,6.375629
202412.0,2024-12-11,32183.0,PEDREIRA INGA CL,Consumidor Livre,SUL,24.0,6.375629
,2024-12-11,,PEDREIRA INGA CL,,,24.0,6.375629
202412.0,2024-12-12,32183.0,PEDREIRA INGA CL,Consumidor Livre,SUL,24.0,9.986633
202412.0,2024-12-12,32183.0,PEDREIRA INGA CL,Consumidor Livre,SUL,24.0,9.986633
,2024-12-12,,PEDREIRA INGA CL,,,24.0,9.986633
202412.0,2024-12-13,32183.0,PEDREIRA INGA CL,Consumidor Livre,SUL,24.0,3.799352
202412.0,2024-12-13,32183.0,PEDREIRA INGA CL,Consumidor Livre,SUL,24.0,3.799352
,2024-12-13,,PEDREIRA INGA CL,,,24.0,3.799352
202412.0,2024-12-14,32183.0,PEDREIRA INGA CL,Consumidor Livre,SUL,24.0,4.198764
202412.0,2024-12-14,32183.0,PEDREIRA INGA CL,Consumidor Livre,SUL,24.0,4.198764
,2024-12-14,,PEDREIRA INGA CL,,,24.0,4.198764
202412.0,2024-12-15,32183.0,PEDREIRA INGA CL,Consumidor Livre,SUL,24.0,0.631513
202412.0,2024-12-15,32183.0,PEDREIRA INGA CL,Consumidor Livre,SUL,24.0,0.631513
,2024-12-15,,PEDREIRA INGA CL,,,24.0,0.631513
202412.0,2024-12-16,32183.0,PEDREIRA INGA CL,Consumidor Livre,SUL,24.0,9.772272
202412.0,2024-12-16,32183.0,PEDREIRA INGA CL,Consumidor Livre,SUL,24.0,9.772272
,2024-12-16,,PEDREIRA INGA CL,,,24.0,9.772272
202412.0,2024-12-17,32183.0,PEDREIRA INGA CL,Consumidor Livre,SUL,24.0,9.48902
202412.0,2024-12-17,32183.0,PEDREIRA INGA CL,Consumidor Livre,SUL,24.0,9.48902
,2024-12-17,,PEDREIRA INGA CL,,,24.0,9.48902
202412.0,2024-12-18,32183.0,PEDREIRA INGA CL,Consumidor Livre,SUL,24.0,8.670642
202412.0,2024-12-18,32183.0,PEDREIRA INGA CL,Consumidor Livre,SUL,24.0,8.670642
,2024-12-18,,PEDREIRA INGA CL,,,24.0,8.670642
202412.0,2024-12-19,32183.0,PEDREIRA INGA CL,Consumidor Livre,SUL,24.0,11.888984
202412.0,2024-12-19,32183.0,PEDREIRA INGA CL,Consumidor Livre,SUL,24.0,11.888984
,2024-12-19,,PEDREIRA INGA CL,,,24.0,11.888984
202412.0,2024-12-20,32183.0,PEDREIRA INGA CL,Consumidor Livre,SUL,24.0,5.303788
202412.0,2024-12-20,32183.0,PEDREIRA INGA CL,Consumidor Livre,SUL,24.0,5.303788
,2024-12-20,,PEDREIRA INGA CL,,,24.0,5.303788
202412.0,2024-12-21,32183.0,PEDREIRA INGA CL,Consumidor Livre,SUL,24.0,0.325422
202412.0,2024-12-21,32183.0,PEDREIRA INGA CL,Consumidor Livre,SUL,24.0,0.325422
,2024-12-21,,PEDREIRA INGA CL,,,24.0,0.325422
202412.0,2024-12-22,32183.0,PEDREIRA INGA CL,Consumidor Livre,SUL,24.0,0.301865
202412.0,2024-12-22,32183.0,PEDREIRA INGA CL,Consumidor Livre,SUL,24.0,0.301865
,2024-12-22,,PEDREIRA INGA CL,,,24.0,0.301865
202412.0,2024-12-23,32183.0,PEDREIRA INGA CL,Consumidor Livre,SUL,24.0,0.323346
202412.0,2024-12-23,32183.0,PEDREIRA INGA CL,Consumidor Livre,SUL,24.0,0.323346
,2024-12-23,,PEDREIRA INGA CL,,,24.0,0.323346
202412.0,2024-12-24,32183.0,PEDREIRA INGA CL,Consumidor Livre,SUL,24.0,0.29348
202412.0,2024-12-24,32183.0,PEDREIRA INGA CL,Consumidor Livre,SUL,24.0,0.29348
,2024-12-24,,PEDREIRA INGA CL,,,24.0,0.29348
202412.0,2024-12-25,32183.0,PEDREIRA INGA CL,Consumidor Livre,SUL,24.0,0.27835
202412.0,2024-12-25,32183.0,PEDREIRA INGA CL,Consumidor Livre,SUL,24.0,0.27835
,2024-12-25,,PEDREIRA INGA CL,,,24.0,0.27835
202412.0,2024-12-26,32183.0,PEDREIRA INGA CL,Consumidor Livre,SUL,24.0,0.293524
202412.0,2024-12-26,32183.0,PEDREIRA INGA CL,Consumidor Livre,SUL,24.0,0.293524
,2024-12-26,,PEDREIRA INGA CL,,,24.0,0.293524
202412.0,2024-12-27,32183.0,PEDREIRA INGA CL,Consumidor Livre,SUL,24.0,0.305281
202412.0,2024-12-27,32183.0,PEDREIRA INGA CL,Consumidor Livre,SUL,24.0,0.305281
,2024-12-27,,PEDREIRA INGA CL,,,24.0,0.305281
202412.0,2024-12-28,32183.0,PEDREIRA INGA CL,Consumidor Livre,SUL,24.0,0.287958
202412.0,2024-12-28,32183.0,PEDREIRA INGA CL,Consumidor Livre,SUL,24.0,0.287958
,2024-12-28,,PEDREIRA INGA CL,,,24.0,0.287958
202412.0,2024-12-29,32183.0,PEDREIRA INGA CL,Consumidor Livre,SUL,24.0,0.293694
202412.0,2024-12-29,32183.0,PEDREIRA INGA CL,Consumidor Livre,SUL,24.0,0.293694
,2024-12-29,,PEDREIRA INGA CL,,,24.0,0.293694
202412.0,2024-12-30,32183.0,PEDREIRA INGA CL,Consumidor Livre,SUL,24.0,0.454696
202412.0,2024-12-30,32183.0,PEDREIRA INGA CL,Consumidor Livre,SUL,24.0,0.454696
,2024-12-30,,PEDREIRA INGA CL,,,24.0,0.454696
202412.0,2024-12-31,32183.0,PEDREIRA INGA CL,Consumidor Livre,SUL,24.0,0.380589
202412.0,2024-12-31,32183.0,PEDREIRA INGA CL,Consumidor Livre,SUL,24.0,0.380589
,2024-12-31,,PEDREIRA INGA CL,,,24.0,0.380589
202501.0,2025-01-01,32183.0,PEDREIRA INGA CL,Consumidor Livre,SUL,24.0,0.296226
202501.0,2025-01-01,32183.0,PEDREIRA INGA CL,Consumidor Livre,SUL,24.0,0.296226
,2025-01-01,,PEDREIRA INGA CL,,,24.0,0.296226
202501.0,2025-01-02,32183.0,PEDREIRA INGA CL,Consumidor Livre,SUL,24.0,0.29751
202501.0,2025-01-02,32183.0,PEDREIRA INGA CL,Consumidor Livre,SUL,24.0,0.29751
,2025-01-02,,PEDREIRA INGA CL,,,24.0,0.29751
202501.0,2025-01-03,32183.0,PEDREIRA INGA CL,Consumidor Livre,SUL,24.0,0.300953
202501.0,2025-01-03,32183.0,PEDREIRA INGA CL,Consumidor Livre,SUL,24.0,0.300953
,2025-01-03,,PEDREIRA INGA CL,,,24.0,0.300953
202501.0,2025-01-04,32183.0,PEDREIRA INGA CL,Consumidor Livre,SUL,24.0,0.289554
202501.0,2025-01-04,32183.0,PEDREIRA INGA CL,Consumidor Livre,SUL,24.0,0.289554
,2025-01-04,,PEDREIRA INGA CL,,,24.0,0.289554
202501.0,2025-01-05,32183.0,PEDREIRA INGA CL,Consumidor Livre,SUL,24.0,0.49119
202501.0,2025-01-05,32183.0,PEDREIRA INGA CL,Consumidor Livre,SUL,24.0,0.49119
,2025-01-05,,PEDREIRA INGA CL,,,24.0,0.49119
202501.0,2025-01-06,32183.0,PEDREIRA INGA CL,Consumidor Livre,SUL,24.0,1.61783
202501.0,2025-01-06,32183.0,PEDREIRA INGA CL,Consumidor Livre,SUL,24.0,1.61783
,2025-01-06,,PEDREIRA INGA CL,,,24.0,1.61783
202501.0,2025-01-07,32183.0,PEDREIRA INGA CL,Consumidor Livre,SUL,24.0,2.070733
202501.0,2025-01-07,32183.0,PEDREIRA INGA CL,Consumidor Livre,SUL,24.0,2.070733
,2025-01-07,,PEDREIRA INGA CL,,,24.0,2.070733
202501.0,2025-01-08,32183.0,PEDREIRA INGA CL,Consumidor Livre,SUL,24.0,7.27881
202501.0,2025-01-08,32183.0,PEDREIRA INGA CL,Consumidor Livre,SUL,24.0,7.27881
,2025-01-08,,PEDREIRA INGA CL,,,24.0,7.27881
202501.0,2025-01-09,32183.0,PEDREIRA INGA CL,Consumidor Livre,SUL,24.0,6.88919
202501.0,2025-01-09,32183.0,PEDREIRA INGA CL,Consumidor Livre,SUL,24.0,6.88919
,2025-01-09,,PEDREIRA INGA CL,,,24.0,6.88919
202501.0,2025-01-10,32183.0,PEDREIRA INGA CL,Consumidor Livre,SUL,24.0,4.51128
202501.0,2025-01-10,32183.0,PEDREIRA INGA CL,Consumidor Livre,SUL,24.0,4.51128
,2025-01-10,,PEDREIRA INGA CL,,,24.0,4.51128
202501.0,2025-01-11,32183.0,PEDREIRA INGA CL,Consumidor Livre,SUL,24.0,0.619615
202501.0,2025-01-11,32183.0,PEDREIRA INGA CL,Consumidor Livre,SUL,24.0,0.619615
,2025-01-11,,PEDREIRA INGA CL,,,24.0,0.619615
202501.0,2025-01-12,32183.0,PEDREIRA INGA CL,Consumidor Livre,SUL,24.0,0.572091
202501.0,2025-01-12,32183.0,PEDREIRA INGA CL,Consumidor Livre,SUL,24.0,0.572091
,2025-01-12,,PEDREIRA INGA CL,,,24.0,0.572091
202501.0,2025-01-13,32183.0,PEDREIRA INGA CL,Consumidor Livre,SUL,24.0,6.010555
202501.0,2025-01-13,32183.0,PEDREIRA INGA CL,Consumidor Livre,SUL,24.0,6.010555
,2025-01-13,,PEDREIRA INGA CL,,,24.0,6.010555
202501.0,2025-01-14,32183.0,PEDREIRA INGA CL,Consumidor Livre,SUL,24.0,4.721694
202501.0,2025-01-14,32183.0,PEDREIRA INGA CL,Consumidor Livre,SUL,24.0,4.721694
,2025-01-14,,PEDREIRA INGA CL,,,24.0,4.721694
202501.0,2025-01-15,32183.0,PEDREIRA INGA CL,Consumidor Livre,SUL,24.0,6.661537
202501.0,2025-01-15,32183.0,PEDREIRA INGA CL,Consumidor Livre,SUL,24.0,6.661537
,2025-01-15,,PEDREIRA INGA CL,,,24.0,6.661537
202501.0,2025-01-16,32183.0,PEDREIRA INGA CL,Consumidor Livre,SUL,24.0,5.309981
202501.0,2025-01-16,32183.0,PEDREIRA INGA CL,Consumidor Livre,SUL,24.0,5.309981
,2025-01-16,,PEDREIRA INGA CL,,,24.0,5.309981
202501.0,2025-01-17,32183.0,PEDREIRA INGA CL,Consumidor Livre,SUL,24.0,3.772792
202501.0,2025-01-17,32183.0,PEDREIRA INGA CL,Consumidor Livre,SUL,24.0,3.772792
,2025-01-17,,PEDREIRA INGA CL,,,24.0,3.772792
202501.0,2025-01-18,32183.0,PEDREIRA INGA CL,Consumidor Livre,SUL,24.0,0.730472
202501.0,2025-01-18,32183.0,PEDREIRA INGA CL,Consumidor Livre,SUL,24.0,0.730472
,2025-01-18,,PEDREIRA INGA CL,,,24.0,0.730472
202501.0,2025-01-19,32183.0,PEDREIRA INGA CL,Consumidor Livre,SUL,24.0,0.270534
202501.0,2025-01-19,32183.0,PEDREIRA INGA CL,Consumidor Livre,SUL,24.0,0.270534
,2025-01-19,,PEDREIRA INGA CL,,,24.0,0.270534
202501.0,2025-01-20,32183.0,PEDREIRA INGA CL,Consumidor Livre,SUL,24.0,7.999511
202501.0,2025-01-20,32183.0,PEDREIRA INGA CL,Consumidor Livre,SUL,24.0,7.999511
,2025-01-20,,PEDREIRA INGA CL,,,24.0,7.999511
202501.0,2025-01-21,32183.0,PEDREIRA INGA CL,Consumidor Livre,SUL,24.0,5.356889
202501.0,2025-01-21,32183.0,PEDREIRA INGA CL,Consumidor Livre,SUL,24.0,5.356889
,2025-01-21,,PEDREIRA INGA CL,,,24.0,5.356889
202501.0,2025-01-22,32183.0,PEDREIRA INGA CL,Consumidor Livre,SUL,24.0,7.36038
202501.0,2025-01-22,32183.0,PEDREIRA INGA CL,Consumidor Livre,SUL,24.0,7.36038
,2025-01-22,,PEDREIRA INGA CL,,,24.0,7.36038
202501.0,2025-01-23,32183.0,PEDREIRA INGA CL,Consumidor Livre,SUL,24.0,5.773672
202501.0,2025-01-23,32183.0,PEDREIRA INGA CL,Consumidor Livre,SUL,24.0,5.773672
,2025-01-23,,PEDREIRA INGA CL,,,24.0,5.773672
202501.0,2025-01-24,32183.0,PEDREIRA INGA CL,Consumidor Livre,SUL,24.0,7.381973
202501.0,2025-01-24,32183.0,PEDREIRA INGA CL,Consumidor Livre,SUL,24.0,7.381973
,2025-01-24,,PEDREIRA INGA CL,,,24.0,7.381973
202501.0,2025-01-25,32183.0,PEDREIRA INGA CL,Consumidor Livre,SUL,24.0,4.63407
202501.0,2025-01-25,32183.0,PEDREIRA INGA CL,Consumidor Livre,SUL,24.0,4.63407
,2025-01-25,,PEDREIRA INGA CL,,,24.0,4.63407
202501.0,2025-01-26,32183.0,PEDREIRA INGA CL,Consumidor Livre,SUL,24.0,0.394531
202501.0,2025-01-26,32183.0,PEDREIRA INGA CL,Consumidor Livre,SUL,24.0,0.394531
,2025-01-26,,PEDREIRA INGA CL,,,24.0,0.394531
202501.0,2025-01-27,32183.0,PEDREIRA INGA CL,Consumidor Livre,SUL,24.0,5.415993
202501.0,2025-01-27,32183.0,PEDREIRA INGA CL,Consumidor Livre,SUL,24.0,5.415993
,2025-01-27,,PEDREIRA INGA CL,,,24.0,5.415993
202501.0,2025-01-28,32183.0,PEDREIRA INGA CL,Consumidor Livre,SUL,24.0,2.204803
202501.0,2025-01-28,32183.0,PEDREIRA INGA CL,Consumidor Livre,SUL,24.0,2.204803
,2025-01-28,,PEDREIRA INGA CL,,,24.0,2.204803
202501.0,2025-01-29,32183.0,PEDREIRA INGA CL,Consumidor Livre,SUL,24.0,5.619558
202501.0,2025-01-29,32183.0,PEDREIRA INGA CL,Consumidor Livre,SUL,24.0,5.619558
,2025-01-29,,PEDREIRA INGA CL,,,24.0,5.619558
202501.0,2025-01-30,32183.0,PEDREIRA INGA CL,Consumidor Livre,SUL,24.0,7.764526
202501.0,2025-01-30,32183.0,PEDREIRA INGA CL,Consumidor Livre,SUL,24.0,7.764526
,2025-01-30,,PEDREIRA INGA CL,,,24.0,7.764526
202501.0,2025-01-31,32183.0,PEDREIRA INGA CL,Consumidor Livre,SUL,24.0,7.903478
202501.0,2025-01-31,32183.0,PEDREIRA INGA CL,Consumidor Livre,SUL,24.0,7.903478
,2025-01-31,,PEDREIRA INGA CL,,,24.0,7.903478
202502.0,2025-02-01,32183.0,PEDREIRA INGA CL,Consumidor Livre,SUL,24.0,3.315086
202502.0,2025-02-01,32183.0,PEDREIRA INGA CL,Consumidor Livre,SUL,24.0,3.315086
,2025-02-01,,PEDREIRA INGA CL,,,24.0,3.315086
202502.0,2025-02-02,32183.0,PEDREIRA INGA CL,Consumidor Livre,SUL,24.0,0.239621
202502.0,2025-02-02,32183.0,PEDREIRA INGA CL,Consumidor Livre,SUL,24.0,0.239621
,2025-02-02,,PEDREIRA INGA CL,,,24.0,0.239621
202502.0,2025-02-03,32183.0,PEDREIRA INGA CL,Consumidor Livre,SUL,24.0,5.074833
202502.0,2025-02-03,32183.0,PEDREIRA INGA CL,Consumidor Livre,SUL,24.0,5.074833
,2025-02-03,,PEDREIRA INGA CL,,,24.0,5.074833
202502.0,2025-02-04,32183.0,PEDREIRA INGA CL,Consumidor Livre,SUL,24.0,5.249608
202502.0,2025-02-04,32183.0,PEDREIRA INGA CL,Consumidor Livre,SUL,24.0,5.249608
,2025-02-04,,PEDREIRA INGA CL,,,24.0,5.249608
202502.0,2025-02-05,32183.0,PEDREIRA INGA CL,Consumidor Livre,SUL,24.0,7.404339
202502.0,2025-02-05,32183.0,PEDREIRA INGA CL,Consumidor Livre,SUL,24.0,7.404339
,2025-02-05,,PEDREIRA INGA CL,,,24.0,7.404339
202502.0,2025-02-06,32183.0,PEDREIRA INGA CL,Consumidor Livre,SUL,24.0,7.058709
202502.0,2025-02-06,32183.0,PEDREIRA INGA CL,Consumidor Livre,SUL,24.0,7.058709
,2025-02-06,,PEDREIRA INGA CL,,,24.0,7.058709
202502.0,2025-02-07,32183.0,PEDREIRA INGA CL,Consumidor Livre,SUL,24.0,6.104979
202502.0,2025-02-07,32183.0,PEDREIRA INGA CL,Consumidor Livre,SUL,24.0,6.104979
,2025-02-07,,PEDREIRA INGA CL,,,24.0,6.104979
202502.0,2025-02-08,32183.0,PEDREIRA INGA CL,Consumidor Livre,SUL,24.0,0.645937
202502.0,2025-02-08,32183.0,PEDREIRA INGA CL,Consumidor Livre,SUL,24.0,0.645937
,2025-02-08,,PEDREIRA INGA CL,,,24.0,0.645937
202502.0,2025-02-09,32183.0,PEDREIRA INGA CL,Consumidor Livre,SUL,24.0,0.64797
202502.0,2025-02-09,32183.0,PEDREIRA INGA CL,Consumidor Livre,SUL,24.0,0.64797
,2025-02-09,,PEDREIRA INGA CL,,,24.0,0.64797
202502.0,2025-02-10,32183.0,PEDREIRA INGA CL,Consumidor Livre,SUL,24.0,1.764606
202502.0,2025-02-10,32183.0,PEDREIRA INGA CL,Consumidor Livre,SUL,24.0,1.764606
,2025-02-10,,PEDREIRA INGA CL,,,24.0,1.764606
202502.0,2025-02-11,32183.0,PEDREIRA INGA CL,Consumidor Livre,SUL,24.0,6.867028
202502.0,2025-02-11,32183.0,PEDREIRA INGA CL,Consumidor Livre,SUL,24.0,6.867028
,2025-02-11,,PEDREIRA INGA CL,,,24.0,6.867028
202502.0,2025-02-12,32183.0,PEDREIRA INGA CL,Consumidor Livre,SUL,24.0,4.726025
202502.0,2025-02-12,32183.0,PEDREIRA INGA CL,Consumidor Livre,SUL,24.0,4.726025
,2025-02-12,,PEDREIRA INGA CL,,,24.0,4.726025
202502.0,2025-02-13,32183.0,PEDREIRA INGA CL,Consumidor Livre,SUL,24.0,6.176173
202502.0,2025-02-13,32183.0,PEDREIRA INGA CL,Consumidor Livre,SUL,24.0,6.176173
,2025-02-13,,PEDREIRA INGA CL,,,24.0,6.176173
202502.0,2025-02-14,32183.0,PEDREIRA INGA CL,Consumidor Livre,SUL,24.0,7.382581
202502.0,2025-02-14,32183.0,PEDREIRA INGA CL,Consumidor Livre,SUL,24.0,7.382581
,2025-02-14,,PEDREIRA INGA CL,,,24.0,7.382581
202502.0,2025-02-15,32183.0,PEDREIRA INGA CL,Consumidor Livre,SUL,24.0,4.982662
202502.0,2025-02-15,32183.0,PEDREIRA INGA CL,Consumidor Livre,SUL,24.0,4.982662
,2025-02-15,,PEDREIRA INGA CL,,,24.0,4.982662
202502.0,2025-02-16,32183.0,PEDREIRA INGA CL,Consumidor Livre,SUL,24.0,0.585732
202502.0,2025-02-16,32183.0,PEDREIRA INGA CL,Consumidor Livre,SUL,24.0,0.585732
,2025-02-16,,PEDREIRA INGA CL,,,24.0,0.585732
202502.0,2025-02-17,32183.0,PEDREIRA INGA CL,Consumidor Livre,SUL,24.0,6.075766
202502.0,2025-02-17,32183.0,PEDREIRA INGA CL,Consumidor Livre,SUL,24.0,6.075766
,2025-02-17,,PEDREIRA INGA CL,,,24.0,6.075766
202502.0,2025-02-18,32183.0,PEDREIRA INGA CL,Consumidor Livre,SUL,24.0,7.083672
202502.0,2025-02-18,32183.0,PEDREIRA INGA CL,Consumidor Livre,SUL,24.0,7.083672
,2025-02-18,,PEDREIRA INGA CL,,,24.0,7.083672
202502.0,2025-02-19,32183.0,PEDREIRA INGA CL,Consumidor Livre,SUL,24.0,7.347816
202502.0,2025-02-19,32183.0,PEDREIRA INGA CL,Consumidor Livre,SUL,24.0,7.347816
,2025-02-19,,PEDREIRA INGA CL,,,24.0,7.347816
202502.0,2025-02-20,32183.0,PEDREIRA INGA CL,Consumidor Livre,SUL,24.0,6.694005
202502.0,2025-02-20,32183.0,PEDREIRA INGA CL,Consumidor Livre,SUL,24.0,6.694005
,2025-02-20,,PEDREIRA INGA CL,,,24.0,6.694005
202502.0,2025-02-21,32183.0,PEDREIRA INGA CL,Consumidor Livre,SUL,24.0,6.972933
202502.0,2025-02-21,32183.0,PEDREIRA INGA CL,Consumidor Livre,SUL,24.0,6.972933
,2025-02-21,,PEDREIRA INGA CL,,,24.0,6.972933
202502.0,2025-02-22,32183.0,PEDREIRA INGA CL,Consumidor Livre,SUL,24.0,3.3290710000000003
202502.0,2025-02-22,32183.0,PEDREIRA INGA CL,Consumidor Livre,SUL,24.0,3.3290710000000003
,2025-02-22,,PEDREIRA INGA CL,,,24.0,3.3290710000000003
202502.0,2025-02-23,32183.0,PEDREIRA INGA CL,Consumidor Livre,SUL,24.0,0.581981
202502.0,2025-02-23,32183.0,PEDREIRA INGA CL,Consumidor Livre,SUL,24.0,0.581981
,2025-02-23,,PEDREIRA INGA CL,,,24.0,0.581981
202502.0,2025-02-24,32183.0,PEDREIRA INGA CL,Consumidor Livre,SUL,24.0,8.231568
202502.0,2025-02-24,32183.0,PEDREIRA INGA CL,Consumidor Livre,SUL,24.0,8.231568
,2025-02-24,,PEDREIRA INGA CL,,,24.0,8.231568
202502.0,2025-02-25,32183.0,PEDREIRA INGA CL,Consumidor Livre,SUL,24.0,7.425371
202502.0,2025-02-25,32183.0,PEDREIRA INGA CL,Consumidor Livre,SUL,24.0,7.425371
,2025-02-25,,PEDREIRA INGA CL,,,24.0,7.425371
202502.0,2025-02-26,32183.0,PEDREIRA INGA CL,Consumidor Livre,SUL,24.0,8.716401
202502.0,2025-02-26,32183.0,PEDREIRA INGA CL,Consumidor Livre,SUL,24.0,8.716401
,2025-02-26,,PEDREIRA INGA CL,,,24.0,8.716401
202502.0,2025-02-27,32183.0,PEDREIRA INGA CL,Consumidor Livre,SUL,24.0,7.323872
202502.0,2025-02-27,32183.0,PEDREIRA INGA CL,Consumidor Livre,SUL,24.0,7.323872
,2025-02-27,,PEDREIRA INGA CL,,,24.0,7.323872
202502.0,2025-02-28,32183.0,PEDREIRA INGA CL,Consumidor Livre,SUL,24.0,9.195654
202502.0,2025-02-28,32183.0,PEDREIRA INGA CL,Consumidor Livre,SUL,24.0,9.195654
,2025-02-28,,PEDREIRA INGA CL,,,24.0,9.195654
202503.0,2025-03-01,32183.0,PEDREIRA INGA CL,Consumidor Livre,SUL,24.0,0.684271
202503.0,2025-03-01,32183.0,PEDREIRA INGA CL,Consumidor Livre,SUL,24.0,0.684271
,2025-03-01,,PEDREIRA INGA CL,,,24.0,0.684271
202503.0,2025-03-02,32183.0,PEDREIRA INGA CL,Consumidor Livre,SUL,24.0,0.550827
202503.0,2025-03-02,32183.0,PEDREIRA INGA CL,Consumidor Livre,SUL,24.0,0.550827
,2025-03-02,,PEDREIRA INGA CL,,,24.0,0.550827
202503.0,2025-03-03,32183.0,PEDREIRA INGA CL,Consumidor Livre,SUL,24.0,9.378144
202503.0,2025-03-03,32183.0,PEDREIRA INGA CL,Consumidor Livre,SUL,24.0,9.378144
,2025-03-03,,PEDREIRA INGA CL,,,24.0,9.378144
202503.0,2025-03-04,32183.0,PEDREIRA INGA CL,Consumidor Livre,SUL,24.0,0.500749
202503.0,2025-03-04,32183.0,PEDREIRA INGA CL,Consumidor Livre,SUL,24.0,0.500749
,2025-03-04,,PEDREIRA INGA CL,,,24.0,0.500749
202503.0,2025-03-05,32183.0,PEDREIRA INGA CL,Consumidor Livre,SUL,24.0,7.579203
202503.0,2025-03-05,32183.0,PEDREIRA INGA CL,Consumidor Livre,SUL,24.0,7.579203
,2025-03-05,,PEDREIRA INGA CL,,,24.0,7.579203
202503.0,2025-03-06,32183.0,PEDREIRA INGA CL,Consumidor Livre,SUL,24.0,6.824856
202503.0,2025-03-06,32183.0,PEDREIRA INGA CL,Consumidor Livre,SUL,24.0,6.824856
,2025-03-06,,PEDREIRA INGA CL,,,24.0,6.824856
202503.0,2025-03-07,32183.0,PEDREIRA INGA CL,Consumidor Livre,SUL,24.0,0.224762
202503.0,2025-03-07,32183.0,PEDREIRA INGA CL,Consumidor Livre,SUL,24.0,0.224762
,2025-03-07,,PEDREIRA INGA CL,,,24.0,0.224762
202503.0,2025-03-08,32183.0,PEDREIRA INGA CL,Consumidor Livre,SUL,24.0,3.619761
202503.0,2025-03-08,32183.0,PEDREIRA INGA CL,Consumidor Livre,SUL,24.0,3.619761
,2025-03-08,,PEDREIRA INGA CL,,,24.0,3.619761
202503.0,2025-03-09,32183.0,PEDREIRA INGA CL,Consumidor Livre,SUL,24.0,0.424743
202503.0,2025-03-09,32183.0,PEDREIRA INGA CL,Consumidor Livre,SUL,24.0,0.424743
,2025-03-09,,PEDREIRA INGA CL,,,24.0,0.424743
202503.0,2025-03-10,32183.0,PEDREIRA INGA CL,Consumidor Livre,SUL,24.0,7.850558
202503.0,2025-03-10,32183.0,PEDREIRA INGA CL,Consumidor Livre,SUL,24.0,7.850558
,2025-03-10,,PEDREIRA INGA CL,,,24.0,7.850558
202503.0,2025-03-11,32183.0,PEDREIRA INGA CL,Consumidor Livre,SUL,24.0,8.159648
202503.0,2025-03-11,32183.0,PEDREIRA INGA CL,Consumidor Livre,SUL,24.0,8.159648
,2025-03-11,,PEDREIRA INGA CL,,,24.0,8.159648
202503.0,2025-03-12,32183.0,PEDREIRA INGA CL,Consumidor Livre,SUL,24.0,5.319106
202503.0,2025-03-12,32183.0,PEDREIRA INGA CL,Consumidor Livre,SUL,24.0,5.319106
,2025-03-12,,PEDREIRA INGA CL,,,24.0,5.319106
202503.0,2025-03-13,32183.0,PEDREIRA INGA CL,Consumidor Livre,SUL,24.0,8.639517
202503.0,2025-03-13,32183.0,PEDREIRA INGA CL,Consumidor Livre,SUL,24.0,8.639517
,2025-03-13,,PEDREIRA INGA CL,,,24.0,8.639517
202503.0,2025-03-14,32183.0,PEDREIRA INGA CL,Consumidor Livre,SUL,24.0,7.2885
202503.0,2025-03-14,32183.0,PEDREIRA INGA CL,Consumidor Livre,SUL,24.0,7.2885
,2025-03-14,,PEDREIRA INGA CL,,,24.0,7.2885
202503.0,2025-03-15,32183.0,PEDREIRA INGA CL,Consumidor Livre,SUL,24.0,0.6231639999999999
202503.0,2025-03-15,32183.0,PEDREIRA INGA CL,Consumidor Livre,SUL,24.0,0.6231639999999999
,2025-03-15,,PEDREIRA INGA CL,,,24.0,0.6231639999999999
202503.0,2025-03-16,32183.0,PEDREIRA INGA CL,Consumidor Livre,SUL,24.0,0.379999
202503.0,2025-03-16,32183.0,PEDREIRA INGA CL,Consumidor Livre,SUL,24.0,0.379999
,2025-03-16,,PEDREIRA INGA CL,,,24.0,0.379999
202503.0,2025-03-17,32183.0,PEDREIRA INGA CL,Consumidor Livre,SUL,24.0,8.321843
202503.0,2025-03-17,32183.0,PEDREIRA INGA CL,Consumidor Livre,SUL,24.0,8.321843
,2025-03-17,,PEDREIRA INGA CL,,,24.0,8.321843
202503.0,2025-03-18,32183.0,PEDREIRA INGA CL,Consumidor Livre,SUL,24.0,7.691595
202503.0,2025-03-18,32183.0,PEDREIRA INGA CL,Consumidor Livre,SUL,24.0,7.691595
,2025-03-18,,PEDREIRA INGA CL,,,24.0,7.691595
202503.0,2025-03-19,32183.0,PEDREIRA INGA CL,Consumidor Livre,SUL,24.0,8.508874
202503.0,2025-03-19,32183.0,PEDREIRA INGA CL,Consumidor Livre,SUL,24.0,8.508874
,2025-03-19,,PEDREIRA INGA CL,,,24.0,8.508874
202503.0,2025-03-20,32183.0,PEDREIRA INGA CL,Consumidor Livre,SUL,24.0,7.747893
202503.0,2025-03-20,32183.0,PEDREIRA INGA CL,Consumidor Livre,SUL,24.0,7.747893
,2025-03-20,,PEDREIRA INGA CL,,,24.0,7.747893
202503.0,2025-03-21,32183.0,PEDREIRA INGA CL,Consumidor Livre,SUL,24.0,3.323366
202503.0,2025-03-21,32183.0,PEDREIRA INGA CL,Consumidor Livre,SUL,24.0,3.323366
,2025-03-21,,PEDREIRA INGA CL,,,24.0,3.323366
202503.0,2025-03-22,32183.0,PEDREIRA INGA CL,Consumidor Livre,SUL,24.0,5.942709
202503.0,2025-03-22,32183.0,PEDREIRA INGA CL,Consumidor Livre,SUL,24.0,5.942709
,2025-03-22,,PEDREIRA INGA CL,,,24.0,5.942709
202503.0,2025-03-23,32183.0,PEDREIRA INGA CL,Consumidor Livre,SUL,24.0,0.402238
202503.0,2025-03-23,32183.0,PEDREIRA INGA CL,Consumidor Livre,SUL,24.0,0.402238
,2025-03-23,,PEDREIRA INGA CL,,,24.0,0.402238
202503.0,2025-03-24,32183.0,PEDREIRA INGA CL,Consumidor Livre,SUL,24.0,4.244637
202503.0,2025-03-24,32183.0,PEDREIRA INGA CL,Consumidor Livre,SUL,24.0,4.244637
,2025-03-24,,PEDREIRA INGA CL,,,24.0,4.244637
202503.0,2025-03-25,32183.0,PEDREIRA INGA CL,Consumidor Livre,SUL,24.0,5.24493
202503.0,2025-03-25,32183.0,PEDREIRA INGA CL,Consumidor Livre,SUL,24.0,5.24493
,2025-03-25,,PEDREIRA INGA CL,,,24.0,5.24493
202503.0,2025-03-26,32183.0,PEDREIRA INGA CL,Consumidor Livre,SUL,24.0,3.815021
202503.0,2025-03-26,32183.0,PEDREIRA INGA CL,Consumidor Livre,SUL,24.0,3.815021
,2025-03-26,,PEDREIRA INGA CL,,,24.0,3.815021
202503.0,2025-03-27,32183.0,PEDREIRA INGA CL,Consumidor Livre,SUL,24.0,7.259406
202503.0,2025-03-27,32183.0,PEDREIRA INGA CL,Consumidor Livre,SUL,24.0,7.259406
,2025-03-27,,PEDREIRA INGA CL,,,24.0,7.259406
202503.0,2025-03-28,32183.0,PEDREIRA INGA CL,Consumidor Livre,SUL,24.0,7.022231
202503.0,2025-03-28,32183.0,PEDREIRA INGA CL,Consumidor Livre,SUL,24.0,7.022231
,2025-03-28,,PEDREIRA INGA CL,,,24.0,7.022231
202503.0,2025-03-29,32183.0,PEDREIRA INGA CL,Consumidor Livre,SUL,24.0,4.606236
202503.0,2025-03-29,32183.0,PEDREIRA INGA CL,Consumidor Livre,SUL,24.0,4.606236
,2025-03-29,,PEDREIRA INGA CL,,,24.0,4.606236
202503.0,2025-03-30,32183.0,PEDREIRA INGA CL,Consumidor Livre,SUL,24.0,0.396288
202503.0,2025-03-30,32183.0,PEDREIRA INGA CL,Consumidor Livre,SUL,24.0,0.396288
,2025-03-30,,PEDREIRA INGA CL,,,24.0,0.396288
202503.0,2025-03-31,32183.0,PEDREIRA INGA CL,Consumidor Livre,SUL,24.0,8.738409
202503.0,2025-03-31,32183.0,PEDREIRA INGA CL,Consumidor Livre,SUL,24.0,8.738409
,2025-03-31,,PEDREIRA INGA CL,,,24.0,8.738409
202504.0,2025-04-01,32183.0,PEDREIRA INGA CL,Consumidor Livre,SUL,24.0,7.979163
202504.0,2025-04-01,32183.0,PEDREIRA INGA CL,Consumidor Livre,SUL,24.0,7.979163
,2025-04-01,,PEDREIRA INGA CL,,,24.0,7.979163
202504.0,2025-04-02,32183.0,PEDREIRA INGA CL,Consumidor Livre,SUL,24.0,4.42741
202504.0,2025-04-02,32183.0,PEDREIRA INGA CL,Consumidor Livre,SUL,24.0,4.42741
,2025-04-02,,PEDREIRA INGA CL,,,24.0,4.42741
202504.0,2025-04-03,32183.0,PEDREIRA INGA CL,Consumidor Livre,SUL,24.0,6.511006
202504.0,2025-04-03,32183.0,PEDREIRA INGA CL,Consumidor Livre,SUL,24.0,6.511006
,2025-04-03,,PEDREIRA INGA CL,,,24.0,6.511006
202504.0,2025-04-04,32183.0,PEDREIRA INGA CL,Consumidor Livre,SUL,24.0,6.207693
202504.0,2025-04-04,32183.0,PEDREIRA INGA CL,Consumidor Livre,SUL,24.0,6.207693
,2025-04-04,,PEDREIRA INGA CL,,,24.0,6.207693
202504.0,2025-04-05,32183.0,PEDREIRA INGA CL,Consumidor Livre,SUL,24.0,0.430413
202504.0,2025-04-05,32183.0,PEDREIRA INGA CL,Consumidor Livre,SUL,24.0,0.430413
,2025-04-05,,PEDREIRA INGA CL,,,24.0,0.430413
202504.0,2025-04-06,32183.0,PEDREIRA INGA CL,Consumidor Livre,SUL,24.0,0.3812419999999999
202504.0,2025-04-06,32183.0,PEDREIRA INGA CL,Consumidor Livre,SUL,24.0,0.3812419999999999
,2025-04-06,,PEDREIRA INGA CL,,,24.0,0.3812419999999999
202504.0,2025-04-07,32183.0,PEDREIRA INGA CL,Consumidor Livre,SUL,24.0,8.663312
202504.0,2025-04-07,32183.0,PEDREIRA INGA CL,Consumidor Livre,SUL,24.0,8.663312
,2025-04-07,,PEDREIRA INGA CL,,,24.0,8.663312
202504.0,2025-04-08,32183.0,PEDREIRA INGA CL,Consumidor Livre,SUL,24.0,8.594647
202504.0,2025-04-08,32183.0,PEDREIRA INGA CL,Consumidor Livre,SUL,24.0,8.594647
,2025-04-08,,PEDREIRA INGA CL,,,24.0,8.594647
202504.0,2025-04-09,32183.0,PEDREIRA INGA CL,Consumidor Livre,SUL,24.0,9.395339
202504.0,2025-04-09,32183.0,PEDREIRA INGA CL,Consumidor Livre,SUL,24.0,9.395339
,2025-04-09,,PEDREIRA INGA CL,,,24.0,9.395339
202504.0,2025-04-10,32183.0,PEDREIRA INGA CL,Consumidor Livre,SUL,24.0,7.511124
202504.0,2025-04-10,32183.0,PEDREIRA INGA CL,Consumidor Livre,SUL,24.0,7.511124
,2025-04-10,,PEDREIRA INGA CL,,,24.0,7.511124
202504.0,2025-04-11,32183.0,PEDREIRA INGA CL,Consumidor Livre,SUL,24.0,7.290408
202504.0,2025-04-11,32183.0,PEDREIRA INGA CL,Consumidor Livre,SUL,24.0,7.290408
,2025-04-11,,PEDREIRA INGA CL,,,24.0,7.290408
202504.0,2025-04-12,32183.0,PEDREIRA INGA CL,Consumidor Livre,SUL,24.0,0.360217
202504.0,2025-04-12,32183.0,PEDREIRA INGA CL,Consumidor Livre,SUL,24.0,0.360217
,2025-04-12,,PEDREIRA INGA CL,,,24.0,0.360217
202504.0,2025-04-13,32183.0,PEDREIRA INGA CL,Consumidor Livre,SUL,24.0,0.32782
202504.0,2025-04-13,32183.0,PEDREIRA INGA CL,Consumidor Livre,SUL,24.0,0.32782
,2025-04-13,,PEDREIRA INGA CL,,,24.0,0.32782
202504.0,2025-04-14,32183.0,PEDREIRA INGA CL,Consumidor Livre,SUL,24.0,6.767253
202504.0,2025-04-14,32183.0,PEDREIRA INGA CL,Consumidor Livre,SUL,24.0,6.767253
,2025-04-14,,PEDREIRA INGA CL,,,24.0,6.767253
202504.0,2025-04-15,32183.0,PEDREIRA INGA CL,Consumidor Livre,SUL,24.0,5.039776
202504.0,2025-04-15,32183.0,PEDREIRA INGA CL,Consumidor Livre,SUL,24.0,5.039776
,2025-04-15,,PEDREIRA INGA CL,,,24.0,5.039776
202504.0,2025-04-16,32183.0,PEDREIRA INGA CL,Consumidor Livre,SUL,24.0,6.461463
202504.0,2025-04-16,32183.0,PEDREIRA INGA CL,Consumidor Livre,SUL,24.0,6.461463
,2025-04-16,,PEDREIRA INGA CL,,,24.0,6.461463
202504.0,2025-04-17,32183.0,PEDREIRA INGA CL,Consumidor Livre,SUL,24.0,7.240627
202504.0,2025-04-17,32183.0,PEDREIRA INGA CL,Consumidor Livre,SUL,24.0,7.240627
,2025-04-17,,PEDREIRA INGA CL,,,24.0,7.240627
202504.0,2025-04-18,32183.0,PEDREIRA INGA CL,Consumidor Livre,SUL,24.0,0.336921
202504.0,2025-04-18,32183.0,PEDREIRA INGA CL,Consumidor Livre,SUL,24.0,0.336921
,2025-04-18,,PEDREIRA INGA CL,,,24.0,0.336921
202504.0,2025-04-19,32183.0,PEDREIRA INGA CL,Consumidor Livre,SUL,24.0,0.351101
202504.0,2025-04-19,32183.0,PEDREIRA INGA CL,Consumidor Livre,SUL,24.0,0.351101
,2025-04-19,,PEDREIRA INGA CL,,,24.0,0.351101
202504.0,2025-04-20,32183.0,PEDREIRA INGA CL,Consumidor Livre,SUL,24.0,0.343941
202504.0,2025-04-20,32183.0,PEDREIRA INGA CL,Consumidor Livre,SUL,24.0,0.343941
,2025-04-20,,PEDREIRA INGA CL,,,24.0,0.343941
202504.0,2025-04-21,32183.0,PEDREIRA INGA CL,Consumidor Livre,SUL,24.0,0.370046
202504.0,2025-04-21,32183.0,PEDREIRA INGA CL,Consumidor Livre,SUL,24.0,0.370046
,2025-04-21,,PEDREIRA INGA CL,,,24.0,0.370046
202504.0,2025-04-22,32183.0,PEDREIRA INGA CL,Consumidor Livre,SUL,24.0,4.792981
202504.0,2025-04-22,32183.0,PEDREIRA INGA CL,Consumidor Livre,SUL,24.0,4.792981
,2025-04-22,,PEDREIRA INGA CL,,,24.0,4.792981
202504.0,2025-04-23,32183.0,PEDREIRA INGA CL,Consumidor Livre,SUL,24.0,6.415845
202504.0,2025-04-23,32183.0,PEDREIRA INGA CL,Consumidor Livre,SUL,24.0,6.415845
,2025-04-23,,PEDREIRA INGA CL,,,24.0,6.415845
202504.0,2025-04-24,32183.0,PEDREIRA INGA CL,Consumidor Livre,SUL,24.0,4.527237
202504.0,2025-04-24,32183.0,PEDREIRA INGA CL,Consumidor Livre,SUL,24.0,4.527237
,2025-04-24,,PEDREIRA INGA CL,,,24.0,4.527237
202504.0,2025-04-25,32183.0,PEDREIRA INGA CL,Consumidor Livre,SUL,24.0,5.645088
202504.0,2025-04-25,32183.0,PEDREIRA INGA CL,Consumidor Livre,SUL,24.0,5.645088
,2025-04-25,,PEDREIRA INGA CL,,,24.0,5.645088
202504.0,2025-04-26,32183.0,PEDREIRA INGA CL,Consumidor Livre,SUL,24.0,0.349335
202504.0,2025-04-26,32183.0,PEDREIRA INGA CL,Consumidor Livre,SUL,24.0,0.349335
,2025-04-26,,PEDREIRA INGA CL,,,24.0,0.349335
202504.0,2025-04-27,32183.0,PEDREIRA INGA CL,Consumidor Livre,SUL,24.0,0.288399
202504.0,2025-04-27,32183.0,PEDREIRA INGA CL,Consumidor Livre,SUL,24.0,0.288399
,2025-04-27,,PEDREIRA INGA CL,,,24.0,0.288399
202504.0,2025-04-28,32183.0,PEDREIRA INGA CL,Consumidor Livre,SUL,24.0,5.430689
202504.0,2025-04-28,32183.0,PEDREIRA INGA CL,Consumidor Livre,SUL,24.0,5.430689
,2025-04-28,,PEDREIRA INGA CL,,,24.0,5.430689
202504.0,2025-04-29,32183.0,PEDREIRA INGA CL,Consumidor Livre,SUL,24.0,5.643392
202504.0,2025-04-29,32183.0,PEDREIRA INGA CL,Consumidor Livre,SUL,24.0,5.643392
,2025-04-29,,PEDREIRA INGA CL,,,24.0,5.643392
202504.0,2025-04-30,32183.0,PEDREIRA INGA CL,Consumidor Livre,SUL,24.0,2.971747
202504.0,2025-04-30,32183.0,PEDREIRA INGA CL,Consumidor Livre,SUL,24.0,2.971747
,2025-04-30,,PEDREIRA INGA CL,,,24.0,2.971747
202505.0,2025-05-01,32183.0,PEDREIRA INGA CL,Consumidor Livre,SUL,24.0,0.369048
202505.0,2025-05-01,32183.0,PEDREIRA INGA CL,Consumidor Livre,SUL,24.0,0.369048
,2025-05-01,,PEDREIRA INGA CL,,,24.0,0.369048
202505.0,2025-05-02,32183.0,PEDREIRA INGA CL,Consumidor Livre,SUL,24.0,2.405794
202505.0,2025-05-02,32183.0,PEDREIRA INGA CL,Consumidor Livre,SUL,24.0,2.405794
,2025-05-02,,PEDREIRA INGA CL,,,24.0,2.405794
202505.0,2025-05-03,32183.0,PEDREIRA INGA CL,Consumidor Livre,SUL,24.0,3.827616
202505.0,2025-05-03,32183.0,PEDREIRA INGA CL,Consumidor Livre,SUL,24.0,3.827616
,2025-05-03,,PEDREIRA INGA CL,,,24.0,3.827616
202505.0,2025-05-04,32183.0,PEDREIRA INGA CL,Consumidor Livre,SUL,24.0,0.341411
202505.0,2025-05-04,32183.0,PEDREIRA INGA CL,Consumidor Livre,SUL,24.0,0.341411
,2025-05-04,,PEDREIRA INGA CL,,,24.0,0.341411
202505.0,2025-05-05,32183.0,PEDREIRA INGA CL,Consumidor Livre,SUL,24.0,4.739584
202505.0,2025-05-05,32183.0,PEDREIRA INGA CL,Consumidor Livre,SUL,24.0,4.739584
,2025-05-05,,PEDREIRA INGA CL,,,24.0,4.739584
202505.0,2025-05-06,32183.0,PEDREIRA INGA CL,Consumidor Livre,SUL,24.0,6.702073
202505.0,2025-05-06,32183.0,PEDREIRA INGA CL,Consumidor Livre,SUL,24.0,6.702073
,2025-05-06,,PEDREIRA INGA CL,,,24.0,6.702073
202505.0,2025-05-07,32183.0,PEDREIRA INGA CL,Consumidor Livre,SUL,24.0,5.985284
202505.0,2025-05-07,32183.0,PEDREIRA INGA CL,Consumidor Livre,SUL,24.0,5.985284
,2025-05-07,,PEDREIRA INGA CL,,,24.0,5.985284
202505.0,2025-05-08,32183.0,PEDREIRA INGA CL,Consumidor Livre,SUL,24.0,2.42378
202505.0,2025-05-08,32183.0,PEDREIRA INGA CL,Consumidor Livre,SUL,24.0,2.42378
,2025-05-08,,PEDREIRA INGA CL,,,24.0,2.42378
202505.0,2025-05-09,32183.0,PEDREIRA INGA CL,Consumidor Livre,SUL,24.0,2.5334410000000003
202505.0,2025-05-09,32183.0,PEDREIRA INGA CL,Consumidor Livre,SUL,24.0,2.5334410000000003
,2025-05-09,,PEDREIRA INGA CL,,,24.0,2.5334410000000003
202505.0,2025-05-10,32183.0,PEDREIRA INGA CL,Consumidor Livre,SUL,24.0,4.959272
202505.0,2025-05-10,32183.0,PEDREIRA INGA CL,Consumidor Livre,SUL,24.0,4.959272
,2025-05-10,,PEDREIRA INGA CL,,,24.0,4.959272
202505.0,2025-05-11,32183.0,PEDREIRA INGA CL,Consumidor Livre,SUL,24.0,0.304406
202505.0,2025-05-11,32183.0,PEDREIRA INGA CL,Consumidor Livre,SUL,24.0,0.304406
,2025-05-11,,PEDREIRA INGA CL,,,24.0,0.304406
202505.0,2025-05-12,32183.0,PEDREIRA INGA CL,Consumidor Livre,SUL,24.0,3.466367
202505.0,2025-05-12,32183.0,PEDREIRA INGA CL,Consumidor Livre,SUL,24.0,3.466367
,2025-05-12,,PEDREIRA INGA CL,,,24.0,3.466367
202505.0,2025-05-13,32183.0,PEDREIRA INGA CL,Consumidor Livre,SUL,24.0,5.6035010000000005
202505.0,2025-05-13,32183.0,PEDREIRA INGA CL,Consumidor Livre,SUL,24.0,5.6035010000000005
,2025-05-13,,PEDREIRA INGA CL,,,24.0,5.6035010000000005
202505.0,2025-05-14,32183.0,PEDREIRA INGA CL,Consumidor Livre,SUL,24.0,7.250343
202505.0,2025-05-14,32183.0,PEDREIRA INGA CL,Consumidor Livre,SUL,24.0,7.250343
,2025-05-14,,PEDREIRA INGA CL,,,24.0,7.250343
202505.0,2025-05-15,32183.0,PEDREIRA INGA CL,Consumidor Livre,SUL,24.0,8.481216
202505.0,2025-05-15,32183.0,PEDREIRA INGA CL,Consumidor Livre,SUL,24.0,8.481216
,2025-05-15,,PEDREIRA INGA CL,,,24.0,8.481216
202505.0,2025-05-16,32183.0,PEDREIRA INGA CL,Consumidor Livre,SUL,24.0,4.970844
202505.0,2025-05-16,32183.0,PEDREIRA INGA CL,Consumidor Livre,SUL,24.0,4.970844
,2025-05-16,,PEDREIRA INGA CL,,,24.0,4.970844
202505.0,2025-05-17,32183.0,PEDREIRA INGA CL,Consumidor Livre,SUL,24.0,0.301773
202505.0,2025-05-17,32183.0,PEDREIRA INGA CL,Consumidor Livre,SUL,24.0,0.301773
,2025-05-17,,PEDREIRA INGA CL,,,24.0,0.301773
202505.0,2025-05-18,32183.0,PEDREIRA INGA CL,Consumidor Livre,SUL,24.0,0.2659849999999999
202505.0,2025-05-18,32183.0,PEDREIRA INGA CL,Consumidor Livre,SUL,24.0,0.2659849999999999
,2025-05-18,,PEDREIRA INGA CL,,,24.0,0.2659849999999999
202505.0,2025-05-19,32183.0,PEDREIRA INGA CL,Consumidor Livre,SUL,24.0,5.142288
202505.0,2025-05-19,32183.0,PEDREIRA INGA CL,Consumidor Livre,SUL,24.0,5.142288
,2025-05-19,,PEDREIRA INGA CL,,,24.0,5.142288
202505.0,2025-05-20,32183.0,PEDREIRA INGA CL,Consumidor Livre,SUL,24.0,3.002557
202505.0,2025-05-20,32183.0,PEDREIRA INGA CL,Consumidor Livre,SUL,24.0,3.002557
,2025-05-20,,PEDREIRA INGA CL,,,24.0,3.002557
202505.0,2025-05-21,32183.0,PEDREIRA INGA CL,Consumidor Livre,SUL,24.0,7.105341
202505.0,2025-05-21,32183.0,PEDREIRA INGA CL,Consumidor Livre,SUL,24.0,7.105341
,2025-05-21,,PEDREIRA INGA CL,,,24.0,7.105341
202505.0,2025-05-22,32183.0,PEDREIRA INGA CL,Consumidor Livre,SUL,24.0,5.907968
202505.0,2025-05-22,32183.0,PEDREIRA INGA CL,Consumidor Livre,SUL,24.0,5.907968
,2025-05-22,,PEDREIRA INGA CL,,,24.0,5.907968
202505.0,2025-05-23,32183.0,PEDREIRA INGA CL,Consumidor Livre,SUL,24.0,7.804873
202505.0,2025-05-23,32183.0,PEDREIRA INGA CL,Consumidor Livre,SUL,24.0,7.804873
,2025-05-23,,PEDREIRA INGA CL,,,24.0,7.804873
202505.0,2025-05-24,32183.0,PEDREIRA INGA CL,Consumidor Livre,SUL,24.0,0.3251549999999999
202505.0,2025-05-24,32183.0,PEDREIRA INGA CL,Consumidor Livre,SUL,24.0,0.3251549999999999
,2025-05-24,,PEDREIRA INGA CL,,,24.0,0.3251549999999999
202505.0,2025-05-25,32183.0,PEDREIRA INGA CL,Consumidor Livre,SUL,24.0,0.270732
202505.0,2025-05-25,32183.0,PEDREIRA INGA CL,Consumidor Livre,SUL,24.0,0.270732
,2025-05-25,,PEDREIRA INGA CL,,,24.0,0.270732
202505.0,2025-05-26,32183.0,PEDREIRA INGA CL,Consumidor Livre,SUL,24.0,7.417083
202505.0,2025-05-26,32183.0,PEDREIRA INGA CL,Consumidor Livre,SUL,24.0,7.417083
,2025-05-26,,PEDREIRA INGA CL,,,24.0,7.417083
202505.0,2025-05-27,32183.0,PEDREIRA INGA CL,Consumidor Livre,SUL,24.0,5.914447
202505.0,2025-05-27,32183.0,PEDREIRA INGA CL,Consumidor Livre,SUL,24.0,5.914447
,2025-05-27,,PEDREIRA INGA CL,,,24.0,5.914447
202505.0,2025-05-28,32183.0,PEDREIRA INGA CL,Consumidor Livre,SUL,24.0,5.888738
202505.0,2025-05-28,32183.0,PEDREIRA INGA CL,Consumidor Livre,SUL,24.0,5.888738
,2025-05-28,,PEDREIRA INGA CL,,,24.0,5.888738
202505.0,2025-05-29,32183.0,PEDREIRA INGA CL,Consumidor Livre,SUL,24.0,5.756292999999999
202505.0,2025-05-29,32183.0,PEDREIRA INGA CL,Consumidor Livre,SUL,24.0,5.756292999999999
,2025-05-29,,PEDREIRA INGA CL,,,24.0,5.756292999999999
202505.0,2025-05-30,32183.0,PEDREIRA INGA CL,Consumidor Livre,SUL,24.0,7.356644
202505.0,2025-05-30,32183.0,PEDREIRA INGA CL,Consumidor Livre,SUL,24.0,7.356644
,2025-05-30,,PEDREIRA INGA CL,,,24.0,7.356644
202505.0,2025-05-31,32183.0,PEDREIRA INGA CL,Consumidor Livre,SUL,24.0,0.329029
202505.0,2025-05-31,32183.0,PEDREIRA INGA CL,Consumidor Livre,SUL,24.0,0.329029
,2025-05-31,,PEDREIRA INGA CL,,,24.0,0.329029
202506.0,2025-06-01,32183.0,PEDREIRA INGA CL,Consumidor Livre,SUL,24.0,0.304804
202506.0,2025-06-01,32183.0,PEDREIRA INGA CL,Consumidor Livre,SUL,24.0,0.304804
,2025-06-01,,PEDREIRA INGA CL,,,24.0,0.304804
202506.0,2025-06-02,32183.0,PEDREIRA INGA CL,Consumidor Livre,SUL,24.0,4.030264
202506.0,2025-06-02,32183.0,PEDREIRA INGA CL,Consumidor Livre,SUL,24.0,4.030264
,2025-06-02,,PEDREIRA INGA CL,,,24.0,4.030264
202506.0,2025-06-03,32183.0,PEDREIRA INGA CL,Consumidor Livre,SUL,24.0,8.972736
202506.0,2025-06-03,32183.0,PEDREIRA INGA CL,Consumidor Livre,SUL,24.0,8.972736
,2025-06-03,,PEDREIRA INGA CL,,,24.0,8.972736
202506.0,2025-06-04,32183.0,PEDREIRA INGA CL,Consumidor Livre,SUL,24.0,5.988805
202506.0,2025-06-04,32183.0,PEDREIRA INGA CL,Consumidor Livre,SUL,24.0,5.988805
,2025-06-04,,PEDREIRA INGA CL,,,24.0,5.988805
202506.0,2025-06-05,32183.0,PEDREIRA INGA CL,Consumidor Livre,SUL,24.0,5.183726
202506.0,2025-06-05,32183.0,PEDREIRA INGA CL,Consumidor Livre,SUL,24.0,5.183726
,2025-06-05,,PEDREIRA INGA CL,,,24.0,5.183726
202506.0,2025-06-06,32183.0,PEDREIRA INGA CL,Consumidor Livre,SUL,24.0,5.3631590000000005
202506.0,2025-06-06,32183.0,PEDREIRA INGA CL,Consumidor Livre,SUL,24.0,5.3631590000000005
,2025-06-06,,PEDREIRA INGA CL,,,24.0,5.3631590000000005
202506.0,2025-06-07,32183.0,PEDREIRA INGA CL,Consumidor Livre,SUL,24.0,3.198545
202506.0,2025-06-07,32183.0,PEDREIRA INGA CL,Consumidor Livre,SUL,24.0,3.198545
,2025-06-07,,PEDREIRA INGA CL,,,24.0,3.198545
202506.0,2025-06-08,32183.0,PEDREIRA INGA CL,Consumidor Livre,SUL,24.0,0.278475
202506.0,2025-06-08,32183.0,PEDREIRA INGA CL,Consumidor Livre,SUL,24.0,0.278475
,2025-06-08,,PEDREIRA INGA CL,,,24.0,0.278475
202506.0,2025-06-09,32183.0,PEDREIRA INGA CL,Consumidor Livre,SUL,24.0,7.177291
202506.0,2025-06-09,32183.0,PEDREIRA INGA CL,Consumidor Livre,SUL,24.0,7.177291
,2025-06-09,,PEDREIRA INGA CL,,,24.0,7.177291
202506.0,2025-06-10,32183.0,PEDREIRA INGA CL,Consumidor Livre,SUL,24.0,5.771998
202506.0,2025-06-10,32183.0,PEDREIRA INGA CL,Consumidor Livre,SUL,24.0,5.771998
,2025-06-10,,PEDREIRA INGA CL,,,24.0,5.771998
202506.0,2025-06-11,32183.0,PEDREIRA INGA CL,Consumidor Livre,SUL,24.0,4.947363999999999
202506.0,2025-06-11,32183.0,PEDREIRA INGA CL,Consumidor Livre,SUL,24.0,4.947363999999999
,2025-06-11,,PEDREIRA INGA CL,,,24.0,4.947363999999999
202506.0,2025-06-12,32183.0,PEDREIRA INGA CL,Consumidor Livre,SUL,24.0,7.191753
202506.0,2025-06-12,32183.0,PEDREIRA INGA CL,Consumidor Livre,SUL,24.0,7.191753
,2025-06-12,,PEDREIRA INGA CL,,,24.0,7.191753
202506.0,2025-06-13,32183.0,PEDREIRA INGA CL,Consumidor Livre,SUL,24.0,7.365023
202506.0,2025-06-13,32183.0,PEDREIRA INGA CL,Consumidor Livre,SUL,24.0,7.365023
,2025-06-13,,PEDREIRA INGA CL,,,24.0,7.365023
202506.0,2025-06-14,32183.0,PEDREIRA INGA CL,Consumidor Livre,SUL,24.0,4.363497
202506.0,2025-06-14,32183.0,PEDREIRA INGA CL,Consumidor Livre,SUL,24.0,4.363497
,2025-06-14,,PEDREIRA INGA CL,,,24.0,4.363497
202506.0,2025-06-15,32183.0,PEDREIRA INGA CL,Consumidor Livre,SUL,24.0,0.359932
202506.0,2025-06-15,32183.0,PEDREIRA INGA CL,Consumidor Livre,SUL,24.0,0.359932
,2025-06-15,,PEDREIRA INGA CL,,,24.0,0.359932
202506.0,2025-06-16,32183.0,PEDREIRA INGA CL,Consumidor Livre,SUL,24.0,5.638807
202506.0,2025-06-16,32183.0,PEDREIRA INGA CL,Consumidor Livre,SUL,24.0,5.638807
,2025-06-16,,PEDREIRA INGA CL,,,24.0,5.638807
202506.0,2025-06-17,32183.0,PEDREIRA INGA CL,Consumidor Livre,SUL,24.0,5.903192
202506.0,2025-06-17,32183.0,PEDREIRA INGA CL,Consumidor Livre,SUL,24.0,5.903192
,2025-06-17,,PEDREIRA INGA CL,,,24.0,5.903192
202506.0,2025-06-18,32183.0,PEDREIRA INGA CL,Consumidor Livre,SUL,24.0,5.333205
202506.0,2025-06-18,32183.0,PEDREIRA INGA CL,Consumidor Livre,SUL,24.0,5.333205
,2025-06-18,,PEDREIRA INGA CL,,,24.0,5.333205
202506.0,2025-06-19,32183.0,PEDREIRA INGA CL,Consumidor Livre,SUL,24.0,4.646566
202506.0,2025-06-19,32183.0,PEDREIRA INGA CL,Consumidor Livre,SUL,24.0,4.646566
,2025-06-19,,PEDREIRA INGA CL,,,24.0,4.646566
202506.0,2025-06-20,32183.0,PEDREIRA INGA CL,Consumidor Livre,SUL,24.0,6.15014
202506.0,2025-06-20,32183.0,PEDREIRA INGA CL,Consumidor Livre,SUL,24.0,6.15014
,2025-06-20,,PEDREIRA INGA CL,,,24.0,6.15014
202506.0,2025-06-21,32183.0,PEDREIRA INGA CL,Consumidor Livre,SUL,24.0,3.793033
202506.0,2025-06-21,32183.0,PEDREIRA INGA CL,Consumidor Livre,SUL,24.0,3.793033
,2025-06-21,,PEDREIRA INGA CL,,,24.0,3.793033
202506.0,2025-06-22,32183.0,PEDREIRA INGA CL,Consumidor Livre,SUL,24.0,0.289942
202506.0,2025-06-22,32183.0,PEDREIRA INGA CL,Consumidor Livre,SUL,24.0,0.289942
,2025-06-22,,PEDREIRA INGA CL,,,24.0,0.289942
202506.0,2025-06-23,32183.0,PEDREIRA INGA CL,Consumidor Livre,SUL,24.0,7.256735
202506.0,2025-06-23,32183.0,PEDREIRA INGA CL,Consumidor Livre,SUL,24.0,7.256735
,2025-06-23,,PEDREIRA INGA CL,,,24.0,7.256735
202506.0,2025-06-24,32183.0,PEDREIRA INGA CL,Consumidor Livre,SUL,24.0,9.137297
202506.0,2025-06-24,32183.0,PEDREIRA INGA CL,Consumidor Livre,SUL,24.0,9.137297
,2025-06-24,,PEDREIRA INGA CL,,,24.0,9.137297
202506.0,2025-06-25,32183.0,PEDREIRA INGA CL,Consumidor Livre,SUL,24.0,7.731273
202506.0,2025-06-25,32183.0,PEDREIRA INGA CL,Consumidor Livre,SUL,24.0,7.731273
,2025-06-25,,PEDREIRA INGA CL,,,24.0,7.731273
202506.0,2025-06-26,32183.0,PEDREIRA INGA CL,Consumidor Livre,SUL,24.0,7.667944
202506.0,2025-06-26,32183.0,PEDREIRA INGA CL,Consumidor Livre,SUL,24.0,7.667944
,2025-06-26,,PEDREIRA INGA CL,,,24.0,7.667944
202506.0,2025-06-27,32183.0,PEDREIRA INGA CL,Consumidor Livre,SUL,24.0,8.33064
202506.0,2025-06-27,32183.0,PEDREIRA INGA CL,Consumidor Livre,SUL,24.0,8.33064
,2025-06-27,,PEDREIRA INGA CL,,,24.0,8.33064
202506.0,2025-06-28,32183.0,PEDREIRA INGA CL,Consumidor Livre,SUL,24.0,8.09221
202506.0,2025-06-28,32183.0,PEDREIRA INGA CL,Consumidor Livre,SUL,24.0,8.09221
,2025-06-28,,PEDREIRA INGA CL,,,24.0,8.09221
202506.0,2025-06-29,32183.0,PEDREIRA INGA CL,Consumidor Livre,SUL,24.0,0.522029
202506.0,2025-06-29,32183.0,PEDREIRA INGA CL,Consumidor Livre,SUL,24.0,0.522029
,2025-06-29,,PEDREIRA INGA CL,,,24.0,0.522029
202506.0,2025-06-30,32183.0,PEDREIRA INGA CL,Consumidor Livre,SUL,24.0,5.271838
202506.0,2025-06-30,32183.0,PEDREIRA INGA CL,Consumidor Livre,SUL,24.0,5.271838
,2025-06-30,,PEDREIRA INGA CL,,,24.0,5.271838
202507.0,2025-07-01,32183.0,PEDREIRA INGA CL,Consumidor Livre,SUL,24.0,8.440859
202507.0,2025-07-01,32183.0,PEDREIRA INGA CL,Consumidor Livre,SUL,24.0,8.440859
,2025-07-01,,PEDREIRA INGA CL,,,24.0,8.440859
202507.0,2025-07-02,32183.0,PEDREIRA INGA CL,Consumidor Livre,SUL,24.0,9.103338
202507.0,2025-07-02,32183.0,PEDREIRA INGA CL,Consumidor Livre,SUL,24.0,9.103338
,2025-07-02,,PEDREIRA INGA CL,,,24.0,9.103338
202507.0,2025-07-03,32183.0,PEDREIRA INGA CL,Consumidor Livre,SUL,24.0,1.899423
202507.0,2025-07-03,32183.0,PEDREIRA INGA CL,Consumidor Livre,SUL,24.0,1.899423
,2025-07-03,,PEDREIRA INGA CL,,,24.0,1.899423
202507.0,2025-07-04,32183.0,PEDREIRA INGA CL,Consumidor Livre,SUL,24.0,7.447084999999999
202507.0,2025-07-04,32183.0,PEDREIRA INGA CL,Consumidor Livre,SUL,24.0,7.447084999999999
,2025-07-04,,PEDREIRA INGA CL,,,24.0,7.447084999999999
202507.0,2025-07-05,32183.0,PEDREIRA INGA CL,Consumidor Livre,SUL,24.0,8.832527
202507.0,2025-07-05,32183.0,PEDREIRA INGA CL,Consumidor Livre,SUL,24.0,8.832527
,2025-07-05,,PEDREIRA INGA CL,,,24.0,8.832527
202507.0,2025-07-06,32183.0,PEDREIRA INGA CL,Consumidor Livre,SUL,24.0,0.356192
202507.0,2025-07-06,32183.0,PEDREIRA INGA CL,Consumidor Livre,SUL,24.0,0.356192
,2025-07-06,,PEDREIRA INGA CL,,,24.0,0.356192
202507.0,2025-07-07,32183.0,PEDREIRA INGA CL,Consumidor Livre,SUL,24.0,6.5165880000000005
202507.0,2025-07-07,32183.0,PEDREIRA INGA CL,Consumidor Livre,SUL,24.0,6.5165880000000005
,2025-07-07,,PEDREIRA INGA CL,,,24.0,6.5165880000000005
202507.0,2025-07-08,32183.0,PEDREIRA INGA CL,Consumidor Livre,SUL,24.0,6.461986
202507.0,2025-07-08,32183.0,PEDREIRA INGA CL,Consumidor Livre,SUL,24.0,6.461986
,2025-07-08,,PEDREIRA INGA CL,,,24.0,6.461986
202507.0,2025-07-09,32183.0,PEDREIRA INGA CL,Consumidor Livre,SUL,24.0,6.141298
202507.0,2025-07-09,32183.0,PEDREIRA INGA CL,Consumidor Livre,SUL,24.0,6.141298
,2025-07-09,,PEDREIRA INGA CL,,,24.0,6.141298
202507.0,2025-07-10,32183.0,PEDREIRA INGA CL,Consumidor Livre,SUL,24.0,7.231362
202507.0,2025-07-10,32183.0,PEDREIRA INGA CL,Consumidor Livre,SUL,24.0,7.231362
,2025-07-10,,PEDREIRA INGA CL,,,24.0,7.231362
202507.0,2025-07-11,32183.0,PEDREIRA INGA CL,Consumidor Livre,SUL,24.0,9.519537
202507.0,2025-07-11,32183.0,PEDREIRA INGA CL,Consumidor Livre,SUL,24.0,9.519537
,2025-07-11,,PEDREIRA INGA CL,,,24.0,9.519537
202507.0,2025-07-12,32183.0,PEDREIRA INGA CL,Consumidor Livre,SUL,24.0,8.454884
202507.0,2025-07-12,32183.0,PEDREIRA INGA CL,Consumidor Livre,SUL,24.0,8.454884
,2025-07-12,,PEDREIRA INGA CL,,,24.0,8.454884
202507.0,2025-07-13,32183.0,PEDREIRA INGA CL,Consumidor Livre,SUL,24.0,0.42702
202507.0,2025-07-13,32183.0,PEDREIRA INGA CL,Consumidor Livre,SUL,24.0,0.42702
,2025-07-13,,PEDREIRA INGA CL,,,24.0,0.42702
202507.0,2025-07-14,32183.0,PEDREIRA INGA CL,Consumidor Livre,SUL,24.0,7.804956
202507.0,2025-07-14,32183.0,PEDREIRA INGA CL,Consumidor Livre,SUL,24.0,7.804956
,2025-07-14,,PEDREIRA INGA CL,,,24.0,7.804956
202507.0,2025-07-15,32183.0,PEDREIRA INGA CL,Consumidor Livre,SUL,24.0,9.212752
202507.0,2025-07-15,32183.0,PEDREIRA INGA CL,Consumidor Livre,SUL,24.0,9.212752
,2025-07-15,,PEDREIRA INGA CL,,,24.0,9.212752
202507.0,2025-07-16,32183.0,PEDREIRA INGA CL,Consumidor Livre,SUL,24.0,7.650287
202507.0,2025-07-16,32183.0,PEDREIRA INGA CL,Consumidor Livre,SUL,24.0,7.650287
,2025-07-16,,PEDREIRA INGA CL,,,24.0,7.650287
202507.0,2025-07-17,32183.0,PEDREIRA INGA CL,Consumidor Livre,SUL,24.0,6.285329
202507.0,2025-07-17,32183.0,PEDREIRA INGA CL,Consumidor Livre,SUL,24.0,6.285329
,2025-07-17,,PEDREIRA INGA CL,,,24.0,6.285329
202507.0,2025-07-18,32183.0,PEDREIRA INGA CL,Consumidor Livre,SUL,24.0,7.633479
202507.0,2025-07-18,32183.0,PEDREIRA INGA CL,Consumidor Livre,SUL,24.0,7.633479
,2025-07-18,,PEDREIRA INGA CL,,,24.0,7.633479
202507.0,2025-07-19,32183.0,PEDREIRA INGA CL,Consumidor Livre,SUL,24.0,4.854855
202507.0,2025-07-19,32183.0,PEDREIRA INGA CL,Consumidor Livre,SUL,24.0,4.854855
,2025-07-19,,PEDREIRA INGA CL,,,24.0,4.854855
202507.0,2025-07-20,32183.0,PEDREIRA INGA CL,Consumidor Livre,SUL,24.0,0.321134
202507.0,2025-07-20,32183.0,PEDREIRA INGA CL,Consumidor Livre,SUL,24.0,0.321134
,2025-07-20,,PEDREIRA INGA CL,,,24.0,0.321134
202507.0,2025-07-21,32183.0,PEDREIRA INGA CL,Consumidor Livre,SUL,24.0,3.603841
202507.0,2025-07-21,32183.0,PEDREIRA INGA CL,Consumidor Livre,SUL,24.0,3.603841
,2025-07-21,,PEDREIRA INGA CL,,,24.0,3.603841
202507.0,2025-07-22,32183.0,PEDREIRA INGA CL,Consumidor Livre,SUL,24.0,1.270166
202507.0,2025-07-22,32183.0,PEDREIRA INGA CL,Consumidor Livre,SUL,24.0,1.270166
,2025-07-22,,PEDREIRA INGA CL,,,24.0,1.270166
202507.0,2025-07-23,32183.0,PEDREIRA INGA CL,Consumidor Livre,SUL,24.0,5.91573
202507.0,2025-07-23,32183.0,PEDREIRA INGA CL,Consumidor Livre,SUL,24.0,5.91573
,2025-07-23,,PEDREIRA INGA CL,,,24.0,5.91573
202507.0,2025-07-24,32183.0,PEDREIRA INGA CL,Consumidor Livre,SUL,24.0,4.522336
202507.0,2025-07-24,32183.0,PEDREIRA INGA CL,Consumidor Livre,SUL,24.0,4.522336
,2025-07-24,,PEDREIRA INGA CL,,,24.0,4.522336
202507.0,2025-07-25,32183.0,PEDREIRA INGA CL,Consumidor Livre,SUL,24.0,3.598753
202507.0,2025-07-25,32183.0,PEDREIRA INGA CL,Consumidor Livre,SUL,24.0,3.598753
,2025-07-25,,PEDREIRA INGA CL,,,24.0,3.598753
202507.0,2025-07-26,32183.0,PEDREIRA INGA CL,Consumidor Livre,SUL,24.0,0.066383
202507.0,2025-07-26,32183.0,PEDREIRA INGA CL,Consumidor Livre,SUL,24.0,0.066383
,2025-07-26,,PEDREIRA INGA CL,,,24.0,0.066383
202507.0,2025-07-27,32183.0,PEDREIRA INGA CL,Consumidor Livre,SUL,24.0,0.0
202507.0,2025-07-27,32183.0,PEDREIRA INGA CL,Consumidor Livre,SUL,24.0,0.0
,2025-07-27,,PEDREIRA INGA CL,,,24.0,0.0
202507.0,2025-07-28,32183.0,PEDREIRA INGA CL,Consumidor Livre,SUL,24.0,0.080617
202507.0,2025-07-28,32183.0,PEDREIRA INGA CL,Consumidor Livre,SUL,24.0,0.080617
,2025-07-28,,PEDREIRA INGA CL,,,24.0,0.080617
202507.0,2025-07-29,32183.0,PEDREIRA INGA CL,Consumidor Livre,SUL,24.0,0.939142
202507.0,2025-07-29,32183.0,PEDREIRA INGA CL,Consumidor Livre,SUL,24.0,0.939142
,2025-07-29,,PEDREIRA INGA CL,,,24.0,0.939142
202507.0,2025-07-30,32183.0,PEDREIRA INGA CL,Consumidor Livre,SUL,24.0,6.03428
202507.0,2025-07-30,32183.0,PEDREIRA INGA CL,Consumidor Livre,SUL,24.0,6.03428
,2025-07-30,,PEDREIRA INGA CL,,,24.0,6.03428
202507.0,2025-07-31,32183.0,PEDREIRA INGA CL,Consumidor Livre,SUL,24.0,8.457714
202507.0,2025-07-31,32183.0,PEDREIRA INGA CL,Consumidor Livre,SUL,24.0,8.457714
,2025-07-31,,PEDREIRA INGA CL,,,24.0,8.457714
202508.0,2025-08-01,32183.0,PEDREIRA INGA CL,Consumidor Livre,SUL,24.0,8.78997
202508.0,2025-08-01,32183.0,PEDREIRA INGA CL,Consumidor Livre,SUL,24.0,8.78997
,2025-08-01,,PEDREIRA INGA CL,,,24.0,8.78997
202508.0,2025-08-02,32183.0,PEDREIRA INGA CL,Consumidor Livre,SUL,24.0,6.171706
202508.0,2025-08-02,32183.0,PEDREIRA INGA CL,Consumidor Livre,SUL,24.0,6.171706
,2025-08-02,,PEDREIRA INGA CL,,,24.0,6.171706
202508.0,2025-08-03,32183.0,PEDREIRA INGA CL,Consumidor Livre,SUL,24.0,0.392637
202508.0,2025-08-03,32183.0,PEDREIRA INGA CL,Consumidor Livre,SUL,24.0,0.392637
,2025-08-03,,PEDREIRA INGA CL,,,24.0,0.392637
202508.0,2025-08-04,32183.0,PEDREIRA INGA CL,Consumidor Livre,SUL,24.0,4.844108
202508.0,2025-08-04,32183.0,PEDREIRA INGA CL,Consumidor Livre,SUL,24.0,4.844108
,2025-08-04,,PEDREIRA INGA CL,,,24.0,4.844108
202508.0,2025-08-05,32183.0,PEDREIRA INGA CL,Consumidor Livre,SUL,24.0,7.548055
202508.0,2025-08-05,32183.0,PEDREIRA INGA CL,Consumidor Livre,SUL,24.0,7.548055
,2025-08-05,,PEDREIRA INGA CL,,,24.0,7.548055
202508.0,2025-08-06,32183.0,PEDREIRA INGA CL,Consumidor Livre,SUL,24.0,10.089243
202508.0,2025-08-06,32183.0,PEDREIRA INGA CL,Consumidor Livre,SUL,24.0,10.089243
,2025-08-06,,PEDREIRA INGA CL,,,24.0,10.089243
202508.0,2025-08-07,32183.0,PEDREIRA INGA CL,Consumidor Livre,SUL,24.0,10.9092
202508.0,2025-08-07,32183.0,PEDREIRA INGA CL,Consumidor Livre,SUL,24.0,10.9092
,2025-08-07,,PEDREIRA INGA CL,,,24.0,10.9092
202508.0,2025-08-08,32183.0,PEDREIRA INGA CL,Consumidor Livre,SUL,24.0,9.154199
202508.0,2025-08-08,32183.0,PEDREIRA INGA CL,Consumidor Livre,SUL,24.0,9.154199
,2025-08-08,,PEDREIRA INGA CL,,,24.0,9.154199
202508.0,2025-08-09,32183.0,PEDREIRA INGA CL,Consumidor Livre,SUL,24.0,6.219183
202508.0,2025-08-09,32183.0,PEDREIRA INGA CL,Consumidor Livre,SUL,24.0,6.219183
,2025-08-09,,PEDREIRA INGA CL,,,24.0,6.219183
202508.0,2025-08-10,32183.0,PEDREIRA INGA CL,Consumidor Livre,SUL,24.0,0.364956
202508.0,2025-08-10,32183.0,PEDREIRA INGA CL,Consumidor Livre,SUL,24.0,0.364956
,2025-08-10,,PEDREIRA INGA CL,,,24.0,0.364956
202508.0,2025-08-11,32183.0,PEDREIRA INGA CL,Consumidor Livre,SUL,24.0,2.048933
202508.0,2025-08-11,32183.0,PEDREIRA INGA CL,Consumidor Livre,SUL,24.0,2.048933
,2025-08-11,,PEDREIRA INGA CL,,,24.0,2.048933
202508.0,2025-08-12,32183.0,PEDREIRA INGA CL,Consumidor Livre,SUL,24.0,7.603156
202508.0,2025-08-12,32183.0,PEDREIRA INGA CL,Consumidor Livre,SUL,24.0,7.603156
,2025-08-12,,PEDREIRA INGA CL,,,24.0,7.603156
202508.0,2025-08-13,32183.0,PEDREIRA INGA CL,Consumidor Livre,SUL,24.0,7.419337
202508.0,2025-08-13,32183.0,PEDREIRA INGA CL,Consumidor Livre,SUL,24.0,7.419337
,2025-08-13,,PEDREIRA INGA CL,,,24.0,7.419337
202508.0,2025-08-14,32183.0,PEDREIRA INGA CL,Consumidor Livre,SUL,24.0,11.391538
202508.0,2025-08-14,32183.0,PEDREIRA INGA CL,Consumidor Livre,SUL,24.0,11.391538
,2025-08-14,,PEDREIRA INGA CL,,,24.0,11.391538
202508.0,2025-08-15,32183.0,PEDREIRA INGA CL,Consumidor Livre,SUL,24.0,8.116829
202508.0,2025-08-15,32183.0,PEDREIRA INGA CL,Consumidor Livre,SUL,24.0,8.116829
,2025-08-15,,PEDREIRA INGA CL,,,24.0,8.116829
202508.0,2025-08-16,32183.0,PEDREIRA INGA CL,Consumidor Livre,SUL,24.0,9.01678
202508.0,2025-08-16,32183.0,PEDREIRA INGA CL,Consumidor Livre,SUL,24.0,9.01678
,2025-08-16,,PEDREIRA INGA CL,,,24.0,9.01678
202508.0,2025-08-17,32183.0,PEDREIRA INGA CL,Consumidor Livre,SUL,24.0,0.503652
202508.0,2025-08-17,32183.0,PEDREIRA INGA CL,Consumidor Livre,SUL,24.0,0.503652
,2025-08-17,,PEDREIRA INGA CL,,,24.0,0.503652
202508.0,2025-08-18,32183.0,PEDREIRA INGA CL,Consumidor Livre,SUL,24.0,7.35688
202508.0,2025-08-18,32183.0,PEDREIRA INGA CL,Consumidor Livre,SUL,24.0,7.35688
,2025-08-18,,PEDREIRA INGA CL,,,24.0,7.35688
202508.0,2025-08-19,32183.0,PEDREIRA INGA CL,Consumidor Livre,SUL,24.0,7.026743
202508.0,2025-08-19,32183.0,PEDREIRA INGA CL,Consumidor Livre,SUL,24.0,7.026743
,2025-08-19,,PEDREIRA INGA CL,,,24.0,7.026743
202508.0,2025-08-20,32183.0,PEDREIRA INGA CL,Consumidor Livre,SUL,24.0,6.496753
202508.0,2025-08-20,32183.0,PEDREIRA INGA CL,Consumidor Livre,SUL,24.0,6.496753
,2025-08-20,,PEDREIRA INGA CL,,,24.0,6.496753
202508.0,2025-08-21,32183.0,PEDREIRA INGA CL,Consumidor Livre,SUL,24.0,8.944033
202508.0,2025-08-21,32183.0,PEDREIRA INGA CL,Consumidor Livre,SUL,24.0,8.944033
,2025-08-21,,PEDREIRA INGA CL,,,24.0,8.944033
202508.0,2025-08-22,32183.0,PEDREIRA INGA CL,Consumidor Livre,SUL,24.0,8.091639
202508.0,2025-08-22,32183.0,PEDREIRA INGA CL,Consumidor Livre,SUL,24.0,8.091639
,2025-08-22,,PEDREIRA INGA CL,,,24.0,8.091639
202508.0,2025-08-23,32183.0,PEDREIRA INGA CL,Consumidor Livre,SUL,24.0,0.448977
202508.0,2025-08-23,32183.0,PEDREIRA INGA CL,Consumidor Livre,SUL,24.0,0.448977
,2025-08-23,,PEDREIRA INGA CL,,,24.0,0.448977
202508.0,2025-08-24,32183.0,PEDREIRA INGA CL,Consumidor Livre,SUL,24.0,0.358373
202508.0,2025-08-24,32183.0,PEDREIRA INGA CL,Consumidor Livre,SUL,24.0,0.358373
,2025-08-24,,PEDREIRA INGA CL,,,24.0,0.358373
202508.0,2025-08-25,32183.0,PEDREIRA INGA CL,Consumidor Livre,SUL,24.0,6.164573
202508.0,2025-08-25,32183.0,PEDREIRA INGA CL,Consumidor Livre,SUL,24.0,6.164573
,2025-08-25,,PEDREIRA INGA CL,,,24.0,6.164573
202508.0,2025-08-26,32183.0,PEDREIRA INGA CL,Consumidor Livre,SUL,24.0,9.223266
202508.0,2025-08-26,32183.0,PEDREIRA INGA CL,Consumidor Livre,SUL,24.0,9.223266
,2025-08-26,,PEDREIRA INGA CL,,,24.0,9.223266
202508.0,2025-08-27,32183.0,PEDREIRA INGA CL,Consumidor Livre,SUL,24.0,7.576986
202508.0,2025-08-27,32183.0,PEDREIRA INGA CL,Consumidor Livre,SUL,24.0,7.576986
,2025-08-27,,PEDREIRA INGA CL,,,24.0,7.576986
202508.0,2025-08-28,32183.0,PEDREIRA INGA CL,Consumidor Livre,SUL,24.0,10.232045
202508.0,2025-08-28,32183.0,PEDREIRA INGA CL,Consumidor Livre,SUL,24.0,10.232045
,2025-08-28,,PEDREIRA INGA CL,,,24.0,10.232045
202508.0,2025-08-29,32183.0,PEDREIRA INGA CL,Consumidor Livre,SUL,24.0,7.928841999999999
202508.0,2025-08-29,32183.0,PEDREIRA INGA CL,Consumidor Livre,SUL,24.0,7.928841999999999
,2025-08-29,,PEDREIRA INGA CL,,,24.0,7.928841999999999
202508.0,2025-08-30,32183.0,PEDREIRA INGA CL,Consumidor Livre,SUL,24.0,4.062486
202508.0,2025-08-30,32183.0,PEDREIRA INGA CL,Consumidor Livre,SUL,24.0,4.062486
,2025-08-30,,PEDREIRA INGA CL,,,24.0,4.062486
202508.0,2025-08-31,32183.0,PEDREIRA INGA CL,Consumidor Livre,SUL,24.0,0.437217
202508.0,2025-08-31,32183.0,PEDREIRA INGA CL,Consumidor Livre,SUL,24.0,0.437217
,2025-08-31,,PEDREIRA INGA CL,,,24.0,0.437217
