MES_REFERENCIA,DATA,CODIGO_PERFIL_AGENTE,SIGLA_PERFIL_AGENTE,CLASSE_PERFIL_AGENTE,SUBMERCADO,CAPACIDADE_CARGA,CONSUMO_CARGA_ACL
,2023-01-01,45462.0,PORTO BRASIL CL 514,Consumidor Livre,SUDESTE,21.6,1.389263
,2023-01-02,45462.0,PORTO BRASIL CL 514,Consumidor Livre,SUDESTE,21.6,2.578572
,2023-01-03,45462.0,PORTO BRASIL CL 514,Consumidor Livre,SUDESTE,21.6,2.298018
,2023-01-04,45462.0,PORTO BRASIL CL 514,Consumidor Livre,SUDESTE,21.6,2.516398
,2023-01-05,45462.0,PORTO BRASIL CL 514,Consumidor Livre,SUDESTE,21.6,2.587079
,2023-01-06,45462.0,PORTO BRASIL CL 514,Consumidor Livre,SUDESTE,21.6,3.647692
,2023-01-07,45462.0,PORTO BRASIL CL 514,Consumidor Livre,SUDESTE,21.6,3.329791
,2023-01-08,45462.0,PORTO BRASIL CL 514,Consumidor Livre,SUDESTE,21.6,3.281555
,2023-01-09,45462.0,PORTO BRASIL CL 514,Consumidor Livre,SUDESTE,21.6,7.741443
,2023-01-10,45462.0,PORTO BRASIL CL 514,Consumidor Livre,SUDESTE,21.6,8.870764
,2023-01-11,45462.0,PORTO BRASIL CL 514,Consumidor Livre,SUDESTE,21.6,9.793326
,2023-01-12,45462.0,PORTO BRASIL CL 514,Consumidor Livre,SUDESTE,21.6,9.432284
,2023-01-13,45462.0,PORTO BRASIL CL 514,Consumidor Livre,SUDESTE,21.6,9.327714
,2023-01-14,45462.0,PORTO BRASIL CL 514,Consumidor Livre,SUDESTE,21.6,6.146646
,2023-01-15,45462.0,PORTO BRASIL CL 514,Consumidor Livre,SUDESTE,21.6,6.583936
,2023-01-16,45462.0,PORTO BRASIL CL 514,Consumidor Livre,SUDESTE,21.6,10.147888
,2023-01-17,45462.0,PORTO BRASIL CL 514,Consumidor Livre,SUDESTE,21.6,9.35188
,2023-01-18,45462.0,PORTO BRASIL CL 514,Consumidor Livre,SUDESTE,21.6,9.339169
,2023-01-19,45462.0,PORTO BRASIL CL 514,Consumidor Livre,SUDESTE,21.6,9.439738
,2023-01-20,45462.0,PORTO BRASIL CL 514,Consumidor Livre,SUDESTE,21.6,7.10204
,2023-01-21,45462.0,PORTO BRASIL CL 514,Consumidor Livre,SUDESTE,21.6,6.358534
,2023-01-22,45462.0,PORTO BRASIL CL 514,Consumidor Livre,SUDESTE,21.6,6.148029
,2023-01-23,45462.0,PORTO BRASIL CL 514,Consumidor Livre,SUDESTE,21.6,9.68063
,2023-01-24,45462.0,PORTO BRASIL CL 514,Consumidor Livre,SUDESTE,21.6,9.897139
,2023-01-25,45462.0,PORTO BRASIL CL 514,Consumidor Livre,SUDESTE,21.6,9.686331
,2023-01-26,45462.0,PORTO BRASIL CL 514,Consumidor Livre,SUDESTE,21.6,10.51554
,2023-01-27,45462.0,PORTO BRASIL CL 514,Consumidor Livre,SUDESTE,21.6,10.137793
,2023-01-28,45462.0,PORTO BRASIL CL 514,Consumidor Livre,SUDESTE,21.6,7.337279
,2023-01-29,45462.0,PORTO BRASIL CL 514,Consumidor Livre,SUDESTE,21.6,6.099934999999999
,2023-01-30,45462.0,PORTO BRASIL CL 514,Consumidor Livre,SUDESTE,21.6,8.856284
,2023-01-31,45462.0,PORTO BRASIL CL 514,Consumidor Livre,SUDESTE,21.6,9.752639
,2023-02-01,45462.0,PORTO BRASIL CL 514,Consumidor Livre,SUDESTE,21.6,9.737756
,2023-02-02,45462.0,PORTO BRASIL CL 514,Consumidor Livre,SUDESTE,21.6,10.142962
,2023-02-03,45462.0,PORTO BRASIL CL 514,Consumidor Livre,SUDESTE,21.6,9.318506
,2023-02-04,45462.0,PORTO BRASIL CL 514,Consumidor Livre,SUDESTE,21.6,6.891808
,2023-02-05,45462.0,PORTO BRASIL CL 514,Consumidor Livre,SUDESTE,21.6,6.166241
,2023-02-06,45462.0,PORTO BRASIL CL 514,Consumidor Livre,SUDESTE,21.6,9.368553
,2023-02-07,45462.0,PORTO BRASIL CL 514,Consumidor Livre,SUDESTE,21.6,9.362084
,2023-02-08,45462.0,PORTO BRASIL CL 514,Consumidor Livre,SUDESTE,21.6,9.547852
,2023-02-09,45462.0,PORTO BRASIL CL 514,Consumidor Livre,SUDESTE,21.6,8.946652
,2023-02-10,45462.0,PORTO BRASIL CL 514,Consumidor Livre,SUDESTE,21.6,9.310556
,2023-02-11,45462.0,PORTO BRASIL CL 514,Consumidor Livre,SUDESTE,21.6,6.471373
,2023-02-12,45462.0,PORTO BRASIL CL 514,Consumidor Livre,SUDESTE,21.6,6.133933
,2023-02-13,45462.0,PORTO BRASIL CL 514,Consumidor Livre,SUDESTE,21.6,9.003368
,2023-02-14,45462.0,PORTO BRASIL CL 514,Consumidor Livre,SUDESTE,21.6,9.676655
,2023-02-15,45462.0,PORTO BRASIL CL 514,Consumidor Livre,SUDESTE,21.6,9.860724
,2023-02-16,45462.0,PORTO BRASIL CL 514,Consumidor Livre,SUDESTE,21.6,9.818133
,2023-02-17,45462.0,PORTO BRASIL CL 514,Consumidor Livre,SUDESTE,21.6,10.091792
,2023-02-18,45462.0,PORTO BRASIL CL 514,Consumidor Livre,SUDESTE,21.6,6.926992
,2023-02-19,45462.0,PORTO BRASIL CL 514,Consumidor Livre,SUDESTE,21.6,6.259691
,2023-02-20,45462.0,PORTO BRASIL CL 514,Consumidor Livre,SUDESTE,21.6,9.329084
,2023-02-21,45462.0,PORTO BRASIL CL 514,Consumidor Livre,SUDESTE,21.6,9.206076
,2023-02-22,45462.0,PORTO BRASIL CL 514,Consumidor Livre,SUDESTE,21.6,8.991873
,2023-02-23,45462.0,PORTO BRASIL CL 514,Consumidor Livre,SUDESTE,21.6,9.265745
,2023-02-24,45462.0,PORTO BRASIL CL 514,Consumidor Livre,SUDESTE,21.6,9.603142
,2023-02-25,45462.0,PORTO BRASIL CL 514,Consumidor Livre,SUDESTE,21.6,7.205814
,2023-02-26,45462.0,PORTO BRASIL CL 514,Consumidor Livre,SUDESTE,21.6,6.4687920000000005
,2023-02-27,45462.0,PORTO BRASIL CL 514,Consumidor Livre,SUDESTE,21.6,9.154948
,2023-02-28,45462.0,PORTO BRASIL CL 514,Consumidor Livre,SUDESTE,21.6,9.974805
,2023-03-01,45462.0,PORTO BRASIL CL 514,Consumidor Livre,SUDESTE,21.6,9.633283
,2023-03-02,45462.0,PORTO BRASIL CL 514,Consumidor Livre,SUDESTE,21.6,9.949558
,2023-03-03,45462.0,PORTO BRASIL CL 514,Consumidor Livre,SUDESTE,21.6,9.875849
,2023-03-04,45462.0,PORTO BRASIL CL 514,Consumidor Livre,SUDESTE,21.6,7.105275
,2023-03-05,45462.0,PORTO BRASIL CL 514,Consumidor Livre,SUDESTE,21.6,6.555382
,2023-03-06,45462.0,PORTO BRASIL CL 514,Consumidor Livre,SUDESTE,21.6,9.473878
,2023-03-07,45462.0,PORTO BRASIL CL 514,Consumidor Livre,SUDESTE,21.6,9.462151
,2023-03-08,45462.0,PORTO BRASIL CL 514,Consumidor Livre,SUDESTE,21.6,10.133
,2023-03-09,45462.0,PORTO BRASIL CL 514,Consumidor Livre,SUDESTE,21.6,9.511029
,2023-03-10,45462.0,PORTO BRASIL CL 514,Consumidor Livre,SUDESTE,21.6,9.49668
,2023-03-11,45462.0,PORTO BRASIL CL 514,Consumidor Livre,SUDESTE,21.6,6.704704
,2023-03-12,45462.0,PORTO BRASIL CL 514,Consumidor Livre,SUDESTE,21.6,6.333139
,2023-03-13,45462.0,PORTO BRASIL CL 514,Consumidor Livre,SUDESTE,21.6,9.931537
,2023-03-14,45462.0,PORTO BRASIL CL 514,Consumidor Livre,SUDESTE,21.6,10.517718
,2023-03-15,45462.0,PORTO BRASIL CL 514,Consumidor Livre,SUDESTE,21.6,10.435861
,2023-03-16,45462.0,PORTO BRASIL CL 514,Consumidor Livre,SUDESTE,21.6,10.068399
,2023-03-17,45462.0,PORTO BRASIL CL 514,Consumidor Livre,SUDESTE,21.6,10.052264
,2023-03-18,45462.0,PORTO BRASIL CL 514,Consumidor Livre,SUDESTE,21.6,7.494196
,2023-03-19,45462.0,PORTO BRASIL CL 514,Consumidor Livre,SUDESTE,21.6,6.664217
,2023-03-20,45462.0,PORTO BRASIL CL 514,Consumidor Livre,SUDESTE,21.6,9.530277
,2023-03-21,45462.0,PORTO BRASIL CL 514,Consumidor Livre,SUDESTE,21.6,10.247086
,2023-03-22,45462.0,PORTO BRASIL CL 514,Consumidor Livre,SUDESTE,21.6,10.057344
,2023-03-23,45462.0,PORTO BRASIL CL 514,Consumidor Livre,SUDESTE,21.6,9.894402
,2023-03-24,45462.0,PORTO BRASIL CL 514,Consumidor Livre,SUDESTE,21.6,9.167199
,2023-03-25,45462.0,PORTO BRASIL CL 514,Consumidor Livre,SUDESTE,21.6,6.716132
,2023-03-26,45462.0,PORTO BRASIL CL 514,Consumidor Livre,SUDESTE,21.6,6.100919
,2023-03-27,45462.0,PORTO BRASIL CL 514,Consumidor Livre,SUDESTE,21.6,10.0551
,2023-03-28,45462.0,PORTO BRASIL CL 514,Consumidor Livre,SUDESTE,21.6,10.719198
,2023-03-29,45462.0,PORTO BRASIL CL 514,Consumidor Livre,SUDESTE,21.6,11.333293
,2023-03-30,45462.0,PORTO BRASIL CL 514,Consumidor Livre,SUDESTE,21.6,10.078936
,2023-03-31,45462.0,PORTO BRASIL CL 514,Consumidor Livre,SUDESTE,21.6,9.336401
,2023-04-01,45462.0,PORTO BRASIL CL 514,Consumidor Livre,SUDESTE,21.6,6.815607
,2023-04-02,45462.0,PORTO BRASIL CL 514,Consumidor Livre,SUDESTE,21.6,6.070242
,2023-04-03,45462.0,PORTO BRASIL CL 514,Consumidor Livre,SUDESTE,21.6,9.323073
,2023-04-04,45462.0,PORTO BRASIL CL 514,Consumidor Livre,SUDESTE,21.6,10.572942
,2023-04-05,45462.0,PORTO BRASIL CL 514,Consumidor Livre,SUDESTE,21.6,10.588793
,2023-04-06,45462.0,PORTO BRASIL CL 514,Consumidor Livre,SUDESTE,21.6,10.462834
,2023-04-07,45462.0,PORTO BRASIL CL 514,Consumidor Livre,SUDESTE,21.6,6.720133
,2023-04-08,45462.0,PORTO BRASIL CL 514,Consumidor Livre,SUDESTE,21.6,5.781676
,2023-04-09,45462.0,PORTO BRASIL CL 514,Consumidor Livre,SUDESTE,21.6,6.139106
,2023-04-10,45462.0,PORTO BRASIL CL 514,Consumidor Livre,SUDESTE,21.6,9.631147
,2023-04-11,45462.0,PORTO BRASIL CL 514,Consumidor Livre,SUDESTE,21.6,9.592875
,2023-04-12,45462.0,PORTO BRASIL CL 514,Consumidor Livre,SUDESTE,21.6,10.150655
,2023-04-13,45462.0,PORTO BRASIL CL 514,Consumidor Livre,SUDESTE,21.6,10.506915
,2023-04-14,45462.0,PORTO BRASIL CL 514,Consumidor Livre,SUDESTE,21.6,10.63748
,2023-04-15,45462.0,PORTO BRASIL CL 514,Consumidor Livre,SUDESTE,21.6,7.826316
,2023-04-16,45462.0,PORTO BRASIL CL 514,Consumidor Livre,SUDESTE,21.6,6.371197
,2023-04-17,45462.0,PORTO BRASIL CL 514,Consumidor Livre,SUDESTE,21.6,9.74064
,2023-04-18,45462.0,PORTO BRASIL CL 514,Consumidor Livre,SUDESTE,21.6,10.560677
,2023-04-19,45462.0,PORTO BRASIL CL 514,Consumidor Livre,SUDESTE,21.6,9.886708
,2023-04-20,45462.0,PORTO BRASIL CL 514,Consumidor Livre,SUDESTE,21.6,9.562404
,2023-04-21,45462.0,PORTO BRASIL CL 514,Consumidor Livre,SUDESTE,21.6,6.856318
,2023-04-22,45462.0,PORTO BRASIL CL 514,Consumidor Livre,SUDESTE,21.6,6.657234
,2023-04-23,45462.0,PORTO BRASIL CL 514,Consumidor Livre,SUDESTE,21.6,6.010106
,2023-04-24,45462.0,PORTO BRASIL CL 514,Consumidor Livre,SUDESTE,21.6,9.240947
,2023-04-25,45462.0,PORTO BRASIL CL 514,Consumidor Livre,SUDESTE,21.6,9.837756
,2023-04-26,45462.0,PORTO BRASIL CL 514,Consumidor Livre,SUDESTE,21.6,10.244138
,2023-04-27,45462.0,PORTO BRASIL CL 514,Consumidor Livre,SUDESTE,21.6,9.627923
,2023-04-28,45462.0,PORTO BRASIL CL 514,Consumidor Livre,SUDESTE,21.6,9.429146
,2023-04-29,45462.0,PORTO BRASIL CL 514,Consumidor Livre,SUDESTE,21.6,6.872712
,2023-04-30,45462.0,PORTO BRASIL CL 514,Consumidor Livre,SUDESTE,21.6,6.597552
,2023-05-01,45462.0,PORTO BRASIL CL 514,Consumidor Livre,SUDESTE,21.6,6.982298
,2023-05-02,45462.0,PORTO BRASIL CL 514,Consumidor Livre,SUDESTE,21.6,8.982262
,2023-05-03,45462.0,PORTO BRASIL CL 514,Consumidor Livre,SUDESTE,21.6,9.922245
,2023-05-04,45462.0,PORTO BRASIL CL 514,Consumidor Livre,SUDESTE,21.6,9.725509
,2023-05-05,45462.0,PORTO BRASIL CL 514,Consumidor Livre,SUDESTE,21.6,9.229216
,2023-05-06,45462.0,PORTO BRASIL CL 514,Consumidor Livre,SUDESTE,21.6,6.804303
,2023-05-07,45462.0,PORTO BRASIL CL 514,Consumidor Livre,SUDESTE,21.6,6.331625
,2023-05-08,45462.0,PORTO BRASIL CL 514,Consumidor Livre,SUDESTE,21.6,10.015939
,2023-05-09,45462.0,PORTO BRASIL CL 514,Consumidor Livre,SUDESTE,21.6,9.690436
,2023-05-10,45462.0,PORTO BRASIL CL 514,Consumidor Livre,SUDESTE,21.6,9.673289
,2023-05-11,45462.0,PORTO BRASIL CL 514,Consumidor Livre,SUDESTE,21.6,10.391937
,2023-05-12,45462.0,PORTO BRASIL CL 514,Consumidor Livre,SUDESTE,21.6,9.95342
,2023-05-13,45462.0,PORTO BRASIL CL 514,Consumidor Livre,SUDESTE,21.6,5.481404
,2023-05-14,45462.0,PORTO BRASIL CL 514,Consumidor Livre,SUDESTE,21.6,6.651226
,2023-05-15,45462.0,PORTO BRASIL CL 514,Consumidor Livre,SUDESTE,21.6,10.258657
,2023-05-16,45462.0,PORTO BRASIL CL 514,Consumidor Livre,SUDESTE,21.6,10.900687
,2023-05-17,45462.0,PORTO BRASIL CL 514,Consumidor Livre,SUDESTE,21.6,9.905044
,2023-05-18,45462.0,PORTO BRASIL CL 514,Consumidor Livre,SUDESTE,21.6,10.069648
,2023-05-19,45462.0,PORTO BRASIL CL 514,Consumidor Livre,SUDESTE,21.6,9.745873
,2023-05-20,45462.0,PORTO BRASIL CL 514,Consumidor Livre,SUDESTE,21.6,7.111119
,2023-05-21,45462.0,PORTO BRASIL CL 514,Consumidor Livre,SUDESTE,21.6,5.462972
,2023-05-22,45462.0,PORTO BRASIL CL 514,Consumidor Livre,SUDESTE,21.6,10.012371
,2023-05-23,45462.0,PORTO BRASIL CL 514,Consumidor Livre,SUDESTE,21.6,10.289815
,2023-05-24,45462.0,PORTO BRASIL CL 514,Consumidor Livre,SUDESTE,21.6,10.447072
,2023-05-25,45462.0,PORTO BRASIL CL 514,Consumidor Livre,SUDESTE,21.6,9.665615
,2023-05-26,45462.0,PORTO BRASIL CL 514,Consumidor Livre,SUDESTE,21.6,9.869062
,2023-05-27,45462.0,PORTO BRASIL CL 514,Consumidor Livre,SUDESTE,21.6,7.083046
,2023-05-28,45462.0,PORTO BRASIL CL 514,Consumidor Livre,SUDESTE,21.6,6.902282
,2023-05-29,45462.0,PORTO BRASIL CL 514,Consumidor Livre,SUDESTE,21.6,9.731214
,2023-05-30,45462.0,PORTO BRASIL CL 514,Consumidor Livre,SUDESTE,21.6,9.969602
,2023-05-31,45462.0,PORTO BRASIL CL 514,Consumidor Livre,SUDESTE,21.6,10.270491
,2023-06-01,45462.0,PORTO BRASIL CL 514,Consumidor Livre,SUDESTE,21.6,10.303404
,2023-06-02,45462.0,PORTO BRASIL CL 514,Consumidor Livre,SUDESTE,21.6,9.496577
,2023-06-03,45462.0,PORTO BRASIL CL 514,Consumidor Livre,SUDESTE,21.6,6.435191
,2023-06-04,45462.0,PORTO BRASIL CL 514,Consumidor Livre,SUDESTE,21.6,6.062133
,2023-06-05,45462.0,PORTO BRASIL CL 514,Consumidor Livre,SUDESTE,21.6,9.01719
,2023-06-06,45462.0,PORTO BRASIL CL 514,Consumidor Livre,SUDESTE,21.6,9.53927
,2023-06-07,45462.0,PORTO BRASIL CL 514,Consumidor Livre,SUDESTE,21.6,9.847053
,2023-06-08,45462.0,PORTO BRASIL CL 514,Consumidor Livre,SUDESTE,21.6,8.098287000000001
,2023-06-09,45462.0,PORTO BRASIL CL 514,Consumidor Livre,SUDESTE,21.6,10.308886
,2023-06-10,45462.0,PORTO BRASIL CL 514,Consumidor Livre,SUDESTE,21.6,7.001079
,2023-06-11,45462.0,PORTO BRASIL CL 514,Consumidor Livre,SUDESTE,21.6,6.152417
,2023-06-12,45462.0,PORTO BRASIL CL 514,Consumidor Livre,SUDESTE,21.6,9.574601
,2023-06-13,45462.0,PORTO BRASIL CL 514,Consumidor Livre,SUDESTE,21.6,10.478775
,2023-06-14,45462.0,PORTO BRASIL CL 514,Consumidor Livre,SUDESTE,21.6,9.471906
,2023-06-15,45462.0,PORTO BRASIL CL 514,Consumidor Livre,SUDESTE,21.6,9.455604
,2023-06-16,45462.0,PORTO BRASIL CL 514,Consumidor Livre,SUDESTE,21.6,10.333259
,2023-06-17,45462.0,PORTO BRASIL CL 514,Consumidor Livre,SUDESTE,21.6,7.330552
,2023-06-18,45462.0,PORTO BRASIL CL 514,Consumidor Livre,SUDESTE,21.6,6.049463
,2023-06-19,45462.0,PORTO BRASIL CL 514,Consumidor Livre,SUDESTE,21.6,9.510384
,2023-06-20,45462.0,PORTO BRASIL CL 514,Consumidor Livre,SUDESTE,21.6,9.99194
,2023-06-21,45462.0,PORTO BRASIL CL 514,Consumidor Livre,SUDESTE,21.6,9.055695
,2023-06-22,45462.0,PORTO BRASIL CL 514,Consumidor Livre,SUDESTE,21.6,9.210332
,2023-06-23,45462.0,PORTO BRASIL CL 514,Consumidor Livre,SUDESTE,21.6,9.496823
,2023-06-24,45462.0,PORTO BRASIL CL 514,Consumidor Livre,SUDESTE,21.6,7.901773
,2023-06-25,45462.0,PORTO BRASIL CL 514,Consumidor Livre,SUDESTE,21.6,7.055996
,2023-06-26,45462.0,PORTO BRASIL CL 514,Consumidor Livre,SUDESTE,21.6,9.29799
,2023-06-27,45462.0,PORTO BRASIL CL 514,Consumidor Livre,SUDESTE,21.6,9.550187
,2023-06-28,45462.0,PORTO BRASIL CL 514,Consumidor Livre,SUDESTE,21.6,9.759615
,2023-06-29,45462.0,PORTO BRASIL CL 514,Consumidor Livre,SUDESTE,21.6,9.839223
,2023-06-30,45462.0,PORTO BRASIL CL 514,Consumidor Livre,SUDESTE,21.6,9.489436
,2023-07-01,45462.0,PORTO BRASIL CL 514,Consumidor Livre,SUDESTE,21.6,6.988245
,2023-07-02,45462.0,PORTO BRASIL CL 514,Consumidor Livre,SUDESTE,21.6,6.645316
,2023-07-03,45462.0,PORTO BRASIL CL 514,Consumidor Livre,SUDESTE,21.6,10.454951
,2023-07-04,45462.0,PORTO BRASIL CL 514,Consumidor Livre,SUDESTE,21.6,9.372689
,2023-07-05,45462.0,PORTO BRASIL CL 514,Consumidor Livre,SUDESTE,21.6,9.527581
,2023-07-06,45462.0,PORTO BRASIL CL 514,Consumidor Livre,SUDESTE,21.6,9.356239
,2023-07-07,45462.0,PORTO BRASIL CL 514,Consumidor Livre,SUDESTE,21.6,9.823401
,2023-07-08,45462.0,PORTO BRASIL CL 514,Consumidor Livre,SUDESTE,21.6,6.429736
,2023-07-09,45462.0,PORTO BRASIL CL 514,Consumidor Livre,SUDESTE,21.6,5.970552
,2023-07-10,45462.0,PORTO BRASIL CL 514,Consumidor Livre,SUDESTE,21.6,9.456822
,2023-07-11,45462.0,PORTO BRASIL CL 514,Consumidor Livre,SUDESTE,21.6,10.329541
,2023-07-12,45462.0,PORTO BRASIL CL 514,Consumidor Livre,SUDESTE,21.6,9.83359
,2023-07-13,45462.0,PORTO BRASIL CL 514,Consumidor Livre,SUDESTE,21.6,8.973116
,2023-07-14,45462.0,PORTO BRASIL CL 514,Consumidor Livre,SUDESTE,21.6,10.073601
,2023-07-15,45462.0,PORTO BRASIL CL 514,Consumidor Livre,SUDESTE,21.6,7.188453
,2023-07-16,45462.0,PORTO BRASIL CL 514,Consumidor Livre,SUDESTE,21.6,5.879671
,2023-07-17,45462.0,PORTO BRASIL CL 514,Consumidor Livre,SUDESTE,21.6,9.846268
,2023-07-18,45462.0,PORTO BRASIL CL 514,Consumidor Livre,SUDESTE,21.6,10.080534
,2023-07-19,45462.0,PORTO BRASIL CL 514,Consumidor Livre,SUDESTE,21.6,10.521785
,2023-07-20,45462.0,PORTO BRASIL CL 514,Consumidor Livre,SUDESTE,21.6,10.081542
,2023-07-21,45462.0,PORTO BRASIL CL 514,Consumidor Livre,SUDESTE,21.6,9.284525
,2023-07-22,45462.0,PORTO BRASIL CL 514,Consumidor Livre,SUDESTE,21.6,6.7642050000000005
,2023-07-23,45462.0,PORTO BRASIL CL 514,Consumidor Livre,SUDESTE,21.6,6.12651
,2023-07-24,45462.0,PORTO BRASIL CL 514,Consumidor Livre,SUDESTE,21.6,9.475879
,2023-07-25,45462.0,PORTO BRASIL CL 514,Consumidor Livre,SUDESTE,21.6,10.088695
,2023-07-26,45462.0,PORTO BRASIL CL 514,Consumidor Livre,SUDESTE,21.6,10.454751
,2023-07-27,45462.0,PORTO BRASIL CL 514,Consumidor Livre,SUDESTE,21.6,10.451708
,2023-07-28,45462.0,PORTO BRASIL CL 514,Consumidor Livre,SUDESTE,21.6,7.293098
,2023-07-29,45462.0,PORTO BRASIL CL 514,Consumidor Livre,SUDESTE,21.6,6.103486
,2023-07-30,45462.0,PORTO BRASIL CL 514,Consumidor Livre,SUDESTE,21.6,5.944565
,2023-07-31,45462.0,PORTO BRASIL CL 514,Consumidor Livre,SUDESTE,21.6,9.339146
,2023-08-01,45462.0,PORTO BRASIL CL 514,Consumidor Livre,SUDESTE,21.6,9.73155
,2023-08-02,45462.0,PORTO BRASIL CL 514,Consumidor Livre,SUDESTE,21.6,9.773736
,2023-08-03,45462.0,PORTO BRASIL CL 514,Consumidor Livre,SUDESTE,21.6,10.394609
,2023-08-04,45462.0,PORTO BRASIL CL 514,Consumidor Livre,SUDESTE,21.6,10.375459
,2023-08-05,45462.0,PORTO BRASIL CL 514,Consumidor Livre,SUDESTE,21.6,7.18489
,2023-08-06,45462.0,PORTO BRASIL CL 514,Consumidor Livre,SUDESTE,21.6,5.993448
,2023-08-07,45462.0,PORTO BRASIL CL 514,Consumidor Livre,SUDESTE,21.6,10.039204
,2023-08-08,45462.0,PORTO BRASIL CL 514,Consumidor Livre,SUDESTE,21.6,9.963325
,2023-08-09,45462.0,PORTO BRASIL CL 514,Consumidor Livre,SUDESTE,21.6,10.452502
,2023-08-10,45462.0,PORTO BRASIL CL 514,Consumidor Livre,SUDESTE,21.6,10.681203
,2023-08-11,45462.0,PORTO BRASIL CL 514,Consumidor Livre,SUDESTE,21.6,10.24099
,2023-08-12,45462.0,PORTO BRASIL CL 514,Consumidor Livre,SUDESTE,21.6,7.928985
,2023-08-13,45462.0,PORTO BRASIL CL 514,Consumidor Livre,SUDESTE,21.6,6.663888
,2023-08-14,45462.0,PORTO BRASIL CL 514,Consumidor Livre,SUDESTE,21.6,10.03227
,2023-08-15,45462.0,PORTO BRASIL CL 514,Consumidor Livre,SUDESTE,21.6,11.215018
,2023-08-16,45462.0,PORTO BRASIL CL 514,Consumidor Livre,SUDESTE,21.6,10.412882
,2023-08-17,45462.0,PORTO BRASIL CL 514,Consumidor Livre,SUDESTE,21.6,10.347194
,2023-08-18,45462.0,PORTO BRASIL CL 514,Consumidor Livre,SUDESTE,21.6,11.013772
,2023-08-19,45462.0,PORTO BRASIL CL 514,Consumidor Livre,SUDESTE,21.6,8.228929
,2023-08-20,45462.0,PORTO BRASIL CL 514,Consumidor Livre,SUDESTE,21.6,7.580338
,2023-08-21,45462.0,PORTO BRASIL CL 514,Consumidor Livre,SUDESTE,21.6,10.831758
,2023-08-22,45462.0,PORTO BRASIL CL 514,Consumidor Livre,SUDESTE,21.6,11.453358
,2023-08-23,45462.0,PORTO BRASIL CL 514,Consumidor Livre,SUDESTE,21.6,10.475334
,2023-08-24,45462.0,PORTO BRASIL CL 514,Consumidor Livre,SUDESTE,21.6,10.262487
,2023-08-25,45462.0,PORTO BRASIL CL 514,Consumidor Livre,SUDESTE,21.6,10.684467
,2023-08-26,45462.0,PORTO BRASIL CL 514,Consumidor Livre,SUDESTE,21.6,7.966093
,2023-08-27,45462.0,PORTO BRASIL CL 514,Consumidor Livre,SUDESTE,21.6,7.342015
,2023-08-28,45462.0,PORTO BRASIL CL 514,Consumidor Livre,SUDESTE,21.6,11.066204
,2023-08-29,45462.0,PORTO BRASIL CL 514,Consumidor Livre,SUDESTE,21.6,11.419432
,2023-08-30,45462.0,PORTO BRASIL CL 514,Consumidor Livre,SUDESTE,21.6,11.062037
,2023-08-31,45462.0,PORTO BRASIL CL 514,Consumidor Livre,SUDESTE,21.6,11.430756
,2023-09-01,45462.0,PORTO BRASIL CL 514,Consumidor Livre,SUDESTE,21.6,10.925784
,2023-09-02,45462.0,PORTO BRASIL CL 514,Consumidor Livre,SUDESTE,21.6,7.861681
,2023-09-03,45462.0,PORTO BRASIL CL 514,Consumidor Livre,SUDESTE,21.6,6.462572
,2023-09-04,45462.0,PORTO BRASIL CL 514,Consumidor Livre,SUDESTE,21.6,11.10626
,2023-09-05,45462.0,PORTO BRASIL CL 514,Consumidor Livre,SUDESTE,21.6,11.639047
,2023-09-06,45462.0,PORTO BRASIL CL 514,Consumidor Livre,SUDESTE,21.6,11.677753
,2023-09-07,45462.0,PORTO BRASIL CL 514,Consumidor Livre,SUDESTE,21.6,8.504687
,2023-09-08,45462.0,PORTO BRASIL CL 514,Consumidor Livre,SUDESTE,21.6,10.001574
,2023-09-09,45462.0,PORTO BRASIL CL 514,Consumidor Livre,SUDESTE,21.6,7.549255
,2023-09-10,45462.0,PORTO BRASIL CL 514,Consumidor Livre,SUDESTE,21.6,6.765785
,2023-09-11,45462.0,PORTO BRASIL CL 514,Consumidor Livre,SUDESTE,21.6,11.126346
,2023-09-12,45462.0,PORTO BRASIL CL 514,Consumidor Livre,SUDESTE,21.6,11.175399
,2023-09-13,45462.0,PORTO BRASIL CL 514,Consumidor Livre,SUDESTE,21.6,11.706684
,2023-09-14,45462.0,PORTO BRASIL CL 514,Consumidor Livre,SUDESTE,21.6,11.239904
,2023-09-15,45462.0,PORTO BRASIL CL 514,Consumidor Livre,SUDESTE,21.6,10.72891
,2023-09-16,45462.0,PORTO BRASIL CL 514,Consumidor Livre,SUDESTE,21.6,7.831852
,2023-09-17,45462.0,PORTO BRASIL CL 514,Consumidor Livre,SUDESTE,21.6,7.310248
,2023-09-18,45462.0,PORTO BRASIL CL 514,Consumidor Livre,SUDESTE,21.6,12.120895
,2023-09-19,45462.0,PORTO BRASIL CL 514,Consumidor Livre,SUDESTE,21.6,11.886202
,2023-09-20,45462.0,PORTO BRASIL CL 514,Consumidor Livre,SUDESTE,21.6,11.78799
,2023-09-21,45462.0,PORTO BRASIL CL 514,Consumidor Livre,SUDESTE,21.6,11.735306
,2023-09-22,45462.0,PORTO BRASIL CL 514,Consumidor Livre,SUDESTE,21.6,12.187416
,2023-09-23,45462.0,PORTO BRASIL CL 514,Consumidor Livre,SUDESTE,21.6,8.036401
,2023-09-24,45462.0,PORTO BRASIL CL 514,Consumidor Livre,SUDESTE,21.6,7.48969
,2023-09-25,45462.0,PORTO BRASIL CL 514,Consumidor Livre,SUDESTE,21.6,11.251137
,2023-09-26,45462.0,PORTO BRASIL CL 514,Consumidor Livre,SUDESTE,21.6,11.52664
,2023-09-27,45462.0,PORTO BRASIL CL 514,Consumidor Livre,SUDESTE,21.6,11.871025
,2023-09-28,45462.0,PORTO BRASIL CL 514,Consumidor Livre,SUDESTE,21.6,11.23949
,2023-09-29,45462.0,PORTO BRASIL CL 514,Consumidor Livre,SUDESTE,21.6,10.63892
,2023-09-30,45462.0,PORTO BRASIL CL 514,Consumidor Livre,SUDESTE,21.6,8.711131
,2023-10-01,45462.0,PORTO BRASIL CL 514,Consumidor Livre,SUDESTE,21.6,6.940342
,2023-10-02,45462.0,PORTO BRASIL CL 514,Consumidor Livre,SUDESTE,21.6,10.769911
,2023-10-03,45462.0,PORTO BRASIL CL 514,Consumidor Livre,SUDESTE,21.6,11.441986
,2023-10-04,45462.0,PORTO BRASIL CL 514,Consumidor Livre,SUDESTE,21.6,11.31739
,2023-10-05,45462.0,PORTO BRASIL CL 514,Consumidor Livre,SUDESTE,21.6,11.691574
,2023-10-06,45462.0,PORTO BRASIL CL 514,Consumidor Livre,SUDESTE,21.6,10.838407
,2023-10-07,45462.0,PORTO BRASIL CL 514,Consumidor Livre,SUDESTE,21.6,8.797903
,2023-10-08,45462.0,PORTO BRASIL CL 514,Consumidor Livre,SUDESTE,21.6,7.219894
,2023-10-09,45462.0,PORTO BRASIL CL 514,Consumidor Livre,SUDESTE,21.6,11.518991
,2023-10-10,45462.0,PORTO BRASIL CL 514,Consumidor Livre,SUDESTE,21.6,11.675501
,2023-10-11,45462.0,PORTO BRASIL CL 514,Consumidor Livre,SUDESTE,21.6,10.932218
,2023-10-12,45462.0,PORTO BRASIL CL 514,Consumidor Livre,SUDESTE,21.6,7.840837
,2023-10-13,45462.0,PORTO BRASIL CL 514,Consumidor Livre,SUDESTE,21.6,11.053379
,2023-10-14,45462.0,PORTO BRASIL CL 514,Consumidor Livre,SUDESTE,21.6,8.238003
,2023-10-15,45462.0,PORTO BRASIL CL 514,Consumidor Livre,SUDESTE,21.6,8.055305
,2023-10-16,45462.0,PORTO BRASIL CL 514,Consumidor Livre,SUDESTE,21.6,11.906496
,2023-10-17,45462.0,PORTO BRASIL CL 514,Consumidor Livre,SUDESTE,21.6,11.678149
,2023-10-18,45462.0,PORTO BRASIL CL 514,Consumidor Livre,SUDESTE,21.6,11.607568
,2023-10-19,45462.0,PORTO BRASIL CL 514,Consumidor Livre,SUDESTE,21.6,11.998029
,2023-10-20,45462.0,PORTO BRASIL CL 514,Consumidor Livre,SUDESTE,21.6,11.491004
,2023-10-21,45462.0,PORTO BRASIL CL 514,Consumidor Livre,SUDESTE,21.6,8.348307
,2023-10-22,45462.0,PORTO BRASIL CL 514,Consumidor Livre,SUDESTE,21.6,7.258367
,2023-10-23,45462.0,PORTO BRASIL CL 514,Consumidor Livre,SUDESTE,21.6,11.366804
,2023-10-24,45462.0,PORTO BRASIL CL 514,Consumidor Livre,SUDESTE,21.6,11.43537
,2023-10-25,45462.0,PORTO BRASIL CL 514,Consumidor Livre,SUDESTE,21.6,11.229977
,2023-10-26,45462.0,PORTO BRASIL CL 514,Consumidor Livre,SUDESTE,21.6,11.342521
,2023-10-27,45462.0,PORTO BRASIL CL 514,Consumidor Livre,SUDESTE,21.6,11.717135
,2023-10-28,45462.0,PORTO BRASIL CL 514,Consumidor Livre,SUDESTE,21.6,7.688055
,2023-10-29,45462.0,PORTO BRASIL CL 514,Consumidor Livre,SUDESTE,21.6,7.259101
,2023-10-30,45462.0,PORTO BRASIL CL 514,Consumidor Livre,SUDESTE,21.6,10.992441
,2023-10-31,45462.0,PORTO BRASIL CL 514,Consumidor Livre,SUDESTE,21.6,11.830367
,2023-11-01,45462.0,PORTO BRASIL CL 514,Consumidor Livre,SUDESTE,21.6,11.173881
,2023-11-02,45462.0,PORTO BRASIL CL 514,Consumidor Livre,SUDESTE,21.6,8.987487999999999
,2023-11-03,45462.0,PORTO BRASIL CL 514,Consumidor Livre,SUDESTE,21.6,10.005822
,2023-11-04,45462.0,PORTO BRASIL CL 514,Consumidor Livre,SUDESTE,21.6,7.06335
,2023-11-05,45462.0,PORTO BRASIL CL 514,Consumidor Livre,SUDESTE,21.6,6.486983
,2023-11-06,45462.0,PORTO BRASIL CL 514,Consumidor Livre,SUDESTE,21.6,10.794238
,2023-11-07,45462.0,PORTO BRASIL CL 514,Consumidor Livre,SUDESTE,21.6,11.089611
,2023-11-08,45462.0,PORTO BRASIL CL 514,Consumidor Livre,SUDESTE,21.6,11.453144
,2023-11-09,45462.0,PORTO BRASIL CL 514,Consumidor Livre,SUDESTE,21.6,12.042108
,2023-11-10,45462.0,PORTO BRASIL CL 514,Consumidor Livre,SUDESTE,21.6,11.019673
,2023-11-11,45462.0,PORTO BRASIL CL 514,Consumidor Livre,SUDESTE,21.6,8.477218
,2023-11-12,45462.0,PORTO BRASIL CL 514,Consumidor Livre,SUDESTE,21.6,7.299146
,2023-11-13,45462.0,PORTO BRASIL CL 514,Consumidor Livre,SUDESTE,21.6,11.444213
,2023-11-14,45462.0,PORTO BRASIL CL 514,Consumidor Livre,SUDESTE,21.6,11.306892
,2023-11-15,45462.0,PORTO BRASIL CL 514,Consumidor Livre,SUDESTE,21.6,9.692764
,2023-11-16,45462.0,PORTO BRASIL CL 514,Consumidor Livre,SUDESTE,21.6,10.964971
,2023-11-17,45462.0,PORTO BRASIL CL 514,Consumidor Livre,SUDESTE,21.6,10.808963
,2023-11-18,45462.0,PORTO BRASIL CL 514,Consumidor Livre,SUDESTE,21.6,8.179005
,2023-11-19,45462.0,PORTO BRASIL CL 514,Consumidor Livre,SUDESTE,21.6,7.098012
,2023-11-20,45462.0,PORTO BRASIL CL 514,Consumidor Livre,SUDESTE,21.6,7.883618
,2023-11-21,45462.0,PORTO BRASIL CL 514,Consumidor Livre,SUDESTE,21.6,11.28839
,2023-11-22,45462.0,PORTO BRASIL CL 514,Consumidor Livre,SUDESTE,21.6,11.54241
,2023-11-23,45462.0,PORTO BRASIL CL 514,Consumidor Livre,SUDESTE,21.6,12.338232
,2023-11-24,45462.0,PORTO BRASIL CL 514,Consumidor Livre,SUDESTE,21.6,11.269037
,2023-11-25,45462.0,PORTO BRASIL CL 514,Consumidor Livre,SUDESTE,21.6,8.158358999999999
,2023-11-26,45462.0,PORTO BRASIL CL 514,Consumidor Livre,SUDESTE,21.6,7.139633
,2023-11-27,45462.0,PORTO BRASIL CL 514,Consumidor Livre,SUDESTE,21.6,10.687829
,2023-11-28,45462.0,PORTO BRASIL CL 514,Consumidor Livre,SUDESTE,21.6,11.716311
,2023-11-29,45462.0,PORTO BRASIL CL 514,Consumidor Livre,SUDESTE,21.6,11.410517
,2023-11-30,45462.0,PORTO BRASIL CL 514,Consumidor Livre,SUDESTE,21.6,11.311532
,2023-12-01,45462.0,PORTO BRASIL CL 514,Consumidor Livre,SUDESTE,21.6,11.179454
,2023-12-02,45462.0,PORTO BRASIL CL 514,Consumidor Livre,SUDESTE,21.6,7.531758
,2023-12-03,45462.0,PORTO BRASIL CL 514,Consumidor Livre,SUDESTE,21.6,7.223845
,2023-12-04,45462.0,PORTO BRASIL CL 514,Consumidor Livre,SUDESTE,21.6,11.096518
,2023-12-05,45462.0,PORTO BRASIL CL 514,Consumidor Livre,SUDESTE,21.6,11.265556
,2023-12-06,45462.0,PORTO BRASIL CL 514,Consumidor Livre,SUDESTE,21.6,11.513474
,2023-12-07,45462.0,PORTO BRASIL CL 514,Consumidor Livre,SUDESTE,21.6,12.319032
,2023-12-08,45462.0,PORTO BRASIL CL 514,Consumidor Livre,SUDESTE,21.6,11.430454
,2023-12-09,45462.0,PORTO BRASIL CL 514,Consumidor Livre,SUDESTE,21.6,8.445827
,2023-12-10,45462.0,PORTO BRASIL CL 514,Consumidor Livre,SUDESTE,21.6,7.523217
,2023-12-11,45462.0,PORTO BRASIL CL 514,Consumidor Livre,SUDESTE,21.6,11.261767
,2023-12-12,45462.0,PORTO BRASIL CL 514,Consumidor Livre,SUDESTE,21.6,11.967307
,2023-12-13,45462.0,PORTO BRASIL CL 514,Consumidor Livre,SUDESTE,21.6,11.832005
,2023-12-14,45462.0,PORTO BRASIL CL 514,Consumidor Livre,SUDESTE,21.6,11.602843
,2023-12-15,45462.0,PORTO BRASIL CL 514,Consumidor Livre,SUDESTE,21.6,11.326272
,2023-12-16,45462.0,PORTO BRASIL CL 514,Consumidor Livre,SUDESTE,21.6,8.045449999999999
,2023-12-17,45462.0,PORTO BRASIL CL 514,Consumidor Livre,SUDESTE,21.6,6.776377
,2023-12-18,45462.0,PORTO BRASIL CL 514,Consumidor Livre,SUDESTE,21.6,10.695547
,2023-12-19,45462.0,PORTO BRASIL CL 514,Consumidor Livre,SUDESTE,21.6,11.332163
,2023-12-20,45462.0,PORTO BRASIL CL 514,Consumidor Livre,SUDESTE,21.6,10.257331
,2023-12-21,45462.0,PORTO BRASIL CL 514,Consumidor Livre,SUDESTE,21.6,8.26186
,2023-12-22,45462.0,PORTO BRASIL CL 514,Consumidor Livre,SUDESTE,21.6,7.021296
,2023-12-23,45462.0,PORTO BRASIL CL 514,Consumidor Livre,SUDESTE,21.6,4.650768
,2023-12-24,45462.0,PORTO BRASIL CL 514,Consumidor Livre,SUDESTE,21.6,4.064564
,2023-12-25,45462.0,PORTO BRASIL CL 514,Consumidor Livre,SUDESTE,21.6,2.985444
,2023-12-26,45462.0,PORTO BRASIL CL 514,Consumidor Livre,SUDESTE,21.6,5.582569
,2023-12-27,45462.0,PORTO BRASIL CL 514,Consumidor Livre,SUDESTE,21.6,5.874063
,2023-12-28,45462.0,PORTO BRASIL CL 514,Consumidor Livre,SUDESTE,21.6,5.641979
,2023-12-29,45462.0,PORTO BRASIL CL 514,Consumidor Livre,SUDESTE,21.6,5.102228
,2023-12-30,45462.0,PORTO BRASIL CL 514,Consumidor Livre,SUDESTE,21.6,4.504565
,2023-12-31,45462.0,PORTO BRASIL CL 514,Consumidor Livre,SUDESTE,21.6,3.967234
,2024-01-01,45462.0,PORTO BRASIL CL 514,Consumidor Livre,SUDESTE,21.6,2.453779
,2024-01-02,45462.0,PORTO BRASIL CL 514,Consumidor Livre,SUDESTE,21.6,3.482182
,2024-01-03,45462.0,PORTO BRASIL CL 514,Consumidor Livre,SUDESTE,21.6,7.782024
,2024-01-04,45462.0,PORTO BRASIL CL 514,Consumidor Livre,SUDESTE,21.6,8.582385
,2024-01-05,45462.0,PORTO BRASIL CL 514,Consumidor Livre,SUDESTE,21.6,7.90466
,2024-01-06,45462.0,PORTO BRASIL CL 514,Consumidor Livre,SUDESTE,21.6,5.32999
,2024-01-07,45462.0,PORTO BRASIL CL 514,Consumidor Livre,SUDESTE,21.6,5.432519
,2024-01-08,45462.0,PORTO BRASIL CL 514,Consumidor Livre,SUDESTE,21.6,9.843227
,2024-01-09,45462.0,PORTO BRASIL CL 514,Consumidor Livre,SUDESTE,21.6,11.428873
,2024-01-10,45462.0,PORTO BRASIL CL 514,Consumidor Livre,SUDESTE,21.6,10.970128
,2024-01-11,45462.0,PORTO BRASIL CL 514,Consumidor Livre,SUDESTE,21.6,10.499027
,2024-01-12,45462.0,PORTO BRASIL CL 514,Consumidor Livre,SUDESTE,21.6,10.320386
,2024-01-13,45462.0,PORTO BRASIL CL 514,Consumidor Livre,SUDESTE,21.6,7.07401
,2024-01-14,45462.0,PORTO BRASIL CL 514,Consumidor Livre,SUDESTE,21.6,6.980049
,2024-01-15,45462.0,PORTO BRASIL CL 514,Consumidor Livre,SUDESTE,21.6,10.647995
,2024-01-16,45462.0,PORTO BRASIL CL 514,Consumidor Livre,SUDESTE,21.6,10.901249
,2024-01-17,45462.0,PORTO BRASIL CL 514,Consumidor Livre,SUDESTE,21.6,11.923112
,2024-01-18,45462.0,PORTO BRASIL CL 514,Consumidor Livre,SUDESTE,21.6,11.066004
,2024-01-19,45462.0,PORTO BRASIL CL 514,Consumidor Livre,SUDESTE,21.6,9.91758
,2024-01-20,45462.0,PORTO BRASIL CL 514,Consumidor Livre,SUDESTE,21.6,6.923397
,2024-01-21,45462.0,PORTO BRASIL CL 514,Consumidor Livre,SUDESTE,21.6,7.634044
,2024-01-22,45462.0,PORTO BRASIL CL 514,Consumidor Livre,SUDESTE,21.6,10.511522
,2024-01-23,45462.0,PORTO BRASIL CL 514,Consumidor Livre,SUDESTE,21.6,11.024162
,2024-01-24,45462.0,PORTO BRASIL CL 514,Consumidor Livre,SUDESTE,21.6,10.924147
,2024-01-25,45462.0,PORTO BRASIL CL 514,Consumidor Livre,SUDESTE,21.6,10.731795
,2024-01-26,45462.0,PORTO BRASIL CL 514,Consumidor Livre,SUDESTE,21.6,10.500355
,2024-01-27,45462.0,PORTO BRASIL CL 514,Consumidor Livre,SUDESTE,21.6,7.501901
,2024-01-28,45462.0,PORTO BRASIL CL 514,Consumidor Livre,SUDESTE,21.6,7.44132
,2024-01-29,45462.0,PORTO BRASIL CL 514,Consumidor Livre,SUDESTE,21.6,11.316464
,2024-01-30,45462.0,PORTO BRASIL CL 514,Consumidor Livre,SUDESTE,21.6,11.160708
,2024-01-31,45462.0,PORTO BRASIL CL 514,Consumidor Livre,SUDESTE,21.6,11.22264
,2024-02-01,45462.0,PORTO BRASIL CL 514,Consumidor Livre,SUDESTE,21.6,11.269105
,2024-02-02,45462.0,PORTO BRASIL CL 514,Consumidor Livre,SUDESTE,21.6,10.89046
,2024-02-03,45462.0,PORTO BRASIL CL 514,Consumidor Livre,SUDESTE,21.6,8.048385
,2024-02-04,45462.0,PORTO BRASIL CL 514,Consumidor Livre,SUDESTE,21.6,7.433855
,2024-02-05,45462.0,PORTO BRASIL CL 514,Consumidor Livre,SUDESTE,21.6,11.439196
,2024-02-06,45462.0,PORTO BRASIL CL 514,Consumidor Livre,SUDESTE,21.6,11.324484
,2024-02-07,45462.0,PORTO BRASIL CL 514,Consumidor Livre,SUDESTE,21.6,11.850195
,2024-02-08,45462.0,PORTO BRASIL CL 514,Consumidor Livre,SUDESTE,21.6,11.281971
,2024-02-09,45462.0,PORTO BRASIL CL 514,Consumidor Livre,SUDESTE,21.6,11.409036
,2024-02-10,45462.0,PORTO BRASIL CL 514,Consumidor Livre,SUDESTE,21.6,8.715595
,2024-02-11,45462.0,PORTO BRASIL CL 514,Consumidor Livre,SUDESTE,21.6,7.286629
,2024-02-12,45462.0,PORTO BRASIL CL 514,Consumidor Livre,SUDESTE,21.6,11.416053
,2024-02-13,45462.0,PORTO BRASIL CL 514,Consumidor Livre,SUDESTE,21.6,11.479766
,2024-02-14,45462.0,PORTO BRASIL CL 514,Consumidor Livre,SUDESTE,21.6,11.482172
,2024-02-15,45462.0,PORTO BRASIL CL 514,Consumidor Livre,SUDESTE,21.6,10.968294
,2024-02-16,45462.0,PORTO BRASIL CL 514,Consumidor Livre,SUDESTE,21.6,10.531829
,2024-02-17,45462.0,PORTO BRASIL CL 514,Consumidor Livre,SUDESTE,21.6,7.750535
,2024-02-18,45462.0,PORTO BRASIL CL 514,Consumidor Livre,SUDESTE,21.6,6.99674
,2024-02-19,45462.0,PORTO BRASIL CL 514,Consumidor Livre,SUDESTE,21.6,11.688457
,2024-02-20,45462.0,PORTO BRASIL CL 514,Consumidor Livre,SUDESTE,21.6,11.714146
,2024-02-21,45462.0,PORTO BRASIL CL 514,Consumidor Livre,SUDESTE,21.6,11.462835
,2024-02-22,45462.0,PORTO BRASIL CL 514,Consumidor Livre,SUDESTE,21.6,12.444944
,2024-02-23,45462.0,PORTO BRASIL CL 514,Consumidor Livre,SUDESTE,21.6,11.424541
,2024-02-24,45462.0,PORTO BRASIL CL 514,Consumidor Livre,SUDESTE,21.6,6.248708
,2024-02-25,45462.0,PORTO BRASIL CL 514,Consumidor Livre,SUDESTE,21.6,6.90495
,2024-02-26,45462.0,PORTO BRASIL CL 514,Consumidor Livre,SUDESTE,21.6,10.133956
,2024-02-27,45462.0,PORTO BRASIL CL 514,Consumidor Livre,SUDESTE,21.6,9.045182
,2024-02-28,45462.0,PORTO BRASIL CL 514,Consumidor Livre,SUDESTE,21.6,11.328103
,2024-02-29,45462.0,PORTO BRASIL CL 514,Consumidor Livre,SUDESTE,21.6,11.13351
202403.0,2024-03-01,45462.0,PORTO BRASIL CL 514,Consumidor Livre,SUDESTE,21.6,10.906192
202403.0,2024-03-01,45462.0,PORTO BRASIL CL 514,Consumidor Livre,SUDESTE,21.6,10.906192
,2024-03-01,,PORTO BRASIL CL 514,,,21.6,10.906192
202403.0,2024-03-02,45462.0,PORTO BRASIL CL 514,Consumidor Livre,SUDESTE,21.6,7.393429
202403.0,2024-03-02,45462.0,PORTO BRASIL CL 514,Consumidor Livre,SUDESTE,21.6,7.393429
,2024-03-02,,PORTO BRASIL CL 514,,,21.6,7.393429
202403.0,2024-03-03,45462.0,PORTO BRASIL CL 514,Consumidor Livre,SUDESTE,21.6,6.642536
202403.0,2024-03-03,45462.0,PORTO BRASIL CL 514,Consumidor Livre,SUDESTE,21.6,6.642536
,2024-03-03,,PORTO BRASIL CL 514,,,21.6,6.642536
202403.0,2024-03-04,45462.0,PORTO BRASIL CL 514,Consumidor Livre,SUDESTE,21.6,10.488575
202403.0,2024-03-04,45462.0,PORTO BRASIL CL 514,Consumidor Livre,SUDESTE,21.6,10.488575
,2024-03-04,,PORTO BRASIL CL 514,,,21.6,10.488575
202403.0,2024-03-05,45462.0,PORTO BRASIL CL 514,Consumidor Livre,SUDESTE,21.6,11.325952
202403.0,2024-03-05,45462.0,PORTO BRASIL CL 514,Consumidor Livre,SUDESTE,21.6,11.325952
,2024-03-05,,PORTO BRASIL CL 514,,,21.6,11.325952
202403.0,2024-03-06,45462.0,PORTO BRASIL CL 514,Consumidor Livre,SUDESTE,21.6,11.841246
202403.0,2024-03-06,45462.0,PORTO BRASIL CL 514,Consumidor Livre,SUDESTE,21.6,11.841246
,2024-03-06,,PORTO BRASIL CL 514,,,21.6,11.841246
202403.0,2024-03-07,45462.0,PORTO BRASIL CL 514,Consumidor Livre,SUDESTE,21.6,10.933287
202403.0,2024-03-07,45462.0,PORTO BRASIL CL 514,Consumidor Livre,SUDESTE,21.6,10.933287
,2024-03-07,,PORTO BRASIL CL 514,,,21.6,10.933287
202403.0,2024-03-08,45462.0,PORTO BRASIL CL 514,Consumidor Livre,SUDESTE,21.6,10.758501
202403.0,2024-03-08,45462.0,PORTO BRASIL CL 514,Consumidor Livre,SUDESTE,21.6,10.758501
,2024-03-08,,PORTO BRASIL CL 514,,,21.6,10.758501
202403.0,2024-03-09,45462.0,PORTO BRASIL CL 514,Consumidor Livre,SUDESTE,21.6,8.010851
202403.0,2024-03-09,45462.0,PORTO BRASIL CL 514,Consumidor Livre,SUDESTE,21.6,8.010851
,2024-03-09,,PORTO BRASIL CL 514,,,21.6,8.010851
202403.0,2024-03-10,45462.0,PORTO BRASIL CL 514,Consumidor Livre,SUDESTE,21.6,7.820311
202403.0,2024-03-10,45462.0,PORTO BRASIL CL 514,Consumidor Livre,SUDESTE,21.6,7.820311
,2024-03-10,,PORTO BRASIL CL 514,,,21.6,7.820311
202403.0,2024-03-11,45462.0,PORTO BRASIL CL 514,Consumidor Livre,SUDESTE,21.6,11.236597
202403.0,2024-03-11,45462.0,PORTO BRASIL CL 514,Consumidor Livre,SUDESTE,21.6,11.236597
,2024-03-11,,PORTO BRASIL CL 514,,,21.6,11.236597
202403.0,2024-03-12,45462.0,PORTO BRASIL CL 514,Consumidor Livre,SUDESTE,21.6,12.270797
202403.0,2024-03-12,45462.0,PORTO BRASIL CL 514,Consumidor Livre,SUDESTE,21.6,12.270797
,2024-03-12,,PORTO BRASIL CL 514,,,21.6,12.270797
202403.0,2024-03-13,45462.0,PORTO BRASIL CL 514,Consumidor Livre,SUDESTE,21.6,12.440732
202403.0,2024-03-13,45462.0,PORTO BRASIL CL 514,Consumidor Livre,SUDESTE,21.6,12.440732
,2024-03-13,,PORTO BRASIL CL 514,,,21.6,12.440732
202403.0,2024-03-14,45462.0,PORTO BRASIL CL 514,Consumidor Livre,SUDESTE,21.6,11.930285
202403.0,2024-03-14,45462.0,PORTO BRASIL CL 514,Consumidor Livre,SUDESTE,21.6,11.930285
,2024-03-14,,PORTO BRASIL CL 514,,,21.6,11.930285
202403.0,2024-03-15,45462.0,PORTO BRASIL CL 514,Consumidor Livre,SUDESTE,21.6,12.652805
202403.0,2024-03-15,45462.0,PORTO BRASIL CL 514,Consumidor Livre,SUDESTE,21.6,12.652805
,2024-03-15,,PORTO BRASIL CL 514,,,21.6,12.652805
202403.0,2024-03-16,45462.0,PORTO BRASIL CL 514,Consumidor Livre,SUDESTE,21.6,8.101818
202403.0,2024-03-16,45462.0,PORTO BRASIL CL 514,Consumidor Livre,SUDESTE,21.6,8.101818
,2024-03-16,,PORTO BRASIL CL 514,,,21.6,8.101818
202403.0,2024-03-17,45462.0,PORTO BRASIL CL 514,Consumidor Livre,SUDESTE,21.6,7.57667
202403.0,2024-03-17,45462.0,PORTO BRASIL CL 514,Consumidor Livre,SUDESTE,21.6,7.57667
,2024-03-17,,PORTO BRASIL CL 514,,,21.6,7.57667
202403.0,2024-03-18,45462.0,PORTO BRASIL CL 514,Consumidor Livre,SUDESTE,21.6,11.199579
202403.0,2024-03-18,45462.0,PORTO BRASIL CL 514,Consumidor Livre,SUDESTE,21.6,11.199579
,2024-03-18,,PORTO BRASIL CL 514,,,21.6,11.199579
202403.0,2024-03-19,45462.0,PORTO BRASIL CL 514,Consumidor Livre,SUDESTE,21.6,12.224865
202403.0,2024-03-19,45462.0,PORTO BRASIL CL 514,Consumidor Livre,SUDESTE,21.6,12.224865
,2024-03-19,,PORTO BRASIL CL 514,,,21.6,12.224865
202403.0,2024-03-20,45462.0,PORTO BRASIL CL 514,Consumidor Livre,SUDESTE,21.6,11.716236
202403.0,2024-03-20,45462.0,PORTO BRASIL CL 514,Consumidor Livre,SUDESTE,21.6,11.716236
,2024-03-20,,PORTO BRASIL CL 514,,,21.6,11.716236
202403.0,2024-03-21,45462.0,PORTO BRASIL CL 514,Consumidor Livre,SUDESTE,21.6,11.929333
202403.0,2024-03-21,45462.0,PORTO BRASIL CL 514,Consumidor Livre,SUDESTE,21.6,11.929333
,2024-03-21,,PORTO BRASIL CL 514,,,21.6,11.929333
202403.0,2024-03-22,45462.0,PORTO BRASIL CL 514,Consumidor Livre,SUDESTE,21.6,11.804806
202403.0,2024-03-22,45462.0,PORTO BRASIL CL 514,Consumidor Livre,SUDESTE,21.6,11.804806
,2024-03-22,,PORTO BRASIL CL 514,,,21.6,11.804806
202403.0,2024-03-23,45462.0,PORTO BRASIL CL 514,Consumidor Livre,SUDESTE,21.6,8.304194
202403.0,2024-03-23,45462.0,PORTO BRASIL CL 514,Consumidor Livre,SUDESTE,21.6,8.304194
,2024-03-23,,PORTO BRASIL CL 514,,,21.6,8.304194
202403.0,2024-03-24,45462.0,PORTO BRASIL CL 514,Consumidor Livre,SUDESTE,21.6,6.591802
202403.0,2024-03-24,45462.0,PORTO BRASIL CL 514,Consumidor Livre,SUDESTE,21.6,6.591802
,2024-03-24,,PORTO BRASIL CL 514,,,21.6,6.591802
202403.0,2024-03-25,45462.0,PORTO BRASIL CL 514,Consumidor Livre,SUDESTE,21.6,10.705317
202403.0,2024-03-25,45462.0,PORTO BRASIL CL 514,Consumidor Livre,SUDESTE,21.6,10.705317
,2024-03-25,,PORTO BRASIL CL 514,,,21.6,10.705317
202403.0,2024-03-26,45462.0,PORTO BRASIL CL 514,Consumidor Livre,SUDESTE,21.6,11.736838
202403.0,2024-03-26,45462.0,PORTO BRASIL CL 514,Consumidor Livre,SUDESTE,21.6,11.736838
,2024-03-26,,PORTO BRASIL CL 514,,,21.6,11.736838
202403.0,2024-03-27,45462.0,PORTO BRASIL CL 514,Consumidor Livre,SUDESTE,21.6,11.401734
202403.0,2024-03-27,45462.0,PORTO BRASIL CL 514,Consumidor Livre,SUDESTE,21.6,11.401734
,2024-03-27,,PORTO BRASIL CL 514,,,21.6,11.401734
202403.0,2024-03-28,45462.0,PORTO BRASIL CL 514,Consumidor Livre,SUDESTE,21.6,11.239005
202403.0,2024-03-28,45462.0,PORTO BRASIL CL 514,Consumidor Livre,SUDESTE,21.6,11.239005
,2024-03-28,,PORTO BRASIL CL 514,,,21.6,11.239005
202403.0,2024-03-29,45462.0,PORTO BRASIL CL 514,Consumidor Livre,SUDESTE,21.6,8.08978
202403.0,2024-03-29,45462.0,PORTO BRASIL CL 514,Consumidor Livre,SUDESTE,21.6,8.08978
,2024-03-29,,PORTO BRASIL CL 514,,,21.6,8.08978
202403.0,2024-03-30,45462.0,PORTO BRASIL CL 514,Consumidor Livre,SUDESTE,21.6,7.86288
202403.0,2024-03-30,45462.0,PORTO BRASIL CL 514,Consumidor Livre,SUDESTE,21.6,7.86288
,2024-03-30,,PORTO BRASIL CL 514,,,21.6,7.86288
202403.0,2024-03-31,45462.0,PORTO BRASIL CL 514,Consumidor Livre,SUDESTE,21.6,7.345039
202403.0,2024-03-31,45462.0,PORTO BRASIL CL 514,Consumidor Livre,SUDESTE,21.6,7.345039
,2024-03-31,,PORTO BRASIL CL 514,,,21.6,7.345039
202404.0,2024-04-01,45462.0,PORTO BRASIL CL 514,Consumidor Livre,SUDESTE,21.6,10.470625
202404.0,2024-04-01,45462.0,PORTO BRASIL CL 514,Consumidor Livre,SUDESTE,21.6,10.470625
,2024-04-01,,PORTO BRASIL CL 514,,,21.6,10.470625
202404.0,2024-04-02,45462.0,PORTO BRASIL CL 514,Consumidor Livre,SUDESTE,21.6,11.186333
202404.0,2024-04-02,45462.0,PORTO BRASIL CL 514,Consumidor Livre,SUDESTE,21.6,11.186333
,2024-04-02,,PORTO BRASIL CL 514,,,21.6,11.186333
202404.0,2024-04-03,45462.0,PORTO BRASIL CL 514,Consumidor Livre,SUDESTE,21.6,11.362673
202404.0,2024-04-03,45462.0,PORTO BRASIL CL 514,Consumidor Livre,SUDESTE,21.6,11.362673
,2024-04-03,,PORTO BRASIL CL 514,,,21.6,11.362673
202404.0,2024-04-04,45462.0,PORTO BRASIL CL 514,Consumidor Livre,SUDESTE,21.6,11.773884
202404.0,2024-04-04,45462.0,PORTO BRASIL CL 514,Consumidor Livre,SUDESTE,21.6,11.773884
,2024-04-04,,PORTO BRASIL CL 514,,,21.6,11.773884
202404.0,2024-04-05,45462.0,PORTO BRASIL CL 514,Consumidor Livre,SUDESTE,21.6,11.39184
202404.0,2024-04-05,45462.0,PORTO BRASIL CL 514,Consumidor Livre,SUDESTE,21.6,11.39184
,2024-04-05,,PORTO BRASIL CL 514,,,21.6,11.39184
202404.0,2024-04-06,45462.0,PORTO BRASIL CL 514,Consumidor Livre,SUDESTE,21.6,7.884449
202404.0,2024-04-06,45462.0,PORTO BRASIL CL 514,Consumidor Livre,SUDESTE,21.6,7.884449
,2024-04-06,,PORTO BRASIL CL 514,,,21.6,7.884449
202404.0,2024-04-07,45462.0,PORTO BRASIL CL 514,Consumidor Livre,SUDESTE,21.6,7.732424
202404.0,2024-04-07,45462.0,PORTO BRASIL CL 514,Consumidor Livre,SUDESTE,21.6,7.732424
,2024-04-07,,PORTO BRASIL CL 514,,,21.6,7.732424
202404.0,2024-04-08,45462.0,PORTO BRASIL CL 514,Consumidor Livre,SUDESTE,21.6,11.852015
202404.0,2024-04-08,45462.0,PORTO BRASIL CL 514,Consumidor Livre,SUDESTE,21.6,11.852015
,2024-04-08,,PORTO BRASIL CL 514,,,21.6,11.852015
202404.0,2024-04-09,45462.0,PORTO BRASIL CL 514,Consumidor Livre,SUDESTE,21.6,11.48462
202404.0,2024-04-09,45462.0,PORTO BRASIL CL 514,Consumidor Livre,SUDESTE,21.6,11.48462
,2024-04-09,,PORTO BRASIL CL 514,,,21.6,11.48462
202404.0,2024-04-10,45462.0,PORTO BRASIL CL 514,Consumidor Livre,SUDESTE,21.6,11.322624
202404.0,2024-04-10,45462.0,PORTO BRASIL CL 514,Consumidor Livre,SUDESTE,21.6,11.322624
,2024-04-10,,PORTO BRASIL CL 514,,,21.6,11.322624
202404.0,2024-04-11,45462.0,PORTO BRASIL CL 514,Consumidor Livre,SUDESTE,21.6,11.725487
202404.0,2024-04-11,45462.0,PORTO BRASIL CL 514,Consumidor Livre,SUDESTE,21.6,11.725487
,2024-04-11,,PORTO BRASIL CL 514,,,21.6,11.725487
202404.0,2024-04-12,45462.0,PORTO BRASIL CL 514,Consumidor Livre,SUDESTE,21.6,11.751001
202404.0,2024-04-12,45462.0,PORTO BRASIL CL 514,Consumidor Livre,SUDESTE,21.6,11.751001
,2024-04-12,,PORTO BRASIL CL 514,,,21.6,11.751001
202404.0,2024-04-13,45462.0,PORTO BRASIL CL 514,Consumidor Livre,SUDESTE,21.6,7.978979
202404.0,2024-04-13,45462.0,PORTO BRASIL CL 514,Consumidor Livre,SUDESTE,21.6,7.978979
,2024-04-13,,PORTO BRASIL CL 514,,,21.6,7.978979
202404.0,2024-04-14,45462.0,PORTO BRASIL CL 514,Consumidor Livre,SUDESTE,21.6,7.227068
202404.0,2024-04-14,45462.0,PORTO BRASIL CL 514,Consumidor Livre,SUDESTE,21.6,7.227068
,2024-04-14,,PORTO BRASIL CL 514,,,21.6,7.227068
202404.0,2024-04-15,45462.0,PORTO BRASIL CL 514,Consumidor Livre,SUDESTE,21.6,11.688002
202404.0,2024-04-15,45462.0,PORTO BRASIL CL 514,Consumidor Livre,SUDESTE,21.6,11.688002
,2024-04-15,,PORTO BRASIL CL 514,,,21.6,11.688002
202404.0,2024-04-16,45462.0,PORTO BRASIL CL 514,Consumidor Livre,SUDESTE,21.6,12.187056
202404.0,2024-04-16,45462.0,PORTO BRASIL CL 514,Consumidor Livre,SUDESTE,21.6,12.187056
,2024-04-16,,PORTO BRASIL CL 514,,,21.6,12.187056
202404.0,2024-04-17,45462.0,PORTO BRASIL CL 514,Consumidor Livre,SUDESTE,21.6,12.043026
202404.0,2024-04-17,45462.0,PORTO BRASIL CL 514,Consumidor Livre,SUDESTE,21.6,12.043026
,2024-04-17,,PORTO BRASIL CL 514,,,21.6,12.043026
202404.0,2024-04-18,45462.0,PORTO BRASIL CL 514,Consumidor Livre,SUDESTE,21.6,12.289479
202404.0,2024-04-18,45462.0,PORTO BRASIL CL 514,Consumidor Livre,SUDESTE,21.6,12.289479
,2024-04-18,,PORTO BRASIL CL 514,,,21.6,12.289479
202404.0,2024-04-19,45462.0,PORTO BRASIL CL 514,Consumidor Livre,SUDESTE,21.6,11.512711
202404.0,2024-04-19,45462.0,PORTO BRASIL CL 514,Consumidor Livre,SUDESTE,21.6,11.512711
,2024-04-19,,PORTO BRASIL CL 514,,,21.6,11.512711
202404.0,2024-04-20,45462.0,PORTO BRASIL CL 514,Consumidor Livre,SUDESTE,21.6,8.2733
202404.0,2024-04-20,45462.0,PORTO BRASIL CL 514,Consumidor Livre,SUDESTE,21.6,8.2733
,2024-04-20,,PORTO BRASIL CL 514,,,21.6,8.2733
202404.0,2024-04-21,45462.0,PORTO BRASIL CL 514,Consumidor Livre,SUDESTE,21.6,7.126029
202404.0,2024-04-21,45462.0,PORTO BRASIL CL 514,Consumidor Livre,SUDESTE,21.6,7.126029
,2024-04-21,,PORTO BRASIL CL 514,,,21.6,7.126029
202404.0,2024-04-22,45462.0,PORTO BRASIL CL 514,Consumidor Livre,SUDESTE,21.6,11.393449
202404.0,2024-04-22,45462.0,PORTO BRASIL CL 514,Consumidor Livre,SUDESTE,21.6,11.393449
,2024-04-22,,PORTO BRASIL CL 514,,,21.6,11.393449
202404.0,2024-04-23,45462.0,PORTO BRASIL CL 514,Consumidor Livre,SUDESTE,21.6,11.236121
202404.0,2024-04-23,45462.0,PORTO BRASIL CL 514,Consumidor Livre,SUDESTE,21.6,11.236121
,2024-04-23,,PORTO BRASIL CL 514,,,21.6,11.236121
202404.0,2024-04-24,45462.0,PORTO BRASIL CL 514,Consumidor Livre,SUDESTE,21.6,11.866177
202404.0,2024-04-24,45462.0,PORTO BRASIL CL 514,Consumidor Livre,SUDESTE,21.6,11.866177
,2024-04-24,,PORTO BRASIL CL 514,,,21.6,11.866177
202404.0,2024-04-25,45462.0,PORTO BRASIL CL 514,Consumidor Livre,SUDESTE,21.6,11.270733
202404.0,2024-04-25,45462.0,PORTO BRASIL CL 514,Consumidor Livre,SUDESTE,21.6,11.270733
,2024-04-25,,PORTO BRASIL CL 514,,,21.6,11.270733
202404.0,2024-04-26,45462.0,PORTO BRASIL CL 514,Consumidor Livre,SUDESTE,21.6,11.64344
202404.0,2024-04-26,45462.0,PORTO BRASIL CL 514,Consumidor Livre,SUDESTE,21.6,11.64344
,2024-04-26,,PORTO BRASIL CL 514,,,21.6,11.64344
202404.0,2024-04-27,45462.0,PORTO BRASIL CL 514,Consumidor Livre,SUDESTE,21.6,7.673032
202404.0,2024-04-27,45462.0,PORTO BRASIL CL 514,Consumidor Livre,SUDESTE,21.6,7.673032
,2024-04-27,,PORTO BRASIL CL 514,,,21.6,7.673032
202404.0,2024-04-28,45462.0,PORTO BRASIL CL 514,Consumidor Livre,SUDESTE,21.6,6.979571
202404.0,2024-04-28,45462.0,PORTO BRASIL CL 514,Consumidor Livre,SUDESTE,21.6,6.979571
,2024-04-28,,PORTO BRASIL CL 514,,,21.6,6.979571
202404.0,2024-04-29,45462.0,PORTO BRASIL CL 514,Consumidor Livre,SUDESTE,21.6,11.568268
202404.0,2024-04-29,45462.0,PORTO BRASIL CL 514,Consumidor Livre,SUDESTE,21.6,11.568268
,2024-04-29,,PORTO BRASIL CL 514,,,21.6,11.568268
202404.0,2024-04-30,45462.0,PORTO BRASIL CL 514,Consumidor Livre,SUDESTE,21.6,11.230144
202404.0,2024-04-30,45462.0,PORTO BRASIL CL 514,Consumidor Livre,SUDESTE,21.6,11.230144
,2024-04-30,,PORTO BRASIL CL 514,,,21.6,11.230144
202405.0,2024-05-01,45462.0,PORTO BRASIL CL 514,Consumidor Livre,SUDESTE,21.6,8.247061
202405.0,2024-05-01,45462.0,PORTO BRASIL CL 514,Consumidor Livre,SUDESTE,21.6,8.247061
,2024-05-01,,PORTO BRASIL CL 514,,,21.6,8.247061
202405.0,2024-05-02,45462.0,PORTO BRASIL CL 514,Consumidor Livre,SUDESTE,21.6,10.350158
202405.0,2024-05-02,45462.0,PORTO BRASIL CL 514,Consumidor Livre,SUDESTE,21.6,10.350158
,2024-05-02,,PORTO BRASIL CL 514,,,21.6,10.350158
202405.0,2024-05-03,45462.0,PORTO BRASIL CL 514,Consumidor Livre,SUDESTE,21.6,11.297765
202405.0,2024-05-03,45462.0,PORTO BRASIL CL 514,Consumidor Livre,SUDESTE,21.6,11.297765
,2024-05-03,,PORTO BRASIL CL 514,,,21.6,11.297765
202405.0,2024-05-04,45462.0,PORTO BRASIL CL 514,Consumidor Livre,SUDESTE,21.6,7.809653
202405.0,2024-05-04,45462.0,PORTO BRASIL CL 514,Consumidor Livre,SUDESTE,21.6,7.809653
,2024-05-04,,PORTO BRASIL CL 514,,,21.6,7.809653
202405.0,2024-05-05,45462.0,PORTO BRASIL CL 514,Consumidor Livre,SUDESTE,21.6,7.860571
202405.0,2024-05-05,45462.0,PORTO BRASIL CL 514,Consumidor Livre,SUDESTE,21.6,7.860571
,2024-05-05,,PORTO BRASIL CL 514,,,21.6,7.860571
202405.0,2024-05-06,45462.0,PORTO BRASIL CL 514,Consumidor Livre,SUDESTE,21.6,10.839325
202405.0,2024-05-06,45462.0,PORTO BRASIL CL 514,Consumidor Livre,SUDESTE,21.6,10.839325
,2024-05-06,,PORTO BRASIL CL 514,,,21.6,10.839325
202405.0,2024-05-07,45462.0,PORTO BRASIL CL 514,Consumidor Livre,SUDESTE,21.6,10.801503
202405.0,2024-05-07,45462.0,PORTO BRASIL CL 514,Consumidor Livre,SUDESTE,21.6,10.801503
,2024-05-07,,PORTO BRASIL CL 514,,,21.6,10.801503
202405.0,2024-05-08,45462.0,PORTO BRASIL CL 514,Consumidor Livre,SUDESTE,21.6,11.00392
202405.0,2024-05-08,45462.0,PORTO BRASIL CL 514,Consumidor Livre,SUDESTE,21.6,11.00392
,2024-05-08,,PORTO BRASIL CL 514,,,21.6,11.00392
202405.0,2024-05-09,45462.0,PORTO BRASIL CL 514,Consumidor Livre,SUDESTE,21.6,11.686591
202405.0,2024-05-09,45462.0,PORTO BRASIL CL 514,Consumidor Livre,SUDESTE,21.6,11.686591
,2024-05-09,,PORTO BRASIL CL 514,,,21.6,11.686591
202405.0,2024-05-10,45462.0,PORTO BRASIL CL 514,Consumidor Livre,SUDESTE,21.6,11.239899
202405.0,2024-05-10,45462.0,PORTO BRASIL CL 514,Consumidor Livre,SUDESTE,21.6,11.239899
,2024-05-10,,PORTO BRASIL CL 514,,,21.6,11.239899
202405.0,2024-05-11,45462.0,PORTO BRASIL CL 514,Consumidor Livre,SUDESTE,21.6,8.231328
202405.0,2024-05-11,45462.0,PORTO BRASIL CL 514,Consumidor Livre,SUDESTE,21.6,8.231328
,2024-05-11,,PORTO BRASIL CL 514,,,21.6,8.231328
202405.0,2024-05-12,45462.0,PORTO BRASIL CL 514,Consumidor Livre,SUDESTE,21.6,6.512246
202405.0,2024-05-12,45462.0,PORTO BRASIL CL 514,Consumidor Livre,SUDESTE,21.6,6.512246
,2024-05-12,,PORTO BRASIL CL 514,,,21.6,6.512246
202405.0,2024-05-13,45462.0,PORTO BRASIL CL 514,Consumidor Livre,SUDESTE,21.6,10.790534
202405.0,2024-05-13,45462.0,PORTO BRASIL CL 514,Consumidor Livre,SUDESTE,21.6,10.790534
,2024-05-13,,PORTO BRASIL CL 514,,,21.6,10.790534
202405.0,2024-05-14,45462.0,PORTO BRASIL CL 514,Consumidor Livre,SUDESTE,21.6,11.766061
202405.0,2024-05-14,45462.0,PORTO BRASIL CL 514,Consumidor Livre,SUDESTE,21.6,11.766061
,2024-05-14,,PORTO BRASIL CL 514,,,21.6,11.766061
202405.0,2024-05-15,45462.0,PORTO BRASIL CL 514,Consumidor Livre,SUDESTE,21.6,11.254229
202405.0,2024-05-15,45462.0,PORTO BRASIL CL 514,Consumidor Livre,SUDESTE,21.6,11.254229
,2024-05-15,,PORTO BRASIL CL 514,,,21.6,11.254229
202405.0,2024-05-16,45462.0,PORTO BRASIL CL 514,Consumidor Livre,SUDESTE,21.6,11.09998
202405.0,2024-05-16,45462.0,PORTO BRASIL CL 514,Consumidor Livre,SUDESTE,21.6,11.09998
,2024-05-16,,PORTO BRASIL CL 514,,,21.6,11.09998
202405.0,2024-05-17,45462.0,PORTO BRASIL CL 514,Consumidor Livre,SUDESTE,21.6,10.620912
202405.0,2024-05-17,45462.0,PORTO BRASIL CL 514,Consumidor Livre,SUDESTE,21.6,10.620912
,2024-05-17,,PORTO BRASIL CL 514,,,21.6,10.620912
202405.0,2024-05-18,45462.0,PORTO BRASIL CL 514,Consumidor Livre,SUDESTE,21.6,8.154589
202405.0,2024-05-18,45462.0,PORTO BRASIL CL 514,Consumidor Livre,SUDESTE,21.6,8.154589
,2024-05-18,,PORTO BRASIL CL 514,,,21.6,8.154589
202405.0,2024-05-19,45462.0,PORTO BRASIL CL 514,Consumidor Livre,SUDESTE,21.6,7.080798
202405.0,2024-05-19,45462.0,PORTO BRASIL CL 514,Consumidor Livre,SUDESTE,21.6,7.080798
,2024-05-19,,PORTO BRASIL CL 514,,,21.6,7.080798
202405.0,2024-05-20,45462.0,PORTO BRASIL CL 514,Consumidor Livre,SUDESTE,21.6,11.142471
202405.0,2024-05-20,45462.0,PORTO BRASIL CL 514,Consumidor Livre,SUDESTE,21.6,11.142471
,2024-05-20,,PORTO BRASIL CL 514,,,21.6,11.142471
202405.0,2024-05-21,45462.0,PORTO BRASIL CL 514,Consumidor Livre,SUDESTE,21.6,11.552632
202405.0,2024-05-21,45462.0,PORTO BRASIL CL 514,Consumidor Livre,SUDESTE,21.6,11.552632
,2024-05-21,,PORTO BRASIL CL 514,,,21.6,11.552632
202405.0,2024-05-22,45462.0,PORTO BRASIL CL 514,Consumidor Livre,SUDESTE,21.6,11.499408
202405.0,2024-05-22,45462.0,PORTO BRASIL CL 514,Consumidor Livre,SUDESTE,21.6,11.499408
,2024-05-22,,PORTO BRASIL CL 514,,,21.6,11.499408
202405.0,2024-05-23,45462.0,PORTO BRASIL CL 514,Consumidor Livre,SUDESTE,21.6,11.496271
202405.0,2024-05-23,45462.0,PORTO BRASIL CL 514,Consumidor Livre,SUDESTE,21.6,11.496271
,2024-05-23,,PORTO BRASIL CL 514,,,21.6,11.496271
202405.0,2024-05-24,45462.0,PORTO BRASIL CL 514,Consumidor Livre,SUDESTE,21.6,10.978592
202405.0,2024-05-24,45462.0,PORTO BRASIL CL 514,Consumidor Livre,SUDESTE,21.6,10.978592
,2024-05-24,,PORTO BRASIL CL 514,,,21.6,10.978592
202405.0,2024-05-25,45462.0,PORTO BRASIL CL 514,Consumidor Livre,SUDESTE,21.6,8.348326
202405.0,2024-05-25,45462.0,PORTO BRASIL CL 514,Consumidor Livre,SUDESTE,21.6,8.348326
,2024-05-25,,PORTO BRASIL CL 514,,,21.6,8.348326
202405.0,2024-05-26,45462.0,PORTO BRASIL CL 514,Consumidor Livre,SUDESTE,21.6,6.976833
202405.0,2024-05-26,45462.0,PORTO BRASIL CL 514,Consumidor Livre,SUDESTE,21.6,6.976833
,2024-05-26,,PORTO BRASIL CL 514,,,21.6,6.976833
202405.0,2024-05-27,45462.0,PORTO BRASIL CL 514,Consumidor Livre,SUDESTE,21.6,10.569184
202405.0,2024-05-27,45462.0,PORTO BRASIL CL 514,Consumidor Livre,SUDESTE,21.6,10.569184
,2024-05-27,,PORTO BRASIL CL 514,,,21.6,10.569184
202405.0,2024-05-28,45462.0,PORTO BRASIL CL 514,Consumidor Livre,SUDESTE,21.6,10.485101
202405.0,2024-05-28,45462.0,PORTO BRASIL CL 514,Consumidor Livre,SUDESTE,21.6,10.485101
,2024-05-28,,PORTO BRASIL CL 514,,,21.6,10.485101
202405.0,2024-05-29,45462.0,PORTO BRASIL CL 514,Consumidor Livre,SUDESTE,21.6,10.68053
202405.0,2024-05-29,45462.0,PORTO BRASIL CL 514,Consumidor Livre,SUDESTE,21.6,10.68053
,2024-05-29,,PORTO BRASIL CL 514,,,21.6,10.68053
202405.0,2024-05-30,45462.0,PORTO BRASIL CL 514,Consumidor Livre,SUDESTE,21.6,9.298677
202405.0,2024-05-30,45462.0,PORTO BRASIL CL 514,Consumidor Livre,SUDESTE,21.6,9.298677
,2024-05-30,,PORTO BRASIL CL 514,,,21.6,9.298677
202405.0,2024-05-31,45462.0,PORTO BRASIL CL 514,Consumidor Livre,SUDESTE,21.6,9.747437
202405.0,2024-05-31,45462.0,PORTO BRASIL CL 514,Consumidor Livre,SUDESTE,21.6,9.747437
,2024-05-31,,PORTO BRASIL CL 514,,,21.6,9.747437
202406.0,2024-06-01,45462.0,PORTO BRASIL CL 514,Consumidor Livre,SUDESTE,21.6,7.986477
202406.0,2024-06-01,45462.0,PORTO BRASIL CL 514,Consumidor Livre,SUDESTE,21.6,7.986477
,2024-06-01,,PORTO BRASIL CL 514,,,21.6,7.986477
202406.0,2024-06-02,45462.0,PORTO BRASIL CL 514,Consumidor Livre,SUDESTE,21.6,7.765386
202406.0,2024-06-02,45462.0,PORTO BRASIL CL 514,Consumidor Livre,SUDESTE,21.6,7.765386
,2024-06-02,,PORTO BRASIL CL 514,,,21.6,7.765386
202406.0,2024-06-03,45462.0,PORTO BRASIL CL 514,Consumidor Livre,SUDESTE,21.6,10.215997
202406.0,2024-06-03,45462.0,PORTO BRASIL CL 514,Consumidor Livre,SUDESTE,21.6,10.215997
,2024-06-03,,PORTO BRASIL CL 514,,,21.6,10.215997
202406.0,2024-06-04,45462.0,PORTO BRASIL CL 514,Consumidor Livre,SUDESTE,21.6,11.173493
202406.0,2024-06-04,45462.0,PORTO BRASIL CL 514,Consumidor Livre,SUDESTE,21.6,11.173493
,2024-06-04,,PORTO BRASIL CL 514,,,21.6,11.173493
202406.0,2024-06-05,45462.0,PORTO BRASIL CL 514,Consumidor Livre,SUDESTE,21.6,11.438982
202406.0,2024-06-05,45462.0,PORTO BRASIL CL 514,Consumidor Livre,SUDESTE,21.6,11.438982
,2024-06-05,,PORTO BRASIL CL 514,,,21.6,11.438982
202406.0,2024-06-06,45462.0,PORTO BRASIL CL 514,Consumidor Livre,SUDESTE,21.6,11.048491
202406.0,2024-06-06,45462.0,PORTO BRASIL CL 514,Consumidor Livre,SUDESTE,21.6,11.048491
,2024-06-06,,PORTO BRASIL CL 514,,,21.6,11.048491
202406.0,2024-06-07,45462.0,PORTO BRASIL CL 514,Consumidor Livre,SUDESTE,21.6,11.102518
202406.0,2024-06-07,45462.0,PORTO BRASIL CL 514,Consumidor Livre,SUDESTE,21.6,11.102518
,2024-06-07,,PORTO BRASIL CL 514,,,21.6,11.102518
202406.0,2024-06-08,45462.0,PORTO BRASIL CL 514,Consumidor Livre,SUDESTE,21.6,7.543794
202406.0,2024-06-08,45462.0,PORTO BRASIL CL 514,Consumidor Livre,SUDESTE,21.6,7.543794
,2024-06-08,,PORTO BRASIL CL 514,,,21.6,7.543794
202406.0,2024-06-09,45462.0,PORTO BRASIL CL 514,Consumidor Livre,SUDESTE,21.6,7.382641
202406.0,2024-06-09,45462.0,PORTO BRASIL CL 514,Consumidor Livre,SUDESTE,21.6,7.382641
,2024-06-09,,PORTO BRASIL CL 514,,,21.6,7.382641
202406.0,2024-06-10,45462.0,PORTO BRASIL CL 514,Consumidor Livre,SUDESTE,21.6,10.661923
202406.0,2024-06-10,45462.0,PORTO BRASIL CL 514,Consumidor Livre,SUDESTE,21.6,10.661923
,2024-06-10,,PORTO BRASIL CL 514,,,21.6,10.661923
202406.0,2024-06-11,45462.0,PORTO BRASIL CL 514,Consumidor Livre,SUDESTE,21.6,11.729054
202406.0,2024-06-11,45462.0,PORTO BRASIL CL 514,Consumidor Livre,SUDESTE,21.6,11.729054
,2024-06-11,,PORTO BRASIL CL 514,,,21.6,11.729054
202406.0,2024-06-12,45462.0,PORTO BRASIL CL 514,Consumidor Livre,SUDESTE,21.6,11.583718
202406.0,2024-06-12,45462.0,PORTO BRASIL CL 514,Consumidor Livre,SUDESTE,21.6,11.583718
,2024-06-12,,PORTO BRASIL CL 514,,,21.6,11.583718
202406.0,2024-06-13,45462.0,PORTO BRASIL CL 514,Consumidor Livre,SUDESTE,21.6,11.55325
202406.0,2024-06-13,45462.0,PORTO BRASIL CL 514,Consumidor Livre,SUDESTE,21.6,11.55325
,2024-06-13,,PORTO BRASIL CL 514,,,21.6,11.55325
202406.0,2024-06-14,45462.0,PORTO BRASIL CL 514,Consumidor Livre,SUDESTE,21.6,12.12477
202406.0,2024-06-14,45462.0,PORTO BRASIL CL 514,Consumidor Livre,SUDESTE,21.6,12.12477
,2024-06-14,,PORTO BRASIL CL 514,,,21.6,12.12477
202406.0,2024-06-15,45462.0,PORTO BRASIL CL 514,Consumidor Livre,SUDESTE,21.6,7.626117
202406.0,2024-06-15,45462.0,PORTO BRASIL CL 514,Consumidor Livre,SUDESTE,21.6,7.626117
,2024-06-15,,PORTO BRASIL CL 514,,,21.6,7.626117
202406.0,2024-06-16,45462.0,PORTO BRASIL CL 514,Consumidor Livre,SUDESTE,21.6,7.19863
202406.0,2024-06-16,45462.0,PORTO BRASIL CL 514,Consumidor Livre,SUDESTE,21.6,7.19863
,2024-06-16,,PORTO BRASIL CL 514,,,21.6,7.19863
202406.0,2024-06-17,45462.0,PORTO BRASIL CL 514,Consumidor Livre,SUDESTE,21.6,10.873371
202406.0,2024-06-17,45462.0,PORTO BRASIL CL 514,Consumidor Livre,SUDESTE,21.6,10.873371
,2024-06-17,,PORTO BRASIL CL 514,,,21.6,10.873371
202406.0,2024-06-18,45462.0,PORTO BRASIL CL 514,Consumidor Livre,SUDESTE,21.6,11.921058
202406.0,2024-06-18,45462.0,PORTO BRASIL CL 514,Consumidor Livre,SUDESTE,21.6,11.921058
,2024-06-18,,PORTO BRASIL CL 514,,,21.6,11.921058
202406.0,2024-06-19,45462.0,PORTO BRASIL CL 514,Consumidor Livre,SUDESTE,21.6,12.28043
202406.0,2024-06-19,45462.0,PORTO BRASIL CL 514,Consumidor Livre,SUDESTE,21.6,12.28043
,2024-06-19,,PORTO BRASIL CL 514,,,21.6,12.28043
202406.0,2024-06-20,45462.0,PORTO BRASIL CL 514,Consumidor Livre,SUDESTE,21.6,11.836499
202406.0,2024-06-20,45462.0,PORTO BRASIL CL 514,Consumidor Livre,SUDESTE,21.6,11.836499
,2024-06-20,,PORTO BRASIL CL 514,,,21.6,11.836499
202406.0,2024-06-21,45462.0,PORTO BRASIL CL 514,Consumidor Livre,SUDESTE,21.6,11.678536
202406.0,2024-06-21,45462.0,PORTO BRASIL CL 514,Consumidor Livre,SUDESTE,21.6,11.678536
,2024-06-21,,PORTO BRASIL CL 514,,,21.6,11.678536
202406.0,2024-06-22,45462.0,PORTO BRASIL CL 514,Consumidor Livre,SUDESTE,21.6,7.63081
202406.0,2024-06-22,45462.0,PORTO BRASIL CL 514,Consumidor Livre,SUDESTE,21.6,7.63081
,2024-06-22,,PORTO BRASIL CL 514,,,21.6,7.63081
202406.0,2024-06-23,45462.0,PORTO BRASIL CL 514,Consumidor Livre,SUDESTE,21.6,7.765954
202406.0,2024-06-23,45462.0,PORTO BRASIL CL 514,Consumidor Livre,SUDESTE,21.6,7.765954
,2024-06-23,,PORTO BRASIL CL 514,,,21.6,7.765954
202406.0,2024-06-24,45462.0,PORTO BRASIL CL 514,Consumidor Livre,SUDESTE,21.6,11.089557
202406.0,2024-06-24,45462.0,PORTO BRASIL CL 514,Consumidor Livre,SUDESTE,21.6,11.089557
,2024-06-24,,PORTO BRASIL CL 514,,,21.6,11.089557
202406.0,2024-06-25,45462.0,PORTO BRASIL CL 514,Consumidor Livre,SUDESTE,21.6,11.298895
202406.0,2024-06-25,45462.0,PORTO BRASIL CL 514,Consumidor Livre,SUDESTE,21.6,11.298895
,2024-06-25,,PORTO BRASIL CL 514,,,21.6,11.298895
202406.0,2024-06-26,45462.0,PORTO BRASIL CL 514,Consumidor Livre,SUDESTE,21.6,12.284887
202406.0,2024-06-26,45462.0,PORTO BRASIL CL 514,Consumidor Livre,SUDESTE,21.6,12.284887
,2024-06-26,,PORTO BRASIL CL 514,,,21.6,12.284887
202406.0,2024-06-27,45462.0,PORTO BRASIL CL 514,Consumidor Livre,SUDESTE,21.6,11.899493
202406.0,2024-06-27,45462.0,PORTO BRASIL CL 514,Consumidor Livre,SUDESTE,21.6,11.899493
,2024-06-27,,PORTO BRASIL CL 514,,,21.6,11.899493
202406.0,2024-06-28,45462.0,PORTO BRASIL CL 514,Consumidor Livre,SUDESTE,21.6,11.385791
202406.0,2024-06-28,45462.0,PORTO BRASIL CL 514,Consumidor Livre,SUDESTE,21.6,11.385791
,2024-06-28,,PORTO BRASIL CL 514,,,21.6,11.385791
202406.0,2024-06-29,45462.0,PORTO BRASIL CL 514,Consumidor Livre,SUDESTE,21.6,8.410993
202406.0,2024-06-29,45462.0,PORTO BRASIL CL 514,Consumidor Livre,SUDESTE,21.6,8.410993
,2024-06-29,,PORTO BRASIL CL 514,,,21.6,8.410993
202406.0,2024-06-30,45462.0,PORTO BRASIL CL 514,Consumidor Livre,SUDESTE,21.6,7.445736
202406.0,2024-06-30,45462.0,PORTO BRASIL CL 514,Consumidor Livre,SUDESTE,21.6,7.445736
,2024-06-30,,PORTO BRASIL CL 514,,,21.6,7.445736
202407.0,2024-07-01,45462.0,PORTO BRASIL CL 514,Consumidor Livre,SUDESTE,21.6,10.863773
202407.0,2024-07-01,45462.0,PORTO BRASIL CL 514,Consumidor Livre,SUDESTE,21.6,10.863773
,2024-07-01,,PORTO BRASIL CL 514,,,21.6,10.863773
202407.0,2024-07-02,45462.0,PORTO BRASIL CL 514,Consumidor Livre,SUDESTE,21.6,11.451742
202407.0,2024-07-02,45462.0,PORTO BRASIL CL 514,Consumidor Livre,SUDESTE,21.6,11.451742
,2024-07-02,,PORTO BRASIL CL 514,,,21.6,11.451742
202407.0,2024-07-03,45462.0,PORTO BRASIL CL 514,Consumidor Livre,SUDESTE,21.6,12.032979
202407.0,2024-07-03,45462.0,PORTO BRASIL CL 514,Consumidor Livre,SUDESTE,21.6,12.032979
,2024-07-03,,PORTO BRASIL CL 514,,,21.6,12.032979
202407.0,2024-07-04,45462.0,PORTO BRASIL CL 514,Consumidor Livre,SUDESTE,21.6,12.036148
202407.0,2024-07-04,45462.0,PORTO BRASIL CL 514,Consumidor Livre,SUDESTE,21.6,12.036148
,2024-07-04,,PORTO BRASIL CL 514,,,21.6,12.036148
202407.0,2024-07-05,45462.0,PORTO BRASIL CL 514,Consumidor Livre,SUDESTE,21.6,11.043719
202407.0,2024-07-05,45462.0,PORTO BRASIL CL 514,Consumidor Livre,SUDESTE,21.6,11.043719
,2024-07-05,,PORTO BRASIL CL 514,,,21.6,11.043719
202407.0,2024-07-06,45462.0,PORTO BRASIL CL 514,Consumidor Livre,SUDESTE,21.6,7.456936
202407.0,2024-07-06,45462.0,PORTO BRASIL CL 514,Consumidor Livre,SUDESTE,21.6,7.456936
,2024-07-06,,PORTO BRASIL CL 514,,,21.6,7.456936
202407.0,2024-07-07,45462.0,PORTO BRASIL CL 514,Consumidor Livre,SUDESTE,21.6,6.985999
202407.0,2024-07-07,45462.0,PORTO BRASIL CL 514,Consumidor Livre,SUDESTE,21.6,6.985999
,2024-07-07,,PORTO BRASIL CL 514,,,21.6,6.985999
202407.0,2024-07-08,45462.0,PORTO BRASIL CL 514,Consumidor Livre,SUDESTE,21.6,9.634604
202407.0,2024-07-08,45462.0,PORTO BRASIL CL 514,Consumidor Livre,SUDESTE,21.6,9.634604
,2024-07-08,,PORTO BRASIL CL 514,,,21.6,9.634604
202407.0,2024-07-09,45462.0,PORTO BRASIL CL 514,Consumidor Livre,SUDESTE,21.6,7.213175
202407.0,2024-07-09,45462.0,PORTO BRASIL CL 514,Consumidor Livre,SUDESTE,21.6,7.213175
,2024-07-09,,PORTO BRASIL CL 514,,,21.6,7.213175
202407.0,2024-07-10,45462.0,PORTO BRASIL CL 514,Consumidor Livre,SUDESTE,21.6,10.591816
202407.0,2024-07-10,45462.0,PORTO BRASIL CL 514,Consumidor Livre,SUDESTE,21.6,10.591816
,2024-07-10,,PORTO BRASIL CL 514,,,21.6,10.591816
202407.0,2024-07-11,45462.0,PORTO BRASIL CL 514,Consumidor Livre,SUDESTE,21.6,11.585519
202407.0,2024-07-11,45462.0,PORTO BRASIL CL 514,Consumidor Livre,SUDESTE,21.6,11.585519
,2024-07-11,,PORTO BRASIL CL 514,,,21.6,11.585519
202407.0,2024-07-12,45462.0,PORTO BRASIL CL 514,Consumidor Livre,SUDESTE,21.6,11.215846
202407.0,2024-07-12,45462.0,PORTO BRASIL CL 514,Consumidor Livre,SUDESTE,21.6,11.215846
,2024-07-12,,PORTO BRASIL CL 514,,,21.6,11.215846
202407.0,2024-07-13,45462.0,PORTO BRASIL CL 514,Consumidor Livre,SUDESTE,21.6,8.124844
202407.0,2024-07-13,45462.0,PORTO BRASIL CL 514,Consumidor Livre,SUDESTE,21.6,8.124844
,2024-07-13,,PORTO BRASIL CL 514,,,21.6,8.124844
202407.0,2024-07-14,45462.0,PORTO BRASIL CL 514,Consumidor Livre,SUDESTE,21.6,6.983483
202407.0,2024-07-14,45462.0,PORTO BRASIL CL 514,Consumidor Livre,SUDESTE,21.6,6.983483
,2024-07-14,,PORTO BRASIL CL 514,,,21.6,6.983483
202407.0,2024-07-15,45462.0,PORTO BRASIL CL 514,Consumidor Livre,SUDESTE,21.6,10.116618
202407.0,2024-07-15,45462.0,PORTO BRASIL CL 514,Consumidor Livre,SUDESTE,21.6,10.116618
,2024-07-15,,PORTO BRASIL CL 514,,,21.6,10.116618
202407.0,2024-07-16,45462.0,PORTO BRASIL CL 514,Consumidor Livre,SUDESTE,21.6,9.846759
202407.0,2024-07-16,45462.0,PORTO BRASIL CL 514,Consumidor Livre,SUDESTE,21.6,9.846759
,2024-07-16,,PORTO BRASIL CL 514,,,21.6,9.846759
202407.0,2024-07-17,45462.0,PORTO BRASIL CL 514,Consumidor Livre,SUDESTE,21.6,10.615276
202407.0,2024-07-17,45462.0,PORTO BRASIL CL 514,Consumidor Livre,SUDESTE,21.6,10.615276
,2024-07-17,,PORTO BRASIL CL 514,,,21.6,10.615276
202407.0,2024-07-18,45462.0,PORTO BRASIL CL 514,Consumidor Livre,SUDESTE,21.6,10.704755
202407.0,2024-07-18,45462.0,PORTO BRASIL CL 514,Consumidor Livre,SUDESTE,21.6,10.704755
,2024-07-18,,PORTO BRASIL CL 514,,,21.6,10.704755
202407.0,2024-07-19,45462.0,PORTO BRASIL CL 514,Consumidor Livre,SUDESTE,21.6,10.462706
202407.0,2024-07-19,45462.0,PORTO BRASIL CL 514,Consumidor Livre,SUDESTE,21.6,10.462706
,2024-07-19,,PORTO BRASIL CL 514,,,21.6,10.462706
202407.0,2024-07-20,45462.0,PORTO BRASIL CL 514,Consumidor Livre,SUDESTE,21.6,7.420999
202407.0,2024-07-20,45462.0,PORTO BRASIL CL 514,Consumidor Livre,SUDESTE,21.6,7.420999
,2024-07-20,,PORTO BRASIL CL 514,,,21.6,7.420999
202407.0,2024-07-21,45462.0,PORTO BRASIL CL 514,Consumidor Livre,SUDESTE,21.6,6.84691
202407.0,2024-07-21,45462.0,PORTO BRASIL CL 514,Consumidor Livre,SUDESTE,21.6,6.84691
,2024-07-21,,PORTO BRASIL CL 514,,,21.6,6.84691
202407.0,2024-07-22,45462.0,PORTO BRASIL CL 514,Consumidor Livre,SUDESTE,21.6,9.51396
202407.0,2024-07-22,45462.0,PORTO BRASIL CL 514,Consumidor Livre,SUDESTE,21.6,9.51396
,2024-07-22,,PORTO BRASIL CL 514,,,21.6,9.51396
202407.0,2024-07-23,45462.0,PORTO BRASIL CL 514,Consumidor Livre,SUDESTE,21.6,10.097435
202407.0,2024-07-23,45462.0,PORTO BRASIL CL 514,Consumidor Livre,SUDESTE,21.6,10.097435
,2024-07-23,,PORTO BRASIL CL 514,,,21.6,10.097435
202407.0,2024-07-24,45462.0,PORTO BRASIL CL 514,Consumidor Livre,SUDESTE,21.6,10.299748
202407.0,2024-07-24,45462.0,PORTO BRASIL CL 514,Consumidor Livre,SUDESTE,21.6,10.299748
,2024-07-24,,PORTO BRASIL CL 514,,,21.6,10.299748
202407.0,2024-07-25,45462.0,PORTO BRASIL CL 514,Consumidor Livre,SUDESTE,21.6,10.238009
202407.0,2024-07-25,45462.0,PORTO BRASIL CL 514,Consumidor Livre,SUDESTE,21.6,10.238009
,2024-07-25,,PORTO BRASIL CL 514,,,21.6,10.238009
202407.0,2024-07-26,45462.0,PORTO BRASIL CL 514,Consumidor Livre,SUDESTE,21.6,10.188256
202407.0,2024-07-26,45462.0,PORTO BRASIL CL 514,Consumidor Livre,SUDESTE,21.6,10.188256
,2024-07-26,,PORTO BRASIL CL 514,,,21.6,10.188256
202407.0,2024-07-27,45462.0,PORTO BRASIL CL 514,Consumidor Livre,SUDESTE,21.6,7.766283
202407.0,2024-07-27,45462.0,PORTO BRASIL CL 514,Consumidor Livre,SUDESTE,21.6,7.766283
,2024-07-27,,PORTO BRASIL CL 514,,,21.6,7.766283
202407.0,2024-07-28,45462.0,PORTO BRASIL CL 514,Consumidor Livre,SUDESTE,21.6,7.134444
202407.0,2024-07-28,45462.0,PORTO BRASIL CL 514,Consumidor Livre,SUDESTE,21.6,7.134444
,2024-07-28,,PORTO BRASIL CL 514,,,21.6,7.134444
202407.0,2024-07-29,45462.0,PORTO BRASIL CL 514,Consumidor Livre,SUDESTE,21.6,7.383246
202407.0,2024-07-29,45462.0,PORTO BRASIL CL 514,Consumidor Livre,SUDESTE,21.6,7.383246
,2024-07-29,,PORTO BRASIL CL 514,,,21.6,7.383246
202407.0,2024-07-30,45462.0,PORTO BRASIL CL 514,Consumidor Livre,SUDESTE,21.6,10.262605
202407.0,2024-07-30,45462.0,PORTO BRASIL CL 514,Consumidor Livre,SUDESTE,21.6,10.262605
,2024-07-30,,PORTO BRASIL CL 514,,,21.6,10.262605
202407.0,2024-07-31,45462.0,PORTO BRASIL CL 514,Consumidor Livre,SUDESTE,21.6,10.688714
202407.0,2024-07-31,45462.0,PORTO BRASIL CL 514,Consumidor Livre,SUDESTE,21.6,10.688714
,2024-07-31,,PORTO BRASIL CL 514,,,21.6,10.688714
202408.0,2024-08-01,45462.0,PORTO BRASIL CL 514,Consumidor Livre,SUDESTE,21.6,10.718268
202408.0,2024-08-01,45462.0,PORTO BRASIL CL 514,Consumidor Livre,SUDESTE,21.6,10.718268
,2024-08-01,,PORTO BRASIL CL 514,,,21.6,10.718268
202408.0,2024-08-02,45462.0,PORTO BRASIL CL 514,Consumidor Livre,SUDESTE,21.6,10.96493
202408.0,2024-08-02,45462.0,PORTO BRASIL CL 514,Consumidor Livre,SUDESTE,21.6,10.96493
,2024-08-02,,PORTO BRASIL CL 514,,,21.6,10.96493
202408.0,2024-08-03,45462.0,PORTO BRASIL CL 514,Consumidor Livre,SUDESTE,21.6,7.858143
202408.0,2024-08-03,45462.0,PORTO BRASIL CL 514,Consumidor Livre,SUDESTE,21.6,7.858143
,2024-08-03,,PORTO BRASIL CL 514,,,21.6,7.858143
202408.0,2024-08-04,45462.0,PORTO BRASIL CL 514,Consumidor Livre,SUDESTE,21.6,7.182231
202408.0,2024-08-04,45462.0,PORTO BRASIL CL 514,Consumidor Livre,SUDESTE,21.6,7.182231
,2024-08-04,,PORTO BRASIL CL 514,,,21.6,7.182231
202408.0,2024-08-05,45462.0,PORTO BRASIL CL 514,Consumidor Livre,SUDESTE,21.6,10.269615
202408.0,2024-08-05,45462.0,PORTO BRASIL CL 514,Consumidor Livre,SUDESTE,21.6,10.269615
,2024-08-05,,PORTO BRASIL CL 514,,,21.6,10.269615
202408.0,2024-08-06,45462.0,PORTO BRASIL CL 514,Consumidor Livre,SUDESTE,21.6,10.93699
202408.0,2024-08-06,45462.0,PORTO BRASIL CL 514,Consumidor Livre,SUDESTE,21.6,10.93699
,2024-08-06,,PORTO BRASIL CL 514,,,21.6,10.93699
202408.0,2024-08-07,45462.0,PORTO BRASIL CL 514,Consumidor Livre,SUDESTE,21.6,11.320915
202408.0,2024-08-07,45462.0,PORTO BRASIL CL 514,Consumidor Livre,SUDESTE,21.6,11.320915
,2024-08-07,,PORTO BRASIL CL 514,,,21.6,11.320915
202408.0,2024-08-08,45462.0,PORTO BRASIL CL 514,Consumidor Livre,SUDESTE,21.6,11.391752
202408.0,2024-08-08,45462.0,PORTO BRASIL CL 514,Consumidor Livre,SUDESTE,21.6,11.391752
,2024-08-08,,PORTO BRASIL CL 514,,,21.6,11.391752
202408.0,2024-08-09,45462.0,PORTO BRASIL CL 514,Consumidor Livre,SUDESTE,21.6,10.965448
202408.0,2024-08-09,45462.0,PORTO BRASIL CL 514,Consumidor Livre,SUDESTE,21.6,10.965448
,2024-08-09,,PORTO BRASIL CL 514,,,21.6,10.965448
202408.0,2024-08-10,45462.0,PORTO BRASIL CL 514,Consumidor Livre,SUDESTE,21.6,7.891777
202408.0,2024-08-10,45462.0,PORTO BRASIL CL 514,Consumidor Livre,SUDESTE,21.6,7.891777
,2024-08-10,,PORTO BRASIL CL 514,,,21.6,7.891777
202408.0,2024-08-11,45462.0,PORTO BRASIL CL 514,Consumidor Livre,SUDESTE,21.6,7.046674
202408.0,2024-08-11,45462.0,PORTO BRASIL CL 514,Consumidor Livre,SUDESTE,21.6,7.046674
,2024-08-11,,PORTO BRASIL CL 514,,,21.6,7.046674
202408.0,2024-08-12,45462.0,PORTO BRASIL CL 514,Consumidor Livre,SUDESTE,21.6,10.566031
202408.0,2024-08-12,45462.0,PORTO BRASIL CL 514,Consumidor Livre,SUDESTE,21.6,10.566031
,2024-08-12,,PORTO BRASIL CL 514,,,21.6,10.566031
202408.0,2024-08-13,45462.0,PORTO BRASIL CL 514,Consumidor Livre,SUDESTE,21.6,11.245592
202408.0,2024-08-13,45462.0,PORTO BRASIL CL 514,Consumidor Livre,SUDESTE,21.6,11.245592
,2024-08-13,,PORTO BRASIL CL 514,,,21.6,11.245592
202408.0,2024-08-14,45462.0,PORTO BRASIL CL 514,Consumidor Livre,SUDESTE,21.6,11.424522
202408.0,2024-08-14,45462.0,PORTO BRASIL CL 514,Consumidor Livre,SUDESTE,21.6,11.424522
,2024-08-14,,PORTO BRASIL CL 514,,,21.6,11.424522
202408.0,2024-08-15,45462.0,PORTO BRASIL CL 514,Consumidor Livre,SUDESTE,21.6,11.063591
202408.0,2024-08-15,45462.0,PORTO BRASIL CL 514,Consumidor Livre,SUDESTE,21.6,11.063591
,2024-08-15,,PORTO BRASIL CL 514,,,21.6,11.063591
202408.0,2024-08-16,45462.0,PORTO BRASIL CL 514,Consumidor Livre,SUDESTE,21.6,11.334924
202408.0,2024-08-16,45462.0,PORTO BRASIL CL 514,Consumidor Livre,SUDESTE,21.6,11.334924
,2024-08-16,,PORTO BRASIL CL 514,,,21.6,11.334924
202408.0,2024-08-17,45462.0,PORTO BRASIL CL 514,Consumidor Livre,SUDESTE,21.6,7.859733999999999
202408.0,2024-08-17,45462.0,PORTO BRASIL CL 514,Consumidor Livre,SUDESTE,21.6,7.859733999999999
,2024-08-17,,PORTO BRASIL CL 514,,,21.6,7.859733999999999
202408.0,2024-08-18,45462.0,PORTO BRASIL CL 514,Consumidor Livre,SUDESTE,21.6,7.101176
202408.0,2024-08-18,45462.0,PORTO BRASIL CL 514,Consumidor Livre,SUDESTE,21.6,7.101176
,2024-08-18,,PORTO BRASIL CL 514,,,21.6,7.101176
202408.0,2024-08-19,45462.0,PORTO BRASIL CL 514,Consumidor Livre,SUDESTE,21.6,10.366626
202408.0,2024-08-19,45462.0,PORTO BRASIL CL 514,Consumidor Livre,SUDESTE,21.6,10.366626
,2024-08-19,,PORTO BRASIL CL 514,,,21.6,10.366626
202408.0,2024-08-20,45462.0,PORTO BRASIL CL 514,Consumidor Livre,SUDESTE,21.6,10.577928
202408.0,2024-08-20,45462.0,PORTO BRASIL CL 514,Consumidor Livre,SUDESTE,21.6,10.577928
,2024-08-20,,PORTO BRASIL CL 514,,,21.6,10.577928
202408.0,2024-08-21,45462.0,PORTO BRASIL CL 514,Consumidor Livre,SUDESTE,21.6,10.772297
202408.0,2024-08-21,45462.0,PORTO BRASIL CL 514,Consumidor Livre,SUDESTE,21.6,10.772297
,2024-08-21,,PORTO BRASIL CL 514,,,21.6,10.772297
202408.0,2024-08-22,45462.0,PORTO BRASIL CL 514,Consumidor Livre,SUDESTE,21.6,10.932574
202408.0,2024-08-22,45462.0,PORTO BRASIL CL 514,Consumidor Livre,SUDESTE,21.6,10.932574
,2024-08-22,,PORTO BRASIL CL 514,,,21.6,10.932574
202408.0,2024-08-23,45462.0,PORTO BRASIL CL 514,Consumidor Livre,SUDESTE,21.6,10.578595
202408.0,2024-08-23,45462.0,PORTO BRASIL CL 514,Consumidor Livre,SUDESTE,21.6,10.578595
,2024-08-23,,PORTO BRASIL CL 514,,,21.6,10.578595
202408.0,2024-08-24,45462.0,PORTO BRASIL CL 514,Consumidor Livre,SUDESTE,21.6,7.576906
202408.0,2024-08-24,45462.0,PORTO BRASIL CL 514,Consumidor Livre,SUDESTE,21.6,7.576906
,2024-08-24,,PORTO BRASIL CL 514,,,21.6,7.576906
202408.0,2024-08-25,45462.0,PORTO BRASIL CL 514,Consumidor Livre,SUDESTE,21.6,7.210118
202408.0,2024-08-25,45462.0,PORTO BRASIL CL 514,Consumidor Livre,SUDESTE,21.6,7.210118
,2024-08-25,,PORTO BRASIL CL 514,,,21.6,7.210118
202408.0,2024-08-26,45462.0,PORTO BRASIL CL 514,Consumidor Livre,SUDESTE,21.6,10.254362
202408.0,2024-08-26,45462.0,PORTO BRASIL CL 514,Consumidor Livre,SUDESTE,21.6,10.254362
,2024-08-26,,PORTO BRASIL CL 514,,,21.6,10.254362
202408.0,2024-08-27,45462.0,PORTO BRASIL CL 514,Consumidor Livre,SUDESTE,21.6,10.476367
202408.0,2024-08-27,45462.0,PORTO BRASIL CL 514,Consumidor Livre,SUDESTE,21.6,10.476367
,2024-08-27,,PORTO BRASIL CL 514,,,21.6,10.476367
202408.0,2024-08-28,45462.0,PORTO BRASIL CL 514,Consumidor Livre,SUDESTE,21.6,10.057729
202408.0,2024-08-28,45462.0,PORTO BRASIL CL 514,Consumidor Livre,SUDESTE,21.6,10.057729
,2024-08-28,,PORTO BRASIL CL 514,,,21.6,10.057729
202408.0,2024-08-29,45462.0,PORTO BRASIL CL 514,Consumidor Livre,SUDESTE,21.6,10.815748
202408.0,2024-08-29,45462.0,PORTO BRASIL CL 514,Consumidor Livre,SUDESTE,21.6,10.815748
,2024-08-29,,PORTO BRASIL CL 514,,,21.6,10.815748
202408.0,2024-08-30,45462.0,PORTO BRASIL CL 514,Consumidor Livre,SUDESTE,21.6,9.853923
202408.0,2024-08-30,45462.0,PORTO BRASIL CL 514,Consumidor Livre,SUDESTE,21.6,9.853923
,2024-08-30,,PORTO BRASIL CL 514,,,21.6,9.853923
202408.0,2024-08-31,45462.0,PORTO BRASIL CL 514,Consumidor Livre,SUDESTE,21.6,7.553453
202408.0,2024-08-31,45462.0,PORTO BRASIL CL 514,Consumidor Livre,SUDESTE,21.6,7.553453
,2024-08-31,,PORTO BRASIL CL 514,,,21.6,7.553453
202409.0,2024-09-01,45462.0,PORTO BRASIL CL 514,Consumidor Livre,SUDESTE,21.6,7.039093
202409.0,2024-09-01,45462.0,PORTO BRASIL CL 514,Consumidor Livre,SUDESTE,21.6,7.039093
,2024-09-01,,PORTO BRASIL CL 514,,,21.6,7.039093
202409.0,2024-09-02,45462.0,PORTO BRASIL CL 514,Consumidor Livre,SUDESTE,21.6,9.868474
202409.0,2024-09-02,45462.0,PORTO BRASIL CL 514,Consumidor Livre,SUDESTE,21.6,9.868474
,2024-09-02,,PORTO BRASIL CL 514,,,21.6,9.868474
202409.0,2024-09-03,45462.0,PORTO BRASIL CL 514,Consumidor Livre,SUDESTE,21.6,10.005426
202409.0,2024-09-03,45462.0,PORTO BRASIL CL 514,Consumidor Livre,SUDESTE,21.6,10.005426
,2024-09-03,,PORTO BRASIL CL 514,,,21.6,10.005426
202409.0,2024-09-04,45462.0,PORTO BRASIL CL 514,Consumidor Livre,SUDESTE,21.6,10.029094
202409.0,2024-09-04,45462.0,PORTO BRASIL CL 514,Consumidor Livre,SUDESTE,21.6,10.029094
,2024-09-04,,PORTO BRASIL CL 514,,,21.6,10.029094
202409.0,2024-09-05,45462.0,PORTO BRASIL CL 514,Consumidor Livre,SUDESTE,21.6,10.629821
202409.0,2024-09-05,45462.0,PORTO BRASIL CL 514,Consumidor Livre,SUDESTE,21.6,10.629821
,2024-09-05,,PORTO BRASIL CL 514,,,21.6,10.629821
202409.0,2024-09-06,45462.0,PORTO BRASIL CL 514,Consumidor Livre,SUDESTE,21.6,9.520156
202409.0,2024-09-06,45462.0,PORTO BRASIL CL 514,Consumidor Livre,SUDESTE,21.6,9.520156
,2024-09-06,,PORTO BRASIL CL 514,,,21.6,9.520156
202409.0,2024-09-07,45462.0,PORTO BRASIL CL 514,Consumidor Livre,SUDESTE,21.6,7.771155
202409.0,2024-09-07,45462.0,PORTO BRASIL CL 514,Consumidor Livre,SUDESTE,21.6,7.771155
,2024-09-07,,PORTO BRASIL CL 514,,,21.6,7.771155
202409.0,2024-09-08,45462.0,PORTO BRASIL CL 514,Consumidor Livre,SUDESTE,21.6,7.127668
202409.0,2024-09-08,45462.0,PORTO BRASIL CL 514,Consumidor Livre,SUDESTE,21.6,7.127668
,2024-09-08,,PORTO BRASIL CL 514,,,21.6,7.127668
202409.0,2024-09-09,45462.0,PORTO BRASIL CL 514,Consumidor Livre,SUDESTE,21.6,10.704738
202409.0,2024-09-09,45462.0,PORTO BRASIL CL 514,Consumidor Livre,SUDESTE,21.6,10.704738
,2024-09-09,,PORTO BRASIL CL 514,,,21.6,10.704738
202409.0,2024-09-10,45462.0,PORTO BRASIL CL 514,Consumidor Livre,SUDESTE,21.6,10.372778
202409.0,2024-09-10,45462.0,PORTO BRASIL CL 514,Consumidor Livre,SUDESTE,21.6,10.372778
,2024-09-10,,PORTO BRASIL CL 514,,,21.6,10.372778
202409.0,2024-09-11,45462.0,PORTO BRASIL CL 514,Consumidor Livre,SUDESTE,21.6,10.64178
202409.0,2024-09-11,45462.0,PORTO BRASIL CL 514,Consumidor Livre,SUDESTE,21.6,10.64178
,2024-09-11,,PORTO BRASIL CL 514,,,21.6,10.64178
202409.0,2024-09-12,45462.0,PORTO BRASIL CL 514,Consumidor Livre,SUDESTE,21.6,10.917419
202409.0,2024-09-12,45462.0,PORTO BRASIL CL 514,Consumidor Livre,SUDESTE,21.6,10.917419
,2024-09-12,,PORTO BRASIL CL 514,,,21.6,10.917419
202409.0,2024-09-13,45462.0,PORTO BRASIL CL 514,Consumidor Livre,SUDESTE,21.6,10.666178
202409.0,2024-09-13,45462.0,PORTO BRASIL CL 514,Consumidor Livre,SUDESTE,21.6,10.666178
,2024-09-13,,PORTO BRASIL CL 514,,,21.6,10.666178
202409.0,2024-09-14,45462.0,PORTO BRASIL CL 514,Consumidor Livre,SUDESTE,21.6,8.06024
202409.0,2024-09-14,45462.0,PORTO BRASIL CL 514,Consumidor Livre,SUDESTE,21.6,8.06024
,2024-09-14,,PORTO BRASIL CL 514,,,21.6,8.06024
202409.0,2024-09-15,45462.0,PORTO BRASIL CL 514,Consumidor Livre,SUDESTE,21.6,7.968262
202409.0,2024-09-15,45462.0,PORTO BRASIL CL 514,Consumidor Livre,SUDESTE,21.6,7.968262
,2024-09-15,,PORTO BRASIL CL 514,,,21.6,7.968262
202409.0,2024-09-16,45462.0,PORTO BRASIL CL 514,Consumidor Livre,SUDESTE,21.6,10.089248
202409.0,2024-09-16,45462.0,PORTO BRASIL CL 514,Consumidor Livre,SUDESTE,21.6,10.089248
,2024-09-16,,PORTO BRASIL CL 514,,,21.6,10.089248
202409.0,2024-09-17,45462.0,PORTO BRASIL CL 514,Consumidor Livre,SUDESTE,21.6,11.144125
202409.0,2024-09-17,45462.0,PORTO BRASIL CL 514,Consumidor Livre,SUDESTE,21.6,11.144125
,2024-09-17,,PORTO BRASIL CL 514,,,21.6,11.144125
202409.0,2024-09-18,45462.0,PORTO BRASIL CL 514,Consumidor Livre,SUDESTE,21.6,10.990524
202409.0,2024-09-18,45462.0,PORTO BRASIL CL 514,Consumidor Livre,SUDESTE,21.6,10.990524
,2024-09-18,,PORTO BRASIL CL 514,,,21.6,10.990524
202409.0,2024-09-19,45462.0,PORTO BRASIL CL 514,Consumidor Livre,SUDESTE,21.6,10.956082
202409.0,2024-09-19,45462.0,PORTO BRASIL CL 514,Consumidor Livre,SUDESTE,21.6,10.956082
,2024-09-19,,PORTO BRASIL CL 514,,,21.6,10.956082
202409.0,2024-09-20,45462.0,PORTO BRASIL CL 514,Consumidor Livre,SUDESTE,21.6,11.108718
202409.0,2024-09-20,45462.0,PORTO BRASIL CL 514,Consumidor Livre,SUDESTE,21.6,11.108718
,2024-09-20,,PORTO BRASIL CL 514,,,21.6,11.108718
202409.0,2024-09-21,45462.0,PORTO BRASIL CL 514,Consumidor Livre,SUDESTE,21.6,7.875806
202409.0,2024-09-21,45462.0,PORTO BRASIL CL 514,Consumidor Livre,SUDESTE,21.6,7.875806
,2024-09-21,,PORTO BRASIL CL 514,,,21.6,7.875806
202409.0,2024-09-22,45462.0,PORTO BRASIL CL 514,Consumidor Livre,SUDESTE,21.6,7.547776
202409.0,2024-09-22,45462.0,PORTO BRASIL CL 514,Consumidor Livre,SUDESTE,21.6,7.547776
,2024-09-22,,PORTO BRASIL CL 514,,,21.6,7.547776
202409.0,2024-09-23,45462.0,PORTO BRASIL CL 514,Consumidor Livre,SUDESTE,21.6,10.723608
202409.0,2024-09-23,45462.0,PORTO BRASIL CL 514,Consumidor Livre,SUDESTE,21.6,10.723608
,2024-09-23,,PORTO BRASIL CL 514,,,21.6,10.723608
202409.0,2024-09-24,45462.0,PORTO BRASIL CL 514,Consumidor Livre,SUDESTE,21.6,11.303895
202409.0,2024-09-24,45462.0,PORTO BRASIL CL 514,Consumidor Livre,SUDESTE,21.6,11.303895
,2024-09-24,,PORTO BRASIL CL 514,,,21.6,11.303895
202409.0,2024-09-25,45462.0,PORTO BRASIL CL 514,Consumidor Livre,SUDESTE,21.6,11.367448
202409.0,2024-09-25,45462.0,PORTO BRASIL CL 514,Consumidor Livre,SUDESTE,21.6,11.367448
,2024-09-25,,PORTO BRASIL CL 514,,,21.6,11.367448
202409.0,2024-09-26,45462.0,PORTO BRASIL CL 514,Consumidor Livre,SUDESTE,21.6,11.581192
202409.0,2024-09-26,45462.0,PORTO BRASIL CL 514,Consumidor Livre,SUDESTE,21.6,11.581192
,2024-09-26,,PORTO BRASIL CL 514,,,21.6,11.581192
202409.0,2024-09-27,45462.0,PORTO BRASIL CL 514,Consumidor Livre,SUDESTE,21.6,12.097766
202409.0,2024-09-27,45462.0,PORTO BRASIL CL 514,Consumidor Livre,SUDESTE,21.6,12.097766
,2024-09-27,,PORTO BRASIL CL 514,,,21.6,12.097766
202409.0,2024-09-28,45462.0,PORTO BRASIL CL 514,Consumidor Livre,SUDESTE,21.6,8.079855
202409.0,2024-09-28,45462.0,PORTO BRASIL CL 514,Consumidor Livre,SUDESTE,21.6,8.079855
,2024-09-28,,PORTO BRASIL CL 514,,,21.6,8.079855
202409.0,2024-09-29,45462.0,PORTO BRASIL CL 514,Consumidor Livre,SUDESTE,21.6,8.09655
202409.0,2024-09-29,45462.0,PORTO BRASIL CL 514,Consumidor Livre,SUDESTE,21.6,8.09655
,2024-09-29,,PORTO BRASIL CL 514,,,21.6,8.09655
202409.0,2024-09-30,45462.0,PORTO BRASIL CL 514,Consumidor Livre,SUDESTE,21.6,10.798391
202409.0,2024-09-30,45462.0,PORTO BRASIL CL 514,Consumidor Livre,SUDESTE,21.6,10.798391
,2024-09-30,,PORTO BRASIL CL 514,,,21.6,10.798391
202410.0,2024-10-01,45462.0,PORTO BRASIL CL 514,Consumidor Livre,SUDESTE,21.6,11.235837
202410.0,2024-10-01,45462.0,PORTO BRASIL CL 514,Consumidor Livre,SUDESTE,21.6,11.235837
,2024-10-01,,PORTO BRASIL CL 514,,,21.6,11.235837
202410.0,2024-10-02,45462.0,PORTO BRASIL CL 514,Consumidor Livre,SUDESTE,21.6,10.542903
202410.0,2024-10-02,45462.0,PORTO BRASIL CL 514,Consumidor Livre,SUDESTE,21.6,10.542903
,2024-10-02,,PORTO BRASIL CL 514,,,21.6,10.542903
202410.0,2024-10-03,45462.0,PORTO BRASIL CL 514,Consumidor Livre,SUDESTE,21.6,10.551278
202410.0,2024-10-03,45462.0,PORTO BRASIL CL 514,Consumidor Livre,SUDESTE,21.6,10.551278
,2024-10-03,,PORTO BRASIL CL 514,,,21.6,10.551278
202410.0,2024-10-04,45462.0,PORTO BRASIL CL 514,Consumidor Livre,SUDESTE,21.6,10.203376
202410.0,2024-10-04,45462.0,PORTO BRASIL CL 514,Consumidor Livre,SUDESTE,21.6,10.203376
,2024-10-04,,PORTO BRASIL CL 514,,,21.6,10.203376
202410.0,2024-10-05,45462.0,PORTO BRASIL CL 514,Consumidor Livre,SUDESTE,21.6,7.465712
202410.0,2024-10-05,45462.0,PORTO BRASIL CL 514,Consumidor Livre,SUDESTE,21.6,7.465712
,2024-10-05,,PORTO BRASIL CL 514,,,21.6,7.465712
202410.0,2024-10-06,45462.0,PORTO BRASIL CL 514,Consumidor Livre,SUDESTE,21.6,6.597334
202410.0,2024-10-06,45462.0,PORTO BRASIL CL 514,Consumidor Livre,SUDESTE,21.6,6.597334
,2024-10-06,,PORTO BRASIL CL 514,,,21.6,6.597334
202410.0,2024-10-07,45462.0,PORTO BRASIL CL 514,Consumidor Livre,SUDESTE,21.6,10.301031
202410.0,2024-10-07,45462.0,PORTO BRASIL CL 514,Consumidor Livre,SUDESTE,21.6,10.301031
,2024-10-07,,PORTO BRASIL CL 514,,,21.6,10.301031
202410.0,2024-10-08,45462.0,PORTO BRASIL CL 514,Consumidor Livre,SUDESTE,21.6,11.628308
202410.0,2024-10-08,45462.0,PORTO BRASIL CL 514,Consumidor Livre,SUDESTE,21.6,11.628308
,2024-10-08,,PORTO BRASIL CL 514,,,21.6,11.628308
202410.0,2024-10-09,45462.0,PORTO BRASIL CL 514,Consumidor Livre,SUDESTE,21.6,11.538737
202410.0,2024-10-09,45462.0,PORTO BRASIL CL 514,Consumidor Livre,SUDESTE,21.6,11.538737
,2024-10-09,,PORTO BRASIL CL 514,,,21.6,11.538737
202410.0,2024-10-10,45462.0,PORTO BRASIL CL 514,Consumidor Livre,SUDESTE,21.6,11.431154
202410.0,2024-10-10,45462.0,PORTO BRASIL CL 514,Consumidor Livre,SUDESTE,21.6,11.431154
,2024-10-10,,PORTO BRASIL CL 514,,,21.6,11.431154
202410.0,2024-10-11,45462.0,PORTO BRASIL CL 514,Consumidor Livre,SUDESTE,21.6,10.101501
202410.0,2024-10-11,45462.0,PORTO BRASIL CL 514,Consumidor Livre,SUDESTE,21.6,10.101501
,2024-10-11,,PORTO BRASIL CL 514,,,21.6,10.101501
202410.0,2024-10-12,45462.0,PORTO BRASIL CL 514,Consumidor Livre,SUDESTE,21.6,7.962163
202410.0,2024-10-12,45462.0,PORTO BRASIL CL 514,Consumidor Livre,SUDESTE,21.6,7.962163
,2024-10-12,,PORTO BRASIL CL 514,,,21.6,7.962163
202410.0,2024-10-13,45462.0,PORTO BRASIL CL 514,Consumidor Livre,SUDESTE,21.6,6.761061
202410.0,2024-10-13,45462.0,PORTO BRASIL CL 514,Consumidor Livre,SUDESTE,21.6,6.761061
,2024-10-13,,PORTO BRASIL CL 514,,,21.6,6.761061
202410.0,2024-10-14,45462.0,PORTO BRASIL CL 514,Consumidor Livre,SUDESTE,21.6,10.421255
202410.0,2024-10-14,45462.0,PORTO BRASIL CL 514,Consumidor Livre,SUDESTE,21.6,10.421255
,2024-10-14,,PORTO BRASIL CL 514,,,21.6,10.421255
202410.0,2024-10-15,45462.0,PORTO BRASIL CL 514,Consumidor Livre,SUDESTE,21.6,10.87189
202410.0,2024-10-15,45462.0,PORTO BRASIL CL 514,Consumidor Livre,SUDESTE,21.6,10.87189
,2024-10-15,,PORTO BRASIL CL 514,,,21.6,10.87189
202410.0,2024-10-16,45462.0,PORTO BRASIL CL 514,Consumidor Livre,SUDESTE,21.6,10.615702
202410.0,2024-10-16,45462.0,PORTO BRASIL CL 514,Consumidor Livre,SUDESTE,21.6,10.615702
,2024-10-16,,PORTO BRASIL CL 514,,,21.6,10.615702
202410.0,2024-10-17,45462.0,PORTO BRASIL CL 514,Consumidor Livre,SUDESTE,21.6,11.251013
202410.0,2024-10-17,45462.0,PORTO BRASIL CL 514,Consumidor Livre,SUDESTE,21.6,11.251013
,2024-10-17,,PORTO BRASIL CL 514,,,21.6,11.251013
202410.0,2024-10-18,45462.0,PORTO BRASIL CL 514,Consumidor Livre,SUDESTE,21.6,10.644513
202410.0,2024-10-18,45462.0,PORTO BRASIL CL 514,Consumidor Livre,SUDESTE,21.6,10.644513
,2024-10-18,,PORTO BRASIL CL 514,,,21.6,10.644513
202410.0,2024-10-19,45462.0,PORTO BRASIL CL 514,Consumidor Livre,SUDESTE,21.6,7.723809
202410.0,2024-10-19,45462.0,PORTO BRASIL CL 514,Consumidor Livre,SUDESTE,21.6,7.723809
,2024-10-19,,PORTO BRASIL CL 514,,,21.6,7.723809
202410.0,2024-10-20,45462.0,PORTO BRASIL CL 514,Consumidor Livre,SUDESTE,21.6,7.062969
202410.0,2024-10-20,45462.0,PORTO BRASIL CL 514,Consumidor Livre,SUDESTE,21.6,7.062969
,2024-10-20,,PORTO BRASIL CL 514,,,21.6,7.062969
202410.0,2024-10-21,45462.0,PORTO BRASIL CL 514,Consumidor Livre,SUDESTE,21.6,10.370371
202410.0,2024-10-21,45462.0,PORTO BRASIL CL 514,Consumidor Livre,SUDESTE,21.6,10.370371
,2024-10-21,,PORTO BRASIL CL 514,,,21.6,10.370371
202410.0,2024-10-22,45462.0,PORTO BRASIL CL 514,Consumidor Livre,SUDESTE,21.6,10.557436
202410.0,2024-10-22,45462.0,PORTO BRASIL CL 514,Consumidor Livre,SUDESTE,21.6,10.557436
,2024-10-22,,PORTO BRASIL CL 514,,,21.6,10.557436
202410.0,2024-10-23,45462.0,PORTO BRASIL CL 514,Consumidor Livre,SUDESTE,21.6,10.868333
202410.0,2024-10-23,45462.0,PORTO BRASIL CL 514,Consumidor Livre,SUDESTE,21.6,10.868333
,2024-10-23,,PORTO BRASIL CL 514,,,21.6,10.868333
202410.0,2024-10-24,45462.0,PORTO BRASIL CL 514,Consumidor Livre,SUDESTE,21.6,10.210614
202410.0,2024-10-24,45462.0,PORTO BRASIL CL 514,Consumidor Livre,SUDESTE,21.6,10.210614
,2024-10-24,,PORTO BRASIL CL 514,,,21.6,10.210614
202410.0,2024-10-25,45462.0,PORTO BRASIL CL 514,Consumidor Livre,SUDESTE,21.6,10.010954
202410.0,2024-10-25,45462.0,PORTO BRASIL CL 514,Consumidor Livre,SUDESTE,21.6,10.010954
,2024-10-25,,PORTO BRASIL CL 514,,,21.6,10.010954
202410.0,2024-10-26,45462.0,PORTO BRASIL CL 514,Consumidor Livre,SUDESTE,21.6,7.738154
202410.0,2024-10-26,45462.0,PORTO BRASIL CL 514,Consumidor Livre,SUDESTE,21.6,7.738154
,2024-10-26,,PORTO BRASIL CL 514,,,21.6,7.738154
202410.0,2024-10-27,45462.0,PORTO BRASIL CL 514,Consumidor Livre,SUDESTE,21.6,6.74463
202410.0,2024-10-27,45462.0,PORTO BRASIL CL 514,Consumidor Livre,SUDESTE,21.6,6.74463
,2024-10-27,,PORTO BRASIL CL 514,,,21.6,6.74463
202410.0,2024-10-28,45462.0,PORTO BRASIL CL 514,Consumidor Livre,SUDESTE,21.6,10.29134
202410.0,2024-10-28,45462.0,PORTO BRASIL CL 514,Consumidor Livre,SUDESTE,21.6,10.29134
,2024-10-28,,PORTO BRASIL CL 514,,,21.6,10.29134
202410.0,2024-10-29,45462.0,PORTO BRASIL CL 514,Consumidor Livre,SUDESTE,21.6,11.42236
202410.0,2024-10-29,45462.0,PORTO BRASIL CL 514,Consumidor Livre,SUDESTE,21.6,11.42236
,2024-10-29,,PORTO BRASIL CL 514,,,21.6,11.42236
202410.0,2024-10-30,45462.0,PORTO BRASIL CL 514,Consumidor Livre,SUDESTE,21.6,11.129142
202410.0,2024-10-30,45462.0,PORTO BRASIL CL 514,Consumidor Livre,SUDESTE,21.6,11.129142
,2024-10-30,,PORTO BRASIL CL 514,,,21.6,11.129142
202410.0,2024-10-31,45462.0,PORTO BRASIL CL 514,Consumidor Livre,SUDESTE,21.6,10.365985
202410.0,2024-10-31,45462.0,PORTO BRASIL CL 514,Consumidor Livre,SUDESTE,21.6,10.365985
,2024-10-31,,PORTO BRASIL CL 514,,,21.6,10.365985
202411.0,2024-11-01,45462.0,PORTO BRASIL CL 514,Consumidor Livre,SUDESTE,21.6,10.388168
202411.0,2024-11-01,45462.0,PORTO BRASIL CL 514,Consumidor Livre,SUDESTE,21.6,10.388168
,2024-11-01,,PORTO BRASIL CL 514,,,21.6,10.388168
202411.0,2024-11-02,45462.0,PORTO BRASIL CL 514,Consumidor Livre,SUDESTE,21.6,8.872595
202411.0,2024-11-02,45462.0,PORTO BRASIL CL 514,Consumidor Livre,SUDESTE,21.6,8.872595
,2024-11-02,,PORTO BRASIL CL 514,,,21.6,8.872595
202411.0,2024-11-03,45462.0,PORTO BRASIL CL 514,Consumidor Livre,SUDESTE,21.6,7.667127
202411.0,2024-11-03,45462.0,PORTO BRASIL CL 514,Consumidor Livre,SUDESTE,21.6,7.667127
,2024-11-03,,PORTO BRASIL CL 514,,,21.6,7.667127
202411.0,2024-11-04,45462.0,PORTO BRASIL CL 514,Consumidor Livre,SUDESTE,21.6,10.846183
202411.0,2024-11-04,45462.0,PORTO BRASIL CL 514,Consumidor Livre,SUDESTE,21.6,10.846183
,2024-11-04,,PORTO BRASIL CL 514,,,21.6,10.846183
202411.0,2024-11-05,45462.0,PORTO BRASIL CL 514,Consumidor Livre,SUDESTE,21.6,11.140354
202411.0,2024-11-05,45462.0,PORTO BRASIL CL 514,Consumidor Livre,SUDESTE,21.6,11.140354
,2024-11-05,,PORTO BRASIL CL 514,,,21.6,11.140354
202411.0,2024-11-06,45462.0,PORTO BRASIL CL 514,Consumidor Livre,SUDESTE,21.6,10.815366
202411.0,2024-11-06,45462.0,PORTO BRASIL CL 514,Consumidor Livre,SUDESTE,21.6,10.815366
,2024-11-06,,PORTO BRASIL CL 514,,,21.6,10.815366
202411.0,2024-11-07,45462.0,PORTO BRASIL CL 514,Consumidor Livre,SUDESTE,21.6,10.487302
202411.0,2024-11-07,45462.0,PORTO BRASIL CL 514,Consumidor Livre,SUDESTE,21.6,10.487302
,2024-11-07,,PORTO BRASIL CL 514,,,21.6,10.487302
202411.0,2024-11-08,45462.0,PORTO BRASIL CL 514,Consumidor Livre,SUDESTE,21.6,11.302183
202411.0,2024-11-08,45462.0,PORTO BRASIL CL 514,Consumidor Livre,SUDESTE,21.6,11.302183
,2024-11-08,,PORTO BRASIL CL 514,,,21.6,11.302183
202411.0,2024-11-09,45462.0,PORTO BRASIL CL 514,Consumidor Livre,SUDESTE,21.6,7.995624999999999
202411.0,2024-11-09,45462.0,PORTO BRASIL CL 514,Consumidor Livre,SUDESTE,21.6,7.995624999999999
,2024-11-09,,PORTO BRASIL CL 514,,,21.6,7.995624999999999
202411.0,2024-11-10,45462.0,PORTO BRASIL CL 514,Consumidor Livre,SUDESTE,21.6,7.809641
202411.0,2024-11-10,45462.0,PORTO BRASIL CL 514,Consumidor Livre,SUDESTE,21.6,7.809641
,2024-11-10,,PORTO BRASIL CL 514,,,21.6,7.809641
202411.0,2024-11-11,45462.0,PORTO BRASIL CL 514,Consumidor Livre,SUDESTE,21.6,9.912482
202411.0,2024-11-11,45462.0,PORTO BRASIL CL 514,Consumidor Livre,SUDESTE,21.6,9.912482
,2024-11-11,,PORTO BRASIL CL 514,,,21.6,9.912482
202411.0,2024-11-12,45462.0,PORTO BRASIL CL 514,Consumidor Livre,SUDESTE,21.6,10.352306
202411.0,2024-11-12,45462.0,PORTO BRASIL CL 514,Consumidor Livre,SUDESTE,21.6,10.352306
,2024-11-12,,PORTO BRASIL CL 514,,,21.6,10.352306
202411.0,2024-11-13,45462.0,PORTO BRASIL CL 514,Consumidor Livre,SUDESTE,21.6,11.288324
202411.0,2024-11-13,45462.0,PORTO BRASIL CL 514,Consumidor Livre,SUDESTE,21.6,11.288324
,2024-11-13,,PORTO BRASIL CL 514,,,21.6,11.288324
202411.0,2024-11-14,45462.0,PORTO BRASIL CL 514,Consumidor Livre,SUDESTE,21.6,10.45673
202411.0,2024-11-14,45462.0,PORTO BRASIL CL 514,Consumidor Livre,SUDESTE,21.6,10.45673
,2024-11-14,,PORTO BRASIL CL 514,,,21.6,10.45673
202411.0,2024-11-15,45462.0,PORTO BRASIL CL 514,Consumidor Livre,SUDESTE,21.6,8.195063
202411.0,2024-11-15,45462.0,PORTO BRASIL CL 514,Consumidor Livre,SUDESTE,21.6,8.195063
,2024-11-15,,PORTO BRASIL CL 514,,,21.6,8.195063
202411.0,2024-11-16,45462.0,PORTO BRASIL CL 514,Consumidor Livre,SUDESTE,21.6,7.755467
202411.0,2024-11-16,45462.0,PORTO BRASIL CL 514,Consumidor Livre,SUDESTE,21.6,7.755467
,2024-11-16,,PORTO BRASIL CL 514,,,21.6,7.755467
202411.0,2024-11-17,45462.0,PORTO BRASIL CL 514,Consumidor Livre,SUDESTE,21.6,7.895068999999999
202411.0,2024-11-17,45462.0,PORTO BRASIL CL 514,Consumidor Livre,SUDESTE,21.6,7.895068999999999
,2024-11-17,,PORTO BRASIL CL 514,,,21.6,7.895068999999999
202411.0,2024-11-18,45462.0,PORTO BRASIL CL 514,Consumidor Livre,SUDESTE,21.6,10.607069
202411.0,2024-11-18,45462.0,PORTO BRASIL CL 514,Consumidor Livre,SUDESTE,21.6,10.607069
,2024-11-18,,PORTO BRASIL CL 514,,,21.6,10.607069
202411.0,2024-11-19,45462.0,PORTO BRASIL CL 514,Consumidor Livre,SUDESTE,21.6,11.065162
202411.0,2024-11-19,45462.0,PORTO BRASIL CL 514,Consumidor Livre,SUDESTE,21.6,11.065162
,2024-11-19,,PORTO BRASIL CL 514,,,21.6,11.065162
202411.0,2024-11-20,45462.0,PORTO BRASIL CL 514,Consumidor Livre,SUDESTE,21.6,8.641297
202411.0,2024-11-20,45462.0,PORTO BRASIL CL 514,Consumidor Livre,SUDESTE,21.6,8.641297
,2024-11-20,,PORTO BRASIL CL 514,,,21.6,8.641297
202411.0,2024-11-21,45462.0,PORTO BRASIL CL 514,Consumidor Livre,SUDESTE,21.6,10.943435
202411.0,2024-11-21,45462.0,PORTO BRASIL CL 514,Consumidor Livre,SUDESTE,21.6,10.943435
,2024-11-21,,PORTO BRASIL CL 514,,,21.6,10.943435
202411.0,2024-11-22,45462.0,PORTO BRASIL CL 514,Consumidor Livre,SUDESTE,21.6,11.185178
202411.0,2024-11-22,45462.0,PORTO BRASIL CL 514,Consumidor Livre,SUDESTE,21.6,11.185178
,2024-11-22,,PORTO BRASIL CL 514,,,21.6,11.185178
202411.0,2024-11-23,45462.0,PORTO BRASIL CL 514,Consumidor Livre,SUDESTE,21.6,8.88485
202411.0,2024-11-23,45462.0,PORTO BRASIL CL 514,Consumidor Livre,SUDESTE,21.6,8.88485
,2024-11-23,,PORTO BRASIL CL 514,,,21.6,8.88485
202411.0,2024-11-24,45462.0,PORTO BRASIL CL 514,Consumidor Livre,SUDESTE,21.6,7.987139
202411.0,2024-11-24,45462.0,PORTO BRASIL CL 514,Consumidor Livre,SUDESTE,21.6,7.987139
,2024-11-24,,PORTO BRASIL CL 514,,,21.6,7.987139
202411.0,2024-11-25,45462.0,PORTO BRASIL CL 514,Consumidor Livre,SUDESTE,21.6,11.418748
202411.0,2024-11-25,45462.0,PORTO BRASIL CL 514,Consumidor Livre,SUDESTE,21.6,11.418748
,2024-11-25,,PORTO BRASIL CL 514,,,21.6,11.418748
202411.0,2024-11-26,45462.0,PORTO BRASIL CL 514,Consumidor Livre,SUDESTE,21.6,12.048676
202411.0,2024-11-26,45462.0,PORTO BRASIL CL 514,Consumidor Livre,SUDESTE,21.6,12.048676
,2024-11-26,,PORTO BRASIL CL 514,,,21.6,12.048676
202411.0,2024-11-27,45462.0,PORTO BRASIL CL 514,Consumidor Livre,SUDESTE,21.6,11.407949
202411.0,2024-11-27,45462.0,PORTO BRASIL CL 514,Consumidor Livre,SUDESTE,21.6,11.407949
,2024-11-27,,PORTO BRASIL CL 514,,,21.6,11.407949
202411.0,2024-11-28,45462.0,PORTO BRASIL CL 514,Consumidor Livre,SUDESTE,21.6,11.48856
202411.0,2024-11-28,45462.0,PORTO BRASIL CL 514,Consumidor Livre,SUDESTE,21.6,11.48856
,2024-11-28,,PORTO BRASIL CL 514,,,21.6,11.48856
202411.0,2024-11-29,45462.0,PORTO BRASIL CL 514,Consumidor Livre,SUDESTE,21.6,11.008638
202411.0,2024-11-29,45462.0,PORTO BRASIL CL 514,Consumidor Livre,SUDESTE,21.6,11.008638
,2024-11-29,,PORTO BRASIL CL 514,,,21.6,11.008638
202411.0,2024-11-30,45462.0,PORTO BRASIL CL 514,Consumidor Livre,SUDESTE,21.6,8.826166
202411.0,2024-11-30,45462.0,PORTO BRASIL CL 514,Consumidor Livre,SUDESTE,21.6,8.826166
,2024-11-30,,PORTO BRASIL CL 514,,,21.6,8.826166
202412.0,2024-12-01,45462.0,PORTO BRASIL CL 514,Consumidor Livre,SUDESTE,21.6,7.260945
202412.0,2024-12-01,45462.0,PORTO BRASIL CL 514,Consumidor Livre,SUDESTE,21.6,7.260945
,2024-12-01,,PORTO BRASIL CL 514,,,21.6,7.260945
202412.0,2024-12-02,45462.0,PORTO BRASIL CL 514,Consumidor Livre,SUDESTE,21.6,10.450317
202412.0,2024-12-02,45462.0,PORTO BRASIL CL 514,Consumidor Livre,SUDESTE,21.6,10.450317
,2024-12-02,,PORTO BRASIL CL 514,,,21.6,10.450317
202412.0,2024-12-03,45462.0,PORTO BRASIL CL 514,Consumidor Livre,SUDESTE,21.6,11.007201
202412.0,2024-12-03,45462.0,PORTO BRASIL CL 514,Consumidor Livre,SUDESTE,21.6,11.007201
,2024-12-03,,PORTO BRASIL CL 514,,,21.6,11.007201
202412.0,2024-12-04,45462.0,PORTO BRASIL CL 514,Consumidor Livre,SUDESTE,21.6,10.899765
202412.0,2024-12-04,45462.0,PORTO BRASIL CL 514,Consumidor Livre,SUDESTE,21.6,10.899765
,2024-12-04,,PORTO BRASIL CL 514,,,21.6,10.899765
202412.0,2024-12-05,45462.0,PORTO BRASIL CL 514,Consumidor Livre,SUDESTE,21.6,10.649908
202412.0,2024-12-05,45462.0,PORTO BRASIL CL 514,Consumidor Livre,SUDESTE,21.6,10.649908
,2024-12-05,,PORTO BRASIL CL 514,,,21.6,10.649908
202412.0,2024-12-06,45462.0,PORTO BRASIL CL 514,Consumidor Livre,SUDESTE,21.6,10.811531
202412.0,2024-12-06,45462.0,PORTO BRASIL CL 514,Consumidor Livre,SUDESTE,21.6,10.811531
,2024-12-06,,PORTO BRASIL CL 514,,,21.6,10.811531
202412.0,2024-12-07,45462.0,PORTO BRASIL CL 514,Consumidor Livre,SUDESTE,21.6,8.327665
202412.0,2024-12-07,45462.0,PORTO BRASIL CL 514,Consumidor Livre,SUDESTE,21.6,8.327665
,2024-12-07,,PORTO BRASIL CL 514,,,21.6,8.327665
202412.0,2024-12-08,45462.0,PORTO BRASIL CL 514,Consumidor Livre,SUDESTE,21.6,7.548434
202412.0,2024-12-08,45462.0,PORTO BRASIL CL 514,Consumidor Livre,SUDESTE,21.6,7.548434
,2024-12-08,,PORTO BRASIL CL 514,,,21.6,7.548434
202412.0,2024-12-09,45462.0,PORTO BRASIL CL 514,Consumidor Livre,SUDESTE,21.6,10.60796
202412.0,2024-12-09,45462.0,PORTO BRASIL CL 514,Consumidor Livre,SUDESTE,21.6,10.60796
,2024-12-09,,PORTO BRASIL CL 514,,,21.6,10.60796
202412.0,2024-12-10,45462.0,PORTO BRASIL CL 514,Consumidor Livre,SUDESTE,21.6,11.163972
202412.0,2024-12-10,45462.0,PORTO BRASIL CL 514,Consumidor Livre,SUDESTE,21.6,11.163972
,2024-12-10,,PORTO BRASIL CL 514,,,21.6,11.163972
202412.0,2024-12-11,45462.0,PORTO BRASIL CL 514,Consumidor Livre,SUDESTE,21.6,11.000436
202412.0,2024-12-11,45462.0,PORTO BRASIL CL 514,Consumidor Livre,SUDESTE,21.6,11.000436
,2024-12-11,,PORTO BRASIL CL 514,,,21.6,11.000436
202412.0,2024-12-12,45462.0,PORTO BRASIL CL 514,Consumidor Livre,SUDESTE,21.6,7.44522
202412.0,2024-12-12,45462.0,PORTO BRASIL CL 514,Consumidor Livre,SUDESTE,21.6,7.44522
,2024-12-12,,PORTO BRASIL CL 514,,,21.6,7.44522
202412.0,2024-12-13,45462.0,PORTO BRASIL CL 514,Consumidor Livre,SUDESTE,21.6,6.537464
202412.0,2024-12-13,45462.0,PORTO BRASIL CL 514,Consumidor Livre,SUDESTE,21.6,6.537464
,2024-12-13,,PORTO BRASIL CL 514,,,21.6,6.537464
202412.0,2024-12-14,45462.0,PORTO BRASIL CL 514,Consumidor Livre,SUDESTE,21.6,5.054211
202412.0,2024-12-14,45462.0,PORTO BRASIL CL 514,Consumidor Livre,SUDESTE,21.6,5.054211
,2024-12-14,,PORTO BRASIL CL 514,,,21.6,5.054211
202412.0,2024-12-15,45462.0,PORTO BRASIL CL 514,Consumidor Livre,SUDESTE,21.6,2.952903
202412.0,2024-12-15,45462.0,PORTO BRASIL CL 514,Consumidor Livre,SUDESTE,21.6,2.952903
,2024-12-15,,PORTO BRASIL CL 514,,,21.6,2.952903
202412.0,2024-12-16,45462.0,PORTO BRASIL CL 514,Consumidor Livre,SUDESTE,21.6,2.970895
202412.0,2024-12-16,45462.0,PORTO BRASIL CL 514,Consumidor Livre,SUDESTE,21.6,2.970895
,2024-12-16,,PORTO BRASIL CL 514,,,21.6,2.970895
202412.0,2024-12-17,45462.0,PORTO BRASIL CL 514,Consumidor Livre,SUDESTE,21.6,2.690849
202412.0,2024-12-17,45462.0,PORTO BRASIL CL 514,Consumidor Livre,SUDESTE,21.6,2.690849
,2024-12-17,,PORTO BRASIL CL 514,,,21.6,2.690849
202412.0,2024-12-18,45462.0,PORTO BRASIL CL 514,Consumidor Livre,SUDESTE,21.6,2.643446
202412.0,2024-12-18,45462.0,PORTO BRASIL CL 514,Consumidor Livre,SUDESTE,21.6,2.643446
,2024-12-18,,PORTO BRASIL CL 514,,,21.6,2.643446
202412.0,2024-12-19,45462.0,PORTO BRASIL CL 514,Consumidor Livre,SUDESTE,21.6,2.697381
202412.0,2024-12-19,45462.0,PORTO BRASIL CL 514,Consumidor Livre,SUDESTE,21.6,2.697381
,2024-12-19,,PORTO BRASIL CL 514,,,21.6,2.697381
202412.0,2024-12-20,45462.0,PORTO BRASIL CL 514,Consumidor Livre,SUDESTE,21.6,2.390422
202412.0,2024-12-20,45462.0,PORTO BRASIL CL 514,Consumidor Livre,SUDESTE,21.6,2.390422
,2024-12-20,,PORTO BRASIL CL 514,,,21.6,2.390422
202412.0,2024-12-21,45462.0,PORTO BRASIL CL 514,Consumidor Livre,SUDESTE,21.6,1.040052
202412.0,2024-12-21,45462.0,PORTO BRASIL CL 514,Consumidor Livre,SUDESTE,21.6,1.040052
,2024-12-21,,PORTO BRASIL CL 514,,,21.6,1.040052
202412.0,2024-12-22,45462.0,PORTO BRASIL CL 514,Consumidor Livre,SUDESTE,21.6,1.004777
202412.0,2024-12-22,45462.0,PORTO BRASIL CL 514,Consumidor Livre,SUDESTE,21.6,1.004777
,2024-12-22,,PORTO BRASIL CL 514,,,21.6,1.004777
202412.0,2024-12-23,45462.0,PORTO BRASIL CL 514,Consumidor Livre,SUDESTE,21.6,1.979554
202412.0,2024-12-23,45462.0,PORTO BRASIL CL 514,Consumidor Livre,SUDESTE,21.6,1.979554
,2024-12-23,,PORTO BRASIL CL 514,,,21.6,1.979554
202412.0,2024-12-24,45462.0,PORTO BRASIL CL 514,Consumidor Livre,SUDESTE,21.6,1.729348
202412.0,2024-12-24,45462.0,PORTO BRASIL CL 514,Consumidor Livre,SUDESTE,21.6,1.729348
,2024-12-24,,PORTO BRASIL CL 514,,,21.6,1.729348
202412.0,2024-12-25,45462.0,PORTO BRASIL CL 514,Consumidor Livre,SUDESTE,21.6,1.591146
202412.0,2024-12-25,45462.0,PORTO BRASIL CL 514,Consumidor Livre,SUDESTE,21.6,1.591146
,2024-12-25,,PORTO BRASIL CL 514,,,21.6,1.591146
202412.0,2024-12-26,45462.0,PORTO BRASIL CL 514,Consumidor Livre,SUDESTE,21.6,2.079317
202412.0,2024-12-26,45462.0,PORTO BRASIL CL 514,Consumidor Livre,SUDESTE,21.6,2.079317
,2024-12-26,,PORTO BRASIL CL 514,,,21.6,2.079317
202412.0,2024-12-27,45462.0,PORTO BRASIL CL 514,Consumidor Livre,SUDESTE,21.6,1.851045
202412.0,2024-12-27,45462.0,PORTO BRASIL CL 514,Consumidor Livre,SUDESTE,21.6,1.851045
,2024-12-27,,PORTO BRASIL CL 514,,,21.6,1.851045
202412.0,2024-12-28,45462.0,PORTO BRASIL CL 514,Consumidor Livre,SUDESTE,21.6,1.698661
202412.0,2024-12-28,45462.0,PORTO BRASIL CL 514,Consumidor Livre,SUDESTE,21.6,1.698661
,2024-12-28,,PORTO BRASIL CL 514,,,21.6,1.698661
202412.0,2024-12-29,45462.0,PORTO BRASIL CL 514,Consumidor Livre,SUDESTE,21.6,1.351594
202412.0,2024-12-29,45462.0,PORTO BRASIL CL 514,Consumidor Livre,SUDESTE,21.6,1.351594
,2024-12-29,,PORTO BRASIL CL 514,,,21.6,1.351594
202412.0,2024-12-30,45462.0,PORTO BRASIL CL 514,Consumidor Livre,SUDESTE,21.6,2.174381
202412.0,2024-12-30,45462.0,PORTO BRASIL CL 514,Consumidor Livre,SUDESTE,21.6,2.174381
,2024-12-30,,PORTO BRASIL CL 514,,,21.6,2.174381
202412.0,2024-12-31,45462.0,PORTO BRASIL CL 514,Consumidor Livre,SUDESTE,21.6,2.06054
202412.0,2024-12-31,45462.0,PORTO BRASIL CL 514,Consumidor Livre,SUDESTE,21.6,2.06054
,2024-12-31,,PORTO BRASIL CL 514,,,21.6,2.06054
202501.0,2025-01-01,45462.0,PORTO BRASIL CL 514,Consumidor Livre,SUDESTE,21.6,1.609021
202501.0,2025-01-01,45462.0,PORTO BRASIL CL 514,Consumidor Livre,SUDESTE,21.6,1.609021
,2025-01-01,,PORTO BRASIL CL 514,,,21.6,1.609021
202501.0,2025-01-02,45462.0,PORTO BRASIL CL 514,Consumidor Livre,SUDESTE,21.6,3.252258
202501.0,2025-01-02,45462.0,PORTO BRASIL CL 514,Consumidor Livre,SUDESTE,21.6,3.252258
,2025-01-02,,PORTO BRASIL CL 514,,,21.6,3.252258
202501.0,2025-01-03,45462.0,PORTO BRASIL CL 514,Consumidor Livre,SUDESTE,21.6,4.65674
202501.0,2025-01-03,45462.0,PORTO BRASIL CL 514,Consumidor Livre,SUDESTE,21.6,4.65674
,2025-01-03,,PORTO BRASIL CL 514,,,21.6,4.65674
202501.0,2025-01-04,45462.0,PORTO BRASIL CL 514,Consumidor Livre,SUDESTE,21.6,4.11521
202501.0,2025-01-04,45462.0,PORTO BRASIL CL 514,Consumidor Livre,SUDESTE,21.6,4.11521
,2025-01-04,,PORTO BRASIL CL 514,,,21.6,4.11521
202501.0,2025-01-05,45462.0,PORTO BRASIL CL 514,Consumidor Livre,SUDESTE,21.6,3.707315
202501.0,2025-01-05,45462.0,PORTO BRASIL CL 514,Consumidor Livre,SUDESTE,21.6,3.707315
,2025-01-05,,PORTO BRASIL CL 514,,,21.6,3.707315
202501.0,2025-01-06,45462.0,PORTO BRASIL CL 514,Consumidor Livre,SUDESTE,21.6,8.648144
202501.0,2025-01-06,45462.0,PORTO BRASIL CL 514,Consumidor Livre,SUDESTE,21.6,8.648144
,2025-01-06,,PORTO BRASIL CL 514,,,21.6,8.648144
202501.0,2025-01-07,45462.0,PORTO BRASIL CL 514,Consumidor Livre,SUDESTE,21.6,10.554435
202501.0,2025-01-07,45462.0,PORTO BRASIL CL 514,Consumidor Livre,SUDESTE,21.6,10.554435
,2025-01-07,,PORTO BRASIL CL 514,,,21.6,10.554435
202501.0,2025-01-08,45462.0,PORTO BRASIL CL 514,Consumidor Livre,SUDESTE,21.6,10.817148
202501.0,2025-01-08,45462.0,PORTO BRASIL CL 514,Consumidor Livre,SUDESTE,21.6,10.817148
,2025-01-08,,PORTO BRASIL CL 514,,,21.6,10.817148
202501.0,2025-01-09,45462.0,PORTO BRASIL CL 514,Consumidor Livre,SUDESTE,21.6,9.979079
202501.0,2025-01-09,45462.0,PORTO BRASIL CL 514,Consumidor Livre,SUDESTE,21.6,9.979079
,2025-01-09,,PORTO BRASIL CL 514,,,21.6,9.979079
202501.0,2025-01-10,45462.0,PORTO BRASIL CL 514,Consumidor Livre,SUDESTE,21.6,10.698328
202501.0,2025-01-10,45462.0,PORTO BRASIL CL 514,Consumidor Livre,SUDESTE,21.6,10.698328
,2025-01-10,,PORTO BRASIL CL 514,,,21.6,10.698328
202501.0,2025-01-11,45462.0,PORTO BRASIL CL 514,Consumidor Livre,SUDESTE,21.6,7.661483
202501.0,2025-01-11,45462.0,PORTO BRASIL CL 514,Consumidor Livre,SUDESTE,21.6,7.661483
,2025-01-11,,PORTO BRASIL CL 514,,,21.6,7.661483
202501.0,2025-01-12,45462.0,PORTO BRASIL CL 514,Consumidor Livre,SUDESTE,21.6,8.099419
202501.0,2025-01-12,45462.0,PORTO BRASIL CL 514,Consumidor Livre,SUDESTE,21.6,8.099419
,2025-01-12,,PORTO BRASIL CL 514,,,21.6,8.099419
202501.0,2025-01-13,45462.0,PORTO BRASIL CL 514,Consumidor Livre,SUDESTE,21.6,11.621307
202501.0,2025-01-13,45462.0,PORTO BRASIL CL 514,Consumidor Livre,SUDESTE,21.6,11.621307
,2025-01-13,,PORTO BRASIL CL 514,,,21.6,11.621307
202501.0,2025-01-14,45462.0,PORTO BRASIL CL 514,Consumidor Livre,SUDESTE,21.6,11.360158
202501.0,2025-01-14,45462.0,PORTO BRASIL CL 514,Consumidor Livre,SUDESTE,21.6,11.360158
,2025-01-14,,PORTO BRASIL CL 514,,,21.6,11.360158
202501.0,2025-01-15,45462.0,PORTO BRASIL CL 514,Consumidor Livre,SUDESTE,21.6,10.798338
202501.0,2025-01-15,45462.0,PORTO BRASIL CL 514,Consumidor Livre,SUDESTE,21.6,10.798338
,2025-01-15,,PORTO BRASIL CL 514,,,21.6,10.798338
202501.0,2025-01-16,45462.0,PORTO BRASIL CL 514,Consumidor Livre,SUDESTE,21.6,11.338852
202501.0,2025-01-16,45462.0,PORTO BRASIL CL 514,Consumidor Livre,SUDESTE,21.6,11.338852
,2025-01-16,,PORTO BRASIL CL 514,,,21.6,11.338852
202501.0,2025-01-17,45462.0,PORTO BRASIL CL 514,Consumidor Livre,SUDESTE,21.6,11.07622
202501.0,2025-01-17,45462.0,PORTO BRASIL CL 514,Consumidor Livre,SUDESTE,21.6,11.07622
,2025-01-17,,PORTO BRASIL CL 514,,,21.6,11.07622
202501.0,2025-01-18,45462.0,PORTO BRASIL CL 514,Consumidor Livre,SUDESTE,21.6,8.028864
202501.0,2025-01-18,45462.0,PORTO BRASIL CL 514,Consumidor Livre,SUDESTE,21.6,8.028864
,2025-01-18,,PORTO BRASIL CL 514,,,21.6,8.028864
202501.0,2025-01-19,45462.0,PORTO BRASIL CL 514,Consumidor Livre,SUDESTE,21.6,7.618919
202501.0,2025-01-19,45462.0,PORTO BRASIL CL 514,Consumidor Livre,SUDESTE,21.6,7.618919
,2025-01-19,,PORTO BRASIL CL 514,,,21.6,7.618919
202501.0,2025-01-20,45462.0,PORTO BRASIL CL 514,Consumidor Livre,SUDESTE,21.6,8.089735
202501.0,2025-01-20,45462.0,PORTO BRASIL CL 514,Consumidor Livre,SUDESTE,21.6,8.089735
,2025-01-20,,PORTO BRASIL CL 514,,,21.6,8.089735
202501.0,2025-01-21,45462.0,PORTO BRASIL CL 514,Consumidor Livre,SUDESTE,21.6,11.111215
202501.0,2025-01-21,45462.0,PORTO BRASIL CL 514,Consumidor Livre,SUDESTE,21.6,11.111215
,2025-01-21,,PORTO BRASIL CL 514,,,21.6,11.111215
202501.0,2025-01-22,45462.0,PORTO BRASIL CL 514,Consumidor Livre,SUDESTE,21.6,10.731518
202501.0,2025-01-22,45462.0,PORTO BRASIL CL 514,Consumidor Livre,SUDESTE,21.6,10.731518
,2025-01-22,,PORTO BRASIL CL 514,,,21.6,10.731518
202501.0,2025-01-23,45462.0,PORTO BRASIL CL 514,Consumidor Livre,SUDESTE,21.6,10.664651
202501.0,2025-01-23,45462.0,PORTO BRASIL CL 514,Consumidor Livre,SUDESTE,21.6,10.664651
,2025-01-23,,PORTO BRASIL CL 514,,,21.6,10.664651
202501.0,2025-01-24,45462.0,PORTO BRASIL CL 514,Consumidor Livre,SUDESTE,21.6,10.581897
202501.0,2025-01-24,45462.0,PORTO BRASIL CL 514,Consumidor Livre,SUDESTE,21.6,10.581897
,2025-01-24,,PORTO BRASIL CL 514,,,21.6,10.581897
202501.0,2025-01-25,45462.0,PORTO BRASIL CL 514,Consumidor Livre,SUDESTE,21.6,8.123448
202501.0,2025-01-25,45462.0,PORTO BRASIL CL 514,Consumidor Livre,SUDESTE,21.6,8.123448
,2025-01-25,,PORTO BRASIL CL 514,,,21.6,8.123448
202501.0,2025-01-26,45462.0,PORTO BRASIL CL 514,Consumidor Livre,SUDESTE,21.6,7.926204
202501.0,2025-01-26,45462.0,PORTO BRASIL CL 514,Consumidor Livre,SUDESTE,21.6,7.926204
,2025-01-26,,PORTO BRASIL CL 514,,,21.6,7.926204
202501.0,2025-01-27,45462.0,PORTO BRASIL CL 514,Consumidor Livre,SUDESTE,21.6,10.941596
202501.0,2025-01-27,45462.0,PORTO BRASIL CL 514,Consumidor Livre,SUDESTE,21.6,10.941596
,2025-01-27,,PORTO BRASIL CL 514,,,21.6,10.941596
202501.0,2025-01-28,45462.0,PORTO BRASIL CL 514,Consumidor Livre,SUDESTE,21.6,10.896513
202501.0,2025-01-28,45462.0,PORTO BRASIL CL 514,Consumidor Livre,SUDESTE,21.6,10.896513
,2025-01-28,,PORTO BRASIL CL 514,,,21.6,10.896513
202501.0,2025-01-29,45462.0,PORTO BRASIL CL 514,Consumidor Livre,SUDESTE,21.6,10.264078
202501.0,2025-01-29,45462.0,PORTO BRASIL CL 514,Consumidor Livre,SUDESTE,21.6,10.264078
,2025-01-29,,PORTO BRASIL CL 514,,,21.6,10.264078
202501.0,2025-01-30,45462.0,PORTO BRASIL CL 514,Consumidor Livre,SUDESTE,21.6,10.897256
202501.0,2025-01-30,45462.0,PORTO BRASIL CL 514,Consumidor Livre,SUDESTE,21.6,10.897256
,2025-01-30,,PORTO BRASIL CL 514,,,21.6,10.897256
202501.0,2025-01-31,45462.0,PORTO BRASIL CL 514,Consumidor Livre,SUDESTE,21.6,11.300071
202501.0,2025-01-31,45462.0,PORTO BRASIL CL 514,Consumidor Livre,SUDESTE,21.6,11.300071
,2025-01-31,,PORTO BRASIL CL 514,,,21.6,11.300071
202502.0,2025-02-01,45462.0,PORTO BRASIL CL 514,Consumidor Livre,SUDESTE,21.6,7.87681
202502.0,2025-02-01,45462.0,PORTO BRASIL CL 514,Consumidor Livre,SUDESTE,21.6,7.87681
,2025-02-01,,PORTO BRASIL CL 514,,,21.6,7.87681
202502.0,2025-02-02,45462.0,PORTO BRASIL CL 514,Consumidor Livre,SUDESTE,21.6,7.207346999999999
202502.0,2025-02-02,45462.0,PORTO BRASIL CL 514,Consumidor Livre,SUDESTE,21.6,7.207346999999999
,2025-02-02,,PORTO BRASIL CL 514,,,21.6,7.207346999999999
202502.0,2025-02-03,45462.0,PORTO BRASIL CL 514,Consumidor Livre,SUDESTE,21.6,10.001306
202502.0,2025-02-03,45462.0,PORTO BRASIL CL 514,Consumidor Livre,SUDESTE,21.6,10.001306
,2025-02-03,,PORTO BRASIL CL 514,,,21.6,10.001306
202502.0,2025-02-04,45462.0,PORTO BRASIL CL 514,Consumidor Livre,SUDESTE,21.6,10.488879
202502.0,2025-02-04,45462.0,PORTO BRASIL CL 514,Consumidor Livre,SUDESTE,21.6,10.488879
,2025-02-04,,PORTO BRASIL CL 514,,,21.6,10.488879
202502.0,2025-02-05,45462.0,PORTO BRASIL CL 514,Consumidor Livre,SUDESTE,21.6,9.961508
202502.0,2025-02-05,45462.0,PORTO BRASIL CL 514,Consumidor Livre,SUDESTE,21.6,9.961508
,2025-02-05,,PORTO BRASIL CL 514,,,21.6,9.961508
202502.0,2025-02-06,45462.0,PORTO BRASIL CL 514,Consumidor Livre,SUDESTE,21.6,10.880525
202502.0,2025-02-06,45462.0,PORTO BRASIL CL 514,Consumidor Livre,SUDESTE,21.6,10.880525
,2025-02-06,,PORTO BRASIL CL 514,,,21.6,10.880525
202502.0,2025-02-07,45462.0,PORTO BRASIL CL 514,Consumidor Livre,SUDESTE,21.6,9.958042
202502.0,2025-02-07,45462.0,PORTO BRASIL CL 514,Consumidor Livre,SUDESTE,21.6,9.958042
,2025-02-07,,PORTO BRASIL CL 514,,,21.6,9.958042
202502.0,2025-02-08,45462.0,PORTO BRASIL CL 514,Consumidor Livre,SUDESTE,21.6,8.015371
202502.0,2025-02-08,45462.0,PORTO BRASIL CL 514,Consumidor Livre,SUDESTE,21.6,8.015371
,2025-02-08,,PORTO BRASIL CL 514,,,21.6,8.015371
202502.0,2025-02-09,45462.0,PORTO BRASIL CL 514,Consumidor Livre,SUDESTE,21.6,7.259255
202502.0,2025-02-09,45462.0,PORTO BRASIL CL 514,Consumidor Livre,SUDESTE,21.6,7.259255
,2025-02-09,,PORTO BRASIL CL 514,,,21.6,7.259255
202502.0,2025-02-10,45462.0,PORTO BRASIL CL 514,Consumidor Livre,SUDESTE,21.6,9.923187
202502.0,2025-02-10,45462.0,PORTO BRASIL CL 514,Consumidor Livre,SUDESTE,21.6,9.923187
,2025-02-10,,PORTO BRASIL CL 514,,,21.6,9.923187
202502.0,2025-02-11,45462.0,PORTO BRASIL CL 514,Consumidor Livre,SUDESTE,21.6,10.968971
202502.0,2025-02-11,45462.0,PORTO BRASIL CL 514,Consumidor Livre,SUDESTE,21.6,10.968971
,2025-02-11,,PORTO BRASIL CL 514,,,21.6,10.968971
202502.0,2025-02-12,45462.0,PORTO BRASIL CL 514,Consumidor Livre,SUDESTE,21.6,10.85298
202502.0,2025-02-12,45462.0,PORTO BRASIL CL 514,Consumidor Livre,SUDESTE,21.6,10.85298
,2025-02-12,,PORTO BRASIL CL 514,,,21.6,10.85298
202502.0,2025-02-13,45462.0,PORTO BRASIL CL 514,Consumidor Livre,SUDESTE,21.6,11.381011
202502.0,2025-02-13,45462.0,PORTO BRASIL CL 514,Consumidor Livre,SUDESTE,21.6,11.381011
,2025-02-13,,PORTO BRASIL CL 514,,,21.6,11.381011
202502.0,2025-02-14,45462.0,PORTO BRASIL CL 514,Consumidor Livre,SUDESTE,21.6,10.840246
202502.0,2025-02-14,45462.0,PORTO BRASIL CL 514,Consumidor Livre,SUDESTE,21.6,10.840246
,2025-02-14,,PORTO BRASIL CL 514,,,21.6,10.840246
202502.0,2025-02-15,45462.0,PORTO BRASIL CL 514,Consumidor Livre,SUDESTE,21.6,7.925469
202502.0,2025-02-15,45462.0,PORTO BRASIL CL 514,Consumidor Livre,SUDESTE,21.6,7.925469
,2025-02-15,,PORTO BRASIL CL 514,,,21.6,7.925469
202502.0,2025-02-16,45462.0,PORTO BRASIL CL 514,Consumidor Livre,SUDESTE,21.6,7.367245
202502.0,2025-02-16,45462.0,PORTO BRASIL CL 514,Consumidor Livre,SUDESTE,21.6,7.367245
,2025-02-16,,PORTO BRASIL CL 514,,,21.6,7.367245
202502.0,2025-02-17,45462.0,PORTO BRASIL CL 514,Consumidor Livre,SUDESTE,21.6,10.528026
202502.0,2025-02-17,45462.0,PORTO BRASIL CL 514,Consumidor Livre,SUDESTE,21.6,10.528026
,2025-02-17,,PORTO BRASIL CL 514,,,21.6,10.528026
202502.0,2025-02-18,45462.0,PORTO BRASIL CL 514,Consumidor Livre,SUDESTE,21.6,11.108986
202502.0,2025-02-18,45462.0,PORTO BRASIL CL 514,Consumidor Livre,SUDESTE,21.6,11.108986
,2025-02-18,,PORTO BRASIL CL 514,,,21.6,11.108986
202502.0,2025-02-19,45462.0,PORTO BRASIL CL 514,Consumidor Livre,SUDESTE,21.6,10.852556
202502.0,2025-02-19,45462.0,PORTO BRASIL CL 514,Consumidor Livre,SUDESTE,21.6,10.852556
,2025-02-19,,PORTO BRASIL CL 514,,,21.6,10.852556
202502.0,2025-02-20,45462.0,PORTO BRASIL CL 514,Consumidor Livre,SUDESTE,21.6,11.123082
202502.0,2025-02-20,45462.0,PORTO BRASIL CL 514,Consumidor Livre,SUDESTE,21.6,11.123082
,2025-02-20,,PORTO BRASIL CL 514,,,21.6,11.123082
202502.0,2025-02-21,45462.0,PORTO BRASIL CL 514,Consumidor Livre,SUDESTE,21.6,11.40883
202502.0,2025-02-21,45462.0,PORTO BRASIL CL 514,Consumidor Livre,SUDESTE,21.6,11.40883
,2025-02-21,,PORTO BRASIL CL 514,,,21.6,11.40883
202502.0,2025-02-22,45462.0,PORTO BRASIL CL 514,Consumidor Livre,SUDESTE,21.6,7.829865
202502.0,2025-02-22,45462.0,PORTO BRASIL CL 514,Consumidor Livre,SUDESTE,21.6,7.829865
,2025-02-22,,PORTO BRASIL CL 514,,,21.6,7.829865
202502.0,2025-02-23,45462.0,PORTO BRASIL CL 514,Consumidor Livre,SUDESTE,21.6,7.387405
202502.0,2025-02-23,45462.0,PORTO BRASIL CL 514,Consumidor Livre,SUDESTE,21.6,7.387405
,2025-02-23,,PORTO BRASIL CL 514,,,21.6,7.387405
202502.0,2025-02-24,45462.0,PORTO BRASIL CL 514,Consumidor Livre,SUDESTE,21.6,11.301904
202502.0,2025-02-24,45462.0,PORTO BRASIL CL 514,Consumidor Livre,SUDESTE,21.6,11.301904
,2025-02-24,,PORTO BRASIL CL 514,,,21.6,11.301904
202502.0,2025-02-25,45462.0,PORTO BRASIL CL 514,Consumidor Livre,SUDESTE,21.6,10.253731
202502.0,2025-02-25,45462.0,PORTO BRASIL CL 514,Consumidor Livre,SUDESTE,21.6,10.253731
,2025-02-25,,PORTO BRASIL CL 514,,,21.6,10.253731
202502.0,2025-02-26,45462.0,PORTO BRASIL CL 514,Consumidor Livre,SUDESTE,21.6,11.280365
202502.0,2025-02-26,45462.0,PORTO BRASIL CL 514,Consumidor Livre,SUDESTE,21.6,11.280365
,2025-02-26,,PORTO BRASIL CL 514,,,21.6,11.280365
202502.0,2025-02-27,45462.0,PORTO BRASIL CL 514,Consumidor Livre,SUDESTE,21.6,11.930231
202502.0,2025-02-27,45462.0,PORTO BRASIL CL 514,Consumidor Livre,SUDESTE,21.6,11.930231
,2025-02-27,,PORTO BRASIL CL 514,,,21.6,11.930231
202502.0,2025-02-28,45462.0,PORTO BRASIL CL 514,Consumidor Livre,SUDESTE,21.6,11.713562
202502.0,2025-02-28,45462.0,PORTO BRASIL CL 514,Consumidor Livre,SUDESTE,21.6,11.713562
,2025-02-28,,PORTO BRASIL CL 514,,,21.6,11.713562
202503.0,2025-03-01,45462.0,PORTO BRASIL CL 514,Consumidor Livre,SUDESTE,21.6,8.13381
202503.0,2025-03-01,45462.0,PORTO BRASIL CL 514,Consumidor Livre,SUDESTE,21.6,8.13381
,2025-03-01,,PORTO BRASIL CL 514,,,21.6,8.13381
202503.0,2025-03-02,45462.0,PORTO BRASIL CL 514,Consumidor Livre,SUDESTE,21.6,7.258701999999999
202503.0,2025-03-02,45462.0,PORTO BRASIL CL 514,Consumidor Livre,SUDESTE,21.6,7.258701999999999
,2025-03-02,,PORTO BRASIL CL 514,,,21.6,7.258701999999999
202503.0,2025-03-03,45462.0,PORTO BRASIL CL 514,Consumidor Livre,SUDESTE,21.6,10.647167
202503.0,2025-03-03,45462.0,PORTO BRASIL CL 514,Consumidor Livre,SUDESTE,21.6,10.647167
,2025-03-03,,PORTO BRASIL CL 514,,,21.6,10.647167
202503.0,2025-03-04,45462.0,PORTO BRASIL CL 514,Consumidor Livre,SUDESTE,21.6,10.653682
202503.0,2025-03-04,45462.0,PORTO BRASIL CL 514,Consumidor Livre,SUDESTE,21.6,10.653682
,2025-03-04,,PORTO BRASIL CL 514,,,21.6,10.653682
202503.0,2025-03-05,45462.0,PORTO BRASIL CL 514,Consumidor Livre,SUDESTE,21.6,11.109733
202503.0,2025-03-05,45462.0,PORTO BRASIL CL 514,Consumidor Livre,SUDESTE,21.6,11.109733
,2025-03-05,,PORTO BRASIL CL 514,,,21.6,11.109733
202503.0,2025-03-06,45462.0,PORTO BRASIL CL 514,Consumidor Livre,SUDESTE,21.6,11.459108
202503.0,2025-03-06,45462.0,PORTO BRASIL CL 514,Consumidor Livre,SUDESTE,21.6,11.459108
,2025-03-06,,PORTO BRASIL CL 514,,,21.6,11.459108
202503.0,2025-03-07,45462.0,PORTO BRASIL CL 514,Consumidor Livre,SUDESTE,21.6,10.551253
202503.0,2025-03-07,45462.0,PORTO BRASIL CL 514,Consumidor Livre,SUDESTE,21.6,10.551253
,2025-03-07,,PORTO BRASIL CL 514,,,21.6,10.551253
202503.0,2025-03-08,45462.0,PORTO BRASIL CL 514,Consumidor Livre,SUDESTE,21.6,7.403259
202503.0,2025-03-08,45462.0,PORTO BRASIL CL 514,Consumidor Livre,SUDESTE,21.6,7.403259
,2025-03-08,,PORTO BRASIL CL 514,,,21.6,7.403259
202503.0,2025-03-09,45462.0,PORTO BRASIL CL 514,Consumidor Livre,SUDESTE,21.6,7.699446
202503.0,2025-03-09,45462.0,PORTO BRASIL CL 514,Consumidor Livre,SUDESTE,21.6,7.699446
,2025-03-09,,PORTO BRASIL CL 514,,,21.6,7.699446
202503.0,2025-03-10,45462.0,PORTO BRASIL CL 514,Consumidor Livre,SUDESTE,21.6,11.0609
202503.0,2025-03-10,45462.0,PORTO BRASIL CL 514,Consumidor Livre,SUDESTE,21.6,11.0609
,2025-03-10,,PORTO BRASIL CL 514,,,21.6,11.0609
202503.0,2025-03-11,45462.0,PORTO BRASIL CL 514,Consumidor Livre,SUDESTE,21.6,10.941578
202503.0,2025-03-11,45462.0,PORTO BRASIL CL 514,Consumidor Livre,SUDESTE,21.6,10.941578
,2025-03-11,,PORTO BRASIL CL 514,,,21.6,10.941578
202503.0,2025-03-12,45462.0,PORTO BRASIL CL 514,Consumidor Livre,SUDESTE,21.6,11.079841
202503.0,2025-03-12,45462.0,PORTO BRASIL CL 514,Consumidor Livre,SUDESTE,21.6,11.079841
,2025-03-12,,PORTO BRASIL CL 514,,,21.6,11.079841
202503.0,2025-03-13,45462.0,PORTO BRASIL CL 514,Consumidor Livre,SUDESTE,21.6,11.591968
202503.0,2025-03-13,45462.0,PORTO BRASIL CL 514,Consumidor Livre,SUDESTE,21.6,11.591968
,2025-03-13,,PORTO BRASIL CL 514,,,21.6,11.591968
202503.0,2025-03-14,45462.0,PORTO BRASIL CL 514,Consumidor Livre,SUDESTE,21.6,10.674502
202503.0,2025-03-14,45462.0,PORTO BRASIL CL 514,Consumidor Livre,SUDESTE,21.6,10.674502
,2025-03-14,,PORTO BRASIL CL 514,,,21.6,10.674502
202503.0,2025-03-15,45462.0,PORTO BRASIL CL 514,Consumidor Livre,SUDESTE,21.6,7.207575999999999
202503.0,2025-03-15,45462.0,PORTO BRASIL CL 514,Consumidor Livre,SUDESTE,21.6,7.207575999999999
,2025-03-15,,PORTO BRASIL CL 514,,,21.6,7.207575999999999
202503.0,2025-03-16,45462.0,PORTO BRASIL CL 514,Consumidor Livre,SUDESTE,21.6,6.771083
202503.0,2025-03-16,45462.0,PORTO BRASIL CL 514,Consumidor Livre,SUDESTE,21.6,6.771083
,2025-03-16,,PORTO BRASIL CL 514,,,21.6,6.771083
202503.0,2025-03-17,45462.0,PORTO BRASIL CL 514,Consumidor Livre,SUDESTE,21.6,9.902299
202503.0,2025-03-17,45462.0,PORTO BRASIL CL 514,Consumidor Livre,SUDESTE,21.6,9.902299
,2025-03-17,,PORTO BRASIL CL 514,,,21.6,9.902299
202503.0,2025-03-18,45462.0,PORTO BRASIL CL 514,Consumidor Livre,SUDESTE,21.6,11.341231
202503.0,2025-03-18,45462.0,PORTO BRASIL CL 514,Consumidor Livre,SUDESTE,21.6,11.341231
,2025-03-18,,PORTO BRASIL CL 514,,,21.6,11.341231
202503.0,2025-03-19,45462.0,PORTO BRASIL CL 514,Consumidor Livre,SUDESTE,21.6,11.163061
202503.0,2025-03-19,45462.0,PORTO BRASIL CL 514,Consumidor Livre,SUDESTE,21.6,11.163061
,2025-03-19,,PORTO BRASIL CL 514,,,21.6,11.163061
202503.0,2025-03-20,45462.0,PORTO BRASIL CL 514,Consumidor Livre,SUDESTE,21.6,11.237507
202503.0,2025-03-20,45462.0,PORTO BRASIL CL 514,Consumidor Livre,SUDESTE,21.6,11.237507
,2025-03-20,,PORTO BRASIL CL 514,,,21.6,11.237507
202503.0,2025-03-21,45462.0,PORTO BRASIL CL 514,Consumidor Livre,SUDESTE,21.6,11.004562
202503.0,2025-03-21,45462.0,PORTO BRASIL CL 514,Consumidor Livre,SUDESTE,21.6,11.004562
,2025-03-21,,PORTO BRASIL CL 514,,,21.6,11.004562
202503.0,2025-03-22,45462.0,PORTO BRASIL CL 514,Consumidor Livre,SUDESTE,21.6,7.938122
202503.0,2025-03-22,45462.0,PORTO BRASIL CL 514,Consumidor Livre,SUDESTE,21.6,7.938122
,2025-03-22,,PORTO BRASIL CL 514,,,21.6,7.938122
202503.0,2025-03-23,45462.0,PORTO BRASIL CL 514,Consumidor Livre,SUDESTE,21.6,8.100727
202503.0,2025-03-23,45462.0,PORTO BRASIL CL 514,Consumidor Livre,SUDESTE,21.6,8.100727
,2025-03-23,,PORTO BRASIL CL 514,,,21.6,8.100727
202503.0,2025-03-24,45462.0,PORTO BRASIL CL 514,Consumidor Livre,SUDESTE,21.6,10.503159
202503.0,2025-03-24,45462.0,PORTO BRASIL CL 514,Consumidor Livre,SUDESTE,21.6,10.503159
,2025-03-24,,PORTO BRASIL CL 514,,,21.6,10.503159
202503.0,2025-03-25,45462.0,PORTO BRASIL CL 514,Consumidor Livre,SUDESTE,21.6,10.266308
202503.0,2025-03-25,45462.0,PORTO BRASIL CL 514,Consumidor Livre,SUDESTE,21.6,10.266308
,2025-03-25,,PORTO BRASIL CL 514,,,21.6,10.266308
202503.0,2025-03-26,45462.0,PORTO BRASIL CL 514,Consumidor Livre,SUDESTE,21.6,10.802553
202503.0,2025-03-26,45462.0,PORTO BRASIL CL 514,Consumidor Livre,SUDESTE,21.6,10.802553
,2025-03-26,,PORTO BRASIL CL 514,,,21.6,10.802553
202503.0,2025-03-27,45462.0,PORTO BRASIL CL 514,Consumidor Livre,SUDESTE,21.6,10.674369
202503.0,2025-03-27,45462.0,PORTO BRASIL CL 514,Consumidor Livre,SUDESTE,21.6,10.674369
,2025-03-27,,PORTO BRASIL CL 514,,,21.6,10.674369
202503.0,2025-03-28,45462.0,PORTO BRASIL CL 514,Consumidor Livre,SUDESTE,21.6,10.388115
202503.0,2025-03-28,45462.0,PORTO BRASIL CL 514,Consumidor Livre,SUDESTE,21.6,10.388115
,2025-03-28,,PORTO BRASIL CL 514,,,21.6,10.388115
202503.0,2025-03-29,45462.0,PORTO BRASIL CL 514,Consumidor Livre,SUDESTE,21.6,7.757647
202503.0,2025-03-29,45462.0,PORTO BRASIL CL 514,Consumidor Livre,SUDESTE,21.6,7.757647
,2025-03-29,,PORTO BRASIL CL 514,,,21.6,7.757647
202503.0,2025-03-30,45462.0,PORTO BRASIL CL 514,Consumidor Livre,SUDESTE,21.6,7.515689
202503.0,2025-03-30,45462.0,PORTO BRASIL CL 514,Consumidor Livre,SUDESTE,21.6,7.515689
,2025-03-30,,PORTO BRASIL CL 514,,,21.6,7.515689
202503.0,2025-03-31,45462.0,PORTO BRASIL CL 514,Consumidor Livre,SUDESTE,21.6,9.876066
202503.0,2025-03-31,45462.0,PORTO BRASIL CL 514,Consumidor Livre,SUDESTE,21.6,9.876066
,2025-03-31,,PORTO BRASIL CL 514,,,21.6,9.876066
202504.0,2025-04-01,45462.0,PORTO BRASIL CL 514,Consumidor Livre,SUDESTE,21.6,10.321191
202504.0,2025-04-01,45462.0,PORTO BRASIL CL 514,Consumidor Livre,SUDESTE,21.6,10.321191
,2025-04-01,,PORTO BRASIL CL 514,,,21.6,10.321191
202504.0,2025-04-02,45462.0,PORTO BRASIL CL 514,Consumidor Livre,SUDESTE,21.6,10.135685
202504.0,2025-04-02,45462.0,PORTO BRASIL CL 514,Consumidor Livre,SUDESTE,21.6,10.135685
,2025-04-02,,PORTO BRASIL CL 514,,,21.6,10.135685
202504.0,2025-04-03,45462.0,PORTO BRASIL CL 514,Consumidor Livre,SUDESTE,21.6,10.968088
202504.0,2025-04-03,45462.0,PORTO BRASIL CL 514,Consumidor Livre,SUDESTE,21.6,10.968088
,2025-04-03,,PORTO BRASIL CL 514,,,21.6,10.968088
202504.0,2025-04-04,45462.0,PORTO BRASIL CL 514,Consumidor Livre,SUDESTE,21.6,10.822872
202504.0,2025-04-04,45462.0,PORTO BRASIL CL 514,Consumidor Livre,SUDESTE,21.6,10.822872
,2025-04-04,,PORTO BRASIL CL 514,,,21.6,10.822872
202504.0,2025-04-05,45462.0,PORTO BRASIL CL 514,Consumidor Livre,SUDESTE,21.6,7.927535
202504.0,2025-04-05,45462.0,PORTO BRASIL CL 514,Consumidor Livre,SUDESTE,21.6,7.927535
,2025-04-05,,PORTO BRASIL CL 514,,,21.6,7.927535
202504.0,2025-04-06,45462.0,PORTO BRASIL CL 514,Consumidor Livre,SUDESTE,21.6,7.289449
202504.0,2025-04-06,45462.0,PORTO BRASIL CL 514,Consumidor Livre,SUDESTE,21.6,7.289449
,2025-04-06,,PORTO BRASIL CL 514,,,21.6,7.289449
202504.0,2025-04-07,45462.0,PORTO BRASIL CL 514,Consumidor Livre,SUDESTE,21.6,10.065468
202504.0,2025-04-07,45462.0,PORTO BRASIL CL 514,Consumidor Livre,SUDESTE,21.6,10.065468
,2025-04-07,,PORTO BRASIL CL 514,,,21.6,10.065468
202504.0,2025-04-08,45462.0,PORTO BRASIL CL 514,Consumidor Livre,SUDESTE,21.6,10.66585
202504.0,2025-04-08,45462.0,PORTO BRASIL CL 514,Consumidor Livre,SUDESTE,21.6,10.66585
,2025-04-08,,PORTO BRASIL CL 514,,,21.6,10.66585
202504.0,2025-04-09,45462.0,PORTO BRASIL CL 514,Consumidor Livre,SUDESTE,21.6,10.5001
202504.0,2025-04-09,45462.0,PORTO BRASIL CL 514,Consumidor Livre,SUDESTE,21.6,10.5001
,2025-04-09,,PORTO BRASIL CL 514,,,21.6,10.5001
202504.0,2025-04-10,45462.0,PORTO BRASIL CL 514,Consumidor Livre,SUDESTE,21.6,10.725537
202504.0,2025-04-10,45462.0,PORTO BRASIL CL 514,Consumidor Livre,SUDESTE,21.6,10.725537
,2025-04-10,,PORTO BRASIL CL 514,,,21.6,10.725537
202504.0,2025-04-11,45462.0,PORTO BRASIL CL 514,Consumidor Livre,SUDESTE,21.6,10.62832
202504.0,2025-04-11,45462.0,PORTO BRASIL CL 514,Consumidor Livre,SUDESTE,21.6,10.62832
,2025-04-11,,PORTO BRASIL CL 514,,,21.6,10.62832
202504.0,2025-04-12,45462.0,PORTO BRASIL CL 514,Consumidor Livre,SUDESTE,21.6,7.297583
202504.0,2025-04-12,45462.0,PORTO BRASIL CL 514,Consumidor Livre,SUDESTE,21.6,7.297583
,2025-04-12,,PORTO BRASIL CL 514,,,21.6,7.297583
202504.0,2025-04-13,45462.0,PORTO BRASIL CL 514,Consumidor Livre,SUDESTE,21.6,6.706808
202504.0,2025-04-13,45462.0,PORTO BRASIL CL 514,Consumidor Livre,SUDESTE,21.6,6.706808
,2025-04-13,,PORTO BRASIL CL 514,,,21.6,6.706808
202504.0,2025-04-14,45462.0,PORTO BRASIL CL 514,Consumidor Livre,SUDESTE,21.6,9.492333
202504.0,2025-04-14,45462.0,PORTO BRASIL CL 514,Consumidor Livre,SUDESTE,21.6,9.492333
,2025-04-14,,PORTO BRASIL CL 514,,,21.6,9.492333
202504.0,2025-04-15,45462.0,PORTO BRASIL CL 514,Consumidor Livre,SUDESTE,21.6,9.982149
202504.0,2025-04-15,45462.0,PORTO BRASIL CL 514,Consumidor Livre,SUDESTE,21.6,9.982149
,2025-04-15,,PORTO BRASIL CL 514,,,21.6,9.982149
202504.0,2025-04-16,45462.0,PORTO BRASIL CL 514,Consumidor Livre,SUDESTE,21.6,10.139419
202504.0,2025-04-16,45462.0,PORTO BRASIL CL 514,Consumidor Livre,SUDESTE,21.6,10.139419
,2025-04-16,,PORTO BRASIL CL 514,,,21.6,10.139419
202504.0,2025-04-17,45462.0,PORTO BRASIL CL 514,Consumidor Livre,SUDESTE,21.6,9.933337
202504.0,2025-04-17,45462.0,PORTO BRASIL CL 514,Consumidor Livre,SUDESTE,21.6,9.933337
,2025-04-17,,PORTO BRASIL CL 514,,,21.6,9.933337
202504.0,2025-04-18,45462.0,PORTO BRASIL CL 514,Consumidor Livre,SUDESTE,21.6,7.232473
202504.0,2025-04-18,45462.0,PORTO BRASIL CL 514,Consumidor Livre,SUDESTE,21.6,7.232473
,2025-04-18,,PORTO BRASIL CL 514,,,21.6,7.232473
202504.0,2025-04-19,45462.0,PORTO BRASIL CL 514,Consumidor Livre,SUDESTE,21.6,7.357443
202504.0,2025-04-19,45462.0,PORTO BRASIL CL 514,Consumidor Livre,SUDESTE,21.6,7.357443
,2025-04-19,,PORTO BRASIL CL 514,,,21.6,7.357443
202504.0,2025-04-20,45462.0,PORTO BRASIL CL 514,Consumidor Livre,SUDESTE,21.6,6.401886
202504.0,2025-04-20,45462.0,PORTO BRASIL CL 514,Consumidor Livre,SUDESTE,21.6,6.401886
,2025-04-20,,PORTO BRASIL CL 514,,,21.6,6.401886
202504.0,2025-04-21,45462.0,PORTO BRASIL CL 514,Consumidor Livre,SUDESTE,21.6,6.646287
202504.0,2025-04-21,45462.0,PORTO BRASIL CL 514,Consumidor Livre,SUDESTE,21.6,6.646287
,2025-04-21,,PORTO BRASIL CL 514,,,21.6,6.646287
202504.0,2025-04-22,45462.0,PORTO BRASIL CL 514,Consumidor Livre,SUDESTE,21.6,10.138529
202504.0,2025-04-22,45462.0,PORTO BRASIL CL 514,Consumidor Livre,SUDESTE,21.6,10.138529
,2025-04-22,,PORTO BRASIL CL 514,,,21.6,10.138529
202504.0,2025-04-23,45462.0,PORTO BRASIL CL 514,Consumidor Livre,SUDESTE,21.6,10.130191
202504.0,2025-04-23,45462.0,PORTO BRASIL CL 514,Consumidor Livre,SUDESTE,21.6,10.130191
,2025-04-23,,PORTO BRASIL CL 514,,,21.6,10.130191
202504.0,2025-04-24,45462.0,PORTO BRASIL CL 514,Consumidor Livre,SUDESTE,21.6,10.007925
202504.0,2025-04-24,45462.0,PORTO BRASIL CL 514,Consumidor Livre,SUDESTE,21.6,10.007925
,2025-04-24,,PORTO BRASIL CL 514,,,21.6,10.007925
202504.0,2025-04-25,45462.0,PORTO BRASIL CL 514,Consumidor Livre,SUDESTE,21.6,10.72221
202504.0,2025-04-25,45462.0,PORTO BRASIL CL 514,Consumidor Livre,SUDESTE,21.6,10.72221
,2025-04-25,,PORTO BRASIL CL 514,,,21.6,10.72221
202504.0,2025-04-26,45462.0,PORTO BRASIL CL 514,Consumidor Livre,SUDESTE,21.6,7.856031
202504.0,2025-04-26,45462.0,PORTO BRASIL CL 514,Consumidor Livre,SUDESTE,21.6,7.856031
,2025-04-26,,PORTO BRASIL CL 514,,,21.6,7.856031
202504.0,2025-04-27,45462.0,PORTO BRASIL CL 514,Consumidor Livre,SUDESTE,21.6,7.14625
202504.0,2025-04-27,45462.0,PORTO BRASIL CL 514,Consumidor Livre,SUDESTE,21.6,7.14625
,2025-04-27,,PORTO BRASIL CL 514,,,21.6,7.14625
202504.0,2025-04-28,45462.0,PORTO BRASIL CL 514,Consumidor Livre,SUDESTE,21.6,10.478991
202504.0,2025-04-28,45462.0,PORTO BRASIL CL 514,Consumidor Livre,SUDESTE,21.6,10.478991
,2025-04-28,,PORTO BRASIL CL 514,,,21.6,10.478991
202504.0,2025-04-29,45462.0,PORTO BRASIL CL 514,Consumidor Livre,SUDESTE,21.6,9.727087
202504.0,2025-04-29,45462.0,PORTO BRASIL CL 514,Consumidor Livre,SUDESTE,21.6,9.727087
,2025-04-29,,PORTO BRASIL CL 514,,,21.6,9.727087
202504.0,2025-04-30,45462.0,PORTO BRASIL CL 514,Consumidor Livre,SUDESTE,21.6,10.635841
202504.0,2025-04-30,45462.0,PORTO BRASIL CL 514,Consumidor Livre,SUDESTE,21.6,10.635841
,2025-04-30,,PORTO BRASIL CL 514,,,21.6,10.635841
202505.0,2025-05-01,45462.0,PORTO BRASIL CL 514,Consumidor Livre,SUDESTE,21.6,8.031831
202505.0,2025-05-01,45462.0,PORTO BRASIL CL 514,Consumidor Livre,SUDESTE,21.6,8.031831
,2025-05-01,,PORTO BRASIL CL 514,,,21.6,8.031831
202505.0,2025-05-02,45462.0,PORTO BRASIL CL 514,Consumidor Livre,SUDESTE,21.6,9.389558
202505.0,2025-05-02,45462.0,PORTO BRASIL CL 514,Consumidor Livre,SUDESTE,21.6,9.389558
,2025-05-02,,PORTO BRASIL CL 514,,,21.6,9.389558
202505.0,2025-05-03,45462.0,PORTO BRASIL CL 514,Consumidor Livre,SUDESTE,21.6,6.872563
202505.0,2025-05-03,45462.0,PORTO BRASIL CL 514,Consumidor Livre,SUDESTE,21.6,6.872563
,2025-05-03,,PORTO BRASIL CL 514,,,21.6,6.872563
202505.0,2025-05-04,45462.0,PORTO BRASIL CL 514,Consumidor Livre,SUDESTE,21.6,7.275443
202505.0,2025-05-04,45462.0,PORTO BRASIL CL 514,Consumidor Livre,SUDESTE,21.6,7.275443
,2025-05-04,,PORTO BRASIL CL 514,,,21.6,7.275443
202505.0,2025-05-05,45462.0,PORTO BRASIL CL 514,Consumidor Livre,SUDESTE,21.6,10.096884
202505.0,2025-05-05,45462.0,PORTO BRASIL CL 514,Consumidor Livre,SUDESTE,21.6,10.096884
,2025-05-05,,PORTO BRASIL CL 514,,,21.6,10.096884
202505.0,2025-05-06,45462.0,PORTO BRASIL CL 514,Consumidor Livre,SUDESTE,21.6,10.004724
202505.0,2025-05-06,45462.0,PORTO BRASIL CL 514,Consumidor Livre,SUDESTE,21.6,10.004724
,2025-05-06,,PORTO BRASIL CL 514,,,21.6,10.004724
202505.0,2025-05-07,45462.0,PORTO BRASIL CL 514,Consumidor Livre,SUDESTE,21.6,10.341307
202505.0,2025-05-07,45462.0,PORTO BRASIL CL 514,Consumidor Livre,SUDESTE,21.6,10.341307
,2025-05-07,,PORTO BRASIL CL 514,,,21.6,10.341307
202505.0,2025-05-08,45462.0,PORTO BRASIL CL 514,Consumidor Livre,SUDESTE,21.6,10.423734
202505.0,2025-05-08,45462.0,PORTO BRASIL CL 514,Consumidor Livre,SUDESTE,21.6,10.423734
,2025-05-08,,PORTO BRASIL CL 514,,,21.6,10.423734
202505.0,2025-05-09,45462.0,PORTO BRASIL CL 514,Consumidor Livre,SUDESTE,21.6,9.557965
202505.0,2025-05-09,45462.0,PORTO BRASIL CL 514,Consumidor Livre,SUDESTE,21.6,9.557965
,2025-05-09,,PORTO BRASIL CL 514,,,21.6,9.557965
202505.0,2025-05-10,45462.0,PORTO BRASIL CL 514,Consumidor Livre,SUDESTE,21.6,6.664842
202505.0,2025-05-10,45462.0,PORTO BRASIL CL 514,Consumidor Livre,SUDESTE,21.6,6.664842
,2025-05-10,,PORTO BRASIL CL 514,,,21.6,6.664842
202505.0,2025-05-11,45462.0,PORTO BRASIL CL 514,Consumidor Livre,SUDESTE,21.6,6.187635
202505.0,2025-05-11,45462.0,PORTO BRASIL CL 514,Consumidor Livre,SUDESTE,21.6,6.187635
,2025-05-11,,PORTO BRASIL CL 514,,,21.6,6.187635
202505.0,2025-05-12,45462.0,PORTO BRASIL CL 514,Consumidor Livre,SUDESTE,21.6,9.848857
202505.0,2025-05-12,45462.0,PORTO BRASIL CL 514,Consumidor Livre,SUDESTE,21.6,9.848857
,2025-05-12,,PORTO BRASIL CL 514,,,21.6,9.848857
202505.0,2025-05-13,45462.0,PORTO BRASIL CL 514,Consumidor Livre,SUDESTE,21.6,9.988607
202505.0,2025-05-13,45462.0,PORTO BRASIL CL 514,Consumidor Livre,SUDESTE,21.6,9.988607
,2025-05-13,,PORTO BRASIL CL 514,,,21.6,9.988607
202505.0,2025-05-14,45462.0,PORTO BRASIL CL 514,Consumidor Livre,SUDESTE,21.6,9.140117
202505.0,2025-05-14,45462.0,PORTO BRASIL CL 514,Consumidor Livre,SUDESTE,21.6,9.140117
,2025-05-14,,PORTO BRASIL CL 514,,,21.6,9.140117
202505.0,2025-05-15,45462.0,PORTO BRASIL CL 514,Consumidor Livre,SUDESTE,21.6,9.520122
202505.0,2025-05-15,45462.0,PORTO BRASIL CL 514,Consumidor Livre,SUDESTE,21.6,9.520122
,2025-05-15,,PORTO BRASIL CL 514,,,21.6,9.520122
202505.0,2025-05-16,45462.0,PORTO BRASIL CL 514,Consumidor Livre,SUDESTE,21.6,9.751856
202505.0,2025-05-16,45462.0,PORTO BRASIL CL 514,Consumidor Livre,SUDESTE,21.6,9.751856
,2025-05-16,,PORTO BRASIL CL 514,,,21.6,9.751856
202505.0,2025-05-17,45462.0,PORTO BRASIL CL 514,Consumidor Livre,SUDESTE,21.6,7.149785
202505.0,2025-05-17,45462.0,PORTO BRASIL CL 514,Consumidor Livre,SUDESTE,21.6,7.149785
,2025-05-17,,PORTO BRASIL CL 514,,,21.6,7.149785
202505.0,2025-05-18,45462.0,PORTO BRASIL CL 514,Consumidor Livre,SUDESTE,21.6,6.178513
202505.0,2025-05-18,45462.0,PORTO BRASIL CL 514,Consumidor Livre,SUDESTE,21.6,6.178513
,2025-05-18,,PORTO BRASIL CL 514,,,21.6,6.178513
202505.0,2025-05-19,45462.0,PORTO BRASIL CL 514,Consumidor Livre,SUDESTE,21.6,9.264739
202505.0,2025-05-19,45462.0,PORTO BRASIL CL 514,Consumidor Livre,SUDESTE,21.6,9.264739
,2025-05-19,,PORTO BRASIL CL 514,,,21.6,9.264739
202505.0,2025-05-20,45462.0,PORTO BRASIL CL 514,Consumidor Livre,SUDESTE,21.6,10.052292
202505.0,2025-05-20,45462.0,PORTO BRASIL CL 514,Consumidor Livre,SUDESTE,21.6,10.052292
,2025-05-20,,PORTO BRASIL CL 514,,,21.6,10.052292
202505.0,2025-05-21,45462.0,PORTO BRASIL CL 514,Consumidor Livre,SUDESTE,21.6,10.286924
202505.0,2025-05-21,45462.0,PORTO BRASIL CL 514,Consumidor Livre,SUDESTE,21.6,10.286924
,2025-05-21,,PORTO BRASIL CL 514,,,21.6,10.286924
202505.0,2025-05-22,45462.0,PORTO BRASIL CL 514,Consumidor Livre,SUDESTE,21.6,9.280308
202505.0,2025-05-22,45462.0,PORTO BRASIL CL 514,Consumidor Livre,SUDESTE,21.6,9.280308
,2025-05-22,,PORTO BRASIL CL 514,,,21.6,9.280308
202505.0,2025-05-23,45462.0,PORTO BRASIL CL 514,Consumidor Livre,SUDESTE,21.6,8.547962
202505.0,2025-05-23,45462.0,PORTO BRASIL CL 514,Consumidor Livre,SUDESTE,21.6,8.547962
,2025-05-23,,PORTO BRASIL CL 514,,,21.6,8.547962
202505.0,2025-05-24,45462.0,PORTO BRASIL CL 514,Consumidor Livre,SUDESTE,21.6,7.088856
202505.0,2025-05-24,45462.0,PORTO BRASIL CL 514,Consumidor Livre,SUDESTE,21.6,7.088856
,2025-05-24,,PORTO BRASIL CL 514,,,21.6,7.088856
202505.0,2025-05-25,45462.0,PORTO BRASIL CL 514,Consumidor Livre,SUDESTE,21.6,6.56139
202505.0,2025-05-25,45462.0,PORTO BRASIL CL 514,Consumidor Livre,SUDESTE,21.6,6.56139
,2025-05-25,,PORTO BRASIL CL 514,,,21.6,6.56139
202505.0,2025-05-26,45462.0,PORTO BRASIL CL 514,Consumidor Livre,SUDESTE,21.6,8.598393
202505.0,2025-05-26,45462.0,PORTO BRASIL CL 514,Consumidor Livre,SUDESTE,21.6,8.598393
,2025-05-26,,PORTO BRASIL CL 514,,,21.6,8.598393
202505.0,2025-05-27,45462.0,PORTO BRASIL CL 514,Consumidor Livre,SUDESTE,21.6,8.6343
202505.0,2025-05-27,45462.0,PORTO BRASIL CL 514,Consumidor Livre,SUDESTE,21.6,8.6343
,2025-05-27,,PORTO BRASIL CL 514,,,21.6,8.6343
202505.0,2025-05-28,45462.0,PORTO BRASIL CL 514,Consumidor Livre,SUDESTE,21.6,10.94781
202505.0,2025-05-28,45462.0,PORTO BRASIL CL 514,Consumidor Livre,SUDESTE,21.6,10.94781
,2025-05-28,,PORTO BRASIL CL 514,,,21.6,10.94781
202505.0,2025-05-29,45462.0,PORTO BRASIL CL 514,Consumidor Livre,SUDESTE,21.6,10.36208
202505.0,2025-05-29,45462.0,PORTO BRASIL CL 514,Consumidor Livre,SUDESTE,21.6,10.36208
,2025-05-29,,PORTO BRASIL CL 514,,,21.6,10.36208
202505.0,2025-05-30,45462.0,PORTO BRASIL CL 514,Consumidor Livre,SUDESTE,21.6,9.851267
202505.0,2025-05-30,45462.0,PORTO BRASIL CL 514,Consumidor Livre,SUDESTE,21.6,9.851267
,2025-05-30,,PORTO BRASIL CL 514,,,21.6,9.851267
202505.0,2025-05-31,45462.0,PORTO BRASIL CL 514,Consumidor Livre,SUDESTE,21.6,7.271809
202505.0,2025-05-31,45462.0,PORTO BRASIL CL 514,Consumidor Livre,SUDESTE,21.6,7.271809
,2025-05-31,,PORTO BRASIL CL 514,,,21.6,7.271809
202506.0,2025-06-01,45462.0,PORTO BRASIL CL 514,Consumidor Livre,SUDESTE,21.6,6.757625
202506.0,2025-06-01,45462.0,PORTO BRASIL CL 514,Consumidor Livre,SUDESTE,21.6,6.757625
,2025-06-01,,PORTO BRASIL CL 514,,,21.6,6.757625
202506.0,2025-06-02,45462.0,PORTO BRASIL CL 514,Consumidor Livre,SUDESTE,21.6,9.024906
202506.0,2025-06-02,45462.0,PORTO BRASIL CL 514,Consumidor Livre,SUDESTE,21.6,9.024906
,2025-06-02,,PORTO BRASIL CL 514,,,21.6,9.024906
202506.0,2025-06-03,45462.0,PORTO BRASIL CL 514,Consumidor Livre,SUDESTE,21.6,10.290016
202506.0,2025-06-03,45462.0,PORTO BRASIL CL 514,Consumidor Livre,SUDESTE,21.6,10.290016
,2025-06-03,,PORTO BRASIL CL 514,,,21.6,10.290016
202506.0,2025-06-04,45462.0,PORTO BRASIL CL 514,Consumidor Livre,SUDESTE,21.6,9.957935
202506.0,2025-06-04,45462.0,PORTO BRASIL CL 514,Consumidor Livre,SUDESTE,21.6,9.957935
,2025-06-04,,PORTO BRASIL CL 514,,,21.6,9.957935
202506.0,2025-06-05,45462.0,PORTO BRASIL CL 514,Consumidor Livre,SUDESTE,21.6,11.367585
202506.0,2025-06-05,45462.0,PORTO BRASIL CL 514,Consumidor Livre,SUDESTE,21.6,11.367585
,2025-06-05,,PORTO BRASIL CL 514,,,21.6,11.367585
202506.0,2025-06-06,45462.0,PORTO BRASIL CL 514,Consumidor Livre,SUDESTE,21.6,10.493435
202506.0,2025-06-06,45462.0,PORTO BRASIL CL 514,Consumidor Livre,SUDESTE,21.6,10.493435
,2025-06-06,,PORTO BRASIL CL 514,,,21.6,10.493435
202506.0,2025-06-07,45462.0,PORTO BRASIL CL 514,Consumidor Livre,SUDESTE,21.6,7.830403
202506.0,2025-06-07,45462.0,PORTO BRASIL CL 514,Consumidor Livre,SUDESTE,21.6,7.830403
,2025-06-07,,PORTO BRASIL CL 514,,,21.6,7.830403
202506.0,2025-06-08,45462.0,PORTO BRASIL CL 514,Consumidor Livre,SUDESTE,21.6,6.973474
202506.0,2025-06-08,45462.0,PORTO BRASIL CL 514,Consumidor Livre,SUDESTE,21.6,6.973474
,2025-06-08,,PORTO BRASIL CL 514,,,21.6,6.973474
202506.0,2025-06-09,45462.0,PORTO BRASIL CL 514,Consumidor Livre,SUDESTE,21.6,9.558398
202506.0,2025-06-09,45462.0,PORTO BRASIL CL 514,Consumidor Livre,SUDESTE,21.6,9.558398
,2025-06-09,,PORTO BRASIL CL 514,,,21.6,9.558398
202506.0,2025-06-10,45462.0,PORTO BRASIL CL 514,Consumidor Livre,SUDESTE,21.6,10.292393
202506.0,2025-06-10,45462.0,PORTO BRASIL CL 514,Consumidor Livre,SUDESTE,21.6,10.292393
,2025-06-10,,PORTO BRASIL CL 514,,,21.6,10.292393
202506.0,2025-06-11,45462.0,PORTO BRASIL CL 514,Consumidor Livre,SUDESTE,21.6,10.060004
202506.0,2025-06-11,45462.0,PORTO BRASIL CL 514,Consumidor Livre,SUDESTE,21.6,10.060004
,2025-06-11,,PORTO BRASIL CL 514,,,21.6,10.060004
202506.0,2025-06-12,45462.0,PORTO BRASIL CL 514,Consumidor Livre,SUDESTE,21.6,10.106498
202506.0,2025-06-12,45462.0,PORTO BRASIL CL 514,Consumidor Livre,SUDESTE,21.6,10.106498
,2025-06-12,,PORTO BRASIL CL 514,,,21.6,10.106498
202506.0,2025-06-13,45462.0,PORTO BRASIL CL 514,Consumidor Livre,SUDESTE,21.6,9.545188
202506.0,2025-06-13,45462.0,PORTO BRASIL CL 514,Consumidor Livre,SUDESTE,21.6,9.545188
,2025-06-13,,PORTO BRASIL CL 514,,,21.6,9.545188
202506.0,2025-06-14,45462.0,PORTO BRASIL CL 514,Consumidor Livre,SUDESTE,21.6,7.79094
202506.0,2025-06-14,45462.0,PORTO BRASIL CL 514,Consumidor Livre,SUDESTE,21.6,7.79094
,2025-06-14,,PORTO BRASIL CL 514,,,21.6,7.79094
202506.0,2025-06-15,45462.0,PORTO BRASIL CL 514,Consumidor Livre,SUDESTE,21.6,7.00959
202506.0,2025-06-15,45462.0,PORTO BRASIL CL 514,Consumidor Livre,SUDESTE,21.6,7.00959
,2025-06-15,,PORTO BRASIL CL 514,,,21.6,7.00959
202506.0,2025-06-16,45462.0,PORTO BRASIL CL 514,Consumidor Livre,SUDESTE,21.6,9.278078
202506.0,2025-06-16,45462.0,PORTO BRASIL CL 514,Consumidor Livre,SUDESTE,21.6,9.278078
,2025-06-16,,PORTO BRASIL CL 514,,,21.6,9.278078
202506.0,2025-06-17,45462.0,PORTO BRASIL CL 514,Consumidor Livre,SUDESTE,21.6,9.880079
202506.0,2025-06-17,45462.0,PORTO BRASIL CL 514,Consumidor Livre,SUDESTE,21.6,9.880079
,2025-06-17,,PORTO BRASIL CL 514,,,21.6,9.880079
202506.0,2025-06-18,45462.0,PORTO BRASIL CL 514,Consumidor Livre,SUDESTE,21.6,9.60802
202506.0,2025-06-18,45462.0,PORTO BRASIL CL 514,Consumidor Livre,SUDESTE,21.6,9.60802
,2025-06-18,,PORTO BRASIL CL 514,,,21.6,9.60802
202506.0,2025-06-19,45462.0,PORTO BRASIL CL 514,Consumidor Livre,SUDESTE,21.6,7.26892
202506.0,2025-06-19,45462.0,PORTO BRASIL CL 514,Consumidor Livre,SUDESTE,21.6,7.26892
,2025-06-19,,PORTO BRASIL CL 514,,,21.6,7.26892
202506.0,2025-06-20,45462.0,PORTO BRASIL CL 514,Consumidor Livre,SUDESTE,21.6,9.627565
202506.0,2025-06-20,45462.0,PORTO BRASIL CL 514,Consumidor Livre,SUDESTE,21.6,9.627565
,2025-06-20,,PORTO BRASIL CL 514,,,21.6,9.627565
202506.0,2025-06-21,45462.0,PORTO BRASIL CL 514,Consumidor Livre,SUDESTE,21.6,7.527072
202506.0,2025-06-21,45462.0,PORTO BRASIL CL 514,Consumidor Livre,SUDESTE,21.6,7.527072
,2025-06-21,,PORTO BRASIL CL 514,,,21.6,7.527072
202506.0,2025-06-22,45462.0,PORTO BRASIL CL 514,Consumidor Livre,SUDESTE,21.6,7.498883
202506.0,2025-06-22,45462.0,PORTO BRASIL CL 514,Consumidor Livre,SUDESTE,21.6,7.498883
,2025-06-22,,PORTO BRASIL CL 514,,,21.6,7.498883
202506.0,2025-06-23,45462.0,PORTO BRASIL CL 514,Consumidor Livre,SUDESTE,21.6,9.538364
202506.0,2025-06-23,45462.0,PORTO BRASIL CL 514,Consumidor Livre,SUDESTE,21.6,9.538364
,2025-06-23,,PORTO BRASIL CL 514,,,21.6,9.538364
202506.0,2025-06-24,45462.0,PORTO BRASIL CL 514,Consumidor Livre,SUDESTE,21.6,9.787002
202506.0,2025-06-24,45462.0,PORTO BRASIL CL 514,Consumidor Livre,SUDESTE,21.6,9.787002
,2025-06-24,,PORTO BRASIL CL 514,,,21.6,9.787002
202506.0,2025-06-25,45462.0,PORTO BRASIL CL 514,Consumidor Livre,SUDESTE,21.6,11.108363
202506.0,2025-06-25,45462.0,PORTO BRASIL CL 514,Consumidor Livre,SUDESTE,21.6,11.108363
,2025-06-25,,PORTO BRASIL CL 514,,,21.6,11.108363
202506.0,2025-06-26,45462.0,PORTO BRASIL CL 514,Consumidor Livre,SUDESTE,21.6,10.881224
202506.0,2025-06-26,45462.0,PORTO BRASIL CL 514,Consumidor Livre,SUDESTE,21.6,10.881224
,2025-06-26,,PORTO BRASIL CL 514,,,21.6,10.881224
202506.0,2025-06-27,45462.0,PORTO BRASIL CL 514,Consumidor Livre,SUDESTE,21.6,10.272923
202506.0,2025-06-27,45462.0,PORTO BRASIL CL 514,Consumidor Livre,SUDESTE,21.6,10.272923
,2025-06-27,,PORTO BRASIL CL 514,,,21.6,10.272923
202506.0,2025-06-28,45462.0,PORTO BRASIL CL 514,Consumidor Livre,SUDESTE,21.6,7.958896
202506.0,2025-06-28,45462.0,PORTO BRASIL CL 514,Consumidor Livre,SUDESTE,21.6,7.958896
,2025-06-28,,PORTO BRASIL CL 514,,,21.6,7.958896
202506.0,2025-06-29,45462.0,PORTO BRASIL CL 514,Consumidor Livre,SUDESTE,21.6,7.507324
202506.0,2025-06-29,45462.0,PORTO BRASIL CL 514,Consumidor Livre,SUDESTE,21.6,7.507324
,2025-06-29,,PORTO BRASIL CL 514,,,21.6,7.507324
202506.0,2025-06-30,45462.0,PORTO BRASIL CL 514,Consumidor Livre,SUDESTE,21.6,10.916599
202506.0,2025-06-30,45462.0,PORTO BRASIL CL 514,Consumidor Livre,SUDESTE,21.6,10.916599
,2025-06-30,,PORTO BRASIL CL 514,,,21.6,10.916599
202507.0,2025-07-01,45462.0,PORTO BRASIL CL 514,Consumidor Livre,SUDESTE,21.6,10.406199
202507.0,2025-07-01,45462.0,PORTO BRASIL CL 514,Consumidor Livre,SUDESTE,21.6,10.406199
,2025-07-01,,PORTO BRASIL CL 514,,,21.6,10.406199
202507.0,2025-07-02,45462.0,PORTO BRASIL CL 514,Consumidor Livre,SUDESTE,21.6,10.491498
202507.0,2025-07-02,45462.0,PORTO BRASIL CL 514,Consumidor Livre,SUDESTE,21.6,10.491498
,2025-07-02,,PORTO BRASIL CL 514,,,21.6,10.491498
202507.0,2025-07-03,45462.0,PORTO BRASIL CL 514,Consumidor Livre,SUDESTE,21.6,10.466973
202507.0,2025-07-03,45462.0,PORTO BRASIL CL 514,Consumidor Livre,SUDESTE,21.6,10.466973
,2025-07-03,,PORTO BRASIL CL 514,,,21.6,10.466973
202507.0,2025-07-04,45462.0,PORTO BRASIL CL 514,Consumidor Livre,SUDESTE,21.6,10.038971
202507.0,2025-07-04,45462.0,PORTO BRASIL CL 514,Consumidor Livre,SUDESTE,21.6,10.038971
,2025-07-04,,PORTO BRASIL CL 514,,,21.6,10.038971
202507.0,2025-07-05,45462.0,PORTO BRASIL CL 514,Consumidor Livre,SUDESTE,21.6,7.38707
202507.0,2025-07-05,45462.0,PORTO BRASIL CL 514,Consumidor Livre,SUDESTE,21.6,7.38707
,2025-07-05,,PORTO BRASIL CL 514,,,21.6,7.38707
202507.0,2025-07-06,45462.0,PORTO BRASIL CL 514,Consumidor Livre,SUDESTE,21.6,7.189226
202507.0,2025-07-06,45462.0,PORTO BRASIL CL 514,Consumidor Livre,SUDESTE,21.6,7.189226
,2025-07-06,,PORTO BRASIL CL 514,,,21.6,7.189226
202507.0,2025-07-07,45462.0,PORTO BRASIL CL 514,Consumidor Livre,SUDESTE,21.6,10.425068
202507.0,2025-07-07,45462.0,PORTO BRASIL CL 514,Consumidor Livre,SUDESTE,21.6,10.425068
,2025-07-07,,PORTO BRASIL CL 514,,,21.6,10.425068
202507.0,2025-07-08,45462.0,PORTO BRASIL CL 514,Consumidor Livre,SUDESTE,21.6,10.995387
202507.0,2025-07-08,45462.0,PORTO BRASIL CL 514,Consumidor Livre,SUDESTE,21.6,10.995387
,2025-07-08,,PORTO BRASIL CL 514,,,21.6,10.995387
202507.0,2025-07-09,45462.0,PORTO BRASIL CL 514,Consumidor Livre,SUDESTE,21.6,7.676259
202507.0,2025-07-09,45462.0,PORTO BRASIL CL 514,Consumidor Livre,SUDESTE,21.6,7.676259
,2025-07-09,,PORTO BRASIL CL 514,,,21.6,7.676259
202507.0,2025-07-10,45462.0,PORTO BRASIL CL 514,Consumidor Livre,SUDESTE,21.6,9.975691
202507.0,2025-07-10,45462.0,PORTO BRASIL CL 514,Consumidor Livre,SUDESTE,21.6,9.975691
,2025-07-10,,PORTO BRASIL CL 514,,,21.6,9.975691
202507.0,2025-07-11,45462.0,PORTO BRASIL CL 514,Consumidor Livre,SUDESTE,21.6,10.55285
202507.0,2025-07-11,45462.0,PORTO BRASIL CL 514,Consumidor Livre,SUDESTE,21.6,10.55285
,2025-07-11,,PORTO BRASIL CL 514,,,21.6,10.55285
202507.0,2025-07-12,45462.0,PORTO BRASIL CL 514,Consumidor Livre,SUDESTE,21.6,7.550474
202507.0,2025-07-12,45462.0,PORTO BRASIL CL 514,Consumidor Livre,SUDESTE,21.6,7.550474
,2025-07-12,,PORTO BRASIL CL 514,,,21.6,7.550474
202507.0,2025-07-13,45462.0,PORTO BRASIL CL 514,Consumidor Livre,SUDESTE,21.6,7.097686
202507.0,2025-07-13,45462.0,PORTO BRASIL CL 514,Consumidor Livre,SUDESTE,21.6,7.097686
,2025-07-13,,PORTO BRASIL CL 514,,,21.6,7.097686
202507.0,2025-07-14,45462.0,PORTO BRASIL CL 514,Consumidor Livre,SUDESTE,21.6,9.431335
202507.0,2025-07-14,45462.0,PORTO BRASIL CL 514,Consumidor Livre,SUDESTE,21.6,9.431335
,2025-07-14,,PORTO BRASIL CL 514,,,21.6,9.431335
202507.0,2025-07-15,45462.0,PORTO BRASIL CL 514,Consumidor Livre,SUDESTE,21.6,10.531492
202507.0,2025-07-15,45462.0,PORTO BRASIL CL 514,Consumidor Livre,SUDESTE,21.6,10.531492
,2025-07-15,,PORTO BRASIL CL 514,,,21.6,10.531492
202507.0,2025-07-16,45462.0,PORTO BRASIL CL 514,Consumidor Livre,SUDESTE,21.6,10.247926
202507.0,2025-07-16,45462.0,PORTO BRASIL CL 514,Consumidor Livre,SUDESTE,21.6,10.247926
,2025-07-16,,PORTO BRASIL CL 514,,,21.6,10.247926
202507.0,2025-07-17,45462.0,PORTO BRASIL CL 514,Consumidor Livre,SUDESTE,21.6,9.867081
202507.0,2025-07-17,45462.0,PORTO BRASIL CL 514,Consumidor Livre,SUDESTE,21.6,9.867081
,2025-07-17,,PORTO BRASIL CL 514,,,21.6,9.867081
202507.0,2025-07-18,45462.0,PORTO BRASIL CL 514,Consumidor Livre,SUDESTE,21.6,10.42883
202507.0,2025-07-18,45462.0,PORTO BRASIL CL 514,Consumidor Livre,SUDESTE,21.6,10.42883
,2025-07-18,,PORTO BRASIL CL 514,,,21.6,10.42883
202507.0,2025-07-19,45462.0,PORTO BRASIL CL 514,Consumidor Livre,SUDESTE,21.6,7.835748
202507.0,2025-07-19,45462.0,PORTO BRASIL CL 514,Consumidor Livre,SUDESTE,21.6,7.835748
,2025-07-19,,PORTO BRASIL CL 514,,,21.6,7.835748
202507.0,2025-07-20,45462.0,PORTO BRASIL CL 514,Consumidor Livre,SUDESTE,21.6,7.530835
202507.0,2025-07-20,45462.0,PORTO BRASIL CL 514,Consumidor Livre,SUDESTE,21.6,7.530835
,2025-07-20,,PORTO BRASIL CL 514,,,21.6,7.530835
202507.0,2025-07-21,45462.0,PORTO BRASIL CL 514,Consumidor Livre,SUDESTE,21.6,10.070326
202507.0,2025-07-21,45462.0,PORTO BRASIL CL 514,Consumidor Livre,SUDESTE,21.6,10.070326
,2025-07-21,,PORTO BRASIL CL 514,,,21.6,10.070326
202507.0,2025-07-22,45462.0,PORTO BRASIL CL 514,Consumidor Livre,SUDESTE,21.6,9.838808
202507.0,2025-07-22,45462.0,PORTO BRASIL CL 514,Consumidor Livre,SUDESTE,21.6,9.838808
,2025-07-22,,PORTO BRASIL CL 514,,,21.6,9.838808
202507.0,2025-07-23,45462.0,PORTO BRASIL CL 514,Consumidor Livre,SUDESTE,21.6,10.363292
202507.0,2025-07-23,45462.0,PORTO BRASIL CL 514,Consumidor Livre,SUDESTE,21.6,10.363292
,2025-07-23,,PORTO BRASIL CL 514,,,21.6,10.363292
202507.0,2025-07-24,45462.0,PORTO BRASIL CL 514,Consumidor Livre,SUDESTE,21.6,9.917529
202507.0,2025-07-24,45462.0,PORTO BRASIL CL 514,Consumidor Livre,SUDESTE,21.6,9.917529
,2025-07-24,,PORTO BRASIL CL 514,,,21.6,9.917529
202507.0,2025-07-25,45462.0,PORTO BRASIL CL 514,Consumidor Livre,SUDESTE,21.6,10.305595
202507.0,2025-07-25,45462.0,PORTO BRASIL CL 514,Consumidor Livre,SUDESTE,21.6,10.305595
,2025-07-25,,PORTO BRASIL CL 514,,,21.6,10.305595
202507.0,2025-07-26,45462.0,PORTO BRASIL CL 514,Consumidor Livre,SUDESTE,21.6,7.579763
202507.0,2025-07-26,45462.0,PORTO BRASIL CL 514,Consumidor Livre,SUDESTE,21.6,7.579763
,2025-07-26,,PORTO BRASIL CL 514,,,21.6,7.579763
202507.0,2025-07-27,45462.0,PORTO BRASIL CL 514,Consumidor Livre,SUDESTE,21.6,6.76828
202507.0,2025-07-27,45462.0,PORTO BRASIL CL 514,Consumidor Livre,SUDESTE,21.6,6.76828
,2025-07-27,,PORTO BRASIL CL 514,,,21.6,6.76828
202507.0,2025-07-28,45462.0,PORTO BRASIL CL 514,Consumidor Livre,SUDESTE,21.6,10.161506
202507.0,2025-07-28,45462.0,PORTO BRASIL CL 514,Consumidor Livre,SUDESTE,21.6,10.161506
,2025-07-28,,PORTO BRASIL CL 514,,,21.6,10.161506
202507.0,2025-07-29,45462.0,PORTO BRASIL CL 514,Consumidor Livre,SUDESTE,21.6,10.662227
202507.0,2025-07-29,45462.0,PORTO BRASIL CL 514,Consumidor Livre,SUDESTE,21.6,10.662227
,2025-07-29,,PORTO BRASIL CL 514,,,21.6,10.662227
202507.0,2025-07-30,45462.0,PORTO BRASIL CL 514,Consumidor Livre,SUDESTE,21.6,10.219545
202507.0,2025-07-30,45462.0,PORTO BRASIL CL 514,Consumidor Livre,SUDESTE,21.6,10.219545
,2025-07-30,,PORTO BRASIL CL 514,,,21.6,10.219545
202507.0,2025-07-31,45462.0,PORTO BRASIL CL 514,Consumidor Livre,SUDESTE,21.6,10.261521
202507.0,2025-07-31,45462.0,PORTO BRASIL CL 514,Consumidor Livre,SUDESTE,21.6,10.261521
,2025-07-31,,PORTO BRASIL CL 514,,,21.6,10.261521
202508.0,2025-08-01,45462.0,PORTO BRASIL CL 514,Consumidor Livre,SUDESTE,21.6,7.960815
202508.0,2025-08-01,45462.0,PORTO BRASIL CL 514,Consumidor Livre,SUDESTE,21.6,7.960815
,2025-08-01,,PORTO BRASIL CL 514,,,21.6,7.960815
202508.0,2025-08-02,45462.0,PORTO BRASIL CL 514,Consumidor Livre,SUDESTE,21.6,6.986332
202508.0,2025-08-02,45462.0,PORTO BRASIL CL 514,Consumidor Livre,SUDESTE,21.6,6.986332
,2025-08-02,,PORTO BRASIL CL 514,,,21.6,6.986332
202508.0,2025-08-03,45462.0,PORTO BRASIL CL 514,Consumidor Livre,SUDESTE,21.6,6.854872
202508.0,2025-08-03,45462.0,PORTO BRASIL CL 514,Consumidor Livre,SUDESTE,21.6,6.854872
,2025-08-03,,PORTO BRASIL CL 514,,,21.6,6.854872
202508.0,2025-08-04,45462.0,PORTO BRASIL CL 514,Consumidor Livre,SUDESTE,21.6,9.546692
202508.0,2025-08-04,45462.0,PORTO BRASIL CL 514,Consumidor Livre,SUDESTE,21.6,9.546692
,2025-08-04,,PORTO BRASIL CL 514,,,21.6,9.546692
202508.0,2025-08-05,45462.0,PORTO BRASIL CL 514,Consumidor Livre,SUDESTE,21.6,10.552453
202508.0,2025-08-05,45462.0,PORTO BRASIL CL 514,Consumidor Livre,SUDESTE,21.6,10.552453
,2025-08-05,,PORTO BRASIL CL 514,,,21.6,10.552453
202508.0,2025-08-06,45462.0,PORTO BRASIL CL 514,Consumidor Livre,SUDESTE,21.6,10.137784
202508.0,2025-08-06,45462.0,PORTO BRASIL CL 514,Consumidor Livre,SUDESTE,21.6,10.137784
,2025-08-06,,PORTO BRASIL CL 514,,,21.6,10.137784
202508.0,2025-08-07,45462.0,PORTO BRASIL CL 514,Consumidor Livre,SUDESTE,21.6,11.141613
202508.0,2025-08-07,45462.0,PORTO BRASIL CL 514,Consumidor Livre,SUDESTE,21.6,11.141613
,2025-08-07,,PORTO BRASIL CL 514,,,21.6,11.141613
202508.0,2025-08-08,45462.0,PORTO BRASIL CL 514,Consumidor Livre,SUDESTE,21.6,11.235201
202508.0,2025-08-08,45462.0,PORTO BRASIL CL 514,Consumidor Livre,SUDESTE,21.6,11.235201
,2025-08-08,,PORTO BRASIL CL 514,,,21.6,11.235201
202508.0,2025-08-09,45462.0,PORTO BRASIL CL 514,Consumidor Livre,SUDESTE,21.6,8.070081
202508.0,2025-08-09,45462.0,PORTO BRASIL CL 514,Consumidor Livre,SUDESTE,21.6,8.070081
,2025-08-09,,PORTO BRASIL CL 514,,,21.6,8.070081
202508.0,2025-08-10,45462.0,PORTO BRASIL CL 514,Consumidor Livre,SUDESTE,21.6,7.198154
202508.0,2025-08-10,45462.0,PORTO BRASIL CL 514,Consumidor Livre,SUDESTE,21.6,7.198154
,2025-08-10,,PORTO BRASIL CL 514,,,21.6,7.198154
202508.0,2025-08-11,45462.0,PORTO BRASIL CL 514,Consumidor Livre,SUDESTE,21.6,10.646832
202508.0,2025-08-11,45462.0,PORTO BRASIL CL 514,Consumidor Livre,SUDESTE,21.6,10.646832
,2025-08-11,,PORTO BRASIL CL 514,,,21.6,10.646832
202508.0,2025-08-12,45462.0,PORTO BRASIL CL 514,Consumidor Livre,SUDESTE,21.6,10.545741
202508.0,2025-08-12,45462.0,PORTO BRASIL CL 514,Consumidor Livre,SUDESTE,21.6,10.545741
,2025-08-12,,PORTO BRASIL CL 514,,,21.6,10.545741
202508.0,2025-08-13,45462.0,PORTO BRASIL CL 514,Consumidor Livre,SUDESTE,21.6,10.308616
202508.0,2025-08-13,45462.0,PORTO BRASIL CL 514,Consumidor Livre,SUDESTE,21.6,10.308616
,2025-08-13,,PORTO BRASIL CL 514,,,21.6,10.308616
202508.0,2025-08-14,45462.0,PORTO BRASIL CL 514,Consumidor Livre,SUDESTE,21.6,10.279079
202508.0,2025-08-14,45462.0,PORTO BRASIL CL 514,Consumidor Livre,SUDESTE,21.6,10.279079
,2025-08-14,,PORTO BRASIL CL 514,,,21.6,10.279079
202508.0,2025-08-15,45462.0,PORTO BRASIL CL 514,Consumidor Livre,SUDESTE,21.6,10.671428
202508.0,2025-08-15,45462.0,PORTO BRASIL CL 514,Consumidor Livre,SUDESTE,21.6,10.671428
,2025-08-15,,PORTO BRASIL CL 514,,,21.6,10.671428
202508.0,2025-08-16,45462.0,PORTO BRASIL CL 514,Consumidor Livre,SUDESTE,21.6,7.435156
202508.0,2025-08-16,45462.0,PORTO BRASIL CL 514,Consumidor Livre,SUDESTE,21.6,7.435156
,2025-08-16,,PORTO BRASIL CL 514,,,21.6,7.435156
202508.0,2025-08-17,45462.0,PORTO BRASIL CL 514,Consumidor Livre,SUDESTE,21.6,7.206049
202508.0,2025-08-17,45462.0,PORTO BRASIL CL 514,Consumidor Livre,SUDESTE,21.6,7.206049
,2025-08-17,,PORTO BRASIL CL 514,,,21.6,7.206049
202508.0,2025-08-18,45462.0,PORTO BRASIL CL 514,Consumidor Livre,SUDESTE,21.6,10.385613
202508.0,2025-08-18,45462.0,PORTO BRASIL CL 514,Consumidor Livre,SUDESTE,21.6,10.385613
,2025-08-18,,PORTO BRASIL CL 514,,,21.6,10.385613
202508.0,2025-08-19,45462.0,PORTO BRASIL CL 514,Consumidor Livre,SUDESTE,21.6,10.469168
202508.0,2025-08-19,45462.0,PORTO BRASIL CL 514,Consumidor Livre,SUDESTE,21.6,10.469168
,2025-08-19,,PORTO BRASIL CL 514,,,21.6,10.469168
202508.0,2025-08-20,45462.0,PORTO BRASIL CL 514,Consumidor Livre,SUDESTE,21.6,10.919437
202508.0,2025-08-20,45462.0,PORTO BRASIL CL 514,Consumidor Livre,SUDESTE,21.6,10.919437
,2025-08-20,,PORTO BRASIL CL 514,,,21.6,10.919437
202508.0,2025-08-21,45462.0,PORTO BRASIL CL 514,Consumidor Livre,SUDESTE,21.6,10.77035
202508.0,2025-08-21,45462.0,PORTO BRASIL CL 514,Consumidor Livre,SUDESTE,21.6,10.77035
,2025-08-21,,PORTO BRASIL CL 514,,,21.6,10.77035
202508.0,2025-08-22,45462.0,PORTO BRASIL CL 514,Consumidor Livre,SUDESTE,21.6,10.642102
202508.0,2025-08-22,45462.0,PORTO BRASIL CL 514,Consumidor Livre,SUDESTE,21.6,10.642102
,2025-08-22,,PORTO BRASIL CL 514,,,21.6,10.642102
202508.0,2025-08-23,45462.0,PORTO BRASIL CL 514,Consumidor Livre,SUDESTE,21.6,7.750432
202508.0,2025-08-23,45462.0,PORTO BRASIL CL 514,Consumidor Livre,SUDESTE,21.6,7.750432
,2025-08-23,,PORTO BRASIL CL 514,,,21.6,7.750432
202508.0,2025-08-24,45462.0,PORTO BRASIL CL 514,Consumidor Livre,SUDESTE,21.6,7.751728
202508.0,2025-08-24,45462.0,PORTO BRASIL CL 514,Consumidor Livre,SUDESTE,21.6,7.751728
,2025-08-24,,PORTO BRASIL CL 514,,,21.6,7.751728
202508.0,2025-08-25,45462.0,PORTO BRASIL CL 514,Consumidor Livre,SUDESTE,21.6,10.601608
202508.0,2025-08-25,45462.0,PORTO BRASIL CL 514,Consumidor Livre,SUDESTE,21.6,10.601608
,2025-08-25,,PORTO BRASIL CL 514,,,21.6,10.601608
202508.0,2025-08-26,45462.0,PORTO BRASIL CL 514,Consumidor Livre,SUDESTE,21.6,10.504742
202508.0,2025-08-26,45462.0,PORTO BRASIL CL 514,Consumidor Livre,SUDESTE,21.6,10.504742
,2025-08-26,,PORTO BRASIL CL 514,,,21.6,10.504742
202508.0,2025-08-27,45462.0,PORTO BRASIL CL 514,Consumidor Livre,SUDESTE,21.6,10.433863
202508.0,2025-08-27,45462.0,PORTO BRASIL CL 514,Consumidor Livre,SUDESTE,21.6,10.433863
,2025-08-27,,PORTO BRASIL CL 514,,,21.6,10.433863
202508.0,2025-08-28,45462.0,PORTO BRASIL CL 514,Consumidor Livre,SUDESTE,21.6,11.166268
202508.0,2025-08-28,45462.0,PORTO BRASIL CL 514,Consumidor Livre,SUDESTE,21.6,11.166268
,2025-08-28,,PORTO BRASIL CL 514,,,21.6,11.166268
202508.0,2025-08-29,45462.0,PORTO BRASIL CL 514,Consumidor Livre,SUDESTE,21.6,10.409997
202508.0,2025-08-29,45462.0,PORTO BRASIL CL 514,Consumidor Livre,SUDESTE,21.6,10.409997
,2025-08-29,,PORTO BRASIL CL 514,,,21.6,10.409997
202508.0,2025-08-30,45462.0,PORTO BRASIL CL 514,Consumidor Livre,SUDESTE,21.6,7.784473
202508.0,2025-08-30,45462.0,PORTO BRASIL CL 514,Consumidor Livre,SUDESTE,21.6,7.784473
,2025-08-30,,PORTO BRASIL CL 514,,,21.6,7.784473
202508.0,2025-08-31,45462.0,PORTO BRASIL CL 514,Consumidor Livre,SUDESTE,21.6,6.977621
202508.0,2025-08-31,45462.0,PORTO BRASIL CL 514,Consumidor Livre,SUDESTE,21.6,6.977621
,2025-08-31,,PORTO BRASIL CL 514,,,21.6,6.977621
