MES_REFERENCIA,DATA,CODIGO_PERFIL_AGENTE,SIGLA_PERFIL_AGENTE,CLASSE_PERFIL_AGENTE,SUBMERCADO,CAPACIDADE_CARGA,CONSUMO_CARGA_ACL
,2022-01-01,94372.0,STA BARBARA MATRIZ,Consumidor Especial,SUL,3.0,0.321166
,2022-01-02,94372.0,STA BARBARA MATRIZ,Consumidor Especial,SUL,3.0,0.318994
,2022-01-03,94372.0,STA BARBARA MATRIZ,Consumidor Especial,SUL,3.0,0.499678
,2022-01-04,94372.0,STA BARBARA MATRIZ,Consumidor Especial,SUL,3.0,0.32639
,2022-01-05,94372.0,STA BARBARA MATRIZ,Consumidor Especial,SUL,3.0,0.309788
,2022-01-06,94372.0,STA BARBARA MATRIZ,Consumidor Especial,SUL,3.0,0.261589
,2022-01-07,94372.0,STA BARBARA MATRIZ,Consumidor Especial,SUL,3.0,0.349734
,2022-01-08,94372.0,STA BARBARA MATRIZ,Consumidor Especial,SUL,3.0,0.20516
,2022-01-09,94372.0,STA BARBARA MATRIZ,Consumidor Especial,SUL,3.0,0.193239
,2022-01-10,94372.0,STA BARBARA MATRIZ,Consumidor Especial,SUL,3.0,0.425557
,2022-01-11,94372.0,STA BARBARA MATRIZ,Consumidor Especial,SUL,3.0,0.416539
,2022-01-12,94372.0,STA BARBARA MATRIZ,Consumidor Especial,SUL,3.0,0.465339
,2022-01-13,94372.0,STA BARBARA MATRIZ,Consumidor Especial,SUL,3.0,0.39705
,2022-01-14,94372.0,STA BARBARA MATRIZ,Consumidor Especial,SUL,3.0,0.3978
,2022-01-15,94372.0,STA BARBARA MATRIZ,Consumidor Especial,SUL,3.0,0.212526
,2022-01-16,94372.0,STA BARBARA MATRIZ,Consumidor Especial,SUL,3.0,0.234659
,2022-01-17,94372.0,STA BARBARA MATRIZ,Consumidor Especial,SUL,3.0,0.494119
,2022-01-18,94372.0,STA BARBARA MATRIZ,Consumidor Especial,SUL,3.0,0.425714
,2022-01-19,94372.0,STA BARBARA MATRIZ,Consumidor Especial,SUL,3.0,0.456618
,2022-01-20,94372.0,STA BARBARA MATRIZ,Consumidor Especial,SUL,3.0,0.480466
,2022-01-21,94372.0,STA BARBARA MATRIZ,Consumidor Especial,SUL,3.0,0.480864
,2022-01-22,94372.0,STA BARBARA MATRIZ,Consumidor Especial,SUL,3.0,0.22887
,2022-01-23,94372.0,STA BARBARA MATRIZ,Consumidor Especial,SUL,3.0,0.249334
,2022-01-24,94372.0,STA BARBARA MATRIZ,Consumidor Especial,SUL,3.0,0.462785
,2022-01-25,94372.0,STA BARBARA MATRIZ,Consumidor Especial,SUL,3.0,0.418475
,2022-01-26,94372.0,STA BARBARA MATRIZ,Consumidor Especial,SUL,3.0,0.464967
,2022-01-27,94372.0,STA BARBARA MATRIZ,Consumidor Especial,SUL,3.0,0.318306
,2022-01-28,94372.0,STA BARBARA MATRIZ,Consumidor Especial,SUL,3.0,0.264823
,2022-01-29,94372.0,STA BARBARA MATRIZ,Consumidor Especial,SUL,3.0,0.20092
,2022-01-30,94372.0,STA BARBARA MATRIZ,Consumidor Especial,SUL,3.0,0.212268
,2022-01-31,94372.0,STA BARBARA MATRIZ,Consumidor Especial,SUL,3.0,0.391236
,2022-02-01,94372.0,STA BARBARA MATRIZ,Consumidor Especial,SUL,3.0,0.375867
,2022-02-02,94372.0,STA BARBARA MATRIZ,Consumidor Especial,SUL,3.0,0.404462
,2022-02-03,94372.0,STA BARBARA MATRIZ,Consumidor Especial,SUL,3.0,0.401107
,2022-02-04,94372.0,STA BARBARA MATRIZ,Consumidor Especial,SUL,3.0,0.334295
,2022-02-05,94372.0,STA BARBARA MATRIZ,Consumidor Especial,SUL,3.0,0.2015
,2022-02-06,94372.0,STA BARBARA MATRIZ,Consumidor Especial,SUL,3.0,0.194361
,2022-02-07,94372.0,STA BARBARA MATRIZ,Consumidor Especial,SUL,3.0,0.294827
,2022-02-08,94372.0,STA BARBARA MATRIZ,Consumidor Especial,SUL,3.0,0.273749
,2022-02-09,94372.0,STA BARBARA MATRIZ,Consumidor Especial,SUL,3.0,0.339691
,2022-02-10,94372.0,STA BARBARA MATRIZ,Consumidor Especial,SUL,3.0,0.347383
,2022-02-11,94372.0,STA BARBARA MATRIZ,Consumidor Especial,SUL,3.0,0.3484939999999999
,2022-02-12,94372.0,STA BARBARA MATRIZ,Consumidor Especial,SUL,3.0,0.215795
,2022-02-13,94372.0,STA BARBARA MATRIZ,Consumidor Especial,SUL,3.0,0.203233
,2022-02-14,94372.0,STA BARBARA MATRIZ,Consumidor Especial,SUL,3.0,0.328694
,2022-02-15,94372.0,STA BARBARA MATRIZ,Consumidor Especial,SUL,3.0,0.316812
,2022-02-16,94372.0,STA BARBARA MATRIZ,Consumidor Especial,SUL,3.0,0.384948
,2022-02-17,94372.0,STA BARBARA MATRIZ,Consumidor Especial,SUL,3.0,0.368346
,2022-02-18,94372.0,STA BARBARA MATRIZ,Consumidor Especial,SUL,3.0,0.3651149999999999
,2022-02-19,94372.0,STA BARBARA MATRIZ,Consumidor Especial,SUL,3.0,0.229512
,2022-02-20,94372.0,STA BARBARA MATRIZ,Consumidor Especial,SUL,3.0,0.227475
,2022-02-21,94372.0,STA BARBARA MATRIZ,Consumidor Especial,SUL,3.0,0.370384
,2022-02-22,94372.0,STA BARBARA MATRIZ,Consumidor Especial,SUL,3.0,0.331283
,2022-02-23,94372.0,STA BARBARA MATRIZ,Consumidor Especial,SUL,3.0,0.40548
,2022-02-24,94372.0,STA BARBARA MATRIZ,Consumidor Especial,SUL,3.0,0.422865
,2022-02-25,94372.0,STA BARBARA MATRIZ,Consumidor Especial,SUL,3.0,0.3812439999999999
,2022-02-26,94372.0,STA BARBARA MATRIZ,Consumidor Especial,SUL,3.0,0.239647
,2022-02-27,94372.0,STA BARBARA MATRIZ,Consumidor Especial,SUL,3.0,0.240156
,2022-02-28,94372.0,STA BARBARA MATRIZ,Consumidor Especial,SUL,3.0,0.366059
,2022-03-01,94372.0,STA BARBARA MATRIZ,Consumidor Especial,SUL,3.0,0.250132
,2022-03-02,94372.0,STA BARBARA MATRIZ,Consumidor Especial,SUL,3.0,0.389454
,2022-03-03,94372.0,STA BARBARA MATRIZ,Consumidor Especial,SUL,3.0,0.418592
,2022-03-04,94372.0,STA BARBARA MATRIZ,Consumidor Especial,SUL,3.0,0.47131
,2022-03-05,94372.0,STA BARBARA MATRIZ,Consumidor Especial,SUL,3.0,0.415069
,2022-03-06,94372.0,STA BARBARA MATRIZ,Consumidor Especial,SUL,3.0,0.443774
,2022-03-07,94372.0,STA BARBARA MATRIZ,Consumidor Especial,SUL,3.0,0.523315
,2022-03-08,94372.0,STA BARBARA MATRIZ,Consumidor Especial,SUL,3.0,0.363872
,2022-03-09,94372.0,STA BARBARA MATRIZ,Consumidor Especial,SUL,3.0,0.53161
,2022-03-10,94372.0,STA BARBARA MATRIZ,Consumidor Especial,SUL,3.0,0.410008
,2022-03-11,94372.0,STA BARBARA MATRIZ,Consumidor Especial,SUL,3.0,0.295505
,2022-03-12,94372.0,STA BARBARA MATRIZ,Consumidor Especial,SUL,3.0,0.1915089999999999
,2022-03-13,94372.0,STA BARBARA MATRIZ,Consumidor Especial,SUL,3.0,0.193131
,2022-03-14,94372.0,STA BARBARA MATRIZ,Consumidor Especial,SUL,3.0,0.300661
,2022-03-15,94372.0,STA BARBARA MATRIZ,Consumidor Especial,SUL,3.0,0.287333
,2022-03-16,94372.0,STA BARBARA MATRIZ,Consumidor Especial,SUL,3.0,0.329385
,2022-03-17,94372.0,STA BARBARA MATRIZ,Consumidor Especial,SUL,3.0,0.37672
,2022-03-18,94372.0,STA BARBARA MATRIZ,Consumidor Especial,SUL,3.0,0.415918
,2022-03-19,94372.0,STA BARBARA MATRIZ,Consumidor Especial,SUL,3.0,0.205622
,2022-03-20,94372.0,STA BARBARA MATRIZ,Consumidor Especial,SUL,3.0,0.200213
,2022-03-21,94372.0,STA BARBARA MATRIZ,Consumidor Especial,SUL,3.0,0.307421
,2022-03-22,94372.0,STA BARBARA MATRIZ,Consumidor Especial,SUL,3.0,0.293014
,2022-03-23,94372.0,STA BARBARA MATRIZ,Consumidor Especial,SUL,3.0,0.413215
,2022-03-24,94372.0,STA BARBARA MATRIZ,Consumidor Especial,SUL,3.0,0.364766
,2022-03-25,94372.0,STA BARBARA MATRIZ,Consumidor Especial,SUL,3.0,0.387937
,2022-03-26,94372.0,STA BARBARA MATRIZ,Consumidor Especial,SUL,3.0,0.206594
,2022-03-27,94372.0,STA BARBARA MATRIZ,Consumidor Especial,SUL,3.0,0.290672
,2022-03-28,94372.0,STA BARBARA MATRIZ,Consumidor Especial,SUL,3.0,0.5559540000000001
,2022-03-29,94372.0,STA BARBARA MATRIZ,Consumidor Especial,SUL,3.0,0.741254
,2022-03-30,94372.0,STA BARBARA MATRIZ,Consumidor Especial,SUL,3.0,0.607699
,2022-03-31,94372.0,STA BARBARA MATRIZ,Consumidor Especial,SUL,3.0,0.592374
,2022-04-01,94372.0,STA BARBARA MATRIZ,Consumidor Especial,SUL,3.0,0.49475
,2022-04-02,94372.0,STA BARBARA MATRIZ,Consumidor Especial,SUL,3.0,1.486388
,2022-04-03,94372.0,STA BARBARA MATRIZ,Consumidor Especial,SUL,3.0,1.340924
,2022-04-04,94372.0,STA BARBARA MATRIZ,Consumidor Especial,SUL,3.0,0.901674
,2022-04-05,94372.0,STA BARBARA MATRIZ,Consumidor Especial,SUL,3.0,1.418638
,2022-04-06,94372.0,STA BARBARA MATRIZ,Consumidor Especial,SUL,3.0,1.586119
,2022-04-07,94372.0,STA BARBARA MATRIZ,Consumidor Especial,SUL,3.0,1.133081
,2022-04-08,94372.0,STA BARBARA MATRIZ,Consumidor Especial,SUL,3.0,1.068203
,2022-04-09,94372.0,STA BARBARA MATRIZ,Consumidor Especial,SUL,3.0,0.83391
,2022-04-10,94372.0,STA BARBARA MATRIZ,Consumidor Especial,SUL,3.0,1.031576
,2022-04-11,94372.0,STA BARBARA MATRIZ,Consumidor Especial,SUL,3.0,1.159323
,2022-04-12,94372.0,STA BARBARA MATRIZ,Consumidor Especial,SUL,3.0,1.302369
,2022-04-13,94372.0,STA BARBARA MATRIZ,Consumidor Especial,SUL,3.0,0.967425
,2022-04-14,94372.0,STA BARBARA MATRIZ,Consumidor Especial,SUL,3.0,1.175673
,2022-04-15,94372.0,STA BARBARA MATRIZ,Consumidor Especial,SUL,3.0,1.15647
,2022-04-16,94372.0,STA BARBARA MATRIZ,Consumidor Especial,SUL,3.0,1.191506
,2022-04-17,94372.0,STA BARBARA MATRIZ,Consumidor Especial,SUL,3.0,1.289195
,2022-04-18,94372.0,STA BARBARA MATRIZ,Consumidor Especial,SUL,3.0,2.014511
,2022-04-19,94372.0,STA BARBARA MATRIZ,Consumidor Especial,SUL,3.0,1.244015
,2022-04-20,94372.0,STA BARBARA MATRIZ,Consumidor Especial,SUL,3.0,1.556997
,2022-04-21,94372.0,STA BARBARA MATRIZ,Consumidor Especial,SUL,3.0,1.974936
,2022-04-22,94372.0,STA BARBARA MATRIZ,Consumidor Especial,SUL,3.0,1.595953
,2022-04-23,94372.0,STA BARBARA MATRIZ,Consumidor Especial,SUL,3.0,1.220379
,2022-04-24,94372.0,STA BARBARA MATRIZ,Consumidor Especial,SUL,3.0,1.671177
,2022-04-25,94372.0,STA BARBARA MATRIZ,Consumidor Especial,SUL,3.0,1.606267
,2022-04-26,94372.0,STA BARBARA MATRIZ,Consumidor Especial,SUL,3.0,0.756879
,2022-04-27,94372.0,STA BARBARA MATRIZ,Consumidor Especial,SUL,3.0,1.456249
,2022-04-28,94372.0,STA BARBARA MATRIZ,Consumidor Especial,SUL,3.0,1.38584
,2022-04-29,94372.0,STA BARBARA MATRIZ,Consumidor Especial,SUL,3.0,1.065156
,2022-04-30,94372.0,STA BARBARA MATRIZ,Consumidor Especial,SUL,3.0,0.933683
,2022-05-01,94372.0,STA BARBARA MATRIZ,Consumidor Especial,SUL,3.0,0.441466
,2022-05-02,94372.0,STA BARBARA MATRIZ,Consumidor Especial,SUL,3.0,0.953416
,2022-05-03,94372.0,STA BARBARA MATRIZ,Consumidor Especial,SUL,3.0,0.402156
,2022-05-04,94372.0,STA BARBARA MATRIZ,Consumidor Especial,SUL,3.0,0.550814
,2022-05-05,94372.0,STA BARBARA MATRIZ,Consumidor Especial,SUL,3.0,1.338344
,2022-05-06,94372.0,STA BARBARA MATRIZ,Consumidor Especial,SUL,3.0,1.675706
,2022-05-07,94372.0,STA BARBARA MATRIZ,Consumidor Especial,SUL,3.0,0.929199
,2022-05-08,94372.0,STA BARBARA MATRIZ,Consumidor Especial,SUL,3.0,0.957884
,2022-05-09,94372.0,STA BARBARA MATRIZ,Consumidor Especial,SUL,3.0,1.087646
,2022-05-10,94372.0,STA BARBARA MATRIZ,Consumidor Especial,SUL,3.0,0.565576
,2022-05-11,94372.0,STA BARBARA MATRIZ,Consumidor Especial,SUL,3.0,0.683644
,2022-05-12,94372.0,STA BARBARA MATRIZ,Consumidor Especial,SUL,3.0,1.275934
,2022-05-13,94372.0,STA BARBARA MATRIZ,Consumidor Especial,SUL,3.0,1.150119
,2022-05-14,94372.0,STA BARBARA MATRIZ,Consumidor Especial,SUL,3.0,0.590712
,2022-05-15,94372.0,STA BARBARA MATRIZ,Consumidor Especial,SUL,3.0,0.6676259999999999
,2022-05-16,94372.0,STA BARBARA MATRIZ,Consumidor Especial,SUL,3.0,1.615411
,2022-05-17,94372.0,STA BARBARA MATRIZ,Consumidor Especial,SUL,3.0,1.636821
,2022-05-18,94372.0,STA BARBARA MATRIZ,Consumidor Especial,SUL,3.0,1.351532
,2022-05-19,94372.0,STA BARBARA MATRIZ,Consumidor Especial,SUL,3.0,1.332005
,2022-05-20,94372.0,STA BARBARA MATRIZ,Consumidor Especial,SUL,3.0,1.371087
,2022-05-21,94372.0,STA BARBARA MATRIZ,Consumidor Especial,SUL,3.0,0.666624
,2022-05-22,94372.0,STA BARBARA MATRIZ,Consumidor Especial,SUL,3.0,0.668765
,2022-05-23,94372.0,STA BARBARA MATRIZ,Consumidor Especial,SUL,3.0,1.01044
,2022-05-24,94372.0,STA BARBARA MATRIZ,Consumidor Especial,SUL,3.0,0.997461
,2022-05-25,94372.0,STA BARBARA MATRIZ,Consumidor Especial,SUL,3.0,1.091851
,2022-05-26,94372.0,STA BARBARA MATRIZ,Consumidor Especial,SUL,3.0,0.891467
,2022-05-27,94372.0,STA BARBARA MATRIZ,Consumidor Especial,SUL,3.0,0.837924
,2022-05-28,94372.0,STA BARBARA MATRIZ,Consumidor Especial,SUL,3.0,0.504461
,2022-05-29,94372.0,STA BARBARA MATRIZ,Consumidor Especial,SUL,3.0,0.237337
,2022-05-30,94372.0,STA BARBARA MATRIZ,Consumidor Especial,SUL,3.0,0.988409
,2022-05-31,94372.0,STA BARBARA MATRIZ,Consumidor Especial,SUL,3.0,1.662341
,2022-06-01,94372.0,STA BARBARA MATRIZ,Consumidor Especial,SUL,3.0,1.719412
,2022-06-02,94372.0,STA BARBARA MATRIZ,Consumidor Especial,SUL,3.0,1.66784
,2022-06-03,94372.0,STA BARBARA MATRIZ,Consumidor Especial,SUL,3.0,1.994966
,2022-06-04,94372.0,STA BARBARA MATRIZ,Consumidor Especial,SUL,3.0,1.629494
,2022-06-05,94372.0,STA BARBARA MATRIZ,Consumidor Especial,SUL,3.0,1.099323
,2022-06-06,94372.0,STA BARBARA MATRIZ,Consumidor Especial,SUL,3.0,1.112002
,2022-06-07,94372.0,STA BARBARA MATRIZ,Consumidor Especial,SUL,3.0,1.497985
,2022-06-08,94372.0,STA BARBARA MATRIZ,Consumidor Especial,SUL,3.0,1.726481
,2022-06-09,94372.0,STA BARBARA MATRIZ,Consumidor Especial,SUL,3.0,1.793206
,2022-06-10,94372.0,STA BARBARA MATRIZ,Consumidor Especial,SUL,3.0,1.858195
,2022-06-11,94372.0,STA BARBARA MATRIZ,Consumidor Especial,SUL,3.0,1.69259
,2022-06-12,94372.0,STA BARBARA MATRIZ,Consumidor Especial,SUL,3.0,1.684946
,2022-06-13,94372.0,STA BARBARA MATRIZ,Consumidor Especial,SUL,3.0,2.012107
,2022-06-14,94372.0,STA BARBARA MATRIZ,Consumidor Especial,SUL,3.0,1.91042
,2022-06-15,94372.0,STA BARBARA MATRIZ,Consumidor Especial,SUL,3.0,1.833698
,2022-06-16,94372.0,STA BARBARA MATRIZ,Consumidor Especial,SUL,3.0,0.834983
,2022-06-17,94372.0,STA BARBARA MATRIZ,Consumidor Especial,SUL,3.0,0.610997
,2022-06-18,94372.0,STA BARBARA MATRIZ,Consumidor Especial,SUL,3.0,0.182611
,2022-06-19,94372.0,STA BARBARA MATRIZ,Consumidor Especial,SUL,3.0,0.19949
,2022-06-20,94372.0,STA BARBARA MATRIZ,Consumidor Especial,SUL,3.0,1.100672
,2022-06-21,94372.0,STA BARBARA MATRIZ,Consumidor Especial,SUL,3.0,0.703925
,2022-06-22,94372.0,STA BARBARA MATRIZ,Consumidor Especial,SUL,3.0,0.372383
,2022-06-23,94372.0,STA BARBARA MATRIZ,Consumidor Especial,SUL,3.0,0.785295
,2022-06-24,94372.0,STA BARBARA MATRIZ,Consumidor Especial,SUL,3.0,0.948993
,2022-06-25,94372.0,STA BARBARA MATRIZ,Consumidor Especial,SUL,3.0,0.363998
,2022-06-26,94372.0,STA BARBARA MATRIZ,Consumidor Especial,SUL,3.0,0.223357
,2022-06-27,94372.0,STA BARBARA MATRIZ,Consumidor Especial,SUL,3.0,0.634937
,2022-06-28,94372.0,STA BARBARA MATRIZ,Consumidor Especial,SUL,3.0,0.7072200000000001
,2022-06-29,94372.0,STA BARBARA MATRIZ,Consumidor Especial,SUL,3.0,0.823931
,2022-06-30,94372.0,STA BARBARA MATRIZ,Consumidor Especial,SUL,3.0,0.821773
,2022-07-01,94372.0,STA BARBARA MATRIZ,Consumidor Especial,SUL,3.0,0.787039
,2022-07-02,94372.0,STA BARBARA MATRIZ,Consumidor Especial,SUL,3.0,0.19414
,2022-07-03,94372.0,STA BARBARA MATRIZ,Consumidor Especial,SUL,3.0,0.225396
,2022-07-04,94372.0,STA BARBARA MATRIZ,Consumidor Especial,SUL,3.0,0.608158
,2022-07-05,94372.0,STA BARBARA MATRIZ,Consumidor Especial,SUL,3.0,0.419152
,2022-07-06,94372.0,STA BARBARA MATRIZ,Consumidor Especial,SUL,3.0,0.2467089999999999
,2022-07-07,94372.0,STA BARBARA MATRIZ,Consumidor Especial,SUL,3.0,0.244498
,2022-07-08,94372.0,STA BARBARA MATRIZ,Consumidor Especial,SUL,3.0,0.284736
,2022-07-09,94372.0,STA BARBARA MATRIZ,Consumidor Especial,SUL,3.0,0.19376
,2022-07-10,94372.0,STA BARBARA MATRIZ,Consumidor Especial,SUL,3.0,0.1930919999999999
,2022-07-11,94372.0,STA BARBARA MATRIZ,Consumidor Especial,SUL,3.0,0.266016
,2022-07-12,94372.0,STA BARBARA MATRIZ,Consumidor Especial,SUL,3.0,0.497243
,2022-07-13,94372.0,STA BARBARA MATRIZ,Consumidor Especial,SUL,3.0,0.335802
,2022-07-14,94372.0,STA BARBARA MATRIZ,Consumidor Especial,SUL,3.0,0.271404
,2022-07-15,94372.0,STA BARBARA MATRIZ,Consumidor Especial,SUL,3.0,0.256665
,2022-07-16,94372.0,STA BARBARA MATRIZ,Consumidor Especial,SUL,3.0,0.200622
,2022-07-17,94372.0,STA BARBARA MATRIZ,Consumidor Especial,SUL,3.0,0.211888
,2022-07-18,94372.0,STA BARBARA MATRIZ,Consumidor Especial,SUL,3.0,0.34364
,2022-07-19,94372.0,STA BARBARA MATRIZ,Consumidor Especial,SUL,3.0,0.264365
,2022-07-20,94372.0,STA BARBARA MATRIZ,Consumidor Especial,SUL,3.0,0.246024
,2022-07-21,94372.0,STA BARBARA MATRIZ,Consumidor Especial,SUL,3.0,0.229778
,2022-07-22,94372.0,STA BARBARA MATRIZ,Consumidor Especial,SUL,3.0,0.276267
,2022-07-23,94372.0,STA BARBARA MATRIZ,Consumidor Especial,SUL,3.0,0.183225
,2022-07-24,94372.0,STA BARBARA MATRIZ,Consumidor Especial,SUL,3.0,0.196668
,2022-07-25,94372.0,STA BARBARA MATRIZ,Consumidor Especial,SUL,3.0,0.272852
,2022-07-26,94372.0,STA BARBARA MATRIZ,Consumidor Especial,SUL,3.0,0.276248
,2022-07-27,94372.0,STA BARBARA MATRIZ,Consumidor Especial,SUL,3.0,0.262113
,2022-07-28,94372.0,STA BARBARA MATRIZ,Consumidor Especial,SUL,3.0,0.269635
,2022-07-29,94372.0,STA BARBARA MATRIZ,Consumidor Especial,SUL,3.0,0.274153
,2022-07-30,94372.0,STA BARBARA MATRIZ,Consumidor Especial,SUL,3.0,0.188938
,2022-07-31,94372.0,STA BARBARA MATRIZ,Consumidor Especial,SUL,3.0,0.208165
,2022-08-01,94372.0,STA BARBARA MATRIZ,Consumidor Especial,SUL,3.0,0.25214
,2022-08-02,94372.0,STA BARBARA MATRIZ,Consumidor Especial,SUL,3.0,0.243572
,2022-08-03,94372.0,STA BARBARA MATRIZ,Consumidor Especial,SUL,3.0,0.251874
,2022-08-04,94372.0,STA BARBARA MATRIZ,Consumidor Especial,SUL,3.0,0.254733
,2022-08-05,94372.0,STA BARBARA MATRIZ,Consumidor Especial,SUL,3.0,0.243577
,2022-08-06,94372.0,STA BARBARA MATRIZ,Consumidor Especial,SUL,3.0,0.199228
,2022-08-07,94372.0,STA BARBARA MATRIZ,Consumidor Especial,SUL,3.0,0.190863
,2022-08-08,94372.0,STA BARBARA MATRIZ,Consumidor Especial,SUL,3.0,0.283
,2022-08-09,94372.0,STA BARBARA MATRIZ,Consumidor Especial,SUL,3.0,0.256482
,2022-08-10,94372.0,STA BARBARA MATRIZ,Consumidor Especial,SUL,3.0,0.325424
,2022-08-11,94372.0,STA BARBARA MATRIZ,Consumidor Especial,SUL,3.0,0.261587
,2022-08-12,94372.0,STA BARBARA MATRIZ,Consumidor Especial,SUL,3.0,0.285838
,2022-08-13,94372.0,STA BARBARA MATRIZ,Consumidor Especial,SUL,3.0,0.188087
,2022-08-14,94372.0,STA BARBARA MATRIZ,Consumidor Especial,SUL,3.0,0.194819
,2022-08-15,94372.0,STA BARBARA MATRIZ,Consumidor Especial,SUL,3.0,0.28319
,2022-08-16,94372.0,STA BARBARA MATRIZ,Consumidor Especial,SUL,3.0,0.270097
,2022-08-17,94372.0,STA BARBARA MATRIZ,Consumidor Especial,SUL,3.0,0.279704
,2022-08-18,94372.0,STA BARBARA MATRIZ,Consumidor Especial,SUL,3.0,0.291537
,2022-08-19,94372.0,STA BARBARA MATRIZ,Consumidor Especial,SUL,3.0,0.302023
,2022-08-20,94372.0,STA BARBARA MATRIZ,Consumidor Especial,SUL,3.0,0.226227
,2022-08-21,94372.0,STA BARBARA MATRIZ,Consumidor Especial,SUL,3.0,0.205508
,2022-08-22,94372.0,STA BARBARA MATRIZ,Consumidor Especial,SUL,3.0,0.333489
,2022-08-23,94372.0,STA BARBARA MATRIZ,Consumidor Especial,SUL,3.0,0.274164
,2022-08-24,94372.0,STA BARBARA MATRIZ,Consumidor Especial,SUL,3.0,0.289549
,2022-08-25,94372.0,STA BARBARA MATRIZ,Consumidor Especial,SUL,3.0,0.27243
,2022-08-26,94372.0,STA BARBARA MATRIZ,Consumidor Especial,SUL,3.0,0.263382
,2022-08-27,94372.0,STA BARBARA MATRIZ,Consumidor Especial,SUL,3.0,0.212382
,2022-08-28,94372.0,STA BARBARA MATRIZ,Consumidor Especial,SUL,3.0,0.214339
,2022-08-29,94372.0,STA BARBARA MATRIZ,Consumidor Especial,SUL,3.0,0.295449
,2022-08-30,94372.0,STA BARBARA MATRIZ,Consumidor Especial,SUL,3.0,0.299517
,2022-08-31,94372.0,STA BARBARA MATRIZ,Consumidor Especial,SUL,3.0,0.293769
,2022-09-01,94372.0,STA BARBARA MATRIZ,Consumidor Especial,SUL,3.0,0.272683
,2022-09-02,94372.0,STA BARBARA MATRIZ,Consumidor Especial,SUL,3.0,0.268482
,2022-09-03,94372.0,STA BARBARA MATRIZ,Consumidor Especial,SUL,3.0,0.212331
,2022-09-04,94372.0,STA BARBARA MATRIZ,Consumidor Especial,SUL,3.0,0.17656
,2022-09-05,94372.0,STA BARBARA MATRIZ,Consumidor Especial,SUL,3.0,0.272729
,2022-09-06,94372.0,STA BARBARA MATRIZ,Consumidor Especial,SUL,3.0,0.248407
,2022-09-07,94372.0,STA BARBARA MATRIZ,Consumidor Especial,SUL,3.0,0.211772
,2022-09-08,94372.0,STA BARBARA MATRIZ,Consumidor Especial,SUL,3.0,0.257127
,2022-09-09,94372.0,STA BARBARA MATRIZ,Consumidor Especial,SUL,3.0,0.27977
,2022-09-10,94372.0,STA BARBARA MATRIZ,Consumidor Especial,SUL,3.0,0.182802
,2022-09-11,94372.0,STA BARBARA MATRIZ,Consumidor Especial,SUL,3.0,0.185449
,2022-09-12,94372.0,STA BARBARA MATRIZ,Consumidor Especial,SUL,3.0,0.25861
,2022-09-13,94372.0,STA BARBARA MATRIZ,Consumidor Especial,SUL,3.0,0.258761
,2022-09-14,94372.0,STA BARBARA MATRIZ,Consumidor Especial,SUL,3.0,0.25319
,2022-09-15,94372.0,STA BARBARA MATRIZ,Consumidor Especial,SUL,3.0,0.260935
,2022-09-16,94372.0,STA BARBARA MATRIZ,Consumidor Especial,SUL,3.0,0.257958
,2022-09-17,94372.0,STA BARBARA MATRIZ,Consumidor Especial,SUL,3.0,0.202705
,2022-09-18,94372.0,STA BARBARA MATRIZ,Consumidor Especial,SUL,3.0,0.195849
,2022-09-19,94372.0,STA BARBARA MATRIZ,Consumidor Especial,SUL,3.0,0.281607
,2022-09-20,94372.0,STA BARBARA MATRIZ,Consumidor Especial,SUL,3.0,0.209829
,2022-09-21,94372.0,STA BARBARA MATRIZ,Consumidor Especial,SUL,3.0,0.125044
,2022-09-22,94372.0,STA BARBARA MATRIZ,Consumidor Especial,SUL,3.0,0.253163
,2022-09-23,94372.0,STA BARBARA MATRIZ,Consumidor Especial,SUL,3.0,0.269532
,2022-09-24,94372.0,STA BARBARA MATRIZ,Consumidor Especial,SUL,3.0,0.201393
,2022-09-25,94372.0,STA BARBARA MATRIZ,Consumidor Especial,SUL,3.0,0.220256
,2022-09-26,94372.0,STA BARBARA MATRIZ,Consumidor Especial,SUL,3.0,0.275346
,2022-09-27,94372.0,STA BARBARA MATRIZ,Consumidor Especial,SUL,3.0,0.261715
,2022-09-28,94372.0,STA BARBARA MATRIZ,Consumidor Especial,SUL,3.0,0.256296
,2022-09-29,94372.0,STA BARBARA MATRIZ,Consumidor Especial,SUL,3.0,0.25789
,2022-09-30,94372.0,STA BARBARA MATRIZ,Consumidor Especial,SUL,3.0,0.262415
,2022-10-01,94372.0,STA BARBARA MATRIZ,Consumidor Especial,SUL,3.0,0.29129
,2022-10-02,94372.0,STA BARBARA MATRIZ,Consumidor Especial,SUL,3.0,0.288041
,2022-10-03,94372.0,STA BARBARA MATRIZ,Consumidor Especial,SUL,3.0,0.411112
,2022-10-04,94372.0,STA BARBARA MATRIZ,Consumidor Especial,SUL,3.0,0.360509
,2022-10-05,94372.0,STA BARBARA MATRIZ,Consumidor Especial,SUL,3.0,0.3171
,2022-10-06,94372.0,STA BARBARA MATRIZ,Consumidor Especial,SUL,3.0,0.385906
,2022-10-07,94372.0,STA BARBARA MATRIZ,Consumidor Especial,SUL,3.0,0.394426
,2022-10-08,94372.0,STA BARBARA MATRIZ,Consumidor Especial,SUL,3.0,0.298557
,2022-10-09,94372.0,STA BARBARA MATRIZ,Consumidor Especial,SUL,3.0,0.304143
,2022-10-10,94372.0,STA BARBARA MATRIZ,Consumidor Especial,SUL,3.0,0.415469
,2022-10-11,94372.0,STA BARBARA MATRIZ,Consumidor Especial,SUL,3.0,0.356427
,2022-10-12,94372.0,STA BARBARA MATRIZ,Consumidor Especial,SUL,3.0,0.297183
,2022-10-13,94372.0,STA BARBARA MATRIZ,Consumidor Especial,SUL,3.0,0.384404
,2022-10-14,94372.0,STA BARBARA MATRIZ,Consumidor Especial,SUL,3.0,0.397763
,2022-10-15,94372.0,STA BARBARA MATRIZ,Consumidor Especial,SUL,3.0,0.29791
,2022-10-16,94372.0,STA BARBARA MATRIZ,Consumidor Especial,SUL,3.0,0.307308
,2022-10-17,94372.0,STA BARBARA MATRIZ,Consumidor Especial,SUL,3.0,0.41298
,2022-10-18,94372.0,STA BARBARA MATRIZ,Consumidor Especial,SUL,3.0,0.369705
,2022-10-19,94372.0,STA BARBARA MATRIZ,Consumidor Especial,SUL,3.0,0.332535
,2022-10-20,94372.0,STA BARBARA MATRIZ,Consumidor Especial,SUL,3.0,0.385856
,2022-10-21,94372.0,STA BARBARA MATRIZ,Consumidor Especial,SUL,3.0,0.395538
,2022-10-22,94372.0,STA BARBARA MATRIZ,Consumidor Especial,SUL,3.0,0.295603
,2022-10-23,94372.0,STA BARBARA MATRIZ,Consumidor Especial,SUL,3.0,0.299248
,2022-10-24,94372.0,STA BARBARA MATRIZ,Consumidor Especial,SUL,3.0,0.412027
,2022-10-25,94372.0,STA BARBARA MATRIZ,Consumidor Especial,SUL,3.0,0.362171
,2022-10-26,94372.0,STA BARBARA MATRIZ,Consumidor Especial,SUL,3.0,0.315072
,2022-10-27,94372.0,STA BARBARA MATRIZ,Consumidor Especial,SUL,3.0,0.385255
,2022-10-28,94372.0,STA BARBARA MATRIZ,Consumidor Especial,SUL,3.0,0.395902
,2022-10-29,94372.0,STA BARBARA MATRIZ,Consumidor Especial,SUL,3.0,0.297496
,2022-10-30,94372.0,STA BARBARA MATRIZ,Consumidor Especial,SUL,3.0,0.302746
,2022-10-31,94372.0,STA BARBARA MATRIZ,Consumidor Especial,SUL,3.0,0.411099
,2022-11-01,94372.0,STA BARBARA MATRIZ,Consumidor Especial,SUL,3.0,0.340028
,2022-11-02,94372.0,STA BARBARA MATRIZ,Consumidor Especial,SUL,3.0,0.243305
,2022-11-03,94372.0,STA BARBARA MATRIZ,Consumidor Especial,SUL,3.0,0.407491
,2022-11-04,94372.0,STA BARBARA MATRIZ,Consumidor Especial,SUL,3.0,0.631657
,2022-11-05,94372.0,STA BARBARA MATRIZ,Consumidor Especial,SUL,3.0,0.5943890000000001
,2022-11-06,94372.0,STA BARBARA MATRIZ,Consumidor Especial,SUL,3.0,0.688911
,2022-11-07,94372.0,STA BARBARA MATRIZ,Consumidor Especial,SUL,3.0,1.103577
,2022-11-08,94372.0,STA BARBARA MATRIZ,Consumidor Especial,SUL,3.0,1.99768
,2022-11-09,94372.0,STA BARBARA MATRIZ,Consumidor Especial,SUL,3.0,1.80897
,2022-11-10,94372.0,STA BARBARA MATRIZ,Consumidor Especial,SUL,3.0,2.060763
,2022-11-11,94372.0,STA BARBARA MATRIZ,Consumidor Especial,SUL,3.0,1.315003
,2022-11-12,94372.0,STA BARBARA MATRIZ,Consumidor Especial,SUL,3.0,1.155121
,2022-11-13,94372.0,STA BARBARA MATRIZ,Consumidor Especial,SUL,3.0,0.839226
,2022-11-14,94372.0,STA BARBARA MATRIZ,Consumidor Especial,SUL,3.0,0.939307
,2022-11-15,94372.0,STA BARBARA MATRIZ,Consumidor Especial,SUL,3.0,1.058138
,2022-11-16,94372.0,STA BARBARA MATRIZ,Consumidor Especial,SUL,3.0,1.446526
,2022-11-17,94372.0,STA BARBARA MATRIZ,Consumidor Especial,SUL,3.0,2.233197
,2022-11-18,94372.0,STA BARBARA MATRIZ,Consumidor Especial,SUL,3.0,1.559948
,2022-11-19,94372.0,STA BARBARA MATRIZ,Consumidor Especial,SUL,3.0,2.2453760000000003
,2022-11-20,94372.0,STA BARBARA MATRIZ,Consumidor Especial,SUL,3.0,2.262781
,2022-11-21,94372.0,STA BARBARA MATRIZ,Consumidor Especial,SUL,3.0,2.035597
,2022-11-22,94372.0,STA BARBARA MATRIZ,Consumidor Especial,SUL,3.0,1.063378
,2022-11-23,94372.0,STA BARBARA MATRIZ,Consumidor Especial,SUL,3.0,1.008969
,2022-11-24,94372.0,STA BARBARA MATRIZ,Consumidor Especial,SUL,3.0,1.732954
,2022-11-25,94372.0,STA BARBARA MATRIZ,Consumidor Especial,SUL,3.0,1.831995
,2022-11-26,94372.0,STA BARBARA MATRIZ,Consumidor Especial,SUL,3.0,1.819382
,2022-11-27,94372.0,STA BARBARA MATRIZ,Consumidor Especial,SUL,3.0,1.678261
,2022-11-28,94372.0,STA BARBARA MATRIZ,Consumidor Especial,SUL,3.0,2.476273
,2022-11-29,94372.0,STA BARBARA MATRIZ,Consumidor Especial,SUL,3.0,1.664109
,2022-11-30,94372.0,STA BARBARA MATRIZ,Consumidor Especial,SUL,3.0,1.823412
,2022-12-01,94372.0,STA BARBARA MATRIZ,Consumidor Especial,SUL,3.0,1.665614
,2022-12-02,94372.0,STA BARBARA MATRIZ,Consumidor Especial,SUL,3.0,1.432579
,2022-12-03,94372.0,STA BARBARA MATRIZ,Consumidor Especial,SUL,3.0,0.455907
,2022-12-04,94372.0,STA BARBARA MATRIZ,Consumidor Especial,SUL,3.0,0.306435
,2022-12-05,94372.0,STA BARBARA MATRIZ,Consumidor Especial,SUL,3.0,1.35137
,2022-12-06,94372.0,STA BARBARA MATRIZ,Consumidor Especial,SUL,3.0,0.997696
,2022-12-07,94372.0,STA BARBARA MATRIZ,Consumidor Especial,SUL,3.0,1.090807
,2022-12-08,94372.0,STA BARBARA MATRIZ,Consumidor Especial,SUL,3.0,1.664571
,2022-12-09,94372.0,STA BARBARA MATRIZ,Consumidor Especial,SUL,3.0,1.7118
,2022-12-10,94372.0,STA BARBARA MATRIZ,Consumidor Especial,SUL,3.0,0.536295
,2022-12-11,94372.0,STA BARBARA MATRIZ,Consumidor Especial,SUL,3.0,0.292308
,2022-12-12,94372.0,STA BARBARA MATRIZ,Consumidor Especial,SUL,3.0,1.625196
,2022-12-13,94372.0,STA BARBARA MATRIZ,Consumidor Especial,SUL,3.0,1.641018
,2022-12-14,94372.0,STA BARBARA MATRIZ,Consumidor Especial,SUL,3.0,1.4984030000000002
,2022-12-15,94372.0,STA BARBARA MATRIZ,Consumidor Especial,SUL,3.0,1.978661
,2022-12-16,94372.0,STA BARBARA MATRIZ,Consumidor Especial,SUL,3.0,1.498979
,2022-12-17,94372.0,STA BARBARA MATRIZ,Consumidor Especial,SUL,3.0,0.286247
,2022-12-18,94372.0,STA BARBARA MATRIZ,Consumidor Especial,SUL,3.0,0.28681
,2022-12-19,94372.0,STA BARBARA MATRIZ,Consumidor Especial,SUL,3.0,0.979572
,2022-12-20,94372.0,STA BARBARA MATRIZ,Consumidor Especial,SUL,3.0,1.323641
,2022-12-21,94372.0,STA BARBARA MATRIZ,Consumidor Especial,SUL,3.0,1.569863
,2022-12-22,94372.0,STA BARBARA MATRIZ,Consumidor Especial,SUL,3.0,1.186725
,2022-12-23,94372.0,STA BARBARA MATRIZ,Consumidor Especial,SUL,3.0,1.631279
,2022-12-24,94372.0,STA BARBARA MATRIZ,Consumidor Especial,SUL,3.0,0.4762
,2022-12-25,94372.0,STA BARBARA MATRIZ,Consumidor Especial,SUL,3.0,0.276986
,2022-12-26,94372.0,STA BARBARA MATRIZ,Consumidor Especial,SUL,3.0,1.394564
,2022-12-27,94372.0,STA BARBARA MATRIZ,Consumidor Especial,SUL,3.0,1.357206
,2022-12-28,94372.0,STA BARBARA MATRIZ,Consumidor Especial,SUL,3.0,1.042729
,2022-12-29,94372.0,STA BARBARA MATRIZ,Consumidor Especial,SUL,3.0,0.526797
,2022-12-30,94372.0,STA BARBARA MATRIZ,Consumidor Especial,SUL,3.0,0.476183
,2022-12-31,94372.0,STA BARBARA MATRIZ,Consumidor Especial,SUL,3.0,0.296224
,2023-01-01,94372.0,STA BARBARA MATRIZ,Consumidor Especial,SUL,3.0,0.310445
,2023-01-02,94372.0,STA BARBARA MATRIZ,Consumidor Especial,SUL,3.0,0.644265
,2023-01-03,94372.0,STA BARBARA MATRIZ,Consumidor Especial,SUL,3.0,0.644542
,2023-01-04,94372.0,STA BARBARA MATRIZ,Consumidor Especial,SUL,3.0,0.641059
,2023-01-05,94372.0,STA BARBARA MATRIZ,Consumidor Especial,SUL,3.0,0.6017750000000001
,2023-01-06,94372.0,STA BARBARA MATRIZ,Consumidor Especial,SUL,3.0,0.597459
,2023-01-07,94372.0,STA BARBARA MATRIZ,Consumidor Especial,SUL,3.0,0.318558
,2023-01-08,94372.0,STA BARBARA MATRIZ,Consumidor Especial,SUL,3.0,0.309291
,2023-01-09,94372.0,STA BARBARA MATRIZ,Consumidor Especial,SUL,3.0,0.658064
,2023-01-10,94372.0,STA BARBARA MATRIZ,Consumidor Especial,SUL,3.0,0.519617
,2023-01-11,94372.0,STA BARBARA MATRIZ,Consumidor Especial,SUL,3.0,0.645447
,2023-01-12,94372.0,STA BARBARA MATRIZ,Consumidor Especial,SUL,3.0,0.508312
,2023-01-13,94372.0,STA BARBARA MATRIZ,Consumidor Especial,SUL,3.0,0.408186
,2023-01-14,94372.0,STA BARBARA MATRIZ,Consumidor Especial,SUL,3.0,0.264834
,2023-01-15,94372.0,STA BARBARA MATRIZ,Consumidor Especial,SUL,3.0,0.272254
,2023-01-16,94372.0,STA BARBARA MATRIZ,Consumidor Especial,SUL,3.0,0.543214
,2023-01-17,94372.0,STA BARBARA MATRIZ,Consumidor Especial,SUL,3.0,0.577078
,2023-01-18,94372.0,STA BARBARA MATRIZ,Consumidor Especial,SUL,3.0,0.599197
,2023-01-19,94372.0,STA BARBARA MATRIZ,Consumidor Especial,SUL,3.0,0.571608
,2023-01-20,94372.0,STA BARBARA MATRIZ,Consumidor Especial,SUL,3.0,0.630448
,2023-01-21,94372.0,STA BARBARA MATRIZ,Consumidor Especial,SUL,3.0,0.338915
,2023-01-22,94372.0,STA BARBARA MATRIZ,Consumidor Especial,SUL,3.0,0.334328
,2023-01-23,94372.0,STA BARBARA MATRIZ,Consumidor Especial,SUL,3.0,0.659705
,2023-01-24,94372.0,STA BARBARA MATRIZ,Consumidor Especial,SUL,3.0,0.528212
,2023-01-25,94372.0,STA BARBARA MATRIZ,Consumidor Especial,SUL,3.0,0.642833
,2023-01-26,94372.0,STA BARBARA MATRIZ,Consumidor Especial,SUL,3.0,0.554672
,2023-01-27,94372.0,STA BARBARA MATRIZ,Consumidor Especial,SUL,3.0,0.606979
,2023-01-28,94372.0,STA BARBARA MATRIZ,Consumidor Especial,SUL,3.0,0.285233
,2023-01-29,94372.0,STA BARBARA MATRIZ,Consumidor Especial,SUL,3.0,0.287254
,2023-01-30,94372.0,STA BARBARA MATRIZ,Consumidor Especial,SUL,3.0,0.869039
,2023-01-31,94372.0,STA BARBARA MATRIZ,Consumidor Especial,SUL,3.0,0.984479
,2023-02-01,94372.0,STA BARBARA MATRIZ,Consumidor Especial,SUL,3.0,1.021678
,2023-02-02,94372.0,STA BARBARA MATRIZ,Consumidor Especial,SUL,3.0,1.045303
,2023-02-03,94372.0,STA BARBARA MATRIZ,Consumidor Especial,SUL,3.0,0.962603
,2023-02-04,94372.0,STA BARBARA MATRIZ,Consumidor Especial,SUL,3.0,0.510258
,2023-02-05,94372.0,STA BARBARA MATRIZ,Consumidor Especial,SUL,3.0,0.289839
,2023-02-06,94372.0,STA BARBARA MATRIZ,Consumidor Especial,SUL,3.0,0.59792
,2023-02-07,94372.0,STA BARBARA MATRIZ,Consumidor Especial,SUL,3.0,0.53396
,2023-02-08,94372.0,STA BARBARA MATRIZ,Consumidor Especial,SUL,3.0,0.580197
,2023-02-09,94372.0,STA BARBARA MATRIZ,Consumidor Especial,SUL,3.0,0.447883
,2023-02-10,94372.0,STA BARBARA MATRIZ,Consumidor Especial,SUL,3.0,0.52303
,2023-02-11,94372.0,STA BARBARA MATRIZ,Consumidor Especial,SUL,3.0,0.317965
,2023-02-12,94372.0,STA BARBARA MATRIZ,Consumidor Especial,SUL,3.0,0.326808
,2023-02-13,94372.0,STA BARBARA MATRIZ,Consumidor Especial,SUL,3.0,0.636355
,2023-02-14,94372.0,STA BARBARA MATRIZ,Consumidor Especial,SUL,3.0,0.540416
,2023-02-15,94372.0,STA BARBARA MATRIZ,Consumidor Especial,SUL,3.0,0.480583
,2023-02-16,94372.0,STA BARBARA MATRIZ,Consumidor Especial,SUL,3.0,0.528935
,2023-02-17,94372.0,STA BARBARA MATRIZ,Consumidor Especial,SUL,3.0,0.451238
,2023-02-18,94372.0,STA BARBARA MATRIZ,Consumidor Especial,SUL,3.0,0.25168
,2023-02-19,94372.0,STA BARBARA MATRIZ,Consumidor Especial,SUL,3.0,0.278193
,2023-02-20,94372.0,STA BARBARA MATRIZ,Consumidor Especial,SUL,3.0,0.36869
,2023-02-21,94372.0,STA BARBARA MATRIZ,Consumidor Especial,SUL,3.0,0.273501
,2023-02-22,94372.0,STA BARBARA MATRIZ,Consumidor Especial,SUL,3.0,0.475562
,2023-02-23,94372.0,STA BARBARA MATRIZ,Consumidor Especial,SUL,3.0,0.393496
,2023-02-24,94372.0,STA BARBARA MATRIZ,Consumidor Especial,SUL,3.0,0.381326
,2023-02-25,94372.0,STA BARBARA MATRIZ,Consumidor Especial,SUL,3.0,0.27281
,2023-02-26,94372.0,STA BARBARA MATRIZ,Consumidor Especial,SUL,3.0,0.278495
,2023-02-27,94372.0,STA BARBARA MATRIZ,Consumidor Especial,SUL,3.0,0.494104
,2023-02-28,94372.0,STA BARBARA MATRIZ,Consumidor Especial,SUL,3.0,0.406703
,2023-03-01,94372.0,STA BARBARA MATRIZ,Consumidor Especial,SUL,3.0,0.438624
,2023-03-02,94372.0,STA BARBARA MATRIZ,Consumidor Especial,SUL,3.0,0.430123
,2023-03-03,94372.0,STA BARBARA MATRIZ,Consumidor Especial,SUL,3.0,0.424114
,2023-03-04,94372.0,STA BARBARA MATRIZ,Consumidor Especial,SUL,3.0,0.263986
,2023-03-05,94372.0,STA BARBARA MATRIZ,Consumidor Especial,SUL,3.0,0.266352
,2023-03-06,94372.0,STA BARBARA MATRIZ,Consumidor Especial,SUL,3.0,0.448434
,2023-03-07,94372.0,STA BARBARA MATRIZ,Consumidor Especial,SUL,3.0,0.475701
,2023-03-08,94372.0,STA BARBARA MATRIZ,Consumidor Especial,SUL,3.0,0.544881
,2023-03-09,94372.0,STA BARBARA MATRIZ,Consumidor Especial,SUL,3.0,0.519364
,2023-03-10,94372.0,STA BARBARA MATRIZ,Consumidor Especial,SUL,3.0,0.528265
,2023-03-11,94372.0,STA BARBARA MATRIZ,Consumidor Especial,SUL,3.0,0.293102
,2023-03-12,94372.0,STA BARBARA MATRIZ,Consumidor Especial,SUL,3.0,0.291115
,2023-03-13,94372.0,STA BARBARA MATRIZ,Consumidor Especial,SUL,3.0,0.558758
,2023-03-14,94372.0,STA BARBARA MATRIZ,Consumidor Especial,SUL,3.0,0.471459
,2023-03-15,94372.0,STA BARBARA MATRIZ,Consumidor Especial,SUL,3.0,0.571405
,2023-03-16,94372.0,STA BARBARA MATRIZ,Consumidor Especial,SUL,3.0,0.521956
,2023-03-17,94372.0,STA BARBARA MATRIZ,Consumidor Especial,SUL,3.0,0.7390289999999999
,2023-03-18,94372.0,STA BARBARA MATRIZ,Consumidor Especial,SUL,3.0,0.315657
,2023-03-19,94372.0,STA BARBARA MATRIZ,Consumidor Especial,SUL,3.0,0.373541
,2023-03-20,94372.0,STA BARBARA MATRIZ,Consumidor Especial,SUL,3.0,0.814183
,2023-03-21,94372.0,STA BARBARA MATRIZ,Consumidor Especial,SUL,3.0,1.029131
,2023-03-22,94372.0,STA BARBARA MATRIZ,Consumidor Especial,SUL,3.0,0.803563
,2023-03-23,94372.0,STA BARBARA MATRIZ,Consumidor Especial,SUL,3.0,0.547654
,2023-03-24,94372.0,STA BARBARA MATRIZ,Consumidor Especial,SUL,3.0,0.868534
,2023-03-25,94372.0,STA BARBARA MATRIZ,Consumidor Especial,SUL,3.0,0.642182
,2023-03-26,94372.0,STA BARBARA MATRIZ,Consumidor Especial,SUL,3.0,0.770564
,2023-03-27,94372.0,STA BARBARA MATRIZ,Consumidor Especial,SUL,3.0,1.136585
,2023-03-28,94372.0,STA BARBARA MATRIZ,Consumidor Especial,SUL,3.0,0.902331
,2023-03-29,94372.0,STA BARBARA MATRIZ,Consumidor Especial,SUL,3.0,0.900677
,2023-03-30,94372.0,STA BARBARA MATRIZ,Consumidor Especial,SUL,3.0,0.487697
,2023-03-31,94372.0,STA BARBARA MATRIZ,Consumidor Especial,SUL,3.0,1.036035
,2023-04-01,94372.0,STA BARBARA MATRIZ,Consumidor Especial,SUL,3.0,1.019117
,2023-04-02,94372.0,STA BARBARA MATRIZ,Consumidor Especial,SUL,3.0,2.142084
,2023-04-03,94372.0,STA BARBARA MATRIZ,Consumidor Especial,SUL,3.0,2.465886
,2023-04-04,94372.0,STA BARBARA MATRIZ,Consumidor Especial,SUL,3.0,2.324511
,2023-04-05,94372.0,STA BARBARA MATRIZ,Consumidor Especial,SUL,3.0,2.698161
,2023-04-06,94372.0,STA BARBARA MATRIZ,Consumidor Especial,SUL,3.0,0.408105
,2023-04-07,94372.0,STA BARBARA MATRIZ,Consumidor Especial,SUL,3.0,0.3024
,2023-04-08,94372.0,STA BARBARA MATRIZ,Consumidor Especial,SUL,3.0,0.294573
,2023-04-09,94372.0,STA BARBARA MATRIZ,Consumidor Especial,SUL,3.0,0.972996
,2023-04-10,94372.0,STA BARBARA MATRIZ,Consumidor Especial,SUL,3.0,3.062325
,2023-04-11,94372.0,STA BARBARA MATRIZ,Consumidor Especial,SUL,3.0,1.935689
,2023-04-12,94372.0,STA BARBARA MATRIZ,Consumidor Especial,SUL,3.0,1.33429
,2023-04-13,94372.0,STA BARBARA MATRIZ,Consumidor Especial,SUL,3.0,1.338507
,2023-04-14,94372.0,STA BARBARA MATRIZ,Consumidor Especial,SUL,3.0,1.533961
,2023-04-15,94372.0,STA BARBARA MATRIZ,Consumidor Especial,SUL,3.0,2.639019
,2023-04-16,94372.0,STA BARBARA MATRIZ,Consumidor Especial,SUL,3.0,1.875047
,2023-04-17,94372.0,STA BARBARA MATRIZ,Consumidor Especial,SUL,3.0,1.623836
,2023-04-18,94372.0,STA BARBARA MATRIZ,Consumidor Especial,SUL,3.0,2.905965
,2023-04-19,94372.0,STA BARBARA MATRIZ,Consumidor Especial,SUL,3.0,2.493562
,2023-04-20,94372.0,STA BARBARA MATRIZ,Consumidor Especial,SUL,3.0,2.090008
,2023-04-21,94372.0,STA BARBARA MATRIZ,Consumidor Especial,SUL,3.0,2.253481
,2023-04-22,94372.0,STA BARBARA MATRIZ,Consumidor Especial,SUL,3.0,2.221551
,2023-04-23,94372.0,STA BARBARA MATRIZ,Consumidor Especial,SUL,3.0,1.837633
,2023-04-24,94372.0,STA BARBARA MATRIZ,Consumidor Especial,SUL,3.0,2.290093
,2023-04-25,94372.0,STA BARBARA MATRIZ,Consumidor Especial,SUL,3.0,1.313453
,2023-04-26,94372.0,STA BARBARA MATRIZ,Consumidor Especial,SUL,3.0,1.21606
,2023-04-27,94372.0,STA BARBARA MATRIZ,Consumidor Especial,SUL,3.0,0.8658750000000001
,2023-04-28,94372.0,STA BARBARA MATRIZ,Consumidor Especial,SUL,3.0,1.284507
,2023-04-29,94372.0,STA BARBARA MATRIZ,Consumidor Especial,SUL,3.0,0.498405
,2023-04-30,94372.0,STA BARBARA MATRIZ,Consumidor Especial,SUL,3.0,0.3547099999999999
,2023-05-01,94372.0,STA BARBARA MATRIZ,Consumidor Especial,SUL,3.0,1.127169
,2023-05-02,94372.0,STA BARBARA MATRIZ,Consumidor Especial,SUL,3.0,1.387265
,2023-05-03,94372.0,STA BARBARA MATRIZ,Consumidor Especial,SUL,3.0,1.304264
,2023-05-04,94372.0,STA BARBARA MATRIZ,Consumidor Especial,SUL,3.0,1.489829
,2023-05-05,94372.0,STA BARBARA MATRIZ,Consumidor Especial,SUL,3.0,1.418645
,2023-05-06,94372.0,STA BARBARA MATRIZ,Consumidor Especial,SUL,3.0,0.397361
,2023-05-07,94372.0,STA BARBARA MATRIZ,Consumidor Especial,SUL,3.0,0.26243
,2023-05-08,94372.0,STA BARBARA MATRIZ,Consumidor Especial,SUL,3.0,0.872842
,2023-05-09,94372.0,STA BARBARA MATRIZ,Consumidor Especial,SUL,3.0,1.408933
,2023-05-10,94372.0,STA BARBARA MATRIZ,Consumidor Especial,SUL,3.0,0.8976500000000001
,2023-05-11,94372.0,STA BARBARA MATRIZ,Consumidor Especial,SUL,3.0,1.01459
,2023-05-12,94372.0,STA BARBARA MATRIZ,Consumidor Especial,SUL,3.0,1.656927
,2023-05-13,94372.0,STA BARBARA MATRIZ,Consumidor Especial,SUL,3.0,1.867164
,2023-05-14,94372.0,STA BARBARA MATRIZ,Consumidor Especial,SUL,3.0,1.697929
,2023-05-15,94372.0,STA BARBARA MATRIZ,Consumidor Especial,SUL,3.0,2.771265
,2023-05-16,94372.0,STA BARBARA MATRIZ,Consumidor Especial,SUL,3.0,3.776541
,2023-05-17,94372.0,STA BARBARA MATRIZ,Consumidor Especial,SUL,3.0,2.6245570000000003
,2023-05-18,94372.0,STA BARBARA MATRIZ,Consumidor Especial,SUL,3.0,1.773133
,2023-05-19,94372.0,STA BARBARA MATRIZ,Consumidor Especial,SUL,3.0,1.957505
,2023-05-20,94372.0,STA BARBARA MATRIZ,Consumidor Especial,SUL,3.0,0.63498
,2023-05-21,94372.0,STA BARBARA MATRIZ,Consumidor Especial,SUL,3.0,0.31098
,2023-05-22,94372.0,STA BARBARA MATRIZ,Consumidor Especial,SUL,3.0,1.113359
,2023-05-23,94372.0,STA BARBARA MATRIZ,Consumidor Especial,SUL,3.0,0.843923
,2023-05-24,94372.0,STA BARBARA MATRIZ,Consumidor Especial,SUL,3.0,0.504433
,2023-05-25,94372.0,STA BARBARA MATRIZ,Consumidor Especial,SUL,3.0,1.212754
,2023-05-26,94372.0,STA BARBARA MATRIZ,Consumidor Especial,SUL,3.0,1.218934
,2023-05-27,94372.0,STA BARBARA MATRIZ,Consumidor Especial,SUL,3.0,0.388895
,2023-05-28,94372.0,STA BARBARA MATRIZ,Consumidor Especial,SUL,3.0,0.247254
,2023-05-29,94372.0,STA BARBARA MATRIZ,Consumidor Especial,SUL,3.0,1.164408
,2023-05-30,94372.0,STA BARBARA MATRIZ,Consumidor Especial,SUL,3.0,1.065181
,2023-05-31,94372.0,STA BARBARA MATRIZ,Consumidor Especial,SUL,3.0,0.726585
,2023-06-01,94372.0,STA BARBARA MATRIZ,Consumidor Especial,SUL,3.0,0.601647
,2023-06-02,94372.0,STA BARBARA MATRIZ,Consumidor Especial,SUL,3.0,0.7693260000000001
,2023-06-03,94372.0,STA BARBARA MATRIZ,Consumidor Especial,SUL,3.0,0.269156
,2023-06-04,94372.0,STA BARBARA MATRIZ,Consumidor Especial,SUL,3.0,0.247619
,2023-06-05,94372.0,STA BARBARA MATRIZ,Consumidor Especial,SUL,3.0,0.669508
,2023-06-06,94372.0,STA BARBARA MATRIZ,Consumidor Especial,SUL,3.0,1.242069
,2023-06-07,94372.0,STA BARBARA MATRIZ,Consumidor Especial,SUL,3.0,1.295634
,2023-06-08,94372.0,STA BARBARA MATRIZ,Consumidor Especial,SUL,3.0,0.84809
,2023-06-09,94372.0,STA BARBARA MATRIZ,Consumidor Especial,SUL,3.0,1.474734
,2023-06-10,94372.0,STA BARBARA MATRIZ,Consumidor Especial,SUL,3.0,0.434791
,2023-06-11,94372.0,STA BARBARA MATRIZ,Consumidor Especial,SUL,3.0,0.285106
,2023-06-12,94372.0,STA BARBARA MATRIZ,Consumidor Especial,SUL,3.0,0.976186
,2023-06-13,94372.0,STA BARBARA MATRIZ,Consumidor Especial,SUL,3.0,1.037179
,2023-06-14,94372.0,STA BARBARA MATRIZ,Consumidor Especial,SUL,3.0,1.337548
,2023-06-15,94372.0,STA BARBARA MATRIZ,Consumidor Especial,SUL,3.0,1.374948
,2023-06-16,94372.0,STA BARBARA MATRIZ,Consumidor Especial,SUL,3.0,1.205698
,2023-06-17,94372.0,STA BARBARA MATRIZ,Consumidor Especial,SUL,3.0,0.451805
,2023-06-18,94372.0,STA BARBARA MATRIZ,Consumidor Especial,SUL,3.0,0.241257
,2023-06-19,94372.0,STA BARBARA MATRIZ,Consumidor Especial,SUL,3.0,0.932769
,2023-06-20,94372.0,STA BARBARA MATRIZ,Consumidor Especial,SUL,3.0,1.481843
,2023-06-21,94372.0,STA BARBARA MATRIZ,Consumidor Especial,SUL,3.0,1.670841
,2023-06-22,94372.0,STA BARBARA MATRIZ,Consumidor Especial,SUL,3.0,1.181339
,2023-06-23,94372.0,STA BARBARA MATRIZ,Consumidor Especial,SUL,3.0,1.009917
,2023-06-24,94372.0,STA BARBARA MATRIZ,Consumidor Especial,SUL,3.0,0.489401
,2023-06-25,94372.0,STA BARBARA MATRIZ,Consumidor Especial,SUL,3.0,0.259399
,2023-06-26,94372.0,STA BARBARA MATRIZ,Consumidor Especial,SUL,3.0,1.235379
,2023-06-27,94372.0,STA BARBARA MATRIZ,Consumidor Especial,SUL,3.0,1.441918
,2023-06-28,94372.0,STA BARBARA MATRIZ,Consumidor Especial,SUL,3.0,1.362568
,2023-06-29,94372.0,STA BARBARA MATRIZ,Consumidor Especial,SUL,3.0,1.431244
,2023-06-30,94372.0,STA BARBARA MATRIZ,Consumidor Especial,SUL,3.0,0.982876
,2023-07-01,94372.0,STA BARBARA MATRIZ,Consumidor Especial,SUL,3.0,0.3085
,2023-07-02,94372.0,STA BARBARA MATRIZ,Consumidor Especial,SUL,3.0,0.255958
,2023-07-03,94372.0,STA BARBARA MATRIZ,Consumidor Especial,SUL,3.0,1.063239
,2023-07-04,94372.0,STA BARBARA MATRIZ,Consumidor Especial,SUL,3.0,1.06325
,2023-07-05,94372.0,STA BARBARA MATRIZ,Consumidor Especial,SUL,3.0,0.531068
,2023-07-06,94372.0,STA BARBARA MATRIZ,Consumidor Especial,SUL,3.0,0.402092
,2023-07-07,94372.0,STA BARBARA MATRIZ,Consumidor Especial,SUL,3.0,0.449868
,2023-07-08,94372.0,STA BARBARA MATRIZ,Consumidor Especial,SUL,3.0,0.315758
,2023-07-09,94372.0,STA BARBARA MATRIZ,Consumidor Especial,SUL,3.0,0.244932
,2023-07-10,94372.0,STA BARBARA MATRIZ,Consumidor Especial,SUL,3.0,0.416085
,2023-07-11,94372.0,STA BARBARA MATRIZ,Consumidor Especial,SUL,3.0,0.396363
,2023-07-12,94372.0,STA BARBARA MATRIZ,Consumidor Especial,SUL,3.0,0.436533
,2023-07-13,94372.0,STA BARBARA MATRIZ,Consumidor Especial,SUL,3.0,0.409283
,2023-07-14,94372.0,STA BARBARA MATRIZ,Consumidor Especial,SUL,3.0,0.4703799999999999
,2023-07-15,94372.0,STA BARBARA MATRIZ,Consumidor Especial,SUL,3.0,0.262393
,2023-07-16,94372.0,STA BARBARA MATRIZ,Consumidor Especial,SUL,3.0,0.257458
,2023-07-17,94372.0,STA BARBARA MATRIZ,Consumidor Especial,SUL,3.0,0.486898
,2023-07-18,94372.0,STA BARBARA MATRIZ,Consumidor Especial,SUL,3.0,0.458026
,2023-07-19,94372.0,STA BARBARA MATRIZ,Consumidor Especial,SUL,3.0,0.452873
,2023-07-20,94372.0,STA BARBARA MATRIZ,Consumidor Especial,SUL,3.0,0.396734
,2023-07-21,94372.0,STA BARBARA MATRIZ,Consumidor Especial,SUL,3.0,0.384166
,2023-07-22,94372.0,STA BARBARA MATRIZ,Consumidor Especial,SUL,3.0,0.257749
,2023-07-23,94372.0,STA BARBARA MATRIZ,Consumidor Especial,SUL,3.0,0.260827
,2023-07-24,94372.0,STA BARBARA MATRIZ,Consumidor Especial,SUL,3.0,0.431253
,2023-07-25,94372.0,STA BARBARA MATRIZ,Consumidor Especial,SUL,3.0,0.366436
,2023-07-26,94372.0,STA BARBARA MATRIZ,Consumidor Especial,SUL,3.0,0.339381
,2023-07-27,94372.0,STA BARBARA MATRIZ,Consumidor Especial,SUL,3.0,0.318018
,2023-07-28,94372.0,STA BARBARA MATRIZ,Consumidor Especial,SUL,3.0,0.348829
,2023-07-29,94372.0,STA BARBARA MATRIZ,Consumidor Especial,SUL,3.0,0.23019
,2023-07-30,94372.0,STA BARBARA MATRIZ,Consumidor Especial,SUL,3.0,0.257832
,2023-07-31,94372.0,STA BARBARA MATRIZ,Consumidor Especial,SUL,3.0,0.346472
,2023-08-01,94372.0,STA BARBARA MATRIZ,Consumidor Especial,SUL,3.0,0.330573
,2023-08-02,94372.0,STA BARBARA MATRIZ,Consumidor Especial,SUL,3.0,0.34289
,2023-08-03,94372.0,STA BARBARA MATRIZ,Consumidor Especial,SUL,3.0,0.335214
,2023-08-04,94372.0,STA BARBARA MATRIZ,Consumidor Especial,SUL,3.0,0.352174
,2023-08-05,94372.0,STA BARBARA MATRIZ,Consumidor Especial,SUL,3.0,0.28311
,2023-08-06,94372.0,STA BARBARA MATRIZ,Consumidor Especial,SUL,3.0,0.280866
,2023-08-07,94372.0,STA BARBARA MATRIZ,Consumidor Especial,SUL,3.0,0.352402
,2023-08-08,94372.0,STA BARBARA MATRIZ,Consumidor Especial,SUL,3.0,0.312324
,2023-08-09,94372.0,STA BARBARA MATRIZ,Consumidor Especial,SUL,3.0,0.364216
,2023-08-10,94372.0,STA BARBARA MATRIZ,Consumidor Especial,SUL,3.0,0.350155
,2023-08-11,94372.0,STA BARBARA MATRIZ,Consumidor Especial,SUL,3.0,0.389216
,2023-08-12,94372.0,STA BARBARA MATRIZ,Consumidor Especial,SUL,3.0,0.286082
,2023-08-13,94372.0,STA BARBARA MATRIZ,Consumidor Especial,SUL,3.0,0.282956
,2023-08-14,94372.0,STA BARBARA MATRIZ,Consumidor Especial,SUL,3.0,0.401522
,2023-08-15,94372.0,STA BARBARA MATRIZ,Consumidor Especial,SUL,3.0,0.348668
,2023-08-16,94372.0,STA BARBARA MATRIZ,Consumidor Especial,SUL,3.0,0.354398
,2023-08-17,94372.0,STA BARBARA MATRIZ,Consumidor Especial,SUL,3.0,0.369025
,2023-08-18,94372.0,STA BARBARA MATRIZ,Consumidor Especial,SUL,3.0,0.337738
,2023-08-19,94372.0,STA BARBARA MATRIZ,Consumidor Especial,SUL,3.0,0.240223
,2023-08-20,94372.0,STA BARBARA MATRIZ,Consumidor Especial,SUL,3.0,0.238361
,2023-08-21,94372.0,STA BARBARA MATRIZ,Consumidor Especial,SUL,3.0,0.35197
,2023-08-22,94372.0,STA BARBARA MATRIZ,Consumidor Especial,SUL,3.0,0.332265
,2023-08-23,94372.0,STA BARBARA MATRIZ,Consumidor Especial,SUL,3.0,0.413778
,2023-08-24,94372.0,STA BARBARA MATRIZ,Consumidor Especial,SUL,3.0,0.32784
,2023-08-25,94372.0,STA BARBARA MATRIZ,Consumidor Especial,SUL,3.0,0.324644
,2023-08-26,94372.0,STA BARBARA MATRIZ,Consumidor Especial,SUL,3.0,0.237245
,2023-08-27,94372.0,STA BARBARA MATRIZ,Consumidor Especial,SUL,3.0,0.249714
,2023-08-28,94372.0,STA BARBARA MATRIZ,Consumidor Especial,SUL,3.0,0.372745
,2023-08-29,94372.0,STA BARBARA MATRIZ,Consumidor Especial,SUL,3.0,0.352216
,2023-08-30,94372.0,STA BARBARA MATRIZ,Consumidor Especial,SUL,3.0,0.339648
,2023-08-31,94372.0,STA BARBARA MATRIZ,Consumidor Especial,SUL,3.0,0.3262319999999999
,2023-09-01,94372.0,STA BARBARA MATRIZ,Consumidor Especial,SUL,3.0,0.370071
,2023-09-02,94372.0,STA BARBARA MATRIZ,Consumidor Especial,SUL,3.0,0.294728
,2023-09-03,94372.0,STA BARBARA MATRIZ,Consumidor Especial,SUL,3.0,0.304414
,2023-09-04,94372.0,STA BARBARA MATRIZ,Consumidor Especial,SUL,3.0,0.395143
,2023-09-05,94372.0,STA BARBARA MATRIZ,Consumidor Especial,SUL,3.0,0.32449
,2023-09-06,94372.0,STA BARBARA MATRIZ,Consumidor Especial,SUL,3.0,0.367234
,2023-09-07,94372.0,STA BARBARA MATRIZ,Consumidor Especial,SUL,3.0,0.313838
,2023-09-08,94372.0,STA BARBARA MATRIZ,Consumidor Especial,SUL,3.0,0.389487
,2023-09-09,94372.0,STA BARBARA MATRIZ,Consumidor Especial,SUL,3.0,0.276671
,2023-09-10,94372.0,STA BARBARA MATRIZ,Consumidor Especial,SUL,3.0,0.292219
,2023-09-11,94372.0,STA BARBARA MATRIZ,Consumidor Especial,SUL,3.0,0.436553
,2023-09-12,94372.0,STA BARBARA MATRIZ,Consumidor Especial,SUL,3.0,0.364867
,2023-09-13,94372.0,STA BARBARA MATRIZ,Consumidor Especial,SUL,3.0,0.3641919999999999
,2023-09-14,94372.0,STA BARBARA MATRIZ,Consumidor Especial,SUL,3.0,0.385388
,2023-09-15,94372.0,STA BARBARA MATRIZ,Consumidor Especial,SUL,3.0,0.359997
,2023-09-16,94372.0,STA BARBARA MATRIZ,Consumidor Especial,SUL,3.0,0.283569
,2023-09-17,94372.0,STA BARBARA MATRIZ,Consumidor Especial,SUL,3.0,0.291576
,2023-09-18,94372.0,STA BARBARA MATRIZ,Consumidor Especial,SUL,3.0,0.491753
,2023-09-19,94372.0,STA BARBARA MATRIZ,Consumidor Especial,SUL,3.0,0.367076
,2023-09-20,94372.0,STA BARBARA MATRIZ,Consumidor Especial,SUL,3.0,0.287258
,2023-09-21,94372.0,STA BARBARA MATRIZ,Consumidor Especial,SUL,3.0,0.457081
,2023-09-22,94372.0,STA BARBARA MATRIZ,Consumidor Especial,SUL,3.0,0.410587
,2023-09-23,94372.0,STA BARBARA MATRIZ,Consumidor Especial,SUL,3.0,0.299443
,2023-09-24,94372.0,STA BARBARA MATRIZ,Consumidor Especial,SUL,3.0,0.316211
,2023-09-25,94372.0,STA BARBARA MATRIZ,Consumidor Especial,SUL,3.0,0.404614
,2023-09-26,94372.0,STA BARBARA MATRIZ,Consumidor Especial,SUL,3.0,0.405377
,2023-09-27,94372.0,STA BARBARA MATRIZ,Consumidor Especial,SUL,3.0,0.333086
,2023-09-28,94372.0,STA BARBARA MATRIZ,Consumidor Especial,SUL,3.0,0.343995
,2023-09-29,94372.0,STA BARBARA MATRIZ,Consumidor Especial,SUL,3.0,0.400856
,2023-09-30,94372.0,STA BARBARA MATRIZ,Consumidor Especial,SUL,3.0,0.301695
,2023-10-01,94372.0,STA BARBARA MATRIZ,Consumidor Especial,SUL,3.0,0.285008
,2023-10-02,94372.0,STA BARBARA MATRIZ,Consumidor Especial,SUL,3.0,0.35359
,2023-10-03,94372.0,STA BARBARA MATRIZ,Consumidor Especial,SUL,3.0,0.338924
,2023-10-04,94372.0,STA BARBARA MATRIZ,Consumidor Especial,SUL,3.0,0.378876
,2023-10-05,94372.0,STA BARBARA MATRIZ,Consumidor Especial,SUL,3.0,0.355245
,2023-10-06,94372.0,STA BARBARA MATRIZ,Consumidor Especial,SUL,3.0,0.368276
,2023-10-07,94372.0,STA BARBARA MATRIZ,Consumidor Especial,SUL,3.0,0.318167
,2023-10-08,94372.0,STA BARBARA MATRIZ,Consumidor Especial,SUL,3.0,0.283995
,2023-10-09,94372.0,STA BARBARA MATRIZ,Consumidor Especial,SUL,3.0,0.36723
,2023-10-10,94372.0,STA BARBARA MATRIZ,Consumidor Especial,SUL,3.0,0.383134
,2023-10-11,94372.0,STA BARBARA MATRIZ,Consumidor Especial,SUL,3.0,0.330858
,2023-10-12,94372.0,STA BARBARA MATRIZ,Consumidor Especial,SUL,3.0,0.232339
,2023-10-13,94372.0,STA BARBARA MATRIZ,Consumidor Especial,SUL,3.0,0.323381
,2023-10-14,94372.0,STA BARBARA MATRIZ,Consumidor Especial,SUL,3.0,0.267079
,2023-10-15,94372.0,STA BARBARA MATRIZ,Consumidor Especial,SUL,3.0,0.406966
,2023-10-16,94372.0,STA BARBARA MATRIZ,Consumidor Especial,SUL,3.0,0.900957
,2023-10-17,94372.0,STA BARBARA MATRIZ,Consumidor Especial,SUL,3.0,0.999605
,2023-10-18,94372.0,STA BARBARA MATRIZ,Consumidor Especial,SUL,3.0,1.190231
,2023-10-19,94372.0,STA BARBARA MATRIZ,Consumidor Especial,SUL,3.0,1.372771
,2023-10-20,94372.0,STA BARBARA MATRIZ,Consumidor Especial,SUL,3.0,1.138851
,2023-10-21,94372.0,STA BARBARA MATRIZ,Consumidor Especial,SUL,3.0,1.358322
,2023-10-22,94372.0,STA BARBARA MATRIZ,Consumidor Especial,SUL,3.0,1.582245
,2023-10-23,94372.0,STA BARBARA MATRIZ,Consumidor Especial,SUL,3.0,1.862476
,2023-10-24,94372.0,STA BARBARA MATRIZ,Consumidor Especial,SUL,3.0,2.117848
,2023-10-25,94372.0,STA BARBARA MATRIZ,Consumidor Especial,SUL,3.0,1.844976
,2023-10-26,94372.0,STA BARBARA MATRIZ,Consumidor Especial,SUL,3.0,1.846612
,2023-10-27,94372.0,STA BARBARA MATRIZ,Consumidor Especial,SUL,3.0,1.561594
,2023-10-28,94372.0,STA BARBARA MATRIZ,Consumidor Especial,SUL,3.0,1.269069
,2023-10-29,94372.0,STA BARBARA MATRIZ,Consumidor Especial,SUL,3.0,1.085389
,2023-10-30,94372.0,STA BARBARA MATRIZ,Consumidor Especial,SUL,3.0,1.185594
,2023-10-31,94372.0,STA BARBARA MATRIZ,Consumidor Especial,SUL,3.0,1.470579
,2023-11-01,94372.0,STA BARBARA MATRIZ,Consumidor Especial,SUL,3.0,1.798688
,2023-11-02,94372.0,STA BARBARA MATRIZ,Consumidor Especial,SUL,3.0,1.345963
,2023-11-03,94372.0,STA BARBARA MATRIZ,Consumidor Especial,SUL,3.0,1.34551
,2023-11-04,94372.0,STA BARBARA MATRIZ,Consumidor Especial,SUL,3.0,0.684558
,2023-11-05,94372.0,STA BARBARA MATRIZ,Consumidor Especial,SUL,3.0,1.007961
,2023-11-06,94372.0,STA BARBARA MATRIZ,Consumidor Especial,SUL,3.0,1.810126
,2023-11-07,94372.0,STA BARBARA MATRIZ,Consumidor Especial,SUL,3.0,2.153892
,2023-11-08,94372.0,STA BARBARA MATRIZ,Consumidor Especial,SUL,3.0,1.995761
,2023-11-09,94372.0,STA BARBARA MATRIZ,Consumidor Especial,SUL,3.0,1.087198
,2023-11-10,94372.0,STA BARBARA MATRIZ,Consumidor Especial,SUL,3.0,1.471751
,2023-11-11,94372.0,STA BARBARA MATRIZ,Consumidor Especial,SUL,3.0,1.557347
,2023-11-12,94372.0,STA BARBARA MATRIZ,Consumidor Especial,SUL,3.0,0.659481
,2023-11-13,94372.0,STA BARBARA MATRIZ,Consumidor Especial,SUL,3.0,1.011539
,2023-11-14,94372.0,STA BARBARA MATRIZ,Consumidor Especial,SUL,3.0,1.090746
,2023-11-15,94372.0,STA BARBARA MATRIZ,Consumidor Especial,SUL,3.0,0.378617
,2023-11-16,94372.0,STA BARBARA MATRIZ,Consumidor Especial,SUL,3.0,0.94699
,2023-11-17,94372.0,STA BARBARA MATRIZ,Consumidor Especial,SUL,3.0,0.532311
,2023-11-18,94372.0,STA BARBARA MATRIZ,Consumidor Especial,SUL,3.0,0.298552
,2023-11-19,94372.0,STA BARBARA MATRIZ,Consumidor Especial,SUL,3.0,1.060301
,2023-11-20,94372.0,STA BARBARA MATRIZ,Consumidor Especial,SUL,3.0,1.677821
,2023-11-21,94372.0,STA BARBARA MATRIZ,Consumidor Especial,SUL,3.0,1.463162
,2023-11-22,94372.0,STA BARBARA MATRIZ,Consumidor Especial,SUL,3.0,0.8325589999999999
,2023-11-23,94372.0,STA BARBARA MATRIZ,Consumidor Especial,SUL,3.0,0.720676
,2023-11-24,94372.0,STA BARBARA MATRIZ,Consumidor Especial,SUL,3.0,0.788305
,2023-11-25,94372.0,STA BARBARA MATRIZ,Consumidor Especial,SUL,3.0,1.38686
,2023-11-26,94372.0,STA BARBARA MATRIZ,Consumidor Especial,SUL,3.0,1.385609
,2023-11-27,94372.0,STA BARBARA MATRIZ,Consumidor Especial,SUL,3.0,1.540679
,2023-11-28,94372.0,STA BARBARA MATRIZ,Consumidor Especial,SUL,3.0,1.223255
,2023-11-29,94372.0,STA BARBARA MATRIZ,Consumidor Especial,SUL,3.0,1.568757
,2023-11-30,94372.0,STA BARBARA MATRIZ,Consumidor Especial,SUL,3.0,1.601353
,2023-12-01,94372.0,STA BARBARA MATRIZ,Consumidor Especial,SUL,3.0,0.775497
,2023-12-02,94372.0,STA BARBARA MATRIZ,Consumidor Especial,SUL,3.0,0.515675
,2023-12-03,94372.0,STA BARBARA MATRIZ,Consumidor Especial,SUL,3.0,0.31538
,2023-12-04,94372.0,STA BARBARA MATRIZ,Consumidor Especial,SUL,3.0,0.347447
,2023-12-05,94372.0,STA BARBARA MATRIZ,Consumidor Especial,SUL,3.0,0.667137
,2023-12-06,94372.0,STA BARBARA MATRIZ,Consumidor Especial,SUL,3.0,0.991814
,2023-12-07,94372.0,STA BARBARA MATRIZ,Consumidor Especial,SUL,3.0,0.945872
,2023-12-08,94372.0,STA BARBARA MATRIZ,Consumidor Especial,SUL,3.0,0.976568
,2023-12-09,94372.0,STA BARBARA MATRIZ,Consumidor Especial,SUL,3.0,0.304632
,2023-12-10,94372.0,STA BARBARA MATRIZ,Consumidor Especial,SUL,3.0,0.303095
,2023-12-11,94372.0,STA BARBARA MATRIZ,Consumidor Especial,SUL,3.0,1.118819
,2023-12-12,94372.0,STA BARBARA MATRIZ,Consumidor Especial,SUL,3.0,1.812791
,2023-12-13,94372.0,STA BARBARA MATRIZ,Consumidor Especial,SUL,3.0,3.097376
,2023-12-14,94372.0,STA BARBARA MATRIZ,Consumidor Especial,SUL,3.0,2.376852
,2023-12-15,94372.0,STA BARBARA MATRIZ,Consumidor Especial,SUL,3.0,2.135253
,2023-12-16,94372.0,STA BARBARA MATRIZ,Consumidor Especial,SUL,3.0,1.226446
,2023-12-17,94372.0,STA BARBARA MATRIZ,Consumidor Especial,SUL,3.0,1.265648
,2023-12-18,94372.0,STA BARBARA MATRIZ,Consumidor Especial,SUL,3.0,2.052421
,2023-12-19,94372.0,STA BARBARA MATRIZ,Consumidor Especial,SUL,3.0,1.348742
,2023-12-20,94372.0,STA BARBARA MATRIZ,Consumidor Especial,SUL,3.0,0.774171
,2023-12-21,94372.0,STA BARBARA MATRIZ,Consumidor Especial,SUL,3.0,1.025044
,2023-12-22,94372.0,STA BARBARA MATRIZ,Consumidor Especial,SUL,3.0,1.156648
,2023-12-23,94372.0,STA BARBARA MATRIZ,Consumidor Especial,SUL,3.0,0.313144
,2023-12-24,94372.0,STA BARBARA MATRIZ,Consumidor Especial,SUL,3.0,0.322862
,2023-12-25,94372.0,STA BARBARA MATRIZ,Consumidor Especial,SUL,3.0,0.323507
,2023-12-26,94372.0,STA BARBARA MATRIZ,Consumidor Especial,SUL,3.0,1.161122
,2023-12-27,94372.0,STA BARBARA MATRIZ,Consumidor Especial,SUL,3.0,1.060799
,2023-12-28,94372.0,STA BARBARA MATRIZ,Consumidor Especial,SUL,3.0,1.161666
,2023-12-29,94372.0,STA BARBARA MATRIZ,Consumidor Especial,SUL,3.0,0.668841
,2023-12-30,94372.0,STA BARBARA MATRIZ,Consumidor Especial,SUL,3.0,0.24934
,2023-12-31,94372.0,STA BARBARA MATRIZ,Consumidor Especial,SUL,3.0,0.242678
,2024-01-01,94372.0,STA BARBARA MATRIZ,Consumidor Especial,SUL,3.0,0.248888
,2024-01-02,94372.0,STA BARBARA MATRIZ,Consumidor Especial,SUL,3.0,0.819417
,2024-01-03,94372.0,STA BARBARA MATRIZ,Consumidor Especial,SUL,3.0,0.857785
,2024-01-04,94372.0,STA BARBARA MATRIZ,Consumidor Especial,SUL,3.0,0.922237
,2024-01-05,94372.0,STA BARBARA MATRIZ,Consumidor Especial,SUL,3.0,1.150118
,2024-01-06,94372.0,STA BARBARA MATRIZ,Consumidor Especial,SUL,3.0,0.270996
,2024-01-07,94372.0,STA BARBARA MATRIZ,Consumidor Especial,SUL,3.0,0.263903
,2024-01-08,94372.0,STA BARBARA MATRIZ,Consumidor Especial,SUL,3.0,1.157518
,2024-01-09,94372.0,STA BARBARA MATRIZ,Consumidor Especial,SUL,3.0,1.165258
,2024-01-10,94372.0,STA BARBARA MATRIZ,Consumidor Especial,SUL,3.0,1.026363
,2024-01-11,94372.0,STA BARBARA MATRIZ,Consumidor Especial,SUL,3.0,1.00847
,2024-01-12,94372.0,STA BARBARA MATRIZ,Consumidor Especial,SUL,3.0,0.933462
,2024-01-13,94372.0,STA BARBARA MATRIZ,Consumidor Especial,SUL,3.0,0.284135
,2024-01-14,94372.0,STA BARBARA MATRIZ,Consumidor Especial,SUL,3.0,0.304768
,2024-01-15,94372.0,STA BARBARA MATRIZ,Consumidor Especial,SUL,3.0,1.212626
,2024-01-16,94372.0,STA BARBARA MATRIZ,Consumidor Especial,SUL,3.0,1.062905
,2024-01-17,94372.0,STA BARBARA MATRIZ,Consumidor Especial,SUL,3.0,0.565318
,2024-01-18,94372.0,STA BARBARA MATRIZ,Consumidor Especial,SUL,3.0,0.088455
,2024-01-19,94372.0,STA BARBARA MATRIZ,Consumidor Especial,SUL,3.0,1.193454
,2024-01-20,94372.0,STA BARBARA MATRIZ,Consumidor Especial,SUL,3.0,0.307354
,2024-01-21,94372.0,STA BARBARA MATRIZ,Consumidor Especial,SUL,3.0,0.276186
,2024-01-22,94372.0,STA BARBARA MATRIZ,Consumidor Especial,SUL,3.0,0.652485
,2024-01-23,94372.0,STA BARBARA MATRIZ,Consumidor Especial,SUL,3.0,0.443114
,2024-01-24,94372.0,STA BARBARA MATRIZ,Consumidor Especial,SUL,3.0,0.482215
,2024-01-25,94372.0,STA BARBARA MATRIZ,Consumidor Especial,SUL,3.0,0.375353
,2024-01-26,94372.0,STA BARBARA MATRIZ,Consumidor Especial,SUL,3.0,0.433497
,2024-01-27,94372.0,STA BARBARA MATRIZ,Consumidor Especial,SUL,3.0,0.274558
,2024-01-28,94372.0,STA BARBARA MATRIZ,Consumidor Especial,SUL,3.0,0.281318
,2024-01-29,94372.0,STA BARBARA MATRIZ,Consumidor Especial,SUL,3.0,0.518414
,2024-01-30,94372.0,STA BARBARA MATRIZ,Consumidor Especial,SUL,3.0,0.516182
,2024-01-31,94372.0,STA BARBARA MATRIZ,Consumidor Especial,SUL,3.0,0.517921
,2024-02-01,94372.0,STA BARBARA MATRIZ,Consumidor Especial,SUL,3.0,0.482823
,2024-02-02,94372.0,STA BARBARA MATRIZ,Consumidor Especial,SUL,3.0,0.521763
,2024-02-03,94372.0,STA BARBARA MATRIZ,Consumidor Especial,SUL,3.0,0.290478
,2024-02-04,94372.0,STA BARBARA MATRIZ,Consumidor Especial,SUL,3.0,0.284227
,2024-02-05,94372.0,STA BARBARA MATRIZ,Consumidor Especial,SUL,3.0,0.643481
,2024-02-06,94372.0,STA BARBARA MATRIZ,Consumidor Especial,SUL,3.0,0.5256959999999999
,2024-02-07,94372.0,STA BARBARA MATRIZ,Consumidor Especial,SUL,3.0,0.572528
,2024-02-08,94372.0,STA BARBARA MATRIZ,Consumidor Especial,SUL,3.0,0.529326
,2024-02-09,94372.0,STA BARBARA MATRIZ,Consumidor Especial,SUL,3.0,0.548869
,2024-02-10,94372.0,STA BARBARA MATRIZ,Consumidor Especial,SUL,3.0,0.331416
,2024-02-11,94372.0,STA BARBARA MATRIZ,Consumidor Especial,SUL,3.0,0.333362
,2024-02-12,94372.0,STA BARBARA MATRIZ,Consumidor Especial,SUL,3.0,0.532902
,2024-02-13,94372.0,STA BARBARA MATRIZ,Consumidor Especial,SUL,3.0,0.291181
,2024-02-14,94372.0,STA BARBARA MATRIZ,Consumidor Especial,SUL,3.0,0.392294
,2024-02-15,94372.0,STA BARBARA MATRIZ,Consumidor Especial,SUL,3.0,0.372879
,2024-02-16,94372.0,STA BARBARA MATRIZ,Consumidor Especial,SUL,3.0,0.332383
,2024-02-17,94372.0,STA BARBARA MATRIZ,Consumidor Especial,SUL,3.0,0.281277
,2024-02-18,94372.0,STA BARBARA MATRIZ,Consumidor Especial,SUL,3.0,0.29207
,2024-02-19,94372.0,STA BARBARA MATRIZ,Consumidor Especial,SUL,3.0,0.45344
,2024-02-20,94372.0,STA BARBARA MATRIZ,Consumidor Especial,SUL,3.0,0.424288
,2024-02-21,94372.0,STA BARBARA MATRIZ,Consumidor Especial,SUL,3.0,0.46582
,2024-02-22,94372.0,STA BARBARA MATRIZ,Consumidor Especial,SUL,3.0,0.448448
,2024-02-23,94372.0,STA BARBARA MATRIZ,Consumidor Especial,SUL,3.0,0.519412
,2024-02-24,94372.0,STA BARBARA MATRIZ,Consumidor Especial,SUL,3.0,0.258652
,2024-02-25,94372.0,STA BARBARA MATRIZ,Consumidor Especial,SUL,3.0,0.245972
,2024-02-26,94372.0,STA BARBARA MATRIZ,Consumidor Especial,SUL,3.0,0.463133
,2024-02-27,94372.0,STA BARBARA MATRIZ,Consumidor Especial,SUL,3.0,0.422954
,2024-02-28,94372.0,STA BARBARA MATRIZ,Consumidor Especial,SUL,3.0,0.482104
,2024-02-29,94372.0,STA BARBARA MATRIZ,Consumidor Especial,SUL,3.0,0.393669
202403.0,2024-03-01,94372.0,STA BARBARA MATRIZ,Consumidor Especial,SUL,3.0,0.414061
202403.0,2024-03-01,94372.0,STA BARBARA MATRIZ,Consumidor Especial,SUL,3.0,0.414061
,2024-03-01,,STA BARBARA MATRIZ,,,3.0,0.414061
202403.0,2024-03-02,94372.0,STA BARBARA MATRIZ,Consumidor Especial,SUL,3.0,0.243363
202403.0,2024-03-02,94372.0,STA BARBARA MATRIZ,Consumidor Especial,SUL,3.0,0.243363
,2024-03-02,,STA BARBARA MATRIZ,,,3.0,0.243363
202403.0,2024-03-03,94372.0,STA BARBARA MATRIZ,Consumidor Especial,SUL,3.0,0.249225
202403.0,2024-03-03,94372.0,STA BARBARA MATRIZ,Consumidor Especial,SUL,3.0,0.249225
,2024-03-03,,STA BARBARA MATRIZ,,,3.0,0.249225
202403.0,2024-03-04,94372.0,STA BARBARA MATRIZ,Consumidor Especial,SUL,3.0,0.386489
202403.0,2024-03-04,94372.0,STA BARBARA MATRIZ,Consumidor Especial,SUL,3.0,0.386489
,2024-03-04,,STA BARBARA MATRIZ,,,3.0,0.386489
202403.0,2024-03-05,94372.0,STA BARBARA MATRIZ,Consumidor Especial,SUL,3.0,0.305709
202403.0,2024-03-05,94372.0,STA BARBARA MATRIZ,Consumidor Especial,SUL,3.0,0.305709
,2024-03-05,,STA BARBARA MATRIZ,,,3.0,0.305709
202403.0,2024-03-06,94372.0,STA BARBARA MATRIZ,Consumidor Especial,SUL,3.0,0.337143
202403.0,2024-03-06,94372.0,STA BARBARA MATRIZ,Consumidor Especial,SUL,3.0,0.337143
,2024-03-06,,STA BARBARA MATRIZ,,,3.0,0.337143
202403.0,2024-03-07,94372.0,STA BARBARA MATRIZ,Consumidor Especial,SUL,3.0,0.316932
202403.0,2024-03-07,94372.0,STA BARBARA MATRIZ,Consumidor Especial,SUL,3.0,0.316932
,2024-03-07,,STA BARBARA MATRIZ,,,3.0,0.316932
202403.0,2024-03-08,94372.0,STA BARBARA MATRIZ,Consumidor Especial,SUL,3.0,0.318755
202403.0,2024-03-08,94372.0,STA BARBARA MATRIZ,Consumidor Especial,SUL,3.0,0.318755
,2024-03-08,,STA BARBARA MATRIZ,,,3.0,0.318755
202403.0,2024-03-09,94372.0,STA BARBARA MATRIZ,Consumidor Especial,SUL,3.0,0.229077
202403.0,2024-03-09,94372.0,STA BARBARA MATRIZ,Consumidor Especial,SUL,3.0,0.229077
,2024-03-09,,STA BARBARA MATRIZ,,,3.0,0.229077
202403.0,2024-03-10,94372.0,STA BARBARA MATRIZ,Consumidor Especial,SUL,3.0,0.244622
202403.0,2024-03-10,94372.0,STA BARBARA MATRIZ,Consumidor Especial,SUL,3.0,0.244622
,2024-03-10,,STA BARBARA MATRIZ,,,3.0,0.244622
202403.0,2024-03-11,94372.0,STA BARBARA MATRIZ,Consumidor Especial,SUL,3.0,0.420926
202403.0,2024-03-11,94372.0,STA BARBARA MATRIZ,Consumidor Especial,SUL,3.0,0.420926
,2024-03-11,,STA BARBARA MATRIZ,,,3.0,0.420926
202403.0,2024-03-12,94372.0,STA BARBARA MATRIZ,Consumidor Especial,SUL,3.0,0.665834
202403.0,2024-03-12,94372.0,STA BARBARA MATRIZ,Consumidor Especial,SUL,3.0,0.665834
,2024-03-12,,STA BARBARA MATRIZ,,,3.0,0.665834
202403.0,2024-03-13,94372.0,STA BARBARA MATRIZ,Consumidor Especial,SUL,3.0,0.808304
202403.0,2024-03-13,94372.0,STA BARBARA MATRIZ,Consumidor Especial,SUL,3.0,0.808304
,2024-03-13,,STA BARBARA MATRIZ,,,3.0,0.808304
202403.0,2024-03-14,94372.0,STA BARBARA MATRIZ,Consumidor Especial,SUL,3.0,0.933454
202403.0,2024-03-14,94372.0,STA BARBARA MATRIZ,Consumidor Especial,SUL,3.0,0.933454
,2024-03-14,,STA BARBARA MATRIZ,,,3.0,0.933454
202403.0,2024-03-15,94372.0,STA BARBARA MATRIZ,Consumidor Especial,SUL,3.0,0.9252
202403.0,2024-03-15,94372.0,STA BARBARA MATRIZ,Consumidor Especial,SUL,3.0,0.9252
,2024-03-15,,STA BARBARA MATRIZ,,,3.0,0.9252
202403.0,2024-03-16,94372.0,STA BARBARA MATRIZ,Consumidor Especial,SUL,3.0,0.561174
202403.0,2024-03-16,94372.0,STA BARBARA MATRIZ,Consumidor Especial,SUL,3.0,0.561174
,2024-03-16,,STA BARBARA MATRIZ,,,3.0,0.561174
202403.0,2024-03-17,94372.0,STA BARBARA MATRIZ,Consumidor Especial,SUL,3.0,0.571488
202403.0,2024-03-17,94372.0,STA BARBARA MATRIZ,Consumidor Especial,SUL,3.0,0.571488
,2024-03-17,,STA BARBARA MATRIZ,,,3.0,0.571488
202403.0,2024-03-18,94372.0,STA BARBARA MATRIZ,Consumidor Especial,SUL,3.0,0.829773
202403.0,2024-03-18,94372.0,STA BARBARA MATRIZ,Consumidor Especial,SUL,3.0,0.829773
,2024-03-18,,STA BARBARA MATRIZ,,,3.0,0.829773
202403.0,2024-03-19,94372.0,STA BARBARA MATRIZ,Consumidor Especial,SUL,3.0,0.782672
202403.0,2024-03-19,94372.0,STA BARBARA MATRIZ,Consumidor Especial,SUL,3.0,0.782672
,2024-03-19,,STA BARBARA MATRIZ,,,3.0,0.782672
202403.0,2024-03-20,94372.0,STA BARBARA MATRIZ,Consumidor Especial,SUL,3.0,0.92172
202403.0,2024-03-20,94372.0,STA BARBARA MATRIZ,Consumidor Especial,SUL,3.0,0.92172
,2024-03-20,,STA BARBARA MATRIZ,,,3.0,0.92172
202403.0,2024-03-21,94372.0,STA BARBARA MATRIZ,Consumidor Especial,SUL,3.0,1.759339
202403.0,2024-03-21,94372.0,STA BARBARA MATRIZ,Consumidor Especial,SUL,3.0,1.759339
,2024-03-21,,STA BARBARA MATRIZ,,,3.0,1.759339
202403.0,2024-03-22,94372.0,STA BARBARA MATRIZ,Consumidor Especial,SUL,3.0,1.042175
202403.0,2024-03-22,94372.0,STA BARBARA MATRIZ,Consumidor Especial,SUL,3.0,1.042175
,2024-03-22,,STA BARBARA MATRIZ,,,3.0,1.042175
202403.0,2024-03-23,94372.0,STA BARBARA MATRIZ,Consumidor Especial,SUL,3.0,0.917594
202403.0,2024-03-23,94372.0,STA BARBARA MATRIZ,Consumidor Especial,SUL,3.0,0.917594
,2024-03-23,,STA BARBARA MATRIZ,,,3.0,0.917594
202403.0,2024-03-24,94372.0,STA BARBARA MATRIZ,Consumidor Especial,SUL,3.0,1.231129
202403.0,2024-03-24,94372.0,STA BARBARA MATRIZ,Consumidor Especial,SUL,3.0,1.231129
,2024-03-24,,STA BARBARA MATRIZ,,,3.0,1.231129
202403.0,2024-03-25,94372.0,STA BARBARA MATRIZ,Consumidor Especial,SUL,3.0,1.078313
202403.0,2024-03-25,94372.0,STA BARBARA MATRIZ,Consumidor Especial,SUL,3.0,1.078313
,2024-03-25,,STA BARBARA MATRIZ,,,3.0,1.078313
202403.0,2024-03-26,94372.0,STA BARBARA MATRIZ,Consumidor Especial,SUL,3.0,1.037334
202403.0,2024-03-26,94372.0,STA BARBARA MATRIZ,Consumidor Especial,SUL,3.0,1.037334
,2024-03-26,,STA BARBARA MATRIZ,,,3.0,1.037334
202403.0,2024-03-27,94372.0,STA BARBARA MATRIZ,Consumidor Especial,SUL,3.0,1.232043
202403.0,2024-03-27,94372.0,STA BARBARA MATRIZ,Consumidor Especial,SUL,3.0,1.232043
,2024-03-27,,STA BARBARA MATRIZ,,,3.0,1.232043
202403.0,2024-03-28,94372.0,STA BARBARA MATRIZ,Consumidor Especial,SUL,3.0,1.530173
202403.0,2024-03-28,94372.0,STA BARBARA MATRIZ,Consumidor Especial,SUL,3.0,1.530173
,2024-03-28,,STA BARBARA MATRIZ,,,3.0,1.530173
202403.0,2024-03-29,94372.0,STA BARBARA MATRIZ,Consumidor Especial,SUL,3.0,1.875985
202403.0,2024-03-29,94372.0,STA BARBARA MATRIZ,Consumidor Especial,SUL,3.0,1.875985
,2024-03-29,,STA BARBARA MATRIZ,,,3.0,1.875985
202403.0,2024-03-30,94372.0,STA BARBARA MATRIZ,Consumidor Especial,SUL,3.0,1.347858
202403.0,2024-03-30,94372.0,STA BARBARA MATRIZ,Consumidor Especial,SUL,3.0,1.347858
,2024-03-30,,STA BARBARA MATRIZ,,,3.0,1.347858
202403.0,2024-03-31,94372.0,STA BARBARA MATRIZ,Consumidor Especial,SUL,3.0,1.950979
202403.0,2024-03-31,94372.0,STA BARBARA MATRIZ,Consumidor Especial,SUL,3.0,1.950979
,2024-03-31,,STA BARBARA MATRIZ,,,3.0,1.950979
202404.0,2024-04-01,94372.0,STA BARBARA MATRIZ,Consumidor Especial,SUL,3.0,2.703735
202404.0,2024-04-01,94372.0,STA BARBARA MATRIZ,Consumidor Especial,SUL,3.0,2.703735
,2024-04-01,,STA BARBARA MATRIZ,,,3.0,2.703735
202404.0,2024-04-02,94372.0,STA BARBARA MATRIZ,Consumidor Especial,SUL,3.0,2.150035
202404.0,2024-04-02,94372.0,STA BARBARA MATRIZ,Consumidor Especial,SUL,3.0,2.150035
,2024-04-02,,STA BARBARA MATRIZ,,,3.0,2.150035
202404.0,2024-04-03,94372.0,STA BARBARA MATRIZ,Consumidor Especial,SUL,3.0,2.355048
202404.0,2024-04-03,94372.0,STA BARBARA MATRIZ,Consumidor Especial,SUL,3.0,2.355048
,2024-04-03,,STA BARBARA MATRIZ,,,3.0,2.355048
202404.0,2024-04-04,94372.0,STA BARBARA MATRIZ,Consumidor Especial,SUL,3.0,1.844907
202404.0,2024-04-04,94372.0,STA BARBARA MATRIZ,Consumidor Especial,SUL,3.0,1.844907
,2024-04-04,,STA BARBARA MATRIZ,,,3.0,1.844907
202404.0,2024-04-05,94372.0,STA BARBARA MATRIZ,Consumidor Especial,SUL,3.0,1.231159
202404.0,2024-04-05,94372.0,STA BARBARA MATRIZ,Consumidor Especial,SUL,3.0,1.231159
,2024-04-05,,STA BARBARA MATRIZ,,,3.0,1.231159
202404.0,2024-04-06,94372.0,STA BARBARA MATRIZ,Consumidor Especial,SUL,3.0,1.213562
202404.0,2024-04-06,94372.0,STA BARBARA MATRIZ,Consumidor Especial,SUL,3.0,1.213562
,2024-04-06,,STA BARBARA MATRIZ,,,3.0,1.213562
202404.0,2024-04-07,94372.0,STA BARBARA MATRIZ,Consumidor Especial,SUL,3.0,0.944931
202404.0,2024-04-07,94372.0,STA BARBARA MATRIZ,Consumidor Especial,SUL,3.0,0.944931
,2024-04-07,,STA BARBARA MATRIZ,,,3.0,0.944931
202404.0,2024-04-08,94372.0,STA BARBARA MATRIZ,Consumidor Especial,SUL,3.0,1.461323
202404.0,2024-04-08,94372.0,STA BARBARA MATRIZ,Consumidor Especial,SUL,3.0,1.461323
,2024-04-08,,STA BARBARA MATRIZ,,,3.0,1.461323
202404.0,2024-04-09,94372.0,STA BARBARA MATRIZ,Consumidor Especial,SUL,3.0,1.340117
202404.0,2024-04-09,94372.0,STA BARBARA MATRIZ,Consumidor Especial,SUL,3.0,1.340117
,2024-04-09,,STA BARBARA MATRIZ,,,3.0,1.340117
202404.0,2024-04-10,94372.0,STA BARBARA MATRIZ,Consumidor Especial,SUL,3.0,1.806052
202404.0,2024-04-10,94372.0,STA BARBARA MATRIZ,Consumidor Especial,SUL,3.0,1.806052
,2024-04-10,,STA BARBARA MATRIZ,,,3.0,1.806052
202404.0,2024-04-11,94372.0,STA BARBARA MATRIZ,Consumidor Especial,SUL,3.0,2.597116
202404.0,2024-04-11,94372.0,STA BARBARA MATRIZ,Consumidor Especial,SUL,3.0,2.597116
,2024-04-11,,STA BARBARA MATRIZ,,,3.0,2.597116
202404.0,2024-04-12,94372.0,STA BARBARA MATRIZ,Consumidor Especial,SUL,3.0,2.018748
202404.0,2024-04-12,94372.0,STA BARBARA MATRIZ,Consumidor Especial,SUL,3.0,2.018748
,2024-04-12,,STA BARBARA MATRIZ,,,3.0,2.018748
202404.0,2024-04-13,94372.0,STA BARBARA MATRIZ,Consumidor Especial,SUL,3.0,1.416464
202404.0,2024-04-13,94372.0,STA BARBARA MATRIZ,Consumidor Especial,SUL,3.0,1.416464
,2024-04-13,,STA BARBARA MATRIZ,,,3.0,1.416464
202404.0,2024-04-14,94372.0,STA BARBARA MATRIZ,Consumidor Especial,SUL,3.0,1.71736
202404.0,2024-04-14,94372.0,STA BARBARA MATRIZ,Consumidor Especial,SUL,3.0,1.71736
,2024-04-14,,STA BARBARA MATRIZ,,,3.0,1.71736
202404.0,2024-04-15,94372.0,STA BARBARA MATRIZ,Consumidor Especial,SUL,3.0,1.235687
202404.0,2024-04-15,94372.0,STA BARBARA MATRIZ,Consumidor Especial,SUL,3.0,1.235687
,2024-04-15,,STA BARBARA MATRIZ,,,3.0,1.235687
202404.0,2024-04-16,94372.0,STA BARBARA MATRIZ,Consumidor Especial,SUL,3.0,1.067762
202404.0,2024-04-16,94372.0,STA BARBARA MATRIZ,Consumidor Especial,SUL,3.0,1.067762
,2024-04-16,,STA BARBARA MATRIZ,,,3.0,1.067762
202404.0,2024-04-17,94372.0,STA BARBARA MATRIZ,Consumidor Especial,SUL,3.0,1.286355
202404.0,2024-04-17,94372.0,STA BARBARA MATRIZ,Consumidor Especial,SUL,3.0,1.286355
,2024-04-17,,STA BARBARA MATRIZ,,,3.0,1.286355
202404.0,2024-04-18,94372.0,STA BARBARA MATRIZ,Consumidor Especial,SUL,3.0,1.214046
202404.0,2024-04-18,94372.0,STA BARBARA MATRIZ,Consumidor Especial,SUL,3.0,1.214046
,2024-04-18,,STA BARBARA MATRIZ,,,3.0,1.214046
202404.0,2024-04-19,94372.0,STA BARBARA MATRIZ,Consumidor Especial,SUL,3.0,0.995138
202404.0,2024-04-19,94372.0,STA BARBARA MATRIZ,Consumidor Especial,SUL,3.0,0.995138
,2024-04-19,,STA BARBARA MATRIZ,,,3.0,0.995138
202404.0,2024-04-20,94372.0,STA BARBARA MATRIZ,Consumidor Especial,SUL,3.0,1.161238
202404.0,2024-04-20,94372.0,STA BARBARA MATRIZ,Consumidor Especial,SUL,3.0,1.161238
,2024-04-20,,STA BARBARA MATRIZ,,,3.0,1.161238
202404.0,2024-04-21,94372.0,STA BARBARA MATRIZ,Consumidor Especial,SUL,3.0,2.314504
202404.0,2024-04-21,94372.0,STA BARBARA MATRIZ,Consumidor Especial,SUL,3.0,2.314504
,2024-04-21,,STA BARBARA MATRIZ,,,3.0,2.314504
202404.0,2024-04-22,94372.0,STA BARBARA MATRIZ,Consumidor Especial,SUL,3.0,3.298007
202404.0,2024-04-22,94372.0,STA BARBARA MATRIZ,Consumidor Especial,SUL,3.0,3.298007
,2024-04-22,,STA BARBARA MATRIZ,,,3.0,3.298007
202404.0,2024-04-23,94372.0,STA BARBARA MATRIZ,Consumidor Especial,SUL,3.0,2.791003
202404.0,2024-04-23,94372.0,STA BARBARA MATRIZ,Consumidor Especial,SUL,3.0,2.791003
,2024-04-23,,STA BARBARA MATRIZ,,,3.0,2.791003
202404.0,2024-04-24,94372.0,STA BARBARA MATRIZ,Consumidor Especial,SUL,3.0,2.181277
202404.0,2024-04-24,94372.0,STA BARBARA MATRIZ,Consumidor Especial,SUL,3.0,2.181277
,2024-04-24,,STA BARBARA MATRIZ,,,3.0,2.181277
202404.0,2024-04-25,94372.0,STA BARBARA MATRIZ,Consumidor Especial,SUL,3.0,1.880912
202404.0,2024-04-25,94372.0,STA BARBARA MATRIZ,Consumidor Especial,SUL,3.0,1.880912
,2024-04-25,,STA BARBARA MATRIZ,,,3.0,1.880912
202404.0,2024-04-26,94372.0,STA BARBARA MATRIZ,Consumidor Especial,SUL,3.0,1.256528
202404.0,2024-04-26,94372.0,STA BARBARA MATRIZ,Consumidor Especial,SUL,3.0,1.256528
,2024-04-26,,STA BARBARA MATRIZ,,,3.0,1.256528
202404.0,2024-04-27,94372.0,STA BARBARA MATRIZ,Consumidor Especial,SUL,3.0,1.684238
202404.0,2024-04-27,94372.0,STA BARBARA MATRIZ,Consumidor Especial,SUL,3.0,1.684238
,2024-04-27,,STA BARBARA MATRIZ,,,3.0,1.684238
202404.0,2024-04-28,94372.0,STA BARBARA MATRIZ,Consumidor Especial,SUL,3.0,1.426638
202404.0,2024-04-28,94372.0,STA BARBARA MATRIZ,Consumidor Especial,SUL,3.0,1.426638
,2024-04-28,,STA BARBARA MATRIZ,,,3.0,1.426638
202404.0,2024-04-29,94372.0,STA BARBARA MATRIZ,Consumidor Especial,SUL,3.0,1.22194
202404.0,2024-04-29,94372.0,STA BARBARA MATRIZ,Consumidor Especial,SUL,3.0,1.22194
,2024-04-29,,STA BARBARA MATRIZ,,,3.0,1.22194
202404.0,2024-04-30,94372.0,STA BARBARA MATRIZ,Consumidor Especial,SUL,3.0,1.365502
202404.0,2024-04-30,94372.0,STA BARBARA MATRIZ,Consumidor Especial,SUL,3.0,1.365502
,2024-04-30,,STA BARBARA MATRIZ,,,3.0,1.365502
202405.0,2024-05-01,94372.0,STA BARBARA MATRIZ,Consumidor Especial,SUL,3.0,0.326841
202405.0,2024-05-01,94372.0,STA BARBARA MATRIZ,Consumidor Especial,SUL,3.0,0.326841
,2024-05-01,,STA BARBARA MATRIZ,,,3.0,0.326841
202405.0,2024-05-02,94372.0,STA BARBARA MATRIZ,Consumidor Especial,SUL,3.0,0.487485
202405.0,2024-05-02,94372.0,STA BARBARA MATRIZ,Consumidor Especial,SUL,3.0,0.487485
,2024-05-02,,STA BARBARA MATRIZ,,,3.0,0.487485
202405.0,2024-05-03,94372.0,STA BARBARA MATRIZ,Consumidor Especial,SUL,3.0,1.05058
202405.0,2024-05-03,94372.0,STA BARBARA MATRIZ,Consumidor Especial,SUL,3.0,1.05058
,2024-05-03,,STA BARBARA MATRIZ,,,3.0,1.05058
202405.0,2024-05-04,94372.0,STA BARBARA MATRIZ,Consumidor Especial,SUL,3.0,0.672841
202405.0,2024-05-04,94372.0,STA BARBARA MATRIZ,Consumidor Especial,SUL,3.0,0.672841
,2024-05-04,,STA BARBARA MATRIZ,,,3.0,0.672841
202405.0,2024-05-05,94372.0,STA BARBARA MATRIZ,Consumidor Especial,SUL,3.0,0.268226
202405.0,2024-05-05,94372.0,STA BARBARA MATRIZ,Consumidor Especial,SUL,3.0,0.268226
,2024-05-05,,STA BARBARA MATRIZ,,,3.0,0.268226
202405.0,2024-05-06,94372.0,STA BARBARA MATRIZ,Consumidor Especial,SUL,3.0,1.79658
202405.0,2024-05-06,94372.0,STA BARBARA MATRIZ,Consumidor Especial,SUL,3.0,1.79658
,2024-05-06,,STA BARBARA MATRIZ,,,3.0,1.79658
202405.0,2024-05-07,94372.0,STA BARBARA MATRIZ,Consumidor Especial,SUL,3.0,2.857373
202405.0,2024-05-07,94372.0,STA BARBARA MATRIZ,Consumidor Especial,SUL,3.0,2.857373
,2024-05-07,,STA BARBARA MATRIZ,,,3.0,2.857373
202405.0,2024-05-08,94372.0,STA BARBARA MATRIZ,Consumidor Especial,SUL,3.0,1.645028
202405.0,2024-05-08,94372.0,STA BARBARA MATRIZ,Consumidor Especial,SUL,3.0,1.645028
,2024-05-08,,STA BARBARA MATRIZ,,,3.0,1.645028
202405.0,2024-05-09,94372.0,STA BARBARA MATRIZ,Consumidor Especial,SUL,3.0,1.647349
202405.0,2024-05-09,94372.0,STA BARBARA MATRIZ,Consumidor Especial,SUL,3.0,1.647349
,2024-05-09,,STA BARBARA MATRIZ,,,3.0,1.647349
202405.0,2024-05-10,94372.0,STA BARBARA MATRIZ,Consumidor Especial,SUL,3.0,1.796855
202405.0,2024-05-10,94372.0,STA BARBARA MATRIZ,Consumidor Especial,SUL,3.0,1.796855
,2024-05-10,,STA BARBARA MATRIZ,,,3.0,1.796855
202405.0,2024-05-11,94372.0,STA BARBARA MATRIZ,Consumidor Especial,SUL,3.0,0.7067479999999999
202405.0,2024-05-11,94372.0,STA BARBARA MATRIZ,Consumidor Especial,SUL,3.0,0.7067479999999999
,2024-05-11,,STA BARBARA MATRIZ,,,3.0,0.7067479999999999
202405.0,2024-05-12,94372.0,STA BARBARA MATRIZ,Consumidor Especial,SUL,3.0,0.613591
202405.0,2024-05-12,94372.0,STA BARBARA MATRIZ,Consumidor Especial,SUL,3.0,0.613591
,2024-05-12,,STA BARBARA MATRIZ,,,3.0,0.613591
202405.0,2024-05-13,94372.0,STA BARBARA MATRIZ,Consumidor Especial,SUL,3.0,1.264371
202405.0,2024-05-13,94372.0,STA BARBARA MATRIZ,Consumidor Especial,SUL,3.0,1.264371
,2024-05-13,,STA BARBARA MATRIZ,,,3.0,1.264371
202405.0,2024-05-14,94372.0,STA BARBARA MATRIZ,Consumidor Especial,SUL,3.0,2.054339
202405.0,2024-05-14,94372.0,STA BARBARA MATRIZ,Consumidor Especial,SUL,3.0,2.054339
,2024-05-14,,STA BARBARA MATRIZ,,,3.0,2.054339
202405.0,2024-05-15,94372.0,STA BARBARA MATRIZ,Consumidor Especial,SUL,3.0,1.839701
202405.0,2024-05-15,94372.0,STA BARBARA MATRIZ,Consumidor Especial,SUL,3.0,1.839701
,2024-05-15,,STA BARBARA MATRIZ,,,3.0,1.839701
202405.0,2024-05-16,94372.0,STA BARBARA MATRIZ,Consumidor Especial,SUL,3.0,1.34326
202405.0,2024-05-16,94372.0,STA BARBARA MATRIZ,Consumidor Especial,SUL,3.0,1.34326
,2024-05-16,,STA BARBARA MATRIZ,,,3.0,1.34326
202405.0,2024-05-17,94372.0,STA BARBARA MATRIZ,Consumidor Especial,SUL,3.0,1.358186
202405.0,2024-05-17,94372.0,STA BARBARA MATRIZ,Consumidor Especial,SUL,3.0,1.358186
,2024-05-17,,STA BARBARA MATRIZ,,,3.0,1.358186
202405.0,2024-05-18,94372.0,STA BARBARA MATRIZ,Consumidor Especial,SUL,3.0,0.384609
202405.0,2024-05-18,94372.0,STA BARBARA MATRIZ,Consumidor Especial,SUL,3.0,0.384609
,2024-05-18,,STA BARBARA MATRIZ,,,3.0,0.384609
202405.0,2024-05-19,94372.0,STA BARBARA MATRIZ,Consumidor Especial,SUL,3.0,0.24008
202405.0,2024-05-19,94372.0,STA BARBARA MATRIZ,Consumidor Especial,SUL,3.0,0.24008
,2024-05-19,,STA BARBARA MATRIZ,,,3.0,0.24008
202405.0,2024-05-20,94372.0,STA BARBARA MATRIZ,Consumidor Especial,SUL,3.0,1.229803
202405.0,2024-05-20,94372.0,STA BARBARA MATRIZ,Consumidor Especial,SUL,3.0,1.229803
,2024-05-20,,STA BARBARA MATRIZ,,,3.0,1.229803
202405.0,2024-05-21,94372.0,STA BARBARA MATRIZ,Consumidor Especial,SUL,3.0,1.401376
202405.0,2024-05-21,94372.0,STA BARBARA MATRIZ,Consumidor Especial,SUL,3.0,1.401376
,2024-05-21,,STA BARBARA MATRIZ,,,3.0,1.401376
202405.0,2024-05-22,94372.0,STA BARBARA MATRIZ,Consumidor Especial,SUL,3.0,2.487153
202405.0,2024-05-22,94372.0,STA BARBARA MATRIZ,Consumidor Especial,SUL,3.0,2.487153
,2024-05-22,,STA BARBARA MATRIZ,,,3.0,2.487153
202405.0,2024-05-23,94372.0,STA BARBARA MATRIZ,Consumidor Especial,SUL,3.0,0.953851
202405.0,2024-05-23,94372.0,STA BARBARA MATRIZ,Consumidor Especial,SUL,3.0,0.953851
,2024-05-23,,STA BARBARA MATRIZ,,,3.0,0.953851
202405.0,2024-05-24,94372.0,STA BARBARA MATRIZ,Consumidor Especial,SUL,3.0,0.661835
202405.0,2024-05-24,94372.0,STA BARBARA MATRIZ,Consumidor Especial,SUL,3.0,0.661835
,2024-05-24,,STA BARBARA MATRIZ,,,3.0,0.661835
202405.0,2024-05-25,94372.0,STA BARBARA MATRIZ,Consumidor Especial,SUL,3.0,1.061251
202405.0,2024-05-25,94372.0,STA BARBARA MATRIZ,Consumidor Especial,SUL,3.0,1.061251
,2024-05-25,,STA BARBARA MATRIZ,,,3.0,1.061251
202405.0,2024-05-26,94372.0,STA BARBARA MATRIZ,Consumidor Especial,SUL,3.0,1.346081
202405.0,2024-05-26,94372.0,STA BARBARA MATRIZ,Consumidor Especial,SUL,3.0,1.346081
,2024-05-26,,STA BARBARA MATRIZ,,,3.0,1.346081
202405.0,2024-05-27,94372.0,STA BARBARA MATRIZ,Consumidor Especial,SUL,3.0,1.59899
202405.0,2024-05-27,94372.0,STA BARBARA MATRIZ,Consumidor Especial,SUL,3.0,1.59899
,2024-05-27,,STA BARBARA MATRIZ,,,3.0,1.59899
202405.0,2024-05-28,94372.0,STA BARBARA MATRIZ,Consumidor Especial,SUL,3.0,1.988266
202405.0,2024-05-28,94372.0,STA BARBARA MATRIZ,Consumidor Especial,SUL,3.0,1.988266
,2024-05-28,,STA BARBARA MATRIZ,,,3.0,1.988266
202405.0,2024-05-29,94372.0,STA BARBARA MATRIZ,Consumidor Especial,SUL,3.0,2.155221
202405.0,2024-05-29,94372.0,STA BARBARA MATRIZ,Consumidor Especial,SUL,3.0,2.155221
,2024-05-29,,STA BARBARA MATRIZ,,,3.0,2.155221
202405.0,2024-05-30,94372.0,STA BARBARA MATRIZ,Consumidor Especial,SUL,3.0,2.085696
202405.0,2024-05-30,94372.0,STA BARBARA MATRIZ,Consumidor Especial,SUL,3.0,2.085696
,2024-05-30,,STA BARBARA MATRIZ,,,3.0,2.085696
202405.0,2024-05-31,94372.0,STA BARBARA MATRIZ,Consumidor Especial,SUL,3.0,1.547563
202405.0,2024-05-31,94372.0,STA BARBARA MATRIZ,Consumidor Especial,SUL,3.0,1.547563
,2024-05-31,,STA BARBARA MATRIZ,,,3.0,1.547563
202406.0,2024-06-01,94372.0,STA BARBARA MATRIZ,Consumidor Especial,SUL,3.0,0.439015
202406.0,2024-06-01,94372.0,STA BARBARA MATRIZ,Consumidor Especial,SUL,3.0,0.439015
,2024-06-01,,STA BARBARA MATRIZ,,,3.0,0.439015
202406.0,2024-06-02,94372.0,STA BARBARA MATRIZ,Consumidor Especial,SUL,3.0,0.402395
202406.0,2024-06-02,94372.0,STA BARBARA MATRIZ,Consumidor Especial,SUL,3.0,0.402395
,2024-06-02,,STA BARBARA MATRIZ,,,3.0,0.402395
202406.0,2024-06-03,94372.0,STA BARBARA MATRIZ,Consumidor Especial,SUL,3.0,1.557813
202406.0,2024-06-03,94372.0,STA BARBARA MATRIZ,Consumidor Especial,SUL,3.0,1.557813
,2024-06-03,,STA BARBARA MATRIZ,,,3.0,1.557813
202406.0,2024-06-04,94372.0,STA BARBARA MATRIZ,Consumidor Especial,SUL,3.0,1.991263
202406.0,2024-06-04,94372.0,STA BARBARA MATRIZ,Consumidor Especial,SUL,3.0,1.991263
,2024-06-04,,STA BARBARA MATRIZ,,,3.0,1.991263
202406.0,2024-06-05,94372.0,STA BARBARA MATRIZ,Consumidor Especial,SUL,3.0,1.603797
202406.0,2024-06-05,94372.0,STA BARBARA MATRIZ,Consumidor Especial,SUL,3.0,1.603797
,2024-06-05,,STA BARBARA MATRIZ,,,3.0,1.603797
202406.0,2024-06-06,94372.0,STA BARBARA MATRIZ,Consumidor Especial,SUL,3.0,2.28119
202406.0,2024-06-06,94372.0,STA BARBARA MATRIZ,Consumidor Especial,SUL,3.0,2.28119
,2024-06-06,,STA BARBARA MATRIZ,,,3.0,2.28119
202406.0,2024-06-07,94372.0,STA BARBARA MATRIZ,Consumidor Especial,SUL,3.0,1.781975
202406.0,2024-06-07,94372.0,STA BARBARA MATRIZ,Consumidor Especial,SUL,3.0,1.781975
,2024-06-07,,STA BARBARA MATRIZ,,,3.0,1.781975
202406.0,2024-06-08,94372.0,STA BARBARA MATRIZ,Consumidor Especial,SUL,3.0,0.992346
202406.0,2024-06-08,94372.0,STA BARBARA MATRIZ,Consumidor Especial,SUL,3.0,0.992346
,2024-06-08,,STA BARBARA MATRIZ,,,3.0,0.992346
202406.0,2024-06-09,94372.0,STA BARBARA MATRIZ,Consumidor Especial,SUL,3.0,0.964113
202406.0,2024-06-09,94372.0,STA BARBARA MATRIZ,Consumidor Especial,SUL,3.0,0.964113
,2024-06-09,,STA BARBARA MATRIZ,,,3.0,0.964113
202406.0,2024-06-10,94372.0,STA BARBARA MATRIZ,Consumidor Especial,SUL,3.0,1.799689
202406.0,2024-06-10,94372.0,STA BARBARA MATRIZ,Consumidor Especial,SUL,3.0,1.799689
,2024-06-10,,STA BARBARA MATRIZ,,,3.0,1.799689
202406.0,2024-06-11,94372.0,STA BARBARA MATRIZ,Consumidor Especial,SUL,3.0,2.228056
202406.0,2024-06-11,94372.0,STA BARBARA MATRIZ,Consumidor Especial,SUL,3.0,2.228056
,2024-06-11,,STA BARBARA MATRIZ,,,3.0,2.228056
202406.0,2024-06-12,94372.0,STA BARBARA MATRIZ,Consumidor Especial,SUL,3.0,2.296045
202406.0,2024-06-12,94372.0,STA BARBARA MATRIZ,Consumidor Especial,SUL,3.0,2.296045
,2024-06-12,,STA BARBARA MATRIZ,,,3.0,2.296045
202406.0,2024-06-13,94372.0,STA BARBARA MATRIZ,Consumidor Especial,SUL,3.0,2.239607
202406.0,2024-06-13,94372.0,STA BARBARA MATRIZ,Consumidor Especial,SUL,3.0,2.239607
,2024-06-13,,STA BARBARA MATRIZ,,,3.0,2.239607
202406.0,2024-06-14,94372.0,STA BARBARA MATRIZ,Consumidor Especial,SUL,3.0,2.402363
202406.0,2024-06-14,94372.0,STA BARBARA MATRIZ,Consumidor Especial,SUL,3.0,2.402363
,2024-06-14,,STA BARBARA MATRIZ,,,3.0,2.402363
202406.0,2024-06-15,94372.0,STA BARBARA MATRIZ,Consumidor Especial,SUL,3.0,1.394319
202406.0,2024-06-15,94372.0,STA BARBARA MATRIZ,Consumidor Especial,SUL,3.0,1.394319
,2024-06-15,,STA BARBARA MATRIZ,,,3.0,1.394319
202406.0,2024-06-16,94372.0,STA BARBARA MATRIZ,Consumidor Especial,SUL,3.0,1.307349
202406.0,2024-06-16,94372.0,STA BARBARA MATRIZ,Consumidor Especial,SUL,3.0,1.307349
,2024-06-16,,STA BARBARA MATRIZ,,,3.0,1.307349
202406.0,2024-06-17,94372.0,STA BARBARA MATRIZ,Consumidor Especial,SUL,3.0,1.773016
202406.0,2024-06-17,94372.0,STA BARBARA MATRIZ,Consumidor Especial,SUL,3.0,1.773016
,2024-06-17,,STA BARBARA MATRIZ,,,3.0,1.773016
202406.0,2024-06-18,94372.0,STA BARBARA MATRIZ,Consumidor Especial,SUL,3.0,1.47123
202406.0,2024-06-18,94372.0,STA BARBARA MATRIZ,Consumidor Especial,SUL,3.0,1.47123
,2024-06-18,,STA BARBARA MATRIZ,,,3.0,1.47123
202406.0,2024-06-19,94372.0,STA BARBARA MATRIZ,Consumidor Especial,SUL,3.0,1.559831
202406.0,2024-06-19,94372.0,STA BARBARA MATRIZ,Consumidor Especial,SUL,3.0,1.559831
,2024-06-19,,STA BARBARA MATRIZ,,,3.0,1.559831
202406.0,2024-06-20,94372.0,STA BARBARA MATRIZ,Consumidor Especial,SUL,3.0,1.345156
202406.0,2024-06-20,94372.0,STA BARBARA MATRIZ,Consumidor Especial,SUL,3.0,1.345156
,2024-06-20,,STA BARBARA MATRIZ,,,3.0,1.345156
202406.0,2024-06-21,94372.0,STA BARBARA MATRIZ,Consumidor Especial,SUL,3.0,1.320819
202406.0,2024-06-21,94372.0,STA BARBARA MATRIZ,Consumidor Especial,SUL,3.0,1.320819
,2024-06-21,,STA BARBARA MATRIZ,,,3.0,1.320819
202406.0,2024-06-22,94372.0,STA BARBARA MATRIZ,Consumidor Especial,SUL,3.0,0.437922
202406.0,2024-06-22,94372.0,STA BARBARA MATRIZ,Consumidor Especial,SUL,3.0,0.437922
,2024-06-22,,STA BARBARA MATRIZ,,,3.0,0.437922
202406.0,2024-06-23,94372.0,STA BARBARA MATRIZ,Consumidor Especial,SUL,3.0,0.234588
202406.0,2024-06-23,94372.0,STA BARBARA MATRIZ,Consumidor Especial,SUL,3.0,0.234588
,2024-06-23,,STA BARBARA MATRIZ,,,3.0,0.234588
202406.0,2024-06-24,94372.0,STA BARBARA MATRIZ,Consumidor Especial,SUL,3.0,1.180105
202406.0,2024-06-24,94372.0,STA BARBARA MATRIZ,Consumidor Especial,SUL,3.0,1.180105
,2024-06-24,,STA BARBARA MATRIZ,,,3.0,1.180105
202406.0,2024-06-25,94372.0,STA BARBARA MATRIZ,Consumidor Especial,SUL,3.0,1.146534
202406.0,2024-06-25,94372.0,STA BARBARA MATRIZ,Consumidor Especial,SUL,3.0,1.146534
,2024-06-25,,STA BARBARA MATRIZ,,,3.0,1.146534
202406.0,2024-06-26,94372.0,STA BARBARA MATRIZ,Consumidor Especial,SUL,3.0,1.33164
202406.0,2024-06-26,94372.0,STA BARBARA MATRIZ,Consumidor Especial,SUL,3.0,1.33164
,2024-06-26,,STA BARBARA MATRIZ,,,3.0,1.33164
202406.0,2024-06-27,94372.0,STA BARBARA MATRIZ,Consumidor Especial,SUL,3.0,1.044702
202406.0,2024-06-27,94372.0,STA BARBARA MATRIZ,Consumidor Especial,SUL,3.0,1.044702
,2024-06-27,,STA BARBARA MATRIZ,,,3.0,1.044702
202406.0,2024-06-28,94372.0,STA BARBARA MATRIZ,Consumidor Especial,SUL,3.0,1.157448
202406.0,2024-06-28,94372.0,STA BARBARA MATRIZ,Consumidor Especial,SUL,3.0,1.157448
,2024-06-28,,STA BARBARA MATRIZ,,,3.0,1.157448
202406.0,2024-06-29,94372.0,STA BARBARA MATRIZ,Consumidor Especial,SUL,3.0,0.438153
202406.0,2024-06-29,94372.0,STA BARBARA MATRIZ,Consumidor Especial,SUL,3.0,0.438153
,2024-06-29,,STA BARBARA MATRIZ,,,3.0,0.438153
202406.0,2024-06-30,94372.0,STA BARBARA MATRIZ,Consumidor Especial,SUL,3.0,0.261654
202406.0,2024-06-30,94372.0,STA BARBARA MATRIZ,Consumidor Especial,SUL,3.0,0.261654
,2024-06-30,,STA BARBARA MATRIZ,,,3.0,0.261654
202407.0,2024-07-01,94372.0,STA BARBARA MATRIZ,Consumidor Especial,SUL,3.0,1.270592
202407.0,2024-07-01,94372.0,STA BARBARA MATRIZ,Consumidor Especial,SUL,3.0,1.270592
,2024-07-01,,STA BARBARA MATRIZ,,,3.0,1.270592
202407.0,2024-07-02,94372.0,STA BARBARA MATRIZ,Consumidor Especial,SUL,3.0,1.022539
202407.0,2024-07-02,94372.0,STA BARBARA MATRIZ,Consumidor Especial,SUL,3.0,1.022539
,2024-07-02,,STA BARBARA MATRIZ,,,3.0,1.022539
202407.0,2024-07-03,94372.0,STA BARBARA MATRIZ,Consumidor Especial,SUL,3.0,1.168823
202407.0,2024-07-03,94372.0,STA BARBARA MATRIZ,Consumidor Especial,SUL,3.0,1.168823
,2024-07-03,,STA BARBARA MATRIZ,,,3.0,1.168823
202407.0,2024-07-04,94372.0,STA BARBARA MATRIZ,Consumidor Especial,SUL,3.0,1.497096
202407.0,2024-07-04,94372.0,STA BARBARA MATRIZ,Consumidor Especial,SUL,3.0,1.497096
,2024-07-04,,STA BARBARA MATRIZ,,,3.0,1.497096
202407.0,2024-07-05,94372.0,STA BARBARA MATRIZ,Consumidor Especial,SUL,3.0,1.035328
202407.0,2024-07-05,94372.0,STA BARBARA MATRIZ,Consumidor Especial,SUL,3.0,1.035328
,2024-07-05,,STA BARBARA MATRIZ,,,3.0,1.035328
202407.0,2024-07-06,94372.0,STA BARBARA MATRIZ,Consumidor Especial,SUL,3.0,0.346487
202407.0,2024-07-06,94372.0,STA BARBARA MATRIZ,Consumidor Especial,SUL,3.0,0.346487
,2024-07-06,,STA BARBARA MATRIZ,,,3.0,0.346487
202407.0,2024-07-07,94372.0,STA BARBARA MATRIZ,Consumidor Especial,SUL,3.0,0.29022
202407.0,2024-07-07,94372.0,STA BARBARA MATRIZ,Consumidor Especial,SUL,3.0,0.29022
,2024-07-07,,STA BARBARA MATRIZ,,,3.0,0.29022
202407.0,2024-07-08,94372.0,STA BARBARA MATRIZ,Consumidor Especial,SUL,3.0,0.979281
202407.0,2024-07-08,94372.0,STA BARBARA MATRIZ,Consumidor Especial,SUL,3.0,0.979281
,2024-07-08,,STA BARBARA MATRIZ,,,3.0,0.979281
202407.0,2024-07-09,94372.0,STA BARBARA MATRIZ,Consumidor Especial,SUL,3.0,1.871821
202407.0,2024-07-09,94372.0,STA BARBARA MATRIZ,Consumidor Especial,SUL,3.0,1.871821
,2024-07-09,,STA BARBARA MATRIZ,,,3.0,1.871821
202407.0,2024-07-10,94372.0,STA BARBARA MATRIZ,Consumidor Especial,SUL,3.0,2.712287
202407.0,2024-07-10,94372.0,STA BARBARA MATRIZ,Consumidor Especial,SUL,3.0,2.712287
,2024-07-10,,STA BARBARA MATRIZ,,,3.0,2.712287
202407.0,2024-07-11,94372.0,STA BARBARA MATRIZ,Consumidor Especial,SUL,3.0,2.606218
202407.0,2024-07-11,94372.0,STA BARBARA MATRIZ,Consumidor Especial,SUL,3.0,2.606218
,2024-07-11,,STA BARBARA MATRIZ,,,3.0,2.606218
202407.0,2024-07-12,94372.0,STA BARBARA MATRIZ,Consumidor Especial,SUL,3.0,1.697004
202407.0,2024-07-12,94372.0,STA BARBARA MATRIZ,Consumidor Especial,SUL,3.0,1.697004
,2024-07-12,,STA BARBARA MATRIZ,,,3.0,1.697004
202407.0,2024-07-13,94372.0,STA BARBARA MATRIZ,Consumidor Especial,SUL,3.0,0.252266
202407.0,2024-07-13,94372.0,STA BARBARA MATRIZ,Consumidor Especial,SUL,3.0,0.252266
,2024-07-13,,STA BARBARA MATRIZ,,,3.0,0.252266
202407.0,2024-07-14,94372.0,STA BARBARA MATRIZ,Consumidor Especial,SUL,3.0,0.245428
202407.0,2024-07-14,94372.0,STA BARBARA MATRIZ,Consumidor Especial,SUL,3.0,0.245428
,2024-07-14,,STA BARBARA MATRIZ,,,3.0,0.245428
202407.0,2024-07-15,94372.0,STA BARBARA MATRIZ,Consumidor Especial,SUL,3.0,0.478766
202407.0,2024-07-15,94372.0,STA BARBARA MATRIZ,Consumidor Especial,SUL,3.0,0.478766
,2024-07-15,,STA BARBARA MATRIZ,,,3.0,0.478766
202407.0,2024-07-16,94372.0,STA BARBARA MATRIZ,Consumidor Especial,SUL,3.0,0.477592
202407.0,2024-07-16,94372.0,STA BARBARA MATRIZ,Consumidor Especial,SUL,3.0,0.477592
,2024-07-16,,STA BARBARA MATRIZ,,,3.0,0.477592
202407.0,2024-07-17,94372.0,STA BARBARA MATRIZ,Consumidor Especial,SUL,3.0,0.497275
202407.0,2024-07-17,94372.0,STA BARBARA MATRIZ,Consumidor Especial,SUL,3.0,0.497275
,2024-07-17,,STA BARBARA MATRIZ,,,3.0,0.497275
202407.0,2024-07-18,94372.0,STA BARBARA MATRIZ,Consumidor Especial,SUL,3.0,0.486274
202407.0,2024-07-18,94372.0,STA BARBARA MATRIZ,Consumidor Especial,SUL,3.0,0.486274
,2024-07-18,,STA BARBARA MATRIZ,,,3.0,0.486274
202407.0,2024-07-19,94372.0,STA BARBARA MATRIZ,Consumidor Especial,SUL,3.0,0.436495
202407.0,2024-07-19,94372.0,STA BARBARA MATRIZ,Consumidor Especial,SUL,3.0,0.436495
,2024-07-19,,STA BARBARA MATRIZ,,,3.0,0.436495
202407.0,2024-07-20,94372.0,STA BARBARA MATRIZ,Consumidor Especial,SUL,3.0,0.243347
202407.0,2024-07-20,94372.0,STA BARBARA MATRIZ,Consumidor Especial,SUL,3.0,0.243347
,2024-07-20,,STA BARBARA MATRIZ,,,3.0,0.243347
202407.0,2024-07-21,94372.0,STA BARBARA MATRIZ,Consumidor Especial,SUL,3.0,0.239075
202407.0,2024-07-21,94372.0,STA BARBARA MATRIZ,Consumidor Especial,SUL,3.0,0.239075
,2024-07-21,,STA BARBARA MATRIZ,,,3.0,0.239075
202407.0,2024-07-22,94372.0,STA BARBARA MATRIZ,Consumidor Especial,SUL,3.0,0.417225
202407.0,2024-07-22,94372.0,STA BARBARA MATRIZ,Consumidor Especial,SUL,3.0,0.417225
,2024-07-22,,STA BARBARA MATRIZ,,,3.0,0.417225
202407.0,2024-07-23,94372.0,STA BARBARA MATRIZ,Consumidor Especial,SUL,3.0,0.397744
202407.0,2024-07-23,94372.0,STA BARBARA MATRIZ,Consumidor Especial,SUL,3.0,0.397744
,2024-07-23,,STA BARBARA MATRIZ,,,3.0,0.397744
202407.0,2024-07-24,94372.0,STA BARBARA MATRIZ,Consumidor Especial,SUL,3.0,0.444237
202407.0,2024-07-24,94372.0,STA BARBARA MATRIZ,Consumidor Especial,SUL,3.0,0.444237
,2024-07-24,,STA BARBARA MATRIZ,,,3.0,0.444237
202407.0,2024-07-25,94372.0,STA BARBARA MATRIZ,Consumidor Especial,SUL,3.0,0.490116
202407.0,2024-07-25,94372.0,STA BARBARA MATRIZ,Consumidor Especial,SUL,3.0,0.490116
,2024-07-25,,STA BARBARA MATRIZ,,,3.0,0.490116
202407.0,2024-07-26,94372.0,STA BARBARA MATRIZ,Consumidor Especial,SUL,3.0,0.395333
202407.0,2024-07-26,94372.0,STA BARBARA MATRIZ,Consumidor Especial,SUL,3.0,0.395333
,2024-07-26,,STA BARBARA MATRIZ,,,3.0,0.395333
202407.0,2024-07-27,94372.0,STA BARBARA MATRIZ,Consumidor Especial,SUL,3.0,0.239
202407.0,2024-07-27,94372.0,STA BARBARA MATRIZ,Consumidor Especial,SUL,3.0,0.239
,2024-07-27,,STA BARBARA MATRIZ,,,3.0,0.239
202407.0,2024-07-28,94372.0,STA BARBARA MATRIZ,Consumidor Especial,SUL,3.0,0.227375
202407.0,2024-07-28,94372.0,STA BARBARA MATRIZ,Consumidor Especial,SUL,3.0,0.227375
,2024-07-28,,STA BARBARA MATRIZ,,,3.0,0.227375
202407.0,2024-07-29,94372.0,STA BARBARA MATRIZ,Consumidor Especial,SUL,3.0,0.380009
202407.0,2024-07-29,94372.0,STA BARBARA MATRIZ,Consumidor Especial,SUL,3.0,0.380009
,2024-07-29,,STA BARBARA MATRIZ,,,3.0,0.380009
202407.0,2024-07-30,94372.0,STA BARBARA MATRIZ,Consumidor Especial,SUL,3.0,0.395719
202407.0,2024-07-30,94372.0,STA BARBARA MATRIZ,Consumidor Especial,SUL,3.0,0.395719
,2024-07-30,,STA BARBARA MATRIZ,,,3.0,0.395719
202407.0,2024-07-31,94372.0,STA BARBARA MATRIZ,Consumidor Especial,SUL,3.0,0.357994
202407.0,2024-07-31,94372.0,STA BARBARA MATRIZ,Consumidor Especial,SUL,3.0,0.357994
,2024-07-31,,STA BARBARA MATRIZ,,,3.0,0.357994
202408.0,2024-08-01,94372.0,STA BARBARA MATRIZ,Consumidor Especial,SUL,3.0,0.396484
202408.0,2024-08-01,94372.0,STA BARBARA MATRIZ,Consumidor Especial,SUL,3.0,0.396484
,2024-08-01,,STA BARBARA MATRIZ,,,3.0,0.396484
202408.0,2024-08-02,94372.0,STA BARBARA MATRIZ,Consumidor Especial,SUL,3.0,0.346318
202408.0,2024-08-02,94372.0,STA BARBARA MATRIZ,Consumidor Especial,SUL,3.0,0.346318
,2024-08-02,,STA BARBARA MATRIZ,,,3.0,0.346318
202408.0,2024-08-03,94372.0,STA BARBARA MATRIZ,Consumidor Especial,SUL,3.0,0.248905
202408.0,2024-08-03,94372.0,STA BARBARA MATRIZ,Consumidor Especial,SUL,3.0,0.248905
,2024-08-03,,STA BARBARA MATRIZ,,,3.0,0.248905
202408.0,2024-08-04,94372.0,STA BARBARA MATRIZ,Consumidor Especial,SUL,3.0,0.247975
202408.0,2024-08-04,94372.0,STA BARBARA MATRIZ,Consumidor Especial,SUL,3.0,0.247975
,2024-08-04,,STA BARBARA MATRIZ,,,3.0,0.247975
202408.0,2024-08-05,94372.0,STA BARBARA MATRIZ,Consumidor Especial,SUL,3.0,0.357901
202408.0,2024-08-05,94372.0,STA BARBARA MATRIZ,Consumidor Especial,SUL,3.0,0.357901
,2024-08-05,,STA BARBARA MATRIZ,,,3.0,0.357901
202408.0,2024-08-06,94372.0,STA BARBARA MATRIZ,Consumidor Especial,SUL,3.0,0.358383
202408.0,2024-08-06,94372.0,STA BARBARA MATRIZ,Consumidor Especial,SUL,3.0,0.358383
,2024-08-06,,STA BARBARA MATRIZ,,,3.0,0.358383
202408.0,2024-08-07,94372.0,STA BARBARA MATRIZ,Consumidor Especial,SUL,3.0,0.3540999999999999
202408.0,2024-08-07,94372.0,STA BARBARA MATRIZ,Consumidor Especial,SUL,3.0,0.3540999999999999
,2024-08-07,,STA BARBARA MATRIZ,,,3.0,0.3540999999999999
202408.0,2024-08-08,94372.0,STA BARBARA MATRIZ,Consumidor Especial,SUL,3.0,0.34588
202408.0,2024-08-08,94372.0,STA BARBARA MATRIZ,Consumidor Especial,SUL,3.0,0.34588
,2024-08-08,,STA BARBARA MATRIZ,,,3.0,0.34588
202408.0,2024-08-09,94372.0,STA BARBARA MATRIZ,Consumidor Especial,SUL,3.0,0.463265
202408.0,2024-08-09,94372.0,STA BARBARA MATRIZ,Consumidor Especial,SUL,3.0,0.463265
,2024-08-09,,STA BARBARA MATRIZ,,,3.0,0.463265
202408.0,2024-08-10,94372.0,STA BARBARA MATRIZ,Consumidor Especial,SUL,3.0,0.3117
202408.0,2024-08-10,94372.0,STA BARBARA MATRIZ,Consumidor Especial,SUL,3.0,0.3117
,2024-08-10,,STA BARBARA MATRIZ,,,3.0,0.3117
202408.0,2024-08-11,94372.0,STA BARBARA MATRIZ,Consumidor Especial,SUL,3.0,0.261125
202408.0,2024-08-11,94372.0,STA BARBARA MATRIZ,Consumidor Especial,SUL,3.0,0.261125
,2024-08-11,,STA BARBARA MATRIZ,,,3.0,0.261125
202408.0,2024-08-12,94372.0,STA BARBARA MATRIZ,Consumidor Especial,SUL,3.0,0.40784
202408.0,2024-08-12,94372.0,STA BARBARA MATRIZ,Consumidor Especial,SUL,3.0,0.40784
,2024-08-12,,STA BARBARA MATRIZ,,,3.0,0.40784
202408.0,2024-08-13,94372.0,STA BARBARA MATRIZ,Consumidor Especial,SUL,3.0,0.3872379999999999
202408.0,2024-08-13,94372.0,STA BARBARA MATRIZ,Consumidor Especial,SUL,3.0,0.3872379999999999
,2024-08-13,,STA BARBARA MATRIZ,,,3.0,0.3872379999999999
202408.0,2024-08-14,94372.0,STA BARBARA MATRIZ,Consumidor Especial,SUL,3.0,0.358235
202408.0,2024-08-14,94372.0,STA BARBARA MATRIZ,Consumidor Especial,SUL,3.0,0.358235
,2024-08-14,,STA BARBARA MATRIZ,,,3.0,0.358235
202408.0,2024-08-15,94372.0,STA BARBARA MATRIZ,Consumidor Especial,SUL,3.0,0.328758
202408.0,2024-08-15,94372.0,STA BARBARA MATRIZ,Consumidor Especial,SUL,3.0,0.328758
,2024-08-15,,STA BARBARA MATRIZ,,,3.0,0.328758
202408.0,2024-08-16,94372.0,STA BARBARA MATRIZ,Consumidor Especial,SUL,3.0,0.319977
202408.0,2024-08-16,94372.0,STA BARBARA MATRIZ,Consumidor Especial,SUL,3.0,0.319977
,2024-08-16,,STA BARBARA MATRIZ,,,3.0,0.319977
202408.0,2024-08-17,94372.0,STA BARBARA MATRIZ,Consumidor Especial,SUL,3.0,0.239113
202408.0,2024-08-17,94372.0,STA BARBARA MATRIZ,Consumidor Especial,SUL,3.0,0.239113
,2024-08-17,,STA BARBARA MATRIZ,,,3.0,0.239113
202408.0,2024-08-18,94372.0,STA BARBARA MATRIZ,Consumidor Especial,SUL,3.0,0.226074
202408.0,2024-08-18,94372.0,STA BARBARA MATRIZ,Consumidor Especial,SUL,3.0,0.226074
,2024-08-18,,STA BARBARA MATRIZ,,,3.0,0.226074
202408.0,2024-08-19,94372.0,STA BARBARA MATRIZ,Consumidor Especial,SUL,3.0,0.373832
202408.0,2024-08-19,94372.0,STA BARBARA MATRIZ,Consumidor Especial,SUL,3.0,0.373832
,2024-08-19,,STA BARBARA MATRIZ,,,3.0,0.373832
202408.0,2024-08-20,94372.0,STA BARBARA MATRIZ,Consumidor Especial,SUL,3.0,0.303323
202408.0,2024-08-20,94372.0,STA BARBARA MATRIZ,Consumidor Especial,SUL,3.0,0.303323
,2024-08-20,,STA BARBARA MATRIZ,,,3.0,0.303323
202408.0,2024-08-21,94372.0,STA BARBARA MATRIZ,Consumidor Especial,SUL,3.0,0.307494
202408.0,2024-08-21,94372.0,STA BARBARA MATRIZ,Consumidor Especial,SUL,3.0,0.307494
,2024-08-21,,STA BARBARA MATRIZ,,,3.0,0.307494
202408.0,2024-08-22,94372.0,STA BARBARA MATRIZ,Consumidor Especial,SUL,3.0,0.315038
202408.0,2024-08-22,94372.0,STA BARBARA MATRIZ,Consumidor Especial,SUL,3.0,0.315038
,2024-08-22,,STA BARBARA MATRIZ,,,3.0,0.315038
202408.0,2024-08-23,94372.0,STA BARBARA MATRIZ,Consumidor Especial,SUL,3.0,0.358483
202408.0,2024-08-23,94372.0,STA BARBARA MATRIZ,Consumidor Especial,SUL,3.0,0.358483
,2024-08-23,,STA BARBARA MATRIZ,,,3.0,0.358483
202408.0,2024-08-24,94372.0,STA BARBARA MATRIZ,Consumidor Especial,SUL,3.0,0.229894
202408.0,2024-08-24,94372.0,STA BARBARA MATRIZ,Consumidor Especial,SUL,3.0,0.229894
,2024-08-24,,STA BARBARA MATRIZ,,,3.0,0.229894
202408.0,2024-08-25,94372.0,STA BARBARA MATRIZ,Consumidor Especial,SUL,3.0,0.214683
202408.0,2024-08-25,94372.0,STA BARBARA MATRIZ,Consumidor Especial,SUL,3.0,0.214683
,2024-08-25,,STA BARBARA MATRIZ,,,3.0,0.214683
202408.0,2024-08-26,94372.0,STA BARBARA MATRIZ,Consumidor Especial,SUL,3.0,0.4116019999999999
202408.0,2024-08-26,94372.0,STA BARBARA MATRIZ,Consumidor Especial,SUL,3.0,0.4116019999999999
,2024-08-26,,STA BARBARA MATRIZ,,,3.0,0.4116019999999999
202408.0,2024-08-27,94372.0,STA BARBARA MATRIZ,Consumidor Especial,SUL,3.0,0.315874
202408.0,2024-08-27,94372.0,STA BARBARA MATRIZ,Consumidor Especial,SUL,3.0,0.315874
,2024-08-27,,STA BARBARA MATRIZ,,,3.0,0.315874
202408.0,2024-08-28,94372.0,STA BARBARA MATRIZ,Consumidor Especial,SUL,3.0,0.331017
202408.0,2024-08-28,94372.0,STA BARBARA MATRIZ,Consumidor Especial,SUL,3.0,0.331017
,2024-08-28,,STA BARBARA MATRIZ,,,3.0,0.331017
202408.0,2024-08-29,94372.0,STA BARBARA MATRIZ,Consumidor Especial,SUL,3.0,0.34231
202408.0,2024-08-29,94372.0,STA BARBARA MATRIZ,Consumidor Especial,SUL,3.0,0.34231
,2024-08-29,,STA BARBARA MATRIZ,,,3.0,0.34231
202408.0,2024-08-30,94372.0,STA BARBARA MATRIZ,Consumidor Especial,SUL,3.0,0.346843
202408.0,2024-08-30,94372.0,STA BARBARA MATRIZ,Consumidor Especial,SUL,3.0,0.346843
,2024-08-30,,STA BARBARA MATRIZ,,,3.0,0.346843
202408.0,2024-08-31,94372.0,STA BARBARA MATRIZ,Consumidor Especial,SUL,3.0,0.235033
202408.0,2024-08-31,94372.0,STA BARBARA MATRIZ,Consumidor Especial,SUL,3.0,0.235033
,2024-08-31,,STA BARBARA MATRIZ,,,3.0,0.235033
202409.0,2024-09-01,94372.0,STA BARBARA MATRIZ,Consumidor Especial,SUL,3.0,0.221407
202409.0,2024-09-01,94372.0,STA BARBARA MATRIZ,Consumidor Especial,SUL,3.0,0.221407
,2024-09-01,,STA BARBARA MATRIZ,,,3.0,0.221407
202409.0,2024-09-02,94372.0,STA BARBARA MATRIZ,Consumidor Especial,SUL,3.0,0.338069
202409.0,2024-09-02,94372.0,STA BARBARA MATRIZ,Consumidor Especial,SUL,3.0,0.338069
,2024-09-02,,STA BARBARA MATRIZ,,,3.0,0.338069
202409.0,2024-09-03,94372.0,STA BARBARA MATRIZ,Consumidor Especial,SUL,3.0,0.321572
202409.0,2024-09-03,94372.0,STA BARBARA MATRIZ,Consumidor Especial,SUL,3.0,0.321572
,2024-09-03,,STA BARBARA MATRIZ,,,3.0,0.321572
202409.0,2024-09-04,94372.0,STA BARBARA MATRIZ,Consumidor Especial,SUL,3.0,0.340486
202409.0,2024-09-04,94372.0,STA BARBARA MATRIZ,Consumidor Especial,SUL,3.0,0.340486
,2024-09-04,,STA BARBARA MATRIZ,,,3.0,0.340486
202409.0,2024-09-05,94372.0,STA BARBARA MATRIZ,Consumidor Especial,SUL,3.0,0.303826
202409.0,2024-09-05,94372.0,STA BARBARA MATRIZ,Consumidor Especial,SUL,3.0,0.303826
,2024-09-05,,STA BARBARA MATRIZ,,,3.0,0.303826
202409.0,2024-09-06,94372.0,STA BARBARA MATRIZ,Consumidor Especial,SUL,3.0,0.322473
202409.0,2024-09-06,94372.0,STA BARBARA MATRIZ,Consumidor Especial,SUL,3.0,0.322473
,2024-09-06,,STA BARBARA MATRIZ,,,3.0,0.322473
202409.0,2024-09-07,94372.0,STA BARBARA MATRIZ,Consumidor Especial,SUL,3.0,0.230645
202409.0,2024-09-07,94372.0,STA BARBARA MATRIZ,Consumidor Especial,SUL,3.0,0.230645
,2024-09-07,,STA BARBARA MATRIZ,,,3.0,0.230645
202409.0,2024-09-08,94372.0,STA BARBARA MATRIZ,Consumidor Especial,SUL,3.0,0.233352
202409.0,2024-09-08,94372.0,STA BARBARA MATRIZ,Consumidor Especial,SUL,3.0,0.233352
,2024-09-08,,STA BARBARA MATRIZ,,,3.0,0.233352
202409.0,2024-09-09,94372.0,STA BARBARA MATRIZ,Consumidor Especial,SUL,3.0,0.399109
202409.0,2024-09-09,94372.0,STA BARBARA MATRIZ,Consumidor Especial,SUL,3.0,0.399109
,2024-09-09,,STA BARBARA MATRIZ,,,3.0,0.399109
202409.0,2024-09-10,94372.0,STA BARBARA MATRIZ,Consumidor Especial,SUL,3.0,0.386652
202409.0,2024-09-10,94372.0,STA BARBARA MATRIZ,Consumidor Especial,SUL,3.0,0.386652
,2024-09-10,,STA BARBARA MATRIZ,,,3.0,0.386652
202409.0,2024-09-11,94372.0,STA BARBARA MATRIZ,Consumidor Especial,SUL,3.0,0.355135
202409.0,2024-09-11,94372.0,STA BARBARA MATRIZ,Consumidor Especial,SUL,3.0,0.355135
,2024-09-11,,STA BARBARA MATRIZ,,,3.0,0.355135
202409.0,2024-09-12,94372.0,STA BARBARA MATRIZ,Consumidor Especial,SUL,3.0,0.351295
202409.0,2024-09-12,94372.0,STA BARBARA MATRIZ,Consumidor Especial,SUL,3.0,0.351295
,2024-09-12,,STA BARBARA MATRIZ,,,3.0,0.351295
202409.0,2024-09-13,94372.0,STA BARBARA MATRIZ,Consumidor Especial,SUL,3.0,0.33326
202409.0,2024-09-13,94372.0,STA BARBARA MATRIZ,Consumidor Especial,SUL,3.0,0.33326
,2024-09-13,,STA BARBARA MATRIZ,,,3.0,0.33326
202409.0,2024-09-14,94372.0,STA BARBARA MATRIZ,Consumidor Especial,SUL,3.0,0.242259
202409.0,2024-09-14,94372.0,STA BARBARA MATRIZ,Consumidor Especial,SUL,3.0,0.242259
,2024-09-14,,STA BARBARA MATRIZ,,,3.0,0.242259
202409.0,2024-09-15,94372.0,STA BARBARA MATRIZ,Consumidor Especial,SUL,3.0,0.232831
202409.0,2024-09-15,94372.0,STA BARBARA MATRIZ,Consumidor Especial,SUL,3.0,0.232831
,2024-09-15,,STA BARBARA MATRIZ,,,3.0,0.232831
202409.0,2024-09-16,94372.0,STA BARBARA MATRIZ,Consumidor Especial,SUL,3.0,0.274228
202409.0,2024-09-16,94372.0,STA BARBARA MATRIZ,Consumidor Especial,SUL,3.0,0.274228
,2024-09-16,,STA BARBARA MATRIZ,,,3.0,0.274228
202409.0,2024-09-17,94372.0,STA BARBARA MATRIZ,Consumidor Especial,SUL,3.0,0.235592
202409.0,2024-09-17,94372.0,STA BARBARA MATRIZ,Consumidor Especial,SUL,3.0,0.235592
,2024-09-17,,STA BARBARA MATRIZ,,,3.0,0.235592
202409.0,2024-09-18,94372.0,STA BARBARA MATRIZ,Consumidor Especial,SUL,3.0,0.258864
202409.0,2024-09-18,94372.0,STA BARBARA MATRIZ,Consumidor Especial,SUL,3.0,0.258864
,2024-09-18,,STA BARBARA MATRIZ,,,3.0,0.258864
202409.0,2024-09-19,94372.0,STA BARBARA MATRIZ,Consumidor Especial,SUL,3.0,0.279012
202409.0,2024-09-19,94372.0,STA BARBARA MATRIZ,Consumidor Especial,SUL,3.0,0.279012
,2024-09-19,,STA BARBARA MATRIZ,,,3.0,0.279012
202409.0,2024-09-20,94372.0,STA BARBARA MATRIZ,Consumidor Especial,SUL,3.0,0.238237
202409.0,2024-09-20,94372.0,STA BARBARA MATRIZ,Consumidor Especial,SUL,3.0,0.238237
,2024-09-20,,STA BARBARA MATRIZ,,,3.0,0.238237
202409.0,2024-09-21,94372.0,STA BARBARA MATRIZ,Consumidor Especial,SUL,3.0,0.249037
202409.0,2024-09-21,94372.0,STA BARBARA MATRIZ,Consumidor Especial,SUL,3.0,0.249037
,2024-09-21,,STA BARBARA MATRIZ,,,3.0,0.249037
202409.0,2024-09-22,94372.0,STA BARBARA MATRIZ,Consumidor Especial,SUL,3.0,0.231433
202409.0,2024-09-22,94372.0,STA BARBARA MATRIZ,Consumidor Especial,SUL,3.0,0.231433
,2024-09-22,,STA BARBARA MATRIZ,,,3.0,0.231433
202409.0,2024-09-23,94372.0,STA BARBARA MATRIZ,Consumidor Especial,SUL,3.0,0.452467
202409.0,2024-09-23,94372.0,STA BARBARA MATRIZ,Consumidor Especial,SUL,3.0,0.452467
,2024-09-23,,STA BARBARA MATRIZ,,,3.0,0.452467
202409.0,2024-09-24,94372.0,STA BARBARA MATRIZ,Consumidor Especial,SUL,3.0,0.419761
202409.0,2024-09-24,94372.0,STA BARBARA MATRIZ,Consumidor Especial,SUL,3.0,0.419761
,2024-09-24,,STA BARBARA MATRIZ,,,3.0,0.419761
202409.0,2024-09-25,94372.0,STA BARBARA MATRIZ,Consumidor Especial,SUL,3.0,0.392812
202409.0,2024-09-25,94372.0,STA BARBARA MATRIZ,Consumidor Especial,SUL,3.0,0.392812
,2024-09-25,,STA BARBARA MATRIZ,,,3.0,0.392812
202409.0,2024-09-26,94372.0,STA BARBARA MATRIZ,Consumidor Especial,SUL,3.0,0.316597
202409.0,2024-09-26,94372.0,STA BARBARA MATRIZ,Consumidor Especial,SUL,3.0,0.316597
,2024-09-26,,STA BARBARA MATRIZ,,,3.0,0.316597
202409.0,2024-09-27,94372.0,STA BARBARA MATRIZ,Consumidor Especial,SUL,3.0,0.309281
202409.0,2024-09-27,94372.0,STA BARBARA MATRIZ,Consumidor Especial,SUL,3.0,0.309281
,2024-09-27,,STA BARBARA MATRIZ,,,3.0,0.309281
202409.0,2024-09-28,94372.0,STA BARBARA MATRIZ,Consumidor Especial,SUL,3.0,0.257199
202409.0,2024-09-28,94372.0,STA BARBARA MATRIZ,Consumidor Especial,SUL,3.0,0.257199
,2024-09-28,,STA BARBARA MATRIZ,,,3.0,0.257199
202409.0,2024-09-29,94372.0,STA BARBARA MATRIZ,Consumidor Especial,SUL,3.0,0.256543
202409.0,2024-09-29,94372.0,STA BARBARA MATRIZ,Consumidor Especial,SUL,3.0,0.256543
,2024-09-29,,STA BARBARA MATRIZ,,,3.0,0.256543
202409.0,2024-09-30,94372.0,STA BARBARA MATRIZ,Consumidor Especial,SUL,3.0,0.399377
202409.0,2024-09-30,94372.0,STA BARBARA MATRIZ,Consumidor Especial,SUL,3.0,0.399377
,2024-09-30,,STA BARBARA MATRIZ,,,3.0,0.399377
202410.0,2024-10-01,94372.0,STA BARBARA MATRIZ,Consumidor Especial,SUL,3.0,0.405627
202410.0,2024-10-01,94372.0,STA BARBARA MATRIZ,Consumidor Especial,SUL,3.0,0.405627
,2024-10-01,,STA BARBARA MATRIZ,,,3.0,0.405627
202410.0,2024-10-02,94372.0,STA BARBARA MATRIZ,Consumidor Especial,SUL,3.0,0.35021
202410.0,2024-10-02,94372.0,STA BARBARA MATRIZ,Consumidor Especial,SUL,3.0,0.35021
,2024-10-02,,STA BARBARA MATRIZ,,,3.0,0.35021
202410.0,2024-10-03,94372.0,STA BARBARA MATRIZ,Consumidor Especial,SUL,3.0,0.310824
202410.0,2024-10-03,94372.0,STA BARBARA MATRIZ,Consumidor Especial,SUL,3.0,0.310824
,2024-10-03,,STA BARBARA MATRIZ,,,3.0,0.310824
202410.0,2024-10-04,94372.0,STA BARBARA MATRIZ,Consumidor Especial,SUL,3.0,0.308466
202410.0,2024-10-04,94372.0,STA BARBARA MATRIZ,Consumidor Especial,SUL,3.0,0.308466
,2024-10-04,,STA BARBARA MATRIZ,,,3.0,0.308466
202410.0,2024-10-05,94372.0,STA BARBARA MATRIZ,Consumidor Especial,SUL,3.0,0.211861
202410.0,2024-10-05,94372.0,STA BARBARA MATRIZ,Consumidor Especial,SUL,3.0,0.211861
,2024-10-05,,STA BARBARA MATRIZ,,,3.0,0.211861
202410.0,2024-10-06,94372.0,STA BARBARA MATRIZ,Consumidor Especial,SUL,3.0,0.234759
202410.0,2024-10-06,94372.0,STA BARBARA MATRIZ,Consumidor Especial,SUL,3.0,0.234759
,2024-10-06,,STA BARBARA MATRIZ,,,3.0,0.234759
202410.0,2024-10-07,94372.0,STA BARBARA MATRIZ,Consumidor Especial,SUL,3.0,0.337086
202410.0,2024-10-07,94372.0,STA BARBARA MATRIZ,Consumidor Especial,SUL,3.0,0.337086
,2024-10-07,,STA BARBARA MATRIZ,,,3.0,0.337086
202410.0,2024-10-08,94372.0,STA BARBARA MATRIZ,Consumidor Especial,SUL,3.0,0.335472
202410.0,2024-10-08,94372.0,STA BARBARA MATRIZ,Consumidor Especial,SUL,3.0,0.335472
,2024-10-08,,STA BARBARA MATRIZ,,,3.0,0.335472
202410.0,2024-10-09,94372.0,STA BARBARA MATRIZ,Consumidor Especial,SUL,3.0,0.347864
202410.0,2024-10-09,94372.0,STA BARBARA MATRIZ,Consumidor Especial,SUL,3.0,0.347864
,2024-10-09,,STA BARBARA MATRIZ,,,3.0,0.347864
202410.0,2024-10-10,94372.0,STA BARBARA MATRIZ,Consumidor Especial,SUL,3.0,0.334468
202410.0,2024-10-10,94372.0,STA BARBARA MATRIZ,Consumidor Especial,SUL,3.0,0.334468
,2024-10-10,,STA BARBARA MATRIZ,,,3.0,0.334468
202410.0,2024-10-11,94372.0,STA BARBARA MATRIZ,Consumidor Especial,SUL,3.0,0.32337
202410.0,2024-10-11,94372.0,STA BARBARA MATRIZ,Consumidor Especial,SUL,3.0,0.32337
,2024-10-11,,STA BARBARA MATRIZ,,,3.0,0.32337
202410.0,2024-10-12,94372.0,STA BARBARA MATRIZ,Consumidor Especial,SUL,3.0,0.220307
202410.0,2024-10-12,94372.0,STA BARBARA MATRIZ,Consumidor Especial,SUL,3.0,0.220307
,2024-10-12,,STA BARBARA MATRIZ,,,3.0,0.220307
202410.0,2024-10-13,94372.0,STA BARBARA MATRIZ,Consumidor Especial,SUL,3.0,0.216164
202410.0,2024-10-13,94372.0,STA BARBARA MATRIZ,Consumidor Especial,SUL,3.0,0.216164
,2024-10-13,,STA BARBARA MATRIZ,,,3.0,0.216164
202410.0,2024-10-14,94372.0,STA BARBARA MATRIZ,Consumidor Especial,SUL,3.0,0.368595
202410.0,2024-10-14,94372.0,STA BARBARA MATRIZ,Consumidor Especial,SUL,3.0,0.368595
,2024-10-14,,STA BARBARA MATRIZ,,,3.0,0.368595
202410.0,2024-10-15,94372.0,STA BARBARA MATRIZ,Consumidor Especial,SUL,3.0,0.386017
202410.0,2024-10-15,94372.0,STA BARBARA MATRIZ,Consumidor Especial,SUL,3.0,0.386017
,2024-10-15,,STA BARBARA MATRIZ,,,3.0,0.386017
202410.0,2024-10-16,94372.0,STA BARBARA MATRIZ,Consumidor Especial,SUL,3.0,0.374884
202410.0,2024-10-16,94372.0,STA BARBARA MATRIZ,Consumidor Especial,SUL,3.0,0.374884
,2024-10-16,,STA BARBARA MATRIZ,,,3.0,0.374884
202410.0,2024-10-17,94372.0,STA BARBARA MATRIZ,Consumidor Especial,SUL,3.0,0.364123
202410.0,2024-10-17,94372.0,STA BARBARA MATRIZ,Consumidor Especial,SUL,3.0,0.364123
,2024-10-17,,STA BARBARA MATRIZ,,,3.0,0.364123
202410.0,2024-10-18,94372.0,STA BARBARA MATRIZ,Consumidor Especial,SUL,3.0,0.326361
202410.0,2024-10-18,94372.0,STA BARBARA MATRIZ,Consumidor Especial,SUL,3.0,0.326361
,2024-10-18,,STA BARBARA MATRIZ,,,3.0,0.326361
202410.0,2024-10-19,94372.0,STA BARBARA MATRIZ,Consumidor Especial,SUL,3.0,0.27904
202410.0,2024-10-19,94372.0,STA BARBARA MATRIZ,Consumidor Especial,SUL,3.0,0.27904
,2024-10-19,,STA BARBARA MATRIZ,,,3.0,0.27904
202410.0,2024-10-20,94372.0,STA BARBARA MATRIZ,Consumidor Especial,SUL,3.0,0.282871
202410.0,2024-10-20,94372.0,STA BARBARA MATRIZ,Consumidor Especial,SUL,3.0,0.282871
,2024-10-20,,STA BARBARA MATRIZ,,,3.0,0.282871
202410.0,2024-10-21,94372.0,STA BARBARA MATRIZ,Consumidor Especial,SUL,3.0,0.654819
202410.0,2024-10-21,94372.0,STA BARBARA MATRIZ,Consumidor Especial,SUL,3.0,0.654819
,2024-10-21,,STA BARBARA MATRIZ,,,3.0,0.654819
202410.0,2024-10-22,94372.0,STA BARBARA MATRIZ,Consumidor Especial,SUL,3.0,0.939762
202410.0,2024-10-22,94372.0,STA BARBARA MATRIZ,Consumidor Especial,SUL,3.0,0.939762
,2024-10-22,,STA BARBARA MATRIZ,,,3.0,0.939762
202410.0,2024-10-23,94372.0,STA BARBARA MATRIZ,Consumidor Especial,SUL,3.0,0.908186
202410.0,2024-10-23,94372.0,STA BARBARA MATRIZ,Consumidor Especial,SUL,3.0,0.908186
,2024-10-23,,STA BARBARA MATRIZ,,,3.0,0.908186
202410.0,2024-10-24,94372.0,STA BARBARA MATRIZ,Consumidor Especial,SUL,3.0,1.400267
202410.0,2024-10-24,94372.0,STA BARBARA MATRIZ,Consumidor Especial,SUL,3.0,1.400267
,2024-10-24,,STA BARBARA MATRIZ,,,3.0,1.400267
202410.0,2024-10-25,94372.0,STA BARBARA MATRIZ,Consumidor Especial,SUL,3.0,1.340614
202410.0,2024-10-25,94372.0,STA BARBARA MATRIZ,Consumidor Especial,SUL,3.0,1.340614
,2024-10-25,,STA BARBARA MATRIZ,,,3.0,1.340614
202410.0,2024-10-26,94372.0,STA BARBARA MATRIZ,Consumidor Especial,SUL,3.0,1.324025
202410.0,2024-10-26,94372.0,STA BARBARA MATRIZ,Consumidor Especial,SUL,3.0,1.324025
,2024-10-26,,STA BARBARA MATRIZ,,,3.0,1.324025
202410.0,2024-10-27,94372.0,STA BARBARA MATRIZ,Consumidor Especial,SUL,3.0,1.061722
202410.0,2024-10-27,94372.0,STA BARBARA MATRIZ,Consumidor Especial,SUL,3.0,1.061722
,2024-10-27,,STA BARBARA MATRIZ,,,3.0,1.061722
202410.0,2024-10-28,94372.0,STA BARBARA MATRIZ,Consumidor Especial,SUL,3.0,2.128812
202410.0,2024-10-28,94372.0,STA BARBARA MATRIZ,Consumidor Especial,SUL,3.0,2.128812
,2024-10-28,,STA BARBARA MATRIZ,,,3.0,2.128812
202410.0,2024-10-29,94372.0,STA BARBARA MATRIZ,Consumidor Especial,SUL,3.0,2.404652
202410.0,2024-10-29,94372.0,STA BARBARA MATRIZ,Consumidor Especial,SUL,3.0,2.404652
,2024-10-29,,STA BARBARA MATRIZ,,,3.0,2.404652
202410.0,2024-10-30,94372.0,STA BARBARA MATRIZ,Consumidor Especial,SUL,3.0,2.042504
202410.0,2024-10-30,94372.0,STA BARBARA MATRIZ,Consumidor Especial,SUL,3.0,2.042504
,2024-10-30,,STA BARBARA MATRIZ,,,3.0,2.042504
202410.0,2024-10-31,94372.0,STA BARBARA MATRIZ,Consumidor Especial,SUL,3.0,2.720218
202410.0,2024-10-31,94372.0,STA BARBARA MATRIZ,Consumidor Especial,SUL,3.0,2.720218
,2024-10-31,,STA BARBARA MATRIZ,,,3.0,2.720218
202411.0,2024-11-01,94372.0,STA BARBARA MATRIZ,Consumidor Especial,SUL,3.0,2.333374
202411.0,2024-11-01,94372.0,STA BARBARA MATRIZ,Consumidor Especial,SUL,3.0,2.333374
,2024-11-01,,STA BARBARA MATRIZ,,,3.0,2.333374
202411.0,2024-11-02,94372.0,STA BARBARA MATRIZ,Consumidor Especial,SUL,3.0,1.690863
202411.0,2024-11-02,94372.0,STA BARBARA MATRIZ,Consumidor Especial,SUL,3.0,1.690863
,2024-11-02,,STA BARBARA MATRIZ,,,3.0,1.690863
202411.0,2024-11-03,94372.0,STA BARBARA MATRIZ,Consumidor Especial,SUL,3.0,1.74514
202411.0,2024-11-03,94372.0,STA BARBARA MATRIZ,Consumidor Especial,SUL,3.0,1.74514
,2024-11-03,,STA BARBARA MATRIZ,,,3.0,1.74514
202411.0,2024-11-04,94372.0,STA BARBARA MATRIZ,Consumidor Especial,SUL,3.0,2.850472
202411.0,2024-11-04,94372.0,STA BARBARA MATRIZ,Consumidor Especial,SUL,3.0,2.850472
,2024-11-04,,STA BARBARA MATRIZ,,,3.0,2.850472
202411.0,2024-11-05,94372.0,STA BARBARA MATRIZ,Consumidor Especial,SUL,3.0,3.105646
202411.0,2024-11-05,94372.0,STA BARBARA MATRIZ,Consumidor Especial,SUL,3.0,3.105646
,2024-11-05,,STA BARBARA MATRIZ,,,3.0,3.105646
202411.0,2024-11-06,94372.0,STA BARBARA MATRIZ,Consumidor Especial,SUL,3.0,2.53068
202411.0,2024-11-06,94372.0,STA BARBARA MATRIZ,Consumidor Especial,SUL,3.0,2.53068
,2024-11-06,,STA BARBARA MATRIZ,,,3.0,2.53068
202411.0,2024-11-07,94372.0,STA BARBARA MATRIZ,Consumidor Especial,SUL,3.0,2.219926
202411.0,2024-11-07,94372.0,STA BARBARA MATRIZ,Consumidor Especial,SUL,3.0,2.219926
,2024-11-07,,STA BARBARA MATRIZ,,,3.0,2.219926
202411.0,2024-11-08,94372.0,STA BARBARA MATRIZ,Consumidor Especial,SUL,3.0,2.325493
202411.0,2024-11-08,94372.0,STA BARBARA MATRIZ,Consumidor Especial,SUL,3.0,2.325493
,2024-11-08,,STA BARBARA MATRIZ,,,3.0,2.325493
202411.0,2024-11-09,94372.0,STA BARBARA MATRIZ,Consumidor Especial,SUL,3.0,2.019794
202411.0,2024-11-09,94372.0,STA BARBARA MATRIZ,Consumidor Especial,SUL,3.0,2.019794
,2024-11-09,,STA BARBARA MATRIZ,,,3.0,2.019794
202411.0,2024-11-10,94372.0,STA BARBARA MATRIZ,Consumidor Especial,SUL,3.0,1.584364
202411.0,2024-11-10,94372.0,STA BARBARA MATRIZ,Consumidor Especial,SUL,3.0,1.584364
,2024-11-10,,STA BARBARA MATRIZ,,,3.0,1.584364
202411.0,2024-11-11,94372.0,STA BARBARA MATRIZ,Consumidor Especial,SUL,3.0,1.539633
202411.0,2024-11-11,94372.0,STA BARBARA MATRIZ,Consumidor Especial,SUL,3.0,1.539633
,2024-11-11,,STA BARBARA MATRIZ,,,3.0,1.539633
202411.0,2024-11-12,94372.0,STA BARBARA MATRIZ,Consumidor Especial,SUL,3.0,1.463261
202411.0,2024-11-12,94372.0,STA BARBARA MATRIZ,Consumidor Especial,SUL,3.0,1.463261
,2024-11-12,,STA BARBARA MATRIZ,,,3.0,1.463261
202411.0,2024-11-13,94372.0,STA BARBARA MATRIZ,Consumidor Especial,SUL,3.0,1.910551
202411.0,2024-11-13,94372.0,STA BARBARA MATRIZ,Consumidor Especial,SUL,3.0,1.910551
,2024-11-13,,STA BARBARA MATRIZ,,,3.0,1.910551
202411.0,2024-11-14,94372.0,STA BARBARA MATRIZ,Consumidor Especial,SUL,3.0,1.251827
202411.0,2024-11-14,94372.0,STA BARBARA MATRIZ,Consumidor Especial,SUL,3.0,1.251827
,2024-11-14,,STA BARBARA MATRIZ,,,3.0,1.251827
202411.0,2024-11-15,94372.0,STA BARBARA MATRIZ,Consumidor Especial,SUL,3.0,1.071967
202411.0,2024-11-15,94372.0,STA BARBARA MATRIZ,Consumidor Especial,SUL,3.0,1.071967
,2024-11-15,,STA BARBARA MATRIZ,,,3.0,1.071967
202411.0,2024-11-16,94372.0,STA BARBARA MATRIZ,Consumidor Especial,SUL,3.0,1.388385
202411.0,2024-11-16,94372.0,STA BARBARA MATRIZ,Consumidor Especial,SUL,3.0,1.388385
,2024-11-16,,STA BARBARA MATRIZ,,,3.0,1.388385
202411.0,2024-11-17,94372.0,STA BARBARA MATRIZ,Consumidor Especial,SUL,3.0,0.723502
202411.0,2024-11-17,94372.0,STA BARBARA MATRIZ,Consumidor Especial,SUL,3.0,0.723502
,2024-11-17,,STA BARBARA MATRIZ,,,3.0,0.723502
202411.0,2024-11-18,94372.0,STA BARBARA MATRIZ,Consumidor Especial,SUL,3.0,0.965053
202411.0,2024-11-18,94372.0,STA BARBARA MATRIZ,Consumidor Especial,SUL,3.0,0.965053
,2024-11-18,,STA BARBARA MATRIZ,,,3.0,0.965053
202411.0,2024-11-19,94372.0,STA BARBARA MATRIZ,Consumidor Especial,SUL,3.0,1.26716
202411.0,2024-11-19,94372.0,STA BARBARA MATRIZ,Consumidor Especial,SUL,3.0,1.26716
,2024-11-19,,STA BARBARA MATRIZ,,,3.0,1.26716
202411.0,2024-11-20,94372.0,STA BARBARA MATRIZ,Consumidor Especial,SUL,3.0,1.493827
202411.0,2024-11-20,94372.0,STA BARBARA MATRIZ,Consumidor Especial,SUL,3.0,1.493827
,2024-11-20,,STA BARBARA MATRIZ,,,3.0,1.493827
202411.0,2024-11-21,94372.0,STA BARBARA MATRIZ,Consumidor Especial,SUL,3.0,1.515526
202411.0,2024-11-21,94372.0,STA BARBARA MATRIZ,Consumidor Especial,SUL,3.0,1.515526
,2024-11-21,,STA BARBARA MATRIZ,,,3.0,1.515526
202411.0,2024-11-22,94372.0,STA BARBARA MATRIZ,Consumidor Especial,SUL,3.0,1.834225
202411.0,2024-11-22,94372.0,STA BARBARA MATRIZ,Consumidor Especial,SUL,3.0,1.834225
,2024-11-22,,STA BARBARA MATRIZ,,,3.0,1.834225
202411.0,2024-11-23,94372.0,STA BARBARA MATRIZ,Consumidor Especial,SUL,3.0,0.841762
202411.0,2024-11-23,94372.0,STA BARBARA MATRIZ,Consumidor Especial,SUL,3.0,0.841762
,2024-11-23,,STA BARBARA MATRIZ,,,3.0,0.841762
202411.0,2024-11-24,94372.0,STA BARBARA MATRIZ,Consumidor Especial,SUL,3.0,0.651519
202411.0,2024-11-24,94372.0,STA BARBARA MATRIZ,Consumidor Especial,SUL,3.0,0.651519
,2024-11-24,,STA BARBARA MATRIZ,,,3.0,0.651519
202411.0,2024-11-25,94372.0,STA BARBARA MATRIZ,Consumidor Especial,SUL,3.0,1.88683
202411.0,2024-11-25,94372.0,STA BARBARA MATRIZ,Consumidor Especial,SUL,3.0,1.88683
,2024-11-25,,STA BARBARA MATRIZ,,,3.0,1.88683
202411.0,2024-11-26,94372.0,STA BARBARA MATRIZ,Consumidor Especial,SUL,3.0,1.708291
202411.0,2024-11-26,94372.0,STA BARBARA MATRIZ,Consumidor Especial,SUL,3.0,1.708291
,2024-11-26,,STA BARBARA MATRIZ,,,3.0,1.708291
202411.0,2024-11-27,94372.0,STA BARBARA MATRIZ,Consumidor Especial,SUL,3.0,1.907198
202411.0,2024-11-27,94372.0,STA BARBARA MATRIZ,Consumidor Especial,SUL,3.0,1.907198
,2024-11-27,,STA BARBARA MATRIZ,,,3.0,1.907198
202411.0,2024-11-28,94372.0,STA BARBARA MATRIZ,Consumidor Especial,SUL,3.0,1.565654
202411.0,2024-11-28,94372.0,STA BARBARA MATRIZ,Consumidor Especial,SUL,3.0,1.565654
,2024-11-28,,STA BARBARA MATRIZ,,,3.0,1.565654
202411.0,2024-11-29,94372.0,STA BARBARA MATRIZ,Consumidor Especial,SUL,3.0,1.302634
202411.0,2024-11-29,94372.0,STA BARBARA MATRIZ,Consumidor Especial,SUL,3.0,1.302634
,2024-11-29,,STA BARBARA MATRIZ,,,3.0,1.302634
202411.0,2024-11-30,94372.0,STA BARBARA MATRIZ,Consumidor Especial,SUL,3.0,0.318263
202411.0,2024-11-30,94372.0,STA BARBARA MATRIZ,Consumidor Especial,SUL,3.0,0.318263
,2024-11-30,,STA BARBARA MATRIZ,,,3.0,0.318263
202412.0,2024-12-01,94372.0,STA BARBARA MATRIZ,Consumidor Especial,SUL,3.0,0.278627
202412.0,2024-12-01,94372.0,STA BARBARA MATRIZ,Consumidor Especial,SUL,3.0,0.278627
,2024-12-01,,STA BARBARA MATRIZ,,,3.0,0.278627
202412.0,2024-12-02,94372.0,STA BARBARA MATRIZ,Consumidor Especial,SUL,3.0,1.227409
202412.0,2024-12-02,94372.0,STA BARBARA MATRIZ,Consumidor Especial,SUL,3.0,1.227409
,2024-12-02,,STA BARBARA MATRIZ,,,3.0,1.227409
202412.0,2024-12-03,94372.0,STA BARBARA MATRIZ,Consumidor Especial,SUL,3.0,2.091521
202412.0,2024-12-03,94372.0,STA BARBARA MATRIZ,Consumidor Especial,SUL,3.0,2.091521
,2024-12-03,,STA BARBARA MATRIZ,,,3.0,2.091521
202412.0,2024-12-04,94372.0,STA BARBARA MATRIZ,Consumidor Especial,SUL,3.0,0.896114
202412.0,2024-12-04,94372.0,STA BARBARA MATRIZ,Consumidor Especial,SUL,3.0,0.896114
,2024-12-04,,STA BARBARA MATRIZ,,,3.0,0.896114
202412.0,2024-12-05,94372.0,STA BARBARA MATRIZ,Consumidor Especial,SUL,3.0,1.916475
202412.0,2024-12-05,94372.0,STA BARBARA MATRIZ,Consumidor Especial,SUL,3.0,1.916475
,2024-12-05,,STA BARBARA MATRIZ,,,3.0,1.916475
202412.0,2024-12-06,94372.0,STA BARBARA MATRIZ,Consumidor Especial,SUL,3.0,1.917334
202412.0,2024-12-06,94372.0,STA BARBARA MATRIZ,Consumidor Especial,SUL,3.0,1.917334
,2024-12-06,,STA BARBARA MATRIZ,,,3.0,1.917334
202412.0,2024-12-07,94372.0,STA BARBARA MATRIZ,Consumidor Especial,SUL,3.0,0.398966
202412.0,2024-12-07,94372.0,STA BARBARA MATRIZ,Consumidor Especial,SUL,3.0,0.398966
,2024-12-07,,STA BARBARA MATRIZ,,,3.0,0.398966
202412.0,2024-12-08,94372.0,STA BARBARA MATRIZ,Consumidor Especial,SUL,3.0,0.261946
202412.0,2024-12-08,94372.0,STA BARBARA MATRIZ,Consumidor Especial,SUL,3.0,0.261946
,2024-12-08,,STA BARBARA MATRIZ,,,3.0,0.261946
202412.0,2024-12-09,94372.0,STA BARBARA MATRIZ,Consumidor Especial,SUL,3.0,1.04262
202412.0,2024-12-09,94372.0,STA BARBARA MATRIZ,Consumidor Especial,SUL,3.0,1.04262
,2024-12-09,,STA BARBARA MATRIZ,,,3.0,1.04262
202412.0,2024-12-10,94372.0,STA BARBARA MATRIZ,Consumidor Especial,SUL,3.0,1.137186
202412.0,2024-12-10,94372.0,STA BARBARA MATRIZ,Consumidor Especial,SUL,3.0,1.137186
,2024-12-10,,STA BARBARA MATRIZ,,,3.0,1.137186
202412.0,2024-12-11,94372.0,STA BARBARA MATRIZ,Consumidor Especial,SUL,3.0,1.053658
202412.0,2024-12-11,94372.0,STA BARBARA MATRIZ,Consumidor Especial,SUL,3.0,1.053658
,2024-12-11,,STA BARBARA MATRIZ,,,3.0,1.053658
202412.0,2024-12-12,94372.0,STA BARBARA MATRIZ,Consumidor Especial,SUL,3.0,1.778747
202412.0,2024-12-12,94372.0,STA BARBARA MATRIZ,Consumidor Especial,SUL,3.0,1.778747
,2024-12-12,,STA BARBARA MATRIZ,,,3.0,1.778747
202412.0,2024-12-13,94372.0,STA BARBARA MATRIZ,Consumidor Especial,SUL,3.0,1.627219
202412.0,2024-12-13,94372.0,STA BARBARA MATRIZ,Consumidor Especial,SUL,3.0,1.627219
,2024-12-13,,STA BARBARA MATRIZ,,,3.0,1.627219
202412.0,2024-12-14,94372.0,STA BARBARA MATRIZ,Consumidor Especial,SUL,3.0,1.261816
202412.0,2024-12-14,94372.0,STA BARBARA MATRIZ,Consumidor Especial,SUL,3.0,1.261816
,2024-12-14,,STA BARBARA MATRIZ,,,3.0,1.261816
202412.0,2024-12-15,94372.0,STA BARBARA MATRIZ,Consumidor Especial,SUL,3.0,1.080016
202412.0,2024-12-15,94372.0,STA BARBARA MATRIZ,Consumidor Especial,SUL,3.0,1.080016
,2024-12-15,,STA BARBARA MATRIZ,,,3.0,1.080016
202412.0,2024-12-16,94372.0,STA BARBARA MATRIZ,Consumidor Especial,SUL,3.0,1.293461
202412.0,2024-12-16,94372.0,STA BARBARA MATRIZ,Consumidor Especial,SUL,3.0,1.293461
,2024-12-16,,STA BARBARA MATRIZ,,,3.0,1.293461
202412.0,2024-12-17,94372.0,STA BARBARA MATRIZ,Consumidor Especial,SUL,3.0,1.511132
202412.0,2024-12-17,94372.0,STA BARBARA MATRIZ,Consumidor Especial,SUL,3.0,1.511132
,2024-12-17,,STA BARBARA MATRIZ,,,3.0,1.511132
202412.0,2024-12-18,94372.0,STA BARBARA MATRIZ,Consumidor Especial,SUL,3.0,1.759951
202412.0,2024-12-18,94372.0,STA BARBARA MATRIZ,Consumidor Especial,SUL,3.0,1.759951
,2024-12-18,,STA BARBARA MATRIZ,,,3.0,1.759951
202412.0,2024-12-19,94372.0,STA BARBARA MATRIZ,Consumidor Especial,SUL,3.0,1.261926
202412.0,2024-12-19,94372.0,STA BARBARA MATRIZ,Consumidor Especial,SUL,3.0,1.261926
,2024-12-19,,STA BARBARA MATRIZ,,,3.0,1.261926
202412.0,2024-12-20,94372.0,STA BARBARA MATRIZ,Consumidor Especial,SUL,3.0,0.723356
202412.0,2024-12-20,94372.0,STA BARBARA MATRIZ,Consumidor Especial,SUL,3.0,0.723356
,2024-12-20,,STA BARBARA MATRIZ,,,3.0,0.723356
202412.0,2024-12-21,94372.0,STA BARBARA MATRIZ,Consumidor Especial,SUL,3.0,0.299686
202412.0,2024-12-21,94372.0,STA BARBARA MATRIZ,Consumidor Especial,SUL,3.0,0.299686
,2024-12-21,,STA BARBARA MATRIZ,,,3.0,0.299686
202412.0,2024-12-22,94372.0,STA BARBARA MATRIZ,Consumidor Especial,SUL,3.0,0.256248
202412.0,2024-12-22,94372.0,STA BARBARA MATRIZ,Consumidor Especial,SUL,3.0,0.256248
,2024-12-22,,STA BARBARA MATRIZ,,,3.0,0.256248
202412.0,2024-12-23,94372.0,STA BARBARA MATRIZ,Consumidor Especial,SUL,3.0,0.953991
202412.0,2024-12-23,94372.0,STA BARBARA MATRIZ,Consumidor Especial,SUL,3.0,0.953991
,2024-12-23,,STA BARBARA MATRIZ,,,3.0,0.953991
202412.0,2024-12-24,94372.0,STA BARBARA MATRIZ,Consumidor Especial,SUL,3.0,0.331721
202412.0,2024-12-24,94372.0,STA BARBARA MATRIZ,Consumidor Especial,SUL,3.0,0.331721
,2024-12-24,,STA BARBARA MATRIZ,,,3.0,0.331721
202412.0,2024-12-25,94372.0,STA BARBARA MATRIZ,Consumidor Especial,SUL,3.0,0.259127
202412.0,2024-12-25,94372.0,STA BARBARA MATRIZ,Consumidor Especial,SUL,3.0,0.259127
,2024-12-25,,STA BARBARA MATRIZ,,,3.0,0.259127
202412.0,2024-12-26,94372.0,STA BARBARA MATRIZ,Consumidor Especial,SUL,3.0,0.497791
202412.0,2024-12-26,94372.0,STA BARBARA MATRIZ,Consumidor Especial,SUL,3.0,0.497791
,2024-12-26,,STA BARBARA MATRIZ,,,3.0,0.497791
202412.0,2024-12-27,94372.0,STA BARBARA MATRIZ,Consumidor Especial,SUL,3.0,0.734793
202412.0,2024-12-27,94372.0,STA BARBARA MATRIZ,Consumidor Especial,SUL,3.0,0.734793
,2024-12-27,,STA BARBARA MATRIZ,,,3.0,0.734793
202412.0,2024-12-28,94372.0,STA BARBARA MATRIZ,Consumidor Especial,SUL,3.0,0.290116
202412.0,2024-12-28,94372.0,STA BARBARA MATRIZ,Consumidor Especial,SUL,3.0,0.290116
,2024-12-28,,STA BARBARA MATRIZ,,,3.0,0.290116
202412.0,2024-12-29,94372.0,STA BARBARA MATRIZ,Consumidor Especial,SUL,3.0,0.27729
202412.0,2024-12-29,94372.0,STA BARBARA MATRIZ,Consumidor Especial,SUL,3.0,0.27729
,2024-12-29,,STA BARBARA MATRIZ,,,3.0,0.27729
202412.0,2024-12-30,94372.0,STA BARBARA MATRIZ,Consumidor Especial,SUL,3.0,1.029117
202412.0,2024-12-30,94372.0,STA BARBARA MATRIZ,Consumidor Especial,SUL,3.0,1.029117
,2024-12-30,,STA BARBARA MATRIZ,,,3.0,1.029117
202412.0,2024-12-31,94372.0,STA BARBARA MATRIZ,Consumidor Especial,SUL,3.0,0.328837
202412.0,2024-12-31,94372.0,STA BARBARA MATRIZ,Consumidor Especial,SUL,3.0,0.328837
,2024-12-31,,STA BARBARA MATRIZ,,,3.0,0.328837
202501.0,2025-01-01,94372.0,STA BARBARA MATRIZ,Consumidor Especial,SUL,3.0,0.306186
202501.0,2025-01-01,94372.0,STA BARBARA MATRIZ,Consumidor Especial,SUL,3.0,0.306186
,2025-01-01,,STA BARBARA MATRIZ,,,3.0,0.306186
202501.0,2025-01-02,94372.0,STA BARBARA MATRIZ,Consumidor Especial,SUL,3.0,0.985824
202501.0,2025-01-02,94372.0,STA BARBARA MATRIZ,Consumidor Especial,SUL,3.0,0.985824
,2025-01-02,,STA BARBARA MATRIZ,,,3.0,0.985824
202501.0,2025-01-03,94372.0,STA BARBARA MATRIZ,Consumidor Especial,SUL,3.0,0.758197
202501.0,2025-01-03,94372.0,STA BARBARA MATRIZ,Consumidor Especial,SUL,3.0,0.758197
,2025-01-03,,STA BARBARA MATRIZ,,,3.0,0.758197
202501.0,2025-01-04,94372.0,STA BARBARA MATRIZ,Consumidor Especial,SUL,3.0,0.33487
202501.0,2025-01-04,94372.0,STA BARBARA MATRIZ,Consumidor Especial,SUL,3.0,0.33487
,2025-01-04,,STA BARBARA MATRIZ,,,3.0,0.33487
202501.0,2025-01-05,94372.0,STA BARBARA MATRIZ,Consumidor Especial,SUL,3.0,0.307718
202501.0,2025-01-05,94372.0,STA BARBARA MATRIZ,Consumidor Especial,SUL,3.0,0.307718
,2025-01-05,,STA BARBARA MATRIZ,,,3.0,0.307718
202501.0,2025-01-06,94372.0,STA BARBARA MATRIZ,Consumidor Especial,SUL,3.0,0.909655
202501.0,2025-01-06,94372.0,STA BARBARA MATRIZ,Consumidor Especial,SUL,3.0,0.909655
,2025-01-06,,STA BARBARA MATRIZ,,,3.0,0.909655
202501.0,2025-01-07,94372.0,STA BARBARA MATRIZ,Consumidor Especial,SUL,3.0,1.071112
202501.0,2025-01-07,94372.0,STA BARBARA MATRIZ,Consumidor Especial,SUL,3.0,1.071112
,2025-01-07,,STA BARBARA MATRIZ,,,3.0,1.071112
202501.0,2025-01-08,94372.0,STA BARBARA MATRIZ,Consumidor Especial,SUL,3.0,1.356868
202501.0,2025-01-08,94372.0,STA BARBARA MATRIZ,Consumidor Especial,SUL,3.0,1.356868
,2025-01-08,,STA BARBARA MATRIZ,,,3.0,1.356868
202501.0,2025-01-09,94372.0,STA BARBARA MATRIZ,Consumidor Especial,SUL,3.0,1.569152
202501.0,2025-01-09,94372.0,STA BARBARA MATRIZ,Consumidor Especial,SUL,3.0,1.569152
,2025-01-09,,STA BARBARA MATRIZ,,,3.0,1.569152
202501.0,2025-01-10,94372.0,STA BARBARA MATRIZ,Consumidor Especial,SUL,3.0,1.436757
202501.0,2025-01-10,94372.0,STA BARBARA MATRIZ,Consumidor Especial,SUL,3.0,1.436757
,2025-01-10,,STA BARBARA MATRIZ,,,3.0,1.436757
202501.0,2025-01-11,94372.0,STA BARBARA MATRIZ,Consumidor Especial,SUL,3.0,0.408559
202501.0,2025-01-11,94372.0,STA BARBARA MATRIZ,Consumidor Especial,SUL,3.0,0.408559
,2025-01-11,,STA BARBARA MATRIZ,,,3.0,0.408559
202501.0,2025-01-12,94372.0,STA BARBARA MATRIZ,Consumidor Especial,SUL,3.0,0.268078
202501.0,2025-01-12,94372.0,STA BARBARA MATRIZ,Consumidor Especial,SUL,3.0,0.268078
,2025-01-12,,STA BARBARA MATRIZ,,,3.0,0.268078
202501.0,2025-01-13,94372.0,STA BARBARA MATRIZ,Consumidor Especial,SUL,3.0,1.329019
202501.0,2025-01-13,94372.0,STA BARBARA MATRIZ,Consumidor Especial,SUL,3.0,1.329019
,2025-01-13,,STA BARBARA MATRIZ,,,3.0,1.329019
202501.0,2025-01-14,94372.0,STA BARBARA MATRIZ,Consumidor Especial,SUL,3.0,1.385235
202501.0,2025-01-14,94372.0,STA BARBARA MATRIZ,Consumidor Especial,SUL,3.0,1.385235
,2025-01-14,,STA BARBARA MATRIZ,,,3.0,1.385235
202501.0,2025-01-15,94372.0,STA BARBARA MATRIZ,Consumidor Especial,SUL,3.0,1.124422
202501.0,2025-01-15,94372.0,STA BARBARA MATRIZ,Consumidor Especial,SUL,3.0,1.124422
,2025-01-15,,STA BARBARA MATRIZ,,,3.0,1.124422
202501.0,2025-01-16,94372.0,STA BARBARA MATRIZ,Consumidor Especial,SUL,3.0,1.415274
202501.0,2025-01-16,94372.0,STA BARBARA MATRIZ,Consumidor Especial,SUL,3.0,1.415274
,2025-01-16,,STA BARBARA MATRIZ,,,3.0,1.415274
202501.0,2025-01-17,94372.0,STA BARBARA MATRIZ,Consumidor Especial,SUL,3.0,1.600042
202501.0,2025-01-17,94372.0,STA BARBARA MATRIZ,Consumidor Especial,SUL,3.0,1.600042
,2025-01-17,,STA BARBARA MATRIZ,,,3.0,1.600042
202501.0,2025-01-18,94372.0,STA BARBARA MATRIZ,Consumidor Especial,SUL,3.0,0.456734
202501.0,2025-01-18,94372.0,STA BARBARA MATRIZ,Consumidor Especial,SUL,3.0,0.456734
,2025-01-18,,STA BARBARA MATRIZ,,,3.0,0.456734
202501.0,2025-01-19,94372.0,STA BARBARA MATRIZ,Consumidor Especial,SUL,3.0,0.322949
202501.0,2025-01-19,94372.0,STA BARBARA MATRIZ,Consumidor Especial,SUL,3.0,0.322949
,2025-01-19,,STA BARBARA MATRIZ,,,3.0,0.322949
202501.0,2025-01-20,94372.0,STA BARBARA MATRIZ,Consumidor Especial,SUL,3.0,1.446275
202501.0,2025-01-20,94372.0,STA BARBARA MATRIZ,Consumidor Especial,SUL,3.0,1.446275
,2025-01-20,,STA BARBARA MATRIZ,,,3.0,1.446275
202501.0,2025-01-21,94372.0,STA BARBARA MATRIZ,Consumidor Especial,SUL,3.0,1.602023
202501.0,2025-01-21,94372.0,STA BARBARA MATRIZ,Consumidor Especial,SUL,3.0,1.602023
,2025-01-21,,STA BARBARA MATRIZ,,,3.0,1.602023
202501.0,2025-01-22,94372.0,STA BARBARA MATRIZ,Consumidor Especial,SUL,3.0,1.734816
202501.0,2025-01-22,94372.0,STA BARBARA MATRIZ,Consumidor Especial,SUL,3.0,1.734816
,2025-01-22,,STA BARBARA MATRIZ,,,3.0,1.734816
202501.0,2025-01-23,94372.0,STA BARBARA MATRIZ,Consumidor Especial,SUL,3.0,1.615739
202501.0,2025-01-23,94372.0,STA BARBARA MATRIZ,Consumidor Especial,SUL,3.0,1.615739
,2025-01-23,,STA BARBARA MATRIZ,,,3.0,1.615739
202501.0,2025-01-24,94372.0,STA BARBARA MATRIZ,Consumidor Especial,SUL,3.0,1.203232
202501.0,2025-01-24,94372.0,STA BARBARA MATRIZ,Consumidor Especial,SUL,3.0,1.203232
,2025-01-24,,STA BARBARA MATRIZ,,,3.0,1.203232
202501.0,2025-01-25,94372.0,STA BARBARA MATRIZ,Consumidor Especial,SUL,3.0,0.29084
202501.0,2025-01-25,94372.0,STA BARBARA MATRIZ,Consumidor Especial,SUL,3.0,0.29084
,2025-01-25,,STA BARBARA MATRIZ,,,3.0,0.29084
202501.0,2025-01-26,94372.0,STA BARBARA MATRIZ,Consumidor Especial,SUL,3.0,0.280888
202501.0,2025-01-26,94372.0,STA BARBARA MATRIZ,Consumidor Especial,SUL,3.0,0.280888
,2025-01-26,,STA BARBARA MATRIZ,,,3.0,0.280888
202501.0,2025-01-27,94372.0,STA BARBARA MATRIZ,Consumidor Especial,SUL,3.0,0.695274
202501.0,2025-01-27,94372.0,STA BARBARA MATRIZ,Consumidor Especial,SUL,3.0,0.695274
,2025-01-27,,STA BARBARA MATRIZ,,,3.0,0.695274
202501.0,2025-01-28,94372.0,STA BARBARA MATRIZ,Consumidor Especial,SUL,3.0,1.36402
202501.0,2025-01-28,94372.0,STA BARBARA MATRIZ,Consumidor Especial,SUL,3.0,1.36402
,2025-01-28,,STA BARBARA MATRIZ,,,3.0,1.36402
202501.0,2025-01-29,94372.0,STA BARBARA MATRIZ,Consumidor Especial,SUL,3.0,1.508686
202501.0,2025-01-29,94372.0,STA BARBARA MATRIZ,Consumidor Especial,SUL,3.0,1.508686
,2025-01-29,,STA BARBARA MATRIZ,,,3.0,1.508686
202501.0,2025-01-30,94372.0,STA BARBARA MATRIZ,Consumidor Especial,SUL,3.0,0.598641
202501.0,2025-01-30,94372.0,STA BARBARA MATRIZ,Consumidor Especial,SUL,3.0,0.598641
,2025-01-30,,STA BARBARA MATRIZ,,,3.0,0.598641
202501.0,2025-01-31,94372.0,STA BARBARA MATRIZ,Consumidor Especial,SUL,3.0,0.591357
202501.0,2025-01-31,94372.0,STA BARBARA MATRIZ,Consumidor Especial,SUL,3.0,0.591357
,2025-01-31,,STA BARBARA MATRIZ,,,3.0,0.591357
202502.0,2025-02-01,94372.0,STA BARBARA MATRIZ,Consumidor Especial,SUL,3.0,0.311413
202502.0,2025-02-01,94372.0,STA BARBARA MATRIZ,Consumidor Especial,SUL,3.0,0.311413
,2025-02-01,,STA BARBARA MATRIZ,,,3.0,0.311413
202502.0,2025-02-02,94372.0,STA BARBARA MATRIZ,Consumidor Especial,SUL,3.0,0.296215
202502.0,2025-02-02,94372.0,STA BARBARA MATRIZ,Consumidor Especial,SUL,3.0,0.296215
,2025-02-02,,STA BARBARA MATRIZ,,,3.0,0.296215
202502.0,2025-02-03,94372.0,STA BARBARA MATRIZ,Consumidor Especial,SUL,3.0,0.685845
202502.0,2025-02-03,94372.0,STA BARBARA MATRIZ,Consumidor Especial,SUL,3.0,0.685845
,2025-02-03,,STA BARBARA MATRIZ,,,3.0,0.685845
202502.0,2025-02-04,94372.0,STA BARBARA MATRIZ,Consumidor Especial,SUL,3.0,0.611832
202502.0,2025-02-04,94372.0,STA BARBARA MATRIZ,Consumidor Especial,SUL,3.0,0.611832
,2025-02-04,,STA BARBARA MATRIZ,,,3.0,0.611832
202502.0,2025-02-05,94372.0,STA BARBARA MATRIZ,Consumidor Especial,SUL,3.0,0.7294039999999999
202502.0,2025-02-05,94372.0,STA BARBARA MATRIZ,Consumidor Especial,SUL,3.0,0.7294039999999999
,2025-02-05,,STA BARBARA MATRIZ,,,3.0,0.7294039999999999
202502.0,2025-02-06,94372.0,STA BARBARA MATRIZ,Consumidor Especial,SUL,3.0,0.606267
202502.0,2025-02-06,94372.0,STA BARBARA MATRIZ,Consumidor Especial,SUL,3.0,0.606267
,2025-02-06,,STA BARBARA MATRIZ,,,3.0,0.606267
202502.0,2025-02-07,94372.0,STA BARBARA MATRIZ,Consumidor Especial,SUL,3.0,0.543509
202502.0,2025-02-07,94372.0,STA BARBARA MATRIZ,Consumidor Especial,SUL,3.0,0.543509
,2025-02-07,,STA BARBARA MATRIZ,,,3.0,0.543509
202502.0,2025-02-08,94372.0,STA BARBARA MATRIZ,Consumidor Especial,SUL,3.0,0.323339
202502.0,2025-02-08,94372.0,STA BARBARA MATRIZ,Consumidor Especial,SUL,3.0,0.323339
,2025-02-08,,STA BARBARA MATRIZ,,,3.0,0.323339
202502.0,2025-02-09,94372.0,STA BARBARA MATRIZ,Consumidor Especial,SUL,3.0,0.358584
202502.0,2025-02-09,94372.0,STA BARBARA MATRIZ,Consumidor Especial,SUL,3.0,0.358584
,2025-02-09,,STA BARBARA MATRIZ,,,3.0,0.358584
202502.0,2025-02-10,94372.0,STA BARBARA MATRIZ,Consumidor Especial,SUL,3.0,0.604225
202502.0,2025-02-10,94372.0,STA BARBARA MATRIZ,Consumidor Especial,SUL,3.0,0.604225
,2025-02-10,,STA BARBARA MATRIZ,,,3.0,0.604225
202502.0,2025-02-11,94372.0,STA BARBARA MATRIZ,Consumidor Especial,SUL,3.0,0.518872
202502.0,2025-02-11,94372.0,STA BARBARA MATRIZ,Consumidor Especial,SUL,3.0,0.518872
,2025-02-11,,STA BARBARA MATRIZ,,,3.0,0.518872
202502.0,2025-02-12,94372.0,STA BARBARA MATRIZ,Consumidor Especial,SUL,3.0,0.533574
202502.0,2025-02-12,94372.0,STA BARBARA MATRIZ,Consumidor Especial,SUL,3.0,0.533574
,2025-02-12,,STA BARBARA MATRIZ,,,3.0,0.533574
202502.0,2025-02-13,94372.0,STA BARBARA MATRIZ,Consumidor Especial,SUL,3.0,0.440256
202502.0,2025-02-13,94372.0,STA BARBARA MATRIZ,Consumidor Especial,SUL,3.0,0.440256
,2025-02-13,,STA BARBARA MATRIZ,,,3.0,0.440256
202502.0,2025-02-14,94372.0,STA BARBARA MATRIZ,Consumidor Especial,SUL,3.0,0.702972
202502.0,2025-02-14,94372.0,STA BARBARA MATRIZ,Consumidor Especial,SUL,3.0,0.702972
,2025-02-14,,STA BARBARA MATRIZ,,,3.0,0.702972
202502.0,2025-02-15,94372.0,STA BARBARA MATRIZ,Consumidor Especial,SUL,3.0,0.286312
202502.0,2025-02-15,94372.0,STA BARBARA MATRIZ,Consumidor Especial,SUL,3.0,0.286312
,2025-02-15,,STA BARBARA MATRIZ,,,3.0,0.286312
202502.0,2025-02-16,94372.0,STA BARBARA MATRIZ,Consumidor Especial,SUL,3.0,0.29739
202502.0,2025-02-16,94372.0,STA BARBARA MATRIZ,Consumidor Especial,SUL,3.0,0.29739
,2025-02-16,,STA BARBARA MATRIZ,,,3.0,0.29739
202502.0,2025-02-17,94372.0,STA BARBARA MATRIZ,Consumidor Especial,SUL,3.0,0.540027
202502.0,2025-02-17,94372.0,STA BARBARA MATRIZ,Consumidor Especial,SUL,3.0,0.540027
,2025-02-17,,STA BARBARA MATRIZ,,,3.0,0.540027
202502.0,2025-02-18,94372.0,STA BARBARA MATRIZ,Consumidor Especial,SUL,3.0,0.543245
202502.0,2025-02-18,94372.0,STA BARBARA MATRIZ,Consumidor Especial,SUL,3.0,0.543245
,2025-02-18,,STA BARBARA MATRIZ,,,3.0,0.543245
202502.0,2025-02-19,94372.0,STA BARBARA MATRIZ,Consumidor Especial,SUL,3.0,0.531147
202502.0,2025-02-19,94372.0,STA BARBARA MATRIZ,Consumidor Especial,SUL,3.0,0.531147
,2025-02-19,,STA BARBARA MATRIZ,,,3.0,0.531147
202502.0,2025-02-20,94372.0,STA BARBARA MATRIZ,Consumidor Especial,SUL,3.0,0.513613
202502.0,2025-02-20,94372.0,STA BARBARA MATRIZ,Consumidor Especial,SUL,3.0,0.513613
,2025-02-20,,STA BARBARA MATRIZ,,,3.0,0.513613
202502.0,2025-02-21,94372.0,STA BARBARA MATRIZ,Consumidor Especial,SUL,3.0,0.643141
202502.0,2025-02-21,94372.0,STA BARBARA MATRIZ,Consumidor Especial,SUL,3.0,0.643141
,2025-02-21,,STA BARBARA MATRIZ,,,3.0,0.643141
202502.0,2025-02-22,94372.0,STA BARBARA MATRIZ,Consumidor Especial,SUL,3.0,0.403405
202502.0,2025-02-22,94372.0,STA BARBARA MATRIZ,Consumidor Especial,SUL,3.0,0.403405
,2025-02-22,,STA BARBARA MATRIZ,,,3.0,0.403405
202502.0,2025-02-23,94372.0,STA BARBARA MATRIZ,Consumidor Especial,SUL,3.0,0.360636
202502.0,2025-02-23,94372.0,STA BARBARA MATRIZ,Consumidor Especial,SUL,3.0,0.360636
,2025-02-23,,STA BARBARA MATRIZ,,,3.0,0.360636
202502.0,2025-02-24,94372.0,STA BARBARA MATRIZ,Consumidor Especial,SUL,3.0,0.730341
202502.0,2025-02-24,94372.0,STA BARBARA MATRIZ,Consumidor Especial,SUL,3.0,0.730341
,2025-02-24,,STA BARBARA MATRIZ,,,3.0,0.730341
202502.0,2025-02-25,94372.0,STA BARBARA MATRIZ,Consumidor Especial,SUL,3.0,0.619938
202502.0,2025-02-25,94372.0,STA BARBARA MATRIZ,Consumidor Especial,SUL,3.0,0.619938
,2025-02-25,,STA BARBARA MATRIZ,,,3.0,0.619938
202502.0,2025-02-26,94372.0,STA BARBARA MATRIZ,Consumidor Especial,SUL,3.0,0.648307
202502.0,2025-02-26,94372.0,STA BARBARA MATRIZ,Consumidor Especial,SUL,3.0,0.648307
,2025-02-26,,STA BARBARA MATRIZ,,,3.0,0.648307
202502.0,2025-02-27,94372.0,STA BARBARA MATRIZ,Consumidor Especial,SUL,3.0,0.521634
202502.0,2025-02-27,94372.0,STA BARBARA MATRIZ,Consumidor Especial,SUL,3.0,0.521634
,2025-02-27,,STA BARBARA MATRIZ,,,3.0,0.521634
202502.0,2025-02-28,94372.0,STA BARBARA MATRIZ,Consumidor Especial,SUL,3.0,0.595411
202502.0,2025-02-28,94372.0,STA BARBARA MATRIZ,Consumidor Especial,SUL,3.0,0.595411
,2025-02-28,,STA BARBARA MATRIZ,,,3.0,0.595411
202503.0,2025-03-01,94372.0,STA BARBARA MATRIZ,Consumidor Especial,SUL,3.0,0.294734
202503.0,2025-03-01,94372.0,STA BARBARA MATRIZ,Consumidor Especial,SUL,3.0,0.294734
,2025-03-01,,STA BARBARA MATRIZ,,,3.0,0.294734
202503.0,2025-03-02,94372.0,STA BARBARA MATRIZ,Consumidor Especial,SUL,3.0,0.301485
202503.0,2025-03-02,94372.0,STA BARBARA MATRIZ,Consumidor Especial,SUL,3.0,0.301485
,2025-03-02,,STA BARBARA MATRIZ,,,3.0,0.301485
202503.0,2025-03-03,94372.0,STA BARBARA MATRIZ,Consumidor Especial,SUL,3.0,0.7537739999999999
202503.0,2025-03-03,94372.0,STA BARBARA MATRIZ,Consumidor Especial,SUL,3.0,0.7537739999999999
,2025-03-03,,STA BARBARA MATRIZ,,,3.0,0.7537739999999999
202503.0,2025-03-04,94372.0,STA BARBARA MATRIZ,Consumidor Especial,SUL,3.0,0.401663
202503.0,2025-03-04,94372.0,STA BARBARA MATRIZ,Consumidor Especial,SUL,3.0,0.401663
,2025-03-04,,STA BARBARA MATRIZ,,,3.0,0.401663
202503.0,2025-03-05,94372.0,STA BARBARA MATRIZ,Consumidor Especial,SUL,3.0,0.682929
202503.0,2025-03-05,94372.0,STA BARBARA MATRIZ,Consumidor Especial,SUL,3.0,0.682929
,2025-03-05,,STA BARBARA MATRIZ,,,3.0,0.682929
202503.0,2025-03-06,94372.0,STA BARBARA MATRIZ,Consumidor Especial,SUL,3.0,0.574726
202503.0,2025-03-06,94372.0,STA BARBARA MATRIZ,Consumidor Especial,SUL,3.0,0.574726
,2025-03-06,,STA BARBARA MATRIZ,,,3.0,0.574726
202503.0,2025-03-07,94372.0,STA BARBARA MATRIZ,Consumidor Especial,SUL,3.0,0.6229979999999999
202503.0,2025-03-07,94372.0,STA BARBARA MATRIZ,Consumidor Especial,SUL,3.0,0.6229979999999999
,2025-03-07,,STA BARBARA MATRIZ,,,3.0,0.6229979999999999
202503.0,2025-03-08,94372.0,STA BARBARA MATRIZ,Consumidor Especial,SUL,3.0,0.384738
202503.0,2025-03-08,94372.0,STA BARBARA MATRIZ,Consumidor Especial,SUL,3.0,0.384738
,2025-03-08,,STA BARBARA MATRIZ,,,3.0,0.384738
202503.0,2025-03-09,94372.0,STA BARBARA MATRIZ,Consumidor Especial,SUL,3.0,0.415011
202503.0,2025-03-09,94372.0,STA BARBARA MATRIZ,Consumidor Especial,SUL,3.0,0.415011
,2025-03-09,,STA BARBARA MATRIZ,,,3.0,0.415011
202503.0,2025-03-10,94372.0,STA BARBARA MATRIZ,Consumidor Especial,SUL,3.0,0.892699
202503.0,2025-03-10,94372.0,STA BARBARA MATRIZ,Consumidor Especial,SUL,3.0,0.892699
,2025-03-10,,STA BARBARA MATRIZ,,,3.0,0.892699
202503.0,2025-03-11,94372.0,STA BARBARA MATRIZ,Consumidor Especial,SUL,3.0,1.209703
202503.0,2025-03-11,94372.0,STA BARBARA MATRIZ,Consumidor Especial,SUL,3.0,1.209703
,2025-03-11,,STA BARBARA MATRIZ,,,3.0,1.209703
202503.0,2025-03-12,94372.0,STA BARBARA MATRIZ,Consumidor Especial,SUL,3.0,1.200326
202503.0,2025-03-12,94372.0,STA BARBARA MATRIZ,Consumidor Especial,SUL,3.0,1.200326
,2025-03-12,,STA BARBARA MATRIZ,,,3.0,1.200326
202503.0,2025-03-13,94372.0,STA BARBARA MATRIZ,Consumidor Especial,SUL,3.0,0.807544
202503.0,2025-03-13,94372.0,STA BARBARA MATRIZ,Consumidor Especial,SUL,3.0,0.807544
,2025-03-13,,STA BARBARA MATRIZ,,,3.0,0.807544
202503.0,2025-03-14,94372.0,STA BARBARA MATRIZ,Consumidor Especial,SUL,3.0,0.753878
202503.0,2025-03-14,94372.0,STA BARBARA MATRIZ,Consumidor Especial,SUL,3.0,0.753878
,2025-03-14,,STA BARBARA MATRIZ,,,3.0,0.753878
202503.0,2025-03-15,94372.0,STA BARBARA MATRIZ,Consumidor Especial,SUL,3.0,0.715673
202503.0,2025-03-15,94372.0,STA BARBARA MATRIZ,Consumidor Especial,SUL,3.0,0.715673
,2025-03-15,,STA BARBARA MATRIZ,,,3.0,0.715673
202503.0,2025-03-16,94372.0,STA BARBARA MATRIZ,Consumidor Especial,SUL,3.0,1.837757
202503.0,2025-03-16,94372.0,STA BARBARA MATRIZ,Consumidor Especial,SUL,3.0,1.837757
,2025-03-16,,STA BARBARA MATRIZ,,,3.0,1.837757
202503.0,2025-03-17,94372.0,STA BARBARA MATRIZ,Consumidor Especial,SUL,3.0,1.867791
202503.0,2025-03-17,94372.0,STA BARBARA MATRIZ,Consumidor Especial,SUL,3.0,1.867791
,2025-03-17,,STA BARBARA MATRIZ,,,3.0,1.867791
202503.0,2025-03-18,94372.0,STA BARBARA MATRIZ,Consumidor Especial,SUL,3.0,1.914762
202503.0,2025-03-18,94372.0,STA BARBARA MATRIZ,Consumidor Especial,SUL,3.0,1.914762
,2025-03-18,,STA BARBARA MATRIZ,,,3.0,1.914762
202503.0,2025-03-19,94372.0,STA BARBARA MATRIZ,Consumidor Especial,SUL,3.0,1.902661
202503.0,2025-03-19,94372.0,STA BARBARA MATRIZ,Consumidor Especial,SUL,3.0,1.902661
,2025-03-19,,STA BARBARA MATRIZ,,,3.0,1.902661
202503.0,2025-03-20,94372.0,STA BARBARA MATRIZ,Consumidor Especial,SUL,3.0,2.162629
202503.0,2025-03-20,94372.0,STA BARBARA MATRIZ,Consumidor Especial,SUL,3.0,2.162629
,2025-03-20,,STA BARBARA MATRIZ,,,3.0,2.162629
202503.0,2025-03-21,94372.0,STA BARBARA MATRIZ,Consumidor Especial,SUL,3.0,1.449905
202503.0,2025-03-21,94372.0,STA BARBARA MATRIZ,Consumidor Especial,SUL,3.0,1.449905
,2025-03-21,,STA BARBARA MATRIZ,,,3.0,1.449905
202503.0,2025-03-22,94372.0,STA BARBARA MATRIZ,Consumidor Especial,SUL,3.0,1.215301
202503.0,2025-03-22,94372.0,STA BARBARA MATRIZ,Consumidor Especial,SUL,3.0,1.215301
,2025-03-22,,STA BARBARA MATRIZ,,,3.0,1.215301
202503.0,2025-03-23,94372.0,STA BARBARA MATRIZ,Consumidor Especial,SUL,3.0,1.140329
202503.0,2025-03-23,94372.0,STA BARBARA MATRIZ,Consumidor Especial,SUL,3.0,1.140329
,2025-03-23,,STA BARBARA MATRIZ,,,3.0,1.140329
202503.0,2025-03-24,94372.0,STA BARBARA MATRIZ,Consumidor Especial,SUL,3.0,1.375602
202503.0,2025-03-24,94372.0,STA BARBARA MATRIZ,Consumidor Especial,SUL,3.0,1.375602
,2025-03-24,,STA BARBARA MATRIZ,,,3.0,1.375602
202503.0,2025-03-25,94372.0,STA BARBARA MATRIZ,Consumidor Especial,SUL,3.0,1.534366
202503.0,2025-03-25,94372.0,STA BARBARA MATRIZ,Consumidor Especial,SUL,3.0,1.534366
,2025-03-25,,STA BARBARA MATRIZ,,,3.0,1.534366
202503.0,2025-03-26,94372.0,STA BARBARA MATRIZ,Consumidor Especial,SUL,3.0,1.583954
202503.0,2025-03-26,94372.0,STA BARBARA MATRIZ,Consumidor Especial,SUL,3.0,1.583954
,2025-03-26,,STA BARBARA MATRIZ,,,3.0,1.583954
202503.0,2025-03-27,94372.0,STA BARBARA MATRIZ,Consumidor Especial,SUL,3.0,1.331075
202503.0,2025-03-27,94372.0,STA BARBARA MATRIZ,Consumidor Especial,SUL,3.0,1.331075
,2025-03-27,,STA BARBARA MATRIZ,,,3.0,1.331075
202503.0,2025-03-28,94372.0,STA BARBARA MATRIZ,Consumidor Especial,SUL,3.0,1.543745
202503.0,2025-03-28,94372.0,STA BARBARA MATRIZ,Consumidor Especial,SUL,3.0,1.543745
,2025-03-28,,STA BARBARA MATRIZ,,,3.0,1.543745
202503.0,2025-03-29,94372.0,STA BARBARA MATRIZ,Consumidor Especial,SUL,3.0,1.243072
202503.0,2025-03-29,94372.0,STA BARBARA MATRIZ,Consumidor Especial,SUL,3.0,1.243072
,2025-03-29,,STA BARBARA MATRIZ,,,3.0,1.243072
202503.0,2025-03-30,94372.0,STA BARBARA MATRIZ,Consumidor Especial,SUL,3.0,1.351187
202503.0,2025-03-30,94372.0,STA BARBARA MATRIZ,Consumidor Especial,SUL,3.0,1.351187
,2025-03-30,,STA BARBARA MATRIZ,,,3.0,1.351187
202503.0,2025-03-31,94372.0,STA BARBARA MATRIZ,Consumidor Especial,SUL,3.0,1.463137
202503.0,2025-03-31,94372.0,STA BARBARA MATRIZ,Consumidor Especial,SUL,3.0,1.463137
,2025-03-31,,STA BARBARA MATRIZ,,,3.0,1.463137
202504.0,2025-04-01,94372.0,STA BARBARA MATRIZ,Consumidor Especial,SUL,3.0,1.324702
202504.0,2025-04-01,94372.0,STA BARBARA MATRIZ,Consumidor Especial,SUL,3.0,1.324702
,2025-04-01,,STA BARBARA MATRIZ,,,3.0,1.324702
202504.0,2025-04-02,94372.0,STA BARBARA MATRIZ,Consumidor Especial,SUL,3.0,1.330613
202504.0,2025-04-02,94372.0,STA BARBARA MATRIZ,Consumidor Especial,SUL,3.0,1.330613
,2025-04-02,,STA BARBARA MATRIZ,,,3.0,1.330613
202504.0,2025-04-03,94372.0,STA BARBARA MATRIZ,Consumidor Especial,SUL,3.0,1.711401
202504.0,2025-04-03,94372.0,STA BARBARA MATRIZ,Consumidor Especial,SUL,3.0,1.711401
,2025-04-03,,STA BARBARA MATRIZ,,,3.0,1.711401
202504.0,2025-04-04,94372.0,STA BARBARA MATRIZ,Consumidor Especial,SUL,3.0,1.171642
202504.0,2025-04-04,94372.0,STA BARBARA MATRIZ,Consumidor Especial,SUL,3.0,1.171642
,2025-04-04,,STA BARBARA MATRIZ,,,3.0,1.171642
202504.0,2025-04-05,94372.0,STA BARBARA MATRIZ,Consumidor Especial,SUL,3.0,1.899975
202504.0,2025-04-05,94372.0,STA BARBARA MATRIZ,Consumidor Especial,SUL,3.0,1.899975
,2025-04-05,,STA BARBARA MATRIZ,,,3.0,1.899975
202504.0,2025-04-06,94372.0,STA BARBARA MATRIZ,Consumidor Especial,SUL,3.0,2.029614
202504.0,2025-04-06,94372.0,STA BARBARA MATRIZ,Consumidor Especial,SUL,3.0,2.029614
,2025-04-06,,STA BARBARA MATRIZ,,,3.0,2.029614
202504.0,2025-04-07,94372.0,STA BARBARA MATRIZ,Consumidor Especial,SUL,3.0,2.023087
202504.0,2025-04-07,94372.0,STA BARBARA MATRIZ,Consumidor Especial,SUL,3.0,2.023087
,2025-04-07,,STA BARBARA MATRIZ,,,3.0,2.023087
202504.0,2025-04-08,94372.0,STA BARBARA MATRIZ,Consumidor Especial,SUL,3.0,1.869099
202504.0,2025-04-08,94372.0,STA BARBARA MATRIZ,Consumidor Especial,SUL,3.0,1.869099
,2025-04-08,,STA BARBARA MATRIZ,,,3.0,1.869099
202504.0,2025-04-09,94372.0,STA BARBARA MATRIZ,Consumidor Especial,SUL,3.0,1.740701
202504.0,2025-04-09,94372.0,STA BARBARA MATRIZ,Consumidor Especial,SUL,3.0,1.740701
,2025-04-09,,STA BARBARA MATRIZ,,,3.0,1.740701
202504.0,2025-04-10,94372.0,STA BARBARA MATRIZ,Consumidor Especial,SUL,3.0,1.553686
202504.0,2025-04-10,94372.0,STA BARBARA MATRIZ,Consumidor Especial,SUL,3.0,1.553686
,2025-04-10,,STA BARBARA MATRIZ,,,3.0,1.553686
202504.0,2025-04-11,94372.0,STA BARBARA MATRIZ,Consumidor Especial,SUL,3.0,2.272141
202504.0,2025-04-11,94372.0,STA BARBARA MATRIZ,Consumidor Especial,SUL,3.0,2.272141
,2025-04-11,,STA BARBARA MATRIZ,,,3.0,2.272141
202504.0,2025-04-12,94372.0,STA BARBARA MATRIZ,Consumidor Especial,SUL,3.0,1.756904
202504.0,2025-04-12,94372.0,STA BARBARA MATRIZ,Consumidor Especial,SUL,3.0,1.756904
,2025-04-12,,STA BARBARA MATRIZ,,,3.0,1.756904
202504.0,2025-04-13,94372.0,STA BARBARA MATRIZ,Consumidor Especial,SUL,3.0,1.438651
202504.0,2025-04-13,94372.0,STA BARBARA MATRIZ,Consumidor Especial,SUL,3.0,1.438651
,2025-04-13,,STA BARBARA MATRIZ,,,3.0,1.438651
202504.0,2025-04-14,94372.0,STA BARBARA MATRIZ,Consumidor Especial,SUL,3.0,2.463157
202504.0,2025-04-14,94372.0,STA BARBARA MATRIZ,Consumidor Especial,SUL,3.0,2.463157
,2025-04-14,,STA BARBARA MATRIZ,,,3.0,2.463157
202504.0,2025-04-15,94372.0,STA BARBARA MATRIZ,Consumidor Especial,SUL,3.0,2.877492
202504.0,2025-04-15,94372.0,STA BARBARA MATRIZ,Consumidor Especial,SUL,3.0,2.877492
,2025-04-15,,STA BARBARA MATRIZ,,,3.0,2.877492
202504.0,2025-04-16,94372.0,STA BARBARA MATRIZ,Consumidor Especial,SUL,3.0,2.611452
202504.0,2025-04-16,94372.0,STA BARBARA MATRIZ,Consumidor Especial,SUL,3.0,2.611452
,2025-04-16,,STA BARBARA MATRIZ,,,3.0,2.611452
202504.0,2025-04-17,94372.0,STA BARBARA MATRIZ,Consumidor Especial,SUL,3.0,3.233686
202504.0,2025-04-17,94372.0,STA BARBARA MATRIZ,Consumidor Especial,SUL,3.0,3.233686
,2025-04-17,,STA BARBARA MATRIZ,,,3.0,3.233686
202504.0,2025-04-18,94372.0,STA BARBARA MATRIZ,Consumidor Especial,SUL,3.0,2.931669
202504.0,2025-04-18,94372.0,STA BARBARA MATRIZ,Consumidor Especial,SUL,3.0,2.931669
,2025-04-18,,STA BARBARA MATRIZ,,,3.0,2.931669
202504.0,2025-04-19,94372.0,STA BARBARA MATRIZ,Consumidor Especial,SUL,3.0,2.924488
202504.0,2025-04-19,94372.0,STA BARBARA MATRIZ,Consumidor Especial,SUL,3.0,2.924488
,2025-04-19,,STA BARBARA MATRIZ,,,3.0,2.924488
202504.0,2025-04-20,94372.0,STA BARBARA MATRIZ,Consumidor Especial,SUL,3.0,1.995931
202504.0,2025-04-20,94372.0,STA BARBARA MATRIZ,Consumidor Especial,SUL,3.0,1.995931
,2025-04-20,,STA BARBARA MATRIZ,,,3.0,1.995931
202504.0,2025-04-21,94372.0,STA BARBARA MATRIZ,Consumidor Especial,SUL,3.0,1.329342
202504.0,2025-04-21,94372.0,STA BARBARA MATRIZ,Consumidor Especial,SUL,3.0,1.329342
,2025-04-21,,STA BARBARA MATRIZ,,,3.0,1.329342
202504.0,2025-04-22,94372.0,STA BARBARA MATRIZ,Consumidor Especial,SUL,3.0,2.300936
202504.0,2025-04-22,94372.0,STA BARBARA MATRIZ,Consumidor Especial,SUL,3.0,2.300936
,2025-04-22,,STA BARBARA MATRIZ,,,3.0,2.300936
202504.0,2025-04-23,94372.0,STA BARBARA MATRIZ,Consumidor Especial,SUL,3.0,3.155693
202504.0,2025-04-23,94372.0,STA BARBARA MATRIZ,Consumidor Especial,SUL,3.0,3.155693
,2025-04-23,,STA BARBARA MATRIZ,,,3.0,3.155693
202504.0,2025-04-24,94372.0,STA BARBARA MATRIZ,Consumidor Especial,SUL,3.0,2.984281
202504.0,2025-04-24,94372.0,STA BARBARA MATRIZ,Consumidor Especial,SUL,3.0,2.984281
,2025-04-24,,STA BARBARA MATRIZ,,,3.0,2.984281
202504.0,2025-04-25,94372.0,STA BARBARA MATRIZ,Consumidor Especial,SUL,3.0,2.426737
202504.0,2025-04-25,94372.0,STA BARBARA MATRIZ,Consumidor Especial,SUL,3.0,2.426737
,2025-04-25,,STA BARBARA MATRIZ,,,3.0,2.426737
202504.0,2025-04-26,94372.0,STA BARBARA MATRIZ,Consumidor Especial,SUL,3.0,1.255975
202504.0,2025-04-26,94372.0,STA BARBARA MATRIZ,Consumidor Especial,SUL,3.0,1.255975
,2025-04-26,,STA BARBARA MATRIZ,,,3.0,1.255975
202504.0,2025-04-27,94372.0,STA BARBARA MATRIZ,Consumidor Especial,SUL,3.0,0.949738
202504.0,2025-04-27,94372.0,STA BARBARA MATRIZ,Consumidor Especial,SUL,3.0,0.949738
,2025-04-27,,STA BARBARA MATRIZ,,,3.0,0.949738
202504.0,2025-04-28,94372.0,STA BARBARA MATRIZ,Consumidor Especial,SUL,3.0,2.491989
202504.0,2025-04-28,94372.0,STA BARBARA MATRIZ,Consumidor Especial,SUL,3.0,2.491989
,2025-04-28,,STA BARBARA MATRIZ,,,3.0,2.491989
202504.0,2025-04-29,94372.0,STA BARBARA MATRIZ,Consumidor Especial,SUL,3.0,2.471125
202504.0,2025-04-29,94372.0,STA BARBARA MATRIZ,Consumidor Especial,SUL,3.0,2.471125
,2025-04-29,,STA BARBARA MATRIZ,,,3.0,2.471125
202504.0,2025-04-30,94372.0,STA BARBARA MATRIZ,Consumidor Especial,SUL,3.0,2.877179
202504.0,2025-04-30,94372.0,STA BARBARA MATRIZ,Consumidor Especial,SUL,3.0,2.877179
,2025-04-30,,STA BARBARA MATRIZ,,,3.0,2.877179
202505.0,2025-05-01,94372.0,STA BARBARA MATRIZ,Consumidor Especial,SUL,3.0,1.928161
202505.0,2025-05-01,94372.0,STA BARBARA MATRIZ,Consumidor Especial,SUL,3.0,1.928161
,2025-05-01,,STA BARBARA MATRIZ,,,3.0,1.928161
202505.0,2025-05-02,94372.0,STA BARBARA MATRIZ,Consumidor Especial,SUL,3.0,2.650516
202505.0,2025-05-02,94372.0,STA BARBARA MATRIZ,Consumidor Especial,SUL,3.0,2.650516
,2025-05-02,,STA BARBARA MATRIZ,,,3.0,2.650516
202505.0,2025-05-03,94372.0,STA BARBARA MATRIZ,Consumidor Especial,SUL,3.0,2.46642
202505.0,2025-05-03,94372.0,STA BARBARA MATRIZ,Consumidor Especial,SUL,3.0,2.46642
,2025-05-03,,STA BARBARA MATRIZ,,,3.0,2.46642
202505.0,2025-05-04,94372.0,STA BARBARA MATRIZ,Consumidor Especial,SUL,3.0,1.587883
202505.0,2025-05-04,94372.0,STA BARBARA MATRIZ,Consumidor Especial,SUL,3.0,1.587883
,2025-05-04,,STA BARBARA MATRIZ,,,3.0,1.587883
202505.0,2025-05-05,94372.0,STA BARBARA MATRIZ,Consumidor Especial,SUL,3.0,2.175801
202505.0,2025-05-05,94372.0,STA BARBARA MATRIZ,Consumidor Especial,SUL,3.0,2.175801
,2025-05-05,,STA BARBARA MATRIZ,,,3.0,2.175801
202505.0,2025-05-06,94372.0,STA BARBARA MATRIZ,Consumidor Especial,SUL,3.0,2.601285
202505.0,2025-05-06,94372.0,STA BARBARA MATRIZ,Consumidor Especial,SUL,3.0,2.601285
,2025-05-06,,STA BARBARA MATRIZ,,,3.0,2.601285
202505.0,2025-05-07,94372.0,STA BARBARA MATRIZ,Consumidor Especial,SUL,3.0,2.658309
202505.0,2025-05-07,94372.0,STA BARBARA MATRIZ,Consumidor Especial,SUL,3.0,2.658309
,2025-05-07,,STA BARBARA MATRIZ,,,3.0,2.658309
202505.0,2025-05-08,94372.0,STA BARBARA MATRIZ,Consumidor Especial,SUL,3.0,2.956759
202505.0,2025-05-08,94372.0,STA BARBARA MATRIZ,Consumidor Especial,SUL,3.0,2.956759
,2025-05-08,,STA BARBARA MATRIZ,,,3.0,2.956759
202505.0,2025-05-09,94372.0,STA BARBARA MATRIZ,Consumidor Especial,SUL,3.0,2.34005
202505.0,2025-05-09,94372.0,STA BARBARA MATRIZ,Consumidor Especial,SUL,3.0,2.34005
,2025-05-09,,STA BARBARA MATRIZ,,,3.0,2.34005
202505.0,2025-05-10,94372.0,STA BARBARA MATRIZ,Consumidor Especial,SUL,3.0,1.862178
202505.0,2025-05-10,94372.0,STA BARBARA MATRIZ,Consumidor Especial,SUL,3.0,1.862178
,2025-05-10,,STA BARBARA MATRIZ,,,3.0,1.862178
202505.0,2025-05-11,94372.0,STA BARBARA MATRIZ,Consumidor Especial,SUL,3.0,1.788973
202505.0,2025-05-11,94372.0,STA BARBARA MATRIZ,Consumidor Especial,SUL,3.0,1.788973
,2025-05-11,,STA BARBARA MATRIZ,,,3.0,1.788973
202505.0,2025-05-12,94372.0,STA BARBARA MATRIZ,Consumidor Especial,SUL,3.0,2.659105
202505.0,2025-05-12,94372.0,STA BARBARA MATRIZ,Consumidor Especial,SUL,3.0,2.659105
,2025-05-12,,STA BARBARA MATRIZ,,,3.0,2.659105
202505.0,2025-05-13,94372.0,STA BARBARA MATRIZ,Consumidor Especial,SUL,3.0,2.921484
202505.0,2025-05-13,94372.0,STA BARBARA MATRIZ,Consumidor Especial,SUL,3.0,2.921484
,2025-05-13,,STA BARBARA MATRIZ,,,3.0,2.921484
202505.0,2025-05-14,94372.0,STA BARBARA MATRIZ,Consumidor Especial,SUL,3.0,2.810603
202505.0,2025-05-14,94372.0,STA BARBARA MATRIZ,Consumidor Especial,SUL,3.0,2.810603
,2025-05-14,,STA BARBARA MATRIZ,,,3.0,2.810603
202505.0,2025-05-15,94372.0,STA BARBARA MATRIZ,Consumidor Especial,SUL,3.0,1.665318
202505.0,2025-05-15,94372.0,STA BARBARA MATRIZ,Consumidor Especial,SUL,3.0,1.665318
,2025-05-15,,STA BARBARA MATRIZ,,,3.0,1.665318
202505.0,2025-05-16,94372.0,STA BARBARA MATRIZ,Consumidor Especial,SUL,3.0,1.412727
202505.0,2025-05-16,94372.0,STA BARBARA MATRIZ,Consumidor Especial,SUL,3.0,1.412727
,2025-05-16,,STA BARBARA MATRIZ,,,3.0,1.412727
202505.0,2025-05-17,94372.0,STA BARBARA MATRIZ,Consumidor Especial,SUL,3.0,1.459027
202505.0,2025-05-17,94372.0,STA BARBARA MATRIZ,Consumidor Especial,SUL,3.0,1.459027
,2025-05-17,,STA BARBARA MATRIZ,,,3.0,1.459027
202505.0,2025-05-18,94372.0,STA BARBARA MATRIZ,Consumidor Especial,SUL,3.0,1.192044
202505.0,2025-05-18,94372.0,STA BARBARA MATRIZ,Consumidor Especial,SUL,3.0,1.192044
,2025-05-18,,STA BARBARA MATRIZ,,,3.0,1.192044
202505.0,2025-05-19,94372.0,STA BARBARA MATRIZ,Consumidor Especial,SUL,3.0,1.741783
202505.0,2025-05-19,94372.0,STA BARBARA MATRIZ,Consumidor Especial,SUL,3.0,1.741783
,2025-05-19,,STA BARBARA MATRIZ,,,3.0,1.741783
202505.0,2025-05-20,94372.0,STA BARBARA MATRIZ,Consumidor Especial,SUL,3.0,3.288556
202505.0,2025-05-20,94372.0,STA BARBARA MATRIZ,Consumidor Especial,SUL,3.0,3.288556
,2025-05-20,,STA BARBARA MATRIZ,,,3.0,3.288556
202505.0,2025-05-21,94372.0,STA BARBARA MATRIZ,Consumidor Especial,SUL,3.0,3.123629
202505.0,2025-05-21,94372.0,STA BARBARA MATRIZ,Consumidor Especial,SUL,3.0,3.123629
,2025-05-21,,STA BARBARA MATRIZ,,,3.0,3.123629
202505.0,2025-05-22,94372.0,STA BARBARA MATRIZ,Consumidor Especial,SUL,3.0,3.049947
202505.0,2025-05-22,94372.0,STA BARBARA MATRIZ,Consumidor Especial,SUL,3.0,3.049947
,2025-05-22,,STA BARBARA MATRIZ,,,3.0,3.049947
202505.0,2025-05-23,94372.0,STA BARBARA MATRIZ,Consumidor Especial,SUL,3.0,2.377377
202505.0,2025-05-23,94372.0,STA BARBARA MATRIZ,Consumidor Especial,SUL,3.0,2.377377
,2025-05-23,,STA BARBARA MATRIZ,,,3.0,2.377377
202505.0,2025-05-24,94372.0,STA BARBARA MATRIZ,Consumidor Especial,SUL,3.0,1.011609
202505.0,2025-05-24,94372.0,STA BARBARA MATRIZ,Consumidor Especial,SUL,3.0,1.011609
,2025-05-24,,STA BARBARA MATRIZ,,,3.0,1.011609
202505.0,2025-05-25,94372.0,STA BARBARA MATRIZ,Consumidor Especial,SUL,3.0,0.597355
202505.0,2025-05-25,94372.0,STA BARBARA MATRIZ,Consumidor Especial,SUL,3.0,0.597355
,2025-05-25,,STA BARBARA MATRIZ,,,3.0,0.597355
202505.0,2025-05-26,94372.0,STA BARBARA MATRIZ,Consumidor Especial,SUL,3.0,1.296128
202505.0,2025-05-26,94372.0,STA BARBARA MATRIZ,Consumidor Especial,SUL,3.0,1.296128
,2025-05-26,,STA BARBARA MATRIZ,,,3.0,1.296128
202505.0,2025-05-27,94372.0,STA BARBARA MATRIZ,Consumidor Especial,SUL,3.0,1.474084
202505.0,2025-05-27,94372.0,STA BARBARA MATRIZ,Consumidor Especial,SUL,3.0,1.474084
,2025-05-27,,STA BARBARA MATRIZ,,,3.0,1.474084
202505.0,2025-05-28,94372.0,STA BARBARA MATRIZ,Consumidor Especial,SUL,3.0,1.298735
202505.0,2025-05-28,94372.0,STA BARBARA MATRIZ,Consumidor Especial,SUL,3.0,1.298735
,2025-05-28,,STA BARBARA MATRIZ,,,3.0,1.298735
202505.0,2025-05-29,94372.0,STA BARBARA MATRIZ,Consumidor Especial,SUL,3.0,1.564767
202505.0,2025-05-29,94372.0,STA BARBARA MATRIZ,Consumidor Especial,SUL,3.0,1.564767
,2025-05-29,,STA BARBARA MATRIZ,,,3.0,1.564767
202505.0,2025-05-30,94372.0,STA BARBARA MATRIZ,Consumidor Especial,SUL,3.0,2.058839
202505.0,2025-05-30,94372.0,STA BARBARA MATRIZ,Consumidor Especial,SUL,3.0,2.058839
,2025-05-30,,STA BARBARA MATRIZ,,,3.0,2.058839
202505.0,2025-05-31,94372.0,STA BARBARA MATRIZ,Consumidor Especial,SUL,3.0,2.214796
202505.0,2025-05-31,94372.0,STA BARBARA MATRIZ,Consumidor Especial,SUL,3.0,2.214796
,2025-05-31,,STA BARBARA MATRIZ,,,3.0,2.214796
202506.0,2025-06-01,94372.0,STA BARBARA MATRIZ,Consumidor Especial,SUL,3.0,2.480456
202506.0,2025-06-01,94372.0,STA BARBARA MATRIZ,Consumidor Especial,SUL,3.0,2.480456
,2025-06-01,,STA BARBARA MATRIZ,,,3.0,2.480456
202506.0,2025-06-02,94372.0,STA BARBARA MATRIZ,Consumidor Especial,SUL,3.0,3.067431
202506.0,2025-06-02,94372.0,STA BARBARA MATRIZ,Consumidor Especial,SUL,3.0,3.067431
,2025-06-02,,STA BARBARA MATRIZ,,,3.0,3.067431
202506.0,2025-06-03,94372.0,STA BARBARA MATRIZ,Consumidor Especial,SUL,3.0,2.147586
202506.0,2025-06-03,94372.0,STA BARBARA MATRIZ,Consumidor Especial,SUL,3.0,2.147586
,2025-06-03,,STA BARBARA MATRIZ,,,3.0,2.147586
202506.0,2025-06-04,94372.0,STA BARBARA MATRIZ,Consumidor Especial,SUL,3.0,2.642361
202506.0,2025-06-04,94372.0,STA BARBARA MATRIZ,Consumidor Especial,SUL,3.0,2.642361
,2025-06-04,,STA BARBARA MATRIZ,,,3.0,2.642361
202506.0,2025-06-05,94372.0,STA BARBARA MATRIZ,Consumidor Especial,SUL,3.0,2.635642
202506.0,2025-06-05,94372.0,STA BARBARA MATRIZ,Consumidor Especial,SUL,3.0,2.635642
,2025-06-05,,STA BARBARA MATRIZ,,,3.0,2.635642
202506.0,2025-06-06,94372.0,STA BARBARA MATRIZ,Consumidor Especial,SUL,3.0,2.628214
202506.0,2025-06-06,94372.0,STA BARBARA MATRIZ,Consumidor Especial,SUL,3.0,2.628214
,2025-06-06,,STA BARBARA MATRIZ,,,3.0,2.628214
202506.0,2025-06-07,94372.0,STA BARBARA MATRIZ,Consumidor Especial,SUL,3.0,1.298079
202506.0,2025-06-07,94372.0,STA BARBARA MATRIZ,Consumidor Especial,SUL,3.0,1.298079
,2025-06-07,,STA BARBARA MATRIZ,,,3.0,1.298079
202506.0,2025-06-08,94372.0,STA BARBARA MATRIZ,Consumidor Especial,SUL,3.0,1.079257
202506.0,2025-06-08,94372.0,STA BARBARA MATRIZ,Consumidor Especial,SUL,3.0,1.079257
,2025-06-08,,STA BARBARA MATRIZ,,,3.0,1.079257
202506.0,2025-06-09,94372.0,STA BARBARA MATRIZ,Consumidor Especial,SUL,3.0,2.606354
202506.0,2025-06-09,94372.0,STA BARBARA MATRIZ,Consumidor Especial,SUL,3.0,2.606354
,2025-06-09,,STA BARBARA MATRIZ,,,3.0,2.606354
202506.0,2025-06-10,94372.0,STA BARBARA MATRIZ,Consumidor Especial,SUL,3.0,2.5001130000000003
202506.0,2025-06-10,94372.0,STA BARBARA MATRIZ,Consumidor Especial,SUL,3.0,2.5001130000000003
,2025-06-10,,STA BARBARA MATRIZ,,,3.0,2.5001130000000003
202506.0,2025-06-11,94372.0,STA BARBARA MATRIZ,Consumidor Especial,SUL,3.0,1.342782
202506.0,2025-06-11,94372.0,STA BARBARA MATRIZ,Consumidor Especial,SUL,3.0,1.342782
,2025-06-11,,STA BARBARA MATRIZ,,,3.0,1.342782
202506.0,2025-06-12,94372.0,STA BARBARA MATRIZ,Consumidor Especial,SUL,3.0,1.262145
202506.0,2025-06-12,94372.0,STA BARBARA MATRIZ,Consumidor Especial,SUL,3.0,1.262145
,2025-06-12,,STA BARBARA MATRIZ,,,3.0,1.262145
202506.0,2025-06-13,94372.0,STA BARBARA MATRIZ,Consumidor Especial,SUL,3.0,1.442424
202506.0,2025-06-13,94372.0,STA BARBARA MATRIZ,Consumidor Especial,SUL,3.0,1.442424
,2025-06-13,,STA BARBARA MATRIZ,,,3.0,1.442424
202506.0,2025-06-14,94372.0,STA BARBARA MATRIZ,Consumidor Especial,SUL,3.0,0.784833
202506.0,2025-06-14,94372.0,STA BARBARA MATRIZ,Consumidor Especial,SUL,3.0,0.784833
,2025-06-14,,STA BARBARA MATRIZ,,,3.0,0.784833
202506.0,2025-06-15,94372.0,STA BARBARA MATRIZ,Consumidor Especial,SUL,3.0,0.616847
202506.0,2025-06-15,94372.0,STA BARBARA MATRIZ,Consumidor Especial,SUL,3.0,0.616847
,2025-06-15,,STA BARBARA MATRIZ,,,3.0,0.616847
202506.0,2025-06-16,94372.0,STA BARBARA MATRIZ,Consumidor Especial,SUL,3.0,0.832996
202506.0,2025-06-16,94372.0,STA BARBARA MATRIZ,Consumidor Especial,SUL,3.0,0.832996
,2025-06-16,,STA BARBARA MATRIZ,,,3.0,0.832996
202506.0,2025-06-17,94372.0,STA BARBARA MATRIZ,Consumidor Especial,SUL,3.0,0.624335
202506.0,2025-06-17,94372.0,STA BARBARA MATRIZ,Consumidor Especial,SUL,3.0,0.624335
,2025-06-17,,STA BARBARA MATRIZ,,,3.0,0.624335
202506.0,2025-06-18,94372.0,STA BARBARA MATRIZ,Consumidor Especial,SUL,3.0,0.754515
202506.0,2025-06-18,94372.0,STA BARBARA MATRIZ,Consumidor Especial,SUL,3.0,0.754515
,2025-06-18,,STA BARBARA MATRIZ,,,3.0,0.754515
202506.0,2025-06-19,94372.0,STA BARBARA MATRIZ,Consumidor Especial,SUL,3.0,0.575692
202506.0,2025-06-19,94372.0,STA BARBARA MATRIZ,Consumidor Especial,SUL,3.0,0.575692
,2025-06-19,,STA BARBARA MATRIZ,,,3.0,0.575692
202506.0,2025-06-20,94372.0,STA BARBARA MATRIZ,Consumidor Especial,SUL,3.0,1.021723
202506.0,2025-06-20,94372.0,STA BARBARA MATRIZ,Consumidor Especial,SUL,3.0,1.021723
,2025-06-20,,STA BARBARA MATRIZ,,,3.0,1.021723
202506.0,2025-06-21,94372.0,STA BARBARA MATRIZ,Consumidor Especial,SUL,3.0,0.628773
202506.0,2025-06-21,94372.0,STA BARBARA MATRIZ,Consumidor Especial,SUL,3.0,0.628773
,2025-06-21,,STA BARBARA MATRIZ,,,3.0,0.628773
202506.0,2025-06-22,94372.0,STA BARBARA MATRIZ,Consumidor Especial,SUL,3.0,0.256569
202506.0,2025-06-22,94372.0,STA BARBARA MATRIZ,Consumidor Especial,SUL,3.0,0.256569
,2025-06-22,,STA BARBARA MATRIZ,,,3.0,0.256569
202506.0,2025-06-23,94372.0,STA BARBARA MATRIZ,Consumidor Especial,SUL,3.0,1.973317
202506.0,2025-06-23,94372.0,STA BARBARA MATRIZ,Consumidor Especial,SUL,3.0,1.973317
,2025-06-23,,STA BARBARA MATRIZ,,,3.0,1.973317
202506.0,2025-06-24,94372.0,STA BARBARA MATRIZ,Consumidor Especial,SUL,3.0,2.648609
202506.0,2025-06-24,94372.0,STA BARBARA MATRIZ,Consumidor Especial,SUL,3.0,2.648609
,2025-06-24,,STA BARBARA MATRIZ,,,3.0,2.648609
202506.0,2025-06-25,94372.0,STA BARBARA MATRIZ,Consumidor Especial,SUL,3.0,1.500589
202506.0,2025-06-25,94372.0,STA BARBARA MATRIZ,Consumidor Especial,SUL,3.0,1.500589
,2025-06-25,,STA BARBARA MATRIZ,,,3.0,1.500589
202506.0,2025-06-26,94372.0,STA BARBARA MATRIZ,Consumidor Especial,SUL,3.0,1.436189
202506.0,2025-06-26,94372.0,STA BARBARA MATRIZ,Consumidor Especial,SUL,3.0,1.436189
,2025-06-26,,STA BARBARA MATRIZ,,,3.0,1.436189
202506.0,2025-06-27,94372.0,STA BARBARA MATRIZ,Consumidor Especial,SUL,3.0,0.690707
202506.0,2025-06-27,94372.0,STA BARBARA MATRIZ,Consumidor Especial,SUL,3.0,0.690707
,2025-06-27,,STA BARBARA MATRIZ,,,3.0,0.690707
202506.0,2025-06-28,94372.0,STA BARBARA MATRIZ,Consumidor Especial,SUL,3.0,0.396448
202506.0,2025-06-28,94372.0,STA BARBARA MATRIZ,Consumidor Especial,SUL,3.0,0.396448
,2025-06-28,,STA BARBARA MATRIZ,,,3.0,0.396448
202506.0,2025-06-29,94372.0,STA BARBARA MATRIZ,Consumidor Especial,SUL,3.0,0.262913
202506.0,2025-06-29,94372.0,STA BARBARA MATRIZ,Consumidor Especial,SUL,3.0,0.262913
,2025-06-29,,STA BARBARA MATRIZ,,,3.0,0.262913
202506.0,2025-06-30,94372.0,STA BARBARA MATRIZ,Consumidor Especial,SUL,3.0,0.583937
202506.0,2025-06-30,94372.0,STA BARBARA MATRIZ,Consumidor Especial,SUL,3.0,0.583937
,2025-06-30,,STA BARBARA MATRIZ,,,3.0,0.583937
202507.0,2025-07-01,94372.0,STA BARBARA MATRIZ,Consumidor Especial,SUL,3.0,0.784641
202507.0,2025-07-01,94372.0,STA BARBARA MATRIZ,Consumidor Especial,SUL,3.0,0.784641
,2025-07-01,,STA BARBARA MATRIZ,,,3.0,0.784641
202507.0,2025-07-02,94372.0,STA BARBARA MATRIZ,Consumidor Especial,SUL,3.0,1.78784
202507.0,2025-07-02,94372.0,STA BARBARA MATRIZ,Consumidor Especial,SUL,3.0,1.78784
,2025-07-02,,STA BARBARA MATRIZ,,,3.0,1.78784
202507.0,2025-07-03,94372.0,STA BARBARA MATRIZ,Consumidor Especial,SUL,3.0,1.681919
202507.0,2025-07-03,94372.0,STA BARBARA MATRIZ,Consumidor Especial,SUL,3.0,1.681919
,2025-07-03,,STA BARBARA MATRIZ,,,3.0,1.681919
202507.0,2025-07-04,94372.0,STA BARBARA MATRIZ,Consumidor Especial,SUL,3.0,1.237009
202507.0,2025-07-04,94372.0,STA BARBARA MATRIZ,Consumidor Especial,SUL,3.0,1.237009
,2025-07-04,,STA BARBARA MATRIZ,,,3.0,1.237009
202507.0,2025-07-05,94372.0,STA BARBARA MATRIZ,Consumidor Especial,SUL,3.0,1.559928
202507.0,2025-07-05,94372.0,STA BARBARA MATRIZ,Consumidor Especial,SUL,3.0,1.559928
,2025-07-05,,STA BARBARA MATRIZ,,,3.0,1.559928
202507.0,2025-07-06,94372.0,STA BARBARA MATRIZ,Consumidor Especial,SUL,3.0,1.731391
202507.0,2025-07-06,94372.0,STA BARBARA MATRIZ,Consumidor Especial,SUL,3.0,1.731391
,2025-07-06,,STA BARBARA MATRIZ,,,3.0,1.731391
202507.0,2025-07-07,94372.0,STA BARBARA MATRIZ,Consumidor Especial,SUL,3.0,2.39057
202507.0,2025-07-07,94372.0,STA BARBARA MATRIZ,Consumidor Especial,SUL,3.0,2.39057
,2025-07-07,,STA BARBARA MATRIZ,,,3.0,2.39057
202507.0,2025-07-08,94372.0,STA BARBARA MATRIZ,Consumidor Especial,SUL,3.0,2.330287
202507.0,2025-07-08,94372.0,STA BARBARA MATRIZ,Consumidor Especial,SUL,3.0,2.330287
,2025-07-08,,STA BARBARA MATRIZ,,,3.0,2.330287
202507.0,2025-07-09,94372.0,STA BARBARA MATRIZ,Consumidor Especial,SUL,3.0,1.873988
202507.0,2025-07-09,94372.0,STA BARBARA MATRIZ,Consumidor Especial,SUL,3.0,1.873988
,2025-07-09,,STA BARBARA MATRIZ,,,3.0,1.873988
202507.0,2025-07-10,94372.0,STA BARBARA MATRIZ,Consumidor Especial,SUL,3.0,2.241384
202507.0,2025-07-10,94372.0,STA BARBARA MATRIZ,Consumidor Especial,SUL,3.0,2.241384
,2025-07-10,,STA BARBARA MATRIZ,,,3.0,2.241384
202507.0,2025-07-11,94372.0,STA BARBARA MATRIZ,Consumidor Especial,SUL,3.0,2.806165
202507.0,2025-07-11,94372.0,STA BARBARA MATRIZ,Consumidor Especial,SUL,3.0,2.806165
,2025-07-11,,STA BARBARA MATRIZ,,,3.0,2.806165
202507.0,2025-07-12,94372.0,STA BARBARA MATRIZ,Consumidor Especial,SUL,3.0,2.687813
202507.0,2025-07-12,94372.0,STA BARBARA MATRIZ,Consumidor Especial,SUL,3.0,2.687813
,2025-07-12,,STA BARBARA MATRIZ,,,3.0,2.687813
202507.0,2025-07-13,94372.0,STA BARBARA MATRIZ,Consumidor Especial,SUL,3.0,2.430555
202507.0,2025-07-13,94372.0,STA BARBARA MATRIZ,Consumidor Especial,SUL,3.0,2.430555
,2025-07-13,,STA BARBARA MATRIZ,,,3.0,2.430555
202507.0,2025-07-14,94372.0,STA BARBARA MATRIZ,Consumidor Especial,SUL,3.0,2.351319
202507.0,2025-07-14,94372.0,STA BARBARA MATRIZ,Consumidor Especial,SUL,3.0,2.351319
,2025-07-14,,STA BARBARA MATRIZ,,,3.0,2.351319
202507.0,2025-07-15,94372.0,STA BARBARA MATRIZ,Consumidor Especial,SUL,3.0,1.810108
202507.0,2025-07-15,94372.0,STA BARBARA MATRIZ,Consumidor Especial,SUL,3.0,1.810108
,2025-07-15,,STA BARBARA MATRIZ,,,3.0,1.810108
202507.0,2025-07-16,94372.0,STA BARBARA MATRIZ,Consumidor Especial,SUL,3.0,1.777923
202507.0,2025-07-16,94372.0,STA BARBARA MATRIZ,Consumidor Especial,SUL,3.0,1.777923
,2025-07-16,,STA BARBARA MATRIZ,,,3.0,1.777923
202507.0,2025-07-17,94372.0,STA BARBARA MATRIZ,Consumidor Especial,SUL,3.0,2.018443
202507.0,2025-07-17,94372.0,STA BARBARA MATRIZ,Consumidor Especial,SUL,3.0,2.018443
,2025-07-17,,STA BARBARA MATRIZ,,,3.0,2.018443
202507.0,2025-07-18,94372.0,STA BARBARA MATRIZ,Consumidor Especial,SUL,3.0,1.963031
202507.0,2025-07-18,94372.0,STA BARBARA MATRIZ,Consumidor Especial,SUL,3.0,1.963031
,2025-07-18,,STA BARBARA MATRIZ,,,3.0,1.963031
202507.0,2025-07-19,94372.0,STA BARBARA MATRIZ,Consumidor Especial,SUL,3.0,2.3572
202507.0,2025-07-19,94372.0,STA BARBARA MATRIZ,Consumidor Especial,SUL,3.0,2.3572
,2025-07-19,,STA BARBARA MATRIZ,,,3.0,2.3572
202507.0,2025-07-20,94372.0,STA BARBARA MATRIZ,Consumidor Especial,SUL,3.0,2.391176
202507.0,2025-07-20,94372.0,STA BARBARA MATRIZ,Consumidor Especial,SUL,3.0,2.391176
,2025-07-20,,STA BARBARA MATRIZ,,,3.0,2.391176
202507.0,2025-07-21,94372.0,STA BARBARA MATRIZ,Consumidor Especial,SUL,3.0,2.598796
202507.0,2025-07-21,94372.0,STA BARBARA MATRIZ,Consumidor Especial,SUL,3.0,2.598796
,2025-07-21,,STA BARBARA MATRIZ,,,3.0,2.598796
202507.0,2025-07-22,94372.0,STA BARBARA MATRIZ,Consumidor Especial,SUL,3.0,1.459597
202507.0,2025-07-22,94372.0,STA BARBARA MATRIZ,Consumidor Especial,SUL,3.0,1.459597
,2025-07-22,,STA BARBARA MATRIZ,,,3.0,1.459597
202507.0,2025-07-23,94372.0,STA BARBARA MATRIZ,Consumidor Especial,SUL,3.0,1.384669
202507.0,2025-07-23,94372.0,STA BARBARA MATRIZ,Consumidor Especial,SUL,3.0,1.384669
,2025-07-23,,STA BARBARA MATRIZ,,,3.0,1.384669
202507.0,2025-07-24,94372.0,STA BARBARA MATRIZ,Consumidor Especial,SUL,3.0,1.493968
202507.0,2025-07-24,94372.0,STA BARBARA MATRIZ,Consumidor Especial,SUL,3.0,1.493968
,2025-07-24,,STA BARBARA MATRIZ,,,3.0,1.493968
202507.0,2025-07-25,94372.0,STA BARBARA MATRIZ,Consumidor Especial,SUL,3.0,2.168056
202507.0,2025-07-25,94372.0,STA BARBARA MATRIZ,Consumidor Especial,SUL,3.0,2.168056
,2025-07-25,,STA BARBARA MATRIZ,,,3.0,2.168056
202507.0,2025-07-26,94372.0,STA BARBARA MATRIZ,Consumidor Especial,SUL,3.0,1.661509
202507.0,2025-07-26,94372.0,STA BARBARA MATRIZ,Consumidor Especial,SUL,3.0,1.661509
,2025-07-26,,STA BARBARA MATRIZ,,,3.0,1.661509
202507.0,2025-07-27,94372.0,STA BARBARA MATRIZ,Consumidor Especial,SUL,3.0,1.932489
202507.0,2025-07-27,94372.0,STA BARBARA MATRIZ,Consumidor Especial,SUL,3.0,1.932489
,2025-07-27,,STA BARBARA MATRIZ,,,3.0,1.932489
202507.0,2025-07-28,94372.0,STA BARBARA MATRIZ,Consumidor Especial,SUL,3.0,2.529081
202507.0,2025-07-28,94372.0,STA BARBARA MATRIZ,Consumidor Especial,SUL,3.0,2.529081
,2025-07-28,,STA BARBARA MATRIZ,,,3.0,2.529081
202507.0,2025-07-29,94372.0,STA BARBARA MATRIZ,Consumidor Especial,SUL,3.0,1.720168
202507.0,2025-07-29,94372.0,STA BARBARA MATRIZ,Consumidor Especial,SUL,3.0,1.720168
,2025-07-29,,STA BARBARA MATRIZ,,,3.0,1.720168
202507.0,2025-07-30,94372.0,STA BARBARA MATRIZ,Consumidor Especial,SUL,3.0,1.898775
202507.0,2025-07-30,94372.0,STA BARBARA MATRIZ,Consumidor Especial,SUL,3.0,1.898775
,2025-07-30,,STA BARBARA MATRIZ,,,3.0,1.898775
202507.0,2025-07-31,94372.0,STA BARBARA MATRIZ,Consumidor Especial,SUL,3.0,1.990909
202507.0,2025-07-31,94372.0,STA BARBARA MATRIZ,Consumidor Especial,SUL,3.0,1.990909
,2025-07-31,,STA BARBARA MATRIZ,,,3.0,1.990909
202508.0,2025-08-01,94372.0,STA BARBARA MATRIZ,Consumidor Especial,SUL,3.0,1.740001
202508.0,2025-08-01,94372.0,STA BARBARA MATRIZ,Consumidor Especial,SUL,3.0,1.740001
,2025-08-01,,STA BARBARA MATRIZ,,,3.0,1.740001
202508.0,2025-08-02,94372.0,STA BARBARA MATRIZ,Consumidor Especial,SUL,3.0,0.811415
202508.0,2025-08-02,94372.0,STA BARBARA MATRIZ,Consumidor Especial,SUL,3.0,0.811415
,2025-08-02,,STA BARBARA MATRIZ,,,3.0,0.811415
202508.0,2025-08-03,94372.0,STA BARBARA MATRIZ,Consumidor Especial,SUL,3.0,0.451604
202508.0,2025-08-03,94372.0,STA BARBARA MATRIZ,Consumidor Especial,SUL,3.0,0.451604
,2025-08-03,,STA BARBARA MATRIZ,,,3.0,0.451604
202508.0,2025-08-04,94372.0,STA BARBARA MATRIZ,Consumidor Especial,SUL,3.0,1.277541
202508.0,2025-08-04,94372.0,STA BARBARA MATRIZ,Consumidor Especial,SUL,3.0,1.277541
,2025-08-04,,STA BARBARA MATRIZ,,,3.0,1.277541
202508.0,2025-08-05,94372.0,STA BARBARA MATRIZ,Consumidor Especial,SUL,3.0,0.833086
202508.0,2025-08-05,94372.0,STA BARBARA MATRIZ,Consumidor Especial,SUL,3.0,0.833086
,2025-08-05,,STA BARBARA MATRIZ,,,3.0,0.833086
202508.0,2025-08-06,94372.0,STA BARBARA MATRIZ,Consumidor Especial,SUL,3.0,1.418535
202508.0,2025-08-06,94372.0,STA BARBARA MATRIZ,Consumidor Especial,SUL,3.0,1.418535
,2025-08-06,,STA BARBARA MATRIZ,,,3.0,1.418535
202508.0,2025-08-07,94372.0,STA BARBARA MATRIZ,Consumidor Especial,SUL,3.0,1.507228
202508.0,2025-08-07,94372.0,STA BARBARA MATRIZ,Consumidor Especial,SUL,3.0,1.507228
,2025-08-07,,STA BARBARA MATRIZ,,,3.0,1.507228
202508.0,2025-08-08,94372.0,STA BARBARA MATRIZ,Consumidor Especial,SUL,3.0,1.224676
202508.0,2025-08-08,94372.0,STA BARBARA MATRIZ,Consumidor Especial,SUL,3.0,1.224676
,2025-08-08,,STA BARBARA MATRIZ,,,3.0,1.224676
202508.0,2025-08-09,94372.0,STA BARBARA MATRIZ,Consumidor Especial,SUL,3.0,0.373072
202508.0,2025-08-09,94372.0,STA BARBARA MATRIZ,Consumidor Especial,SUL,3.0,0.373072
,2025-08-09,,STA BARBARA MATRIZ,,,3.0,0.373072
202508.0,2025-08-10,94372.0,STA BARBARA MATRIZ,Consumidor Especial,SUL,3.0,0.268388
202508.0,2025-08-10,94372.0,STA BARBARA MATRIZ,Consumidor Especial,SUL,3.0,0.268388
,2025-08-10,,STA BARBARA MATRIZ,,,3.0,0.268388
202508.0,2025-08-11,94372.0,STA BARBARA MATRIZ,Consumidor Especial,SUL,3.0,1.039004
202508.0,2025-08-11,94372.0,STA BARBARA MATRIZ,Consumidor Especial,SUL,3.0,1.039004
,2025-08-11,,STA BARBARA MATRIZ,,,3.0,1.039004
202508.0,2025-08-12,94372.0,STA BARBARA MATRIZ,Consumidor Especial,SUL,3.0,1.001653
202508.0,2025-08-12,94372.0,STA BARBARA MATRIZ,Consumidor Especial,SUL,3.0,1.001653
,2025-08-12,,STA BARBARA MATRIZ,,,3.0,1.001653
202508.0,2025-08-13,94372.0,STA BARBARA MATRIZ,Consumidor Especial,SUL,3.0,0.880415
202508.0,2025-08-13,94372.0,STA BARBARA MATRIZ,Consumidor Especial,SUL,3.0,0.880415
,2025-08-13,,STA BARBARA MATRIZ,,,3.0,0.880415
202508.0,2025-08-14,94372.0,STA BARBARA MATRIZ,Consumidor Especial,SUL,3.0,0.591272
202508.0,2025-08-14,94372.0,STA BARBARA MATRIZ,Consumidor Especial,SUL,3.0,0.591272
,2025-08-14,,STA BARBARA MATRIZ,,,3.0,0.591272
202508.0,2025-08-15,94372.0,STA BARBARA MATRIZ,Consumidor Especial,SUL,3.0,1.014029
202508.0,2025-08-15,94372.0,STA BARBARA MATRIZ,Consumidor Especial,SUL,3.0,1.014029
,2025-08-15,,STA BARBARA MATRIZ,,,3.0,1.014029
202508.0,2025-08-16,94372.0,STA BARBARA MATRIZ,Consumidor Especial,SUL,3.0,0.299501
202508.0,2025-08-16,94372.0,STA BARBARA MATRIZ,Consumidor Especial,SUL,3.0,0.299501
,2025-08-16,,STA BARBARA MATRIZ,,,3.0,0.299501
202508.0,2025-08-17,94372.0,STA BARBARA MATRIZ,Consumidor Especial,SUL,3.0,0.234369
202508.0,2025-08-17,94372.0,STA BARBARA MATRIZ,Consumidor Especial,SUL,3.0,0.234369
,2025-08-17,,STA BARBARA MATRIZ,,,3.0,0.234369
202508.0,2025-08-18,94372.0,STA BARBARA MATRIZ,Consumidor Especial,SUL,3.0,0.459126
202508.0,2025-08-18,94372.0,STA BARBARA MATRIZ,Consumidor Especial,SUL,3.0,0.459126
,2025-08-18,,STA BARBARA MATRIZ,,,3.0,0.459126
202508.0,2025-08-19,94372.0,STA BARBARA MATRIZ,Consumidor Especial,SUL,3.0,0.433351
202508.0,2025-08-19,94372.0,STA BARBARA MATRIZ,Consumidor Especial,SUL,3.0,0.433351
,2025-08-19,,STA BARBARA MATRIZ,,,3.0,0.433351
202508.0,2025-08-20,94372.0,STA BARBARA MATRIZ,Consumidor Especial,SUL,3.0,0.491816
202508.0,2025-08-20,94372.0,STA BARBARA MATRIZ,Consumidor Especial,SUL,3.0,0.491816
,2025-08-20,,STA BARBARA MATRIZ,,,3.0,0.491816
202508.0,2025-08-21,94372.0,STA BARBARA MATRIZ,Consumidor Especial,SUL,3.0,0.387993
202508.0,2025-08-21,94372.0,STA BARBARA MATRIZ,Consumidor Especial,SUL,3.0,0.387993
,2025-08-21,,STA BARBARA MATRIZ,,,3.0,0.387993
202508.0,2025-08-22,94372.0,STA BARBARA MATRIZ,Consumidor Especial,SUL,3.0,0.439796
202508.0,2025-08-22,94372.0,STA BARBARA MATRIZ,Consumidor Especial,SUL,3.0,0.439796
,2025-08-22,,STA BARBARA MATRIZ,,,3.0,0.439796
202508.0,2025-08-23,94372.0,STA BARBARA MATRIZ,Consumidor Especial,SUL,3.0,0.252124
202508.0,2025-08-23,94372.0,STA BARBARA MATRIZ,Consumidor Especial,SUL,3.0,0.252124
,2025-08-23,,STA BARBARA MATRIZ,,,3.0,0.252124
202508.0,2025-08-24,94372.0,STA BARBARA MATRIZ,Consumidor Especial,SUL,3.0,0.249352
202508.0,2025-08-24,94372.0,STA BARBARA MATRIZ,Consumidor Especial,SUL,3.0,0.249352
,2025-08-24,,STA BARBARA MATRIZ,,,3.0,0.249352
202508.0,2025-08-25,94372.0,STA BARBARA MATRIZ,Consumidor Especial,SUL,3.0,0.638257
202508.0,2025-08-25,94372.0,STA BARBARA MATRIZ,Consumidor Especial,SUL,3.0,0.638257
,2025-08-25,,STA BARBARA MATRIZ,,,3.0,0.638257
202508.0,2025-08-26,94372.0,STA BARBARA MATRIZ,Consumidor Especial,SUL,3.0,0.58128
202508.0,2025-08-26,94372.0,STA BARBARA MATRIZ,Consumidor Especial,SUL,3.0,0.58128
,2025-08-26,,STA BARBARA MATRIZ,,,3.0,0.58128
202508.0,2025-08-27,94372.0,STA BARBARA MATRIZ,Consumidor Especial,SUL,3.0,0.396754
202508.0,2025-08-27,94372.0,STA BARBARA MATRIZ,Consumidor Especial,SUL,3.0,0.396754
,2025-08-27,,STA BARBARA MATRIZ,,,3.0,0.396754
202508.0,2025-08-28,94372.0,STA BARBARA MATRIZ,Consumidor Especial,SUL,3.0,0.431571
202508.0,2025-08-28,94372.0,STA BARBARA MATRIZ,Consumidor Especial,SUL,3.0,0.431571
,2025-08-28,,STA BARBARA MATRIZ,,,3.0,0.431571
202508.0,2025-08-29,94372.0,STA BARBARA MATRIZ,Consumidor Especial,SUL,3.0,0.396754
202508.0,2025-08-29,94372.0,STA BARBARA MATRIZ,Consumidor Especial,SUL,3.0,0.396754
,2025-08-29,,STA BARBARA MATRIZ,,,3.0,0.396754
202508.0,2025-08-30,94372.0,STA BARBARA MATRIZ,Consumidor Especial,SUL,3.0,0.220661
202508.0,2025-08-30,94372.0,STA BARBARA MATRIZ,Consumidor Especial,SUL,3.0,0.220661
,2025-08-30,,STA BARBARA MATRIZ,,,3.0,0.220661
202508.0,2025-08-31,94372.0,STA BARBARA MATRIZ,Consumidor Especial,SUL,3.0,0.243719
202508.0,2025-08-31,94372.0,STA BARBARA MATRIZ,Consumidor Especial,SUL,3.0,0.243719
,2025-08-31,,STA BARBARA MATRIZ,,,3.0,0.243719
