MES_REFERENCIA,DATA,CODIGO_PERFIL_AGENTE,SIGLA_PERFIL_AGENTE,CLASSE_PERFIL_AGENTE,SUBMERCADO,CAPACIDADE_CARGA,CONSUMO_CARGA_ACL
,2022-01-01,26045.0,URBANO SAO GABRIEL,Consumidor Livre,SUL,96.0,2.735968
,2022-01-02,26045.0,URBANO SAO GABRIEL,Consumidor Livre,SUL,96.0,2.402858
,2022-01-03,26045.0,URBANO SAO GABRIEL,Consumidor Livre,SUL,96.0,3.932558
,2022-01-04,26045.0,URBANO SAO GABRIEL,Consumidor Livre,SUL,96.0,4.053103
,2022-01-05,26045.0,URBANO SAO GABRIEL,Consumidor Livre,SUL,96.0,3.776946
,2022-01-06,26045.0,URBANO SAO GABRIEL,Consumidor Livre,SUL,96.0,3.976224
,2022-01-07,26045.0,URBANO SAO GABRIEL,Consumidor Livre,SUL,96.0,19.987877
,2022-01-08,26045.0,URBANO SAO GABRIEL,Consumidor Livre,SUL,96.0,27.490169
,2022-01-09,26045.0,URBANO SAO GABRIEL,Consumidor Livre,SUL,96.0,5.502826
,2022-01-10,26045.0,URBANO SAO GABRIEL,Consumidor Livre,SUL,96.0,19.20546
,2022-01-11,26045.0,URBANO SAO GABRIEL,Consumidor Livre,SUL,96.0,4.444232
,2022-01-12,26045.0,URBANO SAO GABRIEL,Consumidor Livre,SUL,96.0,4.13922
,2022-01-13,26045.0,URBANO SAO GABRIEL,Consumidor Livre,SUL,96.0,8.119841000000001
,2022-01-14,26045.0,URBANO SAO GABRIEL,Consumidor Livre,SUL,96.0,5.952565
,2022-01-15,26045.0,URBANO SAO GABRIEL,Consumidor Livre,SUL,96.0,3.175374
,2022-01-16,26045.0,URBANO SAO GABRIEL,Consumidor Livre,SUL,96.0,0.491483
,2022-01-17,26045.0,URBANO SAO GABRIEL,Consumidor Livre,SUL,96.0,3.623178
,2022-01-18,26045.0,URBANO SAO GABRIEL,Consumidor Livre,SUL,96.0,1.879039
,2022-01-19,26045.0,URBANO SAO GABRIEL,Consumidor Livre,SUL,96.0,1.844319
,2022-01-20,26045.0,URBANO SAO GABRIEL,Consumidor Livre,SUL,96.0,2.620857
,2022-01-21,26045.0,URBANO SAO GABRIEL,Consumidor Livre,SUL,96.0,3.460732
,2022-01-22,26045.0,URBANO SAO GABRIEL,Consumidor Livre,SUL,96.0,1.663912
,2022-01-23,26045.0,URBANO SAO GABRIEL,Consumidor Livre,SUL,96.0,0.584027
,2022-01-24,26045.0,URBANO SAO GABRIEL,Consumidor Livre,SUL,96.0,1.409202
,2022-01-25,26045.0,URBANO SAO GABRIEL,Consumidor Livre,SUL,96.0,3.92702
,2022-01-26,26045.0,URBANO SAO GABRIEL,Consumidor Livre,SUL,96.0,7.653979
,2022-01-27,26045.0,URBANO SAO GABRIEL,Consumidor Livre,SUL,96.0,5.262013
,2022-01-28,26045.0,URBANO SAO GABRIEL,Consumidor Livre,SUL,96.0,6.047525
,2022-01-29,26045.0,URBANO SAO GABRIEL,Consumidor Livre,SUL,96.0,4.499031
,2022-01-30,26045.0,URBANO SAO GABRIEL,Consumidor Livre,SUL,96.0,0.985289
,2022-01-31,26045.0,URBANO SAO GABRIEL,Consumidor Livre,SUL,96.0,5.442034
,2022-02-01,26045.0,URBANO SAO GABRIEL,Consumidor Livre,SUL,48.0,3.529444
,2022-02-02,26045.0,URBANO SAO GABRIEL,Consumidor Livre,SUL,48.0,5.238276
,2022-02-03,26045.0,URBANO SAO GABRIEL,Consumidor Livre,SUL,48.0,6.14371
,2022-02-04,26045.0,URBANO SAO GABRIEL,Consumidor Livre,SUL,48.0,2.907697
,2022-02-05,26045.0,URBANO SAO GABRIEL,Consumidor Livre,SUL,48.0,1.814792
,2022-02-06,26045.0,URBANO SAO GABRIEL,Consumidor Livre,SUL,48.0,0.5746640000000001
,2022-02-07,26045.0,URBANO SAO GABRIEL,Consumidor Livre,SUL,48.0,1.075746
,2022-02-08,26045.0,URBANO SAO GABRIEL,Consumidor Livre,SUL,48.0,2.135366
,2022-02-09,26045.0,URBANO SAO GABRIEL,Consumidor Livre,SUL,48.0,3.314204
,2022-02-10,26045.0,URBANO SAO GABRIEL,Consumidor Livre,SUL,48.0,2.351332
,2022-02-11,26045.0,URBANO SAO GABRIEL,Consumidor Livre,SUL,48.0,7.911162
,2022-02-12,26045.0,URBANO SAO GABRIEL,Consumidor Livre,SUL,48.0,8.687877
,2022-02-13,26045.0,URBANO SAO GABRIEL,Consumidor Livre,SUL,48.0,0.098067
,2022-02-14,26045.0,URBANO SAO GABRIEL,Consumidor Livre,SUL,48.0,6.452154999999999
,2022-02-15,26045.0,URBANO SAO GABRIEL,Consumidor Livre,SUL,48.0,16.914696
,2022-02-16,26045.0,URBANO SAO GABRIEL,Consumidor Livre,SUL,48.0,16.327686
,2022-02-17,26045.0,URBANO SAO GABRIEL,Consumidor Livre,SUL,48.0,18.080752
,2022-02-18,26045.0,URBANO SAO GABRIEL,Consumidor Livre,SUL,48.0,16.790723
,2022-02-19,26045.0,URBANO SAO GABRIEL,Consumidor Livre,SUL,48.0,11.622131
,2022-02-20,26045.0,URBANO SAO GABRIEL,Consumidor Livre,SUL,48.0,2.314359
,2022-02-21,26045.0,URBANO SAO GABRIEL,Consumidor Livre,SUL,48.0,39.437291
,2022-02-22,26045.0,URBANO SAO GABRIEL,Consumidor Livre,SUL,48.0,40.002558
,2022-02-23,26045.0,URBANO SAO GABRIEL,Consumidor Livre,SUL,48.0,40.114332
,2022-02-24,26045.0,URBANO SAO GABRIEL,Consumidor Livre,SUL,48.0,35.014631
,2022-02-25,26045.0,URBANO SAO GABRIEL,Consumidor Livre,SUL,48.0,24.340276
,2022-02-26,26045.0,URBANO SAO GABRIEL,Consumidor Livre,SUL,48.0,22.624259
,2022-02-27,26045.0,URBANO SAO GABRIEL,Consumidor Livre,SUL,48.0,14.358784
,2022-02-28,26045.0,URBANO SAO GABRIEL,Consumidor Livre,SUL,48.0,20.18657
,2022-03-01,26045.0,URBANO SAO GABRIEL,Consumidor Livre,SUL,48.0,27.686381
,2022-03-02,26045.0,URBANO SAO GABRIEL,Consumidor Livre,SUL,48.0,21.519952
,2022-03-03,26045.0,URBANO SAO GABRIEL,Consumidor Livre,SUL,48.0,31.854562
,2022-03-04,26045.0,URBANO SAO GABRIEL,Consumidor Livre,SUL,48.0,31.11737
,2022-03-05,26045.0,URBANO SAO GABRIEL,Consumidor Livre,SUL,48.0,26.623726
,2022-03-06,26045.0,URBANO SAO GABRIEL,Consumidor Livre,SUL,48.0,16.746679
,2022-03-07,26045.0,URBANO SAO GABRIEL,Consumidor Livre,SUL,48.0,25.0905
,2022-03-08,26045.0,URBANO SAO GABRIEL,Consumidor Livre,SUL,48.0,28.167333
,2022-03-09,26045.0,URBANO SAO GABRIEL,Consumidor Livre,SUL,48.0,31.391216
,2022-03-10,26045.0,URBANO SAO GABRIEL,Consumidor Livre,SUL,48.0,29.30327
,2022-03-11,26045.0,URBANO SAO GABRIEL,Consumidor Livre,SUL,48.0,17.168966
,2022-03-12,26045.0,URBANO SAO GABRIEL,Consumidor Livre,SUL,48.0,27.421781
,2022-03-13,26045.0,URBANO SAO GABRIEL,Consumidor Livre,SUL,48.0,10.44313
,2022-03-14,26045.0,URBANO SAO GABRIEL,Consumidor Livre,SUL,48.0,32.070773
,2022-03-15,26045.0,URBANO SAO GABRIEL,Consumidor Livre,SUL,48.0,27.895069
,2022-03-16,26045.0,URBANO SAO GABRIEL,Consumidor Livre,SUL,48.0,9.306386
,2022-03-17,26045.0,URBANO SAO GABRIEL,Consumidor Livre,SUL,48.0,26.854924
,2022-03-18,26045.0,URBANO SAO GABRIEL,Consumidor Livre,SUL,48.0,38.804151
,2022-03-19,26045.0,URBANO SAO GABRIEL,Consumidor Livre,SUL,48.0,32.768012
,2022-03-20,26045.0,URBANO SAO GABRIEL,Consumidor Livre,SUL,48.0,19.27655
,2022-03-21,26045.0,URBANO SAO GABRIEL,Consumidor Livre,SUL,48.0,38.805623
,2022-03-22,26045.0,URBANO SAO GABRIEL,Consumidor Livre,SUL,48.0,37.109719
,2022-03-23,26045.0,URBANO SAO GABRIEL,Consumidor Livre,SUL,48.0,30.18183
,2022-03-24,26045.0,URBANO SAO GABRIEL,Consumidor Livre,SUL,48.0,28.863555
,2022-03-25,26045.0,URBANO SAO GABRIEL,Consumidor Livre,SUL,48.0,35.371779000000004
,2022-03-26,26045.0,URBANO SAO GABRIEL,Consumidor Livre,SUL,48.0,33.907916
,2022-03-27,26045.0,URBANO SAO GABRIEL,Consumidor Livre,SUL,48.0,17.224959
,2022-03-28,26045.0,URBANO SAO GABRIEL,Consumidor Livre,SUL,48.0,35.487439
,2022-03-29,26045.0,URBANO SAO GABRIEL,Consumidor Livre,SUL,48.0,35.040439
,2022-03-30,26045.0,URBANO SAO GABRIEL,Consumidor Livre,SUL,48.0,26.381954
,2022-03-31,26045.0,URBANO SAO GABRIEL,Consumidor Livre,SUL,48.0,36.579381
,2022-04-01,26045.0,URBANO SAO GABRIEL,Consumidor Livre,SUL,48.0,35.708107
,2022-04-02,26045.0,URBANO SAO GABRIEL,Consumidor Livre,SUL,48.0,32.670624000000004
,2022-04-03,26045.0,URBANO SAO GABRIEL,Consumidor Livre,SUL,48.0,11.734838
,2022-04-04,26045.0,URBANO SAO GABRIEL,Consumidor Livre,SUL,48.0,29.054131
,2022-04-05,26045.0,URBANO SAO GABRIEL,Consumidor Livre,SUL,48.0,26.713433
,2022-04-06,26045.0,URBANO SAO GABRIEL,Consumidor Livre,SUL,48.0,28.604213
,2022-04-07,26045.0,URBANO SAO GABRIEL,Consumidor Livre,SUL,48.0,32.812394
,2022-04-08,26045.0,URBANO SAO GABRIEL,Consumidor Livre,SUL,48.0,27.260386
,2022-04-09,26045.0,URBANO SAO GABRIEL,Consumidor Livre,SUL,48.0,26.375476
,2022-04-10,26045.0,URBANO SAO GABRIEL,Consumidor Livre,SUL,48.0,16.705938
,2022-04-11,26045.0,URBANO SAO GABRIEL,Consumidor Livre,SUL,48.0,30.819726
,2022-04-12,26045.0,URBANO SAO GABRIEL,Consumidor Livre,SUL,48.0,23.400572
,2022-04-13,26045.0,URBANO SAO GABRIEL,Consumidor Livre,SUL,48.0,29.652286
,2022-04-14,26045.0,URBANO SAO GABRIEL,Consumidor Livre,SUL,48.0,36.47655
,2022-04-15,26045.0,URBANO SAO GABRIEL,Consumidor Livre,SUL,48.0,3.800534
,2022-04-16,26045.0,URBANO SAO GABRIEL,Consumidor Livre,SUL,48.0,28.571775
,2022-04-17,26045.0,URBANO SAO GABRIEL,Consumidor Livre,SUL,48.0,21.651031
,2022-04-18,26045.0,URBANO SAO GABRIEL,Consumidor Livre,SUL,48.0,35.242835
,2022-04-19,26045.0,URBANO SAO GABRIEL,Consumidor Livre,SUL,48.0,35.79925
,2022-04-20,26045.0,URBANO SAO GABRIEL,Consumidor Livre,SUL,48.0,34.31683
,2022-04-21,26045.0,URBANO SAO GABRIEL,Consumidor Livre,SUL,48.0,34.102507
,2022-04-22,26045.0,URBANO SAO GABRIEL,Consumidor Livre,SUL,48.0,35.675868
,2022-04-23,26045.0,URBANO SAO GABRIEL,Consumidor Livre,SUL,48.0,31.144396
,2022-04-24,26045.0,URBANO SAO GABRIEL,Consumidor Livre,SUL,48.0,28.635986
,2022-04-25,26045.0,URBANO SAO GABRIEL,Consumidor Livre,SUL,48.0,20.503621
,2022-04-26,26045.0,URBANO SAO GABRIEL,Consumidor Livre,SUL,48.0,14.184116
,2022-04-27,26045.0,URBANO SAO GABRIEL,Consumidor Livre,SUL,48.0,12.243542
,2022-04-28,26045.0,URBANO SAO GABRIEL,Consumidor Livre,SUL,48.0,9.573986
,2022-04-29,26045.0,URBANO SAO GABRIEL,Consumidor Livre,SUL,48.0,17.983531
,2022-04-30,26045.0,URBANO SAO GABRIEL,Consumidor Livre,SUL,48.0,22.857023
,2022-05-01,26045.0,URBANO SAO GABRIEL,Consumidor Livre,SUL,48.0,3.077113
,2022-05-02,26045.0,URBANO SAO GABRIEL,Consumidor Livre,SUL,48.0,19.913079
,2022-05-03,26045.0,URBANO SAO GABRIEL,Consumidor Livre,SUL,48.0,21.064201
,2022-05-04,26045.0,URBANO SAO GABRIEL,Consumidor Livre,SUL,48.0,12.782405
,2022-05-05,26045.0,URBANO SAO GABRIEL,Consumidor Livre,SUL,48.0,16.592694
,2022-05-06,26045.0,URBANO SAO GABRIEL,Consumidor Livre,SUL,48.0,11.277061
,2022-05-07,26045.0,URBANO SAO GABRIEL,Consumidor Livre,SUL,48.0,20.261827
,2022-05-08,26045.0,URBANO SAO GABRIEL,Consumidor Livre,SUL,48.0,8.619759
,2022-05-09,26045.0,URBANO SAO GABRIEL,Consumidor Livre,SUL,48.0,24.465015
,2022-05-10,26045.0,URBANO SAO GABRIEL,Consumidor Livre,SUL,48.0,22.830153
,2022-05-11,26045.0,URBANO SAO GABRIEL,Consumidor Livre,SUL,48.0,28.318345
,2022-05-12,26045.0,URBANO SAO GABRIEL,Consumidor Livre,SUL,48.0,22.365784
,2022-05-13,26045.0,URBANO SAO GABRIEL,Consumidor Livre,SUL,48.0,27.189609
,2022-05-14,26045.0,URBANO SAO GABRIEL,Consumidor Livre,SUL,48.0,20.004677
,2022-05-15,26045.0,URBANO SAO GABRIEL,Consumidor Livre,SUL,48.0,18.071415
,2022-05-16,26045.0,URBANO SAO GABRIEL,Consumidor Livre,SUL,48.0,32.812734
,2022-05-17,26045.0,URBANO SAO GABRIEL,Consumidor Livre,SUL,48.0,36.296413
,2022-05-18,26045.0,URBANO SAO GABRIEL,Consumidor Livre,SUL,48.0,38.072058
,2022-05-19,26045.0,URBANO SAO GABRIEL,Consumidor Livre,SUL,48.0,31.282988
,2022-05-20,26045.0,URBANO SAO GABRIEL,Consumidor Livre,SUL,48.0,23.874798
,2022-05-21,26045.0,URBANO SAO GABRIEL,Consumidor Livre,SUL,48.0,20.330056
,2022-05-22,26045.0,URBANO SAO GABRIEL,Consumidor Livre,SUL,48.0,5.256843
,2022-05-23,26045.0,URBANO SAO GABRIEL,Consumidor Livre,SUL,48.0,24.717069
,2022-05-24,26045.0,URBANO SAO GABRIEL,Consumidor Livre,SUL,48.0,14.89514
,2022-05-25,26045.0,URBANO SAO GABRIEL,Consumidor Livre,SUL,48.0,16.851104
,2022-05-26,26045.0,URBANO SAO GABRIEL,Consumidor Livre,SUL,48.0,11.830263
,2022-05-27,26045.0,URBANO SAO GABRIEL,Consumidor Livre,SUL,48.0,12.761135
,2022-05-28,26045.0,URBANO SAO GABRIEL,Consumidor Livre,SUL,48.0,11.621097
,2022-05-29,26045.0,URBANO SAO GABRIEL,Consumidor Livre,SUL,48.0,0.500175
,2022-05-30,26045.0,URBANO SAO GABRIEL,Consumidor Livre,SUL,48.0,18.939584
,2022-05-31,26045.0,URBANO SAO GABRIEL,Consumidor Livre,SUL,48.0,16.786362
,2022-06-01,26045.0,URBANO SAO GABRIEL,Consumidor Livre,SUL,48.0,17.868382
,2022-06-02,26045.0,URBANO SAO GABRIEL,Consumidor Livre,SUL,48.0,22.41163
,2022-06-03,26045.0,URBANO SAO GABRIEL,Consumidor Livre,SUL,48.0,21.134307
,2022-06-04,26045.0,URBANO SAO GABRIEL,Consumidor Livre,SUL,48.0,12.79775
,2022-06-05,26045.0,URBANO SAO GABRIEL,Consumidor Livre,SUL,48.0,2.898479
,2022-06-06,26045.0,URBANO SAO GABRIEL,Consumidor Livre,SUL,48.0,9.326768
,2022-06-07,26045.0,URBANO SAO GABRIEL,Consumidor Livre,SUL,48.0,11.92248
,2022-06-08,26045.0,URBANO SAO GABRIEL,Consumidor Livre,SUL,48.0,13.684365
,2022-06-09,26045.0,URBANO SAO GABRIEL,Consumidor Livre,SUL,48.0,12.110518
,2022-06-10,26045.0,URBANO SAO GABRIEL,Consumidor Livre,SUL,48.0,15.314861
,2022-06-11,26045.0,URBANO SAO GABRIEL,Consumidor Livre,SUL,48.0,15.585613
,2022-06-12,26045.0,URBANO SAO GABRIEL,Consumidor Livre,SUL,48.0,5.716592
,2022-06-13,26045.0,URBANO SAO GABRIEL,Consumidor Livre,SUL,48.0,9.695857
,2022-06-14,26045.0,URBANO SAO GABRIEL,Consumidor Livre,SUL,48.0,9.323111
,2022-06-15,26045.0,URBANO SAO GABRIEL,Consumidor Livre,SUL,48.0,10.649122
,2022-06-16,26045.0,URBANO SAO GABRIEL,Consumidor Livre,SUL,48.0,1.9749
,2022-06-17,26045.0,URBANO SAO GABRIEL,Consumidor Livre,SUL,48.0,5.835024
,2022-06-18,26045.0,URBANO SAO GABRIEL,Consumidor Livre,SUL,48.0,11.568386
,2022-06-19,26045.0,URBANO SAO GABRIEL,Consumidor Livre,SUL,48.0,1.02898
,2022-06-20,26045.0,URBANO SAO GABRIEL,Consumidor Livre,SUL,48.0,12.473591
,2022-06-21,26045.0,URBANO SAO GABRIEL,Consumidor Livre,SUL,48.0,14.503753
,2022-06-22,26045.0,URBANO SAO GABRIEL,Consumidor Livre,SUL,48.0,18.014759
,2022-06-23,26045.0,URBANO SAO GABRIEL,Consumidor Livre,SUL,48.0,18.619672
,2022-06-24,26045.0,URBANO SAO GABRIEL,Consumidor Livre,SUL,48.0,18.375867
,2022-06-25,26045.0,URBANO SAO GABRIEL,Consumidor Livre,SUL,48.0,7.569392
,2022-06-26,26045.0,URBANO SAO GABRIEL,Consumidor Livre,SUL,48.0,2.010256
,2022-06-27,26045.0,URBANO SAO GABRIEL,Consumidor Livre,SUL,48.0,8.184802
,2022-06-28,26045.0,URBANO SAO GABRIEL,Consumidor Livre,SUL,48.0,14.715385
,2022-06-29,26045.0,URBANO SAO GABRIEL,Consumidor Livre,SUL,48.0,17.309047
,2022-06-30,26045.0,URBANO SAO GABRIEL,Consumidor Livre,SUL,48.0,16.553819
,2022-07-01,26045.0,URBANO SAO GABRIEL,Consumidor Livre,SUL,48.0,13.772772
,2022-07-02,26045.0,URBANO SAO GABRIEL,Consumidor Livre,SUL,48.0,9.381467
,2022-07-03,26045.0,URBANO SAO GABRIEL,Consumidor Livre,SUL,48.0,0.382005
,2022-07-04,26045.0,URBANO SAO GABRIEL,Consumidor Livre,SUL,48.0,19.10646
,2022-07-05,26045.0,URBANO SAO GABRIEL,Consumidor Livre,SUL,48.0,22.323091
,2022-07-06,26045.0,URBANO SAO GABRIEL,Consumidor Livre,SUL,48.0,11.331736
,2022-07-07,26045.0,URBANO SAO GABRIEL,Consumidor Livre,SUL,48.0,5.645563
,2022-07-08,26045.0,URBANO SAO GABRIEL,Consumidor Livre,SUL,48.0,10.737528
,2022-07-09,26045.0,URBANO SAO GABRIEL,Consumidor Livre,SUL,48.0,5.380964
,2022-07-10,26045.0,URBANO SAO GABRIEL,Consumidor Livre,SUL,48.0,1.391637
,2022-07-11,26045.0,URBANO SAO GABRIEL,Consumidor Livre,SUL,48.0,16.266484
,2022-07-12,26045.0,URBANO SAO GABRIEL,Consumidor Livre,SUL,48.0,29.009511
,2022-07-13,26045.0,URBANO SAO GABRIEL,Consumidor Livre,SUL,48.0,19.821379
,2022-07-14,26045.0,URBANO SAO GABRIEL,Consumidor Livre,SUL,48.0,15.61358
,2022-07-15,26045.0,URBANO SAO GABRIEL,Consumidor Livre,SUL,48.0,33.509051
,2022-07-16,26045.0,URBANO SAO GABRIEL,Consumidor Livre,SUL,48.0,27.503338
,2022-07-17,26045.0,URBANO SAO GABRIEL,Consumidor Livre,SUL,48.0,7.569241
,2022-07-18,26045.0,URBANO SAO GABRIEL,Consumidor Livre,SUL,48.0,32.730091
,2022-07-19,26045.0,URBANO SAO GABRIEL,Consumidor Livre,SUL,48.0,35.843982
,2022-07-20,26045.0,URBANO SAO GABRIEL,Consumidor Livre,SUL,48.0,34.850658
,2022-07-21,26045.0,URBANO SAO GABRIEL,Consumidor Livre,SUL,48.0,35.366685
,2022-07-22,26045.0,URBANO SAO GABRIEL,Consumidor Livre,SUL,48.0,35.014383
,2022-07-23,26045.0,URBANO SAO GABRIEL,Consumidor Livre,SUL,48.0,31.978414
,2022-07-24,26045.0,URBANO SAO GABRIEL,Consumidor Livre,SUL,48.0,7.057548
,2022-07-25,26045.0,URBANO SAO GABRIEL,Consumidor Livre,SUL,48.0,35.119304
,2022-07-26,26045.0,URBANO SAO GABRIEL,Consumidor Livre,SUL,48.0,33.654506
,2022-07-27,26045.0,URBANO SAO GABRIEL,Consumidor Livre,SUL,48.0,34.940658
,2022-07-28,26045.0,URBANO SAO GABRIEL,Consumidor Livre,SUL,48.0,34.90094
,2022-07-29,26045.0,URBANO SAO GABRIEL,Consumidor Livre,SUL,48.0,32.59541
,2022-07-30,26045.0,URBANO SAO GABRIEL,Consumidor Livre,SUL,48.0,31.056749
,2022-07-31,26045.0,URBANO SAO GABRIEL,Consumidor Livre,SUL,48.0,13.967027
,2022-08-01,26045.0,URBANO SAO GABRIEL,Consumidor Livre,SUL,48.0,36.300803
,2022-08-02,26045.0,URBANO SAO GABRIEL,Consumidor Livre,SUL,48.0,36.411801
,2022-08-03,26045.0,URBANO SAO GABRIEL,Consumidor Livre,SUL,48.0,34.987332
,2022-08-04,26045.0,URBANO SAO GABRIEL,Consumidor Livre,SUL,48.0,34.207507
,2022-08-05,26045.0,URBANO SAO GABRIEL,Consumidor Livre,SUL,48.0,35.523695000000004
,2022-08-06,26045.0,URBANO SAO GABRIEL,Consumidor Livre,SUL,48.0,33.979774
,2022-08-07,26045.0,URBANO SAO GABRIEL,Consumidor Livre,SUL,48.0,13.123004
,2022-08-08,26045.0,URBANO SAO GABRIEL,Consumidor Livre,SUL,48.0,34.442915
,2022-08-09,26045.0,URBANO SAO GABRIEL,Consumidor Livre,SUL,48.0,35.313799
,2022-08-10,26045.0,URBANO SAO GABRIEL,Consumidor Livre,SUL,48.0,28.563351
,2022-08-11,26045.0,URBANO SAO GABRIEL,Consumidor Livre,SUL,48.0,36.080563
,2022-08-12,26045.0,URBANO SAO GABRIEL,Consumidor Livre,SUL,48.0,29.350546
,2022-08-13,26045.0,URBANO SAO GABRIEL,Consumidor Livre,SUL,48.0,28.933445
,2022-08-14,26045.0,URBANO SAO GABRIEL,Consumidor Livre,SUL,48.0,9.221394
,2022-08-15,26045.0,URBANO SAO GABRIEL,Consumidor Livre,SUL,48.0,35.831615
,2022-08-16,26045.0,URBANO SAO GABRIEL,Consumidor Livre,SUL,48.0,37.720291
,2022-08-17,26045.0,URBANO SAO GABRIEL,Consumidor Livre,SUL,48.0,37.171427
,2022-08-18,26045.0,URBANO SAO GABRIEL,Consumidor Livre,SUL,48.0,31.051449
,2022-08-19,26045.0,URBANO SAO GABRIEL,Consumidor Livre,SUL,48.0,34.378472
,2022-08-20,26045.0,URBANO SAO GABRIEL,Consumidor Livre,SUL,48.0,30.7819
,2022-08-21,26045.0,URBANO SAO GABRIEL,Consumidor Livre,SUL,48.0,12.818557
,2022-08-22,26045.0,URBANO SAO GABRIEL,Consumidor Livre,SUL,48.0,35.996256
,2022-08-23,26045.0,URBANO SAO GABRIEL,Consumidor Livre,SUL,48.0,35.640593
,2022-08-24,26045.0,URBANO SAO GABRIEL,Consumidor Livre,SUL,48.0,22.66314
,2022-08-25,26045.0,URBANO SAO GABRIEL,Consumidor Livre,SUL,48.0,31.278146
,2022-08-26,26045.0,URBANO SAO GABRIEL,Consumidor Livre,SUL,48.0,35.315657
,2022-08-27,26045.0,URBANO SAO GABRIEL,Consumidor Livre,SUL,48.0,19.396379
,2022-08-28,26045.0,URBANO SAO GABRIEL,Consumidor Livre,SUL,48.0,7.011426
,2022-08-29,26045.0,URBANO SAO GABRIEL,Consumidor Livre,SUL,48.0,32.522865
,2022-08-30,26045.0,URBANO SAO GABRIEL,Consumidor Livre,SUL,48.0,33.536645
,2022-08-31,26045.0,URBANO SAO GABRIEL,Consumidor Livre,SUL,48.0,35.699226
,2022-09-01,26045.0,URBANO SAO GABRIEL,Consumidor Livre,SUL,48.0,21.346374
,2022-09-02,26045.0,URBANO SAO GABRIEL,Consumidor Livre,SUL,48.0,36.515417
,2022-09-03,26045.0,URBANO SAO GABRIEL,Consumidor Livre,SUL,48.0,32.667386
,2022-09-04,26045.0,URBANO SAO GABRIEL,Consumidor Livre,SUL,48.0,13.412891
,2022-09-05,26045.0,URBANO SAO GABRIEL,Consumidor Livre,SUL,48.0,37.197005
,2022-09-06,26045.0,URBANO SAO GABRIEL,Consumidor Livre,SUL,48.0,34.558973
,2022-09-07,26045.0,URBANO SAO GABRIEL,Consumidor Livre,SUL,48.0,14.749781
,2022-09-08,26045.0,URBANO SAO GABRIEL,Consumidor Livre,SUL,48.0,29.925773
,2022-09-09,26045.0,URBANO SAO GABRIEL,Consumidor Livre,SUL,48.0,34.66898
,2022-09-10,26045.0,URBANO SAO GABRIEL,Consumidor Livre,SUL,48.0,30.771728
,2022-09-11,26045.0,URBANO SAO GABRIEL,Consumidor Livre,SUL,48.0,13.41866
,2022-09-12,26045.0,URBANO SAO GABRIEL,Consumidor Livre,SUL,48.0,26.11657
,2022-09-13,26045.0,URBANO SAO GABRIEL,Consumidor Livre,SUL,48.0,4.527132
,2022-09-14,26045.0,URBANO SAO GABRIEL,Consumidor Livre,SUL,48.0,7.886691
,2022-09-15,26045.0,URBANO SAO GABRIEL,Consumidor Livre,SUL,48.0,1.681803
,2022-09-16,26045.0,URBANO SAO GABRIEL,Consumidor Livre,SUL,48.0,9.655827
,2022-09-17,26045.0,URBANO SAO GABRIEL,Consumidor Livre,SUL,48.0,2.756602
,2022-09-18,26045.0,URBANO SAO GABRIEL,Consumidor Livre,SUL,48.0,0.7928270000000001
,2022-09-19,26045.0,URBANO SAO GABRIEL,Consumidor Livre,SUL,48.0,1.878794
,2022-09-20,26045.0,URBANO SAO GABRIEL,Consumidor Livre,SUL,48.0,4.744706
,2022-09-21,26045.0,URBANO SAO GABRIEL,Consumidor Livre,SUL,48.0,27.369158
,2022-09-22,26045.0,URBANO SAO GABRIEL,Consumidor Livre,SUL,48.0,21.689968
,2022-09-23,26045.0,URBANO SAO GABRIEL,Consumidor Livre,SUL,48.0,25.010243
,2022-09-24,26045.0,URBANO SAO GABRIEL,Consumidor Livre,SUL,48.0,27.638582
,2022-09-25,26045.0,URBANO SAO GABRIEL,Consumidor Livre,SUL,48.0,0.613417
,2022-09-26,26045.0,URBANO SAO GABRIEL,Consumidor Livre,SUL,48.0,4.541765
,2022-09-27,26045.0,URBANO SAO GABRIEL,Consumidor Livre,SUL,48.0,6.689228999999999
,2022-09-28,26045.0,URBANO SAO GABRIEL,Consumidor Livre,SUL,48.0,6.143821
,2022-09-29,26045.0,URBANO SAO GABRIEL,Consumidor Livre,SUL,48.0,2.933337
,2022-09-30,26045.0,URBANO SAO GABRIEL,Consumidor Livre,SUL,48.0,7.504044
,2022-10-01,26045.0,URBANO SAO GABRIEL,Consumidor Livre,SUL,48.0,1.271326
,2022-10-02,26045.0,URBANO SAO GABRIEL,Consumidor Livre,SUL,48.0,0.700823
,2022-10-03,26045.0,URBANO SAO GABRIEL,Consumidor Livre,SUL,48.0,2.349906
,2022-10-04,26045.0,URBANO SAO GABRIEL,Consumidor Livre,SUL,48.0,23.694869
,2022-10-05,26045.0,URBANO SAO GABRIEL,Consumidor Livre,SUL,48.0,25.898833
,2022-10-06,26045.0,URBANO SAO GABRIEL,Consumidor Livre,SUL,48.0,24.625976
,2022-10-07,26045.0,URBANO SAO GABRIEL,Consumidor Livre,SUL,48.0,2.5605
,2022-10-08,26045.0,URBANO SAO GABRIEL,Consumidor Livre,SUL,48.0,4.858269
,2022-10-09,26045.0,URBANO SAO GABRIEL,Consumidor Livre,SUL,48.0,5.64133
,2022-10-10,26045.0,URBANO SAO GABRIEL,Consumidor Livre,SUL,48.0,3.218889
,2022-10-11,26045.0,URBANO SAO GABRIEL,Consumidor Livre,SUL,48.0,5.071373
,2022-10-12,26045.0,URBANO SAO GABRIEL,Consumidor Livre,SUL,48.0,1.602753
,2022-10-13,26045.0,URBANO SAO GABRIEL,Consumidor Livre,SUL,48.0,4.318163
,2022-10-14,26045.0,URBANO SAO GABRIEL,Consumidor Livre,SUL,48.0,4.060082
,2022-10-15,26045.0,URBANO SAO GABRIEL,Consumidor Livre,SUL,48.0,3.261864
,2022-10-16,26045.0,URBANO SAO GABRIEL,Consumidor Livre,SUL,48.0,0.3008699999999999
,2022-10-17,26045.0,URBANO SAO GABRIEL,Consumidor Livre,SUL,48.0,0.699715
,2022-10-18,26045.0,URBANO SAO GABRIEL,Consumidor Livre,SUL,48.0,4.16692
,2022-10-19,26045.0,URBANO SAO GABRIEL,Consumidor Livre,SUL,48.0,17.856511
,2022-10-20,26045.0,URBANO SAO GABRIEL,Consumidor Livre,SUL,48.0,31.474447
,2022-10-21,26045.0,URBANO SAO GABRIEL,Consumidor Livre,SUL,48.0,27.180132
,2022-10-22,26045.0,URBANO SAO GABRIEL,Consumidor Livre,SUL,48.0,0.713098
,2022-10-23,26045.0,URBANO SAO GABRIEL,Consumidor Livre,SUL,48.0,2.212518
,2022-10-24,26045.0,URBANO SAO GABRIEL,Consumidor Livre,SUL,48.0,2.311836
,2022-10-25,26045.0,URBANO SAO GABRIEL,Consumidor Livre,SUL,48.0,3.004039
,2022-10-26,26045.0,URBANO SAO GABRIEL,Consumidor Livre,SUL,48.0,1.867205
,2022-10-27,26045.0,URBANO SAO GABRIEL,Consumidor Livre,SUL,48.0,2.065712
,2022-10-28,26045.0,URBANO SAO GABRIEL,Consumidor Livre,SUL,48.0,4.8680710000000005
,2022-10-29,26045.0,URBANO SAO GABRIEL,Consumidor Livre,SUL,48.0,3.116859
,2022-10-30,26045.0,URBANO SAO GABRIEL,Consumidor Livre,SUL,48.0,4.951459
,2022-10-31,26045.0,URBANO SAO GABRIEL,Consumidor Livre,SUL,48.0,3.945886
,2022-11-01,26045.0,URBANO SAO GABRIEL,Consumidor Livre,SUL,48.0,10.311466
,2022-11-02,26045.0,URBANO SAO GABRIEL,Consumidor Livre,SUL,48.0,5.449126
,2022-11-03,26045.0,URBANO SAO GABRIEL,Consumidor Livre,SUL,48.0,7.064914
,2022-11-04,26045.0,URBANO SAO GABRIEL,Consumidor Livre,SUL,48.0,4.760094
,2022-11-05,26045.0,URBANO SAO GABRIEL,Consumidor Livre,SUL,48.0,1.568339
,2022-11-06,26045.0,URBANO SAO GABRIEL,Consumidor Livre,SUL,48.0,2.114751
,2022-11-07,26045.0,URBANO SAO GABRIEL,Consumidor Livre,SUL,48.0,33.754417
,2022-11-08,26045.0,URBANO SAO GABRIEL,Consumidor Livre,SUL,48.0,16.436448
,2022-11-09,26045.0,URBANO SAO GABRIEL,Consumidor Livre,SUL,48.0,2.138896
,2022-11-10,26045.0,URBANO SAO GABRIEL,Consumidor Livre,SUL,48.0,3.818062
,2022-11-11,26045.0,URBANO SAO GABRIEL,Consumidor Livre,SUL,48.0,4.924767999999999
,2022-11-12,26045.0,URBANO SAO GABRIEL,Consumidor Livre,SUL,48.0,2.328736
,2022-11-13,26045.0,URBANO SAO GABRIEL,Consumidor Livre,SUL,48.0,0.286319
,2022-11-14,26045.0,URBANO SAO GABRIEL,Consumidor Livre,SUL,48.0,3.674703
,2022-11-15,26045.0,URBANO SAO GABRIEL,Consumidor Livre,SUL,48.0,1.562103
,2022-11-16,26045.0,URBANO SAO GABRIEL,Consumidor Livre,SUL,48.0,1.374565
,2022-11-17,26045.0,URBANO SAO GABRIEL,Consumidor Livre,SUL,48.0,3.646483
,2022-11-18,26045.0,URBANO SAO GABRIEL,Consumidor Livre,SUL,48.0,3.639183
,2022-11-19,26045.0,URBANO SAO GABRIEL,Consumidor Livre,SUL,48.0,0.932513
,2022-11-20,26045.0,URBANO SAO GABRIEL,Consumidor Livre,SUL,48.0,0.585696
,2022-11-21,26045.0,URBANO SAO GABRIEL,Consumidor Livre,SUL,48.0,0.377255
,2022-11-22,26045.0,URBANO SAO GABRIEL,Consumidor Livre,SUL,48.0,0.190365
,2022-11-23,26045.0,URBANO SAO GABRIEL,Consumidor Livre,SUL,48.0,0.90787
,2022-11-24,26045.0,URBANO SAO GABRIEL,Consumidor Livre,SUL,48.0,1.265353
,2022-11-25,26045.0,URBANO SAO GABRIEL,Consumidor Livre,SUL,48.0,2.893394
,2022-11-26,26045.0,URBANO SAO GABRIEL,Consumidor Livre,SUL,48.0,1.545179
,2022-11-27,26045.0,URBANO SAO GABRIEL,Consumidor Livre,SUL,48.0,0.453904
,2022-11-28,26045.0,URBANO SAO GABRIEL,Consumidor Livre,SUL,48.0,0.8300150000000001
,2022-11-29,26045.0,URBANO SAO GABRIEL,Consumidor Livre,SUL,48.0,3.278953
,2022-11-30,26045.0,URBANO SAO GABRIEL,Consumidor Livre,SUL,48.0,5.627125
,2022-12-01,26045.0,URBANO SAO GABRIEL,Consumidor Livre,SUL,48.0,6.980565
,2022-12-02,26045.0,URBANO SAO GABRIEL,Consumidor Livre,SUL,48.0,7.901307
,2022-12-03,26045.0,URBANO SAO GABRIEL,Consumidor Livre,SUL,48.0,8.419137000000001
,2022-12-04,26045.0,URBANO SAO GABRIEL,Consumidor Livre,SUL,48.0,1.557242
,2022-12-05,26045.0,URBANO SAO GABRIEL,Consumidor Livre,SUL,48.0,4.540714
,2022-12-06,26045.0,URBANO SAO GABRIEL,Consumidor Livre,SUL,48.0,10.939806
,2022-12-07,26045.0,URBANO SAO GABRIEL,Consumidor Livre,SUL,48.0,9.449936
,2022-12-08,26045.0,URBANO SAO GABRIEL,Consumidor Livre,SUL,48.0,8.410438
,2022-12-09,26045.0,URBANO SAO GABRIEL,Consumidor Livre,SUL,48.0,7.149669
,2022-12-10,26045.0,URBANO SAO GABRIEL,Consumidor Livre,SUL,48.0,7.648822
,2022-12-11,26045.0,URBANO SAO GABRIEL,Consumidor Livre,SUL,48.0,1.209383
,2022-12-12,26045.0,URBANO SAO GABRIEL,Consumidor Livre,SUL,48.0,6.624685
,2022-12-13,26045.0,URBANO SAO GABRIEL,Consumidor Livre,SUL,48.0,8.324867
,2022-12-14,26045.0,URBANO SAO GABRIEL,Consumidor Livre,SUL,48.0,8.21748
,2022-12-15,26045.0,URBANO SAO GABRIEL,Consumidor Livre,SUL,48.0,5.9959
,2022-12-16,26045.0,URBANO SAO GABRIEL,Consumidor Livre,SUL,48.0,7.053015
,2022-12-17,26045.0,URBANO SAO GABRIEL,Consumidor Livre,SUL,48.0,6.17645
,2022-12-18,26045.0,URBANO SAO GABRIEL,Consumidor Livre,SUL,48.0,1.439562
,2022-12-19,26045.0,URBANO SAO GABRIEL,Consumidor Livre,SUL,48.0,1.924456
,2022-12-20,26045.0,URBANO SAO GABRIEL,Consumidor Livre,SUL,48.0,1.10067
,2022-12-21,26045.0,URBANO SAO GABRIEL,Consumidor Livre,SUL,48.0,3.107802
,2022-12-22,26045.0,URBANO SAO GABRIEL,Consumidor Livre,SUL,48.0,14.275306
,2022-12-23,26045.0,URBANO SAO GABRIEL,Consumidor Livre,SUL,48.0,7.211297
,2022-12-24,26045.0,URBANO SAO GABRIEL,Consumidor Livre,SUL,48.0,3.522782
,2022-12-25,26045.0,URBANO SAO GABRIEL,Consumidor Livre,SUL,48.0,2.099185
,2022-12-26,26045.0,URBANO SAO GABRIEL,Consumidor Livre,SUL,48.0,4.308097
,2022-12-27,26045.0,URBANO SAO GABRIEL,Consumidor Livre,SUL,48.0,4.225318
,2022-12-28,26045.0,URBANO SAO GABRIEL,Consumidor Livre,SUL,48.0,4.622258
,2022-12-29,26045.0,URBANO SAO GABRIEL,Consumidor Livre,SUL,48.0,4.57379
,2022-12-30,26045.0,URBANO SAO GABRIEL,Consumidor Livre,SUL,48.0,4.563176
,2022-12-31,26045.0,URBANO SAO GABRIEL,Consumidor Livre,SUL,48.0,3.27877
,2023-01-01,26045.0,URBANO SAO GABRIEL,Consumidor Livre,SUL,48.0,2.659463
,2023-01-02,26045.0,URBANO SAO GABRIEL,Consumidor Livre,SUL,48.0,4.514162
,2023-01-03,26045.0,URBANO SAO GABRIEL,Consumidor Livre,SUL,48.0,4.0385290000000005
,2023-01-04,26045.0,URBANO SAO GABRIEL,Consumidor Livre,SUL,48.0,5.242198
,2023-01-05,26045.0,URBANO SAO GABRIEL,Consumidor Livre,SUL,48.0,12.049578
,2023-01-06,26045.0,URBANO SAO GABRIEL,Consumidor Livre,SUL,48.0,30.666458
,2023-01-07,26045.0,URBANO SAO GABRIEL,Consumidor Livre,SUL,48.0,7.635948
,2023-01-08,26045.0,URBANO SAO GABRIEL,Consumidor Livre,SUL,48.0,1.3470749999999998
,2023-01-09,26045.0,URBANO SAO GABRIEL,Consumidor Livre,SUL,48.0,3.087274
,2023-01-10,26045.0,URBANO SAO GABRIEL,Consumidor Livre,SUL,48.0,1.55804
,2023-01-11,26045.0,URBANO SAO GABRIEL,Consumidor Livre,SUL,48.0,6.888169
,2023-01-12,26045.0,URBANO SAO GABRIEL,Consumidor Livre,SUL,48.0,4.428409
,2023-01-13,26045.0,URBANO SAO GABRIEL,Consumidor Livre,SUL,48.0,2.264611
,2023-01-14,26045.0,URBANO SAO GABRIEL,Consumidor Livre,SUL,48.0,2.32829
,2023-01-15,26045.0,URBANO SAO GABRIEL,Consumidor Livre,SUL,48.0,3.202377
,2023-01-16,26045.0,URBANO SAO GABRIEL,Consumidor Livre,SUL,48.0,6.25895
,2023-01-17,26045.0,URBANO SAO GABRIEL,Consumidor Livre,SUL,48.0,11.590995
,2023-01-18,26045.0,URBANO SAO GABRIEL,Consumidor Livre,SUL,48.0,23.258572
,2023-01-19,26045.0,URBANO SAO GABRIEL,Consumidor Livre,SUL,48.0,7.131395
,2023-01-20,26045.0,URBANO SAO GABRIEL,Consumidor Livre,SUL,48.0,8.542856
,2023-01-21,26045.0,URBANO SAO GABRIEL,Consumidor Livre,SUL,48.0,6.146866
,2023-01-22,26045.0,URBANO SAO GABRIEL,Consumidor Livre,SUL,48.0,0.5558339999999999
,2023-01-23,26045.0,URBANO SAO GABRIEL,Consumidor Livre,SUL,48.0,6.293133
,2023-01-24,26045.0,URBANO SAO GABRIEL,Consumidor Livre,SUL,48.0,4.459733
,2023-01-25,26045.0,URBANO SAO GABRIEL,Consumidor Livre,SUL,48.0,8.729086
,2023-01-26,26045.0,URBANO SAO GABRIEL,Consumidor Livre,SUL,48.0,5.415744
,2023-01-27,26045.0,URBANO SAO GABRIEL,Consumidor Livre,SUL,48.0,4.913474
,2023-01-28,26045.0,URBANO SAO GABRIEL,Consumidor Livre,SUL,48.0,2.912964
,2023-01-29,26045.0,URBANO SAO GABRIEL,Consumidor Livre,SUL,48.0,1.680584
,2023-01-30,26045.0,URBANO SAO GABRIEL,Consumidor Livre,SUL,48.0,1.862214
,2023-01-31,26045.0,URBANO SAO GABRIEL,Consumidor Livre,SUL,48.0,13.908234
,2023-02-01,26045.0,URBANO SAO GABRIEL,Consumidor Livre,SUL,48.0,7.827745999999999
,2023-02-02,26045.0,URBANO SAO GABRIEL,Consumidor Livre,SUL,48.0,3.064976
,2023-02-03,26045.0,URBANO SAO GABRIEL,Consumidor Livre,SUL,48.0,1.603817
,2023-02-04,26045.0,URBANO SAO GABRIEL,Consumidor Livre,SUL,48.0,0.135146
,2023-02-05,26045.0,URBANO SAO GABRIEL,Consumidor Livre,SUL,48.0,0.255978
,2023-02-06,26045.0,URBANO SAO GABRIEL,Consumidor Livre,SUL,48.0,0.213472
,2023-02-07,26045.0,URBANO SAO GABRIEL,Consumidor Livre,SUL,48.0,0.39235
,2023-02-08,26045.0,URBANO SAO GABRIEL,Consumidor Livre,SUL,48.0,2.667652
,2023-02-09,26045.0,URBANO SAO GABRIEL,Consumidor Livre,SUL,48.0,0.31266
,2023-02-10,26045.0,URBANO SAO GABRIEL,Consumidor Livre,SUL,48.0,2.396554
,2023-02-11,26045.0,URBANO SAO GABRIEL,Consumidor Livre,SUL,48.0,2.431381
,2023-02-12,26045.0,URBANO SAO GABRIEL,Consumidor Livre,SUL,48.0,1.298691
,2023-02-13,26045.0,URBANO SAO GABRIEL,Consumidor Livre,SUL,48.0,1.888862
,2023-02-14,26045.0,URBANO SAO GABRIEL,Consumidor Livre,SUL,48.0,1.979185
,2023-02-15,26045.0,URBANO SAO GABRIEL,Consumidor Livre,SUL,48.0,0.343431
,2023-02-16,26045.0,URBANO SAO GABRIEL,Consumidor Livre,SUL,48.0,0.251726
,2023-02-17,26045.0,URBANO SAO GABRIEL,Consumidor Livre,SUL,48.0,4.674666
,2023-02-18,26045.0,URBANO SAO GABRIEL,Consumidor Livre,SUL,48.0,5.454275
,2023-02-19,26045.0,URBANO SAO GABRIEL,Consumidor Livre,SUL,48.0,5.736465
,2023-02-20,26045.0,URBANO SAO GABRIEL,Consumidor Livre,SUL,48.0,15.007212
,2023-02-21,26045.0,URBANO SAO GABRIEL,Consumidor Livre,SUL,48.0,35.514546
,2023-02-22,26045.0,URBANO SAO GABRIEL,Consumidor Livre,SUL,48.0,21.926355
,2023-02-23,26045.0,URBANO SAO GABRIEL,Consumidor Livre,SUL,48.0,17.790396
,2023-02-24,26045.0,URBANO SAO GABRIEL,Consumidor Livre,SUL,48.0,16.87293
,2023-02-25,26045.0,URBANO SAO GABRIEL,Consumidor Livre,SUL,48.0,6.316809
,2023-02-26,26045.0,URBANO SAO GABRIEL,Consumidor Livre,SUL,48.0,8.099079
,2023-02-27,26045.0,URBANO SAO GABRIEL,Consumidor Livre,SUL,48.0,22.316545
,2023-02-28,26045.0,URBANO SAO GABRIEL,Consumidor Livre,SUL,48.0,23.165408
,2023-03-01,26045.0,URBANO SAO GABRIEL,Consumidor Livre,SUL,48.0,18.179964
,2023-03-02,26045.0,URBANO SAO GABRIEL,Consumidor Livre,SUL,48.0,20.98649
,2023-03-03,26045.0,URBANO SAO GABRIEL,Consumidor Livre,SUL,48.0,19.520497
,2023-03-04,26045.0,URBANO SAO GABRIEL,Consumidor Livre,SUL,48.0,8.773208
,2023-03-05,26045.0,URBANO SAO GABRIEL,Consumidor Livre,SUL,48.0,3.668177
,2023-03-06,26045.0,URBANO SAO GABRIEL,Consumidor Livre,SUL,48.0,20.218218
,2023-03-07,26045.0,URBANO SAO GABRIEL,Consumidor Livre,SUL,48.0,27.909031
,2023-03-08,26045.0,URBANO SAO GABRIEL,Consumidor Livre,SUL,48.0,29.965342
,2023-03-09,26045.0,URBANO SAO GABRIEL,Consumidor Livre,SUL,48.0,28.227631
,2023-03-10,26045.0,URBANO SAO GABRIEL,Consumidor Livre,SUL,48.0,32.150863
,2023-03-11,26045.0,URBANO SAO GABRIEL,Consumidor Livre,SUL,48.0,29.539418
,2023-03-12,26045.0,URBANO SAO GABRIEL,Consumidor Livre,SUL,48.0,12.743969
,2023-03-13,26045.0,URBANO SAO GABRIEL,Consumidor Livre,SUL,48.0,32.955952
,2023-03-14,26045.0,URBANO SAO GABRIEL,Consumidor Livre,SUL,48.0,34.422251
,2023-03-15,26045.0,URBANO SAO GABRIEL,Consumidor Livre,SUL,48.0,30.387476
,2023-03-16,26045.0,URBANO SAO GABRIEL,Consumidor Livre,SUL,48.0,36.076436
,2023-03-17,26045.0,URBANO SAO GABRIEL,Consumidor Livre,SUL,48.0,30.998215
,2023-03-18,26045.0,URBANO SAO GABRIEL,Consumidor Livre,SUL,48.0,27.269864
,2023-03-19,26045.0,URBANO SAO GABRIEL,Consumidor Livre,SUL,48.0,32.267439
,2023-03-20,26045.0,URBANO SAO GABRIEL,Consumidor Livre,SUL,48.0,36.680131
,2023-03-21,26045.0,URBANO SAO GABRIEL,Consumidor Livre,SUL,48.0,34.442977
,2023-03-22,26045.0,URBANO SAO GABRIEL,Consumidor Livre,SUL,48.0,35.487127
,2023-03-23,26045.0,URBANO SAO GABRIEL,Consumidor Livre,SUL,48.0,35.087312
,2023-03-24,26045.0,URBANO SAO GABRIEL,Consumidor Livre,SUL,48.0,36.632704
,2023-03-25,26045.0,URBANO SAO GABRIEL,Consumidor Livre,SUL,48.0,33.857387
,2023-03-26,26045.0,URBANO SAO GABRIEL,Consumidor Livre,SUL,48.0,13.222561
,2023-03-27,26045.0,URBANO SAO GABRIEL,Consumidor Livre,SUL,48.0,37.45323
,2023-03-28,26045.0,URBANO SAO GABRIEL,Consumidor Livre,SUL,48.0,34.022689
,2023-03-29,26045.0,URBANO SAO GABRIEL,Consumidor Livre,SUL,48.0,35.793707
,2023-03-30,26045.0,URBANO SAO GABRIEL,Consumidor Livre,SUL,48.0,38.294841
,2023-03-31,26045.0,URBANO SAO GABRIEL,Consumidor Livre,SUL,48.0,30.968132
,2023-04-01,26045.0,URBANO SAO GABRIEL,Consumidor Livre,SUL,48.0,30.307734
,2023-04-02,26045.0,URBANO SAO GABRIEL,Consumidor Livre,SUL,48.0,13.827442
,2023-04-03,26045.0,URBANO SAO GABRIEL,Consumidor Livre,SUL,48.0,30.540113
,2023-04-04,26045.0,URBANO SAO GABRIEL,Consumidor Livre,SUL,48.0,33.003908
,2023-04-05,26045.0,URBANO SAO GABRIEL,Consumidor Livre,SUL,48.0,33.106474
,2023-04-06,26045.0,URBANO SAO GABRIEL,Consumidor Livre,SUL,48.0,29.295771
,2023-04-07,26045.0,URBANO SAO GABRIEL,Consumidor Livre,SUL,48.0,8.076988
,2023-04-08,26045.0,URBANO SAO GABRIEL,Consumidor Livre,SUL,48.0,21.345761
,2023-04-09,26045.0,URBANO SAO GABRIEL,Consumidor Livre,SUL,48.0,26.107849
,2023-04-10,26045.0,URBANO SAO GABRIEL,Consumidor Livre,SUL,48.0,27.699242
,2023-04-11,26045.0,URBANO SAO GABRIEL,Consumidor Livre,SUL,48.0,29.187517
,2023-04-12,26045.0,URBANO SAO GABRIEL,Consumidor Livre,SUL,48.0,30.379044
,2023-04-13,26045.0,URBANO SAO GABRIEL,Consumidor Livre,SUL,48.0,33.231622
,2023-04-14,26045.0,URBANO SAO GABRIEL,Consumidor Livre,SUL,48.0,33.108769
,2023-04-15,26045.0,URBANO SAO GABRIEL,Consumidor Livre,SUL,48.0,22.673478
,2023-04-16,26045.0,URBANO SAO GABRIEL,Consumidor Livre,SUL,48.0,12.045687
,2023-04-17,26045.0,URBANO SAO GABRIEL,Consumidor Livre,SUL,48.0,23.002218
,2023-04-18,26045.0,URBANO SAO GABRIEL,Consumidor Livre,SUL,48.0,31.711064
,2023-04-19,26045.0,URBANO SAO GABRIEL,Consumidor Livre,SUL,48.0,32.592183
,2023-04-20,26045.0,URBANO SAO GABRIEL,Consumidor Livre,SUL,48.0,27.151166
,2023-04-21,26045.0,URBANO SAO GABRIEL,Consumidor Livre,SUL,48.0,21.776087
,2023-04-22,26045.0,URBANO SAO GABRIEL,Consumidor Livre,SUL,48.0,27.075286
,2023-04-23,26045.0,URBANO SAO GABRIEL,Consumidor Livre,SUL,48.0,7.809526
,2023-04-24,26045.0,URBANO SAO GABRIEL,Consumidor Livre,SUL,48.0,17.683581
,2023-04-25,26045.0,URBANO SAO GABRIEL,Consumidor Livre,SUL,48.0,21.168058
,2023-04-26,26045.0,URBANO SAO GABRIEL,Consumidor Livre,SUL,48.0,20.469297
,2023-04-27,26045.0,URBANO SAO GABRIEL,Consumidor Livre,SUL,48.0,18.224975
,2023-04-28,26045.0,URBANO SAO GABRIEL,Consumidor Livre,SUL,48.0,20.019526
,2023-04-29,26045.0,URBANO SAO GABRIEL,Consumidor Livre,SUL,48.0,16.872778
,2023-04-30,26045.0,URBANO SAO GABRIEL,Consumidor Livre,SUL,48.0,7.160019
,2023-05-01,26045.0,URBANO SAO GABRIEL,Consumidor Livre,SUL,48.0,12.150639
,2023-05-02,26045.0,URBANO SAO GABRIEL,Consumidor Livre,SUL,48.0,27.05775
,2023-05-03,26045.0,URBANO SAO GABRIEL,Consumidor Livre,SUL,48.0,18.012464
,2023-05-04,26045.0,URBANO SAO GABRIEL,Consumidor Livre,SUL,48.0,12.363903
,2023-05-05,26045.0,URBANO SAO GABRIEL,Consumidor Livre,SUL,48.0,35.453401
,2023-05-06,26045.0,URBANO SAO GABRIEL,Consumidor Livre,SUL,48.0,29.069223
,2023-05-07,26045.0,URBANO SAO GABRIEL,Consumidor Livre,SUL,48.0,13.615629
,2023-05-08,26045.0,URBANO SAO GABRIEL,Consumidor Livre,SUL,48.0,4.405219
,2023-05-09,26045.0,URBANO SAO GABRIEL,Consumidor Livre,SUL,48.0,8.720899
,2023-05-10,26045.0,URBANO SAO GABRIEL,Consumidor Livre,SUL,48.0,9.356303
,2023-05-11,26045.0,URBANO SAO GABRIEL,Consumidor Livre,SUL,48.0,7.900652
,2023-05-12,26045.0,URBANO SAO GABRIEL,Consumidor Livre,SUL,48.0,7.69314
,2023-05-13,26045.0,URBANO SAO GABRIEL,Consumidor Livre,SUL,48.0,14.223768
,2023-05-14,26045.0,URBANO SAO GABRIEL,Consumidor Livre,SUL,48.0,7.183727
,2023-05-15,26045.0,URBANO SAO GABRIEL,Consumidor Livre,SUL,48.0,12.712139
,2023-05-16,26045.0,URBANO SAO GABRIEL,Consumidor Livre,SUL,48.0,12.278088
,2023-05-17,26045.0,URBANO SAO GABRIEL,Consumidor Livre,SUL,48.0,8.136898
,2023-05-18,26045.0,URBANO SAO GABRIEL,Consumidor Livre,SUL,48.0,9.107029
,2023-05-19,26045.0,URBANO SAO GABRIEL,Consumidor Livre,SUL,48.0,9.258681
,2023-05-20,26045.0,URBANO SAO GABRIEL,Consumidor Livre,SUL,48.0,9.44833
,2023-05-21,26045.0,URBANO SAO GABRIEL,Consumidor Livre,SUL,48.0,11.508274
,2023-05-22,26045.0,URBANO SAO GABRIEL,Consumidor Livre,SUL,48.0,9.490181
,2023-05-23,26045.0,URBANO SAO GABRIEL,Consumidor Livre,SUL,48.0,9.320713
,2023-05-24,26045.0,URBANO SAO GABRIEL,Consumidor Livre,SUL,48.0,12.515691
,2023-05-25,26045.0,URBANO SAO GABRIEL,Consumidor Livre,SUL,48.0,10.644735
,2023-05-26,26045.0,URBANO SAO GABRIEL,Consumidor Livre,SUL,48.0,13.677466
,2023-05-27,26045.0,URBANO SAO GABRIEL,Consumidor Livre,SUL,48.0,9.406459
,2023-05-28,26045.0,URBANO SAO GABRIEL,Consumidor Livre,SUL,48.0,1.518242
,2023-05-29,26045.0,URBANO SAO GABRIEL,Consumidor Livre,SUL,48.0,15.13215
,2023-05-30,26045.0,URBANO SAO GABRIEL,Consumidor Livre,SUL,48.0,16.413214
,2023-05-31,26045.0,URBANO SAO GABRIEL,Consumidor Livre,SUL,48.0,16.768638
,2023-06-01,26045.0,URBANO SAO GABRIEL,Consumidor Livre,SUL,48.0,17.289966
,2023-06-02,26045.0,URBANO SAO GABRIEL,Consumidor Livre,SUL,48.0,13.311482
,2023-06-03,26045.0,URBANO SAO GABRIEL,Consumidor Livre,SUL,48.0,10.365532
,2023-06-04,26045.0,URBANO SAO GABRIEL,Consumidor Livre,SUL,48.0,7.925321
,2023-06-05,26045.0,URBANO SAO GABRIEL,Consumidor Livre,SUL,48.0,12.617958
,2023-06-06,26045.0,URBANO SAO GABRIEL,Consumidor Livre,SUL,48.0,7.91353
,2023-06-07,26045.0,URBANO SAO GABRIEL,Consumidor Livre,SUL,48.0,13.963072
,2023-06-08,26045.0,URBANO SAO GABRIEL,Consumidor Livre,SUL,48.0,11.843277
,2023-06-09,26045.0,URBANO SAO GABRIEL,Consumidor Livre,SUL,48.0,9.728274
,2023-06-10,26045.0,URBANO SAO GABRIEL,Consumidor Livre,SUL,48.0,6.400421
,2023-06-11,26045.0,URBANO SAO GABRIEL,Consumidor Livre,SUL,48.0,11.51075
,2023-06-12,26045.0,URBANO SAO GABRIEL,Consumidor Livre,SUL,48.0,15.802042
,2023-06-13,26045.0,URBANO SAO GABRIEL,Consumidor Livre,SUL,48.0,12.04653
,2023-06-14,26045.0,URBANO SAO GABRIEL,Consumidor Livre,SUL,48.0,11.816359
,2023-06-15,26045.0,URBANO SAO GABRIEL,Consumidor Livre,SUL,48.0,6.839613
,2023-06-16,26045.0,URBANO SAO GABRIEL,Consumidor Livre,SUL,48.0,8.194124
,2023-06-17,26045.0,URBANO SAO GABRIEL,Consumidor Livre,SUL,48.0,7.080261
,2023-06-18,26045.0,URBANO SAO GABRIEL,Consumidor Livre,SUL,48.0,4.946661
,2023-06-19,26045.0,URBANO SAO GABRIEL,Consumidor Livre,SUL,48.0,30.595348
,2023-06-20,26045.0,URBANO SAO GABRIEL,Consumidor Livre,SUL,48.0,33.409654
,2023-06-21,26045.0,URBANO SAO GABRIEL,Consumidor Livre,SUL,48.0,11.051548
,2023-06-22,26045.0,URBANO SAO GABRIEL,Consumidor Livre,SUL,48.0,9.890329
,2023-06-23,26045.0,URBANO SAO GABRIEL,Consumidor Livre,SUL,48.0,7.453943
,2023-06-24,26045.0,URBANO SAO GABRIEL,Consumidor Livre,SUL,48.0,4.030771
,2023-06-25,26045.0,URBANO SAO GABRIEL,Consumidor Livre,SUL,48.0,13.118287
,2023-06-26,26045.0,URBANO SAO GABRIEL,Consumidor Livre,SUL,48.0,26.520582
,2023-06-27,26045.0,URBANO SAO GABRIEL,Consumidor Livre,SUL,48.0,9.928456
,2023-06-28,26045.0,URBANO SAO GABRIEL,Consumidor Livre,SUL,48.0,5.472478
,2023-06-29,26045.0,URBANO SAO GABRIEL,Consumidor Livre,SUL,48.0,12.266871
,2023-06-30,26045.0,URBANO SAO GABRIEL,Consumidor Livre,SUL,48.0,12.110838
,2023-07-01,26045.0,URBANO SAO GABRIEL,Consumidor Livre,SUL,48.0,8.267372
,2023-07-02,26045.0,URBANO SAO GABRIEL,Consumidor Livre,SUL,48.0,0.084873
,2023-07-03,26045.0,URBANO SAO GABRIEL,Consumidor Livre,SUL,48.0,8.241485
,2023-07-04,26045.0,URBANO SAO GABRIEL,Consumidor Livre,SUL,48.0,9.464098
,2023-07-05,26045.0,URBANO SAO GABRIEL,Consumidor Livre,SUL,48.0,10.861182
,2023-07-06,26045.0,URBANO SAO GABRIEL,Consumidor Livre,SUL,48.0,12.097713
,2023-07-07,26045.0,URBANO SAO GABRIEL,Consumidor Livre,SUL,48.0,7.781578
,2023-07-08,26045.0,URBANO SAO GABRIEL,Consumidor Livre,SUL,48.0,6.816735
,2023-07-09,26045.0,URBANO SAO GABRIEL,Consumidor Livre,SUL,48.0,4.654648
,2023-07-10,26045.0,URBANO SAO GABRIEL,Consumidor Livre,SUL,48.0,8.121027
,2023-07-11,26045.0,URBANO SAO GABRIEL,Consumidor Livre,SUL,48.0,10.02919
,2023-07-12,26045.0,URBANO SAO GABRIEL,Consumidor Livre,SUL,48.0,2.665827
,2023-07-13,26045.0,URBANO SAO GABRIEL,Consumidor Livre,SUL,48.0,6.014853
,2023-07-14,26045.0,URBANO SAO GABRIEL,Consumidor Livre,SUL,48.0,9.264918
,2023-07-15,26045.0,URBANO SAO GABRIEL,Consumidor Livre,SUL,48.0,15.635837
,2023-07-16,26045.0,URBANO SAO GABRIEL,Consumidor Livre,SUL,48.0,5.026337
,2023-07-17,26045.0,URBANO SAO GABRIEL,Consumidor Livre,SUL,48.0,16.481298
,2023-07-18,26045.0,URBANO SAO GABRIEL,Consumidor Livre,SUL,48.0,16.773129
,2023-07-19,26045.0,URBANO SAO GABRIEL,Consumidor Livre,SUL,48.0,15.238072
,2023-07-20,26045.0,URBANO SAO GABRIEL,Consumidor Livre,SUL,48.0,11.126257
,2023-07-21,26045.0,URBANO SAO GABRIEL,Consumidor Livre,SUL,48.0,8.948331
,2023-07-22,26045.0,URBANO SAO GABRIEL,Consumidor Livre,SUL,48.0,4.704727
,2023-07-23,26045.0,URBANO SAO GABRIEL,Consumidor Livre,SUL,48.0,0.427107
,2023-07-24,26045.0,URBANO SAO GABRIEL,Consumidor Livre,SUL,48.0,7.31449
,2023-07-25,26045.0,URBANO SAO GABRIEL,Consumidor Livre,SUL,48.0,5.756926
,2023-07-26,26045.0,URBANO SAO GABRIEL,Consumidor Livre,SUL,48.0,8.368556
,2023-07-27,26045.0,URBANO SAO GABRIEL,Consumidor Livre,SUL,48.0,9.133505
,2023-07-28,26045.0,URBANO SAO GABRIEL,Consumidor Livre,SUL,48.0,10.791343
,2023-07-29,26045.0,URBANO SAO GABRIEL,Consumidor Livre,SUL,48.0,9.303219
,2023-07-30,26045.0,URBANO SAO GABRIEL,Consumidor Livre,SUL,48.0,5.383751
,2023-07-31,26045.0,URBANO SAO GABRIEL,Consumidor Livre,SUL,48.0,6.014393
,2023-08-01,26045.0,URBANO SAO GABRIEL,Consumidor Livre,SUL,48.0,9.069201
,2023-08-02,26045.0,URBANO SAO GABRIEL,Consumidor Livre,SUL,48.0,7.249036
,2023-08-03,26045.0,URBANO SAO GABRIEL,Consumidor Livre,SUL,48.0,8.849049
,2023-08-04,26045.0,URBANO SAO GABRIEL,Consumidor Livre,SUL,48.0,7.978826
,2023-08-05,26045.0,URBANO SAO GABRIEL,Consumidor Livre,SUL,48.0,7.956041
,2023-08-06,26045.0,URBANO SAO GABRIEL,Consumidor Livre,SUL,48.0,3.538176
,2023-08-07,26045.0,URBANO SAO GABRIEL,Consumidor Livre,SUL,48.0,10.166627
,2023-08-08,26045.0,URBANO SAO GABRIEL,Consumidor Livre,SUL,48.0,7.018642
,2023-08-09,26045.0,URBANO SAO GABRIEL,Consumidor Livre,SUL,48.0,5.804834
,2023-08-10,26045.0,URBANO SAO GABRIEL,Consumidor Livre,SUL,48.0,4.946777
,2023-08-11,26045.0,URBANO SAO GABRIEL,Consumidor Livre,SUL,48.0,4.744214
,2023-08-12,26045.0,URBANO SAO GABRIEL,Consumidor Livre,SUL,48.0,4.741814
,2023-08-13,26045.0,URBANO SAO GABRIEL,Consumidor Livre,SUL,48.0,0.528072
,2023-08-14,26045.0,URBANO SAO GABRIEL,Consumidor Livre,SUL,48.0,17.208807
,2023-08-15,26045.0,URBANO SAO GABRIEL,Consumidor Livre,SUL,48.0,19.496793
,2023-08-16,26045.0,URBANO SAO GABRIEL,Consumidor Livre,SUL,48.0,13.717362
,2023-08-17,26045.0,URBANO SAO GABRIEL,Consumidor Livre,SUL,48.0,12.600808
,2023-08-18,26045.0,URBANO SAO GABRIEL,Consumidor Livre,SUL,48.0,4.630866
,2023-08-19,26045.0,URBANO SAO GABRIEL,Consumidor Livre,SUL,48.0,4.99489
,2023-08-20,26045.0,URBANO SAO GABRIEL,Consumidor Livre,SUL,48.0,0.325437
,2023-08-21,26045.0,URBANO SAO GABRIEL,Consumidor Livre,SUL,48.0,29.260561
,2023-08-22,26045.0,URBANO SAO GABRIEL,Consumidor Livre,SUL,48.0,35.821425
,2023-08-23,26045.0,URBANO SAO GABRIEL,Consumidor Livre,SUL,48.0,30.463026
,2023-08-24,26045.0,URBANO SAO GABRIEL,Consumidor Livre,SUL,48.0,7.372779
,2023-08-25,26045.0,URBANO SAO GABRIEL,Consumidor Livre,SUL,48.0,14.675404
,2023-08-26,26045.0,URBANO SAO GABRIEL,Consumidor Livre,SUL,48.0,6.639085000000001
,2023-08-27,26045.0,URBANO SAO GABRIEL,Consumidor Livre,SUL,48.0,4.915785
,2023-08-28,26045.0,URBANO SAO GABRIEL,Consumidor Livre,SUL,48.0,6.826162
,2023-08-29,26045.0,URBANO SAO GABRIEL,Consumidor Livre,SUL,48.0,4.175261
,2023-08-30,26045.0,URBANO SAO GABRIEL,Consumidor Livre,SUL,48.0,8.490366
,2023-08-31,26045.0,URBANO SAO GABRIEL,Consumidor Livre,SUL,48.0,6.335107
,2023-09-01,26045.0,URBANO SAO GABRIEL,Consumidor Livre,SUL,48.0,7.110267
,2023-09-02,26045.0,URBANO SAO GABRIEL,Consumidor Livre,SUL,48.0,3.975046
,2023-09-03,26045.0,URBANO SAO GABRIEL,Consumidor Livre,SUL,48.0,0.280818
,2023-09-04,26045.0,URBANO SAO GABRIEL,Consumidor Livre,SUL,48.0,5.874995
,2023-09-05,26045.0,URBANO SAO GABRIEL,Consumidor Livre,SUL,48.0,6.878141
,2023-09-06,26045.0,URBANO SAO GABRIEL,Consumidor Livre,SUL,48.0,6.138162
,2023-09-07,26045.0,URBANO SAO GABRIEL,Consumidor Livre,SUL,48.0,7.374606
,2023-09-08,26045.0,URBANO SAO GABRIEL,Consumidor Livre,SUL,48.0,6.5597080000000005
,2023-09-09,26045.0,URBANO SAO GABRIEL,Consumidor Livre,SUL,48.0,5.341498
,2023-09-10,26045.0,URBANO SAO GABRIEL,Consumidor Livre,SUL,48.0,0.091263
,2023-09-11,26045.0,URBANO SAO GABRIEL,Consumidor Livre,SUL,48.0,17.269927
,2023-09-12,26045.0,URBANO SAO GABRIEL,Consumidor Livre,SUL,48.0,0.765582
,2023-09-13,26045.0,URBANO SAO GABRIEL,Consumidor Livre,SUL,48.0,0.109307
,2023-09-14,26045.0,URBANO SAO GABRIEL,Consumidor Livre,SUL,48.0,0.990782
,2023-09-15,26045.0,URBANO SAO GABRIEL,Consumidor Livre,SUL,48.0,3.448255
,2023-09-16,26045.0,URBANO SAO GABRIEL,Consumidor Livre,SUL,48.0,3.810053
,2023-09-17,26045.0,URBANO SAO GABRIEL,Consumidor Livre,SUL,48.0,1.082626
,2023-09-18,26045.0,URBANO SAO GABRIEL,Consumidor Livre,SUL,48.0,2.797539
,2023-09-19,26045.0,URBANO SAO GABRIEL,Consumidor Livre,SUL,48.0,2.464734
,2023-09-20,26045.0,URBANO SAO GABRIEL,Consumidor Livre,SUL,48.0,0.524234
,2023-09-21,26045.0,URBANO SAO GABRIEL,Consumidor Livre,SUL,48.0,2.825433
,2023-09-22,26045.0,URBANO SAO GABRIEL,Consumidor Livre,SUL,48.0,2.961624
,2023-09-23,26045.0,URBANO SAO GABRIEL,Consumidor Livre,SUL,48.0,2.338291
,2023-09-24,26045.0,URBANO SAO GABRIEL,Consumidor Livre,SUL,48.0,0.351211
,2023-09-25,26045.0,URBANO SAO GABRIEL,Consumidor Livre,SUL,48.0,1.924478
,2023-09-26,26045.0,URBANO SAO GABRIEL,Consumidor Livre,SUL,48.0,1.426891
,2023-09-27,26045.0,URBANO SAO GABRIEL,Consumidor Livre,SUL,48.0,4.177485
,2023-09-28,26045.0,URBANO SAO GABRIEL,Consumidor Livre,SUL,48.0,3.928964
,2023-09-29,26045.0,URBANO SAO GABRIEL,Consumidor Livre,SUL,48.0,4.403182
,2023-09-30,26045.0,URBANO SAO GABRIEL,Consumidor Livre,SUL,48.0,4.251478
,2023-10-01,26045.0,URBANO SAO GABRIEL,Consumidor Livre,SUL,48.0,0.851602
,2023-10-02,26045.0,URBANO SAO GABRIEL,Consumidor Livre,SUL,48.0,4.952199
,2023-10-03,26045.0,URBANO SAO GABRIEL,Consumidor Livre,SUL,48.0,4.054379
,2023-10-04,26045.0,URBANO SAO GABRIEL,Consumidor Livre,SUL,48.0,2.269002
,2023-10-05,26045.0,URBANO SAO GABRIEL,Consumidor Livre,SUL,48.0,4.176712
,2023-10-06,26045.0,URBANO SAO GABRIEL,Consumidor Livre,SUL,48.0,10.040566
,2023-10-07,26045.0,URBANO SAO GABRIEL,Consumidor Livre,SUL,48.0,4.403658
,2023-10-08,26045.0,URBANO SAO GABRIEL,Consumidor Livre,SUL,48.0,1.163265
,2023-10-09,26045.0,URBANO SAO GABRIEL,Consumidor Livre,SUL,48.0,7.957357
,2023-10-10,26045.0,URBANO SAO GABRIEL,Consumidor Livre,SUL,48.0,6.918222
,2023-10-11,26045.0,URBANO SAO GABRIEL,Consumidor Livre,SUL,48.0,5.150312
,2023-10-12,26045.0,URBANO SAO GABRIEL,Consumidor Livre,SUL,48.0,1.420169
,2023-10-13,26045.0,URBANO SAO GABRIEL,Consumidor Livre,SUL,48.0,4.912132
,2023-10-14,26045.0,URBANO SAO GABRIEL,Consumidor Livre,SUL,48.0,5.574555
,2023-10-15,26045.0,URBANO SAO GABRIEL,Consumidor Livre,SUL,48.0,12.594984
,2023-10-16,26045.0,URBANO SAO GABRIEL,Consumidor Livre,SUL,48.0,29.353933
,2023-10-17,26045.0,URBANO SAO GABRIEL,Consumidor Livre,SUL,48.0,8.936862
,2023-10-18,26045.0,URBANO SAO GABRIEL,Consumidor Livre,SUL,48.0,4.199997
,2023-10-19,26045.0,URBANO SAO GABRIEL,Consumidor Livre,SUL,48.0,6.298746
,2023-10-20,26045.0,URBANO SAO GABRIEL,Consumidor Livre,SUL,48.0,7.667863
,2023-10-21,26045.0,URBANO SAO GABRIEL,Consumidor Livre,SUL,48.0,5.851871
,2023-10-22,26045.0,URBANO SAO GABRIEL,Consumidor Livre,SUL,48.0,0.083735
,2023-10-23,26045.0,URBANO SAO GABRIEL,Consumidor Livre,SUL,48.0,6.4515
,2023-10-24,26045.0,URBANO SAO GABRIEL,Consumidor Livre,SUL,48.0,5.866208
,2023-10-25,26045.0,URBANO SAO GABRIEL,Consumidor Livre,SUL,48.0,2.692614
,2023-10-26,26045.0,URBANO SAO GABRIEL,Consumidor Livre,SUL,48.0,2.087644
,2023-10-27,26045.0,URBANO SAO GABRIEL,Consumidor Livre,SUL,48.0,4.035464
,2023-10-28,26045.0,URBANO SAO GABRIEL,Consumidor Livre,SUL,48.0,5.864138
,2023-10-29,26045.0,URBANO SAO GABRIEL,Consumidor Livre,SUL,48.0,0.726238
,2023-10-30,26045.0,URBANO SAO GABRIEL,Consumidor Livre,SUL,48.0,5.954619
,2023-10-31,26045.0,URBANO SAO GABRIEL,Consumidor Livre,SUL,48.0,5.171531
,2023-11-01,26045.0,URBANO SAO GABRIEL,Consumidor Livre,SUL,48.0,1.210098
,2023-11-02,26045.0,URBANO SAO GABRIEL,Consumidor Livre,SUL,48.0,0.148308
,2023-11-03,26045.0,URBANO SAO GABRIEL,Consumidor Livre,SUL,48.0,1.205202
,2023-11-04,26045.0,URBANO SAO GABRIEL,Consumidor Livre,SUL,48.0,9.306838
,2023-11-05,26045.0,URBANO SAO GABRIEL,Consumidor Livre,SUL,48.0,1.388656
,2023-11-06,26045.0,URBANO SAO GABRIEL,Consumidor Livre,SUL,48.0,4.795141
,2023-11-07,26045.0,URBANO SAO GABRIEL,Consumidor Livre,SUL,48.0,5.912928
,2023-11-08,26045.0,URBANO SAO GABRIEL,Consumidor Livre,SUL,48.0,2.539228
,2023-11-09,26045.0,URBANO SAO GABRIEL,Consumidor Livre,SUL,48.0,2.301586
,2023-11-10,26045.0,URBANO SAO GABRIEL,Consumidor Livre,SUL,48.0,1.111542
,2023-11-11,26045.0,URBANO SAO GABRIEL,Consumidor Livre,SUL,48.0,1.087121
,2023-11-12,26045.0,URBANO SAO GABRIEL,Consumidor Livre,SUL,48.0,0.082869
,2023-11-13,26045.0,URBANO SAO GABRIEL,Consumidor Livre,SUL,48.0,1.046151
,2023-11-14,26045.0,URBANO SAO GABRIEL,Consumidor Livre,SUL,48.0,3.003912
,2023-11-15,26045.0,URBANO SAO GABRIEL,Consumidor Livre,SUL,48.0,0.722167
,2023-11-16,26045.0,URBANO SAO GABRIEL,Consumidor Livre,SUL,48.0,2.6211
,2023-11-17,26045.0,URBANO SAO GABRIEL,Consumidor Livre,SUL,48.0,3.928451
,2023-11-18,26045.0,URBANO SAO GABRIEL,Consumidor Livre,SUL,48.0,3.960491
,2023-11-19,26045.0,URBANO SAO GABRIEL,Consumidor Livre,SUL,48.0,4.5438730000000005
,2023-11-20,26045.0,URBANO SAO GABRIEL,Consumidor Livre,SUL,48.0,2.567448
,2023-11-21,26045.0,URBANO SAO GABRIEL,Consumidor Livre,SUL,48.0,6.657563
,2023-11-22,26045.0,URBANO SAO GABRIEL,Consumidor Livre,SUL,48.0,37.713534
,2023-11-23,26045.0,URBANO SAO GABRIEL,Consumidor Livre,SUL,48.0,9.363536
,2023-11-24,26045.0,URBANO SAO GABRIEL,Consumidor Livre,SUL,48.0,6.0090140000000005
,2023-11-25,26045.0,URBANO SAO GABRIEL,Consumidor Livre,SUL,48.0,4.292504
,2023-11-26,26045.0,URBANO SAO GABRIEL,Consumidor Livre,SUL,48.0,0.652863
,2023-11-27,26045.0,URBANO SAO GABRIEL,Consumidor Livre,SUL,48.0,5.68448
,2023-11-28,26045.0,URBANO SAO GABRIEL,Consumidor Livre,SUL,48.0,8.252728
,2023-11-29,26045.0,URBANO SAO GABRIEL,Consumidor Livre,SUL,48.0,8.094921
,2023-11-30,26045.0,URBANO SAO GABRIEL,Consumidor Livre,SUL,48.0,6.641583
,2023-12-01,26045.0,URBANO SAO GABRIEL,Consumidor Livre,SUL,48.0,6.122582
,2023-12-02,26045.0,URBANO SAO GABRIEL,Consumidor Livre,SUL,48.0,4.398139
,2023-12-03,26045.0,URBANO SAO GABRIEL,Consumidor Livre,SUL,48.0,0.004689
,2023-12-04,26045.0,URBANO SAO GABRIEL,Consumidor Livre,SUL,48.0,1.799621
,2023-12-05,26045.0,URBANO SAO GABRIEL,Consumidor Livre,SUL,48.0,1.025936
,2023-12-06,26045.0,URBANO SAO GABRIEL,Consumidor Livre,SUL,48.0,10.053305
,2023-12-07,26045.0,URBANO SAO GABRIEL,Consumidor Livre,SUL,48.0,6.337277
,2023-12-08,26045.0,URBANO SAO GABRIEL,Consumidor Livre,SUL,48.0,8.998678
,2023-12-09,26045.0,URBANO SAO GABRIEL,Consumidor Livre,SUL,48.0,4.500848
,2023-12-10,26045.0,URBANO SAO GABRIEL,Consumidor Livre,SUL,48.0,0.286852
,2023-12-11,26045.0,URBANO SAO GABRIEL,Consumidor Livre,SUL,48.0,8.750974
,2023-12-12,26045.0,URBANO SAO GABRIEL,Consumidor Livre,SUL,48.0,14.221548
,2023-12-13,26045.0,URBANO SAO GABRIEL,Consumidor Livre,SUL,48.0,5.731338
,2023-12-14,26045.0,URBANO SAO GABRIEL,Consumidor Livre,SUL,48.0,13.419221
,2023-12-15,26045.0,URBANO SAO GABRIEL,Consumidor Livre,SUL,48.0,8.221626
,2023-12-16,26045.0,URBANO SAO GABRIEL,Consumidor Livre,SUL,48.0,6.917295
,2023-12-17,26045.0,URBANO SAO GABRIEL,Consumidor Livre,SUL,48.0,8.68002
,2023-12-18,26045.0,URBANO SAO GABRIEL,Consumidor Livre,SUL,48.0,29.749406
,2023-12-19,26045.0,URBANO SAO GABRIEL,Consumidor Livre,SUL,48.0,33.658427
,2023-12-20,26045.0,URBANO SAO GABRIEL,Consumidor Livre,SUL,48.0,31.576296
,2023-12-21,26045.0,URBANO SAO GABRIEL,Consumidor Livre,SUL,48.0,7.757075
,2023-12-22,26045.0,URBANO SAO GABRIEL,Consumidor Livre,SUL,48.0,9.127997
,2023-12-23,26045.0,URBANO SAO GABRIEL,Consumidor Livre,SUL,48.0,6.23979
,2023-12-24,26045.0,URBANO SAO GABRIEL,Consumidor Livre,SUL,48.0,2.248013
,2023-12-25,26045.0,URBANO SAO GABRIEL,Consumidor Livre,SUL,48.0,2.139231
,2023-12-26,26045.0,URBANO SAO GABRIEL,Consumidor Livre,SUL,48.0,6.235295
,2023-12-27,26045.0,URBANO SAO GABRIEL,Consumidor Livre,SUL,48.0,7.417181999999999
,2023-12-28,26045.0,URBANO SAO GABRIEL,Consumidor Livre,SUL,48.0,5.543855
,2023-12-29,26045.0,URBANO SAO GABRIEL,Consumidor Livre,SUL,48.0,4.842224
,2023-12-30,26045.0,URBANO SAO GABRIEL,Consumidor Livre,SUL,48.0,2.511983
,2023-12-31,26045.0,URBANO SAO GABRIEL,Consumidor Livre,SUL,48.0,1.490253
,2024-01-01,26045.0,URBANO SAO GABRIEL,Consumidor Livre,SUL,48.0,1.524208
,2024-01-02,26045.0,URBANO SAO GABRIEL,Consumidor Livre,SUL,48.0,4.540941
,2024-01-03,26045.0,URBANO SAO GABRIEL,Consumidor Livre,SUL,48.0,6.775378
,2024-01-04,26045.0,URBANO SAO GABRIEL,Consumidor Livre,SUL,48.0,26.930772
,2024-01-05,26045.0,URBANO SAO GABRIEL,Consumidor Livre,SUL,48.0,30.415404
,2024-01-06,26045.0,URBANO SAO GABRIEL,Consumidor Livre,SUL,48.0,26.436454
,2024-01-07,26045.0,URBANO SAO GABRIEL,Consumidor Livre,SUL,48.0,5.205487
,2024-01-08,26045.0,URBANO SAO GABRIEL,Consumidor Livre,SUL,48.0,30.487729
,2024-01-09,26045.0,URBANO SAO GABRIEL,Consumidor Livre,SUL,48.0,34.055121
,2024-01-10,26045.0,URBANO SAO GABRIEL,Consumidor Livre,SUL,48.0,34.655134
,2024-01-11,26045.0,URBANO SAO GABRIEL,Consumidor Livre,SUL,48.0,35.877250000000004
,2024-01-12,26045.0,URBANO SAO GABRIEL,Consumidor Livre,SUL,48.0,37.200197
,2024-01-13,26045.0,URBANO SAO GABRIEL,Consumidor Livre,SUL,48.0,32.911663000000004
,2024-01-14,26045.0,URBANO SAO GABRIEL,Consumidor Livre,SUL,48.0,7.323933
,2024-01-15,26045.0,URBANO SAO GABRIEL,Consumidor Livre,SUL,48.0,31.686855
,2024-01-16,26045.0,URBANO SAO GABRIEL,Consumidor Livre,SUL,48.0,30.699097
,2024-01-17,26045.0,URBANO SAO GABRIEL,Consumidor Livre,SUL,48.0,32.660094
,2024-01-18,26045.0,URBANO SAO GABRIEL,Consumidor Livre,SUL,48.0,32.807789
,2024-01-19,26045.0,URBANO SAO GABRIEL,Consumidor Livre,SUL,48.0,33.619865
,2024-01-20,26045.0,URBANO SAO GABRIEL,Consumidor Livre,SUL,48.0,29.932758
,2024-01-21,26045.0,URBANO SAO GABRIEL,Consumidor Livre,SUL,48.0,5.955618
,2024-01-22,26045.0,URBANO SAO GABRIEL,Consumidor Livre,SUL,48.0,32.855177
,2024-01-23,26045.0,URBANO SAO GABRIEL,Consumidor Livre,SUL,48.0,33.360325
,2024-01-24,26045.0,URBANO SAO GABRIEL,Consumidor Livre,SUL,48.0,36.244331
,2024-01-25,26045.0,URBANO SAO GABRIEL,Consumidor Livre,SUL,48.0,35.611927
,2024-01-26,26045.0,URBANO SAO GABRIEL,Consumidor Livre,SUL,48.0,35.158515
,2024-01-27,26045.0,URBANO SAO GABRIEL,Consumidor Livre,SUL,48.0,31.911026
,2024-01-28,26045.0,URBANO SAO GABRIEL,Consumidor Livre,SUL,48.0,7.398842999999999
,2024-01-29,26045.0,URBANO SAO GABRIEL,Consumidor Livre,SUL,48.0,32.183532
,2024-01-30,26045.0,URBANO SAO GABRIEL,Consumidor Livre,SUL,48.0,27.332343
,2024-01-31,26045.0,URBANO SAO GABRIEL,Consumidor Livre,SUL,48.0,31.057749
,2024-02-01,26045.0,URBANO SAO GABRIEL,Consumidor Livre,SUL,48.0,28.607446
,2024-02-02,26045.0,URBANO SAO GABRIEL,Consumidor Livre,SUL,48.0,31.872097
,2024-02-03,26045.0,URBANO SAO GABRIEL,Consumidor Livre,SUL,48.0,28.097139
,2024-02-04,26045.0,URBANO SAO GABRIEL,Consumidor Livre,SUL,48.0,5.945133
,2024-02-05,26045.0,URBANO SAO GABRIEL,Consumidor Livre,SUL,48.0,31.343351
,2024-02-06,26045.0,URBANO SAO GABRIEL,Consumidor Livre,SUL,48.0,33.606862
,2024-02-07,26045.0,URBANO SAO GABRIEL,Consumidor Livre,SUL,48.0,32.208448
,2024-02-08,26045.0,URBANO SAO GABRIEL,Consumidor Livre,SUL,48.0,32.215148
,2024-02-09,26045.0,URBANO SAO GABRIEL,Consumidor Livre,SUL,48.0,33.325605
,2024-02-10,26045.0,URBANO SAO GABRIEL,Consumidor Livre,SUL,48.0,29.324404
,2024-02-11,26045.0,URBANO SAO GABRIEL,Consumidor Livre,SUL,48.0,4.709141
,2024-02-12,26045.0,URBANO SAO GABRIEL,Consumidor Livre,SUL,48.0,36.235393
,2024-02-13,26045.0,URBANO SAO GABRIEL,Consumidor Livre,SUL,48.0,37.206744
,2024-02-14,26045.0,URBANO SAO GABRIEL,Consumidor Livre,SUL,48.0,35.23448
,2024-02-15,26045.0,URBANO SAO GABRIEL,Consumidor Livre,SUL,48.0,33.198234
,2024-02-16,26045.0,URBANO SAO GABRIEL,Consumidor Livre,SUL,48.0,34.495452
,2024-02-17,26045.0,URBANO SAO GABRIEL,Consumidor Livre,SUL,48.0,33.531585
,2024-02-18,26045.0,URBANO SAO GABRIEL,Consumidor Livre,SUL,48.0,4.642121
,2024-02-19,26045.0,URBANO SAO GABRIEL,Consumidor Livre,SUL,48.0,22.502681
,2024-02-20,26045.0,URBANO SAO GABRIEL,Consumidor Livre,SUL,48.0,38.15394
,2024-02-21,26045.0,URBANO SAO GABRIEL,Consumidor Livre,SUL,48.0,39.056093
,2024-02-22,26045.0,URBANO SAO GABRIEL,Consumidor Livre,SUL,48.0,36.539277
,2024-02-23,26045.0,URBANO SAO GABRIEL,Consumidor Livre,SUL,48.0,29.950657
,2024-02-24,26045.0,URBANO SAO GABRIEL,Consumidor Livre,SUL,48.0,26.52207
,2024-02-25,26045.0,URBANO SAO GABRIEL,Consumidor Livre,SUL,48.0,6.701823
,2024-02-26,26045.0,URBANO SAO GABRIEL,Consumidor Livre,SUL,48.0,25.201048
,2024-02-27,26045.0,URBANO SAO GABRIEL,Consumidor Livre,SUL,48.0,29.983087
,2024-02-28,26045.0,URBANO SAO GABRIEL,Consumidor Livre,SUL,48.0,8.601603
,2024-02-29,26045.0,URBANO SAO GABRIEL,Consumidor Livre,SUL,48.0,1.921147
202403.0,2024-03-01,26045.0,URBANO SAO GABRIEL,Consumidor Livre,SUL,48.0,2.050297
202403.0,2024-03-01,26045.0,URBANO SAO GABRIEL,Consumidor Livre,SUL,48.0,2.050297
,2024-03-01,,URBANO SAO GABRIEL,,,48.0,2.050297
202403.0,2024-03-02,26045.0,URBANO SAO GABRIEL,Consumidor Livre,SUL,48.0,4.098375
202403.0,2024-03-02,26045.0,URBANO SAO GABRIEL,Consumidor Livre,SUL,48.0,4.098375
,2024-03-02,,URBANO SAO GABRIEL,,,48.0,4.098375
202403.0,2024-03-03,26045.0,URBANO SAO GABRIEL,Consumidor Livre,SUL,48.0,3.765047
202403.0,2024-03-03,26045.0,URBANO SAO GABRIEL,Consumidor Livre,SUL,48.0,3.765047
,2024-03-03,,URBANO SAO GABRIEL,,,48.0,3.765047
202403.0,2024-03-04,26045.0,URBANO SAO GABRIEL,Consumidor Livre,SUL,48.0,6.458909
202403.0,2024-03-04,26045.0,URBANO SAO GABRIEL,Consumidor Livre,SUL,48.0,6.458909
,2024-03-04,,URBANO SAO GABRIEL,,,48.0,6.458909
202403.0,2024-03-05,26045.0,URBANO SAO GABRIEL,Consumidor Livre,SUL,48.0,9.669699
202403.0,2024-03-05,26045.0,URBANO SAO GABRIEL,Consumidor Livre,SUL,48.0,9.669699
,2024-03-05,,URBANO SAO GABRIEL,,,48.0,9.669699
202403.0,2024-03-06,26045.0,URBANO SAO GABRIEL,Consumidor Livre,SUL,48.0,11.003228
202403.0,2024-03-06,26045.0,URBANO SAO GABRIEL,Consumidor Livre,SUL,48.0,11.003228
,2024-03-06,,URBANO SAO GABRIEL,,,48.0,11.003228
202403.0,2024-03-07,26045.0,URBANO SAO GABRIEL,Consumidor Livre,SUL,48.0,18.885369
202403.0,2024-03-07,26045.0,URBANO SAO GABRIEL,Consumidor Livre,SUL,48.0,18.885369
,2024-03-07,,URBANO SAO GABRIEL,,,48.0,18.885369
202403.0,2024-03-08,26045.0,URBANO SAO GABRIEL,Consumidor Livre,SUL,48.0,17.099512
202403.0,2024-03-08,26045.0,URBANO SAO GABRIEL,Consumidor Livre,SUL,48.0,17.099512
,2024-03-08,,URBANO SAO GABRIEL,,,48.0,17.099512
202403.0,2024-03-09,26045.0,URBANO SAO GABRIEL,Consumidor Livre,SUL,48.0,8.800746
202403.0,2024-03-09,26045.0,URBANO SAO GABRIEL,Consumidor Livre,SUL,48.0,8.800746
,2024-03-09,,URBANO SAO GABRIEL,,,48.0,8.800746
202403.0,2024-03-10,26045.0,URBANO SAO GABRIEL,Consumidor Livre,SUL,48.0,0.87751
202403.0,2024-03-10,26045.0,URBANO SAO GABRIEL,Consumidor Livre,SUL,48.0,0.87751
,2024-03-10,,URBANO SAO GABRIEL,,,48.0,0.87751
202403.0,2024-03-11,26045.0,URBANO SAO GABRIEL,Consumidor Livre,SUL,48.0,8.948999
202403.0,2024-03-11,26045.0,URBANO SAO GABRIEL,Consumidor Livre,SUL,48.0,8.948999
,2024-03-11,,URBANO SAO GABRIEL,,,48.0,8.948999
202403.0,2024-03-12,26045.0,URBANO SAO GABRIEL,Consumidor Livre,SUL,48.0,16.977491
202403.0,2024-03-12,26045.0,URBANO SAO GABRIEL,Consumidor Livre,SUL,48.0,16.977491
,2024-03-12,,URBANO SAO GABRIEL,,,48.0,16.977491
202403.0,2024-03-13,26045.0,URBANO SAO GABRIEL,Consumidor Livre,SUL,48.0,20.518264
202403.0,2024-03-13,26045.0,URBANO SAO GABRIEL,Consumidor Livre,SUL,48.0,20.518264
,2024-03-13,,URBANO SAO GABRIEL,,,48.0,20.518264
202403.0,2024-03-14,26045.0,URBANO SAO GABRIEL,Consumidor Livre,SUL,48.0,22.573191
202403.0,2024-03-14,26045.0,URBANO SAO GABRIEL,Consumidor Livre,SUL,48.0,22.573191
,2024-03-14,,URBANO SAO GABRIEL,,,48.0,22.573191
202403.0,2024-03-15,26045.0,URBANO SAO GABRIEL,Consumidor Livre,SUL,48.0,19.145776
202403.0,2024-03-15,26045.0,URBANO SAO GABRIEL,Consumidor Livre,SUL,48.0,19.145776
,2024-03-15,,URBANO SAO GABRIEL,,,48.0,19.145776
202403.0,2024-03-16,26045.0,URBANO SAO GABRIEL,Consumidor Livre,SUL,48.0,11.420234
202403.0,2024-03-16,26045.0,URBANO SAO GABRIEL,Consumidor Livre,SUL,48.0,11.420234
,2024-03-16,,URBANO SAO GABRIEL,,,48.0,11.420234
202403.0,2024-03-17,26045.0,URBANO SAO GABRIEL,Consumidor Livre,SUL,48.0,7.768385
202403.0,2024-03-17,26045.0,URBANO SAO GABRIEL,Consumidor Livre,SUL,48.0,7.768385
,2024-03-17,,URBANO SAO GABRIEL,,,48.0,7.768385
202403.0,2024-03-18,26045.0,URBANO SAO GABRIEL,Consumidor Livre,SUL,48.0,10.997403
202403.0,2024-03-18,26045.0,URBANO SAO GABRIEL,Consumidor Livre,SUL,48.0,10.997403
,2024-03-18,,URBANO SAO GABRIEL,,,48.0,10.997403
202403.0,2024-03-19,26045.0,URBANO SAO GABRIEL,Consumidor Livre,SUL,48.0,17.375587
202403.0,2024-03-19,26045.0,URBANO SAO GABRIEL,Consumidor Livre,SUL,48.0,17.375587
,2024-03-19,,URBANO SAO GABRIEL,,,48.0,17.375587
202403.0,2024-03-20,26045.0,URBANO SAO GABRIEL,Consumidor Livre,SUL,48.0,5.531591
202403.0,2024-03-20,26045.0,URBANO SAO GABRIEL,Consumidor Livre,SUL,48.0,5.531591
,2024-03-20,,URBANO SAO GABRIEL,,,48.0,5.531591
202403.0,2024-03-21,26045.0,URBANO SAO GABRIEL,Consumidor Livre,SUL,48.0,13.654935
202403.0,2024-03-21,26045.0,URBANO SAO GABRIEL,Consumidor Livre,SUL,48.0,13.654935
,2024-03-21,,URBANO SAO GABRIEL,,,48.0,13.654935
202403.0,2024-03-22,26045.0,URBANO SAO GABRIEL,Consumidor Livre,SUL,48.0,20.492525
202403.0,2024-03-22,26045.0,URBANO SAO GABRIEL,Consumidor Livre,SUL,48.0,20.492525
,2024-03-22,,URBANO SAO GABRIEL,,,48.0,20.492525
202403.0,2024-03-23,26045.0,URBANO SAO GABRIEL,Consumidor Livre,SUL,48.0,20.493666
202403.0,2024-03-23,26045.0,URBANO SAO GABRIEL,Consumidor Livre,SUL,48.0,20.493666
,2024-03-23,,URBANO SAO GABRIEL,,,48.0,20.493666
202403.0,2024-03-24,26045.0,URBANO SAO GABRIEL,Consumidor Livre,SUL,48.0,15.081052
202403.0,2024-03-24,26045.0,URBANO SAO GABRIEL,Consumidor Livre,SUL,48.0,15.081052
,2024-03-24,,URBANO SAO GABRIEL,,,48.0,15.081052
202403.0,2024-03-25,26045.0,URBANO SAO GABRIEL,Consumidor Livre,SUL,48.0,22.629866
202403.0,2024-03-25,26045.0,URBANO SAO GABRIEL,Consumidor Livre,SUL,48.0,22.629866
,2024-03-25,,URBANO SAO GABRIEL,,,48.0,22.629866
202403.0,2024-03-26,26045.0,URBANO SAO GABRIEL,Consumidor Livre,SUL,48.0,26.277716
202403.0,2024-03-26,26045.0,URBANO SAO GABRIEL,Consumidor Livre,SUL,48.0,26.277716
,2024-03-26,,URBANO SAO GABRIEL,,,48.0,26.277716
202403.0,2024-03-27,26045.0,URBANO SAO GABRIEL,Consumidor Livre,SUL,48.0,27.805653
202403.0,2024-03-27,26045.0,URBANO SAO GABRIEL,Consumidor Livre,SUL,48.0,27.805653
,2024-03-27,,URBANO SAO GABRIEL,,,48.0,27.805653
202403.0,2024-03-28,26045.0,URBANO SAO GABRIEL,Consumidor Livre,SUL,48.0,23.158439
202403.0,2024-03-28,26045.0,URBANO SAO GABRIEL,Consumidor Livre,SUL,48.0,23.158439
,2024-03-28,,URBANO SAO GABRIEL,,,48.0,23.158439
202403.0,2024-03-29,26045.0,URBANO SAO GABRIEL,Consumidor Livre,SUL,48.0,0.79567
202403.0,2024-03-29,26045.0,URBANO SAO GABRIEL,Consumidor Livre,SUL,48.0,0.79567
,2024-03-29,,URBANO SAO GABRIEL,,,48.0,0.79567
202403.0,2024-03-30,26045.0,URBANO SAO GABRIEL,Consumidor Livre,SUL,48.0,22.822143
202403.0,2024-03-30,26045.0,URBANO SAO GABRIEL,Consumidor Livre,SUL,48.0,22.822143
,2024-03-30,,URBANO SAO GABRIEL,,,48.0,22.822143
202403.0,2024-03-31,26045.0,URBANO SAO GABRIEL,Consumidor Livre,SUL,48.0,22.431777
202403.0,2024-03-31,26045.0,URBANO SAO GABRIEL,Consumidor Livre,SUL,48.0,22.431777
,2024-03-31,,URBANO SAO GABRIEL,,,48.0,22.431777
202404.0,2024-04-01,26045.0,URBANO SAO GABRIEL,Consumidor Livre,SUL,48.0,21.48853
202404.0,2024-04-01,26045.0,URBANO SAO GABRIEL,Consumidor Livre,SUL,48.0,21.48853
,2024-04-01,,URBANO SAO GABRIEL,,,48.0,21.48853
202404.0,2024-04-02,26045.0,URBANO SAO GABRIEL,Consumidor Livre,SUL,48.0,12.967467
202404.0,2024-04-02,26045.0,URBANO SAO GABRIEL,Consumidor Livre,SUL,48.0,12.967467
,2024-04-02,,URBANO SAO GABRIEL,,,48.0,12.967467
202404.0,2024-04-03,26045.0,URBANO SAO GABRIEL,Consumidor Livre,SUL,48.0,12.804956
202404.0,2024-04-03,26045.0,URBANO SAO GABRIEL,Consumidor Livre,SUL,48.0,12.804956
,2024-04-03,,URBANO SAO GABRIEL,,,48.0,12.804956
202404.0,2024-04-04,26045.0,URBANO SAO GABRIEL,Consumidor Livre,SUL,48.0,18.73877
202404.0,2024-04-04,26045.0,URBANO SAO GABRIEL,Consumidor Livre,SUL,48.0,18.73877
,2024-04-04,,URBANO SAO GABRIEL,,,48.0,18.73877
202404.0,2024-04-05,26045.0,URBANO SAO GABRIEL,Consumidor Livre,SUL,48.0,20.662072
202404.0,2024-04-05,26045.0,URBANO SAO GABRIEL,Consumidor Livre,SUL,48.0,20.662072
,2024-04-05,,URBANO SAO GABRIEL,,,48.0,20.662072
202404.0,2024-04-06,26045.0,URBANO SAO GABRIEL,Consumidor Livre,SUL,48.0,17.622498
202404.0,2024-04-06,26045.0,URBANO SAO GABRIEL,Consumidor Livre,SUL,48.0,17.622498
,2024-04-06,,URBANO SAO GABRIEL,,,48.0,17.622498
202404.0,2024-04-07,26045.0,URBANO SAO GABRIEL,Consumidor Livre,SUL,48.0,26.681555
202404.0,2024-04-07,26045.0,URBANO SAO GABRIEL,Consumidor Livre,SUL,48.0,26.681555
,2024-04-07,,URBANO SAO GABRIEL,,,48.0,26.681555
202404.0,2024-04-08,26045.0,URBANO SAO GABRIEL,Consumidor Livre,SUL,48.0,6.743254
202404.0,2024-04-08,26045.0,URBANO SAO GABRIEL,Consumidor Livre,SUL,48.0,6.743254
,2024-04-08,,URBANO SAO GABRIEL,,,48.0,6.743254
202404.0,2024-04-09,26045.0,URBANO SAO GABRIEL,Consumidor Livre,SUL,48.0,9.720964
202404.0,2024-04-09,26045.0,URBANO SAO GABRIEL,Consumidor Livre,SUL,48.0,9.720964
,2024-04-09,,URBANO SAO GABRIEL,,,48.0,9.720964
202404.0,2024-04-10,26045.0,URBANO SAO GABRIEL,Consumidor Livre,SUL,48.0,23.817199
202404.0,2024-04-10,26045.0,URBANO SAO GABRIEL,Consumidor Livre,SUL,48.0,23.817199
,2024-04-10,,URBANO SAO GABRIEL,,,48.0,23.817199
202404.0,2024-04-11,26045.0,URBANO SAO GABRIEL,Consumidor Livre,SUL,48.0,19.240866
202404.0,2024-04-11,26045.0,URBANO SAO GABRIEL,Consumidor Livre,SUL,48.0,19.240866
,2024-04-11,,URBANO SAO GABRIEL,,,48.0,19.240866
202404.0,2024-04-12,26045.0,URBANO SAO GABRIEL,Consumidor Livre,SUL,48.0,21.34319
202404.0,2024-04-12,26045.0,URBANO SAO GABRIEL,Consumidor Livre,SUL,48.0,21.34319
,2024-04-12,,URBANO SAO GABRIEL,,,48.0,21.34319
202404.0,2024-04-13,26045.0,URBANO SAO GABRIEL,Consumidor Livre,SUL,48.0,14.620509
202404.0,2024-04-13,26045.0,URBANO SAO GABRIEL,Consumidor Livre,SUL,48.0,14.620509
,2024-04-13,,URBANO SAO GABRIEL,,,48.0,14.620509
202404.0,2024-04-14,26045.0,URBANO SAO GABRIEL,Consumidor Livre,SUL,48.0,9.273257
202404.0,2024-04-14,26045.0,URBANO SAO GABRIEL,Consumidor Livre,SUL,48.0,9.273257
,2024-04-14,,URBANO SAO GABRIEL,,,48.0,9.273257
202404.0,2024-04-15,26045.0,URBANO SAO GABRIEL,Consumidor Livre,SUL,48.0,9.795702
202404.0,2024-04-15,26045.0,URBANO SAO GABRIEL,Consumidor Livre,SUL,48.0,9.795702
,2024-04-15,,URBANO SAO GABRIEL,,,48.0,9.795702
202404.0,2024-04-16,26045.0,URBANO SAO GABRIEL,Consumidor Livre,SUL,48.0,2.6859770000000003
202404.0,2024-04-16,26045.0,URBANO SAO GABRIEL,Consumidor Livre,SUL,48.0,2.6859770000000003
,2024-04-16,,URBANO SAO GABRIEL,,,48.0,2.6859770000000003
202404.0,2024-04-17,26045.0,URBANO SAO GABRIEL,Consumidor Livre,SUL,48.0,8.045863
202404.0,2024-04-17,26045.0,URBANO SAO GABRIEL,Consumidor Livre,SUL,48.0,8.045863
,2024-04-17,,URBANO SAO GABRIEL,,,48.0,8.045863
202404.0,2024-04-18,26045.0,URBANO SAO GABRIEL,Consumidor Livre,SUL,48.0,17.203635
202404.0,2024-04-18,26045.0,URBANO SAO GABRIEL,Consumidor Livre,SUL,48.0,17.203635
,2024-04-18,,URBANO SAO GABRIEL,,,48.0,17.203635
202404.0,2024-04-19,26045.0,URBANO SAO GABRIEL,Consumidor Livre,SUL,48.0,21.550011
202404.0,2024-04-19,26045.0,URBANO SAO GABRIEL,Consumidor Livre,SUL,48.0,21.550011
,2024-04-19,,URBANO SAO GABRIEL,,,48.0,21.550011
202404.0,2024-04-20,26045.0,URBANO SAO GABRIEL,Consumidor Livre,SUL,48.0,23.076733
202404.0,2024-04-20,26045.0,URBANO SAO GABRIEL,Consumidor Livre,SUL,48.0,23.076733
,2024-04-20,,URBANO SAO GABRIEL,,,48.0,23.076733
202404.0,2024-04-21,26045.0,URBANO SAO GABRIEL,Consumidor Livre,SUL,48.0,32.469408
202404.0,2024-04-21,26045.0,URBANO SAO GABRIEL,Consumidor Livre,SUL,48.0,32.469408
,2024-04-21,,URBANO SAO GABRIEL,,,48.0,32.469408
202404.0,2024-04-22,26045.0,URBANO SAO GABRIEL,Consumidor Livre,SUL,48.0,21.950976
202404.0,2024-04-22,26045.0,URBANO SAO GABRIEL,Consumidor Livre,SUL,48.0,21.950976
,2024-04-22,,URBANO SAO GABRIEL,,,48.0,21.950976
202404.0,2024-04-23,26045.0,URBANO SAO GABRIEL,Consumidor Livre,SUL,48.0,19.703131
202404.0,2024-04-23,26045.0,URBANO SAO GABRIEL,Consumidor Livre,SUL,48.0,19.703131
,2024-04-23,,URBANO SAO GABRIEL,,,48.0,19.703131
202404.0,2024-04-24,26045.0,URBANO SAO GABRIEL,Consumidor Livre,SUL,48.0,22.48446
202404.0,2024-04-24,26045.0,URBANO SAO GABRIEL,Consumidor Livre,SUL,48.0,22.48446
,2024-04-24,,URBANO SAO GABRIEL,,,48.0,22.48446
202404.0,2024-04-25,26045.0,URBANO SAO GABRIEL,Consumidor Livre,SUL,48.0,27.450174
202404.0,2024-04-25,26045.0,URBANO SAO GABRIEL,Consumidor Livre,SUL,48.0,27.450174
,2024-04-25,,URBANO SAO GABRIEL,,,48.0,27.450174
202404.0,2024-04-26,26045.0,URBANO SAO GABRIEL,Consumidor Livre,SUL,48.0,26.494245
202404.0,2024-04-26,26045.0,URBANO SAO GABRIEL,Consumidor Livre,SUL,48.0,26.494245
,2024-04-26,,URBANO SAO GABRIEL,,,48.0,26.494245
202404.0,2024-04-27,26045.0,URBANO SAO GABRIEL,Consumidor Livre,SUL,48.0,21.083416
202404.0,2024-04-27,26045.0,URBANO SAO GABRIEL,Consumidor Livre,SUL,48.0,21.083416
,2024-04-27,,URBANO SAO GABRIEL,,,48.0,21.083416
202404.0,2024-04-28,26045.0,URBANO SAO GABRIEL,Consumidor Livre,SUL,48.0,10.618886
202404.0,2024-04-28,26045.0,URBANO SAO GABRIEL,Consumidor Livre,SUL,48.0,10.618886
,2024-04-28,,URBANO SAO GABRIEL,,,48.0,10.618886
202404.0,2024-04-29,26045.0,URBANO SAO GABRIEL,Consumidor Livre,SUL,48.0,3.185382
202404.0,2024-04-29,26045.0,URBANO SAO GABRIEL,Consumidor Livre,SUL,48.0,3.185382
,2024-04-29,,URBANO SAO GABRIEL,,,48.0,3.185382
202404.0,2024-04-30,26045.0,URBANO SAO GABRIEL,Consumidor Livre,SUL,48.0,1.00298
202404.0,2024-04-30,26045.0,URBANO SAO GABRIEL,Consumidor Livre,SUL,48.0,1.00298
,2024-04-30,,URBANO SAO GABRIEL,,,48.0,1.00298
202405.0,2024-05-01,26045.0,URBANO SAO GABRIEL,Consumidor Livre,SUL,48.0,7.647924
202405.0,2024-05-01,26045.0,URBANO SAO GABRIEL,Consumidor Livre,SUL,48.0,7.647924
,2024-05-01,,URBANO SAO GABRIEL,,,48.0,7.647924
202405.0,2024-05-02,26045.0,URBANO SAO GABRIEL,Consumidor Livre,SUL,48.0,6.548584
202405.0,2024-05-02,26045.0,URBANO SAO GABRIEL,Consumidor Livre,SUL,48.0,6.548584
,2024-05-02,,URBANO SAO GABRIEL,,,48.0,6.548584
202405.0,2024-05-03,26045.0,URBANO SAO GABRIEL,Consumidor Livre,SUL,48.0,11.656096
202405.0,2024-05-03,26045.0,URBANO SAO GABRIEL,Consumidor Livre,SUL,48.0,11.656096
,2024-05-03,,URBANO SAO GABRIEL,,,48.0,11.656096
202405.0,2024-05-04,26045.0,URBANO SAO GABRIEL,Consumidor Livre,SUL,48.0,8.290811
202405.0,2024-05-04,26045.0,URBANO SAO GABRIEL,Consumidor Livre,SUL,48.0,8.290811
,2024-05-04,,URBANO SAO GABRIEL,,,48.0,8.290811
202405.0,2024-05-05,26045.0,URBANO SAO GABRIEL,Consumidor Livre,SUL,48.0,3.398212
202405.0,2024-05-05,26045.0,URBANO SAO GABRIEL,Consumidor Livre,SUL,48.0,3.398212
,2024-05-05,,URBANO SAO GABRIEL,,,48.0,3.398212
202405.0,2024-05-06,26045.0,URBANO SAO GABRIEL,Consumidor Livre,SUL,48.0,12.008398
202405.0,2024-05-06,26045.0,URBANO SAO GABRIEL,Consumidor Livre,SUL,48.0,12.008398
,2024-05-06,,URBANO SAO GABRIEL,,,48.0,12.008398
202405.0,2024-05-07,26045.0,URBANO SAO GABRIEL,Consumidor Livre,SUL,48.0,13.355649
202405.0,2024-05-07,26045.0,URBANO SAO GABRIEL,Consumidor Livre,SUL,48.0,13.355649
,2024-05-07,,URBANO SAO GABRIEL,,,48.0,13.355649
202405.0,2024-05-08,26045.0,URBANO SAO GABRIEL,Consumidor Livre,SUL,48.0,14.634711
202405.0,2024-05-08,26045.0,URBANO SAO GABRIEL,Consumidor Livre,SUL,48.0,14.634711
,2024-05-08,,URBANO SAO GABRIEL,,,48.0,14.634711
202405.0,2024-05-09,26045.0,URBANO SAO GABRIEL,Consumidor Livre,SUL,48.0,20.689747
202405.0,2024-05-09,26045.0,URBANO SAO GABRIEL,Consumidor Livre,SUL,48.0,20.689747
,2024-05-09,,URBANO SAO GABRIEL,,,48.0,20.689747
202405.0,2024-05-10,26045.0,URBANO SAO GABRIEL,Consumidor Livre,SUL,48.0,10.935638
202405.0,2024-05-10,26045.0,URBANO SAO GABRIEL,Consumidor Livre,SUL,48.0,10.935638
,2024-05-10,,URBANO SAO GABRIEL,,,48.0,10.935638
202405.0,2024-05-11,26045.0,URBANO SAO GABRIEL,Consumidor Livre,SUL,48.0,8.508084
202405.0,2024-05-11,26045.0,URBANO SAO GABRIEL,Consumidor Livre,SUL,48.0,8.508084
,2024-05-11,,URBANO SAO GABRIEL,,,48.0,8.508084
202405.0,2024-05-12,26045.0,URBANO SAO GABRIEL,Consumidor Livre,SUL,48.0,9.286479
202405.0,2024-05-12,26045.0,URBANO SAO GABRIEL,Consumidor Livre,SUL,48.0,9.286479
,2024-05-12,,URBANO SAO GABRIEL,,,48.0,9.286479
202405.0,2024-05-13,26045.0,URBANO SAO GABRIEL,Consumidor Livre,SUL,48.0,7.655167
202405.0,2024-05-13,26045.0,URBANO SAO GABRIEL,Consumidor Livre,SUL,48.0,7.655167
,2024-05-13,,URBANO SAO GABRIEL,,,48.0,7.655167
202405.0,2024-05-14,26045.0,URBANO SAO GABRIEL,Consumidor Livre,SUL,48.0,10.134491
202405.0,2024-05-14,26045.0,URBANO SAO GABRIEL,Consumidor Livre,SUL,48.0,10.134491
,2024-05-14,,URBANO SAO GABRIEL,,,48.0,10.134491
202405.0,2024-05-15,26045.0,URBANO SAO GABRIEL,Consumidor Livre,SUL,48.0,16.658329
202405.0,2024-05-15,26045.0,URBANO SAO GABRIEL,Consumidor Livre,SUL,48.0,16.658329
,2024-05-15,,URBANO SAO GABRIEL,,,48.0,16.658329
202405.0,2024-05-16,26045.0,URBANO SAO GABRIEL,Consumidor Livre,SUL,48.0,18.781152
202405.0,2024-05-16,26045.0,URBANO SAO GABRIEL,Consumidor Livre,SUL,48.0,18.781152
,2024-05-16,,URBANO SAO GABRIEL,,,48.0,18.781152
202405.0,2024-05-17,26045.0,URBANO SAO GABRIEL,Consumidor Livre,SUL,48.0,13.841467
202405.0,2024-05-17,26045.0,URBANO SAO GABRIEL,Consumidor Livre,SUL,48.0,13.841467
,2024-05-17,,URBANO SAO GABRIEL,,,48.0,13.841467
202405.0,2024-05-18,26045.0,URBANO SAO GABRIEL,Consumidor Livre,SUL,48.0,21.034301
202405.0,2024-05-18,26045.0,URBANO SAO GABRIEL,Consumidor Livre,SUL,48.0,21.034301
,2024-05-18,,URBANO SAO GABRIEL,,,48.0,21.034301
202405.0,2024-05-19,26045.0,URBANO SAO GABRIEL,Consumidor Livre,SUL,48.0,25.454806
202405.0,2024-05-19,26045.0,URBANO SAO GABRIEL,Consumidor Livre,SUL,48.0,25.454806
,2024-05-19,,URBANO SAO GABRIEL,,,48.0,25.454806
202405.0,2024-05-20,26045.0,URBANO SAO GABRIEL,Consumidor Livre,SUL,48.0,19.22229
202405.0,2024-05-20,26045.0,URBANO SAO GABRIEL,Consumidor Livre,SUL,48.0,19.22229
,2024-05-20,,URBANO SAO GABRIEL,,,48.0,19.22229
202405.0,2024-05-21,26045.0,URBANO SAO GABRIEL,Consumidor Livre,SUL,48.0,22.565414
202405.0,2024-05-21,26045.0,URBANO SAO GABRIEL,Consumidor Livre,SUL,48.0,22.565414
,2024-05-21,,URBANO SAO GABRIEL,,,48.0,22.565414
202405.0,2024-05-22,26045.0,URBANO SAO GABRIEL,Consumidor Livre,SUL,48.0,13.488723
202405.0,2024-05-22,26045.0,URBANO SAO GABRIEL,Consumidor Livre,SUL,48.0,13.488723
,2024-05-22,,URBANO SAO GABRIEL,,,48.0,13.488723
202405.0,2024-05-23,26045.0,URBANO SAO GABRIEL,Consumidor Livre,SUL,48.0,18.338738
202405.0,2024-05-23,26045.0,URBANO SAO GABRIEL,Consumidor Livre,SUL,48.0,18.338738
,2024-05-23,,URBANO SAO GABRIEL,,,48.0,18.338738
202405.0,2024-05-24,26045.0,URBANO SAO GABRIEL,Consumidor Livre,SUL,48.0,18.627372
202405.0,2024-05-24,26045.0,URBANO SAO GABRIEL,Consumidor Livre,SUL,48.0,18.627372
,2024-05-24,,URBANO SAO GABRIEL,,,48.0,18.627372
202405.0,2024-05-25,26045.0,URBANO SAO GABRIEL,Consumidor Livre,SUL,48.0,20.379087
202405.0,2024-05-25,26045.0,URBANO SAO GABRIEL,Consumidor Livre,SUL,48.0,20.379087
,2024-05-25,,URBANO SAO GABRIEL,,,48.0,20.379087
202405.0,2024-05-26,26045.0,URBANO SAO GABRIEL,Consumidor Livre,SUL,48.0,23.231367
202405.0,2024-05-26,26045.0,URBANO SAO GABRIEL,Consumidor Livre,SUL,48.0,23.231367
,2024-05-26,,URBANO SAO GABRIEL,,,48.0,23.231367
202405.0,2024-05-27,26045.0,URBANO SAO GABRIEL,Consumidor Livre,SUL,48.0,39.15693
202405.0,2024-05-27,26045.0,URBANO SAO GABRIEL,Consumidor Livre,SUL,48.0,39.15693
,2024-05-27,,URBANO SAO GABRIEL,,,48.0,39.15693
202405.0,2024-05-28,26045.0,URBANO SAO GABRIEL,Consumidor Livre,SUL,48.0,38.957166
202405.0,2024-05-28,26045.0,URBANO SAO GABRIEL,Consumidor Livre,SUL,48.0,38.957166
,2024-05-28,,URBANO SAO GABRIEL,,,48.0,38.957166
202405.0,2024-05-29,26045.0,URBANO SAO GABRIEL,Consumidor Livre,SUL,48.0,37.144139
202405.0,2024-05-29,26045.0,URBANO SAO GABRIEL,Consumidor Livre,SUL,48.0,37.144139
,2024-05-29,,URBANO SAO GABRIEL,,,48.0,37.144139
202405.0,2024-05-30,26045.0,URBANO SAO GABRIEL,Consumidor Livre,SUL,48.0,36.876295
202405.0,2024-05-30,26045.0,URBANO SAO GABRIEL,Consumidor Livre,SUL,48.0,36.876295
,2024-05-30,,URBANO SAO GABRIEL,,,48.0,36.876295
202405.0,2024-05-31,26045.0,URBANO SAO GABRIEL,Consumidor Livre,SUL,48.0,38.308998
202405.0,2024-05-31,26045.0,URBANO SAO GABRIEL,Consumidor Livre,SUL,48.0,38.308998
,2024-05-31,,URBANO SAO GABRIEL,,,48.0,38.308998
202406.0,2024-06-01,26045.0,URBANO SAO GABRIEL,Consumidor Livre,SUL,48.0,34.658544
202406.0,2024-06-01,26045.0,URBANO SAO GABRIEL,Consumidor Livre,SUL,48.0,34.658544
,2024-06-01,,URBANO SAO GABRIEL,,,48.0,34.658544
202406.0,2024-06-02,26045.0,URBANO SAO GABRIEL,Consumidor Livre,SUL,48.0,14.834281
202406.0,2024-06-02,26045.0,URBANO SAO GABRIEL,Consumidor Livre,SUL,48.0,14.834281
,2024-06-02,,URBANO SAO GABRIEL,,,48.0,14.834281
202406.0,2024-06-03,26045.0,URBANO SAO GABRIEL,Consumidor Livre,SUL,48.0,30.503023
202406.0,2024-06-03,26045.0,URBANO SAO GABRIEL,Consumidor Livre,SUL,48.0,30.503023
,2024-06-03,,URBANO SAO GABRIEL,,,48.0,30.503023
202406.0,2024-06-04,26045.0,URBANO SAO GABRIEL,Consumidor Livre,SUL,48.0,15.37486
202406.0,2024-06-04,26045.0,URBANO SAO GABRIEL,Consumidor Livre,SUL,48.0,15.37486
,2024-06-04,,URBANO SAO GABRIEL,,,48.0,15.37486
202406.0,2024-06-05,26045.0,URBANO SAO GABRIEL,Consumidor Livre,SUL,48.0,17.228006
202406.0,2024-06-05,26045.0,URBANO SAO GABRIEL,Consumidor Livre,SUL,48.0,17.228006
,2024-06-05,,URBANO SAO GABRIEL,,,48.0,17.228006
202406.0,2024-06-06,26045.0,URBANO SAO GABRIEL,Consumidor Livre,SUL,48.0,14.772614
202406.0,2024-06-06,26045.0,URBANO SAO GABRIEL,Consumidor Livre,SUL,48.0,14.772614
,2024-06-06,,URBANO SAO GABRIEL,,,48.0,14.772614
202406.0,2024-06-07,26045.0,URBANO SAO GABRIEL,Consumidor Livre,SUL,48.0,13.348937
202406.0,2024-06-07,26045.0,URBANO SAO GABRIEL,Consumidor Livre,SUL,48.0,13.348937
,2024-06-07,,URBANO SAO GABRIEL,,,48.0,13.348937
202406.0,2024-06-08,26045.0,URBANO SAO GABRIEL,Consumidor Livre,SUL,48.0,13.951808
202406.0,2024-06-08,26045.0,URBANO SAO GABRIEL,Consumidor Livre,SUL,48.0,13.951808
,2024-06-08,,URBANO SAO GABRIEL,,,48.0,13.951808
202406.0,2024-06-09,26045.0,URBANO SAO GABRIEL,Consumidor Livre,SUL,48.0,2.466065
202406.0,2024-06-09,26045.0,URBANO SAO GABRIEL,Consumidor Livre,SUL,48.0,2.466065
,2024-06-09,,URBANO SAO GABRIEL,,,48.0,2.466065
202406.0,2024-06-10,26045.0,URBANO SAO GABRIEL,Consumidor Livre,SUL,48.0,16.755163
202406.0,2024-06-10,26045.0,URBANO SAO GABRIEL,Consumidor Livre,SUL,48.0,16.755163
,2024-06-10,,URBANO SAO GABRIEL,,,48.0,16.755163
202406.0,2024-06-11,26045.0,URBANO SAO GABRIEL,Consumidor Livre,SUL,48.0,11.964965
202406.0,2024-06-11,26045.0,URBANO SAO GABRIEL,Consumidor Livre,SUL,48.0,11.964965
,2024-06-11,,URBANO SAO GABRIEL,,,48.0,11.964965
202406.0,2024-06-12,26045.0,URBANO SAO GABRIEL,Consumidor Livre,SUL,48.0,12.248049
202406.0,2024-06-12,26045.0,URBANO SAO GABRIEL,Consumidor Livre,SUL,48.0,12.248049
,2024-06-12,,URBANO SAO GABRIEL,,,48.0,12.248049
202406.0,2024-06-13,26045.0,URBANO SAO GABRIEL,Consumidor Livre,SUL,48.0,11.239741
202406.0,2024-06-13,26045.0,URBANO SAO GABRIEL,Consumidor Livre,SUL,48.0,11.239741
,2024-06-13,,URBANO SAO GABRIEL,,,48.0,11.239741
202406.0,2024-06-14,26045.0,URBANO SAO GABRIEL,Consumidor Livre,SUL,48.0,7.320692
202406.0,2024-06-14,26045.0,URBANO SAO GABRIEL,Consumidor Livre,SUL,48.0,7.320692
,2024-06-14,,URBANO SAO GABRIEL,,,48.0,7.320692
202406.0,2024-06-15,26045.0,URBANO SAO GABRIEL,Consumidor Livre,SUL,48.0,10.987742
202406.0,2024-06-15,26045.0,URBANO SAO GABRIEL,Consumidor Livre,SUL,48.0,10.987742
,2024-06-15,,URBANO SAO GABRIEL,,,48.0,10.987742
202406.0,2024-06-16,26045.0,URBANO SAO GABRIEL,Consumidor Livre,SUL,48.0,5.487024
202406.0,2024-06-16,26045.0,URBANO SAO GABRIEL,Consumidor Livre,SUL,48.0,5.487024
,2024-06-16,,URBANO SAO GABRIEL,,,48.0,5.487024
202406.0,2024-06-17,26045.0,URBANO SAO GABRIEL,Consumidor Livre,SUL,48.0,9.432815
202406.0,2024-06-17,26045.0,URBANO SAO GABRIEL,Consumidor Livre,SUL,48.0,9.432815
,2024-06-17,,URBANO SAO GABRIEL,,,48.0,9.432815
202406.0,2024-06-18,26045.0,URBANO SAO GABRIEL,Consumidor Livre,SUL,48.0,5.617004
202406.0,2024-06-18,26045.0,URBANO SAO GABRIEL,Consumidor Livre,SUL,48.0,5.617004
,2024-06-18,,URBANO SAO GABRIEL,,,48.0,5.617004
202406.0,2024-06-19,26045.0,URBANO SAO GABRIEL,Consumidor Livre,SUL,48.0,28.880183
202406.0,2024-06-19,26045.0,URBANO SAO GABRIEL,Consumidor Livre,SUL,48.0,28.880183
,2024-06-19,,URBANO SAO GABRIEL,,,48.0,28.880183
202406.0,2024-06-20,26045.0,URBANO SAO GABRIEL,Consumidor Livre,SUL,48.0,39.798958
202406.0,2024-06-20,26045.0,URBANO SAO GABRIEL,Consumidor Livre,SUL,48.0,39.798958
,2024-06-20,,URBANO SAO GABRIEL,,,48.0,39.798958
202406.0,2024-06-21,26045.0,URBANO SAO GABRIEL,Consumidor Livre,SUL,48.0,23.513664
202406.0,2024-06-21,26045.0,URBANO SAO GABRIEL,Consumidor Livre,SUL,48.0,23.513664
,2024-06-21,,URBANO SAO GABRIEL,,,48.0,23.513664
202406.0,2024-06-22,26045.0,URBANO SAO GABRIEL,Consumidor Livre,SUL,48.0,8.569746
202406.0,2024-06-22,26045.0,URBANO SAO GABRIEL,Consumidor Livre,SUL,48.0,8.569746
,2024-06-22,,URBANO SAO GABRIEL,,,48.0,8.569746
202406.0,2024-06-23,26045.0,URBANO SAO GABRIEL,Consumidor Livre,SUL,48.0,0.6949470000000001
202406.0,2024-06-23,26045.0,URBANO SAO GABRIEL,Consumidor Livre,SUL,48.0,0.6949470000000001
,2024-06-23,,URBANO SAO GABRIEL,,,48.0,0.6949470000000001
202406.0,2024-06-24,26045.0,URBANO SAO GABRIEL,Consumidor Livre,SUL,48.0,12.394468
202406.0,2024-06-24,26045.0,URBANO SAO GABRIEL,Consumidor Livre,SUL,48.0,12.394468
,2024-06-24,,URBANO SAO GABRIEL,,,48.0,12.394468
202406.0,2024-06-25,26045.0,URBANO SAO GABRIEL,Consumidor Livre,SUL,48.0,13.301724
202406.0,2024-06-25,26045.0,URBANO SAO GABRIEL,Consumidor Livre,SUL,48.0,13.301724
,2024-06-25,,URBANO SAO GABRIEL,,,48.0,13.301724
202406.0,2024-06-26,26045.0,URBANO SAO GABRIEL,Consumidor Livre,SUL,48.0,14.097511
202406.0,2024-06-26,26045.0,URBANO SAO GABRIEL,Consumidor Livre,SUL,48.0,14.097511
,2024-06-26,,URBANO SAO GABRIEL,,,48.0,14.097511
202406.0,2024-06-27,26045.0,URBANO SAO GABRIEL,Consumidor Livre,SUL,48.0,8.664891
202406.0,2024-06-27,26045.0,URBANO SAO GABRIEL,Consumidor Livre,SUL,48.0,8.664891
,2024-06-27,,URBANO SAO GABRIEL,,,48.0,8.664891
202406.0,2024-06-28,26045.0,URBANO SAO GABRIEL,Consumidor Livre,SUL,48.0,10.622994
202406.0,2024-06-28,26045.0,URBANO SAO GABRIEL,Consumidor Livre,SUL,48.0,10.622994
,2024-06-28,,URBANO SAO GABRIEL,,,48.0,10.622994
202406.0,2024-06-29,26045.0,URBANO SAO GABRIEL,Consumidor Livre,SUL,48.0,8.651015
202406.0,2024-06-29,26045.0,URBANO SAO GABRIEL,Consumidor Livre,SUL,48.0,8.651015
,2024-06-29,,URBANO SAO GABRIEL,,,48.0,8.651015
202406.0,2024-06-30,26045.0,URBANO SAO GABRIEL,Consumidor Livre,SUL,48.0,12.924399
202406.0,2024-06-30,26045.0,URBANO SAO GABRIEL,Consumidor Livre,SUL,48.0,12.924399
,2024-06-30,,URBANO SAO GABRIEL,,,48.0,12.924399
202407.0,2024-07-01,26045.0,URBANO SAO GABRIEL,Consumidor Livre,SUL,48.0,11.488195
202407.0,2024-07-01,26045.0,URBANO SAO GABRIEL,Consumidor Livre,SUL,48.0,11.488195
,2024-07-01,,URBANO SAO GABRIEL,,,48.0,11.488195
202407.0,2024-07-02,26045.0,URBANO SAO GABRIEL,Consumidor Livre,SUL,48.0,28.473823
202407.0,2024-07-02,26045.0,URBANO SAO GABRIEL,Consumidor Livre,SUL,48.0,28.473823
,2024-07-02,,URBANO SAO GABRIEL,,,48.0,28.473823
202407.0,2024-07-03,26045.0,URBANO SAO GABRIEL,Consumidor Livre,SUL,48.0,7.260946
202407.0,2024-07-03,26045.0,URBANO SAO GABRIEL,Consumidor Livre,SUL,48.0,7.260946
,2024-07-03,,URBANO SAO GABRIEL,,,48.0,7.260946
202407.0,2024-07-04,26045.0,URBANO SAO GABRIEL,Consumidor Livre,SUL,48.0,10.004328
202407.0,2024-07-04,26045.0,URBANO SAO GABRIEL,Consumidor Livre,SUL,48.0,10.004328
,2024-07-04,,URBANO SAO GABRIEL,,,48.0,10.004328
202407.0,2024-07-05,26045.0,URBANO SAO GABRIEL,Consumidor Livre,SUL,48.0,8.912717
202407.0,2024-07-05,26045.0,URBANO SAO GABRIEL,Consumidor Livre,SUL,48.0,8.912717
,2024-07-05,,URBANO SAO GABRIEL,,,48.0,8.912717
202407.0,2024-07-06,26045.0,URBANO SAO GABRIEL,Consumidor Livre,SUL,48.0,9.937195
202407.0,2024-07-06,26045.0,URBANO SAO GABRIEL,Consumidor Livre,SUL,48.0,9.937195
,2024-07-06,,URBANO SAO GABRIEL,,,48.0,9.937195
202407.0,2024-07-07,26045.0,URBANO SAO GABRIEL,Consumidor Livre,SUL,48.0,15.33843
202407.0,2024-07-07,26045.0,URBANO SAO GABRIEL,Consumidor Livre,SUL,48.0,15.33843
,2024-07-07,,URBANO SAO GABRIEL,,,48.0,15.33843
202407.0,2024-07-08,26045.0,URBANO SAO GABRIEL,Consumidor Livre,SUL,48.0,38.672573
202407.0,2024-07-08,26045.0,URBANO SAO GABRIEL,Consumidor Livre,SUL,48.0,38.672573
,2024-07-08,,URBANO SAO GABRIEL,,,48.0,38.672573
202407.0,2024-07-09,26045.0,URBANO SAO GABRIEL,Consumidor Livre,SUL,48.0,13.253019
202407.0,2024-07-09,26045.0,URBANO SAO GABRIEL,Consumidor Livre,SUL,48.0,13.253019
,2024-07-09,,URBANO SAO GABRIEL,,,48.0,13.253019
202407.0,2024-07-10,26045.0,URBANO SAO GABRIEL,Consumidor Livre,SUL,48.0,3.49887
202407.0,2024-07-10,26045.0,URBANO SAO GABRIEL,Consumidor Livre,SUL,48.0,3.49887
,2024-07-10,,URBANO SAO GABRIEL,,,48.0,3.49887
202407.0,2024-07-11,26045.0,URBANO SAO GABRIEL,Consumidor Livre,SUL,48.0,6.970829
202407.0,2024-07-11,26045.0,URBANO SAO GABRIEL,Consumidor Livre,SUL,48.0,6.970829
,2024-07-11,,URBANO SAO GABRIEL,,,48.0,6.970829
202407.0,2024-07-12,26045.0,URBANO SAO GABRIEL,Consumidor Livre,SUL,48.0,4.5421260000000006
202407.0,2024-07-12,26045.0,URBANO SAO GABRIEL,Consumidor Livre,SUL,48.0,4.5421260000000006
,2024-07-12,,URBANO SAO GABRIEL,,,48.0,4.5421260000000006
202407.0,2024-07-13,26045.0,URBANO SAO GABRIEL,Consumidor Livre,SUL,48.0,4.537733
202407.0,2024-07-13,26045.0,URBANO SAO GABRIEL,Consumidor Livre,SUL,48.0,4.537733
,2024-07-13,,URBANO SAO GABRIEL,,,48.0,4.537733
202407.0,2024-07-14,26045.0,URBANO SAO GABRIEL,Consumidor Livre,SUL,48.0,0.040829
202407.0,2024-07-14,26045.0,URBANO SAO GABRIEL,Consumidor Livre,SUL,48.0,0.040829
,2024-07-14,,URBANO SAO GABRIEL,,,48.0,0.040829
202407.0,2024-07-15,26045.0,URBANO SAO GABRIEL,Consumidor Livre,SUL,48.0,4.021594
202407.0,2024-07-15,26045.0,URBANO SAO GABRIEL,Consumidor Livre,SUL,48.0,4.021594
,2024-07-15,,URBANO SAO GABRIEL,,,48.0,4.021594
202407.0,2024-07-16,26045.0,URBANO SAO GABRIEL,Consumidor Livre,SUL,48.0,9.415666
202407.0,2024-07-16,26045.0,URBANO SAO GABRIEL,Consumidor Livre,SUL,48.0,9.415666
,2024-07-16,,URBANO SAO GABRIEL,,,48.0,9.415666
202407.0,2024-07-17,26045.0,URBANO SAO GABRIEL,Consumidor Livre,SUL,48.0,7.820854
202407.0,2024-07-17,26045.0,URBANO SAO GABRIEL,Consumidor Livre,SUL,48.0,7.820854
,2024-07-17,,URBANO SAO GABRIEL,,,48.0,7.820854
202407.0,2024-07-18,26045.0,URBANO SAO GABRIEL,Consumidor Livre,SUL,48.0,9.825682
202407.0,2024-07-18,26045.0,URBANO SAO GABRIEL,Consumidor Livre,SUL,48.0,9.825682
,2024-07-18,,URBANO SAO GABRIEL,,,48.0,9.825682
202407.0,2024-07-19,26045.0,URBANO SAO GABRIEL,Consumidor Livre,SUL,48.0,9.098751
202407.0,2024-07-19,26045.0,URBANO SAO GABRIEL,Consumidor Livre,SUL,48.0,9.098751
,2024-07-19,,URBANO SAO GABRIEL,,,48.0,9.098751
202407.0,2024-07-20,26045.0,URBANO SAO GABRIEL,Consumidor Livre,SUL,48.0,4.360984
202407.0,2024-07-20,26045.0,URBANO SAO GABRIEL,Consumidor Livre,SUL,48.0,4.360984
,2024-07-20,,URBANO SAO GABRIEL,,,48.0,4.360984
202407.0,2024-07-21,26045.0,URBANO SAO GABRIEL,Consumidor Livre,SUL,48.0,0.109621
202407.0,2024-07-21,26045.0,URBANO SAO GABRIEL,Consumidor Livre,SUL,48.0,0.109621
,2024-07-21,,URBANO SAO GABRIEL,,,48.0,0.109621
202407.0,2024-07-22,26045.0,URBANO SAO GABRIEL,Consumidor Livre,SUL,48.0,6.545795
202407.0,2024-07-22,26045.0,URBANO SAO GABRIEL,Consumidor Livre,SUL,48.0,6.545795
,2024-07-22,,URBANO SAO GABRIEL,,,48.0,6.545795
202407.0,2024-07-23,26045.0,URBANO SAO GABRIEL,Consumidor Livre,SUL,48.0,4.595053
202407.0,2024-07-23,26045.0,URBANO SAO GABRIEL,Consumidor Livre,SUL,48.0,4.595053
,2024-07-23,,URBANO SAO GABRIEL,,,48.0,4.595053
202407.0,2024-07-24,26045.0,URBANO SAO GABRIEL,Consumidor Livre,SUL,48.0,9.715622
202407.0,2024-07-24,26045.0,URBANO SAO GABRIEL,Consumidor Livre,SUL,48.0,9.715622
,2024-07-24,,URBANO SAO GABRIEL,,,48.0,9.715622
202407.0,2024-07-25,26045.0,URBANO SAO GABRIEL,Consumidor Livre,SUL,48.0,1.275702
202407.0,2024-07-25,26045.0,URBANO SAO GABRIEL,Consumidor Livre,SUL,48.0,1.275702
,2024-07-25,,URBANO SAO GABRIEL,,,48.0,1.275702
202407.0,2024-07-26,26045.0,URBANO SAO GABRIEL,Consumidor Livre,SUL,48.0,3.764833
202407.0,2024-07-26,26045.0,URBANO SAO GABRIEL,Consumidor Livre,SUL,48.0,3.764833
,2024-07-26,,URBANO SAO GABRIEL,,,48.0,3.764833
202407.0,2024-07-27,26045.0,URBANO SAO GABRIEL,Consumidor Livre,SUL,48.0,3.822431
202407.0,2024-07-27,26045.0,URBANO SAO GABRIEL,Consumidor Livre,SUL,48.0,3.822431
,2024-07-27,,URBANO SAO GABRIEL,,,48.0,3.822431
202407.0,2024-07-28,26045.0,URBANO SAO GABRIEL,Consumidor Livre,SUL,48.0,2.225744
202407.0,2024-07-28,26045.0,URBANO SAO GABRIEL,Consumidor Livre,SUL,48.0,2.225744
,2024-07-28,,URBANO SAO GABRIEL,,,48.0,2.225744
202407.0,2024-07-29,26045.0,URBANO SAO GABRIEL,Consumidor Livre,SUL,48.0,6.258899
202407.0,2024-07-29,26045.0,URBANO SAO GABRIEL,Consumidor Livre,SUL,48.0,6.258899
,2024-07-29,,URBANO SAO GABRIEL,,,48.0,6.258899
202407.0,2024-07-30,26045.0,URBANO SAO GABRIEL,Consumidor Livre,SUL,48.0,2.663076
202407.0,2024-07-30,26045.0,URBANO SAO GABRIEL,Consumidor Livre,SUL,48.0,2.663076
,2024-07-30,,URBANO SAO GABRIEL,,,48.0,2.663076
202407.0,2024-07-31,26045.0,URBANO SAO GABRIEL,Consumidor Livre,SUL,48.0,12.422742
202407.0,2024-07-31,26045.0,URBANO SAO GABRIEL,Consumidor Livre,SUL,48.0,12.422742
,2024-07-31,,URBANO SAO GABRIEL,,,48.0,12.422742
202408.0,2024-08-01,26045.0,URBANO SAO GABRIEL,Consumidor Livre,SUL,48.0,12.000147
202408.0,2024-08-01,26045.0,URBANO SAO GABRIEL,Consumidor Livre,SUL,48.0,12.000147
,2024-08-01,,URBANO SAO GABRIEL,,,48.0,12.000147
202408.0,2024-08-02,26045.0,URBANO SAO GABRIEL,Consumidor Livre,SUL,48.0,6.592704
202408.0,2024-08-02,26045.0,URBANO SAO GABRIEL,Consumidor Livre,SUL,48.0,6.592704
,2024-08-02,,URBANO SAO GABRIEL,,,48.0,6.592704
202408.0,2024-08-03,26045.0,URBANO SAO GABRIEL,Consumidor Livre,SUL,48.0,3.295
202408.0,2024-08-03,26045.0,URBANO SAO GABRIEL,Consumidor Livre,SUL,48.0,3.295
,2024-08-03,,URBANO SAO GABRIEL,,,48.0,3.295
202408.0,2024-08-04,26045.0,URBANO SAO GABRIEL,Consumidor Livre,SUL,48.0,11.073877
202408.0,2024-08-04,26045.0,URBANO SAO GABRIEL,Consumidor Livre,SUL,48.0,11.073877
,2024-08-04,,URBANO SAO GABRIEL,,,48.0,11.073877
202408.0,2024-08-05,26045.0,URBANO SAO GABRIEL,Consumidor Livre,SUL,48.0,21.360453
202408.0,2024-08-05,26045.0,URBANO SAO GABRIEL,Consumidor Livre,SUL,48.0,21.360453
,2024-08-05,,URBANO SAO GABRIEL,,,48.0,21.360453
202408.0,2024-08-06,26045.0,URBANO SAO GABRIEL,Consumidor Livre,SUL,48.0,37.609975
202408.0,2024-08-06,26045.0,URBANO SAO GABRIEL,Consumidor Livre,SUL,48.0,37.609975
,2024-08-06,,URBANO SAO GABRIEL,,,48.0,37.609975
202408.0,2024-08-07,26045.0,URBANO SAO GABRIEL,Consumidor Livre,SUL,48.0,22.110505
202408.0,2024-08-07,26045.0,URBANO SAO GABRIEL,Consumidor Livre,SUL,48.0,22.110505
,2024-08-07,,URBANO SAO GABRIEL,,,48.0,22.110505
202408.0,2024-08-08,26045.0,URBANO SAO GABRIEL,Consumidor Livre,SUL,48.0,6.45223
202408.0,2024-08-08,26045.0,URBANO SAO GABRIEL,Consumidor Livre,SUL,48.0,6.45223
,2024-08-08,,URBANO SAO GABRIEL,,,48.0,6.45223
202408.0,2024-08-09,26045.0,URBANO SAO GABRIEL,Consumidor Livre,SUL,48.0,7.684116
202408.0,2024-08-09,26045.0,URBANO SAO GABRIEL,Consumidor Livre,SUL,48.0,7.684116
,2024-08-09,,URBANO SAO GABRIEL,,,48.0,7.684116
202408.0,2024-08-10,26045.0,URBANO SAO GABRIEL,Consumidor Livre,SUL,48.0,14.703338
202408.0,2024-08-10,26045.0,URBANO SAO GABRIEL,Consumidor Livre,SUL,48.0,14.703338
,2024-08-10,,URBANO SAO GABRIEL,,,48.0,14.703338
202408.0,2024-08-11,26045.0,URBANO SAO GABRIEL,Consumidor Livre,SUL,48.0,2.7383610000000003
202408.0,2024-08-11,26045.0,URBANO SAO GABRIEL,Consumidor Livre,SUL,48.0,2.7383610000000003
,2024-08-11,,URBANO SAO GABRIEL,,,48.0,2.7383610000000003
202408.0,2024-08-12,26045.0,URBANO SAO GABRIEL,Consumidor Livre,SUL,48.0,8.576157
202408.0,2024-08-12,26045.0,URBANO SAO GABRIEL,Consumidor Livre,SUL,48.0,8.576157
,2024-08-12,,URBANO SAO GABRIEL,,,48.0,8.576157
202408.0,2024-08-13,26045.0,URBANO SAO GABRIEL,Consumidor Livre,SUL,48.0,11.552977
202408.0,2024-08-13,26045.0,URBANO SAO GABRIEL,Consumidor Livre,SUL,48.0,11.552977
,2024-08-13,,URBANO SAO GABRIEL,,,48.0,11.552977
202408.0,2024-08-14,26045.0,URBANO SAO GABRIEL,Consumidor Livre,SUL,48.0,6.149597
202408.0,2024-08-14,26045.0,URBANO SAO GABRIEL,Consumidor Livre,SUL,48.0,6.149597
,2024-08-14,,URBANO SAO GABRIEL,,,48.0,6.149597
202408.0,2024-08-15,26045.0,URBANO SAO GABRIEL,Consumidor Livre,SUL,48.0,8.17156
202408.0,2024-08-15,26045.0,URBANO SAO GABRIEL,Consumidor Livre,SUL,48.0,8.17156
,2024-08-15,,URBANO SAO GABRIEL,,,48.0,8.17156
202408.0,2024-08-16,26045.0,URBANO SAO GABRIEL,Consumidor Livre,SUL,48.0,6.374002
202408.0,2024-08-16,26045.0,URBANO SAO GABRIEL,Consumidor Livre,SUL,48.0,6.374002
,2024-08-16,,URBANO SAO GABRIEL,,,48.0,6.374002
202408.0,2024-08-17,26045.0,URBANO SAO GABRIEL,Consumidor Livre,SUL,48.0,4.297388
202408.0,2024-08-17,26045.0,URBANO SAO GABRIEL,Consumidor Livre,SUL,48.0,4.297388
,2024-08-17,,URBANO SAO GABRIEL,,,48.0,4.297388
202408.0,2024-08-18,26045.0,URBANO SAO GABRIEL,Consumidor Livre,SUL,48.0,3.563443
202408.0,2024-08-18,26045.0,URBANO SAO GABRIEL,Consumidor Livre,SUL,48.0,3.563443
,2024-08-18,,URBANO SAO GABRIEL,,,48.0,3.563443
202408.0,2024-08-19,26045.0,URBANO SAO GABRIEL,Consumidor Livre,SUL,48.0,6.916993
202408.0,2024-08-19,26045.0,URBANO SAO GABRIEL,Consumidor Livre,SUL,48.0,6.916993
,2024-08-19,,URBANO SAO GABRIEL,,,48.0,6.916993
202408.0,2024-08-20,26045.0,URBANO SAO GABRIEL,Consumidor Livre,SUL,48.0,8.343389
202408.0,2024-08-20,26045.0,URBANO SAO GABRIEL,Consumidor Livre,SUL,48.0,8.343389
,2024-08-20,,URBANO SAO GABRIEL,,,48.0,8.343389
202408.0,2024-08-21,26045.0,URBANO SAO GABRIEL,Consumidor Livre,SUL,48.0,5.92459
202408.0,2024-08-21,26045.0,URBANO SAO GABRIEL,Consumidor Livre,SUL,48.0,5.92459
,2024-08-21,,URBANO SAO GABRIEL,,,48.0,5.92459
202408.0,2024-08-22,26045.0,URBANO SAO GABRIEL,Consumidor Livre,SUL,48.0,3.054042
202408.0,2024-08-22,26045.0,URBANO SAO GABRIEL,Consumidor Livre,SUL,48.0,3.054042
,2024-08-22,,URBANO SAO GABRIEL,,,48.0,3.054042
202408.0,2024-08-23,26045.0,URBANO SAO GABRIEL,Consumidor Livre,SUL,48.0,5.26373
202408.0,2024-08-23,26045.0,URBANO SAO GABRIEL,Consumidor Livre,SUL,48.0,5.26373
,2024-08-23,,URBANO SAO GABRIEL,,,48.0,5.26373
202408.0,2024-08-24,26045.0,URBANO SAO GABRIEL,Consumidor Livre,SUL,48.0,4.239131
202408.0,2024-08-24,26045.0,URBANO SAO GABRIEL,Consumidor Livre,SUL,48.0,4.239131
,2024-08-24,,URBANO SAO GABRIEL,,,48.0,4.239131
202408.0,2024-08-25,26045.0,URBANO SAO GABRIEL,Consumidor Livre,SUL,48.0,2.303659
202408.0,2024-08-25,26045.0,URBANO SAO GABRIEL,Consumidor Livre,SUL,48.0,2.303659
,2024-08-25,,URBANO SAO GABRIEL,,,48.0,2.303659
202408.0,2024-08-26,26045.0,URBANO SAO GABRIEL,Consumidor Livre,SUL,48.0,3.387043
202408.0,2024-08-26,26045.0,URBANO SAO GABRIEL,Consumidor Livre,SUL,48.0,3.387043
,2024-08-26,,URBANO SAO GABRIEL,,,48.0,3.387043
202408.0,2024-08-27,26045.0,URBANO SAO GABRIEL,Consumidor Livre,SUL,48.0,4.378858
202408.0,2024-08-27,26045.0,URBANO SAO GABRIEL,Consumidor Livre,SUL,48.0,4.378858
,2024-08-27,,URBANO SAO GABRIEL,,,48.0,4.378858
202408.0,2024-08-28,26045.0,URBANO SAO GABRIEL,Consumidor Livre,SUL,48.0,7.401453
202408.0,2024-08-28,26045.0,URBANO SAO GABRIEL,Consumidor Livre,SUL,48.0,7.401453
,2024-08-28,,URBANO SAO GABRIEL,,,48.0,7.401453
202408.0,2024-08-29,26045.0,URBANO SAO GABRIEL,Consumidor Livre,SUL,48.0,6.647981
202408.0,2024-08-29,26045.0,URBANO SAO GABRIEL,Consumidor Livre,SUL,48.0,6.647981
,2024-08-29,,URBANO SAO GABRIEL,,,48.0,6.647981
202408.0,2024-08-30,26045.0,URBANO SAO GABRIEL,Consumidor Livre,SUL,48.0,7.031107
202408.0,2024-08-30,26045.0,URBANO SAO GABRIEL,Consumidor Livre,SUL,48.0,7.031107
,2024-08-30,,URBANO SAO GABRIEL,,,48.0,7.031107
202408.0,2024-08-31,26045.0,URBANO SAO GABRIEL,Consumidor Livre,SUL,48.0,3.07383
202408.0,2024-08-31,26045.0,URBANO SAO GABRIEL,Consumidor Livre,SUL,48.0,3.07383
,2024-08-31,,URBANO SAO GABRIEL,,,48.0,3.07383
202409.0,2024-09-01,26045.0,URBANO SAO GABRIEL,Consumidor Livre,SUL,48.0,2.078995
202409.0,2024-09-01,26045.0,URBANO SAO GABRIEL,Consumidor Livre,SUL,48.0,2.078995
,2024-09-01,,URBANO SAO GABRIEL,,,48.0,2.078995
202409.0,2024-09-02,26045.0,URBANO SAO GABRIEL,Consumidor Livre,SUL,48.0,5.78925
202409.0,2024-09-02,26045.0,URBANO SAO GABRIEL,Consumidor Livre,SUL,48.0,5.78925
,2024-09-02,,URBANO SAO GABRIEL,,,48.0,5.78925
202409.0,2024-09-03,26045.0,URBANO SAO GABRIEL,Consumidor Livre,SUL,48.0,5.341742
202409.0,2024-09-03,26045.0,URBANO SAO GABRIEL,Consumidor Livre,SUL,48.0,5.341742
,2024-09-03,,URBANO SAO GABRIEL,,,48.0,5.341742
202409.0,2024-09-04,26045.0,URBANO SAO GABRIEL,Consumidor Livre,SUL,48.0,1.493908
202409.0,2024-09-04,26045.0,URBANO SAO GABRIEL,Consumidor Livre,SUL,48.0,1.493908
,2024-09-04,,URBANO SAO GABRIEL,,,48.0,1.493908
202409.0,2024-09-05,26045.0,URBANO SAO GABRIEL,Consumidor Livre,SUL,48.0,2.63387
202409.0,2024-09-05,26045.0,URBANO SAO GABRIEL,Consumidor Livre,SUL,48.0,2.63387
,2024-09-05,,URBANO SAO GABRIEL,,,48.0,2.63387
202409.0,2024-09-06,26045.0,URBANO SAO GABRIEL,Consumidor Livre,SUL,48.0,0.982056
202409.0,2024-09-06,26045.0,URBANO SAO GABRIEL,Consumidor Livre,SUL,48.0,0.982056
,2024-09-06,,URBANO SAO GABRIEL,,,48.0,0.982056
202409.0,2024-09-07,26045.0,URBANO SAO GABRIEL,Consumidor Livre,SUL,48.0,1.189078
202409.0,2024-09-07,26045.0,URBANO SAO GABRIEL,Consumidor Livre,SUL,48.0,1.189078
,2024-09-07,,URBANO SAO GABRIEL,,,48.0,1.189078
202409.0,2024-09-08,26045.0,URBANO SAO GABRIEL,Consumidor Livre,SUL,48.0,2.30637
202409.0,2024-09-08,26045.0,URBANO SAO GABRIEL,Consumidor Livre,SUL,48.0,2.30637
,2024-09-08,,URBANO SAO GABRIEL,,,48.0,2.30637
202409.0,2024-09-09,26045.0,URBANO SAO GABRIEL,Consumidor Livre,SUL,48.0,2.301816
202409.0,2024-09-09,26045.0,URBANO SAO GABRIEL,Consumidor Livre,SUL,48.0,2.301816
,2024-09-09,,URBANO SAO GABRIEL,,,48.0,2.301816
202409.0,2024-09-10,26045.0,URBANO SAO GABRIEL,Consumidor Livre,SUL,48.0,0.787285
202409.0,2024-09-10,26045.0,URBANO SAO GABRIEL,Consumidor Livre,SUL,48.0,0.787285
,2024-09-10,,URBANO SAO GABRIEL,,,48.0,0.787285
202409.0,2024-09-11,26045.0,URBANO SAO GABRIEL,Consumidor Livre,SUL,48.0,2.70131
202409.0,2024-09-11,26045.0,URBANO SAO GABRIEL,Consumidor Livre,SUL,48.0,2.70131
,2024-09-11,,URBANO SAO GABRIEL,,,48.0,2.70131
202409.0,2024-09-12,26045.0,URBANO SAO GABRIEL,Consumidor Livre,SUL,48.0,1.557423
202409.0,2024-09-12,26045.0,URBANO SAO GABRIEL,Consumidor Livre,SUL,48.0,1.557423
,2024-09-12,,URBANO SAO GABRIEL,,,48.0,1.557423
202409.0,2024-09-13,26045.0,URBANO SAO GABRIEL,Consumidor Livre,SUL,48.0,0.870207
202409.0,2024-09-13,26045.0,URBANO SAO GABRIEL,Consumidor Livre,SUL,48.0,0.870207
,2024-09-13,,URBANO SAO GABRIEL,,,48.0,0.870207
202409.0,2024-09-14,26045.0,URBANO SAO GABRIEL,Consumidor Livre,SUL,48.0,0.86244
202409.0,2024-09-14,26045.0,URBANO SAO GABRIEL,Consumidor Livre,SUL,48.0,0.86244
,2024-09-14,,URBANO SAO GABRIEL,,,48.0,0.86244
202409.0,2024-09-15,26045.0,URBANO SAO GABRIEL,Consumidor Livre,SUL,48.0,0.301398
202409.0,2024-09-15,26045.0,URBANO SAO GABRIEL,Consumidor Livre,SUL,48.0,0.301398
,2024-09-15,,URBANO SAO GABRIEL,,,48.0,0.301398
202409.0,2024-09-16,26045.0,URBANO SAO GABRIEL,Consumidor Livre,SUL,48.0,1.925515
202409.0,2024-09-16,26045.0,URBANO SAO GABRIEL,Consumidor Livre,SUL,48.0,1.925515
,2024-09-16,,URBANO SAO GABRIEL,,,48.0,1.925515
202409.0,2024-09-17,26045.0,URBANO SAO GABRIEL,Consumidor Livre,SUL,48.0,2.526433
202409.0,2024-09-17,26045.0,URBANO SAO GABRIEL,Consumidor Livre,SUL,48.0,2.526433
,2024-09-17,,URBANO SAO GABRIEL,,,48.0,2.526433
202409.0,2024-09-18,26045.0,URBANO SAO GABRIEL,Consumidor Livre,SUL,48.0,1.870594
202409.0,2024-09-18,26045.0,URBANO SAO GABRIEL,Consumidor Livre,SUL,48.0,1.870594
,2024-09-18,,URBANO SAO GABRIEL,,,48.0,1.870594
202409.0,2024-09-19,26045.0,URBANO SAO GABRIEL,Consumidor Livre,SUL,48.0,1.695767
202409.0,2024-09-19,26045.0,URBANO SAO GABRIEL,Consumidor Livre,SUL,48.0,1.695767
,2024-09-19,,URBANO SAO GABRIEL,,,48.0,1.695767
202409.0,2024-09-20,26045.0,URBANO SAO GABRIEL,Consumidor Livre,SUL,48.0,1.151885
202409.0,2024-09-20,26045.0,URBANO SAO GABRIEL,Consumidor Livre,SUL,48.0,1.151885
,2024-09-20,,URBANO SAO GABRIEL,,,48.0,1.151885
202409.0,2024-09-21,26045.0,URBANO SAO GABRIEL,Consumidor Livre,SUL,48.0,8.628742
202409.0,2024-09-21,26045.0,URBANO SAO GABRIEL,Consumidor Livre,SUL,48.0,8.628742
,2024-09-21,,URBANO SAO GABRIEL,,,48.0,8.628742
202409.0,2024-09-22,26045.0,URBANO SAO GABRIEL,Consumidor Livre,SUL,48.0,5.246036
202409.0,2024-09-22,26045.0,URBANO SAO GABRIEL,Consumidor Livre,SUL,48.0,5.246036
,2024-09-22,,URBANO SAO GABRIEL,,,48.0,5.246036
202409.0,2024-09-23,26045.0,URBANO SAO GABRIEL,Consumidor Livre,SUL,48.0,0.792716
202409.0,2024-09-23,26045.0,URBANO SAO GABRIEL,Consumidor Livre,SUL,48.0,0.792716
,2024-09-23,,URBANO SAO GABRIEL,,,48.0,0.792716
202409.0,2024-09-24,26045.0,URBANO SAO GABRIEL,Consumidor Livre,SUL,48.0,2.064741
202409.0,2024-09-24,26045.0,URBANO SAO GABRIEL,Consumidor Livre,SUL,48.0,2.064741
,2024-09-24,,URBANO SAO GABRIEL,,,48.0,2.064741
202409.0,2024-09-25,26045.0,URBANO SAO GABRIEL,Consumidor Livre,SUL,48.0,1.398329
202409.0,2024-09-25,26045.0,URBANO SAO GABRIEL,Consumidor Livre,SUL,48.0,1.398329
,2024-09-25,,URBANO SAO GABRIEL,,,48.0,1.398329
202409.0,2024-09-26,26045.0,URBANO SAO GABRIEL,Consumidor Livre,SUL,48.0,2.312357
202409.0,2024-09-26,26045.0,URBANO SAO GABRIEL,Consumidor Livre,SUL,48.0,2.312357
,2024-09-26,,URBANO SAO GABRIEL,,,48.0,2.312357
202409.0,2024-09-27,26045.0,URBANO SAO GABRIEL,Consumidor Livre,SUL,48.0,2.726305
202409.0,2024-09-27,26045.0,URBANO SAO GABRIEL,Consumidor Livre,SUL,48.0,2.726305
,2024-09-27,,URBANO SAO GABRIEL,,,48.0,2.726305
202409.0,2024-09-28,26045.0,URBANO SAO GABRIEL,Consumidor Livre,SUL,48.0,12.154057
202409.0,2024-09-28,26045.0,URBANO SAO GABRIEL,Consumidor Livre,SUL,48.0,12.154057
,2024-09-28,,URBANO SAO GABRIEL,,,48.0,12.154057
202409.0,2024-09-29,26045.0,URBANO SAO GABRIEL,Consumidor Livre,SUL,48.0,5.96744
202409.0,2024-09-29,26045.0,URBANO SAO GABRIEL,Consumidor Livre,SUL,48.0,5.96744
,2024-09-29,,URBANO SAO GABRIEL,,,48.0,5.96744
202409.0,2024-09-30,26045.0,URBANO SAO GABRIEL,Consumidor Livre,SUL,48.0,5.214775
202409.0,2024-09-30,26045.0,URBANO SAO GABRIEL,Consumidor Livre,SUL,48.0,5.214775
,2024-09-30,,URBANO SAO GABRIEL,,,48.0,5.214775
202410.0,2024-10-01,26045.0,URBANO SAO GABRIEL,Consumidor Livre,SUL,48.0,1.327382
202410.0,2024-10-01,26045.0,URBANO SAO GABRIEL,Consumidor Livre,SUL,48.0,1.327382
,2024-10-01,,URBANO SAO GABRIEL,,,48.0,1.327382
202410.0,2024-10-02,26045.0,URBANO SAO GABRIEL,Consumidor Livre,SUL,48.0,1.83694
202410.0,2024-10-02,26045.0,URBANO SAO GABRIEL,Consumidor Livre,SUL,48.0,1.83694
,2024-10-02,,URBANO SAO GABRIEL,,,48.0,1.83694
202410.0,2024-10-03,26045.0,URBANO SAO GABRIEL,Consumidor Livre,SUL,48.0,2.296034
202410.0,2024-10-03,26045.0,URBANO SAO GABRIEL,Consumidor Livre,SUL,48.0,2.296034
,2024-10-03,,URBANO SAO GABRIEL,,,48.0,2.296034
202410.0,2024-10-04,26045.0,URBANO SAO GABRIEL,Consumidor Livre,SUL,48.0,4.232427
202410.0,2024-10-04,26045.0,URBANO SAO GABRIEL,Consumidor Livre,SUL,48.0,4.232427
,2024-10-04,,URBANO SAO GABRIEL,,,48.0,4.232427
202410.0,2024-10-05,26045.0,URBANO SAO GABRIEL,Consumidor Livre,SUL,48.0,3.201639
202410.0,2024-10-05,26045.0,URBANO SAO GABRIEL,Consumidor Livre,SUL,48.0,3.201639
,2024-10-05,,URBANO SAO GABRIEL,,,48.0,3.201639
202410.0,2024-10-06,26045.0,URBANO SAO GABRIEL,Consumidor Livre,SUL,48.0,2.897115
202410.0,2024-10-06,26045.0,URBANO SAO GABRIEL,Consumidor Livre,SUL,48.0,2.897115
,2024-10-06,,URBANO SAO GABRIEL,,,48.0,2.897115
202410.0,2024-10-07,26045.0,URBANO SAO GABRIEL,Consumidor Livre,SUL,48.0,13.201896
202410.0,2024-10-07,26045.0,URBANO SAO GABRIEL,Consumidor Livre,SUL,48.0,13.201896
,2024-10-07,,URBANO SAO GABRIEL,,,48.0,13.201896
202410.0,2024-10-08,26045.0,URBANO SAO GABRIEL,Consumidor Livre,SUL,48.0,2.029381
202410.0,2024-10-08,26045.0,URBANO SAO GABRIEL,Consumidor Livre,SUL,48.0,2.029381
,2024-10-08,,URBANO SAO GABRIEL,,,48.0,2.029381
202410.0,2024-10-09,26045.0,URBANO SAO GABRIEL,Consumidor Livre,SUL,48.0,1.969551
202410.0,2024-10-09,26045.0,URBANO SAO GABRIEL,Consumidor Livre,SUL,48.0,1.969551
,2024-10-09,,URBANO SAO GABRIEL,,,48.0,1.969551
202410.0,2024-10-10,26045.0,URBANO SAO GABRIEL,Consumidor Livre,SUL,48.0,4.355559
202410.0,2024-10-10,26045.0,URBANO SAO GABRIEL,Consumidor Livre,SUL,48.0,4.355559
,2024-10-10,,URBANO SAO GABRIEL,,,48.0,4.355559
202410.0,2024-10-11,26045.0,URBANO SAO GABRIEL,Consumidor Livre,SUL,48.0,4.775216
202410.0,2024-10-11,26045.0,URBANO SAO GABRIEL,Consumidor Livre,SUL,48.0,4.775216
,2024-10-11,,URBANO SAO GABRIEL,,,48.0,4.775216
202410.0,2024-10-12,26045.0,URBANO SAO GABRIEL,Consumidor Livre,SUL,48.0,5.236644
202410.0,2024-10-12,26045.0,URBANO SAO GABRIEL,Consumidor Livre,SUL,48.0,5.236644
,2024-10-12,,URBANO SAO GABRIEL,,,48.0,5.236644
202410.0,2024-10-13,26045.0,URBANO SAO GABRIEL,Consumidor Livre,SUL,48.0,0.153831
202410.0,2024-10-13,26045.0,URBANO SAO GABRIEL,Consumidor Livre,SUL,48.0,0.153831
,2024-10-13,,URBANO SAO GABRIEL,,,48.0,0.153831
202410.0,2024-10-14,26045.0,URBANO SAO GABRIEL,Consumidor Livre,SUL,48.0,14.19147
202410.0,2024-10-14,26045.0,URBANO SAO GABRIEL,Consumidor Livre,SUL,48.0,14.19147
,2024-10-14,,URBANO SAO GABRIEL,,,48.0,14.19147
202410.0,2024-10-15,26045.0,URBANO SAO GABRIEL,Consumidor Livre,SUL,48.0,1.705919
202410.0,2024-10-15,26045.0,URBANO SAO GABRIEL,Consumidor Livre,SUL,48.0,1.705919
,2024-10-15,,URBANO SAO GABRIEL,,,48.0,1.705919
202410.0,2024-10-16,26045.0,URBANO SAO GABRIEL,Consumidor Livre,SUL,48.0,4.486979
202410.0,2024-10-16,26045.0,URBANO SAO GABRIEL,Consumidor Livre,SUL,48.0,4.486979
,2024-10-16,,URBANO SAO GABRIEL,,,48.0,4.486979
202410.0,2024-10-17,26045.0,URBANO SAO GABRIEL,Consumidor Livre,SUL,48.0,0.282067
202410.0,2024-10-17,26045.0,URBANO SAO GABRIEL,Consumidor Livre,SUL,48.0,0.282067
,2024-10-17,,URBANO SAO GABRIEL,,,48.0,0.282067
202410.0,2024-10-18,26045.0,URBANO SAO GABRIEL,Consumidor Livre,SUL,48.0,1.350662
202410.0,2024-10-18,26045.0,URBANO SAO GABRIEL,Consumidor Livre,SUL,48.0,1.350662
,2024-10-18,,URBANO SAO GABRIEL,,,48.0,1.350662
202410.0,2024-10-19,26045.0,URBANO SAO GABRIEL,Consumidor Livre,SUL,48.0,3.648199
202410.0,2024-10-19,26045.0,URBANO SAO GABRIEL,Consumidor Livre,SUL,48.0,3.648199
,2024-10-19,,URBANO SAO GABRIEL,,,48.0,3.648199
202410.0,2024-10-20,26045.0,URBANO SAO GABRIEL,Consumidor Livre,SUL,48.0,6.145687000000001
202410.0,2024-10-20,26045.0,URBANO SAO GABRIEL,Consumidor Livre,SUL,48.0,6.145687000000001
,2024-10-20,,URBANO SAO GABRIEL,,,48.0,6.145687000000001
202410.0,2024-10-21,26045.0,URBANO SAO GABRIEL,Consumidor Livre,SUL,48.0,24.91429
202410.0,2024-10-21,26045.0,URBANO SAO GABRIEL,Consumidor Livre,SUL,48.0,24.91429
,2024-10-21,,URBANO SAO GABRIEL,,,48.0,24.91429
202410.0,2024-10-22,26045.0,URBANO SAO GABRIEL,Consumidor Livre,SUL,48.0,35.796739
202410.0,2024-10-22,26045.0,URBANO SAO GABRIEL,Consumidor Livre,SUL,48.0,35.796739
,2024-10-22,,URBANO SAO GABRIEL,,,48.0,35.796739
202410.0,2024-10-23,26045.0,URBANO SAO GABRIEL,Consumidor Livre,SUL,48.0,10.988308
202410.0,2024-10-23,26045.0,URBANO SAO GABRIEL,Consumidor Livre,SUL,48.0,10.988308
,2024-10-23,,URBANO SAO GABRIEL,,,48.0,10.988308
202410.0,2024-10-24,26045.0,URBANO SAO GABRIEL,Consumidor Livre,SUL,48.0,0.13349
202410.0,2024-10-24,26045.0,URBANO SAO GABRIEL,Consumidor Livre,SUL,48.0,0.13349
,2024-10-24,,URBANO SAO GABRIEL,,,48.0,0.13349
202410.0,2024-10-25,26045.0,URBANO SAO GABRIEL,Consumidor Livre,SUL,48.0,0.629699
202410.0,2024-10-25,26045.0,URBANO SAO GABRIEL,Consumidor Livre,SUL,48.0,0.629699
,2024-10-25,,URBANO SAO GABRIEL,,,48.0,0.629699
202410.0,2024-10-26,26045.0,URBANO SAO GABRIEL,Consumidor Livre,SUL,48.0,0.124282
202410.0,2024-10-26,26045.0,URBANO SAO GABRIEL,Consumidor Livre,SUL,48.0,0.124282
,2024-10-26,,URBANO SAO GABRIEL,,,48.0,0.124282
202410.0,2024-10-27,26045.0,URBANO SAO GABRIEL,Consumidor Livre,SUL,48.0,0.5021370000000001
202410.0,2024-10-27,26045.0,URBANO SAO GABRIEL,Consumidor Livre,SUL,48.0,0.5021370000000001
,2024-10-27,,URBANO SAO GABRIEL,,,48.0,0.5021370000000001
202410.0,2024-10-28,26045.0,URBANO SAO GABRIEL,Consumidor Livre,SUL,48.0,3.637266
202410.0,2024-10-28,26045.0,URBANO SAO GABRIEL,Consumidor Livre,SUL,48.0,3.637266
,2024-10-28,,URBANO SAO GABRIEL,,,48.0,3.637266
202410.0,2024-10-29,26045.0,URBANO SAO GABRIEL,Consumidor Livre,SUL,48.0,3.001376
202410.0,2024-10-29,26045.0,URBANO SAO GABRIEL,Consumidor Livre,SUL,48.0,3.001376
,2024-10-29,,URBANO SAO GABRIEL,,,48.0,3.001376
202410.0,2024-10-30,26045.0,URBANO SAO GABRIEL,Consumidor Livre,SUL,48.0,1.445808
202410.0,2024-10-30,26045.0,URBANO SAO GABRIEL,Consumidor Livre,SUL,48.0,1.445808
,2024-10-30,,URBANO SAO GABRIEL,,,48.0,1.445808
202410.0,2024-10-31,26045.0,URBANO SAO GABRIEL,Consumidor Livre,SUL,48.0,4.046499
202410.0,2024-10-31,26045.0,URBANO SAO GABRIEL,Consumidor Livre,SUL,48.0,4.046499
,2024-10-31,,URBANO SAO GABRIEL,,,48.0,4.046499
202411.0,2024-11-01,26045.0,URBANO SAO GABRIEL,Consumidor Livre,SUL,48.0,1.709606
202411.0,2024-11-01,26045.0,URBANO SAO GABRIEL,Consumidor Livre,SUL,48.0,1.709606
,2024-11-01,,URBANO SAO GABRIEL,,,48.0,1.709606
202411.0,2024-11-02,26045.0,URBANO SAO GABRIEL,Consumidor Livre,SUL,48.0,2.659983
202411.0,2024-11-02,26045.0,URBANO SAO GABRIEL,Consumidor Livre,SUL,48.0,2.659983
,2024-11-02,,URBANO SAO GABRIEL,,,48.0,2.659983
202411.0,2024-11-03,26045.0,URBANO SAO GABRIEL,Consumidor Livre,SUL,48.0,3.363107
202411.0,2024-11-03,26045.0,URBANO SAO GABRIEL,Consumidor Livre,SUL,48.0,3.363107
,2024-11-03,,URBANO SAO GABRIEL,,,48.0,3.363107
202411.0,2024-11-04,26045.0,URBANO SAO GABRIEL,Consumidor Livre,SUL,48.0,1.094195
202411.0,2024-11-04,26045.0,URBANO SAO GABRIEL,Consumidor Livre,SUL,48.0,1.094195
,2024-11-04,,URBANO SAO GABRIEL,,,48.0,1.094195
202411.0,2024-11-05,26045.0,URBANO SAO GABRIEL,Consumidor Livre,SUL,48.0,1.880866
202411.0,2024-11-05,26045.0,URBANO SAO GABRIEL,Consumidor Livre,SUL,48.0,1.880866
,2024-11-05,,URBANO SAO GABRIEL,,,48.0,1.880866
202411.0,2024-11-06,26045.0,URBANO SAO GABRIEL,Consumidor Livre,SUL,48.0,3.038983
202411.0,2024-11-06,26045.0,URBANO SAO GABRIEL,Consumidor Livre,SUL,48.0,3.038983
,2024-11-06,,URBANO SAO GABRIEL,,,48.0,3.038983
202411.0,2024-11-07,26045.0,URBANO SAO GABRIEL,Consumidor Livre,SUL,48.0,3.227155
202411.0,2024-11-07,26045.0,URBANO SAO GABRIEL,Consumidor Livre,SUL,48.0,3.227155
,2024-11-07,,URBANO SAO GABRIEL,,,48.0,3.227155
202411.0,2024-11-08,26045.0,URBANO SAO GABRIEL,Consumidor Livre,SUL,48.0,3.0436680000000003
202411.0,2024-11-08,26045.0,URBANO SAO GABRIEL,Consumidor Livre,SUL,48.0,3.0436680000000003
,2024-11-08,,URBANO SAO GABRIEL,,,48.0,3.0436680000000003
202411.0,2024-11-09,26045.0,URBANO SAO GABRIEL,Consumidor Livre,SUL,48.0,1.6080489999999998
202411.0,2024-11-09,26045.0,URBANO SAO GABRIEL,Consumidor Livre,SUL,48.0,1.6080489999999998
,2024-11-09,,URBANO SAO GABRIEL,,,48.0,1.6080489999999998
202411.0,2024-11-10,26045.0,URBANO SAO GABRIEL,Consumidor Livre,SUL,48.0,4.380384
202411.0,2024-11-10,26045.0,URBANO SAO GABRIEL,Consumidor Livre,SUL,48.0,4.380384
,2024-11-10,,URBANO SAO GABRIEL,,,48.0,4.380384
202411.0,2024-11-11,26045.0,URBANO SAO GABRIEL,Consumidor Livre,SUL,48.0,4.633489
202411.0,2024-11-11,26045.0,URBANO SAO GABRIEL,Consumidor Livre,SUL,48.0,4.633489
,2024-11-11,,URBANO SAO GABRIEL,,,48.0,4.633489
202411.0,2024-11-12,26045.0,URBANO SAO GABRIEL,Consumidor Livre,SUL,48.0,3.379815
202411.0,2024-11-12,26045.0,URBANO SAO GABRIEL,Consumidor Livre,SUL,48.0,3.379815
,2024-11-12,,URBANO SAO GABRIEL,,,48.0,3.379815
202411.0,2024-11-13,26045.0,URBANO SAO GABRIEL,Consumidor Livre,SUL,48.0,2.445313
202411.0,2024-11-13,26045.0,URBANO SAO GABRIEL,Consumidor Livre,SUL,48.0,2.445313
,2024-11-13,,URBANO SAO GABRIEL,,,48.0,2.445313
202411.0,2024-11-14,26045.0,URBANO SAO GABRIEL,Consumidor Livre,SUL,48.0,1.652105
202411.0,2024-11-14,26045.0,URBANO SAO GABRIEL,Consumidor Livre,SUL,48.0,1.652105
,2024-11-14,,URBANO SAO GABRIEL,,,48.0,1.652105
202411.0,2024-11-15,26045.0,URBANO SAO GABRIEL,Consumidor Livre,SUL,48.0,0.212443
202411.0,2024-11-15,26045.0,URBANO SAO GABRIEL,Consumidor Livre,SUL,48.0,0.212443
,2024-11-15,,URBANO SAO GABRIEL,,,48.0,0.212443
202411.0,2024-11-16,26045.0,URBANO SAO GABRIEL,Consumidor Livre,SUL,48.0,5.545295
202411.0,2024-11-16,26045.0,URBANO SAO GABRIEL,Consumidor Livre,SUL,48.0,5.545295
,2024-11-16,,URBANO SAO GABRIEL,,,48.0,5.545295
202411.0,2024-11-17,26045.0,URBANO SAO GABRIEL,Consumidor Livre,SUL,48.0,2.268877
202411.0,2024-11-17,26045.0,URBANO SAO GABRIEL,Consumidor Livre,SUL,48.0,2.268877
,2024-11-17,,URBANO SAO GABRIEL,,,48.0,2.268877
202411.0,2024-11-18,26045.0,URBANO SAO GABRIEL,Consumidor Livre,SUL,48.0,1.196111
202411.0,2024-11-18,26045.0,URBANO SAO GABRIEL,Consumidor Livre,SUL,48.0,1.196111
,2024-11-18,,URBANO SAO GABRIEL,,,48.0,1.196111
202411.0,2024-11-19,26045.0,URBANO SAO GABRIEL,Consumidor Livre,SUL,48.0,1.034942
202411.0,2024-11-19,26045.0,URBANO SAO GABRIEL,Consumidor Livre,SUL,48.0,1.034942
,2024-11-19,,URBANO SAO GABRIEL,,,48.0,1.034942
202411.0,2024-11-20,26045.0,URBANO SAO GABRIEL,Consumidor Livre,SUL,48.0,4.263256
202411.0,2024-11-20,26045.0,URBANO SAO GABRIEL,Consumidor Livre,SUL,48.0,4.263256
,2024-11-20,,URBANO SAO GABRIEL,,,48.0,4.263256
202411.0,2024-11-21,26045.0,URBANO SAO GABRIEL,Consumidor Livre,SUL,48.0,2.093036
202411.0,2024-11-21,26045.0,URBANO SAO GABRIEL,Consumidor Livre,SUL,48.0,2.093036
,2024-11-21,,URBANO SAO GABRIEL,,,48.0,2.093036
202411.0,2024-11-22,26045.0,URBANO SAO GABRIEL,Consumidor Livre,SUL,48.0,1.69784
202411.0,2024-11-22,26045.0,URBANO SAO GABRIEL,Consumidor Livre,SUL,48.0,1.69784
,2024-11-22,,URBANO SAO GABRIEL,,,48.0,1.69784
202411.0,2024-11-23,26045.0,URBANO SAO GABRIEL,Consumidor Livre,SUL,48.0,1.016105
202411.0,2024-11-23,26045.0,URBANO SAO GABRIEL,Consumidor Livre,SUL,48.0,1.016105
,2024-11-23,,URBANO SAO GABRIEL,,,48.0,1.016105
202411.0,2024-11-24,26045.0,URBANO SAO GABRIEL,Consumidor Livre,SUL,48.0,4.595994
202411.0,2024-11-24,26045.0,URBANO SAO GABRIEL,Consumidor Livre,SUL,48.0,4.595994
,2024-11-24,,URBANO SAO GABRIEL,,,48.0,4.595994
202411.0,2024-11-25,26045.0,URBANO SAO GABRIEL,Consumidor Livre,SUL,48.0,8.061774
202411.0,2024-11-25,26045.0,URBANO SAO GABRIEL,Consumidor Livre,SUL,48.0,8.061774
,2024-11-25,,URBANO SAO GABRIEL,,,48.0,8.061774
202411.0,2024-11-26,26045.0,URBANO SAO GABRIEL,Consumidor Livre,SUL,48.0,2.609812
202411.0,2024-11-26,26045.0,URBANO SAO GABRIEL,Consumidor Livre,SUL,48.0,2.609812
,2024-11-26,,URBANO SAO GABRIEL,,,48.0,2.609812
202411.0,2024-11-27,26045.0,URBANO SAO GABRIEL,Consumidor Livre,SUL,48.0,1.621334
202411.0,2024-11-27,26045.0,URBANO SAO GABRIEL,Consumidor Livre,SUL,48.0,1.621334
,2024-11-27,,URBANO SAO GABRIEL,,,48.0,1.621334
202411.0,2024-11-28,26045.0,URBANO SAO GABRIEL,Consumidor Livre,SUL,48.0,1.686908
202411.0,2024-11-28,26045.0,URBANO SAO GABRIEL,Consumidor Livre,SUL,48.0,1.686908
,2024-11-28,,URBANO SAO GABRIEL,,,48.0,1.686908
202411.0,2024-11-29,26045.0,URBANO SAO GABRIEL,Consumidor Livre,SUL,48.0,2.034394
202411.0,2024-11-29,26045.0,URBANO SAO GABRIEL,Consumidor Livre,SUL,48.0,2.034394
,2024-11-29,,URBANO SAO GABRIEL,,,48.0,2.034394
202411.0,2024-11-30,26045.0,URBANO SAO GABRIEL,Consumidor Livre,SUL,48.0,1.743071
202411.0,2024-11-30,26045.0,URBANO SAO GABRIEL,Consumidor Livre,SUL,48.0,1.743071
,2024-11-30,,URBANO SAO GABRIEL,,,48.0,1.743071
202412.0,2024-12-01,26045.0,URBANO SAO GABRIEL,Consumidor Livre,SUL,48.0,3.304084
202412.0,2024-12-01,26045.0,URBANO SAO GABRIEL,Consumidor Livre,SUL,48.0,3.304084
,2024-12-01,,URBANO SAO GABRIEL,,,48.0,3.304084
202412.0,2024-12-02,26045.0,URBANO SAO GABRIEL,Consumidor Livre,SUL,48.0,2.894967
202412.0,2024-12-02,26045.0,URBANO SAO GABRIEL,Consumidor Livre,SUL,48.0,2.894967
,2024-12-02,,URBANO SAO GABRIEL,,,48.0,2.894967
202412.0,2024-12-03,26045.0,URBANO SAO GABRIEL,Consumidor Livre,SUL,48.0,1.174104
202412.0,2024-12-03,26045.0,URBANO SAO GABRIEL,Consumidor Livre,SUL,48.0,1.174104
,2024-12-03,,URBANO SAO GABRIEL,,,48.0,1.174104
202412.0,2024-12-04,26045.0,URBANO SAO GABRIEL,Consumidor Livre,SUL,48.0,1.725726
202412.0,2024-12-04,26045.0,URBANO SAO GABRIEL,Consumidor Livre,SUL,48.0,1.725726
,2024-12-04,,URBANO SAO GABRIEL,,,48.0,1.725726
202412.0,2024-12-05,26045.0,URBANO SAO GABRIEL,Consumidor Livre,SUL,48.0,2.228493
202412.0,2024-12-05,26045.0,URBANO SAO GABRIEL,Consumidor Livre,SUL,48.0,2.228493
,2024-12-05,,URBANO SAO GABRIEL,,,48.0,2.228493
202412.0,2024-12-06,26045.0,URBANO SAO GABRIEL,Consumidor Livre,SUL,48.0,1.04855
202412.0,2024-12-06,26045.0,URBANO SAO GABRIEL,Consumidor Livre,SUL,48.0,1.04855
,2024-12-06,,URBANO SAO GABRIEL,,,48.0,1.04855
202412.0,2024-12-07,26045.0,URBANO SAO GABRIEL,Consumidor Livre,SUL,48.0,1.083595
202412.0,2024-12-07,26045.0,URBANO SAO GABRIEL,Consumidor Livre,SUL,48.0,1.083595
,2024-12-07,,URBANO SAO GABRIEL,,,48.0,1.083595
202412.0,2024-12-08,26045.0,URBANO SAO GABRIEL,Consumidor Livre,SUL,48.0,2.496789
202412.0,2024-12-08,26045.0,URBANO SAO GABRIEL,Consumidor Livre,SUL,48.0,2.496789
,2024-12-08,,URBANO SAO GABRIEL,,,48.0,2.496789
202412.0,2024-12-09,26045.0,URBANO SAO GABRIEL,Consumidor Livre,SUL,48.0,0.995311
202412.0,2024-12-09,26045.0,URBANO SAO GABRIEL,Consumidor Livre,SUL,48.0,0.995311
,2024-12-09,,URBANO SAO GABRIEL,,,48.0,0.995311
202412.0,2024-12-10,26045.0,URBANO SAO GABRIEL,Consumidor Livre,SUL,48.0,0.929403
202412.0,2024-12-10,26045.0,URBANO SAO GABRIEL,Consumidor Livre,SUL,48.0,0.929403
,2024-12-10,,URBANO SAO GABRIEL,,,48.0,0.929403
202412.0,2024-12-11,26045.0,URBANO SAO GABRIEL,Consumidor Livre,SUL,48.0,1.201833
202412.0,2024-12-11,26045.0,URBANO SAO GABRIEL,Consumidor Livre,SUL,48.0,1.201833
,2024-12-11,,URBANO SAO GABRIEL,,,48.0,1.201833
202412.0,2024-12-12,26045.0,URBANO SAO GABRIEL,Consumidor Livre,SUL,48.0,19.605752
202412.0,2024-12-12,26045.0,URBANO SAO GABRIEL,Consumidor Livre,SUL,48.0,19.605752
,2024-12-12,,URBANO SAO GABRIEL,,,48.0,19.605752
202412.0,2024-12-13,26045.0,URBANO SAO GABRIEL,Consumidor Livre,SUL,48.0,7.280126
202412.0,2024-12-13,26045.0,URBANO SAO GABRIEL,Consumidor Livre,SUL,48.0,7.280126
,2024-12-13,,URBANO SAO GABRIEL,,,48.0,7.280126
202412.0,2024-12-14,26045.0,URBANO SAO GABRIEL,Consumidor Livre,SUL,48.0,0.691876
202412.0,2024-12-14,26045.0,URBANO SAO GABRIEL,Consumidor Livre,SUL,48.0,0.691876
,2024-12-14,,URBANO SAO GABRIEL,,,48.0,0.691876
202412.0,2024-12-15,26045.0,URBANO SAO GABRIEL,Consumidor Livre,SUL,48.0,5.941029
202412.0,2024-12-15,26045.0,URBANO SAO GABRIEL,Consumidor Livre,SUL,48.0,5.941029
,2024-12-15,,URBANO SAO GABRIEL,,,48.0,5.941029
202412.0,2024-12-16,26045.0,URBANO SAO GABRIEL,Consumidor Livre,SUL,48.0,3.854702
202412.0,2024-12-16,26045.0,URBANO SAO GABRIEL,Consumidor Livre,SUL,48.0,3.854702
,2024-12-16,,URBANO SAO GABRIEL,,,48.0,3.854702
202412.0,2024-12-17,26045.0,URBANO SAO GABRIEL,Consumidor Livre,SUL,48.0,2.8676500000000003
202412.0,2024-12-17,26045.0,URBANO SAO GABRIEL,Consumidor Livre,SUL,48.0,2.8676500000000003
,2024-12-17,,URBANO SAO GABRIEL,,,48.0,2.8676500000000003
202412.0,2024-12-18,26045.0,URBANO SAO GABRIEL,Consumidor Livre,SUL,48.0,3.303321
202412.0,2024-12-18,26045.0,URBANO SAO GABRIEL,Consumidor Livre,SUL,48.0,3.303321
,2024-12-18,,URBANO SAO GABRIEL,,,48.0,3.303321
202412.0,2024-12-19,26045.0,URBANO SAO GABRIEL,Consumidor Livre,SUL,48.0,17.518058
202412.0,2024-12-19,26045.0,URBANO SAO GABRIEL,Consumidor Livre,SUL,48.0,17.518058
,2024-12-19,,URBANO SAO GABRIEL,,,48.0,17.518058
202412.0,2024-12-20,26045.0,URBANO SAO GABRIEL,Consumidor Livre,SUL,48.0,17.13068
202412.0,2024-12-20,26045.0,URBANO SAO GABRIEL,Consumidor Livre,SUL,48.0,17.13068
,2024-12-20,,URBANO SAO GABRIEL,,,48.0,17.13068
202412.0,2024-12-21,26045.0,URBANO SAO GABRIEL,Consumidor Livre,SUL,48.0,4.620379
202412.0,2024-12-21,26045.0,URBANO SAO GABRIEL,Consumidor Livre,SUL,48.0,4.620379
,2024-12-21,,URBANO SAO GABRIEL,,,48.0,4.620379
202412.0,2024-12-22,26045.0,URBANO SAO GABRIEL,Consumidor Livre,SUL,48.0,2.023532
202412.0,2024-12-22,26045.0,URBANO SAO GABRIEL,Consumidor Livre,SUL,48.0,2.023532
,2024-12-22,,URBANO SAO GABRIEL,,,48.0,2.023532
202412.0,2024-12-23,26045.0,URBANO SAO GABRIEL,Consumidor Livre,SUL,48.0,5.465401
202412.0,2024-12-23,26045.0,URBANO SAO GABRIEL,Consumidor Livre,SUL,48.0,5.465401
,2024-12-23,,URBANO SAO GABRIEL,,,48.0,5.465401
202412.0,2024-12-24,26045.0,URBANO SAO GABRIEL,Consumidor Livre,SUL,48.0,4.793284
202412.0,2024-12-24,26045.0,URBANO SAO GABRIEL,Consumidor Livre,SUL,48.0,4.793284
,2024-12-24,,URBANO SAO GABRIEL,,,48.0,4.793284
202412.0,2024-12-25,26045.0,URBANO SAO GABRIEL,Consumidor Livre,SUL,48.0,2.127133
202412.0,2024-12-25,26045.0,URBANO SAO GABRIEL,Consumidor Livre,SUL,48.0,2.127133
,2024-12-25,,URBANO SAO GABRIEL,,,48.0,2.127133
202412.0,2024-12-26,26045.0,URBANO SAO GABRIEL,Consumidor Livre,SUL,48.0,5.845411
202412.0,2024-12-26,26045.0,URBANO SAO GABRIEL,Consumidor Livre,SUL,48.0,5.845411
,2024-12-26,,URBANO SAO GABRIEL,,,48.0,5.845411
202412.0,2024-12-27,26045.0,URBANO SAO GABRIEL,Consumidor Livre,SUL,48.0,7.631772
202412.0,2024-12-27,26045.0,URBANO SAO GABRIEL,Consumidor Livre,SUL,48.0,7.631772
,2024-12-27,,URBANO SAO GABRIEL,,,48.0,7.631772
202412.0,2024-12-28,26045.0,URBANO SAO GABRIEL,Consumidor Livre,SUL,48.0,5.588175
202412.0,2024-12-28,26045.0,URBANO SAO GABRIEL,Consumidor Livre,SUL,48.0,5.588175
,2024-12-28,,URBANO SAO GABRIEL,,,48.0,5.588175
202412.0,2024-12-29,26045.0,URBANO SAO GABRIEL,Consumidor Livre,SUL,48.0,2.74744
202412.0,2024-12-29,26045.0,URBANO SAO GABRIEL,Consumidor Livre,SUL,48.0,2.74744
,2024-12-29,,URBANO SAO GABRIEL,,,48.0,2.74744
202412.0,2024-12-30,26045.0,URBANO SAO GABRIEL,Consumidor Livre,SUL,48.0,5.256142
202412.0,2024-12-30,26045.0,URBANO SAO GABRIEL,Consumidor Livre,SUL,48.0,5.256142
,2024-12-30,,URBANO SAO GABRIEL,,,48.0,5.256142
202412.0,2024-12-31,26045.0,URBANO SAO GABRIEL,Consumidor Livre,SUL,48.0,4.698646
202412.0,2024-12-31,26045.0,URBANO SAO GABRIEL,Consumidor Livre,SUL,48.0,4.698646
,2024-12-31,,URBANO SAO GABRIEL,,,48.0,4.698646
202501.0,2025-01-01,26045.0,URBANO SAO GABRIEL,Consumidor Livre,SUL,48.0,2.492887
202501.0,2025-01-01,26045.0,URBANO SAO GABRIEL,Consumidor Livre,SUL,48.0,2.492887
,2025-01-01,,URBANO SAO GABRIEL,,,48.0,2.492887
202501.0,2025-01-02,26045.0,URBANO SAO GABRIEL,Consumidor Livre,SUL,48.0,4.214922
202501.0,2025-01-02,26045.0,URBANO SAO GABRIEL,Consumidor Livre,SUL,48.0,4.214922
,2025-01-02,,URBANO SAO GABRIEL,,,48.0,4.214922
202501.0,2025-01-03,26045.0,URBANO SAO GABRIEL,Consumidor Livre,SUL,48.0,6.801113
202501.0,2025-01-03,26045.0,URBANO SAO GABRIEL,Consumidor Livre,SUL,48.0,6.801113
,2025-01-03,,URBANO SAO GABRIEL,,,48.0,6.801113
202501.0,2025-01-04,26045.0,URBANO SAO GABRIEL,Consumidor Livre,SUL,48.0,5.272814
202501.0,2025-01-04,26045.0,URBANO SAO GABRIEL,Consumidor Livre,SUL,48.0,5.272814
,2025-01-04,,URBANO SAO GABRIEL,,,48.0,5.272814
202501.0,2025-01-05,26045.0,URBANO SAO GABRIEL,Consumidor Livre,SUL,48.0,6.49927
202501.0,2025-01-05,26045.0,URBANO SAO GABRIEL,Consumidor Livre,SUL,48.0,6.49927
,2025-01-05,,URBANO SAO GABRIEL,,,48.0,6.49927
202501.0,2025-01-06,26045.0,URBANO SAO GABRIEL,Consumidor Livre,SUL,48.0,24.697554
202501.0,2025-01-06,26045.0,URBANO SAO GABRIEL,Consumidor Livre,SUL,48.0,24.697554
,2025-01-06,,URBANO SAO GABRIEL,,,48.0,24.697554
202501.0,2025-01-07,26045.0,URBANO SAO GABRIEL,Consumidor Livre,SUL,48.0,3.527031
202501.0,2025-01-07,26045.0,URBANO SAO GABRIEL,Consumidor Livre,SUL,48.0,3.527031
,2025-01-07,,URBANO SAO GABRIEL,,,48.0,3.527031
202501.0,2025-01-08,26045.0,URBANO SAO GABRIEL,Consumidor Livre,SUL,48.0,11.106248
202501.0,2025-01-08,26045.0,URBANO SAO GABRIEL,Consumidor Livre,SUL,48.0,11.106248
,2025-01-08,,URBANO SAO GABRIEL,,,48.0,11.106248
202501.0,2025-01-09,26045.0,URBANO SAO GABRIEL,Consumidor Livre,SUL,48.0,7.001776
202501.0,2025-01-09,26045.0,URBANO SAO GABRIEL,Consumidor Livre,SUL,48.0,7.001776
,2025-01-09,,URBANO SAO GABRIEL,,,48.0,7.001776
202501.0,2025-01-10,26045.0,URBANO SAO GABRIEL,Consumidor Livre,SUL,48.0,1.113681
202501.0,2025-01-10,26045.0,URBANO SAO GABRIEL,Consumidor Livre,SUL,48.0,1.113681
,2025-01-10,,URBANO SAO GABRIEL,,,48.0,1.113681
202501.0,2025-01-11,26045.0,URBANO SAO GABRIEL,Consumidor Livre,SUL,48.0,8.714067
202501.0,2025-01-11,26045.0,URBANO SAO GABRIEL,Consumidor Livre,SUL,48.0,8.714067
,2025-01-11,,URBANO SAO GABRIEL,,,48.0,8.714067
202501.0,2025-01-12,26045.0,URBANO SAO GABRIEL,Consumidor Livre,SUL,48.0,7.624708
202501.0,2025-01-12,26045.0,URBANO SAO GABRIEL,Consumidor Livre,SUL,48.0,7.624708
,2025-01-12,,URBANO SAO GABRIEL,,,48.0,7.624708
202501.0,2025-01-13,26045.0,URBANO SAO GABRIEL,Consumidor Livre,SUL,48.0,0.478179
202501.0,2025-01-13,26045.0,URBANO SAO GABRIEL,Consumidor Livre,SUL,48.0,0.478179
,2025-01-13,,URBANO SAO GABRIEL,,,48.0,0.478179
202501.0,2025-01-14,26045.0,URBANO SAO GABRIEL,Consumidor Livre,SUL,48.0,1.678515
202501.0,2025-01-14,26045.0,URBANO SAO GABRIEL,Consumidor Livre,SUL,48.0,1.678515
,2025-01-14,,URBANO SAO GABRIEL,,,48.0,1.678515
202501.0,2025-01-15,26045.0,URBANO SAO GABRIEL,Consumidor Livre,SUL,48.0,1.493789
202501.0,2025-01-15,26045.0,URBANO SAO GABRIEL,Consumidor Livre,SUL,48.0,1.493789
,2025-01-15,,URBANO SAO GABRIEL,,,48.0,1.493789
202501.0,2025-01-16,26045.0,URBANO SAO GABRIEL,Consumidor Livre,SUL,48.0,1.761132
202501.0,2025-01-16,26045.0,URBANO SAO GABRIEL,Consumidor Livre,SUL,48.0,1.761132
,2025-01-16,,URBANO SAO GABRIEL,,,48.0,1.761132
202501.0,2025-01-17,26045.0,URBANO SAO GABRIEL,Consumidor Livre,SUL,48.0,2.012985
202501.0,2025-01-17,26045.0,URBANO SAO GABRIEL,Consumidor Livre,SUL,48.0,2.012985
,2025-01-17,,URBANO SAO GABRIEL,,,48.0,2.012985
202501.0,2025-01-18,26045.0,URBANO SAO GABRIEL,Consumidor Livre,SUL,48.0,1.06269
202501.0,2025-01-18,26045.0,URBANO SAO GABRIEL,Consumidor Livre,SUL,48.0,1.06269
,2025-01-18,,URBANO SAO GABRIEL,,,48.0,1.06269
202501.0,2025-01-19,26045.0,URBANO SAO GABRIEL,Consumidor Livre,SUL,48.0,5.389605
202501.0,2025-01-19,26045.0,URBANO SAO GABRIEL,Consumidor Livre,SUL,48.0,5.389605
,2025-01-19,,URBANO SAO GABRIEL,,,48.0,5.389605
202501.0,2025-01-20,26045.0,URBANO SAO GABRIEL,Consumidor Livre,SUL,48.0,1.419452
202501.0,2025-01-20,26045.0,URBANO SAO GABRIEL,Consumidor Livre,SUL,48.0,1.419452
,2025-01-20,,URBANO SAO GABRIEL,,,48.0,1.419452
202501.0,2025-01-21,26045.0,URBANO SAO GABRIEL,Consumidor Livre,SUL,48.0,1.453357
202501.0,2025-01-21,26045.0,URBANO SAO GABRIEL,Consumidor Livre,SUL,48.0,1.453357
,2025-01-21,,URBANO SAO GABRIEL,,,48.0,1.453357
202501.0,2025-01-22,26045.0,URBANO SAO GABRIEL,Consumidor Livre,SUL,48.0,8.969085
202501.0,2025-01-22,26045.0,URBANO SAO GABRIEL,Consumidor Livre,SUL,48.0,8.969085
,2025-01-22,,URBANO SAO GABRIEL,,,48.0,8.969085
202501.0,2025-01-23,26045.0,URBANO SAO GABRIEL,Consumidor Livre,SUL,48.0,1.307041
202501.0,2025-01-23,26045.0,URBANO SAO GABRIEL,Consumidor Livre,SUL,48.0,1.307041
,2025-01-23,,URBANO SAO GABRIEL,,,48.0,1.307041
202501.0,2025-01-24,26045.0,URBANO SAO GABRIEL,Consumidor Livre,SUL,48.0,0.4334429999999999
202501.0,2025-01-24,26045.0,URBANO SAO GABRIEL,Consumidor Livre,SUL,48.0,0.4334429999999999
,2025-01-24,,URBANO SAO GABRIEL,,,48.0,0.4334429999999999
202501.0,2025-01-25,26045.0,URBANO SAO GABRIEL,Consumidor Livre,SUL,48.0,1.010148
202501.0,2025-01-25,26045.0,URBANO SAO GABRIEL,Consumidor Livre,SUL,48.0,1.010148
,2025-01-25,,URBANO SAO GABRIEL,,,48.0,1.010148
202501.0,2025-01-26,26045.0,URBANO SAO GABRIEL,Consumidor Livre,SUL,48.0,4.000793
202501.0,2025-01-26,26045.0,URBANO SAO GABRIEL,Consumidor Livre,SUL,48.0,4.000793
,2025-01-26,,URBANO SAO GABRIEL,,,48.0,4.000793
202501.0,2025-01-27,26045.0,URBANO SAO GABRIEL,Consumidor Livre,SUL,48.0,0.978373
202501.0,2025-01-27,26045.0,URBANO SAO GABRIEL,Consumidor Livre,SUL,48.0,0.978373
,2025-01-27,,URBANO SAO GABRIEL,,,48.0,0.978373
202501.0,2025-01-28,26045.0,URBANO SAO GABRIEL,Consumidor Livre,SUL,48.0,0.1252059999999999
202501.0,2025-01-28,26045.0,URBANO SAO GABRIEL,Consumidor Livre,SUL,48.0,0.1252059999999999
,2025-01-28,,URBANO SAO GABRIEL,,,48.0,0.1252059999999999
202501.0,2025-01-29,26045.0,URBANO SAO GABRIEL,Consumidor Livre,SUL,48.0,0.318185
202501.0,2025-01-29,26045.0,URBANO SAO GABRIEL,Consumidor Livre,SUL,48.0,0.318185
,2025-01-29,,URBANO SAO GABRIEL,,,48.0,0.318185
202501.0,2025-01-30,26045.0,URBANO SAO GABRIEL,Consumidor Livre,SUL,48.0,0.098145
202501.0,2025-01-30,26045.0,URBANO SAO GABRIEL,Consumidor Livre,SUL,48.0,0.098145
,2025-01-30,,URBANO SAO GABRIEL,,,48.0,0.098145
202501.0,2025-01-31,26045.0,URBANO SAO GABRIEL,Consumidor Livre,SUL,48.0,0.212929
202501.0,2025-01-31,26045.0,URBANO SAO GABRIEL,Consumidor Livre,SUL,48.0,0.212929
,2025-01-31,,URBANO SAO GABRIEL,,,48.0,0.212929
202502.0,2025-02-01,26045.0,URBANO SAO GABRIEL,Consumidor Livre,SUL,48.0,0.711566
202502.0,2025-02-01,26045.0,URBANO SAO GABRIEL,Consumidor Livre,SUL,48.0,0.711566
,2025-02-01,,URBANO SAO GABRIEL,,,48.0,0.711566
202502.0,2025-02-02,26045.0,URBANO SAO GABRIEL,Consumidor Livre,SUL,48.0,3.211623
202502.0,2025-02-02,26045.0,URBANO SAO GABRIEL,Consumidor Livre,SUL,48.0,3.211623
,2025-02-02,,URBANO SAO GABRIEL,,,48.0,3.211623
202502.0,2025-02-03,26045.0,URBANO SAO GABRIEL,Consumidor Livre,SUL,48.0,3.2996250000000003
202502.0,2025-02-03,26045.0,URBANO SAO GABRIEL,Consumidor Livre,SUL,48.0,3.2996250000000003
,2025-02-03,,URBANO SAO GABRIEL,,,48.0,3.2996250000000003
202502.0,2025-02-04,26045.0,URBANO SAO GABRIEL,Consumidor Livre,SUL,48.0,0.162583
202502.0,2025-02-04,26045.0,URBANO SAO GABRIEL,Consumidor Livre,SUL,48.0,0.162583
,2025-02-04,,URBANO SAO GABRIEL,,,48.0,0.162583
202502.0,2025-02-05,26045.0,URBANO SAO GABRIEL,Consumidor Livre,SUL,48.0,0.173979
202502.0,2025-02-05,26045.0,URBANO SAO GABRIEL,Consumidor Livre,SUL,48.0,0.173979
,2025-02-05,,URBANO SAO GABRIEL,,,48.0,0.173979
202502.0,2025-02-06,26045.0,URBANO SAO GABRIEL,Consumidor Livre,SUL,48.0,0.901709
202502.0,2025-02-06,26045.0,URBANO SAO GABRIEL,Consumidor Livre,SUL,48.0,0.901709
,2025-02-06,,URBANO SAO GABRIEL,,,48.0,0.901709
202502.0,2025-02-07,26045.0,URBANO SAO GABRIEL,Consumidor Livre,SUL,48.0,1.206103
202502.0,2025-02-07,26045.0,URBANO SAO GABRIEL,Consumidor Livre,SUL,48.0,1.206103
,2025-02-07,,URBANO SAO GABRIEL,,,48.0,1.206103
202502.0,2025-02-08,26045.0,URBANO SAO GABRIEL,Consumidor Livre,SUL,48.0,0.979446
202502.0,2025-02-08,26045.0,URBANO SAO GABRIEL,Consumidor Livre,SUL,48.0,0.979446
,2025-02-08,,URBANO SAO GABRIEL,,,48.0,0.979446
202502.0,2025-02-09,26045.0,URBANO SAO GABRIEL,Consumidor Livre,SUL,48.0,0.247722
202502.0,2025-02-09,26045.0,URBANO SAO GABRIEL,Consumidor Livre,SUL,48.0,0.247722
,2025-02-09,,URBANO SAO GABRIEL,,,48.0,0.247722
202502.0,2025-02-10,26045.0,URBANO SAO GABRIEL,Consumidor Livre,SUL,48.0,0.96862
202502.0,2025-02-10,26045.0,URBANO SAO GABRIEL,Consumidor Livre,SUL,48.0,0.96862
,2025-02-10,,URBANO SAO GABRIEL,,,48.0,0.96862
202502.0,2025-02-11,26045.0,URBANO SAO GABRIEL,Consumidor Livre,SUL,48.0,0.937876
202502.0,2025-02-11,26045.0,URBANO SAO GABRIEL,Consumidor Livre,SUL,48.0,0.937876
,2025-02-11,,URBANO SAO GABRIEL,,,48.0,0.937876
202502.0,2025-02-12,26045.0,URBANO SAO GABRIEL,Consumidor Livre,SUL,48.0,0.807553
202502.0,2025-02-12,26045.0,URBANO SAO GABRIEL,Consumidor Livre,SUL,48.0,0.807553
,2025-02-12,,URBANO SAO GABRIEL,,,48.0,0.807553
202502.0,2025-02-13,26045.0,URBANO SAO GABRIEL,Consumidor Livre,SUL,48.0,0.5735939999999999
202502.0,2025-02-13,26045.0,URBANO SAO GABRIEL,Consumidor Livre,SUL,48.0,0.5735939999999999
,2025-02-13,,URBANO SAO GABRIEL,,,48.0,0.5735939999999999
202502.0,2025-02-14,26045.0,URBANO SAO GABRIEL,Consumidor Livre,SUL,48.0,15.823249
202502.0,2025-02-14,26045.0,URBANO SAO GABRIEL,Consumidor Livre,SUL,48.0,15.823249
,2025-02-14,,URBANO SAO GABRIEL,,,48.0,15.823249
202502.0,2025-02-15,26045.0,URBANO SAO GABRIEL,Consumidor Livre,SUL,48.0,1.795623
202502.0,2025-02-15,26045.0,URBANO SAO GABRIEL,Consumidor Livre,SUL,48.0,1.795623
,2025-02-15,,URBANO SAO GABRIEL,,,48.0,1.795623
202502.0,2025-02-16,26045.0,URBANO SAO GABRIEL,Consumidor Livre,SUL,48.0,7.245306
202502.0,2025-02-16,26045.0,URBANO SAO GABRIEL,Consumidor Livre,SUL,48.0,7.245306
,2025-02-16,,URBANO SAO GABRIEL,,,48.0,7.245306
202502.0,2025-02-17,26045.0,URBANO SAO GABRIEL,Consumidor Livre,SUL,48.0,11.695358
202502.0,2025-02-17,26045.0,URBANO SAO GABRIEL,Consumidor Livre,SUL,48.0,11.695358
,2025-02-17,,URBANO SAO GABRIEL,,,48.0,11.695358
202502.0,2025-02-18,26045.0,URBANO SAO GABRIEL,Consumidor Livre,SUL,48.0,9.444603
202502.0,2025-02-18,26045.0,URBANO SAO GABRIEL,Consumidor Livre,SUL,48.0,9.444603
,2025-02-18,,URBANO SAO GABRIEL,,,48.0,9.444603
202502.0,2025-02-19,26045.0,URBANO SAO GABRIEL,Consumidor Livre,SUL,48.0,13.64932
202502.0,2025-02-19,26045.0,URBANO SAO GABRIEL,Consumidor Livre,SUL,48.0,13.64932
,2025-02-19,,URBANO SAO GABRIEL,,,48.0,13.64932
202502.0,2025-02-20,26045.0,URBANO SAO GABRIEL,Consumidor Livre,SUL,48.0,12.771253
202502.0,2025-02-20,26045.0,URBANO SAO GABRIEL,Consumidor Livre,SUL,48.0,12.771253
,2025-02-20,,URBANO SAO GABRIEL,,,48.0,12.771253
202502.0,2025-02-21,26045.0,URBANO SAO GABRIEL,Consumidor Livre,SUL,48.0,9.057499
202502.0,2025-02-21,26045.0,URBANO SAO GABRIEL,Consumidor Livre,SUL,48.0,9.057499
,2025-02-21,,URBANO SAO GABRIEL,,,48.0,9.057499
202502.0,2025-02-22,26045.0,URBANO SAO GABRIEL,Consumidor Livre,SUL,48.0,11.215035
202502.0,2025-02-22,26045.0,URBANO SAO GABRIEL,Consumidor Livre,SUL,48.0,11.215035
,2025-02-22,,URBANO SAO GABRIEL,,,48.0,11.215035
202502.0,2025-02-23,26045.0,URBANO SAO GABRIEL,Consumidor Livre,SUL,48.0,15.366922
202502.0,2025-02-23,26045.0,URBANO SAO GABRIEL,Consumidor Livre,SUL,48.0,15.366922
,2025-02-23,,URBANO SAO GABRIEL,,,48.0,15.366922
202502.0,2025-02-24,26045.0,URBANO SAO GABRIEL,Consumidor Livre,SUL,48.0,37.323908
202502.0,2025-02-24,26045.0,URBANO SAO GABRIEL,Consumidor Livre,SUL,48.0,37.323908
,2025-02-24,,URBANO SAO GABRIEL,,,48.0,37.323908
202502.0,2025-02-25,26045.0,URBANO SAO GABRIEL,Consumidor Livre,SUL,48.0,35.713406
202502.0,2025-02-25,26045.0,URBANO SAO GABRIEL,Consumidor Livre,SUL,48.0,35.713406
,2025-02-25,,URBANO SAO GABRIEL,,,48.0,35.713406
202502.0,2025-02-26,26045.0,URBANO SAO GABRIEL,Consumidor Livre,SUL,48.0,20.916142
202502.0,2025-02-26,26045.0,URBANO SAO GABRIEL,Consumidor Livre,SUL,48.0,20.916142
,2025-02-26,,URBANO SAO GABRIEL,,,48.0,20.916142
202502.0,2025-02-27,26045.0,URBANO SAO GABRIEL,Consumidor Livre,SUL,48.0,17.548104
202502.0,2025-02-27,26045.0,URBANO SAO GABRIEL,Consumidor Livre,SUL,48.0,17.548104
,2025-02-27,,URBANO SAO GABRIEL,,,48.0,17.548104
202502.0,2025-02-28,26045.0,URBANO SAO GABRIEL,Consumidor Livre,SUL,48.0,15.742258
202502.0,2025-02-28,26045.0,URBANO SAO GABRIEL,Consumidor Livre,SUL,48.0,15.742258
,2025-02-28,,URBANO SAO GABRIEL,,,48.0,15.742258
202503.0,2025-03-01,26045.0,URBANO SAO GABRIEL,Consumidor Livre,SUL,48.0,17.247911
202503.0,2025-03-01,26045.0,URBANO SAO GABRIEL,Consumidor Livre,SUL,48.0,17.247911
,2025-03-01,,URBANO SAO GABRIEL,,,48.0,17.247911
202503.0,2025-03-02,26045.0,URBANO SAO GABRIEL,Consumidor Livre,SUL,48.0,16.352395
202503.0,2025-03-02,26045.0,URBANO SAO GABRIEL,Consumidor Livre,SUL,48.0,16.352395
,2025-03-02,,URBANO SAO GABRIEL,,,48.0,16.352395
202503.0,2025-03-03,26045.0,URBANO SAO GABRIEL,Consumidor Livre,SUL,48.0,10.802146
202503.0,2025-03-03,26045.0,URBANO SAO GABRIEL,Consumidor Livre,SUL,48.0,10.802146
,2025-03-03,,URBANO SAO GABRIEL,,,48.0,10.802146
202503.0,2025-03-04,26045.0,URBANO SAO GABRIEL,Consumidor Livre,SUL,48.0,12.583971
202503.0,2025-03-04,26045.0,URBANO SAO GABRIEL,Consumidor Livre,SUL,48.0,12.583971
,2025-03-04,,URBANO SAO GABRIEL,,,48.0,12.583971
202503.0,2025-03-05,26045.0,URBANO SAO GABRIEL,Consumidor Livre,SUL,48.0,11.315877
202503.0,2025-03-05,26045.0,URBANO SAO GABRIEL,Consumidor Livre,SUL,48.0,11.315877
,2025-03-05,,URBANO SAO GABRIEL,,,48.0,11.315877
202503.0,2025-03-06,26045.0,URBANO SAO GABRIEL,Consumidor Livre,SUL,48.0,16.571232000000002
202503.0,2025-03-06,26045.0,URBANO SAO GABRIEL,Consumidor Livre,SUL,48.0,16.571232000000002
,2025-03-06,,URBANO SAO GABRIEL,,,48.0,16.571232000000002
202503.0,2025-03-07,26045.0,URBANO SAO GABRIEL,Consumidor Livre,SUL,48.0,21.837342
202503.0,2025-03-07,26045.0,URBANO SAO GABRIEL,Consumidor Livre,SUL,48.0,21.837342
,2025-03-07,,URBANO SAO GABRIEL,,,48.0,21.837342
202503.0,2025-03-08,26045.0,URBANO SAO GABRIEL,Consumidor Livre,SUL,48.0,23.288961
202503.0,2025-03-08,26045.0,URBANO SAO GABRIEL,Consumidor Livre,SUL,48.0,23.288961
,2025-03-08,,URBANO SAO GABRIEL,,,48.0,23.288961
202503.0,2025-03-09,26045.0,URBANO SAO GABRIEL,Consumidor Livre,SUL,48.0,23.104672
202503.0,2025-03-09,26045.0,URBANO SAO GABRIEL,Consumidor Livre,SUL,48.0,23.104672
,2025-03-09,,URBANO SAO GABRIEL,,,48.0,23.104672
202503.0,2025-03-10,26045.0,URBANO SAO GABRIEL,Consumidor Livre,SUL,48.0,17.390575
202503.0,2025-03-10,26045.0,URBANO SAO GABRIEL,Consumidor Livre,SUL,48.0,17.390575
,2025-03-10,,URBANO SAO GABRIEL,,,48.0,17.390575
202503.0,2025-03-11,26045.0,URBANO SAO GABRIEL,Consumidor Livre,SUL,48.0,26.732182
202503.0,2025-03-11,26045.0,URBANO SAO GABRIEL,Consumidor Livre,SUL,48.0,26.732182
,2025-03-11,,URBANO SAO GABRIEL,,,48.0,26.732182
202503.0,2025-03-12,26045.0,URBANO SAO GABRIEL,Consumidor Livre,SUL,48.0,28.26782
202503.0,2025-03-12,26045.0,URBANO SAO GABRIEL,Consumidor Livre,SUL,48.0,28.26782
,2025-03-12,,URBANO SAO GABRIEL,,,48.0,28.26782
202503.0,2025-03-13,26045.0,URBANO SAO GABRIEL,Consumidor Livre,SUL,48.0,23.197936
202503.0,2025-03-13,26045.0,URBANO SAO GABRIEL,Consumidor Livre,SUL,48.0,23.197936
,2025-03-13,,URBANO SAO GABRIEL,,,48.0,23.197936
202503.0,2025-03-14,26045.0,URBANO SAO GABRIEL,Consumidor Livre,SUL,48.0,22.239891
202503.0,2025-03-14,26045.0,URBANO SAO GABRIEL,Consumidor Livre,SUL,48.0,22.239891
,2025-03-14,,URBANO SAO GABRIEL,,,48.0,22.239891
202503.0,2025-03-15,26045.0,URBANO SAO GABRIEL,Consumidor Livre,SUL,48.0,24.894187
202503.0,2025-03-15,26045.0,URBANO SAO GABRIEL,Consumidor Livre,SUL,48.0,24.894187
,2025-03-15,,URBANO SAO GABRIEL,,,48.0,24.894187
202503.0,2025-03-16,26045.0,URBANO SAO GABRIEL,Consumidor Livre,SUL,48.0,20.105435
202503.0,2025-03-16,26045.0,URBANO SAO GABRIEL,Consumidor Livre,SUL,48.0,20.105435
,2025-03-16,,URBANO SAO GABRIEL,,,48.0,20.105435
202503.0,2025-03-17,26045.0,URBANO SAO GABRIEL,Consumidor Livre,SUL,48.0,30.34404
202503.0,2025-03-17,26045.0,URBANO SAO GABRIEL,Consumidor Livre,SUL,48.0,30.34404
,2025-03-17,,URBANO SAO GABRIEL,,,48.0,30.34404
202503.0,2025-03-18,26045.0,URBANO SAO GABRIEL,Consumidor Livre,SUL,48.0,22.117535
202503.0,2025-03-18,26045.0,URBANO SAO GABRIEL,Consumidor Livre,SUL,48.0,22.117535
,2025-03-18,,URBANO SAO GABRIEL,,,48.0,22.117535
202503.0,2025-03-19,26045.0,URBANO SAO GABRIEL,Consumidor Livre,SUL,48.0,32.757362
202503.0,2025-03-19,26045.0,URBANO SAO GABRIEL,Consumidor Livre,SUL,48.0,32.757362
,2025-03-19,,URBANO SAO GABRIEL,,,48.0,32.757362
202503.0,2025-03-20,26045.0,URBANO SAO GABRIEL,Consumidor Livre,SUL,48.0,32.296121
202503.0,2025-03-20,26045.0,URBANO SAO GABRIEL,Consumidor Livre,SUL,48.0,32.296121
,2025-03-20,,URBANO SAO GABRIEL,,,48.0,32.296121
202503.0,2025-03-21,26045.0,URBANO SAO GABRIEL,Consumidor Livre,SUL,48.0,33.731693
202503.0,2025-03-21,26045.0,URBANO SAO GABRIEL,Consumidor Livre,SUL,48.0,33.731693
,2025-03-21,,URBANO SAO GABRIEL,,,48.0,33.731693
202503.0,2025-03-22,26045.0,URBANO SAO GABRIEL,Consumidor Livre,SUL,48.0,33.921211
202503.0,2025-03-22,26045.0,URBANO SAO GABRIEL,Consumidor Livre,SUL,48.0,33.921211
,2025-03-22,,URBANO SAO GABRIEL,,,48.0,33.921211
202503.0,2025-03-23,26045.0,URBANO SAO GABRIEL,Consumidor Livre,SUL,48.0,29.80984
202503.0,2025-03-23,26045.0,URBANO SAO GABRIEL,Consumidor Livre,SUL,48.0,29.80984
,2025-03-23,,URBANO SAO GABRIEL,,,48.0,29.80984
202503.0,2025-03-24,26045.0,URBANO SAO GABRIEL,Consumidor Livre,SUL,48.0,36.073219
202503.0,2025-03-24,26045.0,URBANO SAO GABRIEL,Consumidor Livre,SUL,48.0,36.073219
,2025-03-24,,URBANO SAO GABRIEL,,,48.0,36.073219
202503.0,2025-03-25,26045.0,URBANO SAO GABRIEL,Consumidor Livre,SUL,48.0,28.016814
202503.0,2025-03-25,26045.0,URBANO SAO GABRIEL,Consumidor Livre,SUL,48.0,28.016814
,2025-03-25,,URBANO SAO GABRIEL,,,48.0,28.016814
202503.0,2025-03-26,26045.0,URBANO SAO GABRIEL,Consumidor Livre,SUL,48.0,23.644707
202503.0,2025-03-26,26045.0,URBANO SAO GABRIEL,Consumidor Livre,SUL,48.0,23.644707
,2025-03-26,,URBANO SAO GABRIEL,,,48.0,23.644707
202503.0,2025-03-27,26045.0,URBANO SAO GABRIEL,Consumidor Livre,SUL,48.0,25.152969
202503.0,2025-03-27,26045.0,URBANO SAO GABRIEL,Consumidor Livre,SUL,48.0,25.152969
,2025-03-27,,URBANO SAO GABRIEL,,,48.0,25.152969
202503.0,2025-03-28,26045.0,URBANO SAO GABRIEL,Consumidor Livre,SUL,48.0,22.083909
202503.0,2025-03-28,26045.0,URBANO SAO GABRIEL,Consumidor Livre,SUL,48.0,22.083909
,2025-03-28,,URBANO SAO GABRIEL,,,48.0,22.083909
202503.0,2025-03-29,26045.0,URBANO SAO GABRIEL,Consumidor Livre,SUL,48.0,23.067414
202503.0,2025-03-29,26045.0,URBANO SAO GABRIEL,Consumidor Livre,SUL,48.0,23.067414
,2025-03-29,,URBANO SAO GABRIEL,,,48.0,23.067414
202503.0,2025-03-30,26045.0,URBANO SAO GABRIEL,Consumidor Livre,SUL,48.0,31.372318
202503.0,2025-03-30,26045.0,URBANO SAO GABRIEL,Consumidor Livre,SUL,48.0,31.372318
,2025-03-30,,URBANO SAO GABRIEL,,,48.0,31.372318
202503.0,2025-03-31,26045.0,URBANO SAO GABRIEL,Consumidor Livre,SUL,48.0,30.128995
202503.0,2025-03-31,26045.0,URBANO SAO GABRIEL,Consumidor Livre,SUL,48.0,30.128995
,2025-03-31,,URBANO SAO GABRIEL,,,48.0,30.128995
202504.0,2025-04-01,26045.0,URBANO SAO GABRIEL,Consumidor Livre,SUL,48.0,24.163092
202504.0,2025-04-01,26045.0,URBANO SAO GABRIEL,Consumidor Livre,SUL,48.0,24.163092
,2025-04-01,,URBANO SAO GABRIEL,,,48.0,24.163092
202504.0,2025-04-02,26045.0,URBANO SAO GABRIEL,Consumidor Livre,SUL,48.0,17.393781
202504.0,2025-04-02,26045.0,URBANO SAO GABRIEL,Consumidor Livre,SUL,48.0,17.393781
,2025-04-02,,URBANO SAO GABRIEL,,,48.0,17.393781
202504.0,2025-04-03,26045.0,URBANO SAO GABRIEL,Consumidor Livre,SUL,48.0,14.328801
202504.0,2025-04-03,26045.0,URBANO SAO GABRIEL,Consumidor Livre,SUL,48.0,14.328801
,2025-04-03,,URBANO SAO GABRIEL,,,48.0,14.328801
202504.0,2025-04-04,26045.0,URBANO SAO GABRIEL,Consumidor Livre,SUL,48.0,19.710856
202504.0,2025-04-04,26045.0,URBANO SAO GABRIEL,Consumidor Livre,SUL,48.0,19.710856
,2025-04-04,,URBANO SAO GABRIEL,,,48.0,19.710856
202504.0,2025-04-05,26045.0,URBANO SAO GABRIEL,Consumidor Livre,SUL,48.0,27.470521
202504.0,2025-04-05,26045.0,URBANO SAO GABRIEL,Consumidor Livre,SUL,48.0,27.470521
,2025-04-05,,URBANO SAO GABRIEL,,,48.0,27.470521
202504.0,2025-04-06,26045.0,URBANO SAO GABRIEL,Consumidor Livre,SUL,48.0,26.606081
202504.0,2025-04-06,26045.0,URBANO SAO GABRIEL,Consumidor Livre,SUL,48.0,26.606081
,2025-04-06,,URBANO SAO GABRIEL,,,48.0,26.606081
202504.0,2025-04-07,26045.0,URBANO SAO GABRIEL,Consumidor Livre,SUL,48.0,26.297094
202504.0,2025-04-07,26045.0,URBANO SAO GABRIEL,Consumidor Livre,SUL,48.0,26.297094
,2025-04-07,,URBANO SAO GABRIEL,,,48.0,26.297094
202504.0,2025-04-08,26045.0,URBANO SAO GABRIEL,Consumidor Livre,SUL,48.0,26.639426
202504.0,2025-04-08,26045.0,URBANO SAO GABRIEL,Consumidor Livre,SUL,48.0,26.639426
,2025-04-08,,URBANO SAO GABRIEL,,,48.0,26.639426
202504.0,2025-04-09,26045.0,URBANO SAO GABRIEL,Consumidor Livre,SUL,48.0,17.429112
202504.0,2025-04-09,26045.0,URBANO SAO GABRIEL,Consumidor Livre,SUL,48.0,17.429112
,2025-04-09,,URBANO SAO GABRIEL,,,48.0,17.429112
202504.0,2025-04-10,26045.0,URBANO SAO GABRIEL,Consumidor Livre,SUL,48.0,22.838998
202504.0,2025-04-10,26045.0,URBANO SAO GABRIEL,Consumidor Livre,SUL,48.0,22.838998
,2025-04-10,,URBANO SAO GABRIEL,,,48.0,22.838998
202504.0,2025-04-11,26045.0,URBANO SAO GABRIEL,Consumidor Livre,SUL,48.0,30.497588
202504.0,2025-04-11,26045.0,URBANO SAO GABRIEL,Consumidor Livre,SUL,48.0,30.497588
,2025-04-11,,URBANO SAO GABRIEL,,,48.0,30.497588
202504.0,2025-04-12,26045.0,URBANO SAO GABRIEL,Consumidor Livre,SUL,48.0,34.699134
202504.0,2025-04-12,26045.0,URBANO SAO GABRIEL,Consumidor Livre,SUL,48.0,34.699134
,2025-04-12,,URBANO SAO GABRIEL,,,48.0,34.699134
202504.0,2025-04-13,26045.0,URBANO SAO GABRIEL,Consumidor Livre,SUL,48.0,35.275452
202504.0,2025-04-13,26045.0,URBANO SAO GABRIEL,Consumidor Livre,SUL,48.0,35.275452
,2025-04-13,,URBANO SAO GABRIEL,,,48.0,35.275452
202504.0,2025-04-14,26045.0,URBANO SAO GABRIEL,Consumidor Livre,SUL,48.0,30.056751
202504.0,2025-04-14,26045.0,URBANO SAO GABRIEL,Consumidor Livre,SUL,48.0,30.056751
,2025-04-14,,URBANO SAO GABRIEL,,,48.0,30.056751
202504.0,2025-04-15,26045.0,URBANO SAO GABRIEL,Consumidor Livre,SUL,48.0,31.155945
202504.0,2025-04-15,26045.0,URBANO SAO GABRIEL,Consumidor Livre,SUL,48.0,31.155945
,2025-04-15,,URBANO SAO GABRIEL,,,48.0,31.155945
202504.0,2025-04-16,26045.0,URBANO SAO GABRIEL,Consumidor Livre,SUL,48.0,29.959746
202504.0,2025-04-16,26045.0,URBANO SAO GABRIEL,Consumidor Livre,SUL,48.0,29.959746
,2025-04-16,,URBANO SAO GABRIEL,,,48.0,29.959746
202504.0,2025-04-17,26045.0,URBANO SAO GABRIEL,Consumidor Livre,SUL,48.0,29.241261
202504.0,2025-04-17,26045.0,URBANO SAO GABRIEL,Consumidor Livre,SUL,48.0,29.241261
,2025-04-17,,URBANO SAO GABRIEL,,,48.0,29.241261
202504.0,2025-04-18,26045.0,URBANO SAO GABRIEL,Consumidor Livre,SUL,48.0,3.334557
202504.0,2025-04-18,26045.0,URBANO SAO GABRIEL,Consumidor Livre,SUL,48.0,3.334557
,2025-04-18,,URBANO SAO GABRIEL,,,48.0,3.334557
202504.0,2025-04-19,26045.0,URBANO SAO GABRIEL,Consumidor Livre,SUL,48.0,26.765884
202504.0,2025-04-19,26045.0,URBANO SAO GABRIEL,Consumidor Livre,SUL,48.0,26.765884
,2025-04-19,,URBANO SAO GABRIEL,,,48.0,26.765884
202504.0,2025-04-20,26045.0,URBANO SAO GABRIEL,Consumidor Livre,SUL,48.0,25.561805
202504.0,2025-04-20,26045.0,URBANO SAO GABRIEL,Consumidor Livre,SUL,48.0,25.561805
,2025-04-20,,URBANO SAO GABRIEL,,,48.0,25.561805
202504.0,2025-04-21,26045.0,URBANO SAO GABRIEL,Consumidor Livre,SUL,48.0,34.421383
202504.0,2025-04-21,26045.0,URBANO SAO GABRIEL,Consumidor Livre,SUL,48.0,34.421383
,2025-04-21,,URBANO SAO GABRIEL,,,48.0,34.421383
202504.0,2025-04-22,26045.0,URBANO SAO GABRIEL,Consumidor Livre,SUL,48.0,30.083183
202504.0,2025-04-22,26045.0,URBANO SAO GABRIEL,Consumidor Livre,SUL,48.0,30.083183
,2025-04-22,,URBANO SAO GABRIEL,,,48.0,30.083183
202504.0,2025-04-23,26045.0,URBANO SAO GABRIEL,Consumidor Livre,SUL,48.0,30.25215
202504.0,2025-04-23,26045.0,URBANO SAO GABRIEL,Consumidor Livre,SUL,48.0,30.25215
,2025-04-23,,URBANO SAO GABRIEL,,,48.0,30.25215
202504.0,2025-04-24,26045.0,URBANO SAO GABRIEL,Consumidor Livre,SUL,48.0,28.270678
202504.0,2025-04-24,26045.0,URBANO SAO GABRIEL,Consumidor Livre,SUL,48.0,28.270678
,2025-04-24,,URBANO SAO GABRIEL,,,48.0,28.270678
202504.0,2025-04-25,26045.0,URBANO SAO GABRIEL,Consumidor Livre,SUL,48.0,31.228751
202504.0,2025-04-25,26045.0,URBANO SAO GABRIEL,Consumidor Livre,SUL,48.0,31.228751
,2025-04-25,,URBANO SAO GABRIEL,,,48.0,31.228751
202504.0,2025-04-26,26045.0,URBANO SAO GABRIEL,Consumidor Livre,SUL,48.0,19.572525
202504.0,2025-04-26,26045.0,URBANO SAO GABRIEL,Consumidor Livre,SUL,48.0,19.572525
,2025-04-26,,URBANO SAO GABRIEL,,,48.0,19.572525
202504.0,2025-04-27,26045.0,URBANO SAO GABRIEL,Consumidor Livre,SUL,48.0,9.849645
202504.0,2025-04-27,26045.0,URBANO SAO GABRIEL,Consumidor Livre,SUL,48.0,9.849645
,2025-04-27,,URBANO SAO GABRIEL,,,48.0,9.849645
202504.0,2025-04-28,26045.0,URBANO SAO GABRIEL,Consumidor Livre,SUL,48.0,13.660192
202504.0,2025-04-28,26045.0,URBANO SAO GABRIEL,Consumidor Livre,SUL,48.0,13.660192
,2025-04-28,,URBANO SAO GABRIEL,,,48.0,13.660192
202504.0,2025-04-29,26045.0,URBANO SAO GABRIEL,Consumidor Livre,SUL,48.0,13.917244
202504.0,2025-04-29,26045.0,URBANO SAO GABRIEL,Consumidor Livre,SUL,48.0,13.917244
,2025-04-29,,URBANO SAO GABRIEL,,,48.0,13.917244
202504.0,2025-04-30,26045.0,URBANO SAO GABRIEL,Consumidor Livre,SUL,48.0,18.714104
202504.0,2025-04-30,26045.0,URBANO SAO GABRIEL,Consumidor Livre,SUL,48.0,18.714104
,2025-04-30,,URBANO SAO GABRIEL,,,48.0,18.714104
202505.0,2025-05-01,26045.0,URBANO SAO GABRIEL,Consumidor Livre,SUL,48.0,14.608846
202505.0,2025-05-01,26045.0,URBANO SAO GABRIEL,Consumidor Livre,SUL,48.0,14.608846
,2025-05-01,,URBANO SAO GABRIEL,,,48.0,14.608846
202505.0,2025-05-02,26045.0,URBANO SAO GABRIEL,Consumidor Livre,SUL,48.0,17.537481
202505.0,2025-05-02,26045.0,URBANO SAO GABRIEL,Consumidor Livre,SUL,48.0,17.537481
,2025-05-02,,URBANO SAO GABRIEL,,,48.0,17.537481
202505.0,2025-05-03,26045.0,URBANO SAO GABRIEL,Consumidor Livre,SUL,48.0,23.288069
202505.0,2025-05-03,26045.0,URBANO SAO GABRIEL,Consumidor Livre,SUL,48.0,23.288069
,2025-05-03,,URBANO SAO GABRIEL,,,48.0,23.288069
202505.0,2025-05-04,26045.0,URBANO SAO GABRIEL,Consumidor Livre,SUL,48.0,8.791526
202505.0,2025-05-04,26045.0,URBANO SAO GABRIEL,Consumidor Livre,SUL,48.0,8.791526
,2025-05-04,,URBANO SAO GABRIEL,,,48.0,8.791526
202505.0,2025-05-05,26045.0,URBANO SAO GABRIEL,Consumidor Livre,SUL,48.0,20.110683
202505.0,2025-05-05,26045.0,URBANO SAO GABRIEL,Consumidor Livre,SUL,48.0,20.110683
,2025-05-05,,URBANO SAO GABRIEL,,,48.0,20.110683
202505.0,2025-05-06,26045.0,URBANO SAO GABRIEL,Consumidor Livre,SUL,48.0,28.374465
202505.0,2025-05-06,26045.0,URBANO SAO GABRIEL,Consumidor Livre,SUL,48.0,28.374465
,2025-05-06,,URBANO SAO GABRIEL,,,48.0,28.374465
202505.0,2025-05-07,26045.0,URBANO SAO GABRIEL,Consumidor Livre,SUL,48.0,28.516763
202505.0,2025-05-07,26045.0,URBANO SAO GABRIEL,Consumidor Livre,SUL,48.0,28.516763
,2025-05-07,,URBANO SAO GABRIEL,,,48.0,28.516763
202505.0,2025-05-08,26045.0,URBANO SAO GABRIEL,Consumidor Livre,SUL,48.0,18.936376
202505.0,2025-05-08,26045.0,URBANO SAO GABRIEL,Consumidor Livre,SUL,48.0,18.936376
,2025-05-08,,URBANO SAO GABRIEL,,,48.0,18.936376
202505.0,2025-05-09,26045.0,URBANO SAO GABRIEL,Consumidor Livre,SUL,48.0,13.312899
202505.0,2025-05-09,26045.0,URBANO SAO GABRIEL,Consumidor Livre,SUL,48.0,13.312899
,2025-05-09,,URBANO SAO GABRIEL,,,48.0,13.312899
202505.0,2025-05-10,26045.0,URBANO SAO GABRIEL,Consumidor Livre,SUL,48.0,15.357179
202505.0,2025-05-10,26045.0,URBANO SAO GABRIEL,Consumidor Livre,SUL,48.0,15.357179
,2025-05-10,,URBANO SAO GABRIEL,,,48.0,15.357179
202505.0,2025-05-11,26045.0,URBANO SAO GABRIEL,Consumidor Livre,SUL,48.0,4.727494
202505.0,2025-05-11,26045.0,URBANO SAO GABRIEL,Consumidor Livre,SUL,48.0,4.727494
,2025-05-11,,URBANO SAO GABRIEL,,,48.0,4.727494
202505.0,2025-05-12,26045.0,URBANO SAO GABRIEL,Consumidor Livre,SUL,48.0,23.308847
202505.0,2025-05-12,26045.0,URBANO SAO GABRIEL,Consumidor Livre,SUL,48.0,23.308847
,2025-05-12,,URBANO SAO GABRIEL,,,48.0,23.308847
202505.0,2025-05-13,26045.0,URBANO SAO GABRIEL,Consumidor Livre,SUL,48.0,38.835588
202505.0,2025-05-13,26045.0,URBANO SAO GABRIEL,Consumidor Livre,SUL,48.0,38.835588
,2025-05-13,,URBANO SAO GABRIEL,,,48.0,38.835588
202505.0,2025-05-14,26045.0,URBANO SAO GABRIEL,Consumidor Livre,SUL,48.0,38.830505
202505.0,2025-05-14,26045.0,URBANO SAO GABRIEL,Consumidor Livre,SUL,48.0,38.830505
,2025-05-14,,URBANO SAO GABRIEL,,,48.0,38.830505
202505.0,2025-05-15,26045.0,URBANO SAO GABRIEL,Consumidor Livre,SUL,48.0,31.756186
202505.0,2025-05-15,26045.0,URBANO SAO GABRIEL,Consumidor Livre,SUL,48.0,31.756186
,2025-05-15,,URBANO SAO GABRIEL,,,48.0,31.756186
202505.0,2025-05-16,26045.0,URBANO SAO GABRIEL,Consumidor Livre,SUL,48.0,39.29335
202505.0,2025-05-16,26045.0,URBANO SAO GABRIEL,Consumidor Livre,SUL,48.0,39.29335
,2025-05-16,,URBANO SAO GABRIEL,,,48.0,39.29335
202505.0,2025-05-17,26045.0,URBANO SAO GABRIEL,Consumidor Livre,SUL,48.0,4.316314
202505.0,2025-05-17,26045.0,URBANO SAO GABRIEL,Consumidor Livre,SUL,48.0,4.316314
,2025-05-17,,URBANO SAO GABRIEL,,,48.0,4.316314
202505.0,2025-05-18,26045.0,URBANO SAO GABRIEL,Consumidor Livre,SUL,48.0,1.257291
202505.0,2025-05-18,26045.0,URBANO SAO GABRIEL,Consumidor Livre,SUL,48.0,1.257291
,2025-05-18,,URBANO SAO GABRIEL,,,48.0,1.257291
202505.0,2025-05-19,26045.0,URBANO SAO GABRIEL,Consumidor Livre,SUL,48.0,20.186534
202505.0,2025-05-19,26045.0,URBANO SAO GABRIEL,Consumidor Livre,SUL,48.0,20.186534
,2025-05-19,,URBANO SAO GABRIEL,,,48.0,20.186534
202505.0,2025-05-20,26045.0,URBANO SAO GABRIEL,Consumidor Livre,SUL,48.0,20.64579
202505.0,2025-05-20,26045.0,URBANO SAO GABRIEL,Consumidor Livre,SUL,48.0,20.64579
,2025-05-20,,URBANO SAO GABRIEL,,,48.0,20.64579
202505.0,2025-05-21,26045.0,URBANO SAO GABRIEL,Consumidor Livre,SUL,48.0,15.988571
202505.0,2025-05-21,26045.0,URBANO SAO GABRIEL,Consumidor Livre,SUL,48.0,15.988571
,2025-05-21,,URBANO SAO GABRIEL,,,48.0,15.988571
202505.0,2025-05-22,26045.0,URBANO SAO GABRIEL,Consumidor Livre,SUL,48.0,16.072969
202505.0,2025-05-22,26045.0,URBANO SAO GABRIEL,Consumidor Livre,SUL,48.0,16.072969
,2025-05-22,,URBANO SAO GABRIEL,,,48.0,16.072969
202505.0,2025-05-23,26045.0,URBANO SAO GABRIEL,Consumidor Livre,SUL,48.0,19.48734
202505.0,2025-05-23,26045.0,URBANO SAO GABRIEL,Consumidor Livre,SUL,48.0,19.48734
,2025-05-23,,URBANO SAO GABRIEL,,,48.0,19.48734
202505.0,2025-05-24,26045.0,URBANO SAO GABRIEL,Consumidor Livre,SUL,48.0,17.294343
202505.0,2025-05-24,26045.0,URBANO SAO GABRIEL,Consumidor Livre,SUL,48.0,17.294343
,2025-05-24,,URBANO SAO GABRIEL,,,48.0,17.294343
202505.0,2025-05-25,26045.0,URBANO SAO GABRIEL,Consumidor Livre,SUL,48.0,0.605201
202505.0,2025-05-25,26045.0,URBANO SAO GABRIEL,Consumidor Livre,SUL,48.0,0.605201
,2025-05-25,,URBANO SAO GABRIEL,,,48.0,0.605201
202505.0,2025-05-26,26045.0,URBANO SAO GABRIEL,Consumidor Livre,SUL,48.0,11.749516
202505.0,2025-05-26,26045.0,URBANO SAO GABRIEL,Consumidor Livre,SUL,48.0,11.749516
,2025-05-26,,URBANO SAO GABRIEL,,,48.0,11.749516
202505.0,2025-05-27,26045.0,URBANO SAO GABRIEL,Consumidor Livre,SUL,48.0,10.054979
202505.0,2025-05-27,26045.0,URBANO SAO GABRIEL,Consumidor Livre,SUL,48.0,10.054979
,2025-05-27,,URBANO SAO GABRIEL,,,48.0,10.054979
202505.0,2025-05-28,26045.0,URBANO SAO GABRIEL,Consumidor Livre,SUL,48.0,4.352906
202505.0,2025-05-28,26045.0,URBANO SAO GABRIEL,Consumidor Livre,SUL,48.0,4.352906
,2025-05-28,,URBANO SAO GABRIEL,,,48.0,4.352906
202505.0,2025-05-29,26045.0,URBANO SAO GABRIEL,Consumidor Livre,SUL,48.0,12.802427
202505.0,2025-05-29,26045.0,URBANO SAO GABRIEL,Consumidor Livre,SUL,48.0,12.802427
,2025-05-29,,URBANO SAO GABRIEL,,,48.0,12.802427
202505.0,2025-05-30,26045.0,URBANO SAO GABRIEL,Consumidor Livre,SUL,48.0,18.238757
202505.0,2025-05-30,26045.0,URBANO SAO GABRIEL,Consumidor Livre,SUL,48.0,18.238757
,2025-05-30,,URBANO SAO GABRIEL,,,48.0,18.238757
202505.0,2025-05-31,26045.0,URBANO SAO GABRIEL,Consumidor Livre,SUL,48.0,18.183692
202505.0,2025-05-31,26045.0,URBANO SAO GABRIEL,Consumidor Livre,SUL,48.0,18.183692
,2025-05-31,,URBANO SAO GABRIEL,,,48.0,18.183692
202506.0,2025-06-01,26045.0,URBANO SAO GABRIEL,Consumidor Livre,SUL,48.0,7.789826
202506.0,2025-06-01,26045.0,URBANO SAO GABRIEL,Consumidor Livre,SUL,48.0,7.789826
,2025-06-01,,URBANO SAO GABRIEL,,,48.0,7.789826
202506.0,2025-06-02,26045.0,URBANO SAO GABRIEL,Consumidor Livre,SUL,48.0,11.127531
202506.0,2025-06-02,26045.0,URBANO SAO GABRIEL,Consumidor Livre,SUL,48.0,11.127531
,2025-06-02,,URBANO SAO GABRIEL,,,48.0,11.127531
202506.0,2025-06-03,26045.0,URBANO SAO GABRIEL,Consumidor Livre,SUL,48.0,16.040757
202506.0,2025-06-03,26045.0,URBANO SAO GABRIEL,Consumidor Livre,SUL,48.0,16.040757
,2025-06-03,,URBANO SAO GABRIEL,,,48.0,16.040757
202506.0,2025-06-04,26045.0,URBANO SAO GABRIEL,Consumidor Livre,SUL,48.0,19.911645
202506.0,2025-06-04,26045.0,URBANO SAO GABRIEL,Consumidor Livre,SUL,48.0,19.911645
,2025-06-04,,URBANO SAO GABRIEL,,,48.0,19.911645
202506.0,2025-06-05,26045.0,URBANO SAO GABRIEL,Consumidor Livre,SUL,48.0,19.980284
202506.0,2025-06-05,26045.0,URBANO SAO GABRIEL,Consumidor Livre,SUL,48.0,19.980284
,2025-06-05,,URBANO SAO GABRIEL,,,48.0,19.980284
202506.0,2025-06-06,26045.0,URBANO SAO GABRIEL,Consumidor Livre,SUL,48.0,17.856688
202506.0,2025-06-06,26045.0,URBANO SAO GABRIEL,Consumidor Livre,SUL,48.0,17.856688
,2025-06-06,,URBANO SAO GABRIEL,,,48.0,17.856688
202506.0,2025-06-07,26045.0,URBANO SAO GABRIEL,Consumidor Livre,SUL,48.0,18.025044
202506.0,2025-06-07,26045.0,URBANO SAO GABRIEL,Consumidor Livre,SUL,48.0,18.025044
,2025-06-07,,URBANO SAO GABRIEL,,,48.0,18.025044
202506.0,2025-06-08,26045.0,URBANO SAO GABRIEL,Consumidor Livre,SUL,48.0,9.79682
202506.0,2025-06-08,26045.0,URBANO SAO GABRIEL,Consumidor Livre,SUL,48.0,9.79682
,2025-06-08,,URBANO SAO GABRIEL,,,48.0,9.79682
202506.0,2025-06-09,26045.0,URBANO SAO GABRIEL,Consumidor Livre,SUL,48.0,17.791237
202506.0,2025-06-09,26045.0,URBANO SAO GABRIEL,Consumidor Livre,SUL,48.0,17.791237
,2025-06-09,,URBANO SAO GABRIEL,,,48.0,17.791237
202506.0,2025-06-10,26045.0,URBANO SAO GABRIEL,Consumidor Livre,SUL,48.0,16.392522
202506.0,2025-06-10,26045.0,URBANO SAO GABRIEL,Consumidor Livre,SUL,48.0,16.392522
,2025-06-10,,URBANO SAO GABRIEL,,,48.0,16.392522
202506.0,2025-06-11,26045.0,URBANO SAO GABRIEL,Consumidor Livre,SUL,48.0,15.407872
202506.0,2025-06-11,26045.0,URBANO SAO GABRIEL,Consumidor Livre,SUL,48.0,15.407872
,2025-06-11,,URBANO SAO GABRIEL,,,48.0,15.407872
202506.0,2025-06-12,26045.0,URBANO SAO GABRIEL,Consumidor Livre,SUL,48.0,12.914496
202506.0,2025-06-12,26045.0,URBANO SAO GABRIEL,Consumidor Livre,SUL,48.0,12.914496
,2025-06-12,,URBANO SAO GABRIEL,,,48.0,12.914496
202506.0,2025-06-13,26045.0,URBANO SAO GABRIEL,Consumidor Livre,SUL,48.0,11.894393
202506.0,2025-06-13,26045.0,URBANO SAO GABRIEL,Consumidor Livre,SUL,48.0,11.894393
,2025-06-13,,URBANO SAO GABRIEL,,,48.0,11.894393
202506.0,2025-06-14,26045.0,URBANO SAO GABRIEL,Consumidor Livre,SUL,48.0,13.280482
202506.0,2025-06-14,26045.0,URBANO SAO GABRIEL,Consumidor Livre,SUL,48.0,13.280482
,2025-06-14,,URBANO SAO GABRIEL,,,48.0,13.280482
202506.0,2025-06-15,26045.0,URBANO SAO GABRIEL,Consumidor Livre,SUL,48.0,1.56243
202506.0,2025-06-15,26045.0,URBANO SAO GABRIEL,Consumidor Livre,SUL,48.0,1.56243
,2025-06-15,,URBANO SAO GABRIEL,,,48.0,1.56243
202506.0,2025-06-16,26045.0,URBANO SAO GABRIEL,Consumidor Livre,SUL,48.0,17.384908
202506.0,2025-06-16,26045.0,URBANO SAO GABRIEL,Consumidor Livre,SUL,48.0,17.384908
,2025-06-16,,URBANO SAO GABRIEL,,,48.0,17.384908
202506.0,2025-06-17,26045.0,URBANO SAO GABRIEL,Consumidor Livre,SUL,48.0,15.200026
202506.0,2025-06-17,26045.0,URBANO SAO GABRIEL,Consumidor Livre,SUL,48.0,15.200026
,2025-06-17,,URBANO SAO GABRIEL,,,48.0,15.200026
202506.0,2025-06-18,26045.0,URBANO SAO GABRIEL,Consumidor Livre,SUL,48.0,14.361794
202506.0,2025-06-18,26045.0,URBANO SAO GABRIEL,Consumidor Livre,SUL,48.0,14.361794
,2025-06-18,,URBANO SAO GABRIEL,,,48.0,14.361794
202506.0,2025-06-19,26045.0,URBANO SAO GABRIEL,Consumidor Livre,SUL,48.0,4.393534
202506.0,2025-06-19,26045.0,URBANO SAO GABRIEL,Consumidor Livre,SUL,48.0,4.393534
,2025-06-19,,URBANO SAO GABRIEL,,,48.0,4.393534
202506.0,2025-06-20,26045.0,URBANO SAO GABRIEL,Consumidor Livre,SUL,48.0,13.808729
202506.0,2025-06-20,26045.0,URBANO SAO GABRIEL,Consumidor Livre,SUL,48.0,13.808729
,2025-06-20,,URBANO SAO GABRIEL,,,48.0,13.808729
202506.0,2025-06-21,26045.0,URBANO SAO GABRIEL,Consumidor Livre,SUL,48.0,16.763321
202506.0,2025-06-21,26045.0,URBANO SAO GABRIEL,Consumidor Livre,SUL,48.0,16.763321
,2025-06-21,,URBANO SAO GABRIEL,,,48.0,16.763321
202506.0,2025-06-22,26045.0,URBANO SAO GABRIEL,Consumidor Livre,SUL,48.0,4.248248
202506.0,2025-06-22,26045.0,URBANO SAO GABRIEL,Consumidor Livre,SUL,48.0,4.248248
,2025-06-22,,URBANO SAO GABRIEL,,,48.0,4.248248
202506.0,2025-06-23,26045.0,URBANO SAO GABRIEL,Consumidor Livre,SUL,48.0,18.665734
202506.0,2025-06-23,26045.0,URBANO SAO GABRIEL,Consumidor Livre,SUL,48.0,18.665734
,2025-06-23,,URBANO SAO GABRIEL,,,48.0,18.665734
202506.0,2025-06-24,26045.0,URBANO SAO GABRIEL,Consumidor Livre,SUL,48.0,15.415585
202506.0,2025-06-24,26045.0,URBANO SAO GABRIEL,Consumidor Livre,SUL,48.0,15.415585
,2025-06-24,,URBANO SAO GABRIEL,,,48.0,15.415585
202506.0,2025-06-25,26045.0,URBANO SAO GABRIEL,Consumidor Livre,SUL,48.0,16.525256
202506.0,2025-06-25,26045.0,URBANO SAO GABRIEL,Consumidor Livre,SUL,48.0,16.525256
,2025-06-25,,URBANO SAO GABRIEL,,,48.0,16.525256
202506.0,2025-06-26,26045.0,URBANO SAO GABRIEL,Consumidor Livre,SUL,48.0,17.800649
202506.0,2025-06-26,26045.0,URBANO SAO GABRIEL,Consumidor Livre,SUL,48.0,17.800649
,2025-06-26,,URBANO SAO GABRIEL,,,48.0,17.800649
202506.0,2025-06-27,26045.0,URBANO SAO GABRIEL,Consumidor Livre,SUL,48.0,19.179347
202506.0,2025-06-27,26045.0,URBANO SAO GABRIEL,Consumidor Livre,SUL,48.0,19.179347
,2025-06-27,,URBANO SAO GABRIEL,,,48.0,19.179347
202506.0,2025-06-28,26045.0,URBANO SAO GABRIEL,Consumidor Livre,SUL,48.0,13.302784
202506.0,2025-06-28,26045.0,URBANO SAO GABRIEL,Consumidor Livre,SUL,48.0,13.302784
,2025-06-28,,URBANO SAO GABRIEL,,,48.0,13.302784
202506.0,2025-06-29,26045.0,URBANO SAO GABRIEL,Consumidor Livre,SUL,48.0,7.552409
202506.0,2025-06-29,26045.0,URBANO SAO GABRIEL,Consumidor Livre,SUL,48.0,7.552409
,2025-06-29,,URBANO SAO GABRIEL,,,48.0,7.552409
202506.0,2025-06-30,26045.0,URBANO SAO GABRIEL,Consumidor Livre,SUL,48.0,12.382573
202506.0,2025-06-30,26045.0,URBANO SAO GABRIEL,Consumidor Livre,SUL,48.0,12.382573
,2025-06-30,,URBANO SAO GABRIEL,,,48.0,12.382573
202507.0,2025-07-01,26045.0,URBANO SAO GABRIEL,Consumidor Livre,SUL,48.0,14.573335
202507.0,2025-07-01,26045.0,URBANO SAO GABRIEL,Consumidor Livre,SUL,48.0,14.573335
,2025-07-01,,URBANO SAO GABRIEL,,,48.0,14.573335
202507.0,2025-07-02,26045.0,URBANO SAO GABRIEL,Consumidor Livre,SUL,48.0,19.343732
202507.0,2025-07-02,26045.0,URBANO SAO GABRIEL,Consumidor Livre,SUL,48.0,19.343732
,2025-07-02,,URBANO SAO GABRIEL,,,48.0,19.343732
202507.0,2025-07-03,26045.0,URBANO SAO GABRIEL,Consumidor Livre,SUL,48.0,18.526001
202507.0,2025-07-03,26045.0,URBANO SAO GABRIEL,Consumidor Livre,SUL,48.0,18.526001
,2025-07-03,,URBANO SAO GABRIEL,,,48.0,18.526001
202507.0,2025-07-04,26045.0,URBANO SAO GABRIEL,Consumidor Livre,SUL,48.0,14.673865
202507.0,2025-07-04,26045.0,URBANO SAO GABRIEL,Consumidor Livre,SUL,48.0,14.673865
,2025-07-04,,URBANO SAO GABRIEL,,,48.0,14.673865
202507.0,2025-07-05,26045.0,URBANO SAO GABRIEL,Consumidor Livre,SUL,48.0,10.34343
202507.0,2025-07-05,26045.0,URBANO SAO GABRIEL,Consumidor Livre,SUL,48.0,10.34343
,2025-07-05,,URBANO SAO GABRIEL,,,48.0,10.34343
202507.0,2025-07-06,26045.0,URBANO SAO GABRIEL,Consumidor Livre,SUL,48.0,16.930815
202507.0,2025-07-06,26045.0,URBANO SAO GABRIEL,Consumidor Livre,SUL,48.0,16.930815
,2025-07-06,,URBANO SAO GABRIEL,,,48.0,16.930815
202507.0,2025-07-07,26045.0,URBANO SAO GABRIEL,Consumidor Livre,SUL,48.0,38.792546
202507.0,2025-07-07,26045.0,URBANO SAO GABRIEL,Consumidor Livre,SUL,48.0,38.792546
,2025-07-07,,URBANO SAO GABRIEL,,,48.0,38.792546
202507.0,2025-07-08,26045.0,URBANO SAO GABRIEL,Consumidor Livre,SUL,48.0,30.146994
202507.0,2025-07-08,26045.0,URBANO SAO GABRIEL,Consumidor Livre,SUL,48.0,30.146994
,2025-07-08,,URBANO SAO GABRIEL,,,48.0,30.146994
202507.0,2025-07-09,26045.0,URBANO SAO GABRIEL,Consumidor Livre,SUL,48.0,22.09837
202507.0,2025-07-09,26045.0,URBANO SAO GABRIEL,Consumidor Livre,SUL,48.0,22.09837
,2025-07-09,,URBANO SAO GABRIEL,,,48.0,22.09837
202507.0,2025-07-10,26045.0,URBANO SAO GABRIEL,Consumidor Livre,SUL,48.0,10.195465
202507.0,2025-07-10,26045.0,URBANO SAO GABRIEL,Consumidor Livre,SUL,48.0,10.195465
,2025-07-10,,URBANO SAO GABRIEL,,,48.0,10.195465
202507.0,2025-07-11,26045.0,URBANO SAO GABRIEL,Consumidor Livre,SUL,48.0,17.050697
202507.0,2025-07-11,26045.0,URBANO SAO GABRIEL,Consumidor Livre,SUL,48.0,17.050697
,2025-07-11,,URBANO SAO GABRIEL,,,48.0,17.050697
202507.0,2025-07-12,26045.0,URBANO SAO GABRIEL,Consumidor Livre,SUL,48.0,10.946148
202507.0,2025-07-12,26045.0,URBANO SAO GABRIEL,Consumidor Livre,SUL,48.0,10.946148
,2025-07-12,,URBANO SAO GABRIEL,,,48.0,10.946148
202507.0,2025-07-13,26045.0,URBANO SAO GABRIEL,Consumidor Livre,SUL,48.0,3.652173
202507.0,2025-07-13,26045.0,URBANO SAO GABRIEL,Consumidor Livre,SUL,48.0,3.652173
,2025-07-13,,URBANO SAO GABRIEL,,,48.0,3.652173
202507.0,2025-07-14,26045.0,URBANO SAO GABRIEL,Consumidor Livre,SUL,48.0,13.01844
202507.0,2025-07-14,26045.0,URBANO SAO GABRIEL,Consumidor Livre,SUL,48.0,13.01844
,2025-07-14,,URBANO SAO GABRIEL,,,48.0,13.01844
202507.0,2025-07-15,26045.0,URBANO SAO GABRIEL,Consumidor Livre,SUL,48.0,17.846117
202507.0,2025-07-15,26045.0,URBANO SAO GABRIEL,Consumidor Livre,SUL,48.0,17.846117
,2025-07-15,,URBANO SAO GABRIEL,,,48.0,17.846117
202507.0,2025-07-16,26045.0,URBANO SAO GABRIEL,Consumidor Livre,SUL,48.0,14.209245
202507.0,2025-07-16,26045.0,URBANO SAO GABRIEL,Consumidor Livre,SUL,48.0,14.209245
,2025-07-16,,URBANO SAO GABRIEL,,,48.0,14.209245
202507.0,2025-07-17,26045.0,URBANO SAO GABRIEL,Consumidor Livre,SUL,48.0,10.522448
202507.0,2025-07-17,26045.0,URBANO SAO GABRIEL,Consumidor Livre,SUL,48.0,10.522448
,2025-07-17,,URBANO SAO GABRIEL,,,48.0,10.522448
202507.0,2025-07-18,26045.0,URBANO SAO GABRIEL,Consumidor Livre,SUL,48.0,12.751337
202507.0,2025-07-18,26045.0,URBANO SAO GABRIEL,Consumidor Livre,SUL,48.0,12.751337
,2025-07-18,,URBANO SAO GABRIEL,,,48.0,12.751337
202507.0,2025-07-19,26045.0,URBANO SAO GABRIEL,Consumidor Livre,SUL,48.0,11.807559
202507.0,2025-07-19,26045.0,URBANO SAO GABRIEL,Consumidor Livre,SUL,48.0,11.807559
,2025-07-19,,URBANO SAO GABRIEL,,,48.0,11.807559
202507.0,2025-07-20,26045.0,URBANO SAO GABRIEL,Consumidor Livre,SUL,48.0,8.119313
202507.0,2025-07-20,26045.0,URBANO SAO GABRIEL,Consumidor Livre,SUL,48.0,8.119313
,2025-07-20,,URBANO SAO GABRIEL,,,48.0,8.119313
202507.0,2025-07-21,26045.0,URBANO SAO GABRIEL,Consumidor Livre,SUL,48.0,13.19311
202507.0,2025-07-21,26045.0,URBANO SAO GABRIEL,Consumidor Livre,SUL,48.0,13.19311
,2025-07-21,,URBANO SAO GABRIEL,,,48.0,13.19311
202507.0,2025-07-22,26045.0,URBANO SAO GABRIEL,Consumidor Livre,SUL,48.0,14.204604
202507.0,2025-07-22,26045.0,URBANO SAO GABRIEL,Consumidor Livre,SUL,48.0,14.204604
,2025-07-22,,URBANO SAO GABRIEL,,,48.0,14.204604
202507.0,2025-07-23,26045.0,URBANO SAO GABRIEL,Consumidor Livre,SUL,48.0,16.183795
202507.0,2025-07-23,26045.0,URBANO SAO GABRIEL,Consumidor Livre,SUL,48.0,16.183795
,2025-07-23,,URBANO SAO GABRIEL,,,48.0,16.183795
202507.0,2025-07-24,26045.0,URBANO SAO GABRIEL,Consumidor Livre,SUL,48.0,18.147967
202507.0,2025-07-24,26045.0,URBANO SAO GABRIEL,Consumidor Livre,SUL,48.0,18.147967
,2025-07-24,,URBANO SAO GABRIEL,,,48.0,18.147967
202507.0,2025-07-25,26045.0,URBANO SAO GABRIEL,Consumidor Livre,SUL,48.0,15.981465
202507.0,2025-07-25,26045.0,URBANO SAO GABRIEL,Consumidor Livre,SUL,48.0,15.981465
,2025-07-25,,URBANO SAO GABRIEL,,,48.0,15.981465
202507.0,2025-07-26,26045.0,URBANO SAO GABRIEL,Consumidor Livre,SUL,48.0,8.007992
202507.0,2025-07-26,26045.0,URBANO SAO GABRIEL,Consumidor Livre,SUL,48.0,8.007992
,2025-07-26,,URBANO SAO GABRIEL,,,48.0,8.007992
202507.0,2025-07-27,26045.0,URBANO SAO GABRIEL,Consumidor Livre,SUL,48.0,4.630879
202507.0,2025-07-27,26045.0,URBANO SAO GABRIEL,Consumidor Livre,SUL,48.0,4.630879
,2025-07-27,,URBANO SAO GABRIEL,,,48.0,4.630879
202507.0,2025-07-28,26045.0,URBANO SAO GABRIEL,Consumidor Livre,SUL,48.0,8.245165
202507.0,2025-07-28,26045.0,URBANO SAO GABRIEL,Consumidor Livre,SUL,48.0,8.245165
,2025-07-28,,URBANO SAO GABRIEL,,,48.0,8.245165
202507.0,2025-07-29,26045.0,URBANO SAO GABRIEL,Consumidor Livre,SUL,48.0,32.136603
202507.0,2025-07-29,26045.0,URBANO SAO GABRIEL,Consumidor Livre,SUL,48.0,32.136603
,2025-07-29,,URBANO SAO GABRIEL,,,48.0,32.136603
202507.0,2025-07-30,26045.0,URBANO SAO GABRIEL,Consumidor Livre,SUL,48.0,15.234861
202507.0,2025-07-30,26045.0,URBANO SAO GABRIEL,Consumidor Livre,SUL,48.0,15.234861
,2025-07-30,,URBANO SAO GABRIEL,,,48.0,15.234861
202507.0,2025-07-31,26045.0,URBANO SAO GABRIEL,Consumidor Livre,SUL,48.0,11.558285
202507.0,2025-07-31,26045.0,URBANO SAO GABRIEL,Consumidor Livre,SUL,48.0,11.558285
,2025-07-31,,URBANO SAO GABRIEL,,,48.0,11.558285
202508.0,2025-08-01,26045.0,URBANO SAO GABRIEL,Consumidor Livre,SUL,48.0,8.821789
202508.0,2025-08-01,26045.0,URBANO SAO GABRIEL,Consumidor Livre,SUL,48.0,8.821789
,2025-08-01,,URBANO SAO GABRIEL,,,48.0,8.821789
202508.0,2025-08-02,26045.0,URBANO SAO GABRIEL,Consumidor Livre,SUL,48.0,9.59403
202508.0,2025-08-02,26045.0,URBANO SAO GABRIEL,Consumidor Livre,SUL,48.0,9.59403
,2025-08-02,,URBANO SAO GABRIEL,,,48.0,9.59403
202508.0,2025-08-03,26045.0,URBANO SAO GABRIEL,Consumidor Livre,SUL,48.0,3.459098
202508.0,2025-08-03,26045.0,URBANO SAO GABRIEL,Consumidor Livre,SUL,48.0,3.459098
,2025-08-03,,URBANO SAO GABRIEL,,,48.0,3.459098
202508.0,2025-08-04,26045.0,URBANO SAO GABRIEL,Consumidor Livre,SUL,48.0,10.063661
202508.0,2025-08-04,26045.0,URBANO SAO GABRIEL,Consumidor Livre,SUL,48.0,10.063661
,2025-08-04,,URBANO SAO GABRIEL,,,48.0,10.063661
202508.0,2025-08-05,26045.0,URBANO SAO GABRIEL,Consumidor Livre,SUL,48.0,10.436016
202508.0,2025-08-05,26045.0,URBANO SAO GABRIEL,Consumidor Livre,SUL,48.0,10.436016
,2025-08-05,,URBANO SAO GABRIEL,,,48.0,10.436016
202508.0,2025-08-06,26045.0,URBANO SAO GABRIEL,Consumidor Livre,SUL,48.0,4.969501
202508.0,2025-08-06,26045.0,URBANO SAO GABRIEL,Consumidor Livre,SUL,48.0,4.969501
,2025-08-06,,URBANO SAO GABRIEL,,,48.0,4.969501
202508.0,2025-08-07,26045.0,URBANO SAO GABRIEL,Consumidor Livre,SUL,48.0,8.929934
202508.0,2025-08-07,26045.0,URBANO SAO GABRIEL,Consumidor Livre,SUL,48.0,8.929934
,2025-08-07,,URBANO SAO GABRIEL,,,48.0,8.929934
202508.0,2025-08-08,26045.0,URBANO SAO GABRIEL,Consumidor Livre,SUL,48.0,11.084555
202508.0,2025-08-08,26045.0,URBANO SAO GABRIEL,Consumidor Livre,SUL,48.0,11.084555
,2025-08-08,,URBANO SAO GABRIEL,,,48.0,11.084555
202508.0,2025-08-09,26045.0,URBANO SAO GABRIEL,Consumidor Livre,SUL,48.0,7.903431
202508.0,2025-08-09,26045.0,URBANO SAO GABRIEL,Consumidor Livre,SUL,48.0,7.903431
,2025-08-09,,URBANO SAO GABRIEL,,,48.0,7.903431
202508.0,2025-08-10,26045.0,URBANO SAO GABRIEL,Consumidor Livre,SUL,48.0,0.35634
202508.0,2025-08-10,26045.0,URBANO SAO GABRIEL,Consumidor Livre,SUL,48.0,0.35634
,2025-08-10,,URBANO SAO GABRIEL,,,48.0,0.35634
202508.0,2025-08-11,26045.0,URBANO SAO GABRIEL,Consumidor Livre,SUL,48.0,8.643756
202508.0,2025-08-11,26045.0,URBANO SAO GABRIEL,Consumidor Livre,SUL,48.0,8.643756
,2025-08-11,,URBANO SAO GABRIEL,,,48.0,8.643756
202508.0,2025-08-12,26045.0,URBANO SAO GABRIEL,Consumidor Livre,SUL,48.0,12.10018
202508.0,2025-08-12,26045.0,URBANO SAO GABRIEL,Consumidor Livre,SUL,48.0,12.10018
,2025-08-12,,URBANO SAO GABRIEL,,,48.0,12.10018
202508.0,2025-08-13,26045.0,URBANO SAO GABRIEL,Consumidor Livre,SUL,48.0,8.955232
202508.0,2025-08-13,26045.0,URBANO SAO GABRIEL,Consumidor Livre,SUL,48.0,8.955232
,2025-08-13,,URBANO SAO GABRIEL,,,48.0,8.955232
202508.0,2025-08-14,26045.0,URBANO SAO GABRIEL,Consumidor Livre,SUL,48.0,10.661727
202508.0,2025-08-14,26045.0,URBANO SAO GABRIEL,Consumidor Livre,SUL,48.0,10.661727
,2025-08-14,,URBANO SAO GABRIEL,,,48.0,10.661727
202508.0,2025-08-15,26045.0,URBANO SAO GABRIEL,Consumidor Livre,SUL,48.0,9.491755
202508.0,2025-08-15,26045.0,URBANO SAO GABRIEL,Consumidor Livre,SUL,48.0,9.491755
,2025-08-15,,URBANO SAO GABRIEL,,,48.0,9.491755
202508.0,2025-08-16,26045.0,URBANO SAO GABRIEL,Consumidor Livre,SUL,48.0,6.056055
202508.0,2025-08-16,26045.0,URBANO SAO GABRIEL,Consumidor Livre,SUL,48.0,6.056055
,2025-08-16,,URBANO SAO GABRIEL,,,48.0,6.056055
202508.0,2025-08-17,26045.0,URBANO SAO GABRIEL,Consumidor Livre,SUL,48.0,1.793222
202508.0,2025-08-17,26045.0,URBANO SAO GABRIEL,Consumidor Livre,SUL,48.0,1.793222
,2025-08-17,,URBANO SAO GABRIEL,,,48.0,1.793222
202508.0,2025-08-18,26045.0,URBANO SAO GABRIEL,Consumidor Livre,SUL,48.0,10.861321
202508.0,2025-08-18,26045.0,URBANO SAO GABRIEL,Consumidor Livre,SUL,48.0,10.861321
,2025-08-18,,URBANO SAO GABRIEL,,,48.0,10.861321
202508.0,2025-08-19,26045.0,URBANO SAO GABRIEL,Consumidor Livre,SUL,48.0,10.658598
202508.0,2025-08-19,26045.0,URBANO SAO GABRIEL,Consumidor Livre,SUL,48.0,10.658598
,2025-08-19,,URBANO SAO GABRIEL,,,48.0,10.658598
202508.0,2025-08-20,26045.0,URBANO SAO GABRIEL,Consumidor Livre,SUL,48.0,8.55249
202508.0,2025-08-20,26045.0,URBANO SAO GABRIEL,Consumidor Livre,SUL,48.0,8.55249
,2025-08-20,,URBANO SAO GABRIEL,,,48.0,8.55249
202508.0,2025-08-21,26045.0,URBANO SAO GABRIEL,Consumidor Livre,SUL,48.0,12.858543
202508.0,2025-08-21,26045.0,URBANO SAO GABRIEL,Consumidor Livre,SUL,48.0,12.858543
,2025-08-21,,URBANO SAO GABRIEL,,,48.0,12.858543
202508.0,2025-08-22,26045.0,URBANO SAO GABRIEL,Consumidor Livre,SUL,48.0,3.507079
202508.0,2025-08-22,26045.0,URBANO SAO GABRIEL,Consumidor Livre,SUL,48.0,3.507079
,2025-08-22,,URBANO SAO GABRIEL,,,48.0,3.507079
202508.0,2025-08-23,26045.0,URBANO SAO GABRIEL,Consumidor Livre,SUL,48.0,2.805626
202508.0,2025-08-23,26045.0,URBANO SAO GABRIEL,Consumidor Livre,SUL,48.0,2.805626
,2025-08-23,,URBANO SAO GABRIEL,,,48.0,2.805626
202508.0,2025-08-24,26045.0,URBANO SAO GABRIEL,Consumidor Livre,SUL,48.0,1.612637
202508.0,2025-08-24,26045.0,URBANO SAO GABRIEL,Consumidor Livre,SUL,48.0,1.612637
,2025-08-24,,URBANO SAO GABRIEL,,,48.0,1.612637
202508.0,2025-08-25,26045.0,URBANO SAO GABRIEL,Consumidor Livre,SUL,48.0,6.167334
202508.0,2025-08-25,26045.0,URBANO SAO GABRIEL,Consumidor Livre,SUL,48.0,6.167334
,2025-08-25,,URBANO SAO GABRIEL,,,48.0,6.167334
202508.0,2025-08-26,26045.0,URBANO SAO GABRIEL,Consumidor Livre,SUL,48.0,10.083974
202508.0,2025-08-26,26045.0,URBANO SAO GABRIEL,Consumidor Livre,SUL,48.0,10.083974
,2025-08-26,,URBANO SAO GABRIEL,,,48.0,10.083974
202508.0,2025-08-27,26045.0,URBANO SAO GABRIEL,Consumidor Livre,SUL,48.0,7.348243
202508.0,2025-08-27,26045.0,URBANO SAO GABRIEL,Consumidor Livre,SUL,48.0,7.348243
,2025-08-27,,URBANO SAO GABRIEL,,,48.0,7.348243
202508.0,2025-08-28,26045.0,URBANO SAO GABRIEL,Consumidor Livre,SUL,48.0,3.41984
202508.0,2025-08-28,26045.0,URBANO SAO GABRIEL,Consumidor Livre,SUL,48.0,3.41984
,2025-08-28,,URBANO SAO GABRIEL,,,48.0,3.41984
202508.0,2025-08-29,26045.0,URBANO SAO GABRIEL,Consumidor Livre,SUL,48.0,7.472501
202508.0,2025-08-29,26045.0,URBANO SAO GABRIEL,Consumidor Livre,SUL,48.0,7.472501
,2025-08-29,,URBANO SAO GABRIEL,,,48.0,7.472501
202508.0,2025-08-30,26045.0,URBANO SAO GABRIEL,Consumidor Livre,SUL,48.0,23.151796
202508.0,2025-08-30,26045.0,URBANO SAO GABRIEL,Consumidor Livre,SUL,48.0,23.151796
,2025-08-30,,URBANO SAO GABRIEL,,,48.0,23.151796
202508.0,2025-08-31,26045.0,URBANO SAO GABRIEL,Consumidor Livre,SUL,48.0,10.503141
202508.0,2025-08-31,26045.0,URBANO SAO GABRIEL,Consumidor Livre,SUL,48.0,10.503141
,2025-08-31,,URBANO SAO GABRIEL,,,48.0,10.503141
