MES_REFERENCIA,DATA,CODIGO_PERFIL_AGENTE,SIGLA_PERFIL_AGENTE,CLASSE_PERFIL_AGENTE,SUBMERCADO,CAPACIDADE_CARGA,CONSUMO_CARGA_ACL
,2022-01-01,64004.0,VCSA EDEALINA,Autoprodutor,SUDESTE,480.0,14.074699
,2022-01-02,64004.0,VCSA EDEALINA,Autoprodutor,SUDESTE,480.0,89.995915
,2022-01-03,64004.0,VCSA EDEALINA,Autoprodutor,SUDESTE,480.0,26.991796
,2022-01-04,64004.0,VCSA EDEALINA,Autoprodutor,SUDESTE,480.0,149.706575
,2022-01-05,64004.0,VCSA EDEALINA,Autoprodutor,SUDESTE,480.0,165.77324
,2022-01-06,64004.0,VCSA EDEALINA,Autoprodutor,SUDESTE,480.0,91.232194
,2022-01-07,64004.0,VCSA EDEALINA,Autoprodutor,SUDESTE,480.0,349.331368
,2022-01-08,64004.0,VCSA EDEALINA,Autoprodutor,SUDESTE,480.0,400.060676
,2022-01-09,64004.0,VCSA EDEALINA,Autoprodutor,SUDESTE,480.0,276.839214
,2022-01-10,64004.0,VCSA EDEALINA,Autoprodutor,SUDESTE,480.0,263.849447
,2022-01-11,64004.0,VCSA EDEALINA,Autoprodutor,SUDESTE,480.0,380.450878
,2022-01-12,64004.0,VCSA EDEALINA,Autoprodutor,SUDESTE,480.0,296.584159
,2022-01-13,64004.0,VCSA EDEALINA,Autoprodutor,SUDESTE,480.0,309.44899
,2022-01-14,64004.0,VCSA EDEALINA,Autoprodutor,SUDESTE,480.0,385.599531
,2022-01-15,64004.0,VCSA EDEALINA,Autoprodutor,SUDESTE,480.0,346.813193
,2022-01-16,64004.0,VCSA EDEALINA,Autoprodutor,SUDESTE,480.0,293.831625
,2022-01-17,64004.0,VCSA EDEALINA,Autoprodutor,SUDESTE,480.0,275.339366
,2022-01-18,64004.0,VCSA EDEALINA,Autoprodutor,SUDESTE,480.0,290.528488
,2022-01-19,64004.0,VCSA EDEALINA,Autoprodutor,SUDESTE,480.0,234.223718
,2022-01-20,64004.0,VCSA EDEALINA,Autoprodutor,SUDESTE,480.0,389.314886
,2022-01-21,64004.0,VCSA EDEALINA,Autoprodutor,SUDESTE,480.0,384.157714
,2022-01-22,64004.0,VCSA EDEALINA,Autoprodutor,SUDESTE,480.0,352.456952
,2022-01-23,64004.0,VCSA EDEALINA,Autoprodutor,SUDESTE,480.0,344.676038
,2022-01-24,64004.0,VCSA EDEALINA,Autoprodutor,SUDESTE,480.0,243.087617
,2022-01-25,64004.0,VCSA EDEALINA,Autoprodutor,SUDESTE,480.0,341.814161
,2022-01-26,64004.0,VCSA EDEALINA,Autoprodutor,SUDESTE,480.0,312.421009
,2022-01-27,64004.0,VCSA EDEALINA,Autoprodutor,SUDESTE,480.0,404.007493
,2022-01-28,64004.0,VCSA EDEALINA,Autoprodutor,SUDESTE,480.0,364.025562
,2022-01-29,64004.0,VCSA EDEALINA,Autoprodutor,SUDESTE,480.0,440.632451
,2022-01-30,64004.0,VCSA EDEALINA,Autoprodutor,SUDESTE,480.0,386.936041
,2022-01-31,64004.0,VCSA EDEALINA,Autoprodutor,SUDESTE,480.0,265.296577
,2022-02-01,64004.0,VCSA EDEALINA,Autoprodutor,SUDESTE,480.0,382.60393
,2022-02-02,64004.0,VCSA EDEALINA,Autoprodutor,SUDESTE,480.0,387.778191
,2022-02-03,64004.0,VCSA EDEALINA,Autoprodutor,SUDESTE,480.0,173.165087
,2022-02-04,64004.0,VCSA EDEALINA,Autoprodutor,SUDESTE,480.0,73.213511
,2022-02-05,64004.0,VCSA EDEALINA,Autoprodutor,SUDESTE,480.0,152.016309
,2022-02-06,64004.0,VCSA EDEALINA,Autoprodutor,SUDESTE,480.0,90.149063
,2022-02-07,64004.0,VCSA EDEALINA,Autoprodutor,SUDESTE,480.0,22.143696
,2022-02-08,64004.0,VCSA EDEALINA,Autoprodutor,SUDESTE,480.0,131.310385
,2022-02-09,64004.0,VCSA EDEALINA,Autoprodutor,SUDESTE,480.0,135.479118
,2022-02-10,64004.0,VCSA EDEALINA,Autoprodutor,SUDESTE,480.0,124.171291
,2022-02-11,64004.0,VCSA EDEALINA,Autoprodutor,SUDESTE,480.0,78.250873
,2022-02-12,64004.0,VCSA EDEALINA,Autoprodutor,SUDESTE,480.0,124.441177
,2022-02-13,64004.0,VCSA EDEALINA,Autoprodutor,SUDESTE,480.0,121.837946
,2022-02-14,64004.0,VCSA EDEALINA,Autoprodutor,SUDESTE,480.0,24.667647
,2022-02-15,64004.0,VCSA EDEALINA,Autoprodutor,SUDESTE,480.0,122.533001
,2022-02-16,64004.0,VCSA EDEALINA,Autoprodutor,SUDESTE,480.0,152.815933
,2022-02-17,64004.0,VCSA EDEALINA,Autoprodutor,SUDESTE,480.0,95.49847
,2022-02-18,64004.0,VCSA EDEALINA,Autoprodutor,SUDESTE,480.0,152.908013
,2022-02-19,64004.0,VCSA EDEALINA,Autoprodutor,SUDESTE,480.0,150.903198
,2022-02-20,64004.0,VCSA EDEALINA,Autoprodutor,SUDESTE,480.0,53.353827
,2022-02-21,64004.0,VCSA EDEALINA,Autoprodutor,SUDESTE,480.0,24.351067
,2022-02-22,64004.0,VCSA EDEALINA,Autoprodutor,SUDESTE,480.0,141.504575
,2022-02-23,64004.0,VCSA EDEALINA,Autoprodutor,SUDESTE,480.0,146.117521
,2022-02-24,64004.0,VCSA EDEALINA,Autoprodutor,SUDESTE,480.0,86.583186
,2022-02-25,64004.0,VCSA EDEALINA,Autoprodutor,SUDESTE,480.0,146.877692
,2022-02-26,64004.0,VCSA EDEALINA,Autoprodutor,SUDESTE,480.0,146.09372100000002
,2022-02-27,64004.0,VCSA EDEALINA,Autoprodutor,SUDESTE,480.0,20.762271
,2022-02-28,64004.0,VCSA EDEALINA,Autoprodutor,SUDESTE,480.0,14.662266
,2022-03-01,64004.0,VCSA EDEALINA,Autoprodutor,SUDESTE,480.0,15.757253
,2022-03-02,64004.0,VCSA EDEALINA,Autoprodutor,SUDESTE,480.0,143.630625
,2022-03-03,64004.0,VCSA EDEALINA,Autoprodutor,SUDESTE,480.0,95.095533
,2022-03-04,64004.0,VCSA EDEALINA,Autoprodutor,SUDESTE,480.0,90.984519
,2022-03-05,64004.0,VCSA EDEALINA,Autoprodutor,SUDESTE,480.0,153.235488
,2022-03-06,64004.0,VCSA EDEALINA,Autoprodutor,SUDESTE,480.0,104.82195
,2022-03-07,64004.0,VCSA EDEALINA,Autoprodutor,SUDESTE,480.0,23.588049
,2022-03-08,64004.0,VCSA EDEALINA,Autoprodutor,SUDESTE,480.0,125.628906
,2022-03-09,64004.0,VCSA EDEALINA,Autoprodutor,SUDESTE,480.0,77.932322
,2022-03-10,64004.0,VCSA EDEALINA,Autoprodutor,SUDESTE,480.0,139.250803
,2022-03-11,64004.0,VCSA EDEALINA,Autoprodutor,SUDESTE,480.0,252.51478
,2022-03-12,64004.0,VCSA EDEALINA,Autoprodutor,SUDESTE,480.0,363.29051
,2022-03-13,64004.0,VCSA EDEALINA,Autoprodutor,SUDESTE,480.0,324.571154
,2022-03-14,64004.0,VCSA EDEALINA,Autoprodutor,SUDESTE,480.0,335.425632
,2022-03-15,64004.0,VCSA EDEALINA,Autoprodutor,SUDESTE,480.0,356.835961
,2022-03-16,64004.0,VCSA EDEALINA,Autoprodutor,SUDESTE,480.0,425.466403
,2022-03-17,64004.0,VCSA EDEALINA,Autoprodutor,SUDESTE,480.0,436.591729
,2022-03-18,64004.0,VCSA EDEALINA,Autoprodutor,SUDESTE,480.0,385.700267
,2022-03-19,64004.0,VCSA EDEALINA,Autoprodutor,SUDESTE,480.0,444.939198
,2022-03-20,64004.0,VCSA EDEALINA,Autoprodutor,SUDESTE,480.0,301.370042
,2022-03-21,64004.0,VCSA EDEALINA,Autoprodutor,SUDESTE,480.0,231.136523
,2022-03-22,64004.0,VCSA EDEALINA,Autoprodutor,SUDESTE,480.0,295.019609
,2022-03-23,64004.0,VCSA EDEALINA,Autoprodutor,SUDESTE,480.0,356.539613
,2022-03-24,64004.0,VCSA EDEALINA,Autoprodutor,SUDESTE,480.0,378.853332
,2022-03-25,64004.0,VCSA EDEALINA,Autoprodutor,SUDESTE,480.0,420.653735
,2022-03-26,64004.0,VCSA EDEALINA,Autoprodutor,SUDESTE,480.0,306.969717
,2022-03-27,64004.0,VCSA EDEALINA,Autoprodutor,SUDESTE,480.0,269.445201
,2022-03-28,64004.0,VCSA EDEALINA,Autoprodutor,SUDESTE,480.0,265.584066
,2022-03-29,64004.0,VCSA EDEALINA,Autoprodutor,SUDESTE,480.0,282.611156
,2022-03-30,64004.0,VCSA EDEALINA,Autoprodutor,SUDESTE,480.0,432.785642
,2022-03-31,64004.0,VCSA EDEALINA,Autoprodutor,SUDESTE,480.0,427.204235
,2022-04-01,64004.0,VCSA EDEALINA,Autoprodutor,SUDESTE,480.0,413.408513
,2022-04-02,64004.0,VCSA EDEALINA,Autoprodutor,SUDESTE,480.0,424.170608
,2022-04-03,64004.0,VCSA EDEALINA,Autoprodutor,SUDESTE,480.0,366.583377
,2022-04-04,64004.0,VCSA EDEALINA,Autoprodutor,SUDESTE,480.0,277.096056
,2022-04-05,64004.0,VCSA EDEALINA,Autoprodutor,SUDESTE,480.0,204.589926
,2022-04-06,64004.0,VCSA EDEALINA,Autoprodutor,SUDESTE,480.0,157.529352
,2022-04-07,64004.0,VCSA EDEALINA,Autoprodutor,SUDESTE,480.0,144.538533
,2022-04-08,64004.0,VCSA EDEALINA,Autoprodutor,SUDESTE,480.0,153.88949
,2022-04-09,64004.0,VCSA EDEALINA,Autoprodutor,SUDESTE,480.0,149.76729
,2022-04-10,64004.0,VCSA EDEALINA,Autoprodutor,SUDESTE,480.0,101.09128
,2022-04-11,64004.0,VCSA EDEALINA,Autoprodutor,SUDESTE,480.0,21.420473
,2022-04-12,64004.0,VCSA EDEALINA,Autoprodutor,SUDESTE,480.0,83.353854
,2022-04-13,64004.0,VCSA EDEALINA,Autoprodutor,SUDESTE,480.0,140.546393
,2022-04-14,64004.0,VCSA EDEALINA,Autoprodutor,SUDESTE,480.0,128.574722
,2022-04-15,64004.0,VCSA EDEALINA,Autoprodutor,SUDESTE,480.0,121.077876
,2022-04-16,64004.0,VCSA EDEALINA,Autoprodutor,SUDESTE,480.0,136.20499999999998
,2022-04-17,64004.0,VCSA EDEALINA,Autoprodutor,SUDESTE,480.0,46.293942
,2022-04-18,64004.0,VCSA EDEALINA,Autoprodutor,SUDESTE,480.0,17.19859
,2022-04-19,64004.0,VCSA EDEALINA,Autoprodutor,SUDESTE,480.0,78.280672
,2022-04-20,64004.0,VCSA EDEALINA,Autoprodutor,SUDESTE,480.0,139.581515
,2022-04-21,64004.0,VCSA EDEALINA,Autoprodutor,SUDESTE,480.0,136.150784
,2022-04-22,64004.0,VCSA EDEALINA,Autoprodutor,SUDESTE,480.0,139.678115
,2022-04-23,64004.0,VCSA EDEALINA,Autoprodutor,SUDESTE,480.0,138.768375
,2022-04-24,64004.0,VCSA EDEALINA,Autoprodutor,SUDESTE,480.0,81.50086
,2022-04-25,64004.0,VCSA EDEALINA,Autoprodutor,SUDESTE,480.0,27.212987
,2022-04-26,64004.0,VCSA EDEALINA,Autoprodutor,SUDESTE,480.0,159.793645
,2022-04-27,64004.0,VCSA EDEALINA,Autoprodutor,SUDESTE,480.0,175.561248
,2022-04-28,64004.0,VCSA EDEALINA,Autoprodutor,SUDESTE,480.0,258.296483
,2022-04-29,64004.0,VCSA EDEALINA,Autoprodutor,SUDESTE,480.0,405.89258
,2022-04-30,64004.0,VCSA EDEALINA,Autoprodutor,SUDESTE,480.0,304.043146
,2022-05-01,64004.0,VCSA EDEALINA,Autoprodutor,SUDESTE,480.0,357.23164
,2022-05-02,64004.0,VCSA EDEALINA,Autoprodutor,SUDESTE,480.0,265.556181
,2022-05-03,64004.0,VCSA EDEALINA,Autoprodutor,SUDESTE,480.0,313.994075
,2022-05-04,64004.0,VCSA EDEALINA,Autoprodutor,SUDESTE,480.0,395.736552
,2022-05-05,64004.0,VCSA EDEALINA,Autoprodutor,SUDESTE,480.0,376.037231
,2022-05-06,64004.0,VCSA EDEALINA,Autoprodutor,SUDESTE,480.0,364.688785
,2022-05-07,64004.0,VCSA EDEALINA,Autoprodutor,SUDESTE,480.0,362.144369
,2022-05-08,64004.0,VCSA EDEALINA,Autoprodutor,SUDESTE,480.0,356.496183
,2022-05-09,64004.0,VCSA EDEALINA,Autoprodutor,SUDESTE,480.0,265.468418
,2022-05-10,64004.0,VCSA EDEALINA,Autoprodutor,SUDESTE,480.0,314.885639
,2022-05-11,64004.0,VCSA EDEALINA,Autoprodutor,SUDESTE,480.0,413.963479
,2022-05-12,64004.0,VCSA EDEALINA,Autoprodutor,SUDESTE,480.0,395.732526
,2022-05-13,64004.0,VCSA EDEALINA,Autoprodutor,SUDESTE,480.0,342.982883
,2022-05-14,64004.0,VCSA EDEALINA,Autoprodutor,SUDESTE,480.0,444.201088
,2022-05-15,64004.0,VCSA EDEALINA,Autoprodutor,SUDESTE,480.0,369.33696
,2022-05-16,64004.0,VCSA EDEALINA,Autoprodutor,SUDESTE,480.0,304.042059
,2022-05-17,64004.0,VCSA EDEALINA,Autoprodutor,SUDESTE,480.0,316.514553
,2022-05-18,64004.0,VCSA EDEALINA,Autoprodutor,SUDESTE,480.0,389.479401
,2022-05-19,64004.0,VCSA EDEALINA,Autoprodutor,SUDESTE,480.0,290.832689
,2022-05-20,64004.0,VCSA EDEALINA,Autoprodutor,SUDESTE,480.0,384.900027
,2022-05-21,64004.0,VCSA EDEALINA,Autoprodutor,SUDESTE,480.0,370.150446
,2022-05-22,64004.0,VCSA EDEALINA,Autoprodutor,SUDESTE,480.0,359.375894
,2022-05-23,64004.0,VCSA EDEALINA,Autoprodutor,SUDESTE,480.0,295.418813
,2022-05-24,64004.0,VCSA EDEALINA,Autoprodutor,SUDESTE,480.0,333.353025
,2022-05-25,64004.0,VCSA EDEALINA,Autoprodutor,SUDESTE,480.0,274.363916
,2022-05-26,64004.0,VCSA EDEALINA,Autoprodutor,SUDESTE,480.0,151.773209
,2022-05-27,64004.0,VCSA EDEALINA,Autoprodutor,SUDESTE,480.0,72.794592
,2022-05-28,64004.0,VCSA EDEALINA,Autoprodutor,SUDESTE,480.0,130.45904000000002
,2022-05-29,64004.0,VCSA EDEALINA,Autoprodutor,SUDESTE,480.0,105.927349
,2022-05-30,64004.0,VCSA EDEALINA,Autoprodutor,SUDESTE,480.0,57.070484
,2022-05-31,64004.0,VCSA EDEALINA,Autoprodutor,SUDESTE,480.0,135.530838
,2022-06-01,64004.0,VCSA EDEALINA,Autoprodutor,SUDESTE,480.0,103.637607
,2022-06-02,64004.0,VCSA EDEALINA,Autoprodutor,SUDESTE,480.0,130.597119
,2022-06-03,64004.0,VCSA EDEALINA,Autoprodutor,SUDESTE,480.0,127.758057
,2022-06-04,64004.0,VCSA EDEALINA,Autoprodutor,SUDESTE,480.0,125.566248
,2022-06-05,64004.0,VCSA EDEALINA,Autoprodutor,SUDESTE,480.0,30.085896
,2022-06-06,64004.0,VCSA EDEALINA,Autoprodutor,SUDESTE,480.0,16.496103
,2022-06-07,64004.0,VCSA EDEALINA,Autoprodutor,SUDESTE,480.0,16.349231
,2022-06-08,64004.0,VCSA EDEALINA,Autoprodutor,SUDESTE,480.0,16.013486
,2022-06-09,64004.0,VCSA EDEALINA,Autoprodutor,SUDESTE,480.0,122.348756
,2022-06-10,64004.0,VCSA EDEALINA,Autoprodutor,SUDESTE,480.0,134.169829
,2022-06-11,64004.0,VCSA EDEALINA,Autoprodutor,SUDESTE,480.0,139.58674200000002
,2022-06-12,64004.0,VCSA EDEALINA,Autoprodutor,SUDESTE,480.0,125.099419
,2022-06-13,64004.0,VCSA EDEALINA,Autoprodutor,SUDESTE,480.0,139.844469
,2022-06-14,64004.0,VCSA EDEALINA,Autoprodutor,SUDESTE,480.0,136.320105
,2022-06-15,64004.0,VCSA EDEALINA,Autoprodutor,SUDESTE,480.0,41.723421
,2022-06-16,64004.0,VCSA EDEALINA,Autoprodutor,SUDESTE,480.0,95.348738
,2022-06-17,64004.0,VCSA EDEALINA,Autoprodutor,SUDESTE,480.0,139.207247
,2022-06-18,64004.0,VCSA EDEALINA,Autoprodutor,SUDESTE,480.0,75.04583
,2022-06-19,64004.0,VCSA EDEALINA,Autoprodutor,SUDESTE,480.0,121.676884
,2022-06-20,64004.0,VCSA EDEALINA,Autoprodutor,SUDESTE,480.0,75.142614
,2022-06-21,64004.0,VCSA EDEALINA,Autoprodutor,SUDESTE,480.0,237.725645
,2022-06-22,64004.0,VCSA EDEALINA,Autoprodutor,SUDESTE,480.0,404.678425
,2022-06-23,64004.0,VCSA EDEALINA,Autoprodutor,SUDESTE,480.0,369.035197
,2022-06-24,64004.0,VCSA EDEALINA,Autoprodutor,SUDESTE,480.0,349.217328
,2022-06-25,64004.0,VCSA EDEALINA,Autoprodutor,SUDESTE,480.0,429.567687
,2022-06-26,64004.0,VCSA EDEALINA,Autoprodutor,SUDESTE,480.0,358.702624
,2022-06-27,64004.0,VCSA EDEALINA,Autoprodutor,SUDESTE,480.0,356.170894
,2022-06-28,64004.0,VCSA EDEALINA,Autoprodutor,SUDESTE,480.0,367.074052
,2022-06-29,64004.0,VCSA EDEALINA,Autoprodutor,SUDESTE,480.0,403.633781
,2022-06-30,64004.0,VCSA EDEALINA,Autoprodutor,SUDESTE,480.0,357.686458
,2022-07-01,64004.0,VCSA EDEALINA,Autoprodutor,SUDESTE,480.0,331.748569
,2022-07-02,64004.0,VCSA EDEALINA,Autoprodutor,SUDESTE,480.0,284.13699
,2022-07-03,64004.0,VCSA EDEALINA,Autoprodutor,SUDESTE,480.0,364.85262
,2022-07-04,64004.0,VCSA EDEALINA,Autoprodutor,SUDESTE,480.0,311.84990700000003
,2022-07-05,64004.0,VCSA EDEALINA,Autoprodutor,SUDESTE,480.0,401.493723
,2022-07-06,64004.0,VCSA EDEALINA,Autoprodutor,SUDESTE,480.0,345.400557
,2022-07-07,64004.0,VCSA EDEALINA,Autoprodutor,SUDESTE,480.0,401.556711
,2022-07-08,64004.0,VCSA EDEALINA,Autoprodutor,SUDESTE,480.0,356.866006
,2022-07-09,64004.0,VCSA EDEALINA,Autoprodutor,SUDESTE,480.0,342.492133
,2022-07-10,64004.0,VCSA EDEALINA,Autoprodutor,SUDESTE,480.0,235.134994
,2022-07-11,64004.0,VCSA EDEALINA,Autoprodutor,SUDESTE,480.0,323.537395
,2022-07-12,64004.0,VCSA EDEALINA,Autoprodutor,SUDESTE,480.0,385.768308
,2022-07-13,64004.0,VCSA EDEALINA,Autoprodutor,SUDESTE,480.0,403.452466
,2022-07-14,64004.0,VCSA EDEALINA,Autoprodutor,SUDESTE,480.0,358.120441
,2022-07-15,64004.0,VCSA EDEALINA,Autoprodutor,SUDESTE,480.0,394.964722
,2022-07-16,64004.0,VCSA EDEALINA,Autoprodutor,SUDESTE,480.0,395.111273
,2022-07-17,64004.0,VCSA EDEALINA,Autoprodutor,SUDESTE,480.0,301.273157
,2022-07-18,64004.0,VCSA EDEALINA,Autoprodutor,SUDESTE,480.0,300.031077
,2022-07-19,64004.0,VCSA EDEALINA,Autoprodutor,SUDESTE,480.0,397.890378
,2022-07-20,64004.0,VCSA EDEALINA,Autoprodutor,SUDESTE,480.0,385.466681
,2022-07-21,64004.0,VCSA EDEALINA,Autoprodutor,SUDESTE,480.0,363.943499
,2022-07-22,64004.0,VCSA EDEALINA,Autoprodutor,SUDESTE,480.0,406.373014
,2022-07-23,64004.0,VCSA EDEALINA,Autoprodutor,SUDESTE,480.0,398.043329
,2022-07-24,64004.0,VCSA EDEALINA,Autoprodutor,SUDESTE,480.0,332.485641
,2022-07-25,64004.0,VCSA EDEALINA,Autoprodutor,SUDESTE,480.0,268.783834
,2022-07-26,64004.0,VCSA EDEALINA,Autoprodutor,SUDESTE,480.0,380.382546
,2022-07-27,64004.0,VCSA EDEALINA,Autoprodutor,SUDESTE,480.0,392.900681
,2022-07-28,64004.0,VCSA EDEALINA,Autoprodutor,SUDESTE,480.0,319.089573
,2022-07-29,64004.0,VCSA EDEALINA,Autoprodutor,SUDESTE,480.0,423.06255
,2022-07-30,64004.0,VCSA EDEALINA,Autoprodutor,SUDESTE,480.0,362.496962
,2022-07-31,64004.0,VCSA EDEALINA,Autoprodutor,SUDESTE,480.0,187.24679
,2022-08-01,64004.0,VCSA EDEALINA,Autoprodutor,SUDESTE,480.0,36.086949
,2022-08-02,64004.0,VCSA EDEALINA,Autoprodutor,SUDESTE,480.0,126.686793
,2022-08-03,64004.0,VCSA EDEALINA,Autoprodutor,SUDESTE,480.0,136.081865
,2022-08-04,64004.0,VCSA EDEALINA,Autoprodutor,SUDESTE,480.0,52.01768
,2022-08-05,64004.0,VCSA EDEALINA,Autoprodutor,SUDESTE,480.0,138.061821
,2022-08-06,64004.0,VCSA EDEALINA,Autoprodutor,SUDESTE,480.0,127.184914
,2022-08-07,64004.0,VCSA EDEALINA,Autoprodutor,SUDESTE,480.0,53.93534
,2022-08-08,64004.0,VCSA EDEALINA,Autoprodutor,SUDESTE,480.0,19.01836
,2022-08-09,64004.0,VCSA EDEALINA,Autoprodutor,SUDESTE,480.0,129.112845
,2022-08-10,64004.0,VCSA EDEALINA,Autoprodutor,SUDESTE,480.0,136.534488
,2022-08-11,64004.0,VCSA EDEALINA,Autoprodutor,SUDESTE,480.0,83.06821
,2022-08-12,64004.0,VCSA EDEALINA,Autoprodutor,SUDESTE,480.0,129.343215
,2022-08-13,64004.0,VCSA EDEALINA,Autoprodutor,SUDESTE,480.0,138.348852
,2022-08-14,64004.0,VCSA EDEALINA,Autoprodutor,SUDESTE,480.0,37.167701
,2022-08-15,64004.0,VCSA EDEALINA,Autoprodutor,SUDESTE,480.0,21.391313
,2022-08-16,64004.0,VCSA EDEALINA,Autoprodutor,SUDESTE,480.0,104.949722
,2022-08-17,64004.0,VCSA EDEALINA,Autoprodutor,SUDESTE,480.0,147.984509
,2022-08-18,64004.0,VCSA EDEALINA,Autoprodutor,SUDESTE,480.0,137.694609
,2022-08-19,64004.0,VCSA EDEALINA,Autoprodutor,SUDESTE,480.0,148.14319
,2022-08-20,64004.0,VCSA EDEALINA,Autoprodutor,SUDESTE,480.0,153.85773
,2022-08-21,64004.0,VCSA EDEALINA,Autoprodutor,SUDESTE,480.0,112.75105
,2022-08-22,64004.0,VCSA EDEALINA,Autoprodutor,SUDESTE,480.0,35.329078
,2022-08-23,64004.0,VCSA EDEALINA,Autoprodutor,SUDESTE,480.0,88.732432
,2022-08-24,64004.0,VCSA EDEALINA,Autoprodutor,SUDESTE,480.0,140.732596
,2022-08-25,64004.0,VCSA EDEALINA,Autoprodutor,SUDESTE,480.0,145.864806
,2022-08-26,64004.0,VCSA EDEALINA,Autoprodutor,SUDESTE,480.0,60.704884
,2022-08-27,64004.0,VCSA EDEALINA,Autoprodutor,SUDESTE,480.0,222.147002
,2022-08-28,64004.0,VCSA EDEALINA,Autoprodutor,SUDESTE,480.0,371.54997
,2022-08-29,64004.0,VCSA EDEALINA,Autoprodutor,SUDESTE,480.0,418.281012
,2022-08-30,64004.0,VCSA EDEALINA,Autoprodutor,SUDESTE,480.0,350.587886
,2022-08-31,64004.0,VCSA EDEALINA,Autoprodutor,SUDESTE,480.0,343.736582
,2022-09-01,64004.0,VCSA EDEALINA,Autoprodutor,SUDESTE,480.0,241.523645
,2022-09-02,64004.0,VCSA EDEALINA,Autoprodutor,SUDESTE,480.0,164.983731
,2022-09-03,64004.0,VCSA EDEALINA,Autoprodutor,SUDESTE,480.0,199.440812
,2022-09-04,64004.0,VCSA EDEALINA,Autoprodutor,SUDESTE,480.0,330.546422
,2022-09-05,64004.0,VCSA EDEALINA,Autoprodutor,SUDESTE,480.0,262.174474
,2022-09-06,64004.0,VCSA EDEALINA,Autoprodutor,SUDESTE,480.0,381.920152
,2022-09-07,64004.0,VCSA EDEALINA,Autoprodutor,SUDESTE,480.0,325.30789
,2022-09-08,64004.0,VCSA EDEALINA,Autoprodutor,SUDESTE,480.0,241.157783
,2022-09-09,64004.0,VCSA EDEALINA,Autoprodutor,SUDESTE,480.0,369.092672
,2022-09-10,64004.0,VCSA EDEALINA,Autoprodutor,SUDESTE,480.0,372.431472
,2022-09-11,64004.0,VCSA EDEALINA,Autoprodutor,SUDESTE,480.0,274.231006
,2022-09-12,64004.0,VCSA EDEALINA,Autoprodutor,SUDESTE,480.0,255.14134
,2022-09-13,64004.0,VCSA EDEALINA,Autoprodutor,SUDESTE,480.0,340.393844
,2022-09-14,64004.0,VCSA EDEALINA,Autoprodutor,SUDESTE,480.0,352.14075
,2022-09-15,64004.0,VCSA EDEALINA,Autoprodutor,SUDESTE,480.0,389.867103
,2022-09-16,64004.0,VCSA EDEALINA,Autoprodutor,SUDESTE,480.0,311.521349
,2022-09-17,64004.0,VCSA EDEALINA,Autoprodutor,SUDESTE,480.0,385.458384
,2022-09-18,64004.0,VCSA EDEALINA,Autoprodutor,SUDESTE,480.0,325.026853
,2022-09-19,64004.0,VCSA EDEALINA,Autoprodutor,SUDESTE,480.0,283.75525
,2022-09-20,64004.0,VCSA EDEALINA,Autoprodutor,SUDESTE,480.0,386.521146
,2022-09-21,64004.0,VCSA EDEALINA,Autoprodutor,SUDESTE,480.0,347.914236
,2022-09-22,64004.0,VCSA EDEALINA,Autoprodutor,SUDESTE,480.0,413.599322
,2022-09-23,64004.0,VCSA EDEALINA,Autoprodutor,SUDESTE,480.0,346.313088
,2022-09-24,64004.0,VCSA EDEALINA,Autoprodutor,SUDESTE,480.0,419.158817
,2022-09-25,64004.0,VCSA EDEALINA,Autoprodutor,SUDESTE,480.0,287.622448
,2022-09-26,64004.0,VCSA EDEALINA,Autoprodutor,SUDESTE,480.0,300.399213
,2022-09-27,64004.0,VCSA EDEALINA,Autoprodutor,SUDESTE,480.0,400.488251
,2022-09-28,64004.0,VCSA EDEALINA,Autoprodutor,SUDESTE,480.0,226.001381
,2022-09-29,64004.0,VCSA EDEALINA,Autoprodutor,SUDESTE,480.0,376.729523
,2022-09-30,64004.0,VCSA EDEALINA,Autoprodutor,SUDESTE,480.0,387.356859
,2022-10-01,64004.0,VCSA EDEALINA,Autoprodutor,SUDESTE,480.0,411.268705
,2022-10-02,64004.0,VCSA EDEALINA,Autoprodutor,SUDESTE,480.0,335.421131
,2022-10-03,64004.0,VCSA EDEALINA,Autoprodutor,SUDESTE,480.0,281.886491
,2022-10-04,64004.0,VCSA EDEALINA,Autoprodutor,SUDESTE,480.0,392.4999
,2022-10-05,64004.0,VCSA EDEALINA,Autoprodutor,SUDESTE,480.0,342.638083
,2022-10-06,64004.0,VCSA EDEALINA,Autoprodutor,SUDESTE,480.0,157.247843
,2022-10-07,64004.0,VCSA EDEALINA,Autoprodutor,SUDESTE,480.0,145.94624
,2022-10-08,64004.0,VCSA EDEALINA,Autoprodutor,SUDESTE,480.0,114.03837
,2022-10-09,64004.0,VCSA EDEALINA,Autoprodutor,SUDESTE,480.0,38.081044
,2022-10-10,64004.0,VCSA EDEALINA,Autoprodutor,SUDESTE,480.0,43.522418
,2022-10-11,64004.0,VCSA EDEALINA,Autoprodutor,SUDESTE,480.0,132.948449
,2022-10-12,64004.0,VCSA EDEALINA,Autoprodutor,SUDESTE,480.0,135.423142
,2022-10-13,64004.0,VCSA EDEALINA,Autoprodutor,SUDESTE,480.0,65.106692
,2022-10-14,64004.0,VCSA EDEALINA,Autoprodutor,SUDESTE,480.0,151.998549
,2022-10-15,64004.0,VCSA EDEALINA,Autoprodutor,SUDESTE,480.0,82.493781
,2022-10-16,64004.0,VCSA EDEALINA,Autoprodutor,SUDESTE,480.0,64.276078
,2022-10-17,64004.0,VCSA EDEALINA,Autoprodutor,SUDESTE,480.0,41.483566
,2022-10-18,64004.0,VCSA EDEALINA,Autoprodutor,SUDESTE,480.0,132.395342
,2022-10-19,64004.0,VCSA EDEALINA,Autoprodutor,SUDESTE,480.0,135.228464
,2022-10-20,64004.0,VCSA EDEALINA,Autoprodutor,SUDESTE,480.0,142.97392
,2022-10-21,64004.0,VCSA EDEALINA,Autoprodutor,SUDESTE,480.0,83.39934
,2022-10-22,64004.0,VCSA EDEALINA,Autoprodutor,SUDESTE,480.0,149.438461
,2022-10-23,64004.0,VCSA EDEALINA,Autoprodutor,SUDESTE,480.0,58.618193
,2022-10-24,64004.0,VCSA EDEALINA,Autoprodutor,SUDESTE,480.0,50.665853
,2022-10-25,64004.0,VCSA EDEALINA,Autoprodutor,SUDESTE,480.0,137.704154
,2022-10-26,64004.0,VCSA EDEALINA,Autoprodutor,SUDESTE,480.0,82.81326899999999
,2022-10-27,64004.0,VCSA EDEALINA,Autoprodutor,SUDESTE,480.0,155.446789
,2022-10-28,64004.0,VCSA EDEALINA,Autoprodutor,SUDESTE,480.0,267.105947
,2022-10-29,64004.0,VCSA EDEALINA,Autoprodutor,SUDESTE,480.0,411.06496
,2022-10-30,64004.0,VCSA EDEALINA,Autoprodutor,SUDESTE,480.0,281.588358
,2022-10-31,64004.0,VCSA EDEALINA,Autoprodutor,SUDESTE,480.0,214.79585
,2022-11-01,64004.0,VCSA EDEALINA,Autoprodutor,SUDESTE,480.0,364.01511
,2022-11-02,64004.0,VCSA EDEALINA,Autoprodutor,SUDESTE,480.0,313.315922
,2022-11-03,64004.0,VCSA EDEALINA,Autoprodutor,SUDESTE,480.0,327.019278
,2022-11-04,64004.0,VCSA EDEALINA,Autoprodutor,SUDESTE,480.0,318.89092600000004
,2022-11-05,64004.0,VCSA EDEALINA,Autoprodutor,SUDESTE,480.0,363.38917
,2022-11-06,64004.0,VCSA EDEALINA,Autoprodutor,SUDESTE,480.0,295.668196
,2022-11-07,64004.0,VCSA EDEALINA,Autoprodutor,SUDESTE,480.0,301.519689
,2022-11-08,64004.0,VCSA EDEALINA,Autoprodutor,SUDESTE,480.0,400.605954
,2022-11-09,64004.0,VCSA EDEALINA,Autoprodutor,SUDESTE,480.0,339.14987
,2022-11-10,64004.0,VCSA EDEALINA,Autoprodutor,SUDESTE,480.0,336.05938
,2022-11-11,64004.0,VCSA EDEALINA,Autoprodutor,SUDESTE,480.0,372.550506
,2022-11-12,64004.0,VCSA EDEALINA,Autoprodutor,SUDESTE,480.0,386.076873
,2022-11-13,64004.0,VCSA EDEALINA,Autoprodutor,SUDESTE,480.0,316.279838
,2022-11-14,64004.0,VCSA EDEALINA,Autoprodutor,SUDESTE,480.0,284.971158
,2022-11-15,64004.0,VCSA EDEALINA,Autoprodutor,SUDESTE,480.0,368.576778
,2022-11-16,64004.0,VCSA EDEALINA,Autoprodutor,SUDESTE,480.0,310.780547
,2022-11-17,64004.0,VCSA EDEALINA,Autoprodutor,SUDESTE,480.0,340.833398
,2022-11-18,64004.0,VCSA EDEALINA,Autoprodutor,SUDESTE,480.0,263.92559
,2022-11-19,64004.0,VCSA EDEALINA,Autoprodutor,SUDESTE,480.0,218.717159
,2022-11-20,64004.0,VCSA EDEALINA,Autoprodutor,SUDESTE,480.0,310.380854
,2022-11-21,64004.0,VCSA EDEALINA,Autoprodutor,SUDESTE,480.0,301.890848
,2022-11-22,64004.0,VCSA EDEALINA,Autoprodutor,SUDESTE,480.0,365.722515
,2022-11-23,64004.0,VCSA EDEALINA,Autoprodutor,SUDESTE,480.0,280.445654
,2022-11-24,64004.0,VCSA EDEALINA,Autoprodutor,SUDESTE,480.0,359.388745
,2022-11-25,64004.0,VCSA EDEALINA,Autoprodutor,SUDESTE,480.0,405.311843
,2022-11-26,64004.0,VCSA EDEALINA,Autoprodutor,SUDESTE,480.0,307.858655
,2022-11-27,64004.0,VCSA EDEALINA,Autoprodutor,SUDESTE,480.0,323.910952
,2022-11-28,64004.0,VCSA EDEALINA,Autoprodutor,SUDESTE,480.0,112.425621
,2022-11-29,64004.0,VCSA EDEALINA,Autoprodutor,SUDESTE,480.0,129.791626
,2022-11-30,64004.0,VCSA EDEALINA,Autoprodutor,SUDESTE,480.0,98.134969
,2022-12-01,64004.0,VCSA EDEALINA,Autoprodutor,SUDESTE,480.0,126.304505
,2022-12-02,64004.0,VCSA EDEALINA,Autoprodutor,SUDESTE,480.0,125.597899
,2022-12-03,64004.0,VCSA EDEALINA,Autoprodutor,SUDESTE,480.0,131.916122
,2022-12-04,64004.0,VCSA EDEALINA,Autoprodutor,SUDESTE,480.0,124.371518
,2022-12-05,64004.0,VCSA EDEALINA,Autoprodutor,SUDESTE,480.0,48.798929
,2022-12-06,64004.0,VCSA EDEALINA,Autoprodutor,SUDESTE,480.0,138.6337
,2022-12-07,64004.0,VCSA EDEALINA,Autoprodutor,SUDESTE,480.0,85.416622
,2022-12-08,64004.0,VCSA EDEALINA,Autoprodutor,SUDESTE,480.0,129.673686
,2022-12-09,64004.0,VCSA EDEALINA,Autoprodutor,SUDESTE,480.0,119.589964
,2022-12-10,64004.0,VCSA EDEALINA,Autoprodutor,SUDESTE,480.0,122.27407
,2022-12-11,64004.0,VCSA EDEALINA,Autoprodutor,SUDESTE,480.0,30.876894
,2022-12-12,64004.0,VCSA EDEALINA,Autoprodutor,SUDESTE,480.0,18.785777
,2022-12-13,64004.0,VCSA EDEALINA,Autoprodutor,SUDESTE,480.0,16.453715
,2022-12-14,64004.0,VCSA EDEALINA,Autoprodutor,SUDESTE,480.0,83.949354
,2022-12-15,64004.0,VCSA EDEALINA,Autoprodutor,SUDESTE,480.0,131.822329
,2022-12-16,64004.0,VCSA EDEALINA,Autoprodutor,SUDESTE,480.0,133.198679
,2022-12-17,64004.0,VCSA EDEALINA,Autoprodutor,SUDESTE,480.0,131.551883
,2022-12-18,64004.0,VCSA EDEALINA,Autoprodutor,SUDESTE,480.0,67.461004
,2022-12-19,64004.0,VCSA EDEALINA,Autoprodutor,SUDESTE,480.0,16.687095
,2022-12-20,64004.0,VCSA EDEALINA,Autoprodutor,SUDESTE,480.0,122.454539
,2022-12-21,64004.0,VCSA EDEALINA,Autoprodutor,SUDESTE,480.0,46.814145
,2022-12-22,64004.0,VCSA EDEALINA,Autoprodutor,SUDESTE,480.0,117.565065
,2022-12-23,64004.0,VCSA EDEALINA,Autoprodutor,SUDESTE,480.0,132.402532
,2022-12-24,64004.0,VCSA EDEALINA,Autoprodutor,SUDESTE,480.0,54.33317
,2022-12-25,64004.0,VCSA EDEALINA,Autoprodutor,SUDESTE,480.0,11.005657
,2022-12-26,64004.0,VCSA EDEALINA,Autoprodutor,SUDESTE,480.0,34.746432
,2022-12-27,64004.0,VCSA EDEALINA,Autoprodutor,SUDESTE,480.0,133.536651
,2022-12-28,64004.0,VCSA EDEALINA,Autoprodutor,SUDESTE,480.0,30.273276
,2022-12-29,64004.0,VCSA EDEALINA,Autoprodutor,SUDESTE,480.0,136.901872
,2022-12-30,64004.0,VCSA EDEALINA,Autoprodutor,SUDESTE,480.0,138.062539
,2022-12-31,64004.0,VCSA EDEALINA,Autoprodutor,SUDESTE,480.0,69.36099
,2023-01-01,64004.0,VCSA EDEALINA,Autoprodutor,SUDESTE,480.0,15.197031
,2023-01-02,64004.0,VCSA EDEALINA,Autoprodutor,SUDESTE,480.0,21.212844
,2023-01-03,64004.0,VCSA EDEALINA,Autoprodutor,SUDESTE,480.0,26.299577
,2023-01-04,64004.0,VCSA EDEALINA,Autoprodutor,SUDESTE,480.0,132.861208
,2023-01-05,64004.0,VCSA EDEALINA,Autoprodutor,SUDESTE,480.0,140.466583
,2023-01-06,64004.0,VCSA EDEALINA,Autoprodutor,SUDESTE,480.0,86.816782
,2023-01-07,64004.0,VCSA EDEALINA,Autoprodutor,SUDESTE,480.0,97.362108
,2023-01-08,64004.0,VCSA EDEALINA,Autoprodutor,SUDESTE,480.0,96.108999
,2023-01-09,64004.0,VCSA EDEALINA,Autoprodutor,SUDESTE,480.0,97.6741
,2023-01-10,64004.0,VCSA EDEALINA,Autoprodutor,SUDESTE,480.0,347.040952
,2023-01-11,64004.0,VCSA EDEALINA,Autoprodutor,SUDESTE,480.0,369.534523
,2023-01-12,64004.0,VCSA EDEALINA,Autoprodutor,SUDESTE,480.0,413.598705
,2023-01-13,64004.0,VCSA EDEALINA,Autoprodutor,SUDESTE,480.0,405.203702
,2023-01-14,64004.0,VCSA EDEALINA,Autoprodutor,SUDESTE,480.0,410.994585
,2023-01-15,64004.0,VCSA EDEALINA,Autoprodutor,SUDESTE,480.0,422.464323
,2023-01-16,64004.0,VCSA EDEALINA,Autoprodutor,SUDESTE,480.0,280.520444
,2023-01-17,64004.0,VCSA EDEALINA,Autoprodutor,SUDESTE,480.0,262.488726
,2023-01-18,64004.0,VCSA EDEALINA,Autoprodutor,SUDESTE,480.0,312.861128
,2023-01-19,64004.0,VCSA EDEALINA,Autoprodutor,SUDESTE,480.0,396.62676
,2023-01-20,64004.0,VCSA EDEALINA,Autoprodutor,SUDESTE,480.0,382.000629
,2023-01-21,64004.0,VCSA EDEALINA,Autoprodutor,SUDESTE,480.0,417.892556
,2023-01-22,64004.0,VCSA EDEALINA,Autoprodutor,SUDESTE,480.0,359.660085
,2023-01-23,64004.0,VCSA EDEALINA,Autoprodutor,SUDESTE,480.0,282.20697
,2023-01-24,64004.0,VCSA EDEALINA,Autoprodutor,SUDESTE,480.0,287.859219
,2023-01-25,64004.0,VCSA EDEALINA,Autoprodutor,SUDESTE,480.0,351.291622
,2023-01-26,64004.0,VCSA EDEALINA,Autoprodutor,SUDESTE,480.0,320.0658
,2023-01-27,64004.0,VCSA EDEALINA,Autoprodutor,SUDESTE,480.0,396.87467
,2023-01-28,64004.0,VCSA EDEALINA,Autoprodutor,SUDESTE,480.0,398.181034
,2023-01-29,64004.0,VCSA EDEALINA,Autoprodutor,SUDESTE,480.0,101.839842
,2023-01-30,64004.0,VCSA EDEALINA,Autoprodutor,SUDESTE,480.0,65.665614
,2023-01-31,64004.0,VCSA EDEALINA,Autoprodutor,SUDESTE,480.0,141.158537
,2023-02-01,64004.0,VCSA EDEALINA,Autoprodutor,SUDESTE,480.0,99.729799
,2023-02-02,64004.0,VCSA EDEALINA,Autoprodutor,SUDESTE,480.0,44.379787
,2023-02-03,64004.0,VCSA EDEALINA,Autoprodutor,SUDESTE,480.0,105.29648
,2023-02-04,64004.0,VCSA EDEALINA,Autoprodutor,SUDESTE,480.0,129.294012
,2023-02-05,64004.0,VCSA EDEALINA,Autoprodutor,SUDESTE,480.0,126.026071
,2023-02-06,64004.0,VCSA EDEALINA,Autoprodutor,SUDESTE,480.0,36.650263
,2023-02-07,64004.0,VCSA EDEALINA,Autoprodutor,SUDESTE,480.0,60.487844
,2023-02-08,64004.0,VCSA EDEALINA,Autoprodutor,SUDESTE,480.0,128.930325
,2023-02-09,64004.0,VCSA EDEALINA,Autoprodutor,SUDESTE,480.0,129.384089
,2023-02-10,64004.0,VCSA EDEALINA,Autoprodutor,SUDESTE,480.0,142.50028
,2023-02-11,64004.0,VCSA EDEALINA,Autoprodutor,SUDESTE,480.0,141.340775
,2023-02-12,64004.0,VCSA EDEALINA,Autoprodutor,SUDESTE,480.0,123.958567
,2023-02-13,64004.0,VCSA EDEALINA,Autoprodutor,SUDESTE,480.0,107.771693
,2023-02-14,64004.0,VCSA EDEALINA,Autoprodutor,SUDESTE,480.0,63.123622
,2023-02-15,64004.0,VCSA EDEALINA,Autoprodutor,SUDESTE,480.0,124.145929
,2023-02-16,64004.0,VCSA EDEALINA,Autoprodutor,SUDESTE,480.0,130.946724
,2023-02-17,64004.0,VCSA EDEALINA,Autoprodutor,SUDESTE,480.0,142.817211
,2023-02-18,64004.0,VCSA EDEALINA,Autoprodutor,SUDESTE,480.0,138.790837
,2023-02-19,64004.0,VCSA EDEALINA,Autoprodutor,SUDESTE,480.0,32.305515
,2023-02-20,64004.0,VCSA EDEALINA,Autoprodutor,SUDESTE,480.0,26.191391
,2023-02-21,64004.0,VCSA EDEALINA,Autoprodutor,SUDESTE,480.0,20.919207
,2023-02-22,64004.0,VCSA EDEALINA,Autoprodutor,SUDESTE,480.0,24.59023
,2023-02-23,64004.0,VCSA EDEALINA,Autoprodutor,SUDESTE,480.0,74.429499
,2023-02-24,64004.0,VCSA EDEALINA,Autoprodutor,SUDESTE,480.0,131.204547
,2023-02-25,64004.0,VCSA EDEALINA,Autoprodutor,SUDESTE,480.0,122.134293
,2023-02-26,64004.0,VCSA EDEALINA,Autoprodutor,SUDESTE,480.0,177.353778
,2023-02-27,64004.0,VCSA EDEALINA,Autoprodutor,SUDESTE,480.0,386.669306
,2023-02-28,64004.0,VCSA EDEALINA,Autoprodutor,SUDESTE,480.0,381.861965
,2023-03-01,64004.0,VCSA EDEALINA,Autoprodutor,SUDESTE,480.0,389.176245
,2023-03-02,64004.0,VCSA EDEALINA,Autoprodutor,SUDESTE,480.0,354.088424
,2023-03-03,64004.0,VCSA EDEALINA,Autoprodutor,SUDESTE,480.0,395.076794
,2023-03-04,64004.0,VCSA EDEALINA,Autoprodutor,SUDESTE,480.0,417.593269
,2023-03-05,64004.0,VCSA EDEALINA,Autoprodutor,SUDESTE,480.0,393.9486
,2023-03-06,64004.0,VCSA EDEALINA,Autoprodutor,SUDESTE,480.0,357.765041
,2023-03-07,64004.0,VCSA EDEALINA,Autoprodutor,SUDESTE,480.0,268.593413
,2023-03-08,64004.0,VCSA EDEALINA,Autoprodutor,SUDESTE,480.0,299.684991
,2023-03-09,64004.0,VCSA EDEALINA,Autoprodutor,SUDESTE,480.0,297.617878
,2023-03-10,64004.0,VCSA EDEALINA,Autoprodutor,SUDESTE,480.0,299.815177
,2023-03-11,64004.0,VCSA EDEALINA,Autoprodutor,SUDESTE,480.0,281.919166
,2023-03-12,64004.0,VCSA EDEALINA,Autoprodutor,SUDESTE,480.0,347.529733
,2023-03-13,64004.0,VCSA EDEALINA,Autoprodutor,SUDESTE,480.0,333.011346
,2023-03-14,64004.0,VCSA EDEALINA,Autoprodutor,SUDESTE,480.0,393.840846
,2023-03-15,64004.0,VCSA EDEALINA,Autoprodutor,SUDESTE,480.0,344.626127
,2023-03-16,64004.0,VCSA EDEALINA,Autoprodutor,SUDESTE,480.0,431.896797
,2023-03-17,64004.0,VCSA EDEALINA,Autoprodutor,SUDESTE,480.0,360.54562
,2023-03-18,64004.0,VCSA EDEALINA,Autoprodutor,SUDESTE,480.0,372.451617
,2023-03-19,64004.0,VCSA EDEALINA,Autoprodutor,SUDESTE,480.0,134.89364
,2023-03-20,64004.0,VCSA EDEALINA,Autoprodutor,SUDESTE,480.0,58.108546
,2023-03-21,64004.0,VCSA EDEALINA,Autoprodutor,SUDESTE,480.0,141.252081
,2023-03-22,64004.0,VCSA EDEALINA,Autoprodutor,SUDESTE,480.0,130.102952
,2023-03-23,64004.0,VCSA EDEALINA,Autoprodutor,SUDESTE,480.0,135.040913
,2023-03-24,64004.0,VCSA EDEALINA,Autoprodutor,SUDESTE,480.0,59.041642
,2023-03-25,64004.0,VCSA EDEALINA,Autoprodutor,SUDESTE,480.0,144.848437
,2023-03-26,64004.0,VCSA EDEALINA,Autoprodutor,SUDESTE,480.0,125.016384
,2023-03-27,64004.0,VCSA EDEALINA,Autoprodutor,SUDESTE,480.0,51.59417
,2023-03-28,64004.0,VCSA EDEALINA,Autoprodutor,SUDESTE,480.0,49.09383
,2023-03-29,64004.0,VCSA EDEALINA,Autoprodutor,SUDESTE,480.0,23.123729
,2023-03-30,64004.0,VCSA EDEALINA,Autoprodutor,SUDESTE,480.0,22.025155
,2023-03-31,64004.0,VCSA EDEALINA,Autoprodutor,SUDESTE,480.0,92.066857
,2023-04-01,64004.0,VCSA EDEALINA,Autoprodutor,SUDESTE,480.0,130.902626
,2023-04-02,64004.0,VCSA EDEALINA,Autoprodutor,SUDESTE,480.0,75.120062
,2023-04-03,64004.0,VCSA EDEALINA,Autoprodutor,SUDESTE,480.0,19.749303
,2023-04-04,64004.0,VCSA EDEALINA,Autoprodutor,SUDESTE,480.0,44.024756
,2023-04-05,64004.0,VCSA EDEALINA,Autoprodutor,SUDESTE,480.0,142.404508
,2023-04-06,64004.0,VCSA EDEALINA,Autoprodutor,SUDESTE,480.0,121.323911
,2023-04-07,64004.0,VCSA EDEALINA,Autoprodutor,SUDESTE,480.0,114.687288
,2023-04-08,64004.0,VCSA EDEALINA,Autoprodutor,SUDESTE,480.0,20.059921
,2023-04-09,64004.0,VCSA EDEALINA,Autoprodutor,SUDESTE,480.0,17.261488
,2023-04-10,64004.0,VCSA EDEALINA,Autoprodutor,SUDESTE,480.0,45.383161
,2023-04-11,64004.0,VCSA EDEALINA,Autoprodutor,SUDESTE,480.0,96.122395
,2023-04-12,64004.0,VCSA EDEALINA,Autoprodutor,SUDESTE,480.0,60.193836
,2023-04-13,64004.0,VCSA EDEALINA,Autoprodutor,SUDESTE,480.0,156.652441
,2023-04-14,64004.0,VCSA EDEALINA,Autoprodutor,SUDESTE,480.0,239.098633
,2023-04-15,64004.0,VCSA EDEALINA,Autoprodutor,SUDESTE,480.0,404.376267
,2023-04-16,64004.0,VCSA EDEALINA,Autoprodutor,SUDESTE,480.0,380.224866
,2023-04-17,64004.0,VCSA EDEALINA,Autoprodutor,SUDESTE,480.0,269.702984
,2023-04-18,64004.0,VCSA EDEALINA,Autoprodutor,SUDESTE,480.0,328.962199
,2023-04-19,64004.0,VCSA EDEALINA,Autoprodutor,SUDESTE,480.0,344.450144
,2023-04-20,64004.0,VCSA EDEALINA,Autoprodutor,SUDESTE,480.0,303.9764
,2023-04-21,64004.0,VCSA EDEALINA,Autoprodutor,SUDESTE,480.0,395.875039
,2023-04-22,64004.0,VCSA EDEALINA,Autoprodutor,SUDESTE,480.0,267.139874
,2023-04-23,64004.0,VCSA EDEALINA,Autoprodutor,SUDESTE,480.0,328.797252
,2023-04-24,64004.0,VCSA EDEALINA,Autoprodutor,SUDESTE,480.0,286.262176
,2023-04-25,64004.0,VCSA EDEALINA,Autoprodutor,SUDESTE,480.0,307.692873
,2023-04-26,64004.0,VCSA EDEALINA,Autoprodutor,SUDESTE,480.0,393.52715
,2023-04-27,64004.0,VCSA EDEALINA,Autoprodutor,SUDESTE,480.0,394.260225
,2023-04-28,64004.0,VCSA EDEALINA,Autoprodutor,SUDESTE,480.0,375.526707
,2023-04-29,64004.0,VCSA EDEALINA,Autoprodutor,SUDESTE,480.0,426.790624
,2023-04-30,64004.0,VCSA EDEALINA,Autoprodutor,SUDESTE,480.0,365.911998
,2023-05-01,64004.0,VCSA EDEALINA,Autoprodutor,SUDESTE,480.0,239.549495
,2023-05-02,64004.0,VCSA EDEALINA,Autoprodutor,SUDESTE,480.0,41.2332
,2023-05-03,64004.0,VCSA EDEALINA,Autoprodutor,SUDESTE,480.0,130.538644
,2023-05-04,64004.0,VCSA EDEALINA,Autoprodutor,SUDESTE,480.0,143.096715
,2023-05-05,64004.0,VCSA EDEALINA,Autoprodutor,SUDESTE,480.0,132.883196
,2023-05-06,64004.0,VCSA EDEALINA,Autoprodutor,SUDESTE,480.0,127.396169
,2023-05-07,64004.0,VCSA EDEALINA,Autoprodutor,SUDESTE,480.0,81.879267
,2023-05-08,64004.0,VCSA EDEALINA,Autoprodutor,SUDESTE,480.0,33.280829
,2023-05-09,64004.0,VCSA EDEALINA,Autoprodutor,SUDESTE,480.0,130.684718
,2023-05-10,64004.0,VCSA EDEALINA,Autoprodutor,SUDESTE,480.0,134.215901
,2023-05-11,64004.0,VCSA EDEALINA,Autoprodutor,SUDESTE,480.0,136.825034
,2023-05-12,64004.0,VCSA EDEALINA,Autoprodutor,SUDESTE,480.0,130.041987
,2023-05-13,64004.0,VCSA EDEALINA,Autoprodutor,SUDESTE,480.0,127.953263
,2023-05-14,64004.0,VCSA EDEALINA,Autoprodutor,SUDESTE,480.0,51.812992
,2023-05-15,64004.0,VCSA EDEALINA,Autoprodutor,SUDESTE,480.0,15.155429
,2023-05-16,64004.0,VCSA EDEALINA,Autoprodutor,SUDESTE,480.0,110.178572
,2023-05-17,64004.0,VCSA EDEALINA,Autoprodutor,SUDESTE,480.0,134.761747
,2023-05-18,64004.0,VCSA EDEALINA,Autoprodutor,SUDESTE,480.0,139.270841
,2023-05-19,64004.0,VCSA EDEALINA,Autoprodutor,SUDESTE,480.0,130.576995
,2023-05-20,64004.0,VCSA EDEALINA,Autoprodutor,SUDESTE,480.0,129.493222
,2023-05-21,64004.0,VCSA EDEALINA,Autoprodutor,SUDESTE,480.0,100.337034
,2023-05-22,64004.0,VCSA EDEALINA,Autoprodutor,SUDESTE,480.0,25.356556
,2023-05-23,64004.0,VCSA EDEALINA,Autoprodutor,SUDESTE,480.0,126.566652
,2023-05-24,64004.0,VCSA EDEALINA,Autoprodutor,SUDESTE,480.0,91.754571
,2023-05-25,64004.0,VCSA EDEALINA,Autoprodutor,SUDESTE,480.0,131.693415
,2023-05-26,64004.0,VCSA EDEALINA,Autoprodutor,SUDESTE,480.0,96.088287
,2023-05-27,64004.0,VCSA EDEALINA,Autoprodutor,SUDESTE,480.0,136.607267
,2023-05-28,64004.0,VCSA EDEALINA,Autoprodutor,SUDESTE,480.0,72.398369
,2023-05-29,64004.0,VCSA EDEALINA,Autoprodutor,SUDESTE,480.0,16.930464999999998
,2023-05-30,64004.0,VCSA EDEALINA,Autoprodutor,SUDESTE,480.0,124.036242
,2023-05-31,64004.0,VCSA EDEALINA,Autoprodutor,SUDESTE,480.0,133.574683
,2023-06-01,64004.0,VCSA EDEALINA,Autoprodutor,SUDESTE,480.0,133.911425
,2023-06-02,64004.0,VCSA EDEALINA,Autoprodutor,SUDESTE,480.0,139.012231
,2023-06-03,64004.0,VCSA EDEALINA,Autoprodutor,SUDESTE,480.0,139.972134
,2023-06-04,64004.0,VCSA EDEALINA,Autoprodutor,SUDESTE,480.0,158.942016
,2023-06-05,64004.0,VCSA EDEALINA,Autoprodutor,SUDESTE,480.0,211.050048
,2023-06-06,64004.0,VCSA EDEALINA,Autoprodutor,SUDESTE,480.0,284.747607
,2023-06-07,64004.0,VCSA EDEALINA,Autoprodutor,SUDESTE,480.0,416.693027
,2023-06-08,64004.0,VCSA EDEALINA,Autoprodutor,SUDESTE,480.0,391.180758
,2023-06-09,64004.0,VCSA EDEALINA,Autoprodutor,SUDESTE,480.0,377.681252
,2023-06-10,64004.0,VCSA EDEALINA,Autoprodutor,SUDESTE,480.0,428.273671
,2023-06-11,64004.0,VCSA EDEALINA,Autoprodutor,SUDESTE,480.0,323.295749
,2023-06-12,64004.0,VCSA EDEALINA,Autoprodutor,SUDESTE,480.0,291.935735
,2023-06-13,64004.0,VCSA EDEALINA,Autoprodutor,SUDESTE,480.0,363.579942
,2023-06-14,64004.0,VCSA EDEALINA,Autoprodutor,SUDESTE,480.0,412.106852
,2023-06-15,64004.0,VCSA EDEALINA,Autoprodutor,SUDESTE,480.0,374.740464
,2023-06-16,64004.0,VCSA EDEALINA,Autoprodutor,SUDESTE,480.0,374.2573
,2023-06-17,64004.0,VCSA EDEALINA,Autoprodutor,SUDESTE,480.0,406.77227
,2023-06-18,64004.0,VCSA EDEALINA,Autoprodutor,SUDESTE,480.0,336.808591
,2023-06-19,64004.0,VCSA EDEALINA,Autoprodutor,SUDESTE,480.0,311.649429
,2023-06-20,64004.0,VCSA EDEALINA,Autoprodutor,SUDESTE,480.0,363.796136
,2023-06-21,64004.0,VCSA EDEALINA,Autoprodutor,SUDESTE,480.0,401.923115
,2023-06-22,64004.0,VCSA EDEALINA,Autoprodutor,SUDESTE,480.0,393.715642
,2023-06-23,64004.0,VCSA EDEALINA,Autoprodutor,SUDESTE,480.0,385.854753
,2023-06-24,64004.0,VCSA EDEALINA,Autoprodutor,SUDESTE,480.0,389.232389
,2023-06-25,64004.0,VCSA EDEALINA,Autoprodutor,SUDESTE,480.0,313.383361
,2023-06-26,64004.0,VCSA EDEALINA,Autoprodutor,SUDESTE,480.0,269.754447
,2023-06-27,64004.0,VCSA EDEALINA,Autoprodutor,SUDESTE,480.0,324.995085
,2023-06-28,64004.0,VCSA EDEALINA,Autoprodutor,SUDESTE,480.0,394.112678
,2023-06-29,64004.0,VCSA EDEALINA,Autoprodutor,SUDESTE,480.0,403.236929
,2023-06-30,64004.0,VCSA EDEALINA,Autoprodutor,SUDESTE,480.0,395.034848
,2023-07-01,64004.0,VCSA EDEALINA,Autoprodutor,SUDESTE,480.0,344.483181
,2023-07-02,64004.0,VCSA EDEALINA,Autoprodutor,SUDESTE,480.0,335.480804
,2023-07-03,64004.0,VCSA EDEALINA,Autoprodutor,SUDESTE,480.0,61.537947
,2023-07-04,64004.0,VCSA EDEALINA,Autoprodutor,SUDESTE,480.0,137.559384
,2023-07-05,64004.0,VCSA EDEALINA,Autoprodutor,SUDESTE,480.0,132.082409
,2023-07-06,64004.0,VCSA EDEALINA,Autoprodutor,SUDESTE,480.0,130.479056
,2023-07-07,64004.0,VCSA EDEALINA,Autoprodutor,SUDESTE,480.0,131.891982
,2023-07-08,64004.0,VCSA EDEALINA,Autoprodutor,SUDESTE,480.0,76.802333
,2023-07-09,64004.0,VCSA EDEALINA,Autoprodutor,SUDESTE,480.0,46.410575
,2023-07-10,64004.0,VCSA EDEALINA,Autoprodutor,SUDESTE,480.0,17.708512
,2023-07-11,64004.0,VCSA EDEALINA,Autoprodutor,SUDESTE,480.0,122.884195
,2023-07-12,64004.0,VCSA EDEALINA,Autoprodutor,SUDESTE,480.0,134.393374
,2023-07-13,64004.0,VCSA EDEALINA,Autoprodutor,SUDESTE,480.0,124.084576
,2023-07-14,64004.0,VCSA EDEALINA,Autoprodutor,SUDESTE,480.0,132.405971
,2023-07-15,64004.0,VCSA EDEALINA,Autoprodutor,SUDESTE,480.0,128.86413
,2023-07-16,64004.0,VCSA EDEALINA,Autoprodutor,SUDESTE,480.0,128.760042
,2023-07-17,64004.0,VCSA EDEALINA,Autoprodutor,SUDESTE,480.0,60.207699
,2023-07-18,64004.0,VCSA EDEALINA,Autoprodutor,SUDESTE,480.0,131.675874
,2023-07-19,64004.0,VCSA EDEALINA,Autoprodutor,SUDESTE,480.0,113.051677
,2023-07-20,64004.0,VCSA EDEALINA,Autoprodutor,SUDESTE,480.0,116.774519
,2023-07-21,64004.0,VCSA EDEALINA,Autoprodutor,SUDESTE,480.0,139.350732
,2023-07-22,64004.0,VCSA EDEALINA,Autoprodutor,SUDESTE,480.0,143.704381
,2023-07-23,64004.0,VCSA EDEALINA,Autoprodutor,SUDESTE,480.0,75.167755
,2023-07-24,64004.0,VCSA EDEALINA,Autoprodutor,SUDESTE,480.0,53.605266
,2023-07-25,64004.0,VCSA EDEALINA,Autoprodutor,SUDESTE,480.0,108.502722
,2023-07-26,64004.0,VCSA EDEALINA,Autoprodutor,SUDESTE,480.0,349.462794
,2023-07-27,64004.0,VCSA EDEALINA,Autoprodutor,SUDESTE,480.0,349.26844800000003
,2023-07-28,64004.0,VCSA EDEALINA,Autoprodutor,SUDESTE,480.0,331.514573
,2023-07-29,64004.0,VCSA EDEALINA,Autoprodutor,SUDESTE,480.0,383.381196
,2023-07-30,64004.0,VCSA EDEALINA,Autoprodutor,SUDESTE,480.0,361.965144
,2023-07-31,64004.0,VCSA EDEALINA,Autoprodutor,SUDESTE,480.0,303.984057
,2023-08-01,64004.0,VCSA EDEALINA,Autoprodutor,SUDESTE,480.0,345.677994
,2023-08-02,64004.0,VCSA EDEALINA,Autoprodutor,SUDESTE,480.0,347.991292
,2023-08-03,64004.0,VCSA EDEALINA,Autoprodutor,SUDESTE,480.0,327.680751
,2023-08-04,64004.0,VCSA EDEALINA,Autoprodutor,SUDESTE,480.0,324.076931
,2023-08-05,64004.0,VCSA EDEALINA,Autoprodutor,SUDESTE,480.0,401.574501
,2023-08-06,64004.0,VCSA EDEALINA,Autoprodutor,SUDESTE,480.0,378.73919
,2023-08-07,64004.0,VCSA EDEALINA,Autoprodutor,SUDESTE,480.0,280.56217
,2023-08-08,64004.0,VCSA EDEALINA,Autoprodutor,SUDESTE,480.0,373.529989
,2023-08-09,64004.0,VCSA EDEALINA,Autoprodutor,SUDESTE,480.0,361.927383
,2023-08-10,64004.0,VCSA EDEALINA,Autoprodutor,SUDESTE,480.0,360.330634
,2023-08-11,64004.0,VCSA EDEALINA,Autoprodutor,SUDESTE,480.0,364.012222
,2023-08-12,64004.0,VCSA EDEALINA,Autoprodutor,SUDESTE,480.0,353.550068
,2023-08-13,64004.0,VCSA EDEALINA,Autoprodutor,SUDESTE,480.0,389.430673
,2023-08-14,64004.0,VCSA EDEALINA,Autoprodutor,SUDESTE,480.0,266.882468
,2023-08-15,64004.0,VCSA EDEALINA,Autoprodutor,SUDESTE,480.0,277.58677
,2023-08-16,64004.0,VCSA EDEALINA,Autoprodutor,SUDESTE,480.0,338.376375
,2023-08-17,64004.0,VCSA EDEALINA,Autoprodutor,SUDESTE,480.0,356.131154
,2023-08-18,64004.0,VCSA EDEALINA,Autoprodutor,SUDESTE,480.0,362.413607
,2023-08-19,64004.0,VCSA EDEALINA,Autoprodutor,SUDESTE,480.0,398.490891
,2023-08-20,64004.0,VCSA EDEALINA,Autoprodutor,SUDESTE,480.0,372.261362
,2023-08-21,64004.0,VCSA EDEALINA,Autoprodutor,SUDESTE,480.0,341.172551
,2023-08-22,64004.0,VCSA EDEALINA,Autoprodutor,SUDESTE,480.0,99.071655
,2023-08-23,64004.0,VCSA EDEALINA,Autoprodutor,SUDESTE,480.0,139.07496700000002
,2023-08-24,64004.0,VCSA EDEALINA,Autoprodutor,SUDESTE,480.0,139.443379
,2023-08-25,64004.0,VCSA EDEALINA,Autoprodutor,SUDESTE,480.0,130.495637
,2023-08-26,64004.0,VCSA EDEALINA,Autoprodutor,SUDESTE,480.0,135.77692
,2023-08-27,64004.0,VCSA EDEALINA,Autoprodutor,SUDESTE,480.0,127.957268
,2023-08-28,64004.0,VCSA EDEALINA,Autoprodutor,SUDESTE,480.0,98.023315
,2023-08-29,64004.0,VCSA EDEALINA,Autoprodutor,SUDESTE,480.0,73.116641
,2023-08-30,64004.0,VCSA EDEALINA,Autoprodutor,SUDESTE,480.0,130.133212
,2023-08-31,64004.0,VCSA EDEALINA,Autoprodutor,SUDESTE,480.0,133.909966
,2023-09-01,64004.0,VCSA EDEALINA,Autoprodutor,SUDESTE,480.0,125.884477
,2023-09-02,64004.0,VCSA EDEALINA,Autoprodutor,SUDESTE,480.0,110.095279
,2023-09-03,64004.0,VCSA EDEALINA,Autoprodutor,SUDESTE,480.0,109.014126
,2023-09-04,64004.0,VCSA EDEALINA,Autoprodutor,SUDESTE,480.0,39.208681
,2023-09-05,64004.0,VCSA EDEALINA,Autoprodutor,SUDESTE,480.0,86.17672400000001
,2023-09-06,64004.0,VCSA EDEALINA,Autoprodutor,SUDESTE,480.0,129.626687
,2023-09-07,64004.0,VCSA EDEALINA,Autoprodutor,SUDESTE,480.0,130.581539
,2023-09-08,64004.0,VCSA EDEALINA,Autoprodutor,SUDESTE,480.0,134.761566
,2023-09-09,64004.0,VCSA EDEALINA,Autoprodutor,SUDESTE,480.0,127.06805
,2023-09-10,64004.0,VCSA EDEALINA,Autoprodutor,SUDESTE,480.0,62.648758
,2023-09-11,64004.0,VCSA EDEALINA,Autoprodutor,SUDESTE,480.0,40.935182
,2023-09-12,64004.0,VCSA EDEALINA,Autoprodutor,SUDESTE,480.0,78.169856
,2023-09-13,64004.0,VCSA EDEALINA,Autoprodutor,SUDESTE,480.0,136.01325500000002
,2023-09-14,64004.0,VCSA EDEALINA,Autoprodutor,SUDESTE,480.0,143.378655
,2023-09-15,64004.0,VCSA EDEALINA,Autoprodutor,SUDESTE,480.0,136.655848
,2023-09-16,64004.0,VCSA EDEALINA,Autoprodutor,SUDESTE,480.0,138.524542
,2023-09-17,64004.0,VCSA EDEALINA,Autoprodutor,SUDESTE,480.0,108.882647
,2023-09-18,64004.0,VCSA EDEALINA,Autoprodutor,SUDESTE,480.0,93.236621
,2023-09-19,64004.0,VCSA EDEALINA,Autoprodutor,SUDESTE,480.0,241.613822
,2023-09-20,64004.0,VCSA EDEALINA,Autoprodutor,SUDESTE,480.0,387.939301
,2023-09-21,64004.0,VCSA EDEALINA,Autoprodutor,SUDESTE,480.0,407.434168
,2023-09-22,64004.0,VCSA EDEALINA,Autoprodutor,SUDESTE,480.0,325.621751
,2023-09-23,64004.0,VCSA EDEALINA,Autoprodutor,SUDESTE,480.0,415.240993
,2023-09-24,64004.0,VCSA EDEALINA,Autoprodutor,SUDESTE,480.0,367.574739
,2023-09-25,64004.0,VCSA EDEALINA,Autoprodutor,SUDESTE,480.0,365.516791
,2023-09-26,64004.0,VCSA EDEALINA,Autoprodutor,SUDESTE,480.0,339.662921
,2023-09-27,64004.0,VCSA EDEALINA,Autoprodutor,SUDESTE,480.0,380.360046
,2023-09-28,64004.0,VCSA EDEALINA,Autoprodutor,SUDESTE,480.0,381.607483
,2023-09-29,64004.0,VCSA EDEALINA,Autoprodutor,SUDESTE,480.0,413.08978
,2023-09-30,64004.0,VCSA EDEALINA,Autoprodutor,SUDESTE,480.0,372.931704
,2023-10-01,64004.0,VCSA EDEALINA,Autoprodutor,SUDESTE,480.0,410.253947
,2023-10-02,64004.0,VCSA EDEALINA,Autoprodutor,SUDESTE,480.0,357.50426500000003
,2023-10-03,64004.0,VCSA EDEALINA,Autoprodutor,SUDESTE,480.0,319.478029
,2023-10-04,64004.0,VCSA EDEALINA,Autoprodutor,SUDESTE,480.0,331.288844
,2023-10-05,64004.0,VCSA EDEALINA,Autoprodutor,SUDESTE,480.0,354.57102
,2023-10-06,64004.0,VCSA EDEALINA,Autoprodutor,SUDESTE,480.0,398.539232
,2023-10-07,64004.0,VCSA EDEALINA,Autoprodutor,SUDESTE,480.0,407.937598
,2023-10-08,64004.0,VCSA EDEALINA,Autoprodutor,SUDESTE,480.0,356.894684
,2023-10-09,64004.0,VCSA EDEALINA,Autoprodutor,SUDESTE,480.0,335.963969
,2023-10-10,64004.0,VCSA EDEALINA,Autoprodutor,SUDESTE,480.0,313.679942
,2023-10-11,64004.0,VCSA EDEALINA,Autoprodutor,SUDESTE,480.0,398.662901
,2023-10-12,64004.0,VCSA EDEALINA,Autoprodutor,SUDESTE,480.0,361.885671
,2023-10-13,64004.0,VCSA EDEALINA,Autoprodutor,SUDESTE,480.0,364.803571
,2023-10-14,64004.0,VCSA EDEALINA,Autoprodutor,SUDESTE,480.0,386.542318
,2023-10-15,64004.0,VCSA EDEALINA,Autoprodutor,SUDESTE,480.0,346.305134
,2023-10-16,64004.0,VCSA EDEALINA,Autoprodutor,SUDESTE,480.0,293.856575
,2023-10-17,64004.0,VCSA EDEALINA,Autoprodutor,SUDESTE,480.0,337.886258
,2023-10-18,64004.0,VCSA EDEALINA,Autoprodutor,SUDESTE,480.0,388.625708
,2023-10-19,64004.0,VCSA EDEALINA,Autoprodutor,SUDESTE,480.0,386.334487
,2023-10-20,64004.0,VCSA EDEALINA,Autoprodutor,SUDESTE,480.0,372.725124
,2023-10-21,64004.0,VCSA EDEALINA,Autoprodutor,SUDESTE,480.0,165.523792
,2023-10-22,64004.0,VCSA EDEALINA,Autoprodutor,SUDESTE,480.0,135.30104
,2023-10-23,64004.0,VCSA EDEALINA,Autoprodutor,SUDESTE,480.0,51.803786
,2023-10-24,64004.0,VCSA EDEALINA,Autoprodutor,SUDESTE,480.0,56.580337
,2023-10-25,64004.0,VCSA EDEALINA,Autoprodutor,SUDESTE,480.0,125.354302
,2023-10-26,64004.0,VCSA EDEALINA,Autoprodutor,SUDESTE,480.0,118.612299
,2023-10-27,64004.0,VCSA EDEALINA,Autoprodutor,SUDESTE,480.0,114.889202
,2023-10-28,64004.0,VCSA EDEALINA,Autoprodutor,SUDESTE,480.0,112.927179
,2023-10-29,64004.0,VCSA EDEALINA,Autoprodutor,SUDESTE,480.0,136.997873
,2023-10-30,64004.0,VCSA EDEALINA,Autoprodutor,SUDESTE,480.0,138.559988
,2023-10-31,64004.0,VCSA EDEALINA,Autoprodutor,SUDESTE,480.0,93.050973
,2023-11-01,64004.0,VCSA EDEALINA,Autoprodutor,SUDESTE,480.0,107.84282
,2023-11-02,64004.0,VCSA EDEALINA,Autoprodutor,SUDESTE,480.0,105.46819
,2023-11-03,64004.0,VCSA EDEALINA,Autoprodutor,SUDESTE,480.0,108.364532
,2023-11-04,64004.0,VCSA EDEALINA,Autoprodutor,SUDESTE,480.0,123.391477
,2023-11-05,64004.0,VCSA EDEALINA,Autoprodutor,SUDESTE,480.0,137.183254
,2023-11-06,64004.0,VCSA EDEALINA,Autoprodutor,SUDESTE,480.0,142.559958
,2023-11-07,64004.0,VCSA EDEALINA,Autoprodutor,SUDESTE,480.0,143.662381
,2023-11-08,64004.0,VCSA EDEALINA,Autoprodutor,SUDESTE,480.0,141.375517
,2023-11-09,64004.0,VCSA EDEALINA,Autoprodutor,SUDESTE,480.0,144.969919
,2023-11-10,64004.0,VCSA EDEALINA,Autoprodutor,SUDESTE,480.0,141.533692
,2023-11-11,64004.0,VCSA EDEALINA,Autoprodutor,SUDESTE,480.0,86.064794
,2023-11-12,64004.0,VCSA EDEALINA,Autoprodutor,SUDESTE,480.0,20.106268
,2023-11-13,64004.0,VCSA EDEALINA,Autoprodutor,SUDESTE,480.0,20.820531
,2023-11-14,64004.0,VCSA EDEALINA,Autoprodutor,SUDESTE,480.0,21.137347
,2023-11-15,64004.0,VCSA EDEALINA,Autoprodutor,SUDESTE,480.0,23.96716
,2023-11-16,64004.0,VCSA EDEALINA,Autoprodutor,SUDESTE,480.0,134.054551
,2023-11-17,64004.0,VCSA EDEALINA,Autoprodutor,SUDESTE,480.0,146.032437
,2023-11-18,64004.0,VCSA EDEALINA,Autoprodutor,SUDESTE,480.0,147.324163
,2023-11-19,64004.0,VCSA EDEALINA,Autoprodutor,SUDESTE,480.0,129.692397
,2023-11-20,64004.0,VCSA EDEALINA,Autoprodutor,SUDESTE,480.0,144.859222
,2023-11-21,64004.0,VCSA EDEALINA,Autoprodutor,SUDESTE,480.0,156.648954
,2023-11-22,64004.0,VCSA EDEALINA,Autoprodutor,SUDESTE,480.0,214.498631
,2023-11-23,64004.0,VCSA EDEALINA,Autoprodutor,SUDESTE,480.0,372.020894
,2023-11-24,64004.0,VCSA EDEALINA,Autoprodutor,SUDESTE,480.0,273.247627
,2023-11-25,64004.0,VCSA EDEALINA,Autoprodutor,SUDESTE,480.0,335.259137
,2023-11-26,64004.0,VCSA EDEALINA,Autoprodutor,SUDESTE,480.0,384.725843
,2023-11-27,64004.0,VCSA EDEALINA,Autoprodutor,SUDESTE,480.0,318.42098
,2023-11-28,64004.0,VCSA EDEALINA,Autoprodutor,SUDESTE,480.0,428.981584
,2023-11-29,64004.0,VCSA EDEALINA,Autoprodutor,SUDESTE,480.0,388.844165
,2023-11-30,64004.0,VCSA EDEALINA,Autoprodutor,SUDESTE,480.0,304.966635
,2023-12-01,64004.0,VCSA EDEALINA,Autoprodutor,SUDESTE,480.0,414.333163
,2023-12-02,64004.0,VCSA EDEALINA,Autoprodutor,SUDESTE,480.0,442.384512
,2023-12-03,64004.0,VCSA EDEALINA,Autoprodutor,SUDESTE,480.0,394.29877
,2023-12-04,64004.0,VCSA EDEALINA,Autoprodutor,SUDESTE,480.0,413.580993
,2023-12-05,64004.0,VCSA EDEALINA,Autoprodutor,SUDESTE,480.0,404.336919
,2023-12-06,64004.0,VCSA EDEALINA,Autoprodutor,SUDESTE,480.0,338.595056
,2023-12-07,64004.0,VCSA EDEALINA,Autoprodutor,SUDESTE,480.0,406.074078
,2023-12-08,64004.0,VCSA EDEALINA,Autoprodutor,SUDESTE,480.0,411.697955
,2023-12-09,64004.0,VCSA EDEALINA,Autoprodutor,SUDESTE,480.0,451.809038
,2023-12-10,64004.0,VCSA EDEALINA,Autoprodutor,SUDESTE,480.0,392.377782
,2023-12-11,64004.0,VCSA EDEALINA,Autoprodutor,SUDESTE,480.0,319.408825
,2023-12-12,64004.0,VCSA EDEALINA,Autoprodutor,SUDESTE,480.0,324.617153
,2023-12-13,64004.0,VCSA EDEALINA,Autoprodutor,SUDESTE,480.0,382.971599
,2023-12-14,64004.0,VCSA EDEALINA,Autoprodutor,SUDESTE,480.0,438.238924
,2023-12-15,64004.0,VCSA EDEALINA,Autoprodutor,SUDESTE,480.0,419.175911
,2023-12-16,64004.0,VCSA EDEALINA,Autoprodutor,SUDESTE,480.0,402.00347
,2023-12-17,64004.0,VCSA EDEALINA,Autoprodutor,SUDESTE,480.0,316.633842
,2023-12-18,64004.0,VCSA EDEALINA,Autoprodutor,SUDESTE,480.0,271.257474
,2023-12-19,64004.0,VCSA EDEALINA,Autoprodutor,SUDESTE,480.0,371.195828
,2023-12-20,64004.0,VCSA EDEALINA,Autoprodutor,SUDESTE,480.0,416.053851
,2023-12-21,64004.0,VCSA EDEALINA,Autoprodutor,SUDESTE,480.0,388.968848
,2023-12-22,64004.0,VCSA EDEALINA,Autoprodutor,SUDESTE,480.0,359.161147
,2023-12-23,64004.0,VCSA EDEALINA,Autoprodutor,SUDESTE,480.0,335.721713
,2023-12-24,64004.0,VCSA EDEALINA,Autoprodutor,SUDESTE,480.0,276.040017
,2023-12-25,64004.0,VCSA EDEALINA,Autoprodutor,SUDESTE,480.0,272.321999
,2023-12-26,64004.0,VCSA EDEALINA,Autoprodutor,SUDESTE,480.0,279.621426
,2023-12-27,64004.0,VCSA EDEALINA,Autoprodutor,SUDESTE,480.0,331.304557
,2023-12-28,64004.0,VCSA EDEALINA,Autoprodutor,SUDESTE,480.0,125.268156
,2023-12-29,64004.0,VCSA EDEALINA,Autoprodutor,SUDESTE,480.0,66.979864
,2023-12-30,64004.0,VCSA EDEALINA,Autoprodutor,SUDESTE,480.0,18.65818
,2023-12-31,64004.0,VCSA EDEALINA,Autoprodutor,SUDESTE,480.0,13.60736
,2024-01-01,64004.0,VCSA EDEALINA,Autoprodutor,SUDESTE,480.0,12.050853
,2024-01-02,64004.0,VCSA EDEALINA,Autoprodutor,SUDESTE,480.0,26.998235
,2024-01-03,64004.0,VCSA EDEALINA,Autoprodutor,SUDESTE,480.0,133.079892
,2024-01-04,64004.0,VCSA EDEALINA,Autoprodutor,SUDESTE,480.0,145.525564
,2024-01-05,64004.0,VCSA EDEALINA,Autoprodutor,SUDESTE,480.0,142.548736
,2024-01-06,64004.0,VCSA EDEALINA,Autoprodutor,SUDESTE,480.0,140.124902
,2024-01-07,64004.0,VCSA EDEALINA,Autoprodutor,SUDESTE,480.0,17.63366
,2024-01-08,64004.0,VCSA EDEALINA,Autoprodutor,SUDESTE,480.0,20.425568
,2024-01-09,64004.0,VCSA EDEALINA,Autoprodutor,SUDESTE,480.0,20.209957
,2024-01-10,64004.0,VCSA EDEALINA,Autoprodutor,SUDESTE,480.0,61.709623
,2024-01-11,64004.0,VCSA EDEALINA,Autoprodutor,SUDESTE,480.0,94.954709
,2024-01-12,64004.0,VCSA EDEALINA,Autoprodutor,SUDESTE,480.0,73.737319
,2024-01-13,64004.0,VCSA EDEALINA,Autoprodutor,SUDESTE,480.0,135.505765
,2024-01-14,64004.0,VCSA EDEALINA,Autoprodutor,SUDESTE,480.0,106.09457
,2024-01-15,64004.0,VCSA EDEALINA,Autoprodutor,SUDESTE,480.0,20.371431
,2024-01-16,64004.0,VCSA EDEALINA,Autoprodutor,SUDESTE,480.0,130.432142
,2024-01-17,64004.0,VCSA EDEALINA,Autoprodutor,SUDESTE,480.0,144.424875
,2024-01-18,64004.0,VCSA EDEALINA,Autoprodutor,SUDESTE,480.0,141.95707
,2024-01-19,64004.0,VCSA EDEALINA,Autoprodutor,SUDESTE,480.0,143.064992
,2024-01-20,64004.0,VCSA EDEALINA,Autoprodutor,SUDESTE,480.0,146.426708
,2024-01-21,64004.0,VCSA EDEALINA,Autoprodutor,SUDESTE,480.0,116.974765
,2024-01-22,64004.0,VCSA EDEALINA,Autoprodutor,SUDESTE,480.0,143.793543
,2024-01-23,64004.0,VCSA EDEALINA,Autoprodutor,SUDESTE,480.0,74.809855
,2024-01-24,64004.0,VCSA EDEALINA,Autoprodutor,SUDESTE,480.0,128.34897
,2024-01-25,64004.0,VCSA EDEALINA,Autoprodutor,SUDESTE,480.0,125.83662
,2024-01-26,64004.0,VCSA EDEALINA,Autoprodutor,SUDESTE,480.0,89.159202
,2024-01-27,64004.0,VCSA EDEALINA,Autoprodutor,SUDESTE,480.0,142.349972
,2024-01-28,64004.0,VCSA EDEALINA,Autoprodutor,SUDESTE,480.0,138.732281
,2024-01-29,64004.0,VCSA EDEALINA,Autoprodutor,SUDESTE,480.0,114.137085
,2024-01-30,64004.0,VCSA EDEALINA,Autoprodutor,SUDESTE,480.0,63.675159
,2024-01-31,64004.0,VCSA EDEALINA,Autoprodutor,SUDESTE,480.0,19.063386
,2024-02-01,64004.0,VCSA EDEALINA,Autoprodutor,SUDESTE,480.0,77.746927
,2024-02-02,64004.0,VCSA EDEALINA,Autoprodutor,SUDESTE,480.0,146.013071
,2024-02-03,64004.0,VCSA EDEALINA,Autoprodutor,SUDESTE,480.0,153.323169
,2024-02-04,64004.0,VCSA EDEALINA,Autoprodutor,SUDESTE,480.0,153.84074
,2024-02-05,64004.0,VCSA EDEALINA,Autoprodutor,SUDESTE,480.0,187.129156
,2024-02-06,64004.0,VCSA EDEALINA,Autoprodutor,SUDESTE,480.0,259.958936
,2024-02-07,64004.0,VCSA EDEALINA,Autoprodutor,SUDESTE,480.0,288.300543
,2024-02-08,64004.0,VCSA EDEALINA,Autoprodutor,SUDESTE,480.0,414.152516
,2024-02-09,64004.0,VCSA EDEALINA,Autoprodutor,SUDESTE,480.0,374.359951
,2024-02-10,64004.0,VCSA EDEALINA,Autoprodutor,SUDESTE,480.0,366.01682
,2024-02-11,64004.0,VCSA EDEALINA,Autoprodutor,SUDESTE,480.0,332.076394
,2024-02-12,64004.0,VCSA EDEALINA,Autoprodutor,SUDESTE,480.0,133.978519
,2024-02-13,64004.0,VCSA EDEALINA,Autoprodutor,SUDESTE,480.0,247.679527
,2024-02-14,64004.0,VCSA EDEALINA,Autoprodutor,SUDESTE,480.0,243.377513
,2024-02-15,64004.0,VCSA EDEALINA,Autoprodutor,SUDESTE,480.0,152.534718
,2024-02-16,64004.0,VCSA EDEALINA,Autoprodutor,SUDESTE,480.0,152.056095
,2024-02-17,64004.0,VCSA EDEALINA,Autoprodutor,SUDESTE,480.0,154.163705
,2024-02-18,64004.0,VCSA EDEALINA,Autoprodutor,SUDESTE,480.0,265.586188
,2024-02-19,64004.0,VCSA EDEALINA,Autoprodutor,SUDESTE,480.0,155.460579
,2024-02-20,64004.0,VCSA EDEALINA,Autoprodutor,SUDESTE,480.0,149.65185
,2024-02-21,64004.0,VCSA EDEALINA,Autoprodutor,SUDESTE,480.0,325.047384
,2024-02-22,64004.0,VCSA EDEALINA,Autoprodutor,SUDESTE,480.0,304.410692
,2024-02-23,64004.0,VCSA EDEALINA,Autoprodutor,SUDESTE,480.0,386.045664
,2024-02-24,64004.0,VCSA EDEALINA,Autoprodutor,SUDESTE,480.0,412.83399
,2024-02-25,64004.0,VCSA EDEALINA,Autoprodutor,SUDESTE,480.0,383.960755
,2024-02-26,64004.0,VCSA EDEALINA,Autoprodutor,SUDESTE,480.0,330.52957
,2024-02-27,64004.0,VCSA EDEALINA,Autoprodutor,SUDESTE,480.0,375.696612
,2024-02-28,64004.0,VCSA EDEALINA,Autoprodutor,SUDESTE,480.0,392.835491
,2024-02-29,64004.0,VCSA EDEALINA,Autoprodutor,SUDESTE,480.0,409.994472
202403.0,2024-03-01,64004.0,VCSA EDEALINA,Autoprodutor,SUDESTE,480.0,405.711157
202403.0,2024-03-01,64004.0,VCSA EDEALINA,Autoprodutor,SUDESTE,480.0,405.711157
,2024-03-01,,VCSA EDEALINA,,,480.0,405.711157
202403.0,2024-03-02,64004.0,VCSA EDEALINA,Autoprodutor,SUDESTE,480.0,382.395903
202403.0,2024-03-02,64004.0,VCSA EDEALINA,Autoprodutor,SUDESTE,480.0,382.395903
,2024-03-02,,VCSA EDEALINA,,,480.0,382.395903
202403.0,2024-03-03,64004.0,VCSA EDEALINA,Autoprodutor,SUDESTE,480.0,364.917352
202403.0,2024-03-03,64004.0,VCSA EDEALINA,Autoprodutor,SUDESTE,480.0,364.917352
,2024-03-03,,VCSA EDEALINA,,,480.0,364.917352
202403.0,2024-03-04,64004.0,VCSA EDEALINA,Autoprodutor,SUDESTE,480.0,352.829692
202403.0,2024-03-04,64004.0,VCSA EDEALINA,Autoprodutor,SUDESTE,480.0,352.829692
,2024-03-04,,VCSA EDEALINA,,,480.0,352.829692
202403.0,2024-03-05,64004.0,VCSA EDEALINA,Autoprodutor,SUDESTE,480.0,371.195394
202403.0,2024-03-05,64004.0,VCSA EDEALINA,Autoprodutor,SUDESTE,480.0,371.195394
,2024-03-05,,VCSA EDEALINA,,,480.0,371.195394
202403.0,2024-03-06,64004.0,VCSA EDEALINA,Autoprodutor,SUDESTE,480.0,410.867995
202403.0,2024-03-06,64004.0,VCSA EDEALINA,Autoprodutor,SUDESTE,480.0,410.867995
,2024-03-06,,VCSA EDEALINA,,,480.0,410.867995
202403.0,2024-03-07,64004.0,VCSA EDEALINA,Autoprodutor,SUDESTE,480.0,369.389552
202403.0,2024-03-07,64004.0,VCSA EDEALINA,Autoprodutor,SUDESTE,480.0,369.389552
,2024-03-07,,VCSA EDEALINA,,,480.0,369.389552
202403.0,2024-03-08,64004.0,VCSA EDEALINA,Autoprodutor,SUDESTE,480.0,414.953737
202403.0,2024-03-08,64004.0,VCSA EDEALINA,Autoprodutor,SUDESTE,480.0,414.953737
,2024-03-08,,VCSA EDEALINA,,,480.0,414.953737
202403.0,2024-03-09,64004.0,VCSA EDEALINA,Autoprodutor,SUDESTE,480.0,414.338179
202403.0,2024-03-09,64004.0,VCSA EDEALINA,Autoprodutor,SUDESTE,480.0,414.338179
,2024-03-09,,VCSA EDEALINA,,,480.0,414.338179
202403.0,2024-03-10,64004.0,VCSA EDEALINA,Autoprodutor,SUDESTE,480.0,376.098539
202403.0,2024-03-10,64004.0,VCSA EDEALINA,Autoprodutor,SUDESTE,480.0,376.098539
,2024-03-10,,VCSA EDEALINA,,,480.0,376.098539
202403.0,2024-03-11,64004.0,VCSA EDEALINA,Autoprodutor,SUDESTE,480.0,347.363138
202403.0,2024-03-11,64004.0,VCSA EDEALINA,Autoprodutor,SUDESTE,480.0,347.363138
,2024-03-11,,VCSA EDEALINA,,,480.0,347.363138
202403.0,2024-03-12,64004.0,VCSA EDEALINA,Autoprodutor,SUDESTE,480.0,349.359171
202403.0,2024-03-12,64004.0,VCSA EDEALINA,Autoprodutor,SUDESTE,480.0,349.359171
,2024-03-12,,VCSA EDEALINA,,,480.0,349.359171
202403.0,2024-03-13,64004.0,VCSA EDEALINA,Autoprodutor,SUDESTE,480.0,348.219339
202403.0,2024-03-13,64004.0,VCSA EDEALINA,Autoprodutor,SUDESTE,480.0,348.219339
,2024-03-13,,VCSA EDEALINA,,,480.0,348.219339
202403.0,2024-03-14,64004.0,VCSA EDEALINA,Autoprodutor,SUDESTE,480.0,404.512989
202403.0,2024-03-14,64004.0,VCSA EDEALINA,Autoprodutor,SUDESTE,480.0,404.512989
,2024-03-14,,VCSA EDEALINA,,,480.0,404.512989
202403.0,2024-03-15,64004.0,VCSA EDEALINA,Autoprodutor,SUDESTE,480.0,401.53883
202403.0,2024-03-15,64004.0,VCSA EDEALINA,Autoprodutor,SUDESTE,480.0,401.53883
,2024-03-15,,VCSA EDEALINA,,,480.0,401.53883
202403.0,2024-03-16,64004.0,VCSA EDEALINA,Autoprodutor,SUDESTE,480.0,425.38716
202403.0,2024-03-16,64004.0,VCSA EDEALINA,Autoprodutor,SUDESTE,480.0,425.38716
,2024-03-16,,VCSA EDEALINA,,,480.0,425.38716
202403.0,2024-03-17,64004.0,VCSA EDEALINA,Autoprodutor,SUDESTE,480.0,194.292391
202403.0,2024-03-17,64004.0,VCSA EDEALINA,Autoprodutor,SUDESTE,480.0,194.292391
,2024-03-17,,VCSA EDEALINA,,,480.0,194.292391
202403.0,2024-03-18,64004.0,VCSA EDEALINA,Autoprodutor,SUDESTE,480.0,158.516941
202403.0,2024-03-18,64004.0,VCSA EDEALINA,Autoprodutor,SUDESTE,480.0,158.516941
,2024-03-18,,VCSA EDEALINA,,,480.0,158.516941
202403.0,2024-03-19,64004.0,VCSA EDEALINA,Autoprodutor,SUDESTE,480.0,146.21067
202403.0,2024-03-19,64004.0,VCSA EDEALINA,Autoprodutor,SUDESTE,480.0,146.21067
,2024-03-19,,VCSA EDEALINA,,,480.0,146.21067
202403.0,2024-03-20,64004.0,VCSA EDEALINA,Autoprodutor,SUDESTE,480.0,131.720567
202403.0,2024-03-20,64004.0,VCSA EDEALINA,Autoprodutor,SUDESTE,480.0,131.720567
,2024-03-20,,VCSA EDEALINA,,,480.0,131.720567
202403.0,2024-03-21,64004.0,VCSA EDEALINA,Autoprodutor,SUDESTE,480.0,127.126606
202403.0,2024-03-21,64004.0,VCSA EDEALINA,Autoprodutor,SUDESTE,480.0,127.126606
,2024-03-21,,VCSA EDEALINA,,,480.0,127.126606
202403.0,2024-03-22,64004.0,VCSA EDEALINA,Autoprodutor,SUDESTE,480.0,131.221168
202403.0,2024-03-22,64004.0,VCSA EDEALINA,Autoprodutor,SUDESTE,480.0,131.221168
,2024-03-22,,VCSA EDEALINA,,,480.0,131.221168
202403.0,2024-03-23,64004.0,VCSA EDEALINA,Autoprodutor,SUDESTE,480.0,101.83214
202403.0,2024-03-23,64004.0,VCSA EDEALINA,Autoprodutor,SUDESTE,480.0,101.83214
,2024-03-23,,VCSA EDEALINA,,,480.0,101.83214
202403.0,2024-03-24,64004.0,VCSA EDEALINA,Autoprodutor,SUDESTE,480.0,71.446771
202403.0,2024-03-24,64004.0,VCSA EDEALINA,Autoprodutor,SUDESTE,480.0,71.446771
,2024-03-24,,VCSA EDEALINA,,,480.0,71.446771
202403.0,2024-03-25,64004.0,VCSA EDEALINA,Autoprodutor,SUDESTE,480.0,141.059249
202403.0,2024-03-25,64004.0,VCSA EDEALINA,Autoprodutor,SUDESTE,480.0,141.059249
,2024-03-25,,VCSA EDEALINA,,,480.0,141.059249
202403.0,2024-03-26,64004.0,VCSA EDEALINA,Autoprodutor,SUDESTE,480.0,144.970883
202403.0,2024-03-26,64004.0,VCSA EDEALINA,Autoprodutor,SUDESTE,480.0,144.970883
,2024-03-26,,VCSA EDEALINA,,,480.0,144.970883
202403.0,2024-03-27,64004.0,VCSA EDEALINA,Autoprodutor,SUDESTE,480.0,144.35088
202403.0,2024-03-27,64004.0,VCSA EDEALINA,Autoprodutor,SUDESTE,480.0,144.35088
,2024-03-27,,VCSA EDEALINA,,,480.0,144.35088
202403.0,2024-03-28,64004.0,VCSA EDEALINA,Autoprodutor,SUDESTE,480.0,132.142252
202403.0,2024-03-28,64004.0,VCSA EDEALINA,Autoprodutor,SUDESTE,480.0,132.142252
,2024-03-28,,VCSA EDEALINA,,,480.0,132.142252
202403.0,2024-03-29,64004.0,VCSA EDEALINA,Autoprodutor,SUDESTE,480.0,61.703244
202403.0,2024-03-29,64004.0,VCSA EDEALINA,Autoprodutor,SUDESTE,480.0,61.703244
,2024-03-29,,VCSA EDEALINA,,,480.0,61.703244
202403.0,2024-03-30,64004.0,VCSA EDEALINA,Autoprodutor,SUDESTE,480.0,20.715552
202403.0,2024-03-30,64004.0,VCSA EDEALINA,Autoprodutor,SUDESTE,480.0,20.715552
,2024-03-30,,VCSA EDEALINA,,,480.0,20.715552
202403.0,2024-03-31,64004.0,VCSA EDEALINA,Autoprodutor,SUDESTE,480.0,20.546979
202403.0,2024-03-31,64004.0,VCSA EDEALINA,Autoprodutor,SUDESTE,480.0,20.546979
,2024-03-31,,VCSA EDEALINA,,,480.0,20.546979
202404.0,2024-04-01,64004.0,VCSA EDEALINA,Autoprodutor,SUDESTE,480.0,49.466413
202404.0,2024-04-01,64004.0,VCSA EDEALINA,Autoprodutor,SUDESTE,480.0,49.466413
,2024-04-01,,VCSA EDEALINA,,,480.0,49.466413
202404.0,2024-04-02,64004.0,VCSA EDEALINA,Autoprodutor,SUDESTE,480.0,112.485712
202404.0,2024-04-02,64004.0,VCSA EDEALINA,Autoprodutor,SUDESTE,480.0,112.485712
,2024-04-02,,VCSA EDEALINA,,,480.0,112.485712
202404.0,2024-04-03,64004.0,VCSA EDEALINA,Autoprodutor,SUDESTE,480.0,101.790729
202404.0,2024-04-03,64004.0,VCSA EDEALINA,Autoprodutor,SUDESTE,480.0,101.790729
,2024-04-03,,VCSA EDEALINA,,,480.0,101.790729
202404.0,2024-04-04,64004.0,VCSA EDEALINA,Autoprodutor,SUDESTE,480.0,124.4202
202404.0,2024-04-04,64004.0,VCSA EDEALINA,Autoprodutor,SUDESTE,480.0,124.4202
,2024-04-04,,VCSA EDEALINA,,,480.0,124.4202
202404.0,2024-04-05,64004.0,VCSA EDEALINA,Autoprodutor,SUDESTE,480.0,140.011575
202404.0,2024-04-05,64004.0,VCSA EDEALINA,Autoprodutor,SUDESTE,480.0,140.011575
,2024-04-05,,VCSA EDEALINA,,,480.0,140.011575
202404.0,2024-04-06,64004.0,VCSA EDEALINA,Autoprodutor,SUDESTE,480.0,143.39616
202404.0,2024-04-06,64004.0,VCSA EDEALINA,Autoprodutor,SUDESTE,480.0,143.39616
,2024-04-06,,VCSA EDEALINA,,,480.0,143.39616
202404.0,2024-04-07,64004.0,VCSA EDEALINA,Autoprodutor,SUDESTE,480.0,138.994246
202404.0,2024-04-07,64004.0,VCSA EDEALINA,Autoprodutor,SUDESTE,480.0,138.994246
,2024-04-07,,VCSA EDEALINA,,,480.0,138.994246
202404.0,2024-04-08,64004.0,VCSA EDEALINA,Autoprodutor,SUDESTE,480.0,149.470998
202404.0,2024-04-08,64004.0,VCSA EDEALINA,Autoprodutor,SUDESTE,480.0,149.470998
,2024-04-08,,VCSA EDEALINA,,,480.0,149.470998
202404.0,2024-04-09,64004.0,VCSA EDEALINA,Autoprodutor,SUDESTE,480.0,145.558083
202404.0,2024-04-09,64004.0,VCSA EDEALINA,Autoprodutor,SUDESTE,480.0,145.558083
,2024-04-09,,VCSA EDEALINA,,,480.0,145.558083
202404.0,2024-04-10,64004.0,VCSA EDEALINA,Autoprodutor,SUDESTE,480.0,76.447627
202404.0,2024-04-10,64004.0,VCSA EDEALINA,Autoprodutor,SUDESTE,480.0,76.447627
,2024-04-10,,VCSA EDEALINA,,,480.0,76.447627
202404.0,2024-04-11,64004.0,VCSA EDEALINA,Autoprodutor,SUDESTE,480.0,148.572928
202404.0,2024-04-11,64004.0,VCSA EDEALINA,Autoprodutor,SUDESTE,480.0,148.572928
,2024-04-11,,VCSA EDEALINA,,,480.0,148.572928
202404.0,2024-04-12,64004.0,VCSA EDEALINA,Autoprodutor,SUDESTE,480.0,123.187718
202404.0,2024-04-12,64004.0,VCSA EDEALINA,Autoprodutor,SUDESTE,480.0,123.187718
,2024-04-12,,VCSA EDEALINA,,,480.0,123.187718
202404.0,2024-04-13,64004.0,VCSA EDEALINA,Autoprodutor,SUDESTE,480.0,179.366335
202404.0,2024-04-13,64004.0,VCSA EDEALINA,Autoprodutor,SUDESTE,480.0,179.366335
,2024-04-13,,VCSA EDEALINA,,,480.0,179.366335
202404.0,2024-04-14,64004.0,VCSA EDEALINA,Autoprodutor,SUDESTE,480.0,261.149285
202404.0,2024-04-14,64004.0,VCSA EDEALINA,Autoprodutor,SUDESTE,480.0,261.149285
,2024-04-14,,VCSA EDEALINA,,,480.0,261.149285
202404.0,2024-04-15,64004.0,VCSA EDEALINA,Autoprodutor,SUDESTE,480.0,87.22141
202404.0,2024-04-15,64004.0,VCSA EDEALINA,Autoprodutor,SUDESTE,480.0,87.22141
,2024-04-15,,VCSA EDEALINA,,,480.0,87.22141
202404.0,2024-04-16,64004.0,VCSA EDEALINA,Autoprodutor,SUDESTE,480.0,350.877061
202404.0,2024-04-16,64004.0,VCSA EDEALINA,Autoprodutor,SUDESTE,480.0,350.877061
,2024-04-16,,VCSA EDEALINA,,,480.0,350.877061
202404.0,2024-04-17,64004.0,VCSA EDEALINA,Autoprodutor,SUDESTE,480.0,350.493448
202404.0,2024-04-17,64004.0,VCSA EDEALINA,Autoprodutor,SUDESTE,480.0,350.493448
,2024-04-17,,VCSA EDEALINA,,,480.0,350.493448
202404.0,2024-04-18,64004.0,VCSA EDEALINA,Autoprodutor,SUDESTE,480.0,406.644997
202404.0,2024-04-18,64004.0,VCSA EDEALINA,Autoprodutor,SUDESTE,480.0,406.644997
,2024-04-18,,VCSA EDEALINA,,,480.0,406.644997
202404.0,2024-04-19,64004.0,VCSA EDEALINA,Autoprodutor,SUDESTE,480.0,354.192719
202404.0,2024-04-19,64004.0,VCSA EDEALINA,Autoprodutor,SUDESTE,480.0,354.192719
,2024-04-19,,VCSA EDEALINA,,,480.0,354.192719
202404.0,2024-04-20,64004.0,VCSA EDEALINA,Autoprodutor,SUDESTE,480.0,368.117895
202404.0,2024-04-20,64004.0,VCSA EDEALINA,Autoprodutor,SUDESTE,480.0,368.117895
,2024-04-20,,VCSA EDEALINA,,,480.0,368.117895
202404.0,2024-04-21,64004.0,VCSA EDEALINA,Autoprodutor,SUDESTE,480.0,387.235693
202404.0,2024-04-21,64004.0,VCSA EDEALINA,Autoprodutor,SUDESTE,480.0,387.235693
,2024-04-21,,VCSA EDEALINA,,,480.0,387.235693
202404.0,2024-04-22,64004.0,VCSA EDEALINA,Autoprodutor,SUDESTE,480.0,364.372437
202404.0,2024-04-22,64004.0,VCSA EDEALINA,Autoprodutor,SUDESTE,480.0,364.372437
,2024-04-22,,VCSA EDEALINA,,,480.0,364.372437
202404.0,2024-04-23,64004.0,VCSA EDEALINA,Autoprodutor,SUDESTE,480.0,354.938992
202404.0,2024-04-23,64004.0,VCSA EDEALINA,Autoprodutor,SUDESTE,480.0,354.938992
,2024-04-23,,VCSA EDEALINA,,,480.0,354.938992
202404.0,2024-04-24,64004.0,VCSA EDEALINA,Autoprodutor,SUDESTE,480.0,334.420677
202404.0,2024-04-24,64004.0,VCSA EDEALINA,Autoprodutor,SUDESTE,480.0,334.420677
,2024-04-24,,VCSA EDEALINA,,,480.0,334.420677
202404.0,2024-04-25,64004.0,VCSA EDEALINA,Autoprodutor,SUDESTE,480.0,342.207383
202404.0,2024-04-25,64004.0,VCSA EDEALINA,Autoprodutor,SUDESTE,480.0,342.207383
,2024-04-25,,VCSA EDEALINA,,,480.0,342.207383
202404.0,2024-04-26,64004.0,VCSA EDEALINA,Autoprodutor,SUDESTE,480.0,399.48122
202404.0,2024-04-26,64004.0,VCSA EDEALINA,Autoprodutor,SUDESTE,480.0,399.48122
,2024-04-26,,VCSA EDEALINA,,,480.0,399.48122
202404.0,2024-04-27,64004.0,VCSA EDEALINA,Autoprodutor,SUDESTE,480.0,186.19707
202404.0,2024-04-27,64004.0,VCSA EDEALINA,Autoprodutor,SUDESTE,480.0,186.19707
,2024-04-27,,VCSA EDEALINA,,,480.0,186.19707
202404.0,2024-04-28,64004.0,VCSA EDEALINA,Autoprodutor,SUDESTE,480.0,145.096446
202404.0,2024-04-28,64004.0,VCSA EDEALINA,Autoprodutor,SUDESTE,480.0,145.096446
,2024-04-28,,VCSA EDEALINA,,,480.0,145.096446
202404.0,2024-04-29,64004.0,VCSA EDEALINA,Autoprodutor,SUDESTE,480.0,155.433117
202404.0,2024-04-29,64004.0,VCSA EDEALINA,Autoprodutor,SUDESTE,480.0,155.433117
,2024-04-29,,VCSA EDEALINA,,,480.0,155.433117
202404.0,2024-04-30,64004.0,VCSA EDEALINA,Autoprodutor,SUDESTE,480.0,145.656594
202404.0,2024-04-30,64004.0,VCSA EDEALINA,Autoprodutor,SUDESTE,480.0,145.656594
,2024-04-30,,VCSA EDEALINA,,,480.0,145.656594
202405.0,2024-05-01,64004.0,VCSA EDEALINA,Autoprodutor,SUDESTE,480.0,138.606446
202405.0,2024-05-01,64004.0,VCSA EDEALINA,Autoprodutor,SUDESTE,480.0,138.606446
,2024-05-01,,VCSA EDEALINA,,,480.0,138.606446
202405.0,2024-05-02,64004.0,VCSA EDEALINA,Autoprodutor,SUDESTE,480.0,140.044086
202405.0,2024-05-02,64004.0,VCSA EDEALINA,Autoprodutor,SUDESTE,480.0,140.044086
,2024-05-02,,VCSA EDEALINA,,,480.0,140.044086
202405.0,2024-05-03,64004.0,VCSA EDEALINA,Autoprodutor,SUDESTE,480.0,181.60681
202405.0,2024-05-03,64004.0,VCSA EDEALINA,Autoprodutor,SUDESTE,480.0,181.60681
,2024-05-03,,VCSA EDEALINA,,,480.0,181.60681
202405.0,2024-05-04,64004.0,VCSA EDEALINA,Autoprodutor,SUDESTE,480.0,409.562513
202405.0,2024-05-04,64004.0,VCSA EDEALINA,Autoprodutor,SUDESTE,480.0,409.562513
,2024-05-04,,VCSA EDEALINA,,,480.0,409.562513
202405.0,2024-05-05,64004.0,VCSA EDEALINA,Autoprodutor,SUDESTE,480.0,301.081773
202405.0,2024-05-05,64004.0,VCSA EDEALINA,Autoprodutor,SUDESTE,480.0,301.081773
,2024-05-05,,VCSA EDEALINA,,,480.0,301.081773
202405.0,2024-05-06,64004.0,VCSA EDEALINA,Autoprodutor,SUDESTE,480.0,281.872629
202405.0,2024-05-06,64004.0,VCSA EDEALINA,Autoprodutor,SUDESTE,480.0,281.872629
,2024-05-06,,VCSA EDEALINA,,,480.0,281.872629
202405.0,2024-05-07,64004.0,VCSA EDEALINA,Autoprodutor,SUDESTE,480.0,286.405087
202405.0,2024-05-07,64004.0,VCSA EDEALINA,Autoprodutor,SUDESTE,480.0,286.405087
,2024-05-07,,VCSA EDEALINA,,,480.0,286.405087
202405.0,2024-05-08,64004.0,VCSA EDEALINA,Autoprodutor,SUDESTE,480.0,275.309044
202405.0,2024-05-08,64004.0,VCSA EDEALINA,Autoprodutor,SUDESTE,480.0,275.309044
,2024-05-08,,VCSA EDEALINA,,,480.0,275.309044
202405.0,2024-05-09,64004.0,VCSA EDEALINA,Autoprodutor,SUDESTE,480.0,392.863575
202405.0,2024-05-09,64004.0,VCSA EDEALINA,Autoprodutor,SUDESTE,480.0,392.863575
,2024-05-09,,VCSA EDEALINA,,,480.0,392.863575
202405.0,2024-05-10,64004.0,VCSA EDEALINA,Autoprodutor,SUDESTE,480.0,393.325043
202405.0,2024-05-10,64004.0,VCSA EDEALINA,Autoprodutor,SUDESTE,480.0,393.325043
,2024-05-10,,VCSA EDEALINA,,,480.0,393.325043
202405.0,2024-05-11,64004.0,VCSA EDEALINA,Autoprodutor,SUDESTE,480.0,423.109915
202405.0,2024-05-11,64004.0,VCSA EDEALINA,Autoprodutor,SUDESTE,480.0,423.109915
,2024-05-11,,VCSA EDEALINA,,,480.0,423.109915
202405.0,2024-05-12,64004.0,VCSA EDEALINA,Autoprodutor,SUDESTE,480.0,241.780829
202405.0,2024-05-12,64004.0,VCSA EDEALINA,Autoprodutor,SUDESTE,480.0,241.780829
,2024-05-12,,VCSA EDEALINA,,,480.0,241.780829
202405.0,2024-05-13,64004.0,VCSA EDEALINA,Autoprodutor,SUDESTE,480.0,309.209911
202405.0,2024-05-13,64004.0,VCSA EDEALINA,Autoprodutor,SUDESTE,480.0,309.209911
,2024-05-13,,VCSA EDEALINA,,,480.0,309.209911
202405.0,2024-05-14,64004.0,VCSA EDEALINA,Autoprodutor,SUDESTE,480.0,399.473131
202405.0,2024-05-14,64004.0,VCSA EDEALINA,Autoprodutor,SUDESTE,480.0,399.473131
,2024-05-14,,VCSA EDEALINA,,,480.0,399.473131
202405.0,2024-05-15,64004.0,VCSA EDEALINA,Autoprodutor,SUDESTE,480.0,390.953871
202405.0,2024-05-15,64004.0,VCSA EDEALINA,Autoprodutor,SUDESTE,480.0,390.953871
,2024-05-15,,VCSA EDEALINA,,,480.0,390.953871
202405.0,2024-05-16,64004.0,VCSA EDEALINA,Autoprodutor,SUDESTE,480.0,327.63764000000003
202405.0,2024-05-16,64004.0,VCSA EDEALINA,Autoprodutor,SUDESTE,480.0,327.63764000000003
,2024-05-16,,VCSA EDEALINA,,,480.0,327.63764000000003
202405.0,2024-05-17,64004.0,VCSA EDEALINA,Autoprodutor,SUDESTE,480.0,369.225594
202405.0,2024-05-17,64004.0,VCSA EDEALINA,Autoprodutor,SUDESTE,480.0,369.225594
,2024-05-17,,VCSA EDEALINA,,,480.0,369.225594
202405.0,2024-05-18,64004.0,VCSA EDEALINA,Autoprodutor,SUDESTE,480.0,401.045482
202405.0,2024-05-18,64004.0,VCSA EDEALINA,Autoprodutor,SUDESTE,480.0,401.045482
,2024-05-18,,VCSA EDEALINA,,,480.0,401.045482
202405.0,2024-05-19,64004.0,VCSA EDEALINA,Autoprodutor,SUDESTE,480.0,276.878413
202405.0,2024-05-19,64004.0,VCSA EDEALINA,Autoprodutor,SUDESTE,480.0,276.878413
,2024-05-19,,VCSA EDEALINA,,,480.0,276.878413
202405.0,2024-05-20,64004.0,VCSA EDEALINA,Autoprodutor,SUDESTE,480.0,367.86923
202405.0,2024-05-20,64004.0,VCSA EDEALINA,Autoprodutor,SUDESTE,480.0,367.86923
,2024-05-20,,VCSA EDEALINA,,,480.0,367.86923
202405.0,2024-05-21,64004.0,VCSA EDEALINA,Autoprodutor,SUDESTE,480.0,390.51184
202405.0,2024-05-21,64004.0,VCSA EDEALINA,Autoprodutor,SUDESTE,480.0,390.51184
,2024-05-21,,VCSA EDEALINA,,,480.0,390.51184
202405.0,2024-05-22,64004.0,VCSA EDEALINA,Autoprodutor,SUDESTE,480.0,388.683144
202405.0,2024-05-22,64004.0,VCSA EDEALINA,Autoprodutor,SUDESTE,480.0,388.683144
,2024-05-22,,VCSA EDEALINA,,,480.0,388.683144
202405.0,2024-05-23,64004.0,VCSA EDEALINA,Autoprodutor,SUDESTE,480.0,383.023287
202405.0,2024-05-23,64004.0,VCSA EDEALINA,Autoprodutor,SUDESTE,480.0,383.023287
,2024-05-23,,VCSA EDEALINA,,,480.0,383.023287
202405.0,2024-05-24,64004.0,VCSA EDEALINA,Autoprodutor,SUDESTE,480.0,386.827351
202405.0,2024-05-24,64004.0,VCSA EDEALINA,Autoprodutor,SUDESTE,480.0,386.827351
,2024-05-24,,VCSA EDEALINA,,,480.0,386.827351
202405.0,2024-05-25,64004.0,VCSA EDEALINA,Autoprodutor,SUDESTE,480.0,393.992891
202405.0,2024-05-25,64004.0,VCSA EDEALINA,Autoprodutor,SUDESTE,480.0,393.992891
,2024-05-25,,VCSA EDEALINA,,,480.0,393.992891
202405.0,2024-05-26,64004.0,VCSA EDEALINA,Autoprodutor,SUDESTE,480.0,368.866091
202405.0,2024-05-26,64004.0,VCSA EDEALINA,Autoprodutor,SUDESTE,480.0,368.866091
,2024-05-26,,VCSA EDEALINA,,,480.0,368.866091
202405.0,2024-05-27,64004.0,VCSA EDEALINA,Autoprodutor,SUDESTE,480.0,323.062529
202405.0,2024-05-27,64004.0,VCSA EDEALINA,Autoprodutor,SUDESTE,480.0,323.062529
,2024-05-27,,VCSA EDEALINA,,,480.0,323.062529
202405.0,2024-05-28,64004.0,VCSA EDEALINA,Autoprodutor,SUDESTE,480.0,236.047752
202405.0,2024-05-28,64004.0,VCSA EDEALINA,Autoprodutor,SUDESTE,480.0,236.047752
,2024-05-28,,VCSA EDEALINA,,,480.0,236.047752
202405.0,2024-05-29,64004.0,VCSA EDEALINA,Autoprodutor,SUDESTE,480.0,346.893867
202405.0,2024-05-29,64004.0,VCSA EDEALINA,Autoprodutor,SUDESTE,480.0,346.893867
,2024-05-29,,VCSA EDEALINA,,,480.0,346.893867
202405.0,2024-05-30,64004.0,VCSA EDEALINA,Autoprodutor,SUDESTE,480.0,379.577364
202405.0,2024-05-30,64004.0,VCSA EDEALINA,Autoprodutor,SUDESTE,480.0,379.577364
,2024-05-30,,VCSA EDEALINA,,,480.0,379.577364
202405.0,2024-05-31,64004.0,VCSA EDEALINA,Autoprodutor,SUDESTE,480.0,334.23778
202405.0,2024-05-31,64004.0,VCSA EDEALINA,Autoprodutor,SUDESTE,480.0,334.23778
,2024-05-31,,VCSA EDEALINA,,,480.0,334.23778
202406.0,2024-06-01,64004.0,VCSA EDEALINA,Autoprodutor,SUDESTE,480.0,427.580015
202406.0,2024-06-01,64004.0,VCSA EDEALINA,Autoprodutor,SUDESTE,480.0,427.580015
,2024-06-01,,VCSA EDEALINA,,,480.0,427.580015
202406.0,2024-06-02,64004.0,VCSA EDEALINA,Autoprodutor,SUDESTE,480.0,406.414388
202406.0,2024-06-02,64004.0,VCSA EDEALINA,Autoprodutor,SUDESTE,480.0,406.414388
,2024-06-02,,VCSA EDEALINA,,,480.0,406.414388
202406.0,2024-06-03,64004.0,VCSA EDEALINA,Autoprodutor,SUDESTE,480.0,346.789482
202406.0,2024-06-03,64004.0,VCSA EDEALINA,Autoprodutor,SUDESTE,480.0,346.789482
,2024-06-03,,VCSA EDEALINA,,,480.0,346.789482
202406.0,2024-06-04,64004.0,VCSA EDEALINA,Autoprodutor,SUDESTE,480.0,345.418422
202406.0,2024-06-04,64004.0,VCSA EDEALINA,Autoprodutor,SUDESTE,480.0,345.418422
,2024-06-04,,VCSA EDEALINA,,,480.0,345.418422
202406.0,2024-06-05,64004.0,VCSA EDEALINA,Autoprodutor,SUDESTE,480.0,409.29918
202406.0,2024-06-05,64004.0,VCSA EDEALINA,Autoprodutor,SUDESTE,480.0,409.29918
,2024-06-05,,VCSA EDEALINA,,,480.0,409.29918
202406.0,2024-06-06,64004.0,VCSA EDEALINA,Autoprodutor,SUDESTE,480.0,371.870182
202406.0,2024-06-06,64004.0,VCSA EDEALINA,Autoprodutor,SUDESTE,480.0,371.870182
,2024-06-06,,VCSA EDEALINA,,,480.0,371.870182
202406.0,2024-06-07,64004.0,VCSA EDEALINA,Autoprodutor,SUDESTE,480.0,384.137937
202406.0,2024-06-07,64004.0,VCSA EDEALINA,Autoprodutor,SUDESTE,480.0,384.137937
,2024-06-07,,VCSA EDEALINA,,,480.0,384.137937
202406.0,2024-06-08,64004.0,VCSA EDEALINA,Autoprodutor,SUDESTE,480.0,409.349585
202406.0,2024-06-08,64004.0,VCSA EDEALINA,Autoprodutor,SUDESTE,480.0,409.349585
,2024-06-08,,VCSA EDEALINA,,,480.0,409.349585
202406.0,2024-06-09,64004.0,VCSA EDEALINA,Autoprodutor,SUDESTE,480.0,381.77072
202406.0,2024-06-09,64004.0,VCSA EDEALINA,Autoprodutor,SUDESTE,480.0,381.77072
,2024-06-09,,VCSA EDEALINA,,,480.0,381.77072
202406.0,2024-06-10,64004.0,VCSA EDEALINA,Autoprodutor,SUDESTE,480.0,221.130422
202406.0,2024-06-10,64004.0,VCSA EDEALINA,Autoprodutor,SUDESTE,480.0,221.130422
,2024-06-10,,VCSA EDEALINA,,,480.0,221.130422
202406.0,2024-06-11,64004.0,VCSA EDEALINA,Autoprodutor,SUDESTE,480.0,146.37088599999998
202406.0,2024-06-11,64004.0,VCSA EDEALINA,Autoprodutor,SUDESTE,480.0,146.37088599999998
,2024-06-11,,VCSA EDEALINA,,,480.0,146.37088599999998
202406.0,2024-06-12,64004.0,VCSA EDEALINA,Autoprodutor,SUDESTE,480.0,136.124673
202406.0,2024-06-12,64004.0,VCSA EDEALINA,Autoprodutor,SUDESTE,480.0,136.124673
,2024-06-12,,VCSA EDEALINA,,,480.0,136.124673
202406.0,2024-06-13,64004.0,VCSA EDEALINA,Autoprodutor,SUDESTE,480.0,144.667708
202406.0,2024-06-13,64004.0,VCSA EDEALINA,Autoprodutor,SUDESTE,480.0,144.667708
,2024-06-13,,VCSA EDEALINA,,,480.0,144.667708
202406.0,2024-06-14,64004.0,VCSA EDEALINA,Autoprodutor,SUDESTE,480.0,149.68268799999998
202406.0,2024-06-14,64004.0,VCSA EDEALINA,Autoprodutor,SUDESTE,480.0,149.68268799999998
,2024-06-14,,VCSA EDEALINA,,,480.0,149.68268799999998
202406.0,2024-06-15,64004.0,VCSA EDEALINA,Autoprodutor,SUDESTE,480.0,122.970184
202406.0,2024-06-15,64004.0,VCSA EDEALINA,Autoprodutor,SUDESTE,480.0,122.970184
,2024-06-15,,VCSA EDEALINA,,,480.0,122.970184
202406.0,2024-06-16,64004.0,VCSA EDEALINA,Autoprodutor,SUDESTE,480.0,136.94612
202406.0,2024-06-16,64004.0,VCSA EDEALINA,Autoprodutor,SUDESTE,480.0,136.94612
,2024-06-16,,VCSA EDEALINA,,,480.0,136.94612
202406.0,2024-06-17,64004.0,VCSA EDEALINA,Autoprodutor,SUDESTE,480.0,121.467356
202406.0,2024-06-17,64004.0,VCSA EDEALINA,Autoprodutor,SUDESTE,480.0,121.467356
,2024-06-17,,VCSA EDEALINA,,,480.0,121.467356
202406.0,2024-06-18,64004.0,VCSA EDEALINA,Autoprodutor,SUDESTE,480.0,108.282569
202406.0,2024-06-18,64004.0,VCSA EDEALINA,Autoprodutor,SUDESTE,480.0,108.282569
,2024-06-18,,VCSA EDEALINA,,,480.0,108.282569
202406.0,2024-06-19,64004.0,VCSA EDEALINA,Autoprodutor,SUDESTE,480.0,137.280518
202406.0,2024-06-19,64004.0,VCSA EDEALINA,Autoprodutor,SUDESTE,480.0,137.280518
,2024-06-19,,VCSA EDEALINA,,,480.0,137.280518
202406.0,2024-06-20,64004.0,VCSA EDEALINA,Autoprodutor,SUDESTE,480.0,139.865511
202406.0,2024-06-20,64004.0,VCSA EDEALINA,Autoprodutor,SUDESTE,480.0,139.865511
,2024-06-20,,VCSA EDEALINA,,,480.0,139.865511
202406.0,2024-06-21,64004.0,VCSA EDEALINA,Autoprodutor,SUDESTE,480.0,141.977429
202406.0,2024-06-21,64004.0,VCSA EDEALINA,Autoprodutor,SUDESTE,480.0,141.977429
,2024-06-21,,VCSA EDEALINA,,,480.0,141.977429
202406.0,2024-06-22,64004.0,VCSA EDEALINA,Autoprodutor,SUDESTE,480.0,138.726926
202406.0,2024-06-22,64004.0,VCSA EDEALINA,Autoprodutor,SUDESTE,480.0,138.726926
,2024-06-22,,VCSA EDEALINA,,,480.0,138.726926
202406.0,2024-06-23,64004.0,VCSA EDEALINA,Autoprodutor,SUDESTE,480.0,117.964349
202406.0,2024-06-23,64004.0,VCSA EDEALINA,Autoprodutor,SUDESTE,480.0,117.964349
,2024-06-23,,VCSA EDEALINA,,,480.0,117.964349
202406.0,2024-06-24,64004.0,VCSA EDEALINA,Autoprodutor,SUDESTE,480.0,54.246774
202406.0,2024-06-24,64004.0,VCSA EDEALINA,Autoprodutor,SUDESTE,480.0,54.246774
,2024-06-24,,VCSA EDEALINA,,,480.0,54.246774
202406.0,2024-06-25,64004.0,VCSA EDEALINA,Autoprodutor,SUDESTE,480.0,97.048592
202406.0,2024-06-25,64004.0,VCSA EDEALINA,Autoprodutor,SUDESTE,480.0,97.048592
,2024-06-25,,VCSA EDEALINA,,,480.0,97.048592
202406.0,2024-06-26,64004.0,VCSA EDEALINA,Autoprodutor,SUDESTE,480.0,141.815697
202406.0,2024-06-26,64004.0,VCSA EDEALINA,Autoprodutor,SUDESTE,480.0,141.815697
,2024-06-26,,VCSA EDEALINA,,,480.0,141.815697
202406.0,2024-06-27,64004.0,VCSA EDEALINA,Autoprodutor,SUDESTE,480.0,142.308718
202406.0,2024-06-27,64004.0,VCSA EDEALINA,Autoprodutor,SUDESTE,480.0,142.308718
,2024-06-27,,VCSA EDEALINA,,,480.0,142.308718
202406.0,2024-06-28,64004.0,VCSA EDEALINA,Autoprodutor,SUDESTE,480.0,142.738575
202406.0,2024-06-28,64004.0,VCSA EDEALINA,Autoprodutor,SUDESTE,480.0,142.738575
,2024-06-28,,VCSA EDEALINA,,,480.0,142.738575
202406.0,2024-06-29,64004.0,VCSA EDEALINA,Autoprodutor,SUDESTE,480.0,142.106862
202406.0,2024-06-29,64004.0,VCSA EDEALINA,Autoprodutor,SUDESTE,480.0,142.106862
,2024-06-29,,VCSA EDEALINA,,,480.0,142.106862
202406.0,2024-06-30,64004.0,VCSA EDEALINA,Autoprodutor,SUDESTE,480.0,138.999649
202406.0,2024-06-30,64004.0,VCSA EDEALINA,Autoprodutor,SUDESTE,480.0,138.999649
,2024-06-30,,VCSA EDEALINA,,,480.0,138.999649
202407.0,2024-07-01,64004.0,VCSA EDEALINA,Autoprodutor,SUDESTE,480.0,141.715113
202407.0,2024-07-01,64004.0,VCSA EDEALINA,Autoprodutor,SUDESTE,480.0,141.715113
,2024-07-01,,VCSA EDEALINA,,,480.0,141.715113
202407.0,2024-07-02,64004.0,VCSA EDEALINA,Autoprodutor,SUDESTE,480.0,143.589853
202407.0,2024-07-02,64004.0,VCSA EDEALINA,Autoprodutor,SUDESTE,480.0,143.589853
,2024-07-02,,VCSA EDEALINA,,,480.0,143.589853
202407.0,2024-07-03,64004.0,VCSA EDEALINA,Autoprodutor,SUDESTE,480.0,138.583191
202407.0,2024-07-03,64004.0,VCSA EDEALINA,Autoprodutor,SUDESTE,480.0,138.583191
,2024-07-03,,VCSA EDEALINA,,,480.0,138.583191
202407.0,2024-07-04,64004.0,VCSA EDEALINA,Autoprodutor,SUDESTE,480.0,149.042133
202407.0,2024-07-04,64004.0,VCSA EDEALINA,Autoprodutor,SUDESTE,480.0,149.042133
,2024-07-04,,VCSA EDEALINA,,,480.0,149.042133
202407.0,2024-07-05,64004.0,VCSA EDEALINA,Autoprodutor,SUDESTE,480.0,124.060641
202407.0,2024-07-05,64004.0,VCSA EDEALINA,Autoprodutor,SUDESTE,480.0,124.060641
,2024-07-05,,VCSA EDEALINA,,,480.0,124.060641
202407.0,2024-07-06,64004.0,VCSA EDEALINA,Autoprodutor,SUDESTE,480.0,160.788148
202407.0,2024-07-06,64004.0,VCSA EDEALINA,Autoprodutor,SUDESTE,480.0,160.788148
,2024-07-06,,VCSA EDEALINA,,,480.0,160.788148
202407.0,2024-07-07,64004.0,VCSA EDEALINA,Autoprodutor,SUDESTE,480.0,127.160336
202407.0,2024-07-07,64004.0,VCSA EDEALINA,Autoprodutor,SUDESTE,480.0,127.160336
,2024-07-07,,VCSA EDEALINA,,,480.0,127.160336
202407.0,2024-07-08,64004.0,VCSA EDEALINA,Autoprodutor,SUDESTE,480.0,307.609061
202407.0,2024-07-08,64004.0,VCSA EDEALINA,Autoprodutor,SUDESTE,480.0,307.609061
,2024-07-08,,VCSA EDEALINA,,,480.0,307.609061
202407.0,2024-07-09,64004.0,VCSA EDEALINA,Autoprodutor,SUDESTE,480.0,400.300594
202407.0,2024-07-09,64004.0,VCSA EDEALINA,Autoprodutor,SUDESTE,480.0,400.300594
,2024-07-09,,VCSA EDEALINA,,,480.0,400.300594
202407.0,2024-07-10,64004.0,VCSA EDEALINA,Autoprodutor,SUDESTE,480.0,384.191797
202407.0,2024-07-10,64004.0,VCSA EDEALINA,Autoprodutor,SUDESTE,480.0,384.191797
,2024-07-10,,VCSA EDEALINA,,,480.0,384.191797
202407.0,2024-07-11,64004.0,VCSA EDEALINA,Autoprodutor,SUDESTE,480.0,363.570879
202407.0,2024-07-11,64004.0,VCSA EDEALINA,Autoprodutor,SUDESTE,480.0,363.570879
,2024-07-11,,VCSA EDEALINA,,,480.0,363.570879
202407.0,2024-07-12,64004.0,VCSA EDEALINA,Autoprodutor,SUDESTE,480.0,340.689997
202407.0,2024-07-12,64004.0,VCSA EDEALINA,Autoprodutor,SUDESTE,480.0,340.689997
,2024-07-12,,VCSA EDEALINA,,,480.0,340.689997
202407.0,2024-07-13,64004.0,VCSA EDEALINA,Autoprodutor,SUDESTE,480.0,306.41532
202407.0,2024-07-13,64004.0,VCSA EDEALINA,Autoprodutor,SUDESTE,480.0,306.41532
,2024-07-13,,VCSA EDEALINA,,,480.0,306.41532
202407.0,2024-07-14,64004.0,VCSA EDEALINA,Autoprodutor,SUDESTE,480.0,380.328045
202407.0,2024-07-14,64004.0,VCSA EDEALINA,Autoprodutor,SUDESTE,480.0,380.328045
,2024-07-14,,VCSA EDEALINA,,,480.0,380.328045
202407.0,2024-07-15,64004.0,VCSA EDEALINA,Autoprodutor,SUDESTE,480.0,367.234133
202407.0,2024-07-15,64004.0,VCSA EDEALINA,Autoprodutor,SUDESTE,480.0,367.234133
,2024-07-15,,VCSA EDEALINA,,,480.0,367.234133
202407.0,2024-07-16,64004.0,VCSA EDEALINA,Autoprodutor,SUDESTE,480.0,381.343957
202407.0,2024-07-16,64004.0,VCSA EDEALINA,Autoprodutor,SUDESTE,480.0,381.343957
,2024-07-16,,VCSA EDEALINA,,,480.0,381.343957
202407.0,2024-07-17,64004.0,VCSA EDEALINA,Autoprodutor,SUDESTE,480.0,401.995809
202407.0,2024-07-17,64004.0,VCSA EDEALINA,Autoprodutor,SUDESTE,480.0,401.995809
,2024-07-17,,VCSA EDEALINA,,,480.0,401.995809
202407.0,2024-07-18,64004.0,VCSA EDEALINA,Autoprodutor,SUDESTE,480.0,411.535969
202407.0,2024-07-18,64004.0,VCSA EDEALINA,Autoprodutor,SUDESTE,480.0,411.535969
,2024-07-18,,VCSA EDEALINA,,,480.0,411.535969
202407.0,2024-07-19,64004.0,VCSA EDEALINA,Autoprodutor,SUDESTE,480.0,299.725841
202407.0,2024-07-19,64004.0,VCSA EDEALINA,Autoprodutor,SUDESTE,480.0,299.725841
,2024-07-19,,VCSA EDEALINA,,,480.0,299.725841
202407.0,2024-07-20,64004.0,VCSA EDEALINA,Autoprodutor,SUDESTE,480.0,416.972214
202407.0,2024-07-20,64004.0,VCSA EDEALINA,Autoprodutor,SUDESTE,480.0,416.972214
,2024-07-20,,VCSA EDEALINA,,,480.0,416.972214
202407.0,2024-07-21,64004.0,VCSA EDEALINA,Autoprodutor,SUDESTE,480.0,414.482435
202407.0,2024-07-21,64004.0,VCSA EDEALINA,Autoprodutor,SUDESTE,480.0,414.482435
,2024-07-21,,VCSA EDEALINA,,,480.0,414.482435
202407.0,2024-07-22,64004.0,VCSA EDEALINA,Autoprodutor,SUDESTE,480.0,344.561676
202407.0,2024-07-22,64004.0,VCSA EDEALINA,Autoprodutor,SUDESTE,480.0,344.561676
,2024-07-22,,VCSA EDEALINA,,,480.0,344.561676
202407.0,2024-07-23,64004.0,VCSA EDEALINA,Autoprodutor,SUDESTE,480.0,388.205789
202407.0,2024-07-23,64004.0,VCSA EDEALINA,Autoprodutor,SUDESTE,480.0,388.205789
,2024-07-23,,VCSA EDEALINA,,,480.0,388.205789
202407.0,2024-07-24,64004.0,VCSA EDEALINA,Autoprodutor,SUDESTE,480.0,396.149509
202407.0,2024-07-24,64004.0,VCSA EDEALINA,Autoprodutor,SUDESTE,480.0,396.149509
,2024-07-24,,VCSA EDEALINA,,,480.0,396.149509
202407.0,2024-07-25,64004.0,VCSA EDEALINA,Autoprodutor,SUDESTE,480.0,416.340628
202407.0,2024-07-25,64004.0,VCSA EDEALINA,Autoprodutor,SUDESTE,480.0,416.340628
,2024-07-25,,VCSA EDEALINA,,,480.0,416.340628
202407.0,2024-07-26,64004.0,VCSA EDEALINA,Autoprodutor,SUDESTE,480.0,372.163656
202407.0,2024-07-26,64004.0,VCSA EDEALINA,Autoprodutor,SUDESTE,480.0,372.163656
,2024-07-26,,VCSA EDEALINA,,,480.0,372.163656
202407.0,2024-07-27,64004.0,VCSA EDEALINA,Autoprodutor,SUDESTE,480.0,413.557275
202407.0,2024-07-27,64004.0,VCSA EDEALINA,Autoprodutor,SUDESTE,480.0,413.557275
,2024-07-27,,VCSA EDEALINA,,,480.0,413.557275
202407.0,2024-07-28,64004.0,VCSA EDEALINA,Autoprodutor,SUDESTE,480.0,395.201467
202407.0,2024-07-28,64004.0,VCSA EDEALINA,Autoprodutor,SUDESTE,480.0,395.201467
,2024-07-28,,VCSA EDEALINA,,,480.0,395.201467
202407.0,2024-07-29,64004.0,VCSA EDEALINA,Autoprodutor,SUDESTE,480.0,362.87593
202407.0,2024-07-29,64004.0,VCSA EDEALINA,Autoprodutor,SUDESTE,480.0,362.87593
,2024-07-29,,VCSA EDEALINA,,,480.0,362.87593
202407.0,2024-07-30,64004.0,VCSA EDEALINA,Autoprodutor,SUDESTE,480.0,383.94847
202407.0,2024-07-30,64004.0,VCSA EDEALINA,Autoprodutor,SUDESTE,480.0,383.94847
,2024-07-30,,VCSA EDEALINA,,,480.0,383.94847
202407.0,2024-07-31,64004.0,VCSA EDEALINA,Autoprodutor,SUDESTE,480.0,421.101604
202407.0,2024-07-31,64004.0,VCSA EDEALINA,Autoprodutor,SUDESTE,480.0,421.101604
,2024-07-31,,VCSA EDEALINA,,,480.0,421.101604
202408.0,2024-08-01,64004.0,VCSA EDEALINA,Autoprodutor,SUDESTE,480.0,358.894334
202408.0,2024-08-01,64004.0,VCSA EDEALINA,Autoprodutor,SUDESTE,480.0,358.894334
,2024-08-01,,VCSA EDEALINA,,,480.0,358.894334
202408.0,2024-08-02,64004.0,VCSA EDEALINA,Autoprodutor,SUDESTE,480.0,365.733217
202408.0,2024-08-02,64004.0,VCSA EDEALINA,Autoprodutor,SUDESTE,480.0,365.733217
,2024-08-02,,VCSA EDEALINA,,,480.0,365.733217
202408.0,2024-08-03,64004.0,VCSA EDEALINA,Autoprodutor,SUDESTE,480.0,426.496384
202408.0,2024-08-03,64004.0,VCSA EDEALINA,Autoprodutor,SUDESTE,480.0,426.496384
,2024-08-03,,VCSA EDEALINA,,,480.0,426.496384
202408.0,2024-08-04,64004.0,VCSA EDEALINA,Autoprodutor,SUDESTE,480.0,392.561025
202408.0,2024-08-04,64004.0,VCSA EDEALINA,Autoprodutor,SUDESTE,480.0,392.561025
,2024-08-04,,VCSA EDEALINA,,,480.0,392.561025
202408.0,2024-08-05,64004.0,VCSA EDEALINA,Autoprodutor,SUDESTE,480.0,307.164989
202408.0,2024-08-05,64004.0,VCSA EDEALINA,Autoprodutor,SUDESTE,480.0,307.164989
,2024-08-05,,VCSA EDEALINA,,,480.0,307.164989
202408.0,2024-08-06,64004.0,VCSA EDEALINA,Autoprodutor,SUDESTE,480.0,384.729511
202408.0,2024-08-06,64004.0,VCSA EDEALINA,Autoprodutor,SUDESTE,480.0,384.729511
,2024-08-06,,VCSA EDEALINA,,,480.0,384.729511
202408.0,2024-08-07,64004.0,VCSA EDEALINA,Autoprodutor,SUDESTE,480.0,344.62682
202408.0,2024-08-07,64004.0,VCSA EDEALINA,Autoprodutor,SUDESTE,480.0,344.62682
,2024-08-07,,VCSA EDEALINA,,,480.0,344.62682
202408.0,2024-08-08,64004.0,VCSA EDEALINA,Autoprodutor,SUDESTE,480.0,374.464043
202408.0,2024-08-08,64004.0,VCSA EDEALINA,Autoprodutor,SUDESTE,480.0,374.464043
,2024-08-08,,VCSA EDEALINA,,,480.0,374.464043
202408.0,2024-08-09,64004.0,VCSA EDEALINA,Autoprodutor,SUDESTE,480.0,383.556326
202408.0,2024-08-09,64004.0,VCSA EDEALINA,Autoprodutor,SUDESTE,480.0,383.556326
,2024-08-09,,VCSA EDEALINA,,,480.0,383.556326
202408.0,2024-08-10,64004.0,VCSA EDEALINA,Autoprodutor,SUDESTE,480.0,400.472908
202408.0,2024-08-10,64004.0,VCSA EDEALINA,Autoprodutor,SUDESTE,480.0,400.472908
,2024-08-10,,VCSA EDEALINA,,,480.0,400.472908
202408.0,2024-08-11,64004.0,VCSA EDEALINA,Autoprodutor,SUDESTE,480.0,350.117552
202408.0,2024-08-11,64004.0,VCSA EDEALINA,Autoprodutor,SUDESTE,480.0,350.117552
,2024-08-11,,VCSA EDEALINA,,,480.0,350.117552
202408.0,2024-08-12,64004.0,VCSA EDEALINA,Autoprodutor,SUDESTE,480.0,379.600803
202408.0,2024-08-12,64004.0,VCSA EDEALINA,Autoprodutor,SUDESTE,480.0,379.600803
,2024-08-12,,VCSA EDEALINA,,,480.0,379.600803
202408.0,2024-08-13,64004.0,VCSA EDEALINA,Autoprodutor,SUDESTE,480.0,376.162149
202408.0,2024-08-13,64004.0,VCSA EDEALINA,Autoprodutor,SUDESTE,480.0,376.162149
,2024-08-13,,VCSA EDEALINA,,,480.0,376.162149
202408.0,2024-08-14,64004.0,VCSA EDEALINA,Autoprodutor,SUDESTE,480.0,376.940434
202408.0,2024-08-14,64004.0,VCSA EDEALINA,Autoprodutor,SUDESTE,480.0,376.940434
,2024-08-14,,VCSA EDEALINA,,,480.0,376.940434
202408.0,2024-08-15,64004.0,VCSA EDEALINA,Autoprodutor,SUDESTE,480.0,381.496798
202408.0,2024-08-15,64004.0,VCSA EDEALINA,Autoprodutor,SUDESTE,480.0,381.496798
,2024-08-15,,VCSA EDEALINA,,,480.0,381.496798
202408.0,2024-08-16,64004.0,VCSA EDEALINA,Autoprodutor,SUDESTE,480.0,370.18871
202408.0,2024-08-16,64004.0,VCSA EDEALINA,Autoprodutor,SUDESTE,480.0,370.18871
,2024-08-16,,VCSA EDEALINA,,,480.0,370.18871
202408.0,2024-08-17,64004.0,VCSA EDEALINA,Autoprodutor,SUDESTE,480.0,321.312913
202408.0,2024-08-17,64004.0,VCSA EDEALINA,Autoprodutor,SUDESTE,480.0,321.312913
,2024-08-17,,VCSA EDEALINA,,,480.0,321.312913
202408.0,2024-08-18,64004.0,VCSA EDEALINA,Autoprodutor,SUDESTE,480.0,159.484637
202408.0,2024-08-18,64004.0,VCSA EDEALINA,Autoprodutor,SUDESTE,480.0,159.484637
,2024-08-18,,VCSA EDEALINA,,,480.0,159.484637
202408.0,2024-08-19,64004.0,VCSA EDEALINA,Autoprodutor,SUDESTE,480.0,89.248528
202408.0,2024-08-19,64004.0,VCSA EDEALINA,Autoprodutor,SUDESTE,480.0,89.248528
,2024-08-19,,VCSA EDEALINA,,,480.0,89.248528
202408.0,2024-08-20,64004.0,VCSA EDEALINA,Autoprodutor,SUDESTE,480.0,151.201558
202408.0,2024-08-20,64004.0,VCSA EDEALINA,Autoprodutor,SUDESTE,480.0,151.201558
,2024-08-20,,VCSA EDEALINA,,,480.0,151.201558
202408.0,2024-08-21,64004.0,VCSA EDEALINA,Autoprodutor,SUDESTE,480.0,149.686227
202408.0,2024-08-21,64004.0,VCSA EDEALINA,Autoprodutor,SUDESTE,480.0,149.686227
,2024-08-21,,VCSA EDEALINA,,,480.0,149.686227
202408.0,2024-08-22,64004.0,VCSA EDEALINA,Autoprodutor,SUDESTE,480.0,142.39172
202408.0,2024-08-22,64004.0,VCSA EDEALINA,Autoprodutor,SUDESTE,480.0,142.39172
,2024-08-22,,VCSA EDEALINA,,,480.0,142.39172
202408.0,2024-08-23,64004.0,VCSA EDEALINA,Autoprodutor,SUDESTE,480.0,119.818186
202408.0,2024-08-23,64004.0,VCSA EDEALINA,Autoprodutor,SUDESTE,480.0,119.818186
,2024-08-23,,VCSA EDEALINA,,,480.0,119.818186
202408.0,2024-08-24,64004.0,VCSA EDEALINA,Autoprodutor,SUDESTE,480.0,142.008201
202408.0,2024-08-24,64004.0,VCSA EDEALINA,Autoprodutor,SUDESTE,480.0,142.008201
,2024-08-24,,VCSA EDEALINA,,,480.0,142.008201
202408.0,2024-08-25,64004.0,VCSA EDEALINA,Autoprodutor,SUDESTE,480.0,138.048345
202408.0,2024-08-25,64004.0,VCSA EDEALINA,Autoprodutor,SUDESTE,480.0,138.048345
,2024-08-25,,VCSA EDEALINA,,,480.0,138.048345
202408.0,2024-08-26,64004.0,VCSA EDEALINA,Autoprodutor,SUDESTE,480.0,140.614212
202408.0,2024-08-26,64004.0,VCSA EDEALINA,Autoprodutor,SUDESTE,480.0,140.614212
,2024-08-26,,VCSA EDEALINA,,,480.0,140.614212
202408.0,2024-08-27,64004.0,VCSA EDEALINA,Autoprodutor,SUDESTE,480.0,147.343786
202408.0,2024-08-27,64004.0,VCSA EDEALINA,Autoprodutor,SUDESTE,480.0,147.343786
,2024-08-27,,VCSA EDEALINA,,,480.0,147.343786
202408.0,2024-08-28,64004.0,VCSA EDEALINA,Autoprodutor,SUDESTE,480.0,141.37998
202408.0,2024-08-28,64004.0,VCSA EDEALINA,Autoprodutor,SUDESTE,480.0,141.37998
,2024-08-28,,VCSA EDEALINA,,,480.0,141.37998
202408.0,2024-08-29,64004.0,VCSA EDEALINA,Autoprodutor,SUDESTE,480.0,140.555939
202408.0,2024-08-29,64004.0,VCSA EDEALINA,Autoprodutor,SUDESTE,480.0,140.555939
,2024-08-29,,VCSA EDEALINA,,,480.0,140.555939
202408.0,2024-08-30,64004.0,VCSA EDEALINA,Autoprodutor,SUDESTE,480.0,141.486736
202408.0,2024-08-30,64004.0,VCSA EDEALINA,Autoprodutor,SUDESTE,480.0,141.486736
,2024-08-30,,VCSA EDEALINA,,,480.0,141.486736
202408.0,2024-08-31,64004.0,VCSA EDEALINA,Autoprodutor,SUDESTE,480.0,141.030459
202408.0,2024-08-31,64004.0,VCSA EDEALINA,Autoprodutor,SUDESTE,480.0,141.030459
,2024-08-31,,VCSA EDEALINA,,,480.0,141.030459
202409.0,2024-09-01,64004.0,VCSA EDEALINA,Autoprodutor,SUDESTE,480.0,117.561092
202409.0,2024-09-01,64004.0,VCSA EDEALINA,Autoprodutor,SUDESTE,480.0,117.561092
,2024-09-01,,VCSA EDEALINA,,,480.0,117.561092
202409.0,2024-09-02,64004.0,VCSA EDEALINA,Autoprodutor,SUDESTE,480.0,118.678083
202409.0,2024-09-02,64004.0,VCSA EDEALINA,Autoprodutor,SUDESTE,480.0,118.678083
,2024-09-02,,VCSA EDEALINA,,,480.0,118.678083
202409.0,2024-09-03,64004.0,VCSA EDEALINA,Autoprodutor,SUDESTE,480.0,128.965186
202409.0,2024-09-03,64004.0,VCSA EDEALINA,Autoprodutor,SUDESTE,480.0,128.965186
,2024-09-03,,VCSA EDEALINA,,,480.0,128.965186
202409.0,2024-09-04,64004.0,VCSA EDEALINA,Autoprodutor,SUDESTE,480.0,135.791257
202409.0,2024-09-04,64004.0,VCSA EDEALINA,Autoprodutor,SUDESTE,480.0,135.791257
,2024-09-04,,VCSA EDEALINA,,,480.0,135.791257
202409.0,2024-09-05,64004.0,VCSA EDEALINA,Autoprodutor,SUDESTE,480.0,149.004291
202409.0,2024-09-05,64004.0,VCSA EDEALINA,Autoprodutor,SUDESTE,480.0,149.004291
,2024-09-05,,VCSA EDEALINA,,,480.0,149.004291
202409.0,2024-09-06,64004.0,VCSA EDEALINA,Autoprodutor,SUDESTE,480.0,147.546746
202409.0,2024-09-06,64004.0,VCSA EDEALINA,Autoprodutor,SUDESTE,480.0,147.546746
,2024-09-06,,VCSA EDEALINA,,,480.0,147.546746
202409.0,2024-09-07,64004.0,VCSA EDEALINA,Autoprodutor,SUDESTE,480.0,140.30601
202409.0,2024-09-07,64004.0,VCSA EDEALINA,Autoprodutor,SUDESTE,480.0,140.30601
,2024-09-07,,VCSA EDEALINA,,,480.0,140.30601
202409.0,2024-09-08,64004.0,VCSA EDEALINA,Autoprodutor,SUDESTE,480.0,142.8423
202409.0,2024-09-08,64004.0,VCSA EDEALINA,Autoprodutor,SUDESTE,480.0,142.8423
,2024-09-08,,VCSA EDEALINA,,,480.0,142.8423
202409.0,2024-09-09,64004.0,VCSA EDEALINA,Autoprodutor,SUDESTE,480.0,103.410179
202409.0,2024-09-09,64004.0,VCSA EDEALINA,Autoprodutor,SUDESTE,480.0,103.410179
,2024-09-09,,VCSA EDEALINA,,,480.0,103.410179
202409.0,2024-09-10,64004.0,VCSA EDEALINA,Autoprodutor,SUDESTE,480.0,171.558388
202409.0,2024-09-10,64004.0,VCSA EDEALINA,Autoprodutor,SUDESTE,480.0,171.558388
,2024-09-10,,VCSA EDEALINA,,,480.0,171.558388
202409.0,2024-09-11,64004.0,VCSA EDEALINA,Autoprodutor,SUDESTE,480.0,231.824886
202409.0,2024-09-11,64004.0,VCSA EDEALINA,Autoprodutor,SUDESTE,480.0,231.824886
,2024-09-11,,VCSA EDEALINA,,,480.0,231.824886
202409.0,2024-09-12,64004.0,VCSA EDEALINA,Autoprodutor,SUDESTE,480.0,428.96938
202409.0,2024-09-12,64004.0,VCSA EDEALINA,Autoprodutor,SUDESTE,480.0,428.96938
,2024-09-12,,VCSA EDEALINA,,,480.0,428.96938
202409.0,2024-09-13,64004.0,VCSA EDEALINA,Autoprodutor,SUDESTE,480.0,433.577791
202409.0,2024-09-13,64004.0,VCSA EDEALINA,Autoprodutor,SUDESTE,480.0,433.577791
,2024-09-13,,VCSA EDEALINA,,,480.0,433.577791
202409.0,2024-09-14,64004.0,VCSA EDEALINA,Autoprodutor,SUDESTE,480.0,347.74094
202409.0,2024-09-14,64004.0,VCSA EDEALINA,Autoprodutor,SUDESTE,480.0,347.74094
,2024-09-14,,VCSA EDEALINA,,,480.0,347.74094
202409.0,2024-09-15,64004.0,VCSA EDEALINA,Autoprodutor,SUDESTE,480.0,427.023752
202409.0,2024-09-15,64004.0,VCSA EDEALINA,Autoprodutor,SUDESTE,480.0,427.023752
,2024-09-15,,VCSA EDEALINA,,,480.0,427.023752
202409.0,2024-09-16,64004.0,VCSA EDEALINA,Autoprodutor,SUDESTE,480.0,347.677028
202409.0,2024-09-16,64004.0,VCSA EDEALINA,Autoprodutor,SUDESTE,480.0,347.677028
,2024-09-16,,VCSA EDEALINA,,,480.0,347.677028
202409.0,2024-09-17,64004.0,VCSA EDEALINA,Autoprodutor,SUDESTE,480.0,367.764325
202409.0,2024-09-17,64004.0,VCSA EDEALINA,Autoprodutor,SUDESTE,480.0,367.764325
,2024-09-17,,VCSA EDEALINA,,,480.0,367.764325
202409.0,2024-09-18,64004.0,VCSA EDEALINA,Autoprodutor,SUDESTE,480.0,405.538979
202409.0,2024-09-18,64004.0,VCSA EDEALINA,Autoprodutor,SUDESTE,480.0,405.538979
,2024-09-18,,VCSA EDEALINA,,,480.0,405.538979
202409.0,2024-09-19,64004.0,VCSA EDEALINA,Autoprodutor,SUDESTE,480.0,304.713956
202409.0,2024-09-19,64004.0,VCSA EDEALINA,Autoprodutor,SUDESTE,480.0,304.713956
,2024-09-19,,VCSA EDEALINA,,,480.0,304.713956
202409.0,2024-09-20,64004.0,VCSA EDEALINA,Autoprodutor,SUDESTE,480.0,360.250503
202409.0,2024-09-20,64004.0,VCSA EDEALINA,Autoprodutor,SUDESTE,480.0,360.250503
,2024-09-20,,VCSA EDEALINA,,,480.0,360.250503
202409.0,2024-09-21,64004.0,VCSA EDEALINA,Autoprodutor,SUDESTE,480.0,406.732328
202409.0,2024-09-21,64004.0,VCSA EDEALINA,Autoprodutor,SUDESTE,480.0,406.732328
,2024-09-21,,VCSA EDEALINA,,,480.0,406.732328
202409.0,2024-09-22,64004.0,VCSA EDEALINA,Autoprodutor,SUDESTE,480.0,401.274756
202409.0,2024-09-22,64004.0,VCSA EDEALINA,Autoprodutor,SUDESTE,480.0,401.274756
,2024-09-22,,VCSA EDEALINA,,,480.0,401.274756
202409.0,2024-09-23,64004.0,VCSA EDEALINA,Autoprodutor,SUDESTE,480.0,396.444032
202409.0,2024-09-23,64004.0,VCSA EDEALINA,Autoprodutor,SUDESTE,480.0,396.444032
,2024-09-23,,VCSA EDEALINA,,,480.0,396.444032
202409.0,2024-09-24,64004.0,VCSA EDEALINA,Autoprodutor,SUDESTE,480.0,406.988433
202409.0,2024-09-24,64004.0,VCSA EDEALINA,Autoprodutor,SUDESTE,480.0,406.988433
,2024-09-24,,VCSA EDEALINA,,,480.0,406.988433
202409.0,2024-09-25,64004.0,VCSA EDEALINA,Autoprodutor,SUDESTE,480.0,368.082625
202409.0,2024-09-25,64004.0,VCSA EDEALINA,Autoprodutor,SUDESTE,480.0,368.082625
,2024-09-25,,VCSA EDEALINA,,,480.0,368.082625
202409.0,2024-09-26,64004.0,VCSA EDEALINA,Autoprodutor,SUDESTE,480.0,294.803368
202409.0,2024-09-26,64004.0,VCSA EDEALINA,Autoprodutor,SUDESTE,480.0,294.803368
,2024-09-26,,VCSA EDEALINA,,,480.0,294.803368
202409.0,2024-09-27,64004.0,VCSA EDEALINA,Autoprodutor,SUDESTE,480.0,410.971368
202409.0,2024-09-27,64004.0,VCSA EDEALINA,Autoprodutor,SUDESTE,480.0,410.971368
,2024-09-27,,VCSA EDEALINA,,,480.0,410.971368
202409.0,2024-09-28,64004.0,VCSA EDEALINA,Autoprodutor,SUDESTE,480.0,415.927149
202409.0,2024-09-28,64004.0,VCSA EDEALINA,Autoprodutor,SUDESTE,480.0,415.927149
,2024-09-28,,VCSA EDEALINA,,,480.0,415.927149
202409.0,2024-09-29,64004.0,VCSA EDEALINA,Autoprodutor,SUDESTE,480.0,411.780442
202409.0,2024-09-29,64004.0,VCSA EDEALINA,Autoprodutor,SUDESTE,480.0,411.780442
,2024-09-29,,VCSA EDEALINA,,,480.0,411.780442
202409.0,2024-09-30,64004.0,VCSA EDEALINA,Autoprodutor,SUDESTE,480.0,389.760872
202409.0,2024-09-30,64004.0,VCSA EDEALINA,Autoprodutor,SUDESTE,480.0,389.760872
,2024-09-30,,VCSA EDEALINA,,,480.0,389.760872
202410.0,2024-10-01,64004.0,VCSA EDEALINA,Autoprodutor,SUDESTE,480.0,286.847326
202410.0,2024-10-01,64004.0,VCSA EDEALINA,Autoprodutor,SUDESTE,480.0,286.847326
,2024-10-01,,VCSA EDEALINA,,,480.0,286.847326
202410.0,2024-10-02,64004.0,VCSA EDEALINA,Autoprodutor,SUDESTE,480.0,302.123566
202410.0,2024-10-02,64004.0,VCSA EDEALINA,Autoprodutor,SUDESTE,480.0,302.123566
,2024-10-02,,VCSA EDEALINA,,,480.0,302.123566
202410.0,2024-10-03,64004.0,VCSA EDEALINA,Autoprodutor,SUDESTE,480.0,319.731704
202410.0,2024-10-03,64004.0,VCSA EDEALINA,Autoprodutor,SUDESTE,480.0,319.731704
,2024-10-03,,VCSA EDEALINA,,,480.0,319.731704
202410.0,2024-10-04,64004.0,VCSA EDEALINA,Autoprodutor,SUDESTE,480.0,338.667706
202410.0,2024-10-04,64004.0,VCSA EDEALINA,Autoprodutor,SUDESTE,480.0,338.667706
,2024-10-04,,VCSA EDEALINA,,,480.0,338.667706
202410.0,2024-10-05,64004.0,VCSA EDEALINA,Autoprodutor,SUDESTE,480.0,413.165344
202410.0,2024-10-05,64004.0,VCSA EDEALINA,Autoprodutor,SUDESTE,480.0,413.165344
,2024-10-05,,VCSA EDEALINA,,,480.0,413.165344
202410.0,2024-10-06,64004.0,VCSA EDEALINA,Autoprodutor,SUDESTE,480.0,423.958687
202410.0,2024-10-06,64004.0,VCSA EDEALINA,Autoprodutor,SUDESTE,480.0,423.958687
,2024-10-06,,VCSA EDEALINA,,,480.0,423.958687
202410.0,2024-10-07,64004.0,VCSA EDEALINA,Autoprodutor,SUDESTE,480.0,373.378508
202410.0,2024-10-07,64004.0,VCSA EDEALINA,Autoprodutor,SUDESTE,480.0,373.378508
,2024-10-07,,VCSA EDEALINA,,,480.0,373.378508
202410.0,2024-10-08,64004.0,VCSA EDEALINA,Autoprodutor,SUDESTE,480.0,414.829951
202410.0,2024-10-08,64004.0,VCSA EDEALINA,Autoprodutor,SUDESTE,480.0,414.829951
,2024-10-08,,VCSA EDEALINA,,,480.0,414.829951
202410.0,2024-10-09,64004.0,VCSA EDEALINA,Autoprodutor,SUDESTE,480.0,363.490581
202410.0,2024-10-09,64004.0,VCSA EDEALINA,Autoprodutor,SUDESTE,480.0,363.490581
,2024-10-09,,VCSA EDEALINA,,,480.0,363.490581
202410.0,2024-10-10,64004.0,VCSA EDEALINA,Autoprodutor,SUDESTE,480.0,368.763043
202410.0,2024-10-10,64004.0,VCSA EDEALINA,Autoprodutor,SUDESTE,480.0,368.763043
,2024-10-10,,VCSA EDEALINA,,,480.0,368.763043
202410.0,2024-10-11,64004.0,VCSA EDEALINA,Autoprodutor,SUDESTE,480.0,406.555896
202410.0,2024-10-11,64004.0,VCSA EDEALINA,Autoprodutor,SUDESTE,480.0,406.555896
,2024-10-11,,VCSA EDEALINA,,,480.0,406.555896
202410.0,2024-10-12,64004.0,VCSA EDEALINA,Autoprodutor,SUDESTE,480.0,264.095467
202410.0,2024-10-12,64004.0,VCSA EDEALINA,Autoprodutor,SUDESTE,480.0,264.095467
,2024-10-12,,VCSA EDEALINA,,,480.0,264.095467
202410.0,2024-10-13,64004.0,VCSA EDEALINA,Autoprodutor,SUDESTE,480.0,142.198868
202410.0,2024-10-13,64004.0,VCSA EDEALINA,Autoprodutor,SUDESTE,480.0,142.198868
,2024-10-13,,VCSA EDEALINA,,,480.0,142.198868
202410.0,2024-10-14,64004.0,VCSA EDEALINA,Autoprodutor,SUDESTE,480.0,70.25021100000001
202410.0,2024-10-14,64004.0,VCSA EDEALINA,Autoprodutor,SUDESTE,480.0,70.25021100000001
,2024-10-14,,VCSA EDEALINA,,,480.0,70.25021100000001
202410.0,2024-10-15,64004.0,VCSA EDEALINA,Autoprodutor,SUDESTE,480.0,109.100605
202410.0,2024-10-15,64004.0,VCSA EDEALINA,Autoprodutor,SUDESTE,480.0,109.100605
,2024-10-15,,VCSA EDEALINA,,,480.0,109.100605
202410.0,2024-10-16,64004.0,VCSA EDEALINA,Autoprodutor,SUDESTE,480.0,133.572709
202410.0,2024-10-16,64004.0,VCSA EDEALINA,Autoprodutor,SUDESTE,480.0,133.572709
,2024-10-16,,VCSA EDEALINA,,,480.0,133.572709
202410.0,2024-10-17,64004.0,VCSA EDEALINA,Autoprodutor,SUDESTE,480.0,136.24988
202410.0,2024-10-17,64004.0,VCSA EDEALINA,Autoprodutor,SUDESTE,480.0,136.24988
,2024-10-17,,VCSA EDEALINA,,,480.0,136.24988
202410.0,2024-10-18,64004.0,VCSA EDEALINA,Autoprodutor,SUDESTE,480.0,108.839407
202410.0,2024-10-18,64004.0,VCSA EDEALINA,Autoprodutor,SUDESTE,480.0,108.839407
,2024-10-18,,VCSA EDEALINA,,,480.0,108.839407
202410.0,2024-10-19,64004.0,VCSA EDEALINA,Autoprodutor,SUDESTE,480.0,105.309633
202410.0,2024-10-19,64004.0,VCSA EDEALINA,Autoprodutor,SUDESTE,480.0,105.309633
,2024-10-19,,VCSA EDEALINA,,,480.0,105.309633
202410.0,2024-10-20,64004.0,VCSA EDEALINA,Autoprodutor,SUDESTE,480.0,120.538225
202410.0,2024-10-20,64004.0,VCSA EDEALINA,Autoprodutor,SUDESTE,480.0,120.538225
,2024-10-20,,VCSA EDEALINA,,,480.0,120.538225
202410.0,2024-10-21,64004.0,VCSA EDEALINA,Autoprodutor,SUDESTE,480.0,136.247421
202410.0,2024-10-21,64004.0,VCSA EDEALINA,Autoprodutor,SUDESTE,480.0,136.247421
,2024-10-21,,VCSA EDEALINA,,,480.0,136.247421
202410.0,2024-10-22,64004.0,VCSA EDEALINA,Autoprodutor,SUDESTE,480.0,136.565897
202410.0,2024-10-22,64004.0,VCSA EDEALINA,Autoprodutor,SUDESTE,480.0,136.565897
,2024-10-22,,VCSA EDEALINA,,,480.0,136.565897
202410.0,2024-10-23,64004.0,VCSA EDEALINA,Autoprodutor,SUDESTE,480.0,135.522356
202410.0,2024-10-23,64004.0,VCSA EDEALINA,Autoprodutor,SUDESTE,480.0,135.522356
,2024-10-23,,VCSA EDEALINA,,,480.0,135.522356
202410.0,2024-10-24,64004.0,VCSA EDEALINA,Autoprodutor,SUDESTE,480.0,133.882932
202410.0,2024-10-24,64004.0,VCSA EDEALINA,Autoprodutor,SUDESTE,480.0,133.882932
,2024-10-24,,VCSA EDEALINA,,,480.0,133.882932
202410.0,2024-10-25,64004.0,VCSA EDEALINA,Autoprodutor,SUDESTE,480.0,139.797938
202410.0,2024-10-25,64004.0,VCSA EDEALINA,Autoprodutor,SUDESTE,480.0,139.797938
,2024-10-25,,VCSA EDEALINA,,,480.0,139.797938
202410.0,2024-10-26,64004.0,VCSA EDEALINA,Autoprodutor,SUDESTE,480.0,132.516178
202410.0,2024-10-26,64004.0,VCSA EDEALINA,Autoprodutor,SUDESTE,480.0,132.516178
,2024-10-26,,VCSA EDEALINA,,,480.0,132.516178
202410.0,2024-10-27,64004.0,VCSA EDEALINA,Autoprodutor,SUDESTE,480.0,130.806175
202410.0,2024-10-27,64004.0,VCSA EDEALINA,Autoprodutor,SUDESTE,480.0,130.806175
,2024-10-27,,VCSA EDEALINA,,,480.0,130.806175
202410.0,2024-10-28,64004.0,VCSA EDEALINA,Autoprodutor,SUDESTE,480.0,16.630215
202410.0,2024-10-28,64004.0,VCSA EDEALINA,Autoprodutor,SUDESTE,480.0,16.630215
,2024-10-28,,VCSA EDEALINA,,,480.0,16.630215
202410.0,2024-10-29,64004.0,VCSA EDEALINA,Autoprodutor,SUDESTE,480.0,41.180187
202410.0,2024-10-29,64004.0,VCSA EDEALINA,Autoprodutor,SUDESTE,480.0,41.180187
,2024-10-29,,VCSA EDEALINA,,,480.0,41.180187
202410.0,2024-10-30,64004.0,VCSA EDEALINA,Autoprodutor,SUDESTE,480.0,142.304667
202410.0,2024-10-30,64004.0,VCSA EDEALINA,Autoprodutor,SUDESTE,480.0,142.304667
,2024-10-30,,VCSA EDEALINA,,,480.0,142.304667
202410.0,2024-10-31,64004.0,VCSA EDEALINA,Autoprodutor,SUDESTE,480.0,149.589274
202410.0,2024-10-31,64004.0,VCSA EDEALINA,Autoprodutor,SUDESTE,480.0,149.589274
,2024-10-31,,VCSA EDEALINA,,,480.0,149.589274
202411.0,2024-11-01,64004.0,VCSA EDEALINA,Autoprodutor,SUDESTE,480.0,114.181809
202411.0,2024-11-01,64004.0,VCSA EDEALINA,Autoprodutor,SUDESTE,480.0,114.181809
,2024-11-01,,VCSA EDEALINA,,,480.0,114.181809
202411.0,2024-11-02,64004.0,VCSA EDEALINA,Autoprodutor,SUDESTE,480.0,134.53968
202411.0,2024-11-02,64004.0,VCSA EDEALINA,Autoprodutor,SUDESTE,480.0,134.53968
,2024-11-02,,VCSA EDEALINA,,,480.0,134.53968
202411.0,2024-11-03,64004.0,VCSA EDEALINA,Autoprodutor,SUDESTE,480.0,105.678645
202411.0,2024-11-03,64004.0,VCSA EDEALINA,Autoprodutor,SUDESTE,480.0,105.678645
,2024-11-03,,VCSA EDEALINA,,,480.0,105.678645
202411.0,2024-11-04,64004.0,VCSA EDEALINA,Autoprodutor,SUDESTE,480.0,20.132354
202411.0,2024-11-04,64004.0,VCSA EDEALINA,Autoprodutor,SUDESTE,480.0,20.132354
,2024-11-04,,VCSA EDEALINA,,,480.0,20.132354
202411.0,2024-11-05,64004.0,VCSA EDEALINA,Autoprodutor,SUDESTE,480.0,125.559538
202411.0,2024-11-05,64004.0,VCSA EDEALINA,Autoprodutor,SUDESTE,480.0,125.559538
,2024-11-05,,VCSA EDEALINA,,,480.0,125.559538
202411.0,2024-11-06,64004.0,VCSA EDEALINA,Autoprodutor,SUDESTE,480.0,148.459738
202411.0,2024-11-06,64004.0,VCSA EDEALINA,Autoprodutor,SUDESTE,480.0,148.459738
,2024-11-06,,VCSA EDEALINA,,,480.0,148.459738
202411.0,2024-11-07,64004.0,VCSA EDEALINA,Autoprodutor,SUDESTE,480.0,147.363873
202411.0,2024-11-07,64004.0,VCSA EDEALINA,Autoprodutor,SUDESTE,480.0,147.363873
,2024-11-07,,VCSA EDEALINA,,,480.0,147.363873
202411.0,2024-11-08,64004.0,VCSA EDEALINA,Autoprodutor,SUDESTE,480.0,148.763076
202411.0,2024-11-08,64004.0,VCSA EDEALINA,Autoprodutor,SUDESTE,480.0,148.763076
,2024-11-08,,VCSA EDEALINA,,,480.0,148.763076
202411.0,2024-11-09,64004.0,VCSA EDEALINA,Autoprodutor,SUDESTE,480.0,123.351788
202411.0,2024-11-09,64004.0,VCSA EDEALINA,Autoprodutor,SUDESTE,480.0,123.351788
,2024-11-09,,VCSA EDEALINA,,,480.0,123.351788
202411.0,2024-11-10,64004.0,VCSA EDEALINA,Autoprodutor,SUDESTE,480.0,72.80711
202411.0,2024-11-10,64004.0,VCSA EDEALINA,Autoprodutor,SUDESTE,480.0,72.80711
,2024-11-10,,VCSA EDEALINA,,,480.0,72.80711
202411.0,2024-11-11,64004.0,VCSA EDEALINA,Autoprodutor,SUDESTE,480.0,203.33076
202411.0,2024-11-11,64004.0,VCSA EDEALINA,Autoprodutor,SUDESTE,480.0,203.33076
,2024-11-11,,VCSA EDEALINA,,,480.0,203.33076
202411.0,2024-11-12,64004.0,VCSA EDEALINA,Autoprodutor,SUDESTE,480.0,347.888213
202411.0,2024-11-12,64004.0,VCSA EDEALINA,Autoprodutor,SUDESTE,480.0,347.888213
,2024-11-12,,VCSA EDEALINA,,,480.0,347.888213
202411.0,2024-11-13,64004.0,VCSA EDEALINA,Autoprodutor,SUDESTE,480.0,375.499286
202411.0,2024-11-13,64004.0,VCSA EDEALINA,Autoprodutor,SUDESTE,480.0,375.499286
,2024-11-13,,VCSA EDEALINA,,,480.0,375.499286
202411.0,2024-11-14,64004.0,VCSA EDEALINA,Autoprodutor,SUDESTE,480.0,398.486791
202411.0,2024-11-14,64004.0,VCSA EDEALINA,Autoprodutor,SUDESTE,480.0,398.486791
,2024-11-14,,VCSA EDEALINA,,,480.0,398.486791
202411.0,2024-11-15,64004.0,VCSA EDEALINA,Autoprodutor,SUDESTE,480.0,319.356791
202411.0,2024-11-15,64004.0,VCSA EDEALINA,Autoprodutor,SUDESTE,480.0,319.356791
,2024-11-15,,VCSA EDEALINA,,,480.0,319.356791
202411.0,2024-11-16,64004.0,VCSA EDEALINA,Autoprodutor,SUDESTE,480.0,419.471128
202411.0,2024-11-16,64004.0,VCSA EDEALINA,Autoprodutor,SUDESTE,480.0,419.471128
,2024-11-16,,VCSA EDEALINA,,,480.0,419.471128
202411.0,2024-11-17,64004.0,VCSA EDEALINA,Autoprodutor,SUDESTE,480.0,419.711451
202411.0,2024-11-17,64004.0,VCSA EDEALINA,Autoprodutor,SUDESTE,480.0,419.711451
,2024-11-17,,VCSA EDEALINA,,,480.0,419.711451
202411.0,2024-11-18,64004.0,VCSA EDEALINA,Autoprodutor,SUDESTE,480.0,299.312677
202411.0,2024-11-18,64004.0,VCSA EDEALINA,Autoprodutor,SUDESTE,480.0,299.312677
,2024-11-18,,VCSA EDEALINA,,,480.0,299.312677
202411.0,2024-11-19,64004.0,VCSA EDEALINA,Autoprodutor,SUDESTE,480.0,347.855377
202411.0,2024-11-19,64004.0,VCSA EDEALINA,Autoprodutor,SUDESTE,480.0,347.855377
,2024-11-19,,VCSA EDEALINA,,,480.0,347.855377
202411.0,2024-11-20,64004.0,VCSA EDEALINA,Autoprodutor,SUDESTE,480.0,427.41523
202411.0,2024-11-20,64004.0,VCSA EDEALINA,Autoprodutor,SUDESTE,480.0,427.41523
,2024-11-20,,VCSA EDEALINA,,,480.0,427.41523
202411.0,2024-11-21,64004.0,VCSA EDEALINA,Autoprodutor,SUDESTE,480.0,313.318024
202411.0,2024-11-21,64004.0,VCSA EDEALINA,Autoprodutor,SUDESTE,480.0,313.318024
,2024-11-21,,VCSA EDEALINA,,,480.0,313.318024
202411.0,2024-11-22,64004.0,VCSA EDEALINA,Autoprodutor,SUDESTE,480.0,364.252232
202411.0,2024-11-22,64004.0,VCSA EDEALINA,Autoprodutor,SUDESTE,480.0,364.252232
,2024-11-22,,VCSA EDEALINA,,,480.0,364.252232
202411.0,2024-11-23,64004.0,VCSA EDEALINA,Autoprodutor,SUDESTE,480.0,404.262419
202411.0,2024-11-23,64004.0,VCSA EDEALINA,Autoprodutor,SUDESTE,480.0,404.262419
,2024-11-23,,VCSA EDEALINA,,,480.0,404.262419
202411.0,2024-11-24,64004.0,VCSA EDEALINA,Autoprodutor,SUDESTE,480.0,382.130256
202411.0,2024-11-24,64004.0,VCSA EDEALINA,Autoprodutor,SUDESTE,480.0,382.130256
,2024-11-24,,VCSA EDEALINA,,,480.0,382.130256
202411.0,2024-11-25,64004.0,VCSA EDEALINA,Autoprodutor,SUDESTE,480.0,382.946051
202411.0,2024-11-25,64004.0,VCSA EDEALINA,Autoprodutor,SUDESTE,480.0,382.946051
,2024-11-25,,VCSA EDEALINA,,,480.0,382.946051
202411.0,2024-11-26,64004.0,VCSA EDEALINA,Autoprodutor,SUDESTE,480.0,395.233638
202411.0,2024-11-26,64004.0,VCSA EDEALINA,Autoprodutor,SUDESTE,480.0,395.233638
,2024-11-26,,VCSA EDEALINA,,,480.0,395.233638
202411.0,2024-11-27,64004.0,VCSA EDEALINA,Autoprodutor,SUDESTE,480.0,395.195543
202411.0,2024-11-27,64004.0,VCSA EDEALINA,Autoprodutor,SUDESTE,480.0,395.195543
,2024-11-27,,VCSA EDEALINA,,,480.0,395.195543
202411.0,2024-11-28,64004.0,VCSA EDEALINA,Autoprodutor,SUDESTE,480.0,375.58327
202411.0,2024-11-28,64004.0,VCSA EDEALINA,Autoprodutor,SUDESTE,480.0,375.58327
,2024-11-28,,VCSA EDEALINA,,,480.0,375.58327
202411.0,2024-11-29,64004.0,VCSA EDEALINA,Autoprodutor,SUDESTE,480.0,390.325348
202411.0,2024-11-29,64004.0,VCSA EDEALINA,Autoprodutor,SUDESTE,480.0,390.325348
,2024-11-29,,VCSA EDEALINA,,,480.0,390.325348
202411.0,2024-11-30,64004.0,VCSA EDEALINA,Autoprodutor,SUDESTE,480.0,422.501637
202411.0,2024-11-30,64004.0,VCSA EDEALINA,Autoprodutor,SUDESTE,480.0,422.501637
,2024-11-30,,VCSA EDEALINA,,,480.0,422.501637
202412.0,2024-12-01,64004.0,VCSA EDEALINA,Autoprodutor,SUDESTE,480.0,432.120669
202412.0,2024-12-01,64004.0,VCSA EDEALINA,Autoprodutor,SUDESTE,480.0,432.120669
,2024-12-01,,VCSA EDEALINA,,,480.0,432.120669
202412.0,2024-12-02,64004.0,VCSA EDEALINA,Autoprodutor,SUDESTE,480.0,404.114467
202412.0,2024-12-02,64004.0,VCSA EDEALINA,Autoprodutor,SUDESTE,480.0,404.114467
,2024-12-02,,VCSA EDEALINA,,,480.0,404.114467
202412.0,2024-12-03,64004.0,VCSA EDEALINA,Autoprodutor,SUDESTE,480.0,356.964841
202412.0,2024-12-03,64004.0,VCSA EDEALINA,Autoprodutor,SUDESTE,480.0,356.964841
,2024-12-03,,VCSA EDEALINA,,,480.0,356.964841
202412.0,2024-12-04,64004.0,VCSA EDEALINA,Autoprodutor,SUDESTE,480.0,392.879146
202412.0,2024-12-04,64004.0,VCSA EDEALINA,Autoprodutor,SUDESTE,480.0,392.879146
,2024-12-04,,VCSA EDEALINA,,,480.0,392.879146
202412.0,2024-12-05,64004.0,VCSA EDEALINA,Autoprodutor,SUDESTE,480.0,411.093956
202412.0,2024-12-05,64004.0,VCSA EDEALINA,Autoprodutor,SUDESTE,480.0,411.093956
,2024-12-05,,VCSA EDEALINA,,,480.0,411.093956
202412.0,2024-12-06,64004.0,VCSA EDEALINA,Autoprodutor,SUDESTE,480.0,411.411334
202412.0,2024-12-06,64004.0,VCSA EDEALINA,Autoprodutor,SUDESTE,480.0,411.411334
,2024-12-06,,VCSA EDEALINA,,,480.0,411.411334
202412.0,2024-12-07,64004.0,VCSA EDEALINA,Autoprodutor,SUDESTE,480.0,375.30033
202412.0,2024-12-07,64004.0,VCSA EDEALINA,Autoprodutor,SUDESTE,480.0,375.30033
,2024-12-07,,VCSA EDEALINA,,,480.0,375.30033
202412.0,2024-12-08,64004.0,VCSA EDEALINA,Autoprodutor,SUDESTE,480.0,382.665363
202412.0,2024-12-08,64004.0,VCSA EDEALINA,Autoprodutor,SUDESTE,480.0,382.665363
,2024-12-08,,VCSA EDEALINA,,,480.0,382.665363
202412.0,2024-12-09,64004.0,VCSA EDEALINA,Autoprodutor,SUDESTE,480.0,373.817133
202412.0,2024-12-09,64004.0,VCSA EDEALINA,Autoprodutor,SUDESTE,480.0,373.817133
,2024-12-09,,VCSA EDEALINA,,,480.0,373.817133
202412.0,2024-12-10,64004.0,VCSA EDEALINA,Autoprodutor,SUDESTE,480.0,202.420944
202412.0,2024-12-10,64004.0,VCSA EDEALINA,Autoprodutor,SUDESTE,480.0,202.420944
,2024-12-10,,VCSA EDEALINA,,,480.0,202.420944
202412.0,2024-12-11,64004.0,VCSA EDEALINA,Autoprodutor,SUDESTE,480.0,143.838425
202412.0,2024-12-11,64004.0,VCSA EDEALINA,Autoprodutor,SUDESTE,480.0,143.838425
,2024-12-11,,VCSA EDEALINA,,,480.0,143.838425
202412.0,2024-12-12,64004.0,VCSA EDEALINA,Autoprodutor,SUDESTE,480.0,113.966595
202412.0,2024-12-12,64004.0,VCSA EDEALINA,Autoprodutor,SUDESTE,480.0,113.966595
,2024-12-12,,VCSA EDEALINA,,,480.0,113.966595
202412.0,2024-12-13,64004.0,VCSA EDEALINA,Autoprodutor,SUDESTE,480.0,131.706189
202412.0,2024-12-13,64004.0,VCSA EDEALINA,Autoprodutor,SUDESTE,480.0,131.706189
,2024-12-13,,VCSA EDEALINA,,,480.0,131.706189
202412.0,2024-12-14,64004.0,VCSA EDEALINA,Autoprodutor,SUDESTE,480.0,127.261898
202412.0,2024-12-14,64004.0,VCSA EDEALINA,Autoprodutor,SUDESTE,480.0,127.261898
,2024-12-14,,VCSA EDEALINA,,,480.0,127.261898
202412.0,2024-12-15,64004.0,VCSA EDEALINA,Autoprodutor,SUDESTE,480.0,130.107131
202412.0,2024-12-15,64004.0,VCSA EDEALINA,Autoprodutor,SUDESTE,480.0,130.107131
,2024-12-15,,VCSA EDEALINA,,,480.0,130.107131
202412.0,2024-12-16,64004.0,VCSA EDEALINA,Autoprodutor,SUDESTE,480.0,137.624292
202412.0,2024-12-16,64004.0,VCSA EDEALINA,Autoprodutor,SUDESTE,480.0,137.624292
,2024-12-16,,VCSA EDEALINA,,,480.0,137.624292
202412.0,2024-12-17,64004.0,VCSA EDEALINA,Autoprodutor,SUDESTE,480.0,118.539048
202412.0,2024-12-17,64004.0,VCSA EDEALINA,Autoprodutor,SUDESTE,480.0,118.539048
,2024-12-17,,VCSA EDEALINA,,,480.0,118.539048
202412.0,2024-12-18,64004.0,VCSA EDEALINA,Autoprodutor,SUDESTE,480.0,83.279673
202412.0,2024-12-18,64004.0,VCSA EDEALINA,Autoprodutor,SUDESTE,480.0,83.279673
,2024-12-18,,VCSA EDEALINA,,,480.0,83.279673
202412.0,2024-12-19,64004.0,VCSA EDEALINA,Autoprodutor,SUDESTE,480.0,131.313258
202412.0,2024-12-19,64004.0,VCSA EDEALINA,Autoprodutor,SUDESTE,480.0,131.313258
,2024-12-19,,VCSA EDEALINA,,,480.0,131.313258
202412.0,2024-12-20,64004.0,VCSA EDEALINA,Autoprodutor,SUDESTE,480.0,133.71185
202412.0,2024-12-20,64004.0,VCSA EDEALINA,Autoprodutor,SUDESTE,480.0,133.71185
,2024-12-20,,VCSA EDEALINA,,,480.0,133.71185
202412.0,2024-12-21,64004.0,VCSA EDEALINA,Autoprodutor,SUDESTE,480.0,132.653386
202412.0,2024-12-21,64004.0,VCSA EDEALINA,Autoprodutor,SUDESTE,480.0,132.653386
,2024-12-21,,VCSA EDEALINA,,,480.0,132.653386
202412.0,2024-12-22,64004.0,VCSA EDEALINA,Autoprodutor,SUDESTE,480.0,134.937711
202412.0,2024-12-22,64004.0,VCSA EDEALINA,Autoprodutor,SUDESTE,480.0,134.937711
,2024-12-22,,VCSA EDEALINA,,,480.0,134.937711
202412.0,2024-12-23,64004.0,VCSA EDEALINA,Autoprodutor,SUDESTE,480.0,141.420013
202412.0,2024-12-23,64004.0,VCSA EDEALINA,Autoprodutor,SUDESTE,480.0,141.420013
,2024-12-23,,VCSA EDEALINA,,,480.0,141.420013
202412.0,2024-12-24,64004.0,VCSA EDEALINA,Autoprodutor,SUDESTE,480.0,118.904304
202412.0,2024-12-24,64004.0,VCSA EDEALINA,Autoprodutor,SUDESTE,480.0,118.904304
,2024-12-24,,VCSA EDEALINA,,,480.0,118.904304
202412.0,2024-12-25,64004.0,VCSA EDEALINA,Autoprodutor,SUDESTE,480.0,131.751892
202412.0,2024-12-25,64004.0,VCSA EDEALINA,Autoprodutor,SUDESTE,480.0,131.751892
,2024-12-25,,VCSA EDEALINA,,,480.0,131.751892
202412.0,2024-12-26,64004.0,VCSA EDEALINA,Autoprodutor,SUDESTE,480.0,112.362931
202412.0,2024-12-26,64004.0,VCSA EDEALINA,Autoprodutor,SUDESTE,480.0,112.362931
,2024-12-26,,VCSA EDEALINA,,,480.0,112.362931
202412.0,2024-12-27,64004.0,VCSA EDEALINA,Autoprodutor,SUDESTE,480.0,143.817044
202412.0,2024-12-27,64004.0,VCSA EDEALINA,Autoprodutor,SUDESTE,480.0,143.817044
,2024-12-27,,VCSA EDEALINA,,,480.0,143.817044
202412.0,2024-12-28,64004.0,VCSA EDEALINA,Autoprodutor,SUDESTE,480.0,143.675648
202412.0,2024-12-28,64004.0,VCSA EDEALINA,Autoprodutor,SUDESTE,480.0,143.675648
,2024-12-28,,VCSA EDEALINA,,,480.0,143.675648
202412.0,2024-12-29,64004.0,VCSA EDEALINA,Autoprodutor,SUDESTE,480.0,125.880226
202412.0,2024-12-29,64004.0,VCSA EDEALINA,Autoprodutor,SUDESTE,480.0,125.880226
,2024-12-29,,VCSA EDEALINA,,,480.0,125.880226
202412.0,2024-12-30,64004.0,VCSA EDEALINA,Autoprodutor,SUDESTE,480.0,23.460418
202412.0,2024-12-30,64004.0,VCSA EDEALINA,Autoprodutor,SUDESTE,480.0,23.460418
,2024-12-30,,VCSA EDEALINA,,,480.0,23.460418
202412.0,2024-12-31,64004.0,VCSA EDEALINA,Autoprodutor,SUDESTE,480.0,16.637722
202412.0,2024-12-31,64004.0,VCSA EDEALINA,Autoprodutor,SUDESTE,480.0,16.637722
,2024-12-31,,VCSA EDEALINA,,,480.0,16.637722
202501.0,2025-01-01,64004.0,VCSA EDEALINA,Autoprodutor,SUDESTE,480.0,46.504441
202501.0,2025-01-01,64004.0,VCSA EDEALINA,Autoprodutor,SUDESTE,480.0,46.504441
,2025-01-01,,VCSA EDEALINA,,,480.0,46.504441
202501.0,2025-01-02,64004.0,VCSA EDEALINA,Autoprodutor,SUDESTE,480.0,140.356594
202501.0,2025-01-02,64004.0,VCSA EDEALINA,Autoprodutor,SUDESTE,480.0,140.356594
,2025-01-02,,VCSA EDEALINA,,,480.0,140.356594
202501.0,2025-01-03,64004.0,VCSA EDEALINA,Autoprodutor,SUDESTE,480.0,107.658332
202501.0,2025-01-03,64004.0,VCSA EDEALINA,Autoprodutor,SUDESTE,480.0,107.658332
,2025-01-03,,VCSA EDEALINA,,,480.0,107.658332
202501.0,2025-01-04,64004.0,VCSA EDEALINA,Autoprodutor,SUDESTE,480.0,296.004664
202501.0,2025-01-04,64004.0,VCSA EDEALINA,Autoprodutor,SUDESTE,480.0,296.004664
,2025-01-04,,VCSA EDEALINA,,,480.0,296.004664
202501.0,2025-01-05,64004.0,VCSA EDEALINA,Autoprodutor,SUDESTE,480.0,372.053452
202501.0,2025-01-05,64004.0,VCSA EDEALINA,Autoprodutor,SUDESTE,480.0,372.053452
,2025-01-05,,VCSA EDEALINA,,,480.0,372.053452
202501.0,2025-01-06,64004.0,VCSA EDEALINA,Autoprodutor,SUDESTE,480.0,278.931326
202501.0,2025-01-06,64004.0,VCSA EDEALINA,Autoprodutor,SUDESTE,480.0,278.931326
,2025-01-06,,VCSA EDEALINA,,,480.0,278.931326
202501.0,2025-01-07,64004.0,VCSA EDEALINA,Autoprodutor,SUDESTE,480.0,415.820768
202501.0,2025-01-07,64004.0,VCSA EDEALINA,Autoprodutor,SUDESTE,480.0,415.820768
,2025-01-07,,VCSA EDEALINA,,,480.0,415.820768
202501.0,2025-01-08,64004.0,VCSA EDEALINA,Autoprodutor,SUDESTE,480.0,340.995464
202501.0,2025-01-08,64004.0,VCSA EDEALINA,Autoprodutor,SUDESTE,480.0,340.995464
,2025-01-08,,VCSA EDEALINA,,,480.0,340.995464
202501.0,2025-01-09,64004.0,VCSA EDEALINA,Autoprodutor,SUDESTE,480.0,237.007722
202501.0,2025-01-09,64004.0,VCSA EDEALINA,Autoprodutor,SUDESTE,480.0,237.007722
,2025-01-09,,VCSA EDEALINA,,,480.0,237.007722
202501.0,2025-01-10,64004.0,VCSA EDEALINA,Autoprodutor,SUDESTE,480.0,401.895596
202501.0,2025-01-10,64004.0,VCSA EDEALINA,Autoprodutor,SUDESTE,480.0,401.895596
,2025-01-10,,VCSA EDEALINA,,,480.0,401.895596
202501.0,2025-01-11,64004.0,VCSA EDEALINA,Autoprodutor,SUDESTE,480.0,439.352855
202501.0,2025-01-11,64004.0,VCSA EDEALINA,Autoprodutor,SUDESTE,480.0,439.352855
,2025-01-11,,VCSA EDEALINA,,,480.0,439.352855
202501.0,2025-01-12,64004.0,VCSA EDEALINA,Autoprodutor,SUDESTE,480.0,455.737938
202501.0,2025-01-12,64004.0,VCSA EDEALINA,Autoprodutor,SUDESTE,480.0,455.737938
,2025-01-12,,VCSA EDEALINA,,,480.0,455.737938
202501.0,2025-01-13,64004.0,VCSA EDEALINA,Autoprodutor,SUDESTE,480.0,333.207068
202501.0,2025-01-13,64004.0,VCSA EDEALINA,Autoprodutor,SUDESTE,480.0,333.207068
,2025-01-13,,VCSA EDEALINA,,,480.0,333.207068
202501.0,2025-01-14,64004.0,VCSA EDEALINA,Autoprodutor,SUDESTE,480.0,335.641404
202501.0,2025-01-14,64004.0,VCSA EDEALINA,Autoprodutor,SUDESTE,480.0,335.641404
,2025-01-14,,VCSA EDEALINA,,,480.0,335.641404
202501.0,2025-01-15,64004.0,VCSA EDEALINA,Autoprodutor,SUDESTE,480.0,360.185124
202501.0,2025-01-15,64004.0,VCSA EDEALINA,Autoprodutor,SUDESTE,480.0,360.185124
,2025-01-15,,VCSA EDEALINA,,,480.0,360.185124
202501.0,2025-01-16,64004.0,VCSA EDEALINA,Autoprodutor,SUDESTE,480.0,431.010144
202501.0,2025-01-16,64004.0,VCSA EDEALINA,Autoprodutor,SUDESTE,480.0,431.010144
,2025-01-16,,VCSA EDEALINA,,,480.0,431.010144
202501.0,2025-01-17,64004.0,VCSA EDEALINA,Autoprodutor,SUDESTE,480.0,410.051802
202501.0,2025-01-17,64004.0,VCSA EDEALINA,Autoprodutor,SUDESTE,480.0,410.051802
,2025-01-17,,VCSA EDEALINA,,,480.0,410.051802
202501.0,2025-01-18,64004.0,VCSA EDEALINA,Autoprodutor,SUDESTE,480.0,433.99359
202501.0,2025-01-18,64004.0,VCSA EDEALINA,Autoprodutor,SUDESTE,480.0,433.99359
,2025-01-18,,VCSA EDEALINA,,,480.0,433.99359
202501.0,2025-01-19,64004.0,VCSA EDEALINA,Autoprodutor,SUDESTE,480.0,427.829344
202501.0,2025-01-19,64004.0,VCSA EDEALINA,Autoprodutor,SUDESTE,480.0,427.829344
,2025-01-19,,VCSA EDEALINA,,,480.0,427.829344
202501.0,2025-01-20,64004.0,VCSA EDEALINA,Autoprodutor,SUDESTE,480.0,308.557532
202501.0,2025-01-20,64004.0,VCSA EDEALINA,Autoprodutor,SUDESTE,480.0,308.557532
,2025-01-20,,VCSA EDEALINA,,,480.0,308.557532
202501.0,2025-01-21,64004.0,VCSA EDEALINA,Autoprodutor,SUDESTE,480.0,396.729037
202501.0,2025-01-21,64004.0,VCSA EDEALINA,Autoprodutor,SUDESTE,480.0,396.729037
,2025-01-21,,VCSA EDEALINA,,,480.0,396.729037
202501.0,2025-01-22,64004.0,VCSA EDEALINA,Autoprodutor,SUDESTE,480.0,425.921489
202501.0,2025-01-22,64004.0,VCSA EDEALINA,Autoprodutor,SUDESTE,480.0,425.921489
,2025-01-22,,VCSA EDEALINA,,,480.0,425.921489
202501.0,2025-01-23,64004.0,VCSA EDEALINA,Autoprodutor,SUDESTE,480.0,436.137151
202501.0,2025-01-23,64004.0,VCSA EDEALINA,Autoprodutor,SUDESTE,480.0,436.137151
,2025-01-23,,VCSA EDEALINA,,,480.0,436.137151
202501.0,2025-01-24,64004.0,VCSA EDEALINA,Autoprodutor,SUDESTE,480.0,270.237238
202501.0,2025-01-24,64004.0,VCSA EDEALINA,Autoprodutor,SUDESTE,480.0,270.237238
,2025-01-24,,VCSA EDEALINA,,,480.0,270.237238
202501.0,2025-01-25,64004.0,VCSA EDEALINA,Autoprodutor,SUDESTE,480.0,150.113493
202501.0,2025-01-25,64004.0,VCSA EDEALINA,Autoprodutor,SUDESTE,480.0,150.113493
,2025-01-25,,VCSA EDEALINA,,,480.0,150.113493
202501.0,2025-01-26,64004.0,VCSA EDEALINA,Autoprodutor,SUDESTE,480.0,136.241117
202501.0,2025-01-26,64004.0,VCSA EDEALINA,Autoprodutor,SUDESTE,480.0,136.241117
,2025-01-26,,VCSA EDEALINA,,,480.0,136.241117
202501.0,2025-01-27,64004.0,VCSA EDEALINA,Autoprodutor,SUDESTE,480.0,139.89722700000002
202501.0,2025-01-27,64004.0,VCSA EDEALINA,Autoprodutor,SUDESTE,480.0,139.89722700000002
,2025-01-27,,VCSA EDEALINA,,,480.0,139.89722700000002
202501.0,2025-01-28,64004.0,VCSA EDEALINA,Autoprodutor,SUDESTE,480.0,82.594893
202501.0,2025-01-28,64004.0,VCSA EDEALINA,Autoprodutor,SUDESTE,480.0,82.594893
,2025-01-28,,VCSA EDEALINA,,,480.0,82.594893
202501.0,2025-01-29,64004.0,VCSA EDEALINA,Autoprodutor,SUDESTE,480.0,145.574005
202501.0,2025-01-29,64004.0,VCSA EDEALINA,Autoprodutor,SUDESTE,480.0,145.574005
,2025-01-29,,VCSA EDEALINA,,,480.0,145.574005
202501.0,2025-01-30,64004.0,VCSA EDEALINA,Autoprodutor,SUDESTE,480.0,152.973186
202501.0,2025-01-30,64004.0,VCSA EDEALINA,Autoprodutor,SUDESTE,480.0,152.973186
,2025-01-30,,VCSA EDEALINA,,,480.0,152.973186
202501.0,2025-01-31,64004.0,VCSA EDEALINA,Autoprodutor,SUDESTE,480.0,154.749378
202501.0,2025-01-31,64004.0,VCSA EDEALINA,Autoprodutor,SUDESTE,480.0,154.749378
,2025-01-31,,VCSA EDEALINA,,,480.0,154.749378
202502.0,2025-02-01,64004.0,VCSA EDEALINA,Autoprodutor,SUDESTE,480.0,148.766181
202502.0,2025-02-01,64004.0,VCSA EDEALINA,Autoprodutor,SUDESTE,480.0,148.766181
,2025-02-01,,VCSA EDEALINA,,,480.0,148.766181
202502.0,2025-02-02,64004.0,VCSA EDEALINA,Autoprodutor,SUDESTE,480.0,120.804516
202502.0,2025-02-02,64004.0,VCSA EDEALINA,Autoprodutor,SUDESTE,480.0,120.804516
,2025-02-02,,VCSA EDEALINA,,,480.0,120.804516
202502.0,2025-02-03,64004.0,VCSA EDEALINA,Autoprodutor,SUDESTE,480.0,50.215138
202502.0,2025-02-03,64004.0,VCSA EDEALINA,Autoprodutor,SUDESTE,480.0,50.215138
,2025-02-03,,VCSA EDEALINA,,,480.0,50.215138
202502.0,2025-02-04,64004.0,VCSA EDEALINA,Autoprodutor,SUDESTE,480.0,109.833251
202502.0,2025-02-04,64004.0,VCSA EDEALINA,Autoprodutor,SUDESTE,480.0,109.833251
,2025-02-04,,VCSA EDEALINA,,,480.0,109.833251
202502.0,2025-02-05,64004.0,VCSA EDEALINA,Autoprodutor,SUDESTE,480.0,137.659661
202502.0,2025-02-05,64004.0,VCSA EDEALINA,Autoprodutor,SUDESTE,480.0,137.659661
,2025-02-05,,VCSA EDEALINA,,,480.0,137.659661
202502.0,2025-02-06,64004.0,VCSA EDEALINA,Autoprodutor,SUDESTE,480.0,119.356287
202502.0,2025-02-06,64004.0,VCSA EDEALINA,Autoprodutor,SUDESTE,480.0,119.356287
,2025-02-06,,VCSA EDEALINA,,,480.0,119.356287
202502.0,2025-02-07,64004.0,VCSA EDEALINA,Autoprodutor,SUDESTE,480.0,136.318344
202502.0,2025-02-07,64004.0,VCSA EDEALINA,Autoprodutor,SUDESTE,480.0,136.318344
,2025-02-07,,VCSA EDEALINA,,,480.0,136.318344
202502.0,2025-02-08,64004.0,VCSA EDEALINA,Autoprodutor,SUDESTE,480.0,134.903809
202502.0,2025-02-08,64004.0,VCSA EDEALINA,Autoprodutor,SUDESTE,480.0,134.903809
,2025-02-08,,VCSA EDEALINA,,,480.0,134.903809
202502.0,2025-02-09,64004.0,VCSA EDEALINA,Autoprodutor,SUDESTE,480.0,129.666799
202502.0,2025-02-09,64004.0,VCSA EDEALINA,Autoprodutor,SUDESTE,480.0,129.666799
,2025-02-09,,VCSA EDEALINA,,,480.0,129.666799
202502.0,2025-02-10,64004.0,VCSA EDEALINA,Autoprodutor,SUDESTE,480.0,136.673476
202502.0,2025-02-10,64004.0,VCSA EDEALINA,Autoprodutor,SUDESTE,480.0,136.673476
,2025-02-10,,VCSA EDEALINA,,,480.0,136.673476
202502.0,2025-02-11,64004.0,VCSA EDEALINA,Autoprodutor,SUDESTE,480.0,138.112731
202502.0,2025-02-11,64004.0,VCSA EDEALINA,Autoprodutor,SUDESTE,480.0,138.112731
,2025-02-11,,VCSA EDEALINA,,,480.0,138.112731
202502.0,2025-02-12,64004.0,VCSA EDEALINA,Autoprodutor,SUDESTE,480.0,138.887835
202502.0,2025-02-12,64004.0,VCSA EDEALINA,Autoprodutor,SUDESTE,480.0,138.887835
,2025-02-12,,VCSA EDEALINA,,,480.0,138.887835
202502.0,2025-02-13,64004.0,VCSA EDEALINA,Autoprodutor,SUDESTE,480.0,139.210023
202502.0,2025-02-13,64004.0,VCSA EDEALINA,Autoprodutor,SUDESTE,480.0,139.210023
,2025-02-13,,VCSA EDEALINA,,,480.0,139.210023
202502.0,2025-02-14,64004.0,VCSA EDEALINA,Autoprodutor,SUDESTE,480.0,145.239993
202502.0,2025-02-14,64004.0,VCSA EDEALINA,Autoprodutor,SUDESTE,480.0,145.239993
,2025-02-14,,VCSA EDEALINA,,,480.0,145.239993
202502.0,2025-02-15,64004.0,VCSA EDEALINA,Autoprodutor,SUDESTE,480.0,120.218163
202502.0,2025-02-15,64004.0,VCSA EDEALINA,Autoprodutor,SUDESTE,480.0,120.218163
,2025-02-15,,VCSA EDEALINA,,,480.0,120.218163
202502.0,2025-02-16,64004.0,VCSA EDEALINA,Autoprodutor,SUDESTE,480.0,150.837013
202502.0,2025-02-16,64004.0,VCSA EDEALINA,Autoprodutor,SUDESTE,480.0,150.837013
,2025-02-16,,VCSA EDEALINA,,,480.0,150.837013
202502.0,2025-02-17,64004.0,VCSA EDEALINA,Autoprodutor,SUDESTE,480.0,109.258466
202502.0,2025-02-17,64004.0,VCSA EDEALINA,Autoprodutor,SUDESTE,480.0,109.258466
,2025-02-17,,VCSA EDEALINA,,,480.0,109.258466
202502.0,2025-02-18,64004.0,VCSA EDEALINA,Autoprodutor,SUDESTE,480.0,231.027407
202502.0,2025-02-18,64004.0,VCSA EDEALINA,Autoprodutor,SUDESTE,480.0,231.027407
,2025-02-18,,VCSA EDEALINA,,,480.0,231.027407
202502.0,2025-02-19,64004.0,VCSA EDEALINA,Autoprodutor,SUDESTE,480.0,400.264737
202502.0,2025-02-19,64004.0,VCSA EDEALINA,Autoprodutor,SUDESTE,480.0,400.264737
,2025-02-19,,VCSA EDEALINA,,,480.0,400.264737
202502.0,2025-02-20,64004.0,VCSA EDEALINA,Autoprodutor,SUDESTE,480.0,416.218638
202502.0,2025-02-20,64004.0,VCSA EDEALINA,Autoprodutor,SUDESTE,480.0,416.218638
,2025-02-20,,VCSA EDEALINA,,,480.0,416.218638
202502.0,2025-02-21,64004.0,VCSA EDEALINA,Autoprodutor,SUDESTE,480.0,426.092306
202502.0,2025-02-21,64004.0,VCSA EDEALINA,Autoprodutor,SUDESTE,480.0,426.092306
,2025-02-21,,VCSA EDEALINA,,,480.0,426.092306
202502.0,2025-02-22,64004.0,VCSA EDEALINA,Autoprodutor,SUDESTE,480.0,413.515447
202502.0,2025-02-22,64004.0,VCSA EDEALINA,Autoprodutor,SUDESTE,480.0,413.515447
,2025-02-22,,VCSA EDEALINA,,,480.0,413.515447
202502.0,2025-02-23,64004.0,VCSA EDEALINA,Autoprodutor,SUDESTE,480.0,389.418566
202502.0,2025-02-23,64004.0,VCSA EDEALINA,Autoprodutor,SUDESTE,480.0,389.418566
,2025-02-23,,VCSA EDEALINA,,,480.0,389.418566
202502.0,2025-02-24,64004.0,VCSA EDEALINA,Autoprodutor,SUDESTE,480.0,319.79517
202502.0,2025-02-24,64004.0,VCSA EDEALINA,Autoprodutor,SUDESTE,480.0,319.79517
,2025-02-24,,VCSA EDEALINA,,,480.0,319.79517
202502.0,2025-02-25,64004.0,VCSA EDEALINA,Autoprodutor,SUDESTE,480.0,378.784949
202502.0,2025-02-25,64004.0,VCSA EDEALINA,Autoprodutor,SUDESTE,480.0,378.784949
,2025-02-25,,VCSA EDEALINA,,,480.0,378.784949
202502.0,2025-02-26,64004.0,VCSA EDEALINA,Autoprodutor,SUDESTE,480.0,385.11229
202502.0,2025-02-26,64004.0,VCSA EDEALINA,Autoprodutor,SUDESTE,480.0,385.11229
,2025-02-26,,VCSA EDEALINA,,,480.0,385.11229
202502.0,2025-02-27,64004.0,VCSA EDEALINA,Autoprodutor,SUDESTE,480.0,423.350529
202502.0,2025-02-27,64004.0,VCSA EDEALINA,Autoprodutor,SUDESTE,480.0,423.350529
,2025-02-27,,VCSA EDEALINA,,,480.0,423.350529
202502.0,2025-02-28,64004.0,VCSA EDEALINA,Autoprodutor,SUDESTE,480.0,414.657315
202502.0,2025-02-28,64004.0,VCSA EDEALINA,Autoprodutor,SUDESTE,480.0,414.657315
,2025-02-28,,VCSA EDEALINA,,,480.0,414.657315
202503.0,2025-03-01,64004.0,VCSA EDEALINA,Autoprodutor,SUDESTE,480.0,447.105115
202503.0,2025-03-01,64004.0,VCSA EDEALINA,Autoprodutor,SUDESTE,480.0,447.105115
,2025-03-01,,VCSA EDEALINA,,,480.0,447.105115
202503.0,2025-03-02,64004.0,VCSA EDEALINA,Autoprodutor,SUDESTE,480.0,403.269922
202503.0,2025-03-02,64004.0,VCSA EDEALINA,Autoprodutor,SUDESTE,480.0,403.269922
,2025-03-02,,VCSA EDEALINA,,,480.0,403.269922
202503.0,2025-03-03,64004.0,VCSA EDEALINA,Autoprodutor,SUDESTE,480.0,329.135382
202503.0,2025-03-03,64004.0,VCSA EDEALINA,Autoprodutor,SUDESTE,480.0,329.135382
,2025-03-03,,VCSA EDEALINA,,,480.0,329.135382
202503.0,2025-03-04,64004.0,VCSA EDEALINA,Autoprodutor,SUDESTE,480.0,393.070496
202503.0,2025-03-04,64004.0,VCSA EDEALINA,Autoprodutor,SUDESTE,480.0,393.070496
,2025-03-04,,VCSA EDEALINA,,,480.0,393.070496
202503.0,2025-03-05,64004.0,VCSA EDEALINA,Autoprodutor,SUDESTE,480.0,334.138465
202503.0,2025-03-05,64004.0,VCSA EDEALINA,Autoprodutor,SUDESTE,480.0,334.138465
,2025-03-05,,VCSA EDEALINA,,,480.0,334.138465
202503.0,2025-03-06,64004.0,VCSA EDEALINA,Autoprodutor,SUDESTE,480.0,365.690234
202503.0,2025-03-06,64004.0,VCSA EDEALINA,Autoprodutor,SUDESTE,480.0,365.690234
,2025-03-06,,VCSA EDEALINA,,,480.0,365.690234
202503.0,2025-03-07,64004.0,VCSA EDEALINA,Autoprodutor,SUDESTE,480.0,398.142546
202503.0,2025-03-07,64004.0,VCSA EDEALINA,Autoprodutor,SUDESTE,480.0,398.142546
,2025-03-07,,VCSA EDEALINA,,,480.0,398.142546
202503.0,2025-03-08,64004.0,VCSA EDEALINA,Autoprodutor,SUDESTE,480.0,447.16932
202503.0,2025-03-08,64004.0,VCSA EDEALINA,Autoprodutor,SUDESTE,480.0,447.16932
,2025-03-08,,VCSA EDEALINA,,,480.0,447.16932
202503.0,2025-03-09,64004.0,VCSA EDEALINA,Autoprodutor,SUDESTE,480.0,401.171654
202503.0,2025-03-09,64004.0,VCSA EDEALINA,Autoprodutor,SUDESTE,480.0,401.171654
,2025-03-09,,VCSA EDEALINA,,,480.0,401.171654
202503.0,2025-03-10,64004.0,VCSA EDEALINA,Autoprodutor,SUDESTE,480.0,372.802079
202503.0,2025-03-10,64004.0,VCSA EDEALINA,Autoprodutor,SUDESTE,480.0,372.802079
,2025-03-10,,VCSA EDEALINA,,,480.0,372.802079
202503.0,2025-03-11,64004.0,VCSA EDEALINA,Autoprodutor,SUDESTE,480.0,403.57834
202503.0,2025-03-11,64004.0,VCSA EDEALINA,Autoprodutor,SUDESTE,480.0,403.57834
,2025-03-11,,VCSA EDEALINA,,,480.0,403.57834
202503.0,2025-03-12,64004.0,VCSA EDEALINA,Autoprodutor,SUDESTE,480.0,335.025394
202503.0,2025-03-12,64004.0,VCSA EDEALINA,Autoprodutor,SUDESTE,480.0,335.025394
,2025-03-12,,VCSA EDEALINA,,,480.0,335.025394
202503.0,2025-03-13,64004.0,VCSA EDEALINA,Autoprodutor,SUDESTE,480.0,316.483297
202503.0,2025-03-13,64004.0,VCSA EDEALINA,Autoprodutor,SUDESTE,480.0,316.483297
,2025-03-13,,VCSA EDEALINA,,,480.0,316.483297
202503.0,2025-03-14,64004.0,VCSA EDEALINA,Autoprodutor,SUDESTE,480.0,363.234971
202503.0,2025-03-14,64004.0,VCSA EDEALINA,Autoprodutor,SUDESTE,480.0,363.234971
,2025-03-14,,VCSA EDEALINA,,,480.0,363.234971
202503.0,2025-03-15,64004.0,VCSA EDEALINA,Autoprodutor,SUDESTE,480.0,285.342685
202503.0,2025-03-15,64004.0,VCSA EDEALINA,Autoprodutor,SUDESTE,480.0,285.342685
,2025-03-15,,VCSA EDEALINA,,,480.0,285.342685
202503.0,2025-03-16,64004.0,VCSA EDEALINA,Autoprodutor,SUDESTE,480.0,147.067189
202503.0,2025-03-16,64004.0,VCSA EDEALINA,Autoprodutor,SUDESTE,480.0,147.067189
,2025-03-16,,VCSA EDEALINA,,,480.0,147.067189
202503.0,2025-03-17,64004.0,VCSA EDEALINA,Autoprodutor,SUDESTE,480.0,121.121041
202503.0,2025-03-17,64004.0,VCSA EDEALINA,Autoprodutor,SUDESTE,480.0,121.121041
,2025-03-17,,VCSA EDEALINA,,,480.0,121.121041
202503.0,2025-03-18,64004.0,VCSA EDEALINA,Autoprodutor,SUDESTE,480.0,69.430534
202503.0,2025-03-18,64004.0,VCSA EDEALINA,Autoprodutor,SUDESTE,480.0,69.430534
,2025-03-18,,VCSA EDEALINA,,,480.0,69.430534
202503.0,2025-03-19,64004.0,VCSA EDEALINA,Autoprodutor,SUDESTE,480.0,139.118892
202503.0,2025-03-19,64004.0,VCSA EDEALINA,Autoprodutor,SUDESTE,480.0,139.118892
,2025-03-19,,VCSA EDEALINA,,,480.0,139.118892
202503.0,2025-03-20,64004.0,VCSA EDEALINA,Autoprodutor,SUDESTE,480.0,140.424793
202503.0,2025-03-20,64004.0,VCSA EDEALINA,Autoprodutor,SUDESTE,480.0,140.424793
,2025-03-20,,VCSA EDEALINA,,,480.0,140.424793
202503.0,2025-03-21,64004.0,VCSA EDEALINA,Autoprodutor,SUDESTE,480.0,115.52507
202503.0,2025-03-21,64004.0,VCSA EDEALINA,Autoprodutor,SUDESTE,480.0,115.52507
,2025-03-21,,VCSA EDEALINA,,,480.0,115.52507
202503.0,2025-03-22,64004.0,VCSA EDEALINA,Autoprodutor,SUDESTE,480.0,98.52665
202503.0,2025-03-22,64004.0,VCSA EDEALINA,Autoprodutor,SUDESTE,480.0,98.52665
,2025-03-22,,VCSA EDEALINA,,,480.0,98.52665
202503.0,2025-03-23,64004.0,VCSA EDEALINA,Autoprodutor,SUDESTE,480.0,126.714854
202503.0,2025-03-23,64004.0,VCSA EDEALINA,Autoprodutor,SUDESTE,480.0,126.714854
,2025-03-23,,VCSA EDEALINA,,,480.0,126.714854
202503.0,2025-03-24,64004.0,VCSA EDEALINA,Autoprodutor,SUDESTE,480.0,132.781293
202503.0,2025-03-24,64004.0,VCSA EDEALINA,Autoprodutor,SUDESTE,480.0,132.781293
,2025-03-24,,VCSA EDEALINA,,,480.0,132.781293
202503.0,2025-03-25,64004.0,VCSA EDEALINA,Autoprodutor,SUDESTE,480.0,97.143249
202503.0,2025-03-25,64004.0,VCSA EDEALINA,Autoprodutor,SUDESTE,480.0,97.143249
,2025-03-25,,VCSA EDEALINA,,,480.0,97.143249
202503.0,2025-03-26,64004.0,VCSA EDEALINA,Autoprodutor,SUDESTE,480.0,112.036841
202503.0,2025-03-26,64004.0,VCSA EDEALINA,Autoprodutor,SUDESTE,480.0,112.036841
,2025-03-26,,VCSA EDEALINA,,,480.0,112.036841
202503.0,2025-03-27,64004.0,VCSA EDEALINA,Autoprodutor,SUDESTE,480.0,117.430007
202503.0,2025-03-27,64004.0,VCSA EDEALINA,Autoprodutor,SUDESTE,480.0,117.430007
,2025-03-27,,VCSA EDEALINA,,,480.0,117.430007
202503.0,2025-03-28,64004.0,VCSA EDEALINA,Autoprodutor,SUDESTE,480.0,118.780911
202503.0,2025-03-28,64004.0,VCSA EDEALINA,Autoprodutor,SUDESTE,480.0,118.780911
,2025-03-28,,VCSA EDEALINA,,,480.0,118.780911
202503.0,2025-03-29,64004.0,VCSA EDEALINA,Autoprodutor,SUDESTE,480.0,130.432272
202503.0,2025-03-29,64004.0,VCSA EDEALINA,Autoprodutor,SUDESTE,480.0,130.432272
,2025-03-29,,VCSA EDEALINA,,,480.0,130.432272
202503.0,2025-03-30,64004.0,VCSA EDEALINA,Autoprodutor,SUDESTE,480.0,124.846264
202503.0,2025-03-30,64004.0,VCSA EDEALINA,Autoprodutor,SUDESTE,480.0,124.846264
,2025-03-30,,VCSA EDEALINA,,,480.0,124.846264
202503.0,2025-03-31,64004.0,VCSA EDEALINA,Autoprodutor,SUDESTE,480.0,80.816718
202503.0,2025-03-31,64004.0,VCSA EDEALINA,Autoprodutor,SUDESTE,480.0,80.816718
,2025-03-31,,VCSA EDEALINA,,,480.0,80.816718
202504.0,2025-04-01,64004.0,VCSA EDEALINA,Autoprodutor,SUDESTE,480.0,127.623062
202504.0,2025-04-01,64004.0,VCSA EDEALINA,Autoprodutor,SUDESTE,480.0,127.623062
,2025-04-01,,VCSA EDEALINA,,,480.0,127.623062
202504.0,2025-04-02,64004.0,VCSA EDEALINA,Autoprodutor,SUDESTE,480.0,123.461731
202504.0,2025-04-02,64004.0,VCSA EDEALINA,Autoprodutor,SUDESTE,480.0,123.461731
,2025-04-02,,VCSA EDEALINA,,,480.0,123.461731
202504.0,2025-04-03,64004.0,VCSA EDEALINA,Autoprodutor,SUDESTE,480.0,129.149671
202504.0,2025-04-03,64004.0,VCSA EDEALINA,Autoprodutor,SUDESTE,480.0,129.149671
,2025-04-03,,VCSA EDEALINA,,,480.0,129.149671
202504.0,2025-04-04,64004.0,VCSA EDEALINA,Autoprodutor,SUDESTE,480.0,58.416948
202504.0,2025-04-04,64004.0,VCSA EDEALINA,Autoprodutor,SUDESTE,480.0,58.416948
,2025-04-04,,VCSA EDEALINA,,,480.0,58.416948
202504.0,2025-04-05,64004.0,VCSA EDEALINA,Autoprodutor,SUDESTE,480.0,38.376027
202504.0,2025-04-05,64004.0,VCSA EDEALINA,Autoprodutor,SUDESTE,480.0,38.376027
,2025-04-05,,VCSA EDEALINA,,,480.0,38.376027
202504.0,2025-04-06,64004.0,VCSA EDEALINA,Autoprodutor,SUDESTE,480.0,113.625729
202504.0,2025-04-06,64004.0,VCSA EDEALINA,Autoprodutor,SUDESTE,480.0,113.625729
,2025-04-06,,VCSA EDEALINA,,,480.0,113.625729
202504.0,2025-04-07,64004.0,VCSA EDEALINA,Autoprodutor,SUDESTE,480.0,107.605908
202504.0,2025-04-07,64004.0,VCSA EDEALINA,Autoprodutor,SUDESTE,480.0,107.605908
,2025-04-07,,VCSA EDEALINA,,,480.0,107.605908
202504.0,2025-04-08,64004.0,VCSA EDEALINA,Autoprodutor,SUDESTE,480.0,116.738438
202504.0,2025-04-08,64004.0,VCSA EDEALINA,Autoprodutor,SUDESTE,480.0,116.738438
,2025-04-08,,VCSA EDEALINA,,,480.0,116.738438
202504.0,2025-04-09,64004.0,VCSA EDEALINA,Autoprodutor,SUDESTE,480.0,142.834048
202504.0,2025-04-09,64004.0,VCSA EDEALINA,Autoprodutor,SUDESTE,480.0,142.834048
,2025-04-09,,VCSA EDEALINA,,,480.0,142.834048
202504.0,2025-04-10,64004.0,VCSA EDEALINA,Autoprodutor,SUDESTE,480.0,140.703539
202504.0,2025-04-10,64004.0,VCSA EDEALINA,Autoprodutor,SUDESTE,480.0,140.703539
,2025-04-10,,VCSA EDEALINA,,,480.0,140.703539
202504.0,2025-04-11,64004.0,VCSA EDEALINA,Autoprodutor,SUDESTE,480.0,141.099028
202504.0,2025-04-11,64004.0,VCSA EDEALINA,Autoprodutor,SUDESTE,480.0,141.099028
,2025-04-11,,VCSA EDEALINA,,,480.0,141.099028
202504.0,2025-04-12,64004.0,VCSA EDEALINA,Autoprodutor,SUDESTE,480.0,146.454663
202504.0,2025-04-12,64004.0,VCSA EDEALINA,Autoprodutor,SUDESTE,480.0,146.454663
,2025-04-12,,VCSA EDEALINA,,,480.0,146.454663
202504.0,2025-04-13,64004.0,VCSA EDEALINA,Autoprodutor,SUDESTE,480.0,168.781412
202504.0,2025-04-13,64004.0,VCSA EDEALINA,Autoprodutor,SUDESTE,480.0,168.781412
,2025-04-13,,VCSA EDEALINA,,,480.0,168.781412
202504.0,2025-04-14,64004.0,VCSA EDEALINA,Autoprodutor,SUDESTE,480.0,172.852771
202504.0,2025-04-14,64004.0,VCSA EDEALINA,Autoprodutor,SUDESTE,480.0,172.852771
,2025-04-14,,VCSA EDEALINA,,,480.0,172.852771
202504.0,2025-04-15,64004.0,VCSA EDEALINA,Autoprodutor,SUDESTE,480.0,347.078073
202504.0,2025-04-15,64004.0,VCSA EDEALINA,Autoprodutor,SUDESTE,480.0,347.078073
,2025-04-15,,VCSA EDEALINA,,,480.0,347.078073
202504.0,2025-04-16,64004.0,VCSA EDEALINA,Autoprodutor,SUDESTE,480.0,373.784097
202504.0,2025-04-16,64004.0,VCSA EDEALINA,Autoprodutor,SUDESTE,480.0,373.784097
,2025-04-16,,VCSA EDEALINA,,,480.0,373.784097
202504.0,2025-04-17,64004.0,VCSA EDEALINA,Autoprodutor,SUDESTE,480.0,418.247484
202504.0,2025-04-17,64004.0,VCSA EDEALINA,Autoprodutor,SUDESTE,480.0,418.247484
,2025-04-17,,VCSA EDEALINA,,,480.0,418.247484
202504.0,2025-04-18,64004.0,VCSA EDEALINA,Autoprodutor,SUDESTE,480.0,440.451583
202504.0,2025-04-18,64004.0,VCSA EDEALINA,Autoprodutor,SUDESTE,480.0,440.451583
,2025-04-18,,VCSA EDEALINA,,,480.0,440.451583
202504.0,2025-04-19,64004.0,VCSA EDEALINA,Autoprodutor,SUDESTE,480.0,373.630852
202504.0,2025-04-19,64004.0,VCSA EDEALINA,Autoprodutor,SUDESTE,480.0,373.630852
,2025-04-19,,VCSA EDEALINA,,,480.0,373.630852
202504.0,2025-04-20,64004.0,VCSA EDEALINA,Autoprodutor,SUDESTE,480.0,358.361601
202504.0,2025-04-20,64004.0,VCSA EDEALINA,Autoprodutor,SUDESTE,480.0,358.361601
,2025-04-20,,VCSA EDEALINA,,,480.0,358.361601
202504.0,2025-04-21,64004.0,VCSA EDEALINA,Autoprodutor,SUDESTE,480.0,379.090034
202504.0,2025-04-21,64004.0,VCSA EDEALINA,Autoprodutor,SUDESTE,480.0,379.090034
,2025-04-21,,VCSA EDEALINA,,,480.0,379.090034
202504.0,2025-04-22,64004.0,VCSA EDEALINA,Autoprodutor,SUDESTE,480.0,274.542027
202504.0,2025-04-22,64004.0,VCSA EDEALINA,Autoprodutor,SUDESTE,480.0,274.542027
,2025-04-22,,VCSA EDEALINA,,,480.0,274.542027
202504.0,2025-04-23,64004.0,VCSA EDEALINA,Autoprodutor,SUDESTE,480.0,341.09898
202504.0,2025-04-23,64004.0,VCSA EDEALINA,Autoprodutor,SUDESTE,480.0,341.09898
,2025-04-23,,VCSA EDEALINA,,,480.0,341.09898
202504.0,2025-04-24,64004.0,VCSA EDEALINA,Autoprodutor,SUDESTE,480.0,358.682405
202504.0,2025-04-24,64004.0,VCSA EDEALINA,Autoprodutor,SUDESTE,480.0,358.682405
,2025-04-24,,VCSA EDEALINA,,,480.0,358.682405
202504.0,2025-04-25,64004.0,VCSA EDEALINA,Autoprodutor,SUDESTE,480.0,378.959559
202504.0,2025-04-25,64004.0,VCSA EDEALINA,Autoprodutor,SUDESTE,480.0,378.959559
,2025-04-25,,VCSA EDEALINA,,,480.0,378.959559
202504.0,2025-04-26,64004.0,VCSA EDEALINA,Autoprodutor,SUDESTE,480.0,369.173042
202504.0,2025-04-26,64004.0,VCSA EDEALINA,Autoprodutor,SUDESTE,480.0,369.173042
,2025-04-26,,VCSA EDEALINA,,,480.0,369.173042
202504.0,2025-04-27,64004.0,VCSA EDEALINA,Autoprodutor,SUDESTE,480.0,370.260986
202504.0,2025-04-27,64004.0,VCSA EDEALINA,Autoprodutor,SUDESTE,480.0,370.260986
,2025-04-27,,VCSA EDEALINA,,,480.0,370.260986
202504.0,2025-04-28,64004.0,VCSA EDEALINA,Autoprodutor,SUDESTE,480.0,280.206072
202504.0,2025-04-28,64004.0,VCSA EDEALINA,Autoprodutor,SUDESTE,480.0,280.206072
,2025-04-28,,VCSA EDEALINA,,,480.0,280.206072
202504.0,2025-04-29,64004.0,VCSA EDEALINA,Autoprodutor,SUDESTE,480.0,240.686628
202504.0,2025-04-29,64004.0,VCSA EDEALINA,Autoprodutor,SUDESTE,480.0,240.686628
,2025-04-29,,VCSA EDEALINA,,,480.0,240.686628
202504.0,2025-04-30,64004.0,VCSA EDEALINA,Autoprodutor,SUDESTE,480.0,381.516926
202504.0,2025-04-30,64004.0,VCSA EDEALINA,Autoprodutor,SUDESTE,480.0,381.516926
,2025-04-30,,VCSA EDEALINA,,,480.0,381.516926
202505.0,2025-05-01,64004.0,VCSA EDEALINA,Autoprodutor,SUDESTE,480.0,379.81604
202505.0,2025-05-01,64004.0,VCSA EDEALINA,Autoprodutor,SUDESTE,480.0,379.81604
,2025-05-01,,VCSA EDEALINA,,,480.0,379.81604
202505.0,2025-05-02,64004.0,VCSA EDEALINA,Autoprodutor,SUDESTE,480.0,348.423258
202505.0,2025-05-02,64004.0,VCSA EDEALINA,Autoprodutor,SUDESTE,480.0,348.423258
,2025-05-02,,VCSA EDEALINA,,,480.0,348.423258
202505.0,2025-05-03,64004.0,VCSA EDEALINA,Autoprodutor,SUDESTE,480.0,315.986579
202505.0,2025-05-03,64004.0,VCSA EDEALINA,Autoprodutor,SUDESTE,480.0,315.986579
,2025-05-03,,VCSA EDEALINA,,,480.0,315.986579
202505.0,2025-05-04,64004.0,VCSA EDEALINA,Autoprodutor,SUDESTE,480.0,282.953853
202505.0,2025-05-04,64004.0,VCSA EDEALINA,Autoprodutor,SUDESTE,480.0,282.953853
,2025-05-04,,VCSA EDEALINA,,,480.0,282.953853
202505.0,2025-05-05,64004.0,VCSA EDEALINA,Autoprodutor,SUDESTE,480.0,270.632204
202505.0,2025-05-05,64004.0,VCSA EDEALINA,Autoprodutor,SUDESTE,480.0,270.632204
,2025-05-05,,VCSA EDEALINA,,,480.0,270.632204
202505.0,2025-05-06,64004.0,VCSA EDEALINA,Autoprodutor,SUDESTE,480.0,280.646657
202505.0,2025-05-06,64004.0,VCSA EDEALINA,Autoprodutor,SUDESTE,480.0,280.646657
,2025-05-06,,VCSA EDEALINA,,,480.0,280.646657
202505.0,2025-05-07,64004.0,VCSA EDEALINA,Autoprodutor,SUDESTE,480.0,284.042345
202505.0,2025-05-07,64004.0,VCSA EDEALINA,Autoprodutor,SUDESTE,480.0,284.042345
,2025-05-07,,VCSA EDEALINA,,,480.0,284.042345
202505.0,2025-05-08,64004.0,VCSA EDEALINA,Autoprodutor,SUDESTE,480.0,337.117079
202505.0,2025-05-08,64004.0,VCSA EDEALINA,Autoprodutor,SUDESTE,480.0,337.117079
,2025-05-08,,VCSA EDEALINA,,,480.0,337.117079
202505.0,2025-05-09,64004.0,VCSA EDEALINA,Autoprodutor,SUDESTE,480.0,380.764227
202505.0,2025-05-09,64004.0,VCSA EDEALINA,Autoprodutor,SUDESTE,480.0,380.764227
,2025-05-09,,VCSA EDEALINA,,,480.0,380.764227
202505.0,2025-05-10,64004.0,VCSA EDEALINA,Autoprodutor,SUDESTE,480.0,406.661303
202505.0,2025-05-10,64004.0,VCSA EDEALINA,Autoprodutor,SUDESTE,480.0,406.661303
,2025-05-10,,VCSA EDEALINA,,,480.0,406.661303
202505.0,2025-05-11,64004.0,VCSA EDEALINA,Autoprodutor,SUDESTE,480.0,137.387668
202505.0,2025-05-11,64004.0,VCSA EDEALINA,Autoprodutor,SUDESTE,480.0,137.387668
,2025-05-11,,VCSA EDEALINA,,,480.0,137.387668
202505.0,2025-05-12,64004.0,VCSA EDEALINA,Autoprodutor,SUDESTE,480.0,158.971074
202505.0,2025-05-12,64004.0,VCSA EDEALINA,Autoprodutor,SUDESTE,480.0,158.971074
,2025-05-12,,VCSA EDEALINA,,,480.0,158.971074
202505.0,2025-05-13,64004.0,VCSA EDEALINA,Autoprodutor,SUDESTE,480.0,139.811388
202505.0,2025-05-13,64004.0,VCSA EDEALINA,Autoprodutor,SUDESTE,480.0,139.811388
,2025-05-13,,VCSA EDEALINA,,,480.0,139.811388
202505.0,2025-05-14,64004.0,VCSA EDEALINA,Autoprodutor,SUDESTE,480.0,135.210734
202505.0,2025-05-14,64004.0,VCSA EDEALINA,Autoprodutor,SUDESTE,480.0,135.210734
,2025-05-14,,VCSA EDEALINA,,,480.0,135.210734
202505.0,2025-05-15,64004.0,VCSA EDEALINA,Autoprodutor,SUDESTE,480.0,138.944437
202505.0,2025-05-15,64004.0,VCSA EDEALINA,Autoprodutor,SUDESTE,480.0,138.944437
,2025-05-15,,VCSA EDEALINA,,,480.0,138.944437
202505.0,2025-05-16,64004.0,VCSA EDEALINA,Autoprodutor,SUDESTE,480.0,136.066148
202505.0,2025-05-16,64004.0,VCSA EDEALINA,Autoprodutor,SUDESTE,480.0,136.066148
,2025-05-16,,VCSA EDEALINA,,,480.0,136.066148
202505.0,2025-05-17,64004.0,VCSA EDEALINA,Autoprodutor,SUDESTE,480.0,135.857293
202505.0,2025-05-17,64004.0,VCSA EDEALINA,Autoprodutor,SUDESTE,480.0,135.857293
,2025-05-17,,VCSA EDEALINA,,,480.0,135.857293
202505.0,2025-05-18,64004.0,VCSA EDEALINA,Autoprodutor,SUDESTE,480.0,135.448151
202505.0,2025-05-18,64004.0,VCSA EDEALINA,Autoprodutor,SUDESTE,480.0,135.448151
,2025-05-18,,VCSA EDEALINA,,,480.0,135.448151
202505.0,2025-05-19,64004.0,VCSA EDEALINA,Autoprodutor,SUDESTE,480.0,131.224177
202505.0,2025-05-19,64004.0,VCSA EDEALINA,Autoprodutor,SUDESTE,480.0,131.224177
,2025-05-19,,VCSA EDEALINA,,,480.0,131.224177
202505.0,2025-05-20,64004.0,VCSA EDEALINA,Autoprodutor,SUDESTE,480.0,82.070437
202505.0,2025-05-20,64004.0,VCSA EDEALINA,Autoprodutor,SUDESTE,480.0,82.070437
,2025-05-20,,VCSA EDEALINA,,,480.0,82.070437
202505.0,2025-05-21,64004.0,VCSA EDEALINA,Autoprodutor,SUDESTE,480.0,129.841201
202505.0,2025-05-21,64004.0,VCSA EDEALINA,Autoprodutor,SUDESTE,480.0,129.841201
,2025-05-21,,VCSA EDEALINA,,,480.0,129.841201
202505.0,2025-05-22,64004.0,VCSA EDEALINA,Autoprodutor,SUDESTE,480.0,136.015539
202505.0,2025-05-22,64004.0,VCSA EDEALINA,Autoprodutor,SUDESTE,480.0,136.015539
,2025-05-22,,VCSA EDEALINA,,,480.0,136.015539
202505.0,2025-05-23,64004.0,VCSA EDEALINA,Autoprodutor,SUDESTE,480.0,136.644244
202505.0,2025-05-23,64004.0,VCSA EDEALINA,Autoprodutor,SUDESTE,480.0,136.644244
,2025-05-23,,VCSA EDEALINA,,,480.0,136.644244
202505.0,2025-05-24,64004.0,VCSA EDEALINA,Autoprodutor,SUDESTE,480.0,137.516619
202505.0,2025-05-24,64004.0,VCSA EDEALINA,Autoprodutor,SUDESTE,480.0,137.516619
,2025-05-24,,VCSA EDEALINA,,,480.0,137.516619
202505.0,2025-05-25,64004.0,VCSA EDEALINA,Autoprodutor,SUDESTE,480.0,130.020946
202505.0,2025-05-25,64004.0,VCSA EDEALINA,Autoprodutor,SUDESTE,480.0,130.020946
,2025-05-25,,VCSA EDEALINA,,,480.0,130.020946
202505.0,2025-05-26,64004.0,VCSA EDEALINA,Autoprodutor,SUDESTE,480.0,118.434912
202505.0,2025-05-26,64004.0,VCSA EDEALINA,Autoprodutor,SUDESTE,480.0,118.434912
,2025-05-26,,VCSA EDEALINA,,,480.0,118.434912
202505.0,2025-05-27,64004.0,VCSA EDEALINA,Autoprodutor,SUDESTE,480.0,133.210422
202505.0,2025-05-27,64004.0,VCSA EDEALINA,Autoprodutor,SUDESTE,480.0,133.210422
,2025-05-27,,VCSA EDEALINA,,,480.0,133.210422
202505.0,2025-05-28,64004.0,VCSA EDEALINA,Autoprodutor,SUDESTE,480.0,132.889995
202505.0,2025-05-28,64004.0,VCSA EDEALINA,Autoprodutor,SUDESTE,480.0,132.889995
,2025-05-28,,VCSA EDEALINA,,,480.0,132.889995
202505.0,2025-05-29,64004.0,VCSA EDEALINA,Autoprodutor,SUDESTE,480.0,137.475137
202505.0,2025-05-29,64004.0,VCSA EDEALINA,Autoprodutor,SUDESTE,480.0,137.475137
,2025-05-29,,VCSA EDEALINA,,,480.0,137.475137
202505.0,2025-05-30,64004.0,VCSA EDEALINA,Autoprodutor,SUDESTE,480.0,141.266527
202505.0,2025-05-30,64004.0,VCSA EDEALINA,Autoprodutor,SUDESTE,480.0,141.266527
,2025-05-30,,VCSA EDEALINA,,,480.0,141.266527
202505.0,2025-05-31,64004.0,VCSA EDEALINA,Autoprodutor,SUDESTE,480.0,137.72132
202505.0,2025-05-31,64004.0,VCSA EDEALINA,Autoprodutor,SUDESTE,480.0,137.72132
,2025-05-31,,VCSA EDEALINA,,,480.0,137.72132
202506.0,2025-06-01,64004.0,VCSA EDEALINA,Autoprodutor,SUDESTE,480.0,136.170507
202506.0,2025-06-01,64004.0,VCSA EDEALINA,Autoprodutor,SUDESTE,480.0,136.170507
,2025-06-01,,VCSA EDEALINA,,,480.0,136.170507
202506.0,2025-06-02,64004.0,VCSA EDEALINA,Autoprodutor,SUDESTE,480.0,143.447312
202506.0,2025-06-02,64004.0,VCSA EDEALINA,Autoprodutor,SUDESTE,480.0,143.447312
,2025-06-02,,VCSA EDEALINA,,,480.0,143.447312
202506.0,2025-06-03,64004.0,VCSA EDEALINA,Autoprodutor,SUDESTE,480.0,135.336322
202506.0,2025-06-03,64004.0,VCSA EDEALINA,Autoprodutor,SUDESTE,480.0,135.336322
,2025-06-03,,VCSA EDEALINA,,,480.0,135.336322
202506.0,2025-06-04,64004.0,VCSA EDEALINA,Autoprodutor,SUDESTE,480.0,137.007398
202506.0,2025-06-04,64004.0,VCSA EDEALINA,Autoprodutor,SUDESTE,480.0,137.007398
,2025-06-04,,VCSA EDEALINA,,,480.0,137.007398
202506.0,2025-06-05,64004.0,VCSA EDEALINA,Autoprodutor,SUDESTE,480.0,139.47538
202506.0,2025-06-05,64004.0,VCSA EDEALINA,Autoprodutor,SUDESTE,480.0,139.47538
,2025-06-05,,VCSA EDEALINA,,,480.0,139.47538
202506.0,2025-06-06,64004.0,VCSA EDEALINA,Autoprodutor,SUDESTE,480.0,143.834901
202506.0,2025-06-06,64004.0,VCSA EDEALINA,Autoprodutor,SUDESTE,480.0,143.834901
,2025-06-06,,VCSA EDEALINA,,,480.0,143.834901
202506.0,2025-06-07,64004.0,VCSA EDEALINA,Autoprodutor,SUDESTE,480.0,142.098229
202506.0,2025-06-07,64004.0,VCSA EDEALINA,Autoprodutor,SUDESTE,480.0,142.098229
,2025-06-07,,VCSA EDEALINA,,,480.0,142.098229
202506.0,2025-06-08,64004.0,VCSA EDEALINA,Autoprodutor,SUDESTE,480.0,57.098618
202506.0,2025-06-08,64004.0,VCSA EDEALINA,Autoprodutor,SUDESTE,480.0,57.098618
,2025-06-08,,VCSA EDEALINA,,,480.0,57.098618
202506.0,2025-06-09,64004.0,VCSA EDEALINA,Autoprodutor,SUDESTE,480.0,81.923299
202506.0,2025-06-09,64004.0,VCSA EDEALINA,Autoprodutor,SUDESTE,480.0,81.923299
,2025-06-09,,VCSA EDEALINA,,,480.0,81.923299
202506.0,2025-06-10,64004.0,VCSA EDEALINA,Autoprodutor,SUDESTE,480.0,183.146629
202506.0,2025-06-10,64004.0,VCSA EDEALINA,Autoprodutor,SUDESTE,480.0,183.146629
,2025-06-10,,VCSA EDEALINA,,,480.0,183.146629
202506.0,2025-06-11,64004.0,VCSA EDEALINA,Autoprodutor,SUDESTE,480.0,357.217533
202506.0,2025-06-11,64004.0,VCSA EDEALINA,Autoprodutor,SUDESTE,480.0,357.217533
,2025-06-11,,VCSA EDEALINA,,,480.0,357.217533
202506.0,2025-06-12,64004.0,VCSA EDEALINA,Autoprodutor,SUDESTE,480.0,409.821051
202506.0,2025-06-12,64004.0,VCSA EDEALINA,Autoprodutor,SUDESTE,480.0,409.821051
,2025-06-12,,VCSA EDEALINA,,,480.0,409.821051
202506.0,2025-06-13,64004.0,VCSA EDEALINA,Autoprodutor,SUDESTE,480.0,378.49745
202506.0,2025-06-13,64004.0,VCSA EDEALINA,Autoprodutor,SUDESTE,480.0,378.49745
,2025-06-13,,VCSA EDEALINA,,,480.0,378.49745
202506.0,2025-06-14,64004.0,VCSA EDEALINA,Autoprodutor,SUDESTE,480.0,402.747631
202506.0,2025-06-14,64004.0,VCSA EDEALINA,Autoprodutor,SUDESTE,480.0,402.747631
,2025-06-14,,VCSA EDEALINA,,,480.0,402.747631
202506.0,2025-06-15,64004.0,VCSA EDEALINA,Autoprodutor,SUDESTE,480.0,356.756875
202506.0,2025-06-15,64004.0,VCSA EDEALINA,Autoprodutor,SUDESTE,480.0,356.756875
,2025-06-15,,VCSA EDEALINA,,,480.0,356.756875
202506.0,2025-06-16,64004.0,VCSA EDEALINA,Autoprodutor,SUDESTE,480.0,224.177062
202506.0,2025-06-16,64004.0,VCSA EDEALINA,Autoprodutor,SUDESTE,480.0,224.177062
,2025-06-16,,VCSA EDEALINA,,,480.0,224.177062
202506.0,2025-06-17,64004.0,VCSA EDEALINA,Autoprodutor,SUDESTE,480.0,187.442231
202506.0,2025-06-17,64004.0,VCSA EDEALINA,Autoprodutor,SUDESTE,480.0,187.442231
,2025-06-17,,VCSA EDEALINA,,,480.0,187.442231
202506.0,2025-06-18,64004.0,VCSA EDEALINA,Autoprodutor,SUDESTE,480.0,371.835492
202506.0,2025-06-18,64004.0,VCSA EDEALINA,Autoprodutor,SUDESTE,480.0,371.835492
,2025-06-18,,VCSA EDEALINA,,,480.0,371.835492
202506.0,2025-06-19,64004.0,VCSA EDEALINA,Autoprodutor,SUDESTE,480.0,322.23924
202506.0,2025-06-19,64004.0,VCSA EDEALINA,Autoprodutor,SUDESTE,480.0,322.23924
,2025-06-19,,VCSA EDEALINA,,,480.0,322.23924
202506.0,2025-06-20,64004.0,VCSA EDEALINA,Autoprodutor,SUDESTE,480.0,407.29402
202506.0,2025-06-20,64004.0,VCSA EDEALINA,Autoprodutor,SUDESTE,480.0,407.29402
,2025-06-20,,VCSA EDEALINA,,,480.0,407.29402
202506.0,2025-06-21,64004.0,VCSA EDEALINA,Autoprodutor,SUDESTE,480.0,393.954227
202506.0,2025-06-21,64004.0,VCSA EDEALINA,Autoprodutor,SUDESTE,480.0,393.954227
,2025-06-21,,VCSA EDEALINA,,,480.0,393.954227
202506.0,2025-06-22,64004.0,VCSA EDEALINA,Autoprodutor,SUDESTE,480.0,396.733718
202506.0,2025-06-22,64004.0,VCSA EDEALINA,Autoprodutor,SUDESTE,480.0,396.733718
,2025-06-22,,VCSA EDEALINA,,,480.0,396.733718
202506.0,2025-06-23,64004.0,VCSA EDEALINA,Autoprodutor,SUDESTE,480.0,247.420467
202506.0,2025-06-23,64004.0,VCSA EDEALINA,Autoprodutor,SUDESTE,480.0,247.420467
,2025-06-23,,VCSA EDEALINA,,,480.0,247.420467
202506.0,2025-06-24,64004.0,VCSA EDEALINA,Autoprodutor,SUDESTE,480.0,337.84816
202506.0,2025-06-24,64004.0,VCSA EDEALINA,Autoprodutor,SUDESTE,480.0,337.84816
,2025-06-24,,VCSA EDEALINA,,,480.0,337.84816
202506.0,2025-06-25,64004.0,VCSA EDEALINA,Autoprodutor,SUDESTE,480.0,398.915277
202506.0,2025-06-25,64004.0,VCSA EDEALINA,Autoprodutor,SUDESTE,480.0,398.915277
,2025-06-25,,VCSA EDEALINA,,,480.0,398.915277
202506.0,2025-06-26,64004.0,VCSA EDEALINA,Autoprodutor,SUDESTE,480.0,390.518003
202506.0,2025-06-26,64004.0,VCSA EDEALINA,Autoprodutor,SUDESTE,480.0,390.518003
,2025-06-26,,VCSA EDEALINA,,,480.0,390.518003
202506.0,2025-06-27,64004.0,VCSA EDEALINA,Autoprodutor,SUDESTE,480.0,420.874805
202506.0,2025-06-27,64004.0,VCSA EDEALINA,Autoprodutor,SUDESTE,480.0,420.874805
,2025-06-27,,VCSA EDEALINA,,,480.0,420.874805
202506.0,2025-06-28,64004.0,VCSA EDEALINA,Autoprodutor,SUDESTE,480.0,387.140727
202506.0,2025-06-28,64004.0,VCSA EDEALINA,Autoprodutor,SUDESTE,480.0,387.140727
,2025-06-28,,VCSA EDEALINA,,,480.0,387.140727
202506.0,2025-06-29,64004.0,VCSA EDEALINA,Autoprodutor,SUDESTE,480.0,380.990453
202506.0,2025-06-29,64004.0,VCSA EDEALINA,Autoprodutor,SUDESTE,480.0,380.990453
,2025-06-29,,VCSA EDEALINA,,,480.0,380.990453
202506.0,2025-06-30,64004.0,VCSA EDEALINA,Autoprodutor,SUDESTE,480.0,350.878051
202506.0,2025-06-30,64004.0,VCSA EDEALINA,Autoprodutor,SUDESTE,480.0,350.878051
,2025-06-30,,VCSA EDEALINA,,,480.0,350.878051
202507.0,2025-07-01,64004.0,VCSA EDEALINA,Autoprodutor,SUDESTE,480.0,387.133705
202507.0,2025-07-01,64004.0,VCSA EDEALINA,Autoprodutor,SUDESTE,480.0,387.133705
,2025-07-01,,VCSA EDEALINA,,,480.0,387.133705
202507.0,2025-07-02,64004.0,VCSA EDEALINA,Autoprodutor,SUDESTE,480.0,326.927087
202507.0,2025-07-02,64004.0,VCSA EDEALINA,Autoprodutor,SUDESTE,480.0,326.927087
,2025-07-02,,VCSA EDEALINA,,,480.0,326.927087
202507.0,2025-07-03,64004.0,VCSA EDEALINA,Autoprodutor,SUDESTE,480.0,194.622283
202507.0,2025-07-03,64004.0,VCSA EDEALINA,Autoprodutor,SUDESTE,480.0,194.622283
,2025-07-03,,VCSA EDEALINA,,,480.0,194.622283
202507.0,2025-07-04,64004.0,VCSA EDEALINA,Autoprodutor,SUDESTE,480.0,387.125867
202507.0,2025-07-04,64004.0,VCSA EDEALINA,Autoprodutor,SUDESTE,480.0,387.125867
,2025-07-04,,VCSA EDEALINA,,,480.0,387.125867
202507.0,2025-07-05,64004.0,VCSA EDEALINA,Autoprodutor,SUDESTE,480.0,306.761341
202507.0,2025-07-05,64004.0,VCSA EDEALINA,Autoprodutor,SUDESTE,480.0,306.761341
,2025-07-05,,VCSA EDEALINA,,,480.0,306.761341
202507.0,2025-07-06,64004.0,VCSA EDEALINA,Autoprodutor,SUDESTE,480.0,406.280504
202507.0,2025-07-06,64004.0,VCSA EDEALINA,Autoprodutor,SUDESTE,480.0,406.280504
,2025-07-06,,VCSA EDEALINA,,,480.0,406.280504
202507.0,2025-07-07,64004.0,VCSA EDEALINA,Autoprodutor,SUDESTE,480.0,349.458823
202507.0,2025-07-07,64004.0,VCSA EDEALINA,Autoprodutor,SUDESTE,480.0,349.458823
,2025-07-07,,VCSA EDEALINA,,,480.0,349.458823
202507.0,2025-07-08,64004.0,VCSA EDEALINA,Autoprodutor,SUDESTE,480.0,327.97121500000003
202507.0,2025-07-08,64004.0,VCSA EDEALINA,Autoprodutor,SUDESTE,480.0,327.97121500000003
,2025-07-08,,VCSA EDEALINA,,,480.0,327.97121500000003
202507.0,2025-07-09,64004.0,VCSA EDEALINA,Autoprodutor,SUDESTE,480.0,368.884315
202507.0,2025-07-09,64004.0,VCSA EDEALINA,Autoprodutor,SUDESTE,480.0,368.884315
,2025-07-09,,VCSA EDEALINA,,,480.0,368.884315
202507.0,2025-07-10,64004.0,VCSA EDEALINA,Autoprodutor,SUDESTE,480.0,307.195878
202507.0,2025-07-10,64004.0,VCSA EDEALINA,Autoprodutor,SUDESTE,480.0,307.195878
,2025-07-10,,VCSA EDEALINA,,,480.0,307.195878
202507.0,2025-07-11,64004.0,VCSA EDEALINA,Autoprodutor,SUDESTE,480.0,391.139692
202507.0,2025-07-11,64004.0,VCSA EDEALINA,Autoprodutor,SUDESTE,480.0,391.139692
,2025-07-11,,VCSA EDEALINA,,,480.0,391.139692
202507.0,2025-07-12,64004.0,VCSA EDEALINA,Autoprodutor,SUDESTE,480.0,445.781617
202507.0,2025-07-12,64004.0,VCSA EDEALINA,Autoprodutor,SUDESTE,480.0,445.781617
,2025-07-12,,VCSA EDEALINA,,,480.0,445.781617
202507.0,2025-07-13,64004.0,VCSA EDEALINA,Autoprodutor,SUDESTE,480.0,402.575066
202507.0,2025-07-13,64004.0,VCSA EDEALINA,Autoprodutor,SUDESTE,480.0,402.575066
,2025-07-13,,VCSA EDEALINA,,,480.0,402.575066
202507.0,2025-07-14,64004.0,VCSA EDEALINA,Autoprodutor,SUDESTE,480.0,351.205591
202507.0,2025-07-14,64004.0,VCSA EDEALINA,Autoprodutor,SUDESTE,480.0,351.205591
,2025-07-14,,VCSA EDEALINA,,,480.0,351.205591
202507.0,2025-07-15,64004.0,VCSA EDEALINA,Autoprodutor,SUDESTE,480.0,369.099689
202507.0,2025-07-15,64004.0,VCSA EDEALINA,Autoprodutor,SUDESTE,480.0,369.099689
,2025-07-15,,VCSA EDEALINA,,,480.0,369.099689
202507.0,2025-07-16,64004.0,VCSA EDEALINA,Autoprodutor,SUDESTE,480.0,364.652597
202507.0,2025-07-16,64004.0,VCSA EDEALINA,Autoprodutor,SUDESTE,480.0,364.652597
,2025-07-16,,VCSA EDEALINA,,,480.0,364.652597
202507.0,2025-07-17,64004.0,VCSA EDEALINA,Autoprodutor,SUDESTE,480.0,421.367028
202507.0,2025-07-17,64004.0,VCSA EDEALINA,Autoprodutor,SUDESTE,480.0,421.367028
,2025-07-17,,VCSA EDEALINA,,,480.0,421.367028
202507.0,2025-07-18,64004.0,VCSA EDEALINA,Autoprodutor,SUDESTE,480.0,372.545513
202507.0,2025-07-18,64004.0,VCSA EDEALINA,Autoprodutor,SUDESTE,480.0,372.545513
,2025-07-18,,VCSA EDEALINA,,,480.0,372.545513
202507.0,2025-07-19,64004.0,VCSA EDEALINA,Autoprodutor,SUDESTE,480.0,377.500703
202507.0,2025-07-19,64004.0,VCSA EDEALINA,Autoprodutor,SUDESTE,480.0,377.500703
,2025-07-19,,VCSA EDEALINA,,,480.0,377.500703
202507.0,2025-07-20,64004.0,VCSA EDEALINA,Autoprodutor,SUDESTE,480.0,343.952023
202507.0,2025-07-20,64004.0,VCSA EDEALINA,Autoprodutor,SUDESTE,480.0,343.952023
,2025-07-20,,VCSA EDEALINA,,,480.0,343.952023
202507.0,2025-07-21,64004.0,VCSA EDEALINA,Autoprodutor,SUDESTE,480.0,264.073273
202507.0,2025-07-21,64004.0,VCSA EDEALINA,Autoprodutor,SUDESTE,480.0,264.073273
,2025-07-21,,VCSA EDEALINA,,,480.0,264.073273
202507.0,2025-07-22,64004.0,VCSA EDEALINA,Autoprodutor,SUDESTE,480.0,330.248304
202507.0,2025-07-22,64004.0,VCSA EDEALINA,Autoprodutor,SUDESTE,480.0,330.248304
,2025-07-22,,VCSA EDEALINA,,,480.0,330.248304
202507.0,2025-07-23,64004.0,VCSA EDEALINA,Autoprodutor,SUDESTE,480.0,237.742473
202507.0,2025-07-23,64004.0,VCSA EDEALINA,Autoprodutor,SUDESTE,480.0,237.742473
,2025-07-23,,VCSA EDEALINA,,,480.0,237.742473
202507.0,2025-07-24,64004.0,VCSA EDEALINA,Autoprodutor,SUDESTE,480.0,177.826038
202507.0,2025-07-24,64004.0,VCSA EDEALINA,Autoprodutor,SUDESTE,480.0,177.826038
,2025-07-24,,VCSA EDEALINA,,,480.0,177.826038
202507.0,2025-07-25,64004.0,VCSA EDEALINA,Autoprodutor,SUDESTE,480.0,142.904247
202507.0,2025-07-25,64004.0,VCSA EDEALINA,Autoprodutor,SUDESTE,480.0,142.904247
,2025-07-25,,VCSA EDEALINA,,,480.0,142.904247
202507.0,2025-07-26,64004.0,VCSA EDEALINA,Autoprodutor,SUDESTE,480.0,131.45108
202507.0,2025-07-26,64004.0,VCSA EDEALINA,Autoprodutor,SUDESTE,480.0,131.45108
,2025-07-26,,VCSA EDEALINA,,,480.0,131.45108
202507.0,2025-07-27,64004.0,VCSA EDEALINA,Autoprodutor,SUDESTE,480.0,127.586027
202507.0,2025-07-27,64004.0,VCSA EDEALINA,Autoprodutor,SUDESTE,480.0,127.586027
,2025-07-27,,VCSA EDEALINA,,,480.0,127.586027
202507.0,2025-07-28,64004.0,VCSA EDEALINA,Autoprodutor,SUDESTE,480.0,134.06025
202507.0,2025-07-28,64004.0,VCSA EDEALINA,Autoprodutor,SUDESTE,480.0,134.06025
,2025-07-28,,VCSA EDEALINA,,,480.0,134.06025
202507.0,2025-07-29,64004.0,VCSA EDEALINA,Autoprodutor,SUDESTE,480.0,119.659981
202507.0,2025-07-29,64004.0,VCSA EDEALINA,Autoprodutor,SUDESTE,480.0,119.659981
,2025-07-29,,VCSA EDEALINA,,,480.0,119.659981
202507.0,2025-07-30,64004.0,VCSA EDEALINA,Autoprodutor,SUDESTE,480.0,134.765279
202507.0,2025-07-30,64004.0,VCSA EDEALINA,Autoprodutor,SUDESTE,480.0,134.765279
,2025-07-30,,VCSA EDEALINA,,,480.0,134.765279
202507.0,2025-07-31,64004.0,VCSA EDEALINA,Autoprodutor,SUDESTE,480.0,143.638283
202507.0,2025-07-31,64004.0,VCSA EDEALINA,Autoprodutor,SUDESTE,480.0,143.638283
,2025-07-31,,VCSA EDEALINA,,,480.0,143.638283
202508.0,2025-08-01,64004.0,VCSA EDEALINA,Autoprodutor,SUDESTE,480.0,135.626232
202508.0,2025-08-01,64004.0,VCSA EDEALINA,Autoprodutor,SUDESTE,480.0,135.626232
,2025-08-01,,VCSA EDEALINA,,,480.0,135.626232
202508.0,2025-08-02,64004.0,VCSA EDEALINA,Autoprodutor,SUDESTE,480.0,134.396372
202508.0,2025-08-02,64004.0,VCSA EDEALINA,Autoprodutor,SUDESTE,480.0,134.396372
,2025-08-02,,VCSA EDEALINA,,,480.0,134.396372
202508.0,2025-08-03,64004.0,VCSA EDEALINA,Autoprodutor,SUDESTE,480.0,129.735865
202508.0,2025-08-03,64004.0,VCSA EDEALINA,Autoprodutor,SUDESTE,480.0,129.735865
,2025-08-03,,VCSA EDEALINA,,,480.0,129.735865
202508.0,2025-08-04,64004.0,VCSA EDEALINA,Autoprodutor,SUDESTE,480.0,92.968783
202508.0,2025-08-04,64004.0,VCSA EDEALINA,Autoprodutor,SUDESTE,480.0,92.968783
,2025-08-04,,VCSA EDEALINA,,,480.0,92.968783
202508.0,2025-08-05,64004.0,VCSA EDEALINA,Autoprodutor,SUDESTE,480.0,132.131177
202508.0,2025-08-05,64004.0,VCSA EDEALINA,Autoprodutor,SUDESTE,480.0,132.131177
,2025-08-05,,VCSA EDEALINA,,,480.0,132.131177
202508.0,2025-08-06,64004.0,VCSA EDEALINA,Autoprodutor,SUDESTE,480.0,133.477408
202508.0,2025-08-06,64004.0,VCSA EDEALINA,Autoprodutor,SUDESTE,480.0,133.477408
,2025-08-06,,VCSA EDEALINA,,,480.0,133.477408
202508.0,2025-08-07,64004.0,VCSA EDEALINA,Autoprodutor,SUDESTE,480.0,131.523717
202508.0,2025-08-07,64004.0,VCSA EDEALINA,Autoprodutor,SUDESTE,480.0,131.523717
,2025-08-07,,VCSA EDEALINA,,,480.0,131.523717
202508.0,2025-08-08,64004.0,VCSA EDEALINA,Autoprodutor,SUDESTE,480.0,132.723543
202508.0,2025-08-08,64004.0,VCSA EDEALINA,Autoprodutor,SUDESTE,480.0,132.723543
,2025-08-08,,VCSA EDEALINA,,,480.0,132.723543
202508.0,2025-08-09,64004.0,VCSA EDEALINA,Autoprodutor,SUDESTE,480.0,132.882498
202508.0,2025-08-09,64004.0,VCSA EDEALINA,Autoprodutor,SUDESTE,480.0,132.882498
,2025-08-09,,VCSA EDEALINA,,,480.0,132.882498
202508.0,2025-08-10,64004.0,VCSA EDEALINA,Autoprodutor,SUDESTE,480.0,135.244876
202508.0,2025-08-10,64004.0,VCSA EDEALINA,Autoprodutor,SUDESTE,480.0,135.244876
,2025-08-10,,VCSA EDEALINA,,,480.0,135.244876
202508.0,2025-08-11,64004.0,VCSA EDEALINA,Autoprodutor,SUDESTE,480.0,138.942235
202508.0,2025-08-11,64004.0,VCSA EDEALINA,Autoprodutor,SUDESTE,480.0,138.942235
,2025-08-11,,VCSA EDEALINA,,,480.0,138.942235
202508.0,2025-08-12,64004.0,VCSA EDEALINA,Autoprodutor,SUDESTE,480.0,135.62684
202508.0,2025-08-12,64004.0,VCSA EDEALINA,Autoprodutor,SUDESTE,480.0,135.62684
,2025-08-12,,VCSA EDEALINA,,,480.0,135.62684
202508.0,2025-08-13,64004.0,VCSA EDEALINA,Autoprodutor,SUDESTE,480.0,236.89237
202508.0,2025-08-13,64004.0,VCSA EDEALINA,Autoprodutor,SUDESTE,480.0,236.89237
,2025-08-13,,VCSA EDEALINA,,,480.0,236.89237
202508.0,2025-08-14,64004.0,VCSA EDEALINA,Autoprodutor,SUDESTE,480.0,398.030437
202508.0,2025-08-14,64004.0,VCSA EDEALINA,Autoprodutor,SUDESTE,480.0,398.030437
,2025-08-14,,VCSA EDEALINA,,,480.0,398.030437
202508.0,2025-08-15,64004.0,VCSA EDEALINA,Autoprodutor,SUDESTE,480.0,418.957276
202508.0,2025-08-15,64004.0,VCSA EDEALINA,Autoprodutor,SUDESTE,480.0,418.957276
,2025-08-15,,VCSA EDEALINA,,,480.0,418.957276
202508.0,2025-08-16,64004.0,VCSA EDEALINA,Autoprodutor,SUDESTE,480.0,420.01414
202508.0,2025-08-16,64004.0,VCSA EDEALINA,Autoprodutor,SUDESTE,480.0,420.01414
,2025-08-16,,VCSA EDEALINA,,,480.0,420.01414
202508.0,2025-08-17,64004.0,VCSA EDEALINA,Autoprodutor,SUDESTE,480.0,408.064155
202508.0,2025-08-17,64004.0,VCSA EDEALINA,Autoprodutor,SUDESTE,480.0,408.064155
,2025-08-17,,VCSA EDEALINA,,,480.0,408.064155
202508.0,2025-08-18,64004.0,VCSA EDEALINA,Autoprodutor,SUDESTE,480.0,422.057487
202508.0,2025-08-18,64004.0,VCSA EDEALINA,Autoprodutor,SUDESTE,480.0,422.057487
,2025-08-18,,VCSA EDEALINA,,,480.0,422.057487
202508.0,2025-08-19,64004.0,VCSA EDEALINA,Autoprodutor,SUDESTE,480.0,406.294434
202508.0,2025-08-19,64004.0,VCSA EDEALINA,Autoprodutor,SUDESTE,480.0,406.294434
,2025-08-19,,VCSA EDEALINA,,,480.0,406.294434
202508.0,2025-08-20,64004.0,VCSA EDEALINA,Autoprodutor,SUDESTE,480.0,376.627284
202508.0,2025-08-20,64004.0,VCSA EDEALINA,Autoprodutor,SUDESTE,480.0,376.627284
,2025-08-20,,VCSA EDEALINA,,,480.0,376.627284
202508.0,2025-08-21,64004.0,VCSA EDEALINA,Autoprodutor,SUDESTE,480.0,408.527978
202508.0,2025-08-21,64004.0,VCSA EDEALINA,Autoprodutor,SUDESTE,480.0,408.527978
,2025-08-21,,VCSA EDEALINA,,,480.0,408.527978
202508.0,2025-08-22,64004.0,VCSA EDEALINA,Autoprodutor,SUDESTE,480.0,416.142888
202508.0,2025-08-22,64004.0,VCSA EDEALINA,Autoprodutor,SUDESTE,480.0,416.142888
,2025-08-22,,VCSA EDEALINA,,,480.0,416.142888
202508.0,2025-08-23,64004.0,VCSA EDEALINA,Autoprodutor,SUDESTE,480.0,433.735959
202508.0,2025-08-23,64004.0,VCSA EDEALINA,Autoprodutor,SUDESTE,480.0,433.735959
,2025-08-23,,VCSA EDEALINA,,,480.0,433.735959
202508.0,2025-08-24,64004.0,VCSA EDEALINA,Autoprodutor,SUDESTE,480.0,388.165572
202508.0,2025-08-24,64004.0,VCSA EDEALINA,Autoprodutor,SUDESTE,480.0,388.165572
,2025-08-24,,VCSA EDEALINA,,,480.0,388.165572
202508.0,2025-08-25,64004.0,VCSA EDEALINA,Autoprodutor,SUDESTE,480.0,373.919281
202508.0,2025-08-25,64004.0,VCSA EDEALINA,Autoprodutor,SUDESTE,480.0,373.919281
,2025-08-25,,VCSA EDEALINA,,,480.0,373.919281
202508.0,2025-08-26,64004.0,VCSA EDEALINA,Autoprodutor,SUDESTE,480.0,381.258469
202508.0,2025-08-26,64004.0,VCSA EDEALINA,Autoprodutor,SUDESTE,480.0,381.258469
,2025-08-26,,VCSA EDEALINA,,,480.0,381.258469
202508.0,2025-08-27,64004.0,VCSA EDEALINA,Autoprodutor,SUDESTE,480.0,369.142823
202508.0,2025-08-27,64004.0,VCSA EDEALINA,Autoprodutor,SUDESTE,480.0,369.142823
,2025-08-27,,VCSA EDEALINA,,,480.0,369.142823
202508.0,2025-08-28,64004.0,VCSA EDEALINA,Autoprodutor,SUDESTE,480.0,423.709326
202508.0,2025-08-28,64004.0,VCSA EDEALINA,Autoprodutor,SUDESTE,480.0,423.709326
,2025-08-28,,VCSA EDEALINA,,,480.0,423.709326
202508.0,2025-08-29,64004.0,VCSA EDEALINA,Autoprodutor,SUDESTE,480.0,369.285757
202508.0,2025-08-29,64004.0,VCSA EDEALINA,Autoprodutor,SUDESTE,480.0,369.285757
,2025-08-29,,VCSA EDEALINA,,,480.0,369.285757
202508.0,2025-08-30,64004.0,VCSA EDEALINA,Autoprodutor,SUDESTE,480.0,363.343487
202508.0,2025-08-30,64004.0,VCSA EDEALINA,Autoprodutor,SUDESTE,480.0,363.343487
,2025-08-30,,VCSA EDEALINA,,,480.0,363.343487
202508.0,2025-08-31,64004.0,VCSA EDEALINA,Autoprodutor,SUDESTE,480.0,437.22698
202508.0,2025-08-31,64004.0,VCSA EDEALINA,Autoprodutor,SUDESTE,480.0,437.22698
,2025-08-31,,VCSA EDEALINA,,,480.0,437.22698
