MES_REFERENCIA,DATA,CODIGO_PERFIL_AGENTE,SIGLA_PERFIL_AGENTE,CLASSE_PERFIL_AGENTE,SUBMERCADO,CAPACIDADE_CARGA,CONSUMO_CARGA_ACL
,2022-01-01,61694.0,VCSA CUBATAO,Autoprodutor,SUDESTE,12.0,0.772328
,2022-01-02,61694.0,VCSA CUBATAO,Autoprodutor,SUDESTE,12.0,0.827885
,2022-01-03,61694.0,VCSA CUBATAO,Autoprodutor,SUDESTE,12.0,0.848502
,2022-01-04,61694.0,VCSA CUBATAO,Autoprodutor,SUDESTE,12.0,0.846894
,2022-01-05,61694.0,VCSA CUBATAO,Autoprodutor,SUDESTE,12.0,0.856337
,2022-01-06,61694.0,VCSA CUBATAO,Autoprodutor,SUDESTE,12.0,0.806508
,2022-01-07,61694.0,VCSA CUBATAO,Autoprodutor,SUDESTE,12.0,0.777773
,2022-01-08,61694.0,VCSA CUBATAO,Autoprodutor,SUDESTE,12.0,0.7430950000000001
,2022-01-09,61694.0,VCSA CUBATAO,Autoprodutor,SUDESTE,12.0,0.72326
,2022-01-10,61694.0,VCSA CUBATAO,Autoprodutor,SUDESTE,12.0,0.743161
,2022-01-11,61694.0,VCSA CUBATAO,Autoprodutor,SUDESTE,12.0,0.755085
,2022-01-12,61694.0,VCSA CUBATAO,Autoprodutor,SUDESTE,12.0,0.802208
,2022-01-13,61694.0,VCSA CUBATAO,Autoprodutor,SUDESTE,12.0,0.795239
,2022-01-14,61694.0,VCSA CUBATAO,Autoprodutor,SUDESTE,12.0,0.810799
,2022-01-15,61694.0,VCSA CUBATAO,Autoprodutor,SUDESTE,12.0,0.7664230000000001
,2022-01-16,61694.0,VCSA CUBATAO,Autoprodutor,SUDESTE,12.0,0.7712760000000001
,2022-01-17,61694.0,VCSA CUBATAO,Autoprodutor,SUDESTE,12.0,0.876863
,2022-01-18,61694.0,VCSA CUBATAO,Autoprodutor,SUDESTE,12.0,0.898659
,2022-01-19,61694.0,VCSA CUBATAO,Autoprodutor,SUDESTE,12.0,0.889619
,2022-01-20,61694.0,VCSA CUBATAO,Autoprodutor,SUDESTE,12.0,0.861771
,2022-01-21,61694.0,VCSA CUBATAO,Autoprodutor,SUDESTE,12.0,0.901706
,2022-01-22,61694.0,VCSA CUBATAO,Autoprodutor,SUDESTE,12.0,0.844087
,2022-01-23,61694.0,VCSA CUBATAO,Autoprodutor,SUDESTE,12.0,0.771086
,2022-01-24,61694.0,VCSA CUBATAO,Autoprodutor,SUDESTE,12.0,0.848487
,2022-01-25,61694.0,VCSA CUBATAO,Autoprodutor,SUDESTE,12.0,0.868419
,2022-01-26,61694.0,VCSA CUBATAO,Autoprodutor,SUDESTE,12.0,0.902757
,2022-01-27,61694.0,VCSA CUBATAO,Autoprodutor,SUDESTE,12.0,0.903449
,2022-01-28,61694.0,VCSA CUBATAO,Autoprodutor,SUDESTE,12.0,0.88467
,2022-01-29,61694.0,VCSA CUBATAO,Autoprodutor,SUDESTE,12.0,0.778248
,2022-01-30,61694.0,VCSA CUBATAO,Autoprodutor,SUDESTE,12.0,0.782554
,2022-01-31,61694.0,VCSA CUBATAO,Autoprodutor,SUDESTE,12.0,0.846757
,2022-02-01,61694.0,VCSA CUBATAO,Autoprodutor,SUDESTE,12.0,0.830571
,2022-02-02,61694.0,VCSA CUBATAO,Autoprodutor,SUDESTE,12.0,0.825446
,2022-02-03,61694.0,VCSA CUBATAO,Autoprodutor,SUDESTE,12.0,0.804955
,2022-02-04,61694.0,VCSA CUBATAO,Autoprodutor,SUDESTE,12.0,0.859946
,2022-02-05,61694.0,VCSA CUBATAO,Autoprodutor,SUDESTE,12.0,0.841569
,2022-02-06,61694.0,VCSA CUBATAO,Autoprodutor,SUDESTE,12.0,0.825813
,2022-02-07,61694.0,VCSA CUBATAO,Autoprodutor,SUDESTE,12.0,0.856515
,2022-02-08,61694.0,VCSA CUBATAO,Autoprodutor,SUDESTE,12.0,0.831441
,2022-02-09,61694.0,VCSA CUBATAO,Autoprodutor,SUDESTE,12.0,0.821091
,2022-02-10,61694.0,VCSA CUBATAO,Autoprodutor,SUDESTE,12.0,0.846431
,2022-02-11,61694.0,VCSA CUBATAO,Autoprodutor,SUDESTE,12.0,0.82691
,2022-02-12,61694.0,VCSA CUBATAO,Autoprodutor,SUDESTE,12.0,0.774165
,2022-02-13,61694.0,VCSA CUBATAO,Autoprodutor,SUDESTE,12.0,0.734731
,2022-02-14,61694.0,VCSA CUBATAO,Autoprodutor,SUDESTE,12.0,0.857207
,2022-02-15,61694.0,VCSA CUBATAO,Autoprodutor,SUDESTE,12.0,0.866457
,2022-02-16,61694.0,VCSA CUBATAO,Autoprodutor,SUDESTE,12.0,0.852512
,2022-02-17,61694.0,VCSA CUBATAO,Autoprodutor,SUDESTE,12.0,0.817662
,2022-02-18,61694.0,VCSA CUBATAO,Autoprodutor,SUDESTE,12.0,0.823544
,2022-02-19,61694.0,VCSA CUBATAO,Autoprodutor,SUDESTE,12.0,0.77973
,2022-02-20,61694.0,VCSA CUBATAO,Autoprodutor,SUDESTE,12.0,0.729724
,2022-02-21,61694.0,VCSA CUBATAO,Autoprodutor,SUDESTE,12.0,0.866444
,2022-02-22,61694.0,VCSA CUBATAO,Autoprodutor,SUDESTE,12.0,0.855495
,2022-02-23,61694.0,VCSA CUBATAO,Autoprodutor,SUDESTE,12.0,0.855626
,2022-02-24,61694.0,VCSA CUBATAO,Autoprodutor,SUDESTE,12.0,0.879913
,2022-02-25,61694.0,VCSA CUBATAO,Autoprodutor,SUDESTE,12.0,0.843892
,2022-02-26,61694.0,VCSA CUBATAO,Autoprodutor,SUDESTE,12.0,0.795977
,2022-02-27,61694.0,VCSA CUBATAO,Autoprodutor,SUDESTE,12.0,0.735446
,2022-02-28,61694.0,VCSA CUBATAO,Autoprodutor,SUDESTE,12.0,0.8317060000000001
,2022-03-01,61694.0,VCSA CUBATAO,Autoprodutor,SUDESTE,12.0,0.742999
,2022-03-02,61694.0,VCSA CUBATAO,Autoprodutor,SUDESTE,12.0,0.876296
,2022-03-03,61694.0,VCSA CUBATAO,Autoprodutor,SUDESTE,12.0,0.875947
,2022-03-04,61694.0,VCSA CUBATAO,Autoprodutor,SUDESTE,12.0,0.851322
,2022-03-05,61694.0,VCSA CUBATAO,Autoprodutor,SUDESTE,12.0,0.8186100000000001
,2022-03-06,61694.0,VCSA CUBATAO,Autoprodutor,SUDESTE,12.0,0.758991
,2022-03-07,61694.0,VCSA CUBATAO,Autoprodutor,SUDESTE,12.0,0.85099
,2022-03-08,61694.0,VCSA CUBATAO,Autoprodutor,SUDESTE,12.0,0.890531
,2022-03-09,61694.0,VCSA CUBATAO,Autoprodutor,SUDESTE,12.0,0.870471
,2022-03-10,61694.0,VCSA CUBATAO,Autoprodutor,SUDESTE,12.0,0.879901
,2022-03-11,61694.0,VCSA CUBATAO,Autoprodutor,SUDESTE,12.0,0.885746
,2022-03-12,61694.0,VCSA CUBATAO,Autoprodutor,SUDESTE,12.0,0.817655
,2022-03-13,61694.0,VCSA CUBATAO,Autoprodutor,SUDESTE,12.0,0.817612
,2022-03-14,61694.0,VCSA CUBATAO,Autoprodutor,SUDESTE,12.0,0.8173320000000001
,2022-03-15,61694.0,VCSA CUBATAO,Autoprodutor,SUDESTE,12.0,0.827426
,2022-03-16,61694.0,VCSA CUBATAO,Autoprodutor,SUDESTE,12.0,0.832141
,2022-03-17,61694.0,VCSA CUBATAO,Autoprodutor,SUDESTE,12.0,0.826946
,2022-03-18,61694.0,VCSA CUBATAO,Autoprodutor,SUDESTE,12.0,0.876276
,2022-03-19,61694.0,VCSA CUBATAO,Autoprodutor,SUDESTE,12.0,0.862302
,2022-03-20,61694.0,VCSA CUBATAO,Autoprodutor,SUDESTE,12.0,0.791522
,2022-03-21,61694.0,VCSA CUBATAO,Autoprodutor,SUDESTE,12.0,0.804063
,2022-03-22,61694.0,VCSA CUBATAO,Autoprodutor,SUDESTE,12.0,0.845148
,2022-03-23,61694.0,VCSA CUBATAO,Autoprodutor,SUDESTE,12.0,0.860352
,2022-03-24,61694.0,VCSA CUBATAO,Autoprodutor,SUDESTE,12.0,0.914991
,2022-03-25,61694.0,VCSA CUBATAO,Autoprodutor,SUDESTE,12.0,0.934113
,2022-03-26,61694.0,VCSA CUBATAO,Autoprodutor,SUDESTE,12.0,0.869745
,2022-03-27,61694.0,VCSA CUBATAO,Autoprodutor,SUDESTE,12.0,0.83073
,2022-03-28,61694.0,VCSA CUBATAO,Autoprodutor,SUDESTE,12.0,0.890364
,2022-03-29,61694.0,VCSA CUBATAO,Autoprodutor,SUDESTE,12.0,0.859565
,2022-03-30,61694.0,VCSA CUBATAO,Autoprodutor,SUDESTE,12.0,0.884935
,2022-03-31,61694.0,VCSA CUBATAO,Autoprodutor,SUDESTE,12.0,0.825669
,2022-04-01,61694.0,VCSA CUBATAO,Autoprodutor,SUDESTE,12.0,0.811342
,2022-04-02,61694.0,VCSA CUBATAO,Autoprodutor,SUDESTE,12.0,0.78683
,2022-04-03,61694.0,VCSA CUBATAO,Autoprodutor,SUDESTE,12.0,0.781964
,2022-04-04,61694.0,VCSA CUBATAO,Autoprodutor,SUDESTE,12.0,0.870833
,2022-04-05,61694.0,VCSA CUBATAO,Autoprodutor,SUDESTE,12.0,0.814844
,2022-04-06,61694.0,VCSA CUBATAO,Autoprodutor,SUDESTE,12.0,0.8194859999999999
,2022-04-07,61694.0,VCSA CUBATAO,Autoprodutor,SUDESTE,12.0,0.799552
,2022-04-08,61694.0,VCSA CUBATAO,Autoprodutor,SUDESTE,12.0,0.819369
,2022-04-09,61694.0,VCSA CUBATAO,Autoprodutor,SUDESTE,12.0,0.800856
,2022-04-10,61694.0,VCSA CUBATAO,Autoprodutor,SUDESTE,12.0,0.806796
,2022-04-11,61694.0,VCSA CUBATAO,Autoprodutor,SUDESTE,12.0,0.804943
,2022-04-12,61694.0,VCSA CUBATAO,Autoprodutor,SUDESTE,12.0,0.8341810000000001
,2022-04-13,61694.0,VCSA CUBATAO,Autoprodutor,SUDESTE,12.0,0.843646
,2022-04-14,61694.0,VCSA CUBATAO,Autoprodutor,SUDESTE,12.0,0.819627
,2022-04-15,61694.0,VCSA CUBATAO,Autoprodutor,SUDESTE,12.0,0.771169
,2022-04-16,61694.0,VCSA CUBATAO,Autoprodutor,SUDESTE,12.0,0.7877339999999999
,2022-04-17,61694.0,VCSA CUBATAO,Autoprodutor,SUDESTE,12.0,0.77631
,2022-04-18,61694.0,VCSA CUBATAO,Autoprodutor,SUDESTE,12.0,0.805733
,2022-04-19,61694.0,VCSA CUBATAO,Autoprodutor,SUDESTE,12.0,0.8297399999999999
,2022-04-20,61694.0,VCSA CUBATAO,Autoprodutor,SUDESTE,12.0,0.815387
,2022-04-21,61694.0,VCSA CUBATAO,Autoprodutor,SUDESTE,12.0,0.775392
,2022-04-22,61694.0,VCSA CUBATAO,Autoprodutor,SUDESTE,12.0,0.850154
,2022-04-23,61694.0,VCSA CUBATAO,Autoprodutor,SUDESTE,12.0,0.831656
,2022-04-24,61694.0,VCSA CUBATAO,Autoprodutor,SUDESTE,12.0,0.795328
,2022-04-25,61694.0,VCSA CUBATAO,Autoprodutor,SUDESTE,12.0,0.852998
,2022-04-26,61694.0,VCSA CUBATAO,Autoprodutor,SUDESTE,12.0,0.883459
,2022-04-27,61694.0,VCSA CUBATAO,Autoprodutor,SUDESTE,12.0,0.853834
,2022-04-28,61694.0,VCSA CUBATAO,Autoprodutor,SUDESTE,12.0,0.848691
,2022-04-29,61694.0,VCSA CUBATAO,Autoprodutor,SUDESTE,12.0,0.814041
,2022-04-30,61694.0,VCSA CUBATAO,Autoprodutor,SUDESTE,12.0,0.7756689999999999
,2022-05-01,61694.0,VCSA CUBATAO,Autoprodutor,SUDESTE,12.0,0.778648
,2022-05-02,61694.0,VCSA CUBATAO,Autoprodutor,SUDESTE,12.0,0.831556
,2022-05-03,61694.0,VCSA CUBATAO,Autoprodutor,SUDESTE,12.0,0.865733
,2022-05-04,61694.0,VCSA CUBATAO,Autoprodutor,SUDESTE,12.0,0.766642
,2022-05-05,61694.0,VCSA CUBATAO,Autoprodutor,SUDESTE,12.0,0.756404
,2022-05-06,61694.0,VCSA CUBATAO,Autoprodutor,SUDESTE,12.0,0.7405579999999999
,2022-05-07,61694.0,VCSA CUBATAO,Autoprodutor,SUDESTE,12.0,0.72721
,2022-05-08,61694.0,VCSA CUBATAO,Autoprodutor,SUDESTE,12.0,0.716915
,2022-05-09,61694.0,VCSA CUBATAO,Autoprodutor,SUDESTE,12.0,0.79194
,2022-05-10,61694.0,VCSA CUBATAO,Autoprodutor,SUDESTE,12.0,0.786968
,2022-05-11,61694.0,VCSA CUBATAO,Autoprodutor,SUDESTE,12.0,0.81372
,2022-05-12,61694.0,VCSA CUBATAO,Autoprodutor,SUDESTE,12.0,0.796161
,2022-05-13,61694.0,VCSA CUBATAO,Autoprodutor,SUDESTE,12.0,0.789286
,2022-05-14,61694.0,VCSA CUBATAO,Autoprodutor,SUDESTE,12.0,0.769474
,2022-05-15,61694.0,VCSA CUBATAO,Autoprodutor,SUDESTE,12.0,0.773578
,2022-05-16,61694.0,VCSA CUBATAO,Autoprodutor,SUDESTE,12.0,0.796658
,2022-05-17,61694.0,VCSA CUBATAO,Autoprodutor,SUDESTE,12.0,0.7777109999999999
,2022-05-18,61694.0,VCSA CUBATAO,Autoprodutor,SUDESTE,12.0,0.77285
,2022-05-19,61694.0,VCSA CUBATAO,Autoprodutor,SUDESTE,12.0,0.750161
,2022-05-20,61694.0,VCSA CUBATAO,Autoprodutor,SUDESTE,12.0,0.745337
,2022-05-21,61694.0,VCSA CUBATAO,Autoprodutor,SUDESTE,12.0,0.718638
,2022-05-22,61694.0,VCSA CUBATAO,Autoprodutor,SUDESTE,12.0,0.709596
,2022-05-23,61694.0,VCSA CUBATAO,Autoprodutor,SUDESTE,12.0,0.770548
,2022-05-24,61694.0,VCSA CUBATAO,Autoprodutor,SUDESTE,12.0,0.759559
,2022-05-25,61694.0,VCSA CUBATAO,Autoprodutor,SUDESTE,12.0,0.76854
,2022-05-26,61694.0,VCSA CUBATAO,Autoprodutor,SUDESTE,12.0,0.763859
,2022-05-27,61694.0,VCSA CUBATAO,Autoprodutor,SUDESTE,12.0,0.786023
,2022-05-28,61694.0,VCSA CUBATAO,Autoprodutor,SUDESTE,12.0,0.734685
,2022-05-29,61694.0,VCSA CUBATAO,Autoprodutor,SUDESTE,12.0,0.789882
,2022-05-30,61694.0,VCSA CUBATAO,Autoprodutor,SUDESTE,12.0,0.694903
,2022-05-31,61694.0,VCSA CUBATAO,Autoprodutor,SUDESTE,12.0,0.748129
,2022-06-01,61694.0,VCSA CUBATAO,Autoprodutor,SUDESTE,12.0,0.7565850000000001
,2022-06-02,61694.0,VCSA CUBATAO,Autoprodutor,SUDESTE,12.0,0.752496
,2022-06-03,61694.0,VCSA CUBATAO,Autoprodutor,SUDESTE,12.0,0.751975
,2022-06-04,61694.0,VCSA CUBATAO,Autoprodutor,SUDESTE,12.0,0.694485
,2022-06-05,61694.0,VCSA CUBATAO,Autoprodutor,SUDESTE,12.0,0.711446
,2022-06-06,61694.0,VCSA CUBATAO,Autoprodutor,SUDESTE,12.0,0.7337009999999999
,2022-06-07,61694.0,VCSA CUBATAO,Autoprodutor,SUDESTE,12.0,0.7379990000000001
,2022-06-08,61694.0,VCSA CUBATAO,Autoprodutor,SUDESTE,12.0,0.749634
,2022-06-09,61694.0,VCSA CUBATAO,Autoprodutor,SUDESTE,12.0,0.738188
,2022-06-10,61694.0,VCSA CUBATAO,Autoprodutor,SUDESTE,12.0,0.733212
,2022-06-11,61694.0,VCSA CUBATAO,Autoprodutor,SUDESTE,12.0,0.670146
,2022-06-12,61694.0,VCSA CUBATAO,Autoprodutor,SUDESTE,12.0,0.666509
,2022-06-13,61694.0,VCSA CUBATAO,Autoprodutor,SUDESTE,12.0,0.7032229999999999
,2022-06-14,61694.0,VCSA CUBATAO,Autoprodutor,SUDESTE,12.0,0.719704
,2022-06-15,61694.0,VCSA CUBATAO,Autoprodutor,SUDESTE,12.0,0.701445
,2022-06-16,61694.0,VCSA CUBATAO,Autoprodutor,SUDESTE,12.0,0.6626879999999999
,2022-06-17,61694.0,VCSA CUBATAO,Autoprodutor,SUDESTE,12.0,0.705431
,2022-06-18,61694.0,VCSA CUBATAO,Autoprodutor,SUDESTE,12.0,0.686961
,2022-06-19,61694.0,VCSA CUBATAO,Autoprodutor,SUDESTE,12.0,0.654123
,2022-06-20,61694.0,VCSA CUBATAO,Autoprodutor,SUDESTE,12.0,0.700837
,2022-06-21,61694.0,VCSA CUBATAO,Autoprodutor,SUDESTE,12.0,0.701785
,2022-06-22,61694.0,VCSA CUBATAO,Autoprodutor,SUDESTE,12.0,0.718404
,2022-06-23,61694.0,VCSA CUBATAO,Autoprodutor,SUDESTE,12.0,0.7386090000000001
,2022-06-24,61694.0,VCSA CUBATAO,Autoprodutor,SUDESTE,12.0,0.70455
,2022-06-25,61694.0,VCSA CUBATAO,Autoprodutor,SUDESTE,12.0,0.683842
,2022-06-26,61694.0,VCSA CUBATAO,Autoprodutor,SUDESTE,12.0,0.675002
,2022-06-27,61694.0,VCSA CUBATAO,Autoprodutor,SUDESTE,12.0,0.69879
,2022-06-28,61694.0,VCSA CUBATAO,Autoprodutor,SUDESTE,12.0,0.75246
,2022-06-29,61694.0,VCSA CUBATAO,Autoprodutor,SUDESTE,12.0,0.756344
,2022-06-30,61694.0,VCSA CUBATAO,Autoprodutor,SUDESTE,12.0,0.761285
,2022-07-01,61694.0,VCSA CUBATAO,Autoprodutor,SUDESTE,12.0,0.736646
,2022-07-02,61694.0,VCSA CUBATAO,Autoprodutor,SUDESTE,12.0,0.7138610000000001
,2022-07-03,61694.0,VCSA CUBATAO,Autoprodutor,SUDESTE,12.0,0.755631
,2022-07-04,61694.0,VCSA CUBATAO,Autoprodutor,SUDESTE,12.0,0.763002
,2022-07-05,61694.0,VCSA CUBATAO,Autoprodutor,SUDESTE,12.0,0.758068
,2022-07-06,61694.0,VCSA CUBATAO,Autoprodutor,SUDESTE,12.0,0.767145
,2022-07-07,61694.0,VCSA CUBATAO,Autoprodutor,SUDESTE,12.0,0.733847
,2022-07-08,61694.0,VCSA CUBATAO,Autoprodutor,SUDESTE,12.0,0.747293
,2022-07-09,61694.0,VCSA CUBATAO,Autoprodutor,SUDESTE,12.0,0.689531
,2022-07-10,61694.0,VCSA CUBATAO,Autoprodutor,SUDESTE,12.0,0.685064
,2022-07-11,61694.0,VCSA CUBATAO,Autoprodutor,SUDESTE,12.0,0.796197
,2022-07-12,61694.0,VCSA CUBATAO,Autoprodutor,SUDESTE,12.0,0.796195
,2022-07-13,61694.0,VCSA CUBATAO,Autoprodutor,SUDESTE,12.0,0.712671
,2022-07-14,61694.0,VCSA CUBATAO,Autoprodutor,SUDESTE,12.0,0.707538
,2022-07-15,61694.0,VCSA CUBATAO,Autoprodutor,SUDESTE,12.0,0.73646
,2022-07-16,61694.0,VCSA CUBATAO,Autoprodutor,SUDESTE,12.0,0.752147
,2022-07-17,61694.0,VCSA CUBATAO,Autoprodutor,SUDESTE,12.0,0.7239
,2022-07-18,61694.0,VCSA CUBATAO,Autoprodutor,SUDESTE,12.0,0.7325119999999999
,2022-07-19,61694.0,VCSA CUBATAO,Autoprodutor,SUDESTE,12.0,0.668581
,2022-07-20,61694.0,VCSA CUBATAO,Autoprodutor,SUDESTE,12.0,0.6538120000000001
,2022-07-21,61694.0,VCSA CUBATAO,Autoprodutor,SUDESTE,12.0,0.667357
,2022-07-22,61694.0,VCSA CUBATAO,Autoprodutor,SUDESTE,12.0,0.672666
,2022-07-23,61694.0,VCSA CUBATAO,Autoprodutor,SUDESTE,12.0,0.6636690000000001
,2022-07-24,61694.0,VCSA CUBATAO,Autoprodutor,SUDESTE,12.0,0.65569
,2022-07-25,61694.0,VCSA CUBATAO,Autoprodutor,SUDESTE,12.0,0.674081
,2022-07-26,61694.0,VCSA CUBATAO,Autoprodutor,SUDESTE,12.0,0.692964
,2022-07-27,61694.0,VCSA CUBATAO,Autoprodutor,SUDESTE,12.0,0.697584
,2022-07-28,61694.0,VCSA CUBATAO,Autoprodutor,SUDESTE,12.0,0.743042
,2022-07-29,61694.0,VCSA CUBATAO,Autoprodutor,SUDESTE,12.0,0.728692
,2022-07-30,61694.0,VCSA CUBATAO,Autoprodutor,SUDESTE,12.0,0.665648
,2022-07-31,61694.0,VCSA CUBATAO,Autoprodutor,SUDESTE,12.0,0.652991
,2022-08-01,61694.0,VCSA CUBATAO,Autoprodutor,SUDESTE,12.0,0.722729
,2022-08-02,61694.0,VCSA CUBATAO,Autoprodutor,SUDESTE,12.0,0.709431
,2022-08-03,61694.0,VCSA CUBATAO,Autoprodutor,SUDESTE,12.0,0.7064159999999999
,2022-08-04,61694.0,VCSA CUBATAO,Autoprodutor,SUDESTE,12.0,0.741271
,2022-08-05,61694.0,VCSA CUBATAO,Autoprodutor,SUDESTE,12.0,0.745891
,2022-08-06,61694.0,VCSA CUBATAO,Autoprodutor,SUDESTE,12.0,0.669996
,2022-08-07,61694.0,VCSA CUBATAO,Autoprodutor,SUDESTE,12.0,0.695567
,2022-08-08,61694.0,VCSA CUBATAO,Autoprodutor,SUDESTE,12.0,0.709511
,2022-08-09,61694.0,VCSA CUBATAO,Autoprodutor,SUDESTE,12.0,0.689056
,2022-08-10,61694.0,VCSA CUBATAO,Autoprodutor,SUDESTE,12.0,0.688489
,2022-08-11,61694.0,VCSA CUBATAO,Autoprodutor,SUDESTE,12.0,0.662865
,2022-08-12,61694.0,VCSA CUBATAO,Autoprodutor,SUDESTE,12.0,0.669193
,2022-08-13,61694.0,VCSA CUBATAO,Autoprodutor,SUDESTE,12.0,0.6463180000000001
,2022-08-14,61694.0,VCSA CUBATAO,Autoprodutor,SUDESTE,12.0,0.651842
,2022-08-15,61694.0,VCSA CUBATAO,Autoprodutor,SUDESTE,12.0,0.6996169999999999
,2022-08-16,61694.0,VCSA CUBATAO,Autoprodutor,SUDESTE,12.0,0.719464
,2022-08-17,61694.0,VCSA CUBATAO,Autoprodutor,SUDESTE,12.0,0.666105
,2022-08-18,61694.0,VCSA CUBATAO,Autoprodutor,SUDESTE,12.0,0.7257939999999999
,2022-08-19,61694.0,VCSA CUBATAO,Autoprodutor,SUDESTE,12.0,0.670437
,2022-08-20,61694.0,VCSA CUBATAO,Autoprodutor,SUDESTE,12.0,0.622062
,2022-08-21,61694.0,VCSA CUBATAO,Autoprodutor,SUDESTE,12.0,0.627529
,2022-08-22,61694.0,VCSA CUBATAO,Autoprodutor,SUDESTE,12.0,0.665018
,2022-08-23,61694.0,VCSA CUBATAO,Autoprodutor,SUDESTE,12.0,0.703221
,2022-08-24,61694.0,VCSA CUBATAO,Autoprodutor,SUDESTE,12.0,0.6598580000000001
,2022-08-25,61694.0,VCSA CUBATAO,Autoprodutor,SUDESTE,12.0,0.670184
,2022-08-26,61694.0,VCSA CUBATAO,Autoprodutor,SUDESTE,12.0,0.62583
,2022-08-27,61694.0,VCSA CUBATAO,Autoprodutor,SUDESTE,12.0,0.606088
,2022-08-28,61694.0,VCSA CUBATAO,Autoprodutor,SUDESTE,12.0,0.631
,2022-08-29,61694.0,VCSA CUBATAO,Autoprodutor,SUDESTE,12.0,0.649736
,2022-08-30,61694.0,VCSA CUBATAO,Autoprodutor,SUDESTE,12.0,0.611026
,2022-08-31,61694.0,VCSA CUBATAO,Autoprodutor,SUDESTE,12.0,0.620695
,2022-09-01,61694.0,VCSA CUBATAO,Autoprodutor,SUDESTE,12.0,0.615318
,2022-09-02,61694.0,VCSA CUBATAO,Autoprodutor,SUDESTE,12.0,0.679416
,2022-09-03,61694.0,VCSA CUBATAO,Autoprodutor,SUDESTE,12.0,0.639729
,2022-09-04,61694.0,VCSA CUBATAO,Autoprodutor,SUDESTE,12.0,0.62109
,2022-09-05,61694.0,VCSA CUBATAO,Autoprodutor,SUDESTE,12.0,0.665563
,2022-09-06,61694.0,VCSA CUBATAO,Autoprodutor,SUDESTE,12.0,0.655177
,2022-09-07,61694.0,VCSA CUBATAO,Autoprodutor,SUDESTE,12.0,0.636352
,2022-09-08,61694.0,VCSA CUBATAO,Autoprodutor,SUDESTE,12.0,0.66933
,2022-09-09,61694.0,VCSA CUBATAO,Autoprodutor,SUDESTE,12.0,0.751394
,2022-09-10,61694.0,VCSA CUBATAO,Autoprodutor,SUDESTE,12.0,0.742251
,2022-09-11,61694.0,VCSA CUBATAO,Autoprodutor,SUDESTE,12.0,0.678906
,2022-09-12,61694.0,VCSA CUBATAO,Autoprodutor,SUDESTE,12.0,0.678235
,2022-09-13,61694.0,VCSA CUBATAO,Autoprodutor,SUDESTE,12.0,0.68726
,2022-09-14,61694.0,VCSA CUBATAO,Autoprodutor,SUDESTE,12.0,0.701553
,2022-09-15,61694.0,VCSA CUBATAO,Autoprodutor,SUDESTE,12.0,0.682244
,2022-09-16,61694.0,VCSA CUBATAO,Autoprodutor,SUDESTE,12.0,0.667554
,2022-09-17,61694.0,VCSA CUBATAO,Autoprodutor,SUDESTE,12.0,0.639279
,2022-09-18,61694.0,VCSA CUBATAO,Autoprodutor,SUDESTE,12.0,0.635698
,2022-09-19,61694.0,VCSA CUBATAO,Autoprodutor,SUDESTE,12.0,0.687615
,2022-09-20,61694.0,VCSA CUBATAO,Autoprodutor,SUDESTE,12.0,0.6922740000000001
,2022-09-21,61694.0,VCSA CUBATAO,Autoprodutor,SUDESTE,12.0,0.672365
,2022-09-22,61694.0,VCSA CUBATAO,Autoprodutor,SUDESTE,12.0,0.662243
,2022-09-23,61694.0,VCSA CUBATAO,Autoprodutor,SUDESTE,12.0,0.662041
,2022-09-24,61694.0,VCSA CUBATAO,Autoprodutor,SUDESTE,12.0,0.638149
,2022-09-25,61694.0,VCSA CUBATAO,Autoprodutor,SUDESTE,12.0,0.635597
,2022-09-26,61694.0,VCSA CUBATAO,Autoprodutor,SUDESTE,12.0,0.698343
,2022-09-27,61694.0,VCSA CUBATAO,Autoprodutor,SUDESTE,12.0,0.663767
,2022-09-28,61694.0,VCSA CUBATAO,Autoprodutor,SUDESTE,12.0,0.708001
,2022-09-29,61694.0,VCSA CUBATAO,Autoprodutor,SUDESTE,12.0,0.696943
,2022-09-30,61694.0,VCSA CUBATAO,Autoprodutor,SUDESTE,12.0,0.678167
,2022-10-01,61694.0,VCSA CUBATAO,Autoprodutor,SUDESTE,12.0,0.635161
,2022-10-02,61694.0,VCSA CUBATAO,Autoprodutor,SUDESTE,12.0,0.636131
,2022-10-03,61694.0,VCSA CUBATAO,Autoprodutor,SUDESTE,12.0,0.643351
,2022-10-04,61694.0,VCSA CUBATAO,Autoprodutor,SUDESTE,12.0,0.657676
,2022-10-05,61694.0,VCSA CUBATAO,Autoprodutor,SUDESTE,12.0,0.6426000000000001
,2022-10-06,61694.0,VCSA CUBATAO,Autoprodutor,SUDESTE,12.0,0.701451
,2022-10-07,61694.0,VCSA CUBATAO,Autoprodutor,SUDESTE,12.0,0.6912389999999999
,2022-10-08,61694.0,VCSA CUBATAO,Autoprodutor,SUDESTE,12.0,0.672361
,2022-10-09,61694.0,VCSA CUBATAO,Autoprodutor,SUDESTE,12.0,0.665687
,2022-10-10,61694.0,VCSA CUBATAO,Autoprodutor,SUDESTE,12.0,0.727086
,2022-10-11,61694.0,VCSA CUBATAO,Autoprodutor,SUDESTE,12.0,0.673656
,2022-10-12,61694.0,VCSA CUBATAO,Autoprodutor,SUDESTE,12.0,0.669246
,2022-10-13,61694.0,VCSA CUBATAO,Autoprodutor,SUDESTE,12.0,0.339327
,2022-10-14,61694.0,VCSA CUBATAO,Autoprodutor,SUDESTE,12.0,0.0
,2022-10-15,61694.0,VCSA CUBATAO,Autoprodutor,SUDESTE,12.0,0.0
,2022-10-16,61694.0,VCSA CUBATAO,Autoprodutor,SUDESTE,12.0,0.0
,2022-10-17,61694.0,VCSA CUBATAO,Autoprodutor,SUDESTE,12.0,0.0
,2022-10-18,61694.0,VCSA CUBATAO,Autoprodutor,SUDESTE,12.0,0.0
,2022-10-19,61694.0,VCSA CUBATAO,Autoprodutor,SUDESTE,12.0,0.0
,2022-10-20,61694.0,VCSA CUBATAO,Autoprodutor,SUDESTE,12.0,0.0
,2022-10-21,61694.0,VCSA CUBATAO,Autoprodutor,SUDESTE,12.0,0.0
,2022-10-22,61694.0,VCSA CUBATAO,Autoprodutor,SUDESTE,12.0,0.0
,2022-10-23,61694.0,VCSA CUBATAO,Autoprodutor,SUDESTE,12.0,0.0
,2022-10-24,61694.0,VCSA CUBATAO,Autoprodutor,SUDESTE,12.0,0.0
,2022-10-25,61694.0,VCSA CUBATAO,Autoprodutor,SUDESTE,12.0,0.0
,2022-10-26,61694.0,VCSA CUBATAO,Autoprodutor,SUDESTE,12.0,0.0
,2022-10-27,61694.0,VCSA CUBATAO,Autoprodutor,SUDESTE,12.0,0.0
,2022-10-28,61694.0,VCSA CUBATAO,Autoprodutor,SUDESTE,12.0,0.0
,2022-10-29,61694.0,VCSA CUBATAO,Autoprodutor,SUDESTE,12.0,0.0
,2022-10-30,61694.0,VCSA CUBATAO,Autoprodutor,SUDESTE,12.0,0.0
,2022-10-31,61694.0,VCSA CUBATAO,Autoprodutor,SUDESTE,12.0,0.0
