MES_REFERENCIA,DATA,CODIGO_PERFIL_AGENTE,SIGLA_PERFIL_AGENTE,CLASSE_PERFIL_AGENTE,SUBMERCADO,CAPACIDADE_CARGA,CONSUMO_CARGA_ACL
,2023-01-01,56501.0,WINDSOR H MARTINIQUE CE SE,Consumidor Especial,SUDESTE,2.52,1.713456
,2023-01-02,56501.0,WINDSOR H MARTINIQUE CE SE,Consumidor Especial,SUDESTE,2.52,1.76495
,2023-01-03,56501.0,WINDSOR H MARTINIQUE CE SE,Consumidor Especial,SUDESTE,2.52,1.890194
,2023-01-04,56501.0,WINDSOR H MARTINIQUE CE SE,Consumidor Especial,SUDESTE,2.52,1.984755
,2023-01-05,56501.0,WINDSOR H MARTINIQUE CE SE,Consumidor Especial,SUDESTE,2.52,1.773676
,2023-01-06,56501.0,WINDSOR H MARTINIQUE CE SE,Consumidor Especial,SUDESTE,2.52,1.579813
,2023-01-07,56501.0,WINDSOR H MARTINIQUE CE SE,Consumidor Especial,SUDESTE,2.52,1.526884
,2023-01-08,56501.0,WINDSOR H MARTINIQUE CE SE,Consumidor Especial,SUDESTE,2.52,1.456149
,2023-01-09,56501.0,WINDSOR H MARTINIQUE CE SE,Consumidor Especial,SUDESTE,2.52,1.492883
,2023-01-10,56501.0,WINDSOR H MARTINIQUE CE SE,Consumidor Especial,SUDESTE,2.52,1.516298
,2023-01-11,56501.0,WINDSOR H MARTINIQUE CE SE,Consumidor Especial,SUDESTE,2.52,1.594892
,2023-01-12,56501.0,WINDSOR H MARTINIQUE CE SE,Consumidor Especial,SUDESTE,2.52,1.681826
,2023-01-13,56501.0,WINDSOR H MARTINIQUE CE SE,Consumidor Especial,SUDESTE,2.52,1.814494
,2023-01-14,56501.0,WINDSOR H MARTINIQUE CE SE,Consumidor Especial,SUDESTE,2.52,1.905369
,2023-01-15,56501.0,WINDSOR H MARTINIQUE CE SE,Consumidor Especial,SUDESTE,2.52,1.916753
,2023-01-16,56501.0,WINDSOR H MARTINIQUE CE SE,Consumidor Especial,SUDESTE,2.52,1.795007
,2023-01-17,56501.0,WINDSOR H MARTINIQUE CE SE,Consumidor Especial,SUDESTE,2.52,1.794599
,2023-01-18,56501.0,WINDSOR H MARTINIQUE CE SE,Consumidor Especial,SUDESTE,2.52,1.846574
,2023-01-19,56501.0,WINDSOR H MARTINIQUE CE SE,Consumidor Especial,SUDESTE,2.52,1.877532
,2023-01-20,56501.0,WINDSOR H MARTINIQUE CE SE,Consumidor Especial,SUDESTE,2.52,1.828514
,2023-01-21,56501.0,WINDSOR H MARTINIQUE CE SE,Consumidor Especial,SUDESTE,2.52,1.804913
,2023-01-22,56501.0,WINDSOR H MARTINIQUE CE SE,Consumidor Especial,SUDESTE,2.52,1.848044
,2023-01-23,56501.0,WINDSOR H MARTINIQUE CE SE,Consumidor Especial,SUDESTE,2.52,1.948842
,2023-01-24,56501.0,WINDSOR H MARTINIQUE CE SE,Consumidor Especial,SUDESTE,2.52,1.790976
,2023-01-25,56501.0,WINDSOR H MARTINIQUE CE SE,Consumidor Especial,SUDESTE,2.52,1.773305
,2023-01-26,56501.0,WINDSOR H MARTINIQUE CE SE,Consumidor Especial,SUDESTE,2.52,1.756829
,2023-01-27,56501.0,WINDSOR H MARTINIQUE CE SE,Consumidor Especial,SUDESTE,2.52,1.887248
,2023-01-28,56501.0,WINDSOR H MARTINIQUE CE SE,Consumidor Especial,SUDESTE,2.52,1.899726
,2023-01-29,56501.0,WINDSOR H MARTINIQUE CE SE,Consumidor Especial,SUDESTE,2.52,1.868288
,2023-01-30,56501.0,WINDSOR H MARTINIQUE CE SE,Consumidor Especial,SUDESTE,2.52,1.780391
,2023-01-31,56501.0,WINDSOR H MARTINIQUE CE SE,Consumidor Especial,SUDESTE,2.52,1.720864
,2023-02-01,56501.0,WINDSOR H MARTINIQUE CE SE,Consumidor Especial,SUDESTE,2.52,1.747792
,2023-02-02,56501.0,WINDSOR H MARTINIQUE CE SE,Consumidor Especial,SUDESTE,2.52,1.781403
,2023-02-03,56501.0,WINDSOR H MARTINIQUE CE SE,Consumidor Especial,SUDESTE,2.52,1.864193
,2023-02-04,56501.0,WINDSOR H MARTINIQUE CE SE,Consumidor Especial,SUDESTE,2.52,1.920748
,2023-02-05,56501.0,WINDSOR H MARTINIQUE CE SE,Consumidor Especial,SUDESTE,2.52,1.946166
,2023-02-06,56501.0,WINDSOR H MARTINIQUE CE SE,Consumidor Especial,SUDESTE,2.52,1.860559
,2023-02-07,56501.0,WINDSOR H MARTINIQUE CE SE,Consumidor Especial,SUDESTE,2.52,1.878697
,2023-02-08,56501.0,WINDSOR H MARTINIQUE CE SE,Consumidor Especial,SUDESTE,2.52,1.817936
,2023-02-09,56501.0,WINDSOR H MARTINIQUE CE SE,Consumidor Especial,SUDESTE,2.52,1.837597
,2023-02-10,56501.0,WINDSOR H MARTINIQUE CE SE,Consumidor Especial,SUDESTE,2.52,1.906767
,2023-02-11,56501.0,WINDSOR H MARTINIQUE CE SE,Consumidor Especial,SUDESTE,2.52,1.903503
,2023-02-12,56501.0,WINDSOR H MARTINIQUE CE SE,Consumidor Especial,SUDESTE,2.52,1.784497
,2023-02-13,56501.0,WINDSOR H MARTINIQUE CE SE,Consumidor Especial,SUDESTE,2.52,1.820813
,2023-02-14,56501.0,WINDSOR H MARTINIQUE CE SE,Consumidor Especial,SUDESTE,2.52,1.76801
,2023-02-15,56501.0,WINDSOR H MARTINIQUE CE SE,Consumidor Especial,SUDESTE,2.52,1.828742
,2023-02-16,56501.0,WINDSOR H MARTINIQUE CE SE,Consumidor Especial,SUDESTE,2.52,1.865716
,2023-02-17,56501.0,WINDSOR H MARTINIQUE CE SE,Consumidor Especial,SUDESTE,2.52,2.040299
,2023-02-18,56501.0,WINDSOR H MARTINIQUE CE SE,Consumidor Especial,SUDESTE,2.52,1.927192
,2023-02-19,56501.0,WINDSOR H MARTINIQUE CE SE,Consumidor Especial,SUDESTE,2.52,1.997511
,2023-02-20,56501.0,WINDSOR H MARTINIQUE CE SE,Consumidor Especial,SUDESTE,2.52,1.978424
,2023-02-21,56501.0,WINDSOR H MARTINIQUE CE SE,Consumidor Especial,SUDESTE,2.52,1.916731
,2023-02-22,56501.0,WINDSOR H MARTINIQUE CE SE,Consumidor Especial,SUDESTE,2.52,1.81818
,2023-02-23,56501.0,WINDSOR H MARTINIQUE CE SE,Consumidor Especial,SUDESTE,2.52,1.848541
,2023-02-24,56501.0,WINDSOR H MARTINIQUE CE SE,Consumidor Especial,SUDESTE,2.52,1.851047
,2023-02-25,56501.0,WINDSOR H MARTINIQUE CE SE,Consumidor Especial,SUDESTE,2.52,1.873738
,2023-02-26,56501.0,WINDSOR H MARTINIQUE CE SE,Consumidor Especial,SUDESTE,2.52,2.053203
,2023-02-27,56501.0,WINDSOR H MARTINIQUE CE SE,Consumidor Especial,SUDESTE,2.52,1.876309
,2023-02-28,56501.0,WINDSOR H MARTINIQUE CE SE,Consumidor Especial,SUDESTE,2.52,1.759301
,2023-03-01,56501.0,WINDSOR H MARTINIQUE CE SE,Consumidor Especial,SUDESTE,2.52,1.716255
,2023-03-02,56501.0,WINDSOR H MARTINIQUE CE SE,Consumidor Especial,SUDESTE,2.52,1.802593
,2023-03-03,56501.0,WINDSOR H MARTINIQUE CE SE,Consumidor Especial,SUDESTE,2.52,1.9407
,2023-03-04,56501.0,WINDSOR H MARTINIQUE CE SE,Consumidor Especial,SUDESTE,2.52,2.118689
,2023-03-05,56501.0,WINDSOR H MARTINIQUE CE SE,Consumidor Especial,SUDESTE,2.52,2.088876
,2023-03-06,56501.0,WINDSOR H MARTINIQUE CE SE,Consumidor Especial,SUDESTE,2.52,1.838047
,2023-03-07,56501.0,WINDSOR H MARTINIQUE CE SE,Consumidor Especial,SUDESTE,2.52,1.797949
,2023-03-08,56501.0,WINDSOR H MARTINIQUE CE SE,Consumidor Especial,SUDESTE,2.52,1.800124
,2023-03-09,56501.0,WINDSOR H MARTINIQUE CE SE,Consumidor Especial,SUDESTE,2.52,1.833921
,2023-03-10,56501.0,WINDSOR H MARTINIQUE CE SE,Consumidor Especial,SUDESTE,2.52,1.851094
,2023-03-11,56501.0,WINDSOR H MARTINIQUE CE SE,Consumidor Especial,SUDESTE,2.52,1.858443
,2023-03-12,56501.0,WINDSOR H MARTINIQUE CE SE,Consumidor Especial,SUDESTE,2.52,1.72393
,2023-03-13,56501.0,WINDSOR H MARTINIQUE CE SE,Consumidor Especial,SUDESTE,2.52,1.796737
,2023-03-14,56501.0,WINDSOR H MARTINIQUE CE SE,Consumidor Especial,SUDESTE,2.52,1.830519
,2023-03-15,56501.0,WINDSOR H MARTINIQUE CE SE,Consumidor Especial,SUDESTE,2.52,1.762609
,2023-03-16,56501.0,WINDSOR H MARTINIQUE CE SE,Consumidor Especial,SUDESTE,2.52,1.76678
,2023-03-17,56501.0,WINDSOR H MARTINIQUE CE SE,Consumidor Especial,SUDESTE,2.52,1.742205
,2023-03-18,56501.0,WINDSOR H MARTINIQUE CE SE,Consumidor Especial,SUDESTE,2.52,1.782967
,2023-03-19,56501.0,WINDSOR H MARTINIQUE CE SE,Consumidor Especial,SUDESTE,2.52,1.820385
,2023-03-20,56501.0,WINDSOR H MARTINIQUE CE SE,Consumidor Especial,SUDESTE,2.52,1.710787
,2023-03-21,56501.0,WINDSOR H MARTINIQUE CE SE,Consumidor Especial,SUDESTE,2.52,1.736995
,2023-03-22,56501.0,WINDSOR H MARTINIQUE CE SE,Consumidor Especial,SUDESTE,2.52,1.753743
,2023-03-23,56501.0,WINDSOR H MARTINIQUE CE SE,Consumidor Especial,SUDESTE,2.52,1.824562
,2023-03-24,56501.0,WINDSOR H MARTINIQUE CE SE,Consumidor Especial,SUDESTE,2.52,2.01552
,2023-03-25,56501.0,WINDSOR H MARTINIQUE CE SE,Consumidor Especial,SUDESTE,2.52,1.993271
,2023-03-26,56501.0,WINDSOR H MARTINIQUE CE SE,Consumidor Especial,SUDESTE,2.52,1.983149
,2023-03-27,56501.0,WINDSOR H MARTINIQUE CE SE,Consumidor Especial,SUDESTE,2.52,1.948213
,2023-03-28,56501.0,WINDSOR H MARTINIQUE CE SE,Consumidor Especial,SUDESTE,2.52,1.768069
,2023-03-29,56501.0,WINDSOR H MARTINIQUE CE SE,Consumidor Especial,SUDESTE,2.52,1.779416
,2023-03-30,56501.0,WINDSOR H MARTINIQUE CE SE,Consumidor Especial,SUDESTE,2.52,1.789552
,2023-03-31,56501.0,WINDSOR H MARTINIQUE CE SE,Consumidor Especial,SUDESTE,2.52,1.831963
,2023-04-01,56501.0,WINDSOR H MARTINIQUE CE SE,Consumidor Especial,SUDESTE,2.52,1.746851
,2023-04-02,56501.0,WINDSOR H MARTINIQUE CE SE,Consumidor Especial,SUDESTE,2.52,1.673098
,2023-04-03,56501.0,WINDSOR H MARTINIQUE CE SE,Consumidor Especial,SUDESTE,2.52,1.615758
,2023-04-04,56501.0,WINDSOR H MARTINIQUE CE SE,Consumidor Especial,SUDESTE,2.52,1.662647
,2023-04-05,56501.0,WINDSOR H MARTINIQUE CE SE,Consumidor Especial,SUDESTE,2.52,1.666526
,2023-04-06,56501.0,WINDSOR H MARTINIQUE CE SE,Consumidor Especial,SUDESTE,2.52,1.586094
,2023-04-07,56501.0,WINDSOR H MARTINIQUE CE SE,Consumidor Especial,SUDESTE,2.52,1.89888
,2023-04-08,56501.0,WINDSOR H MARTINIQUE CE SE,Consumidor Especial,SUDESTE,2.52,1.791096
,2023-04-09,56501.0,WINDSOR H MARTINIQUE CE SE,Consumidor Especial,SUDESTE,2.52,1.737508
,2023-04-10,56501.0,WINDSOR H MARTINIQUE CE SE,Consumidor Especial,SUDESTE,2.52,1.547486
,2023-04-11,56501.0,WINDSOR H MARTINIQUE CE SE,Consumidor Especial,SUDESTE,2.52,1.559705
,2023-04-12,56501.0,WINDSOR H MARTINIQUE CE SE,Consumidor Especial,SUDESTE,2.52,1.512241
,2023-04-13,56501.0,WINDSOR H MARTINIQUE CE SE,Consumidor Especial,SUDESTE,2.52,1.690454
,2023-04-14,56501.0,WINDSOR H MARTINIQUE CE SE,Consumidor Especial,SUDESTE,2.52,1.735607
,2023-04-15,56501.0,WINDSOR H MARTINIQUE CE SE,Consumidor Especial,SUDESTE,2.52,1.681569
,2023-04-16,56501.0,WINDSOR H MARTINIQUE CE SE,Consumidor Especial,SUDESTE,2.52,1.613964
,2023-04-17,56501.0,WINDSOR H MARTINIQUE CE SE,Consumidor Especial,SUDESTE,2.52,1.569183
,2023-04-18,56501.0,WINDSOR H MARTINIQUE CE SE,Consumidor Especial,SUDESTE,2.52,1.633162
,2023-04-19,56501.0,WINDSOR H MARTINIQUE CE SE,Consumidor Especial,SUDESTE,2.52,1.591556
,2023-04-20,56501.0,WINDSOR H MARTINIQUE CE SE,Consumidor Especial,SUDESTE,2.52,1.54013
,2023-04-21,56501.0,WINDSOR H MARTINIQUE CE SE,Consumidor Especial,SUDESTE,2.52,1.57592
,2023-04-22,56501.0,WINDSOR H MARTINIQUE CE SE,Consumidor Especial,SUDESTE,2.52,1.610317
,2023-04-23,56501.0,WINDSOR H MARTINIQUE CE SE,Consumidor Especial,SUDESTE,2.52,1.55927
,2023-04-24,56501.0,WINDSOR H MARTINIQUE CE SE,Consumidor Especial,SUDESTE,2.52,1.406536
,2023-04-25,56501.0,WINDSOR H MARTINIQUE CE SE,Consumidor Especial,SUDESTE,2.52,1.379727
,2023-04-26,56501.0,WINDSOR H MARTINIQUE CE SE,Consumidor Especial,SUDESTE,2.52,1.526591
,2023-04-27,56501.0,WINDSOR H MARTINIQUE CE SE,Consumidor Especial,SUDESTE,2.52,1.488854
,2023-04-28,56501.0,WINDSOR H MARTINIQUE CE SE,Consumidor Especial,SUDESTE,2.52,1.433746
,2023-04-29,56501.0,WINDSOR H MARTINIQUE CE SE,Consumidor Especial,SUDESTE,2.52,1.461286
,2023-04-30,56501.0,WINDSOR H MARTINIQUE CE SE,Consumidor Especial,SUDESTE,2.52,1.514956
,2023-05-01,56501.0,WINDSOR H MARTINIQUE CE SE,Consumidor Especial,SUDESTE,2.52,1.523188
,2023-05-02,56501.0,WINDSOR H MARTINIQUE CE SE,Consumidor Especial,SUDESTE,2.52,1.516404
,2023-05-03,56501.0,WINDSOR H MARTINIQUE CE SE,Consumidor Especial,SUDESTE,2.52,1.64163
,2023-05-04,56501.0,WINDSOR H MARTINIQUE CE SE,Consumidor Especial,SUDESTE,2.52,1.606291
,2023-05-05,56501.0,WINDSOR H MARTINIQUE CE SE,Consumidor Especial,SUDESTE,2.52,1.685065
,2023-05-06,56501.0,WINDSOR H MARTINIQUE CE SE,Consumidor Especial,SUDESTE,2.52,1.748319
,2023-05-07,56501.0,WINDSOR H MARTINIQUE CE SE,Consumidor Especial,SUDESTE,2.52,1.704791
,2023-05-08,56501.0,WINDSOR H MARTINIQUE CE SE,Consumidor Especial,SUDESTE,2.52,1.547765
,2023-05-09,56501.0,WINDSOR H MARTINIQUE CE SE,Consumidor Especial,SUDESTE,2.52,1.485987
,2023-05-10,56501.0,WINDSOR H MARTINIQUE CE SE,Consumidor Especial,SUDESTE,2.52,1.388728
,2023-05-11,56501.0,WINDSOR H MARTINIQUE CE SE,Consumidor Especial,SUDESTE,2.52,1.407433
,2023-05-12,56501.0,WINDSOR H MARTINIQUE CE SE,Consumidor Especial,SUDESTE,2.52,1.447346
,2023-05-13,56501.0,WINDSOR H MARTINIQUE CE SE,Consumidor Especial,SUDESTE,2.52,1.341738
,2023-05-14,56501.0,WINDSOR H MARTINIQUE CE SE,Consumidor Especial,SUDESTE,2.52,1.391839
,2023-05-15,56501.0,WINDSOR H MARTINIQUE CE SE,Consumidor Especial,SUDESTE,2.52,1.350154
,2023-05-16,56501.0,WINDSOR H MARTINIQUE CE SE,Consumidor Especial,SUDESTE,2.52,1.327197
,2023-05-17,56501.0,WINDSOR H MARTINIQUE CE SE,Consumidor Especial,SUDESTE,2.52,1.252573
,2023-05-18,56501.0,WINDSOR H MARTINIQUE CE SE,Consumidor Especial,SUDESTE,2.52,1.176586
,2023-05-19,56501.0,WINDSOR H MARTINIQUE CE SE,Consumidor Especial,SUDESTE,2.52,1.280312
,2023-05-20,56501.0,WINDSOR H MARTINIQUE CE SE,Consumidor Especial,SUDESTE,2.52,1.415266
,2023-05-21,56501.0,WINDSOR H MARTINIQUE CE SE,Consumidor Especial,SUDESTE,2.52,1.319655
,2023-05-22,56501.0,WINDSOR H MARTINIQUE CE SE,Consumidor Especial,SUDESTE,2.52,1.361284
,2023-05-23,56501.0,WINDSOR H MARTINIQUE CE SE,Consumidor Especial,SUDESTE,2.52,1.34802
,2023-05-24,56501.0,WINDSOR H MARTINIQUE CE SE,Consumidor Especial,SUDESTE,2.52,1.39349
,2023-05-25,56501.0,WINDSOR H MARTINIQUE CE SE,Consumidor Especial,SUDESTE,2.52,1.45265
,2023-05-26,56501.0,WINDSOR H MARTINIQUE CE SE,Consumidor Especial,SUDESTE,2.52,1.596303
,2023-05-27,56501.0,WINDSOR H MARTINIQUE CE SE,Consumidor Especial,SUDESTE,2.52,1.613926
,2023-05-28,56501.0,WINDSOR H MARTINIQUE CE SE,Consumidor Especial,SUDESTE,2.52,1.614084
,2023-05-29,56501.0,WINDSOR H MARTINIQUE CE SE,Consumidor Especial,SUDESTE,2.52,1.425666
,2023-05-30,56501.0,WINDSOR H MARTINIQUE CE SE,Consumidor Especial,SUDESTE,2.52,1.347453
,2023-05-31,56501.0,WINDSOR H MARTINIQUE CE SE,Consumidor Especial,SUDESTE,2.52,1.333706
,2023-06-01,56501.0,WINDSOR H MARTINIQUE CE SE,Consumidor Especial,SUDESTE,2.52,1.208707
,2023-06-02,56501.0,WINDSOR H MARTINIQUE CE SE,Consumidor Especial,SUDESTE,2.52,1.331875
,2023-06-03,56501.0,WINDSOR H MARTINIQUE CE SE,Consumidor Especial,SUDESTE,2.52,1.290231
,2023-06-04,56501.0,WINDSOR H MARTINIQUE CE SE,Consumidor Especial,SUDESTE,2.52,1.207191
,2023-06-05,56501.0,WINDSOR H MARTINIQUE CE SE,Consumidor Especial,SUDESTE,2.52,1.169877
,2023-06-06,56501.0,WINDSOR H MARTINIQUE CE SE,Consumidor Especial,SUDESTE,2.52,1.201768
,2023-06-07,56501.0,WINDSOR H MARTINIQUE CE SE,Consumidor Especial,SUDESTE,2.52,1.228969
,2023-06-08,56501.0,WINDSOR H MARTINIQUE CE SE,Consumidor Especial,SUDESTE,2.52,1.284592
,2023-06-09,56501.0,WINDSOR H MARTINIQUE CE SE,Consumidor Especial,SUDESTE,2.52,1.475646
,2023-06-10,56501.0,WINDSOR H MARTINIQUE CE SE,Consumidor Especial,SUDESTE,2.52,1.532551
,2023-06-11,56501.0,WINDSOR H MARTINIQUE CE SE,Consumidor Especial,SUDESTE,2.52,1.516465
,2023-06-12,56501.0,WINDSOR H MARTINIQUE CE SE,Consumidor Especial,SUDESTE,2.52,1.470004
,2023-06-13,56501.0,WINDSOR H MARTINIQUE CE SE,Consumidor Especial,SUDESTE,2.52,1.474025
,2023-06-14,56501.0,WINDSOR H MARTINIQUE CE SE,Consumidor Especial,SUDESTE,2.52,1.438946
,2023-06-15,56501.0,WINDSOR H MARTINIQUE CE SE,Consumidor Especial,SUDESTE,2.52,1.498143
,2023-06-16,56501.0,WINDSOR H MARTINIQUE CE SE,Consumidor Especial,SUDESTE,2.52,1.552283
,2023-06-17,56501.0,WINDSOR H MARTINIQUE CE SE,Consumidor Especial,SUDESTE,2.52,1.407101
,2023-06-18,56501.0,WINDSOR H MARTINIQUE CE SE,Consumidor Especial,SUDESTE,2.52,1.357842
,2023-06-19,56501.0,WINDSOR H MARTINIQUE CE SE,Consumidor Especial,SUDESTE,2.52,1.319989
,2023-06-20,56501.0,WINDSOR H MARTINIQUE CE SE,Consumidor Especial,SUDESTE,2.52,1.277621
,2023-06-21,56501.0,WINDSOR H MARTINIQUE CE SE,Consumidor Especial,SUDESTE,2.52,1.229604
,2023-06-22,56501.0,WINDSOR H MARTINIQUE CE SE,Consumidor Especial,SUDESTE,2.52,1.234633
,2023-06-23,56501.0,WINDSOR H MARTINIQUE CE SE,Consumidor Especial,SUDESTE,2.52,1.308963
,2023-06-24,56501.0,WINDSOR H MARTINIQUE CE SE,Consumidor Especial,SUDESTE,2.52,1.336797
,2023-06-25,56501.0,WINDSOR H MARTINIQUE CE SE,Consumidor Especial,SUDESTE,2.52,1.226396
,2023-06-26,56501.0,WINDSOR H MARTINIQUE CE SE,Consumidor Especial,SUDESTE,2.52,1.366835
,2023-06-27,56501.0,WINDSOR H MARTINIQUE CE SE,Consumidor Especial,SUDESTE,2.52,1.298609
,2023-06-28,56501.0,WINDSOR H MARTINIQUE CE SE,Consumidor Especial,SUDESTE,2.52,1.260759
,2023-06-29,56501.0,WINDSOR H MARTINIQUE CE SE,Consumidor Especial,SUDESTE,2.52,1.287257
,2023-06-30,56501.0,WINDSOR H MARTINIQUE CE SE,Consumidor Especial,SUDESTE,2.52,1.237031
,2023-07-01,56501.0,WINDSOR H MARTINIQUE CE SE,Consumidor Especial,SUDESTE,2.52,1.198086
,2023-07-02,56501.0,WINDSOR H MARTINIQUE CE SE,Consumidor Especial,SUDESTE,2.52,1.203647
,2023-07-03,56501.0,WINDSOR H MARTINIQUE CE SE,Consumidor Especial,SUDESTE,2.52,1.095889
,2023-07-04,56501.0,WINDSOR H MARTINIQUE CE SE,Consumidor Especial,SUDESTE,2.52,1.061449
,2023-07-05,56501.0,WINDSOR H MARTINIQUE CE SE,Consumidor Especial,SUDESTE,2.52,1.118722
,2023-07-06,56501.0,WINDSOR H MARTINIQUE CE SE,Consumidor Especial,SUDESTE,2.52,1.216435
,2023-07-07,56501.0,WINDSOR H MARTINIQUE CE SE,Consumidor Especial,SUDESTE,2.52,1.309451
,2023-07-08,56501.0,WINDSOR H MARTINIQUE CE SE,Consumidor Especial,SUDESTE,2.52,1.395309
,2023-07-09,56501.0,WINDSOR H MARTINIQUE CE SE,Consumidor Especial,SUDESTE,2.52,1.346045
,2023-07-10,56501.0,WINDSOR H MARTINIQUE CE SE,Consumidor Especial,SUDESTE,2.52,1.445668
,2023-07-11,56501.0,WINDSOR H MARTINIQUE CE SE,Consumidor Especial,SUDESTE,2.52,1.482817
,2023-07-12,56501.0,WINDSOR H MARTINIQUE CE SE,Consumidor Especial,SUDESTE,2.52,1.512581
,2023-07-13,56501.0,WINDSOR H MARTINIQUE CE SE,Consumidor Especial,SUDESTE,2.52,1.645567
,2023-07-14,56501.0,WINDSOR H MARTINIQUE CE SE,Consumidor Especial,SUDESTE,2.52,1.407045
,2023-07-15,56501.0,WINDSOR H MARTINIQUE CE SE,Consumidor Especial,SUDESTE,2.52,1.288221
,2023-07-16,56501.0,WINDSOR H MARTINIQUE CE SE,Consumidor Especial,SUDESTE,2.52,1.322196
,2023-07-17,56501.0,WINDSOR H MARTINIQUE CE SE,Consumidor Especial,SUDESTE,2.52,1.306017
,2023-07-18,56501.0,WINDSOR H MARTINIQUE CE SE,Consumidor Especial,SUDESTE,2.52,1.31853
,2023-07-19,56501.0,WINDSOR H MARTINIQUE CE SE,Consumidor Especial,SUDESTE,2.52,1.272215
,2023-07-20,56501.0,WINDSOR H MARTINIQUE CE SE,Consumidor Especial,SUDESTE,2.52,1.241311
,2023-07-21,56501.0,WINDSOR H MARTINIQUE CE SE,Consumidor Especial,SUDESTE,2.52,1.290487
,2023-07-22,56501.0,WINDSOR H MARTINIQUE CE SE,Consumidor Especial,SUDESTE,2.52,1.381186
,2023-07-23,56501.0,WINDSOR H MARTINIQUE CE SE,Consumidor Especial,SUDESTE,2.52,1.389093
,2023-07-24,56501.0,WINDSOR H MARTINIQUE CE SE,Consumidor Especial,SUDESTE,2.52,1.422421
,2023-07-25,56501.0,WINDSOR H MARTINIQUE CE SE,Consumidor Especial,SUDESTE,2.52,1.484338
,2023-07-26,56501.0,WINDSOR H MARTINIQUE CE SE,Consumidor Especial,SUDESTE,2.52,1.434037
,2023-07-27,56501.0,WINDSOR H MARTINIQUE CE SE,Consumidor Especial,SUDESTE,2.52,1.413577
,2023-07-28,56501.0,WINDSOR H MARTINIQUE CE SE,Consumidor Especial,SUDESTE,2.52,1.550067
,2023-07-29,56501.0,WINDSOR H MARTINIQUE CE SE,Consumidor Especial,SUDESTE,2.52,1.444406
,2023-07-30,56501.0,WINDSOR H MARTINIQUE CE SE,Consumidor Especial,SUDESTE,2.52,1.20233
,2023-07-31,56501.0,WINDSOR H MARTINIQUE CE SE,Consumidor Especial,SUDESTE,2.52,1.166236
,2023-08-01,56501.0,WINDSOR H MARTINIQUE CE SE,Consumidor Especial,SUDESTE,2.52,1.060862
,2023-08-02,56501.0,WINDSOR H MARTINIQUE CE SE,Consumidor Especial,SUDESTE,2.52,1.221051
,2023-08-03,56501.0,WINDSOR H MARTINIQUE CE SE,Consumidor Especial,SUDESTE,2.52,1.340538
,2023-08-04,56501.0,WINDSOR H MARTINIQUE CE SE,Consumidor Especial,SUDESTE,2.52,1.356958
,2023-08-05,56501.0,WINDSOR H MARTINIQUE CE SE,Consumidor Especial,SUDESTE,2.52,1.419343
,2023-08-06,56501.0,WINDSOR H MARTINIQUE CE SE,Consumidor Especial,SUDESTE,2.52,1.400948
,2023-08-07,56501.0,WINDSOR H MARTINIQUE CE SE,Consumidor Especial,SUDESTE,2.52,1.477154
,2023-08-08,56501.0,WINDSOR H MARTINIQUE CE SE,Consumidor Especial,SUDESTE,2.52,1.452133
,2023-08-09,56501.0,WINDSOR H MARTINIQUE CE SE,Consumidor Especial,SUDESTE,2.52,1.376726
,2023-08-10,56501.0,WINDSOR H MARTINIQUE CE SE,Consumidor Especial,SUDESTE,2.52,1.573022
,2023-08-11,56501.0,WINDSOR H MARTINIQUE CE SE,Consumidor Especial,SUDESTE,2.52,1.680345
,2023-08-12,56501.0,WINDSOR H MARTINIQUE CE SE,Consumidor Especial,SUDESTE,2.52,1.791285
,2023-08-13,56501.0,WINDSOR H MARTINIQUE CE SE,Consumidor Especial,SUDESTE,2.52,1.666751
,2023-08-14,56501.0,WINDSOR H MARTINIQUE CE SE,Consumidor Especial,SUDESTE,2.52,1.413567
,2023-08-15,56501.0,WINDSOR H MARTINIQUE CE SE,Consumidor Especial,SUDESTE,2.52,1.349562
,2023-08-16,56501.0,WINDSOR H MARTINIQUE CE SE,Consumidor Especial,SUDESTE,2.52,1.442904
,2023-08-17,56501.0,WINDSOR H MARTINIQUE CE SE,Consumidor Especial,SUDESTE,2.52,1.490078
,2023-08-18,56501.0,WINDSOR H MARTINIQUE CE SE,Consumidor Especial,SUDESTE,2.52,1.638487
,2023-08-19,56501.0,WINDSOR H MARTINIQUE CE SE,Consumidor Especial,SUDESTE,2.52,1.76244
,2023-08-20,56501.0,WINDSOR H MARTINIQUE CE SE,Consumidor Especial,SUDESTE,2.52,1.620193
,2023-08-21,56501.0,WINDSOR H MARTINIQUE CE SE,Consumidor Especial,SUDESTE,2.52,1.548491
,2023-08-22,56501.0,WINDSOR H MARTINIQUE CE SE,Consumidor Especial,SUDESTE,2.52,1.56911
,2023-08-23,56501.0,WINDSOR H MARTINIQUE CE SE,Consumidor Especial,SUDESTE,2.52,1.746112
,2023-08-24,56501.0,WINDSOR H MARTINIQUE CE SE,Consumidor Especial,SUDESTE,2.52,2.105339
,2023-08-25,56501.0,WINDSOR H MARTINIQUE CE SE,Consumidor Especial,SUDESTE,2.52,1.969019
,2023-08-26,56501.0,WINDSOR H MARTINIQUE CE SE,Consumidor Especial,SUDESTE,2.52,1.545409
,2023-08-27,56501.0,WINDSOR H MARTINIQUE CE SE,Consumidor Especial,SUDESTE,2.52,1.267898
,2023-08-28,56501.0,WINDSOR H MARTINIQUE CE SE,Consumidor Especial,SUDESTE,2.52,1.053498
,2023-08-29,56501.0,WINDSOR H MARTINIQUE CE SE,Consumidor Especial,SUDESTE,2.52,1.086466
,2023-08-30,56501.0,WINDSOR H MARTINIQUE CE SE,Consumidor Especial,SUDESTE,2.52,1.151846
,2023-08-31,56501.0,WINDSOR H MARTINIQUE CE SE,Consumidor Especial,SUDESTE,2.52,1.19856
,2023-09-01,56501.0,WINDSOR H MARTINIQUE CE SE,Consumidor Especial,SUDESTE,2.52,1.34778
,2023-09-02,56501.0,WINDSOR H MARTINIQUE CE SE,Consumidor Especial,SUDESTE,2.52,1.504823
,2023-09-03,56501.0,WINDSOR H MARTINIQUE CE SE,Consumidor Especial,SUDESTE,2.52,1.663319
,2023-09-04,56501.0,WINDSOR H MARTINIQUE CE SE,Consumidor Especial,SUDESTE,2.52,1.65021
,2023-09-05,56501.0,WINDSOR H MARTINIQUE CE SE,Consumidor Especial,SUDESTE,2.52,1.500347
,2023-09-06,56501.0,WINDSOR H MARTINIQUE CE SE,Consumidor Especial,SUDESTE,2.52,1.307214
,2023-09-07,56501.0,WINDSOR H MARTINIQUE CE SE,Consumidor Especial,SUDESTE,2.52,1.378311
,2023-09-08,56501.0,WINDSOR H MARTINIQUE CE SE,Consumidor Especial,SUDESTE,2.52,1.644698
,2023-09-09,56501.0,WINDSOR H MARTINIQUE CE SE,Consumidor Especial,SUDESTE,2.52,1.590746
,2023-09-10,56501.0,WINDSOR H MARTINIQUE CE SE,Consumidor Especial,SUDESTE,2.52,1.640255
,2023-09-11,56501.0,WINDSOR H MARTINIQUE CE SE,Consumidor Especial,SUDESTE,2.52,1.551966
,2023-09-12,56501.0,WINDSOR H MARTINIQUE CE SE,Consumidor Especial,SUDESTE,2.52,1.625695
,2023-09-13,56501.0,WINDSOR H MARTINIQUE CE SE,Consumidor Especial,SUDESTE,2.52,1.793479
,2023-09-14,56501.0,WINDSOR H MARTINIQUE CE SE,Consumidor Especial,SUDESTE,2.52,1.818177
,2023-09-15,56501.0,WINDSOR H MARTINIQUE CE SE,Consumidor Especial,SUDESTE,2.52,1.476662
,2023-09-16,56501.0,WINDSOR H MARTINIQUE CE SE,Consumidor Especial,SUDESTE,2.52,1.539334
,2023-09-17,56501.0,WINDSOR H MARTINIQUE CE SE,Consumidor Especial,SUDESTE,2.52,1.828566
,2023-09-18,56501.0,WINDSOR H MARTINIQUE CE SE,Consumidor Especial,SUDESTE,2.52,1.842711
,2023-09-19,56501.0,WINDSOR H MARTINIQUE CE SE,Consumidor Especial,SUDESTE,2.52,1.894009
,2023-09-20,56501.0,WINDSOR H MARTINIQUE CE SE,Consumidor Especial,SUDESTE,2.52,1.799604
,2023-09-21,56501.0,WINDSOR H MARTINIQUE CE SE,Consumidor Especial,SUDESTE,2.52,1.867183
,2023-09-22,56501.0,WINDSOR H MARTINIQUE CE SE,Consumidor Especial,SUDESTE,2.52,1.85162
,2023-09-23,56501.0,WINDSOR H MARTINIQUE CE SE,Consumidor Especial,SUDESTE,2.52,1.907229
,2023-09-24,56501.0,WINDSOR H MARTINIQUE CE SE,Consumidor Especial,SUDESTE,2.52,1.921672
,2023-09-25,56501.0,WINDSOR H MARTINIQUE CE SE,Consumidor Especial,SUDESTE,2.52,1.86911
,2023-09-26,56501.0,WINDSOR H MARTINIQUE CE SE,Consumidor Especial,SUDESTE,2.52,1.86166
,2023-09-27,56501.0,WINDSOR H MARTINIQUE CE SE,Consumidor Especial,SUDESTE,2.52,2.145808
,2023-09-28,56501.0,WINDSOR H MARTINIQUE CE SE,Consumidor Especial,SUDESTE,2.52,1.801244
,2023-09-29,56501.0,WINDSOR H MARTINIQUE CE SE,Consumidor Especial,SUDESTE,2.52,1.507538
,2023-09-30,56501.0,WINDSOR H MARTINIQUE CE SE,Consumidor Especial,SUDESTE,2.52,1.612656
,2023-10-01,56501.0,WINDSOR H MARTINIQUE CE SE,Consumidor Especial,SUDESTE,2.52,1.63043
,2023-10-02,56501.0,WINDSOR H MARTINIQUE CE SE,Consumidor Especial,SUDESTE,2.52,1.631204
,2023-10-03,56501.0,WINDSOR H MARTINIQUE CE SE,Consumidor Especial,SUDESTE,2.52,1.547339
,2023-10-04,56501.0,WINDSOR H MARTINIQUE CE SE,Consumidor Especial,SUDESTE,2.52,1.664532
,2023-10-05,56501.0,WINDSOR H MARTINIQUE CE SE,Consumidor Especial,SUDESTE,2.52,1.823954
,2023-10-06,56501.0,WINDSOR H MARTINIQUE CE SE,Consumidor Especial,SUDESTE,2.52,1.820031
,2023-10-07,56501.0,WINDSOR H MARTINIQUE CE SE,Consumidor Especial,SUDESTE,2.52,2.098714
,2023-10-08,56501.0,WINDSOR H MARTINIQUE CE SE,Consumidor Especial,SUDESTE,2.52,1.96924
,2023-10-09,56501.0,WINDSOR H MARTINIQUE CE SE,Consumidor Especial,SUDESTE,2.52,1.801178
,2023-10-10,56501.0,WINDSOR H MARTINIQUE CE SE,Consumidor Especial,SUDESTE,2.52,1.501568
,2023-10-11,56501.0,WINDSOR H MARTINIQUE CE SE,Consumidor Especial,SUDESTE,2.52,1.584942
,2023-10-12,56501.0,WINDSOR H MARTINIQUE CE SE,Consumidor Especial,SUDESTE,2.52,2.007408
,2023-10-13,56501.0,WINDSOR H MARTINIQUE CE SE,Consumidor Especial,SUDESTE,2.52,1.89209
,2023-10-14,56501.0,WINDSOR H MARTINIQUE CE SE,Consumidor Especial,SUDESTE,2.52,1.671103
,2023-10-15,56501.0,WINDSOR H MARTINIQUE CE SE,Consumidor Especial,SUDESTE,2.52,1.651661
,2023-10-16,56501.0,WINDSOR H MARTINIQUE CE SE,Consumidor Especial,SUDESTE,2.52,1.716863
,2023-10-17,56501.0,WINDSOR H MARTINIQUE CE SE,Consumidor Especial,SUDESTE,2.52,1.738346
,2023-10-18,56501.0,WINDSOR H MARTINIQUE CE SE,Consumidor Especial,SUDESTE,2.52,1.723008
,2023-10-19,56501.0,WINDSOR H MARTINIQUE CE SE,Consumidor Especial,SUDESTE,2.52,1.592936
,2023-10-20,56501.0,WINDSOR H MARTINIQUE CE SE,Consumidor Especial,SUDESTE,2.52,1.552517
,2023-10-21,56501.0,WINDSOR H MARTINIQUE CE SE,Consumidor Especial,SUDESTE,2.52,1.600212
,2023-10-22,56501.0,WINDSOR H MARTINIQUE CE SE,Consumidor Especial,SUDESTE,2.52,1.568545
,2023-10-23,56501.0,WINDSOR H MARTINIQUE CE SE,Consumidor Especial,SUDESTE,2.52,1.616809
,2023-10-24,56501.0,WINDSOR H MARTINIQUE CE SE,Consumidor Especial,SUDESTE,2.52,1.777544
,2023-10-25,56501.0,WINDSOR H MARTINIQUE CE SE,Consumidor Especial,SUDESTE,2.52,1.819985
,2023-10-26,56501.0,WINDSOR H MARTINIQUE CE SE,Consumidor Especial,SUDESTE,2.52,1.684443
,2023-10-27,56501.0,WINDSOR H MARTINIQUE CE SE,Consumidor Especial,SUDESTE,2.52,1.636997
,2023-10-28,56501.0,WINDSOR H MARTINIQUE CE SE,Consumidor Especial,SUDESTE,2.52,1.787494
,2023-10-29,56501.0,WINDSOR H MARTINIQUE CE SE,Consumidor Especial,SUDESTE,2.52,2.002313
,2023-10-30,56501.0,WINDSOR H MARTINIQUE CE SE,Consumidor Especial,SUDESTE,2.52,1.918386
,2023-10-31,56501.0,WINDSOR H MARTINIQUE CE SE,Consumidor Especial,SUDESTE,2.52,1.804327
,2023-11-01,56501.0,WINDSOR H MARTINIQUE CE SE,Consumidor Especial,SUDESTE,2.52,1.80968
,2023-11-02,56501.0,WINDSOR H MARTINIQUE CE SE,Consumidor Especial,SUDESTE,2.52,1.67552
,2023-11-03,56501.0,WINDSOR H MARTINIQUE CE SE,Consumidor Especial,SUDESTE,2.52,1.944563
,2023-11-04,56501.0,WINDSOR H MARTINIQUE CE SE,Consumidor Especial,SUDESTE,2.52,2.174159
,2023-11-05,56501.0,WINDSOR H MARTINIQUE CE SE,Consumidor Especial,SUDESTE,2.52,1.9694
,2023-11-06,56501.0,WINDSOR H MARTINIQUE CE SE,Consumidor Especial,SUDESTE,2.52,1.661949
,2023-11-07,56501.0,WINDSOR H MARTINIQUE CE SE,Consumidor Especial,SUDESTE,2.52,1.578369
,2023-11-08,56501.0,WINDSOR H MARTINIQUE CE SE,Consumidor Especial,SUDESTE,2.52,1.508373
,2023-11-09,56501.0,WINDSOR H MARTINIQUE CE SE,Consumidor Especial,SUDESTE,2.52,1.685437
,2023-11-10,56501.0,WINDSOR H MARTINIQUE CE SE,Consumidor Especial,SUDESTE,2.52,1.798407
,2023-11-11,56501.0,WINDSOR H MARTINIQUE CE SE,Consumidor Especial,SUDESTE,2.52,1.714789
,2023-11-12,56501.0,WINDSOR H MARTINIQUE CE SE,Consumidor Especial,SUDESTE,2.52,1.809292
,2023-11-13,56501.0,WINDSOR H MARTINIQUE CE SE,Consumidor Especial,SUDESTE,2.52,1.810673
,2023-11-14,56501.0,WINDSOR H MARTINIQUE CE SE,Consumidor Especial,SUDESTE,2.52,1.786267
,2023-11-15,56501.0,WINDSOR H MARTINIQUE CE SE,Consumidor Especial,SUDESTE,2.52,1.723527
,2023-11-16,56501.0,WINDSOR H MARTINIQUE CE SE,Consumidor Especial,SUDESTE,2.52,2.039353
,2023-11-17,56501.0,WINDSOR H MARTINIQUE CE SE,Consumidor Especial,SUDESTE,2.52,2.078502
,2023-11-18,56501.0,WINDSOR H MARTINIQUE CE SE,Consumidor Especial,SUDESTE,2.52,2.246156
,2023-11-19,56501.0,WINDSOR H MARTINIQUE CE SE,Consumidor Especial,SUDESTE,2.52,1.972667
,2023-11-20,56501.0,WINDSOR H MARTINIQUE CE SE,Consumidor Especial,SUDESTE,2.52,1.728615
,2023-11-21,56501.0,WINDSOR H MARTINIQUE CE SE,Consumidor Especial,SUDESTE,2.52,1.690303
,2023-11-22,56501.0,WINDSOR H MARTINIQUE CE SE,Consumidor Especial,SUDESTE,2.52,1.872394
,2023-11-23,56501.0,WINDSOR H MARTINIQUE CE SE,Consumidor Especial,SUDESTE,2.52,1.972685
,2023-11-24,56501.0,WINDSOR H MARTINIQUE CE SE,Consumidor Especial,SUDESTE,2.52,2.152385
,2023-11-25,56501.0,WINDSOR H MARTINIQUE CE SE,Consumidor Especial,SUDESTE,2.52,1.69822
,2023-11-26,56501.0,WINDSOR H MARTINIQUE CE SE,Consumidor Especial,SUDESTE,2.52,1.699055
,2023-11-27,56501.0,WINDSOR H MARTINIQUE CE SE,Consumidor Especial,SUDESTE,2.52,1.799962
,2023-11-28,56501.0,WINDSOR H MARTINIQUE CE SE,Consumidor Especial,SUDESTE,2.52,1.797539
,2023-11-29,56501.0,WINDSOR H MARTINIQUE CE SE,Consumidor Especial,SUDESTE,2.52,1.83948
,2023-11-30,56501.0,WINDSOR H MARTINIQUE CE SE,Consumidor Especial,SUDESTE,2.52,2.006601
,2023-12-01,56501.0,WINDSOR H MARTINIQUE CE SE,Consumidor Especial,SUDESTE,2.52,2.049121
,2023-12-02,56501.0,WINDSOR H MARTINIQUE CE SE,Consumidor Especial,SUDESTE,2.52,2.151424
,2023-12-03,56501.0,WINDSOR H MARTINIQUE CE SE,Consumidor Especial,SUDESTE,2.52,2.140768
,2023-12-04,56501.0,WINDSOR H MARTINIQUE CE SE,Consumidor Especial,SUDESTE,2.52,2.079046
,2023-12-05,56501.0,WINDSOR H MARTINIQUE CE SE,Consumidor Especial,SUDESTE,2.52,2.124172
,2023-12-06,56501.0,WINDSOR H MARTINIQUE CE SE,Consumidor Especial,SUDESTE,2.52,2.241908
,2023-12-07,56501.0,WINDSOR H MARTINIQUE CE SE,Consumidor Especial,SUDESTE,2.52,2.324592
,2023-12-08,56501.0,WINDSOR H MARTINIQUE CE SE,Consumidor Especial,SUDESTE,2.52,2.26752
,2023-12-09,56501.0,WINDSOR H MARTINIQUE CE SE,Consumidor Especial,SUDESTE,2.52,1.667091
,2023-12-10,56501.0,WINDSOR H MARTINIQUE CE SE,Consumidor Especial,SUDESTE,2.52,1.780558
,2023-12-11,56501.0,WINDSOR H MARTINIQUE CE SE,Consumidor Especial,SUDESTE,2.52,1.591699
,2023-12-12,56501.0,WINDSOR H MARTINIQUE CE SE,Consumidor Especial,SUDESTE,2.52,1.780336
,2023-12-13,56501.0,WINDSOR H MARTINIQUE CE SE,Consumidor Especial,SUDESTE,2.52,1.826825
,2023-12-14,56501.0,WINDSOR H MARTINIQUE CE SE,Consumidor Especial,SUDESTE,2.52,1.970615
,2023-12-15,56501.0,WINDSOR H MARTINIQUE CE SE,Consumidor Especial,SUDESTE,2.52,2.005937
,2023-12-16,56501.0,WINDSOR H MARTINIQUE CE SE,Consumidor Especial,SUDESTE,2.52,2.077607
,2023-12-17,56501.0,WINDSOR H MARTINIQUE CE SE,Consumidor Especial,SUDESTE,2.52,1.937315
,2023-12-18,56501.0,WINDSOR H MARTINIQUE CE SE,Consumidor Especial,SUDESTE,2.52,1.716106
,2023-12-19,56501.0,WINDSOR H MARTINIQUE CE SE,Consumidor Especial,SUDESTE,2.52,1.592511
,2023-12-20,56501.0,WINDSOR H MARTINIQUE CE SE,Consumidor Especial,SUDESTE,2.52,1.632852
,2023-12-21,56501.0,WINDSOR H MARTINIQUE CE SE,Consumidor Especial,SUDESTE,2.52,1.640342
,2023-12-22,56501.0,WINDSOR H MARTINIQUE CE SE,Consumidor Especial,SUDESTE,2.52,1.786487
,2023-12-23,56501.0,WINDSOR H MARTINIQUE CE SE,Consumidor Especial,SUDESTE,2.52,1.798936
,2023-12-24,56501.0,WINDSOR H MARTINIQUE CE SE,Consumidor Especial,SUDESTE,2.52,1.829517
,2023-12-25,56501.0,WINDSOR H MARTINIQUE CE SE,Consumidor Especial,SUDESTE,2.52,1.919864
,2023-12-26,56501.0,WINDSOR H MARTINIQUE CE SE,Consumidor Especial,SUDESTE,2.52,1.954912
,2023-12-27,56501.0,WINDSOR H MARTINIQUE CE SE,Consumidor Especial,SUDESTE,2.52,1.829567
,2023-12-28,56501.0,WINDSOR H MARTINIQUE CE SE,Consumidor Especial,SUDESTE,2.52,1.917366
,2023-12-29,56501.0,WINDSOR H MARTINIQUE CE SE,Consumidor Especial,SUDESTE,2.52,2.040333
,2023-12-30,56501.0,WINDSOR H MARTINIQUE CE SE,Consumidor Especial,SUDESTE,2.52,2.150593
,2023-12-31,56501.0,WINDSOR H MARTINIQUE CE SE,Consumidor Especial,SUDESTE,2.52,2.023629
,2024-01-01,56501.0,WINDSOR H MARTINIQUE CE SE,Consumidor Especial,SUDESTE,2.52,1.918371
,2024-01-02,56501.0,WINDSOR H MARTINIQUE CE SE,Consumidor Especial,SUDESTE,2.52,1.815193
,2024-01-03,56501.0,WINDSOR H MARTINIQUE CE SE,Consumidor Especial,SUDESTE,2.52,1.958247
,2024-01-04,56501.0,WINDSOR H MARTINIQUE CE SE,Consumidor Especial,SUDESTE,2.52,1.8819
,2024-01-05,56501.0,WINDSOR H MARTINIQUE CE SE,Consumidor Especial,SUDESTE,2.52,2.119759
,2024-01-06,56501.0,WINDSOR H MARTINIQUE CE SE,Consumidor Especial,SUDESTE,2.52,2.091026
,2024-01-07,56501.0,WINDSOR H MARTINIQUE CE SE,Consumidor Especial,SUDESTE,2.52,2.131789
,2024-01-08,56501.0,WINDSOR H MARTINIQUE CE SE,Consumidor Especial,SUDESTE,2.52,2.214904
,2024-01-09,56501.0,WINDSOR H MARTINIQUE CE SE,Consumidor Especial,SUDESTE,2.52,2.321369
,2024-01-10,56501.0,WINDSOR H MARTINIQUE CE SE,Consumidor Especial,SUDESTE,2.52,2.248843
,2024-01-11,56501.0,WINDSOR H MARTINIQUE CE SE,Consumidor Especial,SUDESTE,2.52,2.296887
,2024-01-12,56501.0,WINDSOR H MARTINIQUE CE SE,Consumidor Especial,SUDESTE,2.52,2.334913
,2024-01-13,56501.0,WINDSOR H MARTINIQUE CE SE,Consumidor Especial,SUDESTE,2.52,2.338935
,2024-01-14,56501.0,WINDSOR H MARTINIQUE CE SE,Consumidor Especial,SUDESTE,2.52,1.97163
,2024-01-15,56501.0,WINDSOR H MARTINIQUE CE SE,Consumidor Especial,SUDESTE,2.52,2.196176
,2024-01-16,56501.0,WINDSOR H MARTINIQUE CE SE,Consumidor Especial,SUDESTE,2.52,2.351199
,2024-01-17,56501.0,WINDSOR H MARTINIQUE CE SE,Consumidor Especial,SUDESTE,2.52,2.531805
,2024-01-18,56501.0,WINDSOR H MARTINIQUE CE SE,Consumidor Especial,SUDESTE,2.52,2.381863
,2024-01-19,56501.0,WINDSOR H MARTINIQUE CE SE,Consumidor Especial,SUDESTE,2.52,2.432089
,2024-01-20,56501.0,WINDSOR H MARTINIQUE CE SE,Consumidor Especial,SUDESTE,2.52,2.536731
,2024-01-21,56501.0,WINDSOR H MARTINIQUE CE SE,Consumidor Especial,SUDESTE,2.52,2.396003
,2024-01-22,56501.0,WINDSOR H MARTINIQUE CE SE,Consumidor Especial,SUDESTE,2.52,2.148724
,2024-01-23,56501.0,WINDSOR H MARTINIQUE CE SE,Consumidor Especial,SUDESTE,2.52,1.829073
,2024-01-24,56501.0,WINDSOR H MARTINIQUE CE SE,Consumidor Especial,SUDESTE,2.52,1.771856
,2024-01-25,56501.0,WINDSOR H MARTINIQUE CE SE,Consumidor Especial,SUDESTE,2.52,2.008755
,2024-01-26,56501.0,WINDSOR H MARTINIQUE CE SE,Consumidor Especial,SUDESTE,2.52,2.048305
,2024-01-27,56501.0,WINDSOR H MARTINIQUE CE SE,Consumidor Especial,SUDESTE,2.52,2.152987
,2024-01-28,56501.0,WINDSOR H MARTINIQUE CE SE,Consumidor Especial,SUDESTE,2.52,2.157373
,2024-01-29,56501.0,WINDSOR H MARTINIQUE CE SE,Consumidor Especial,SUDESTE,2.52,1.823785
,2024-01-30,56501.0,WINDSOR H MARTINIQUE CE SE,Consumidor Especial,SUDESTE,2.52,1.925558
,2024-01-31,56501.0,WINDSOR H MARTINIQUE CE SE,Consumidor Especial,SUDESTE,2.52,1.970332
,2024-02-01,56501.0,WINDSOR H MARTINIQUE CE SE,Consumidor Especial,SUDESTE,2.52,1.842359
,2024-02-02,56501.0,WINDSOR H MARTINIQUE CE SE,Consumidor Especial,SUDESTE,2.52,1.896452
,2024-02-03,56501.0,WINDSOR H MARTINIQUE CE SE,Consumidor Especial,SUDESTE,2.52,1.978063
,2024-02-04,56501.0,WINDSOR H MARTINIQUE CE SE,Consumidor Especial,SUDESTE,2.52,2.0566750000000003
,2024-02-05,56501.0,WINDSOR H MARTINIQUE CE SE,Consumidor Especial,SUDESTE,2.52,1.953298
,2024-02-06,56501.0,WINDSOR H MARTINIQUE CE SE,Consumidor Especial,SUDESTE,2.52,1.860541
,2024-02-07,56501.0,WINDSOR H MARTINIQUE CE SE,Consumidor Especial,SUDESTE,2.52,1.946583
,2024-02-08,56501.0,WINDSOR H MARTINIQUE CE SE,Consumidor Especial,SUDESTE,2.52,2.077331
,2024-02-09,56501.0,WINDSOR H MARTINIQUE CE SE,Consumidor Especial,SUDESTE,2.52,2.200771
,2024-02-10,56501.0,WINDSOR H MARTINIQUE CE SE,Consumidor Especial,SUDESTE,2.52,2.14099
,2024-02-11,56501.0,WINDSOR H MARTINIQUE CE SE,Consumidor Especial,SUDESTE,2.52,2.13775
,2024-02-12,56501.0,WINDSOR H MARTINIQUE CE SE,Consumidor Especial,SUDESTE,2.52,2.153506
,2024-02-13,56501.0,WINDSOR H MARTINIQUE CE SE,Consumidor Especial,SUDESTE,2.52,2.216846
,2024-02-14,56501.0,WINDSOR H MARTINIQUE CE SE,Consumidor Especial,SUDESTE,2.52,2.125634
,2024-02-15,56501.0,WINDSOR H MARTINIQUE CE SE,Consumidor Especial,SUDESTE,2.52,1.958424
,2024-02-16,56501.0,WINDSOR H MARTINIQUE CE SE,Consumidor Especial,SUDESTE,2.52,1.972866
,2024-02-17,56501.0,WINDSOR H MARTINIQUE CE SE,Consumidor Especial,SUDESTE,2.52,2.117645
,2024-02-18,56501.0,WINDSOR H MARTINIQUE CE SE,Consumidor Especial,SUDESTE,2.52,2.145901
,2024-02-19,56501.0,WINDSOR H MARTINIQUE CE SE,Consumidor Especial,SUDESTE,2.52,2.009081
,2024-02-20,56501.0,WINDSOR H MARTINIQUE CE SE,Consumidor Especial,SUDESTE,2.52,1.947397
,2024-02-21,56501.0,WINDSOR H MARTINIQUE CE SE,Consumidor Especial,SUDESTE,2.52,1.971282
,2024-02-22,56501.0,WINDSOR H MARTINIQUE CE SE,Consumidor Especial,SUDESTE,2.52,2.137885
,2024-02-23,56501.0,WINDSOR H MARTINIQUE CE SE,Consumidor Especial,SUDESTE,2.52,2.28136
,2024-02-24,56501.0,WINDSOR H MARTINIQUE CE SE,Consumidor Especial,SUDESTE,2.52,2.366015
,2024-02-25,56501.0,WINDSOR H MARTINIQUE CE SE,Consumidor Especial,SUDESTE,2.52,2.361872
,2024-02-26,56501.0,WINDSOR H MARTINIQUE CE SE,Consumidor Especial,SUDESTE,2.52,2.101612
,2024-02-27,56501.0,WINDSOR H MARTINIQUE CE SE,Consumidor Especial,SUDESTE,2.52,2.038491
,2024-02-28,56501.0,WINDSOR H MARTINIQUE CE SE,Consumidor Especial,SUDESTE,2.52,2.231254
,2024-02-29,56501.0,WINDSOR H MARTINIQUE CE SE,Consumidor Especial,SUDESTE,2.52,2.267979
202403.0,2024-03-01,56501.0,WINDSOR H MARTINIQUE CE SE,Consumidor Especial,SUDESTE,2.52,2.353506
202403.0,2024-03-01,56501.0,WINDSOR H MARTINIQUE CE SE,Consumidor Especial,SUDESTE,2.52,2.353506
,2024-03-01,,WINDSOR H MARTINIQUE CE SE,,,2.52,2.353506
202403.0,2024-03-02,56501.0,WINDSOR H MARTINIQUE CE SE,Consumidor Especial,SUDESTE,2.52,2.140822
202403.0,2024-03-02,56501.0,WINDSOR H MARTINIQUE CE SE,Consumidor Especial,SUDESTE,2.52,2.140822
,2024-03-02,,WINDSOR H MARTINIQUE CE SE,,,2.52,2.140822
202403.0,2024-03-03,56501.0,WINDSOR H MARTINIQUE CE SE,Consumidor Especial,SUDESTE,2.52,2.17993
202403.0,2024-03-03,56501.0,WINDSOR H MARTINIQUE CE SE,Consumidor Especial,SUDESTE,2.52,2.17993
,2024-03-03,,WINDSOR H MARTINIQUE CE SE,,,2.52,2.17993
202403.0,2024-03-04,56501.0,WINDSOR H MARTINIQUE CE SE,Consumidor Especial,SUDESTE,2.52,2.105629
202403.0,2024-03-04,56501.0,WINDSOR H MARTINIQUE CE SE,Consumidor Especial,SUDESTE,2.52,2.105629
,2024-03-04,,WINDSOR H MARTINIQUE CE SE,,,2.52,2.105629
202403.0,2024-03-05,56501.0,WINDSOR H MARTINIQUE CE SE,Consumidor Especial,SUDESTE,2.52,2.279705
202403.0,2024-03-05,56501.0,WINDSOR H MARTINIQUE CE SE,Consumidor Especial,SUDESTE,2.52,2.279705
,2024-03-05,,WINDSOR H MARTINIQUE CE SE,,,2.52,2.279705
202403.0,2024-03-06,56501.0,WINDSOR H MARTINIQUE CE SE,Consumidor Especial,SUDESTE,2.52,2.20415
202403.0,2024-03-06,56501.0,WINDSOR H MARTINIQUE CE SE,Consumidor Especial,SUDESTE,2.52,2.20415
,2024-03-06,,WINDSOR H MARTINIQUE CE SE,,,2.52,2.20415
202403.0,2024-03-07,56501.0,WINDSOR H MARTINIQUE CE SE,Consumidor Especial,SUDESTE,2.52,2.270901
202403.0,2024-03-07,56501.0,WINDSOR H MARTINIQUE CE SE,Consumidor Especial,SUDESTE,2.52,2.270901
,2024-03-07,,WINDSOR H MARTINIQUE CE SE,,,2.52,2.270901
202403.0,2024-03-08,56501.0,WINDSOR H MARTINIQUE CE SE,Consumidor Especial,SUDESTE,2.52,2.187552
202403.0,2024-03-08,56501.0,WINDSOR H MARTINIQUE CE SE,Consumidor Especial,SUDESTE,2.52,2.187552
,2024-03-08,,WINDSOR H MARTINIQUE CE SE,,,2.52,2.187552
202403.0,2024-03-09,56501.0,WINDSOR H MARTINIQUE CE SE,Consumidor Especial,SUDESTE,2.52,2.030842
202403.0,2024-03-09,56501.0,WINDSOR H MARTINIQUE CE SE,Consumidor Especial,SUDESTE,2.52,2.030842
,2024-03-09,,WINDSOR H MARTINIQUE CE SE,,,2.52,2.030842
202403.0,2024-03-10,56501.0,WINDSOR H MARTINIQUE CE SE,Consumidor Especial,SUDESTE,2.52,2.061738
202403.0,2024-03-10,56501.0,WINDSOR H MARTINIQUE CE SE,Consumidor Especial,SUDESTE,2.52,2.061738
,2024-03-10,,WINDSOR H MARTINIQUE CE SE,,,2.52,2.061738
202403.0,2024-03-11,56501.0,WINDSOR H MARTINIQUE CE SE,Consumidor Especial,SUDESTE,2.52,1.971392
202403.0,2024-03-11,56501.0,WINDSOR H MARTINIQUE CE SE,Consumidor Especial,SUDESTE,2.52,1.971392
,2024-03-11,,WINDSOR H MARTINIQUE CE SE,,,2.52,1.971392
202403.0,2024-03-12,56501.0,WINDSOR H MARTINIQUE CE SE,Consumidor Especial,SUDESTE,2.52,2.003439
202403.0,2024-03-12,56501.0,WINDSOR H MARTINIQUE CE SE,Consumidor Especial,SUDESTE,2.52,2.003439
,2024-03-12,,WINDSOR H MARTINIQUE CE SE,,,2.52,2.003439
202403.0,2024-03-13,56501.0,WINDSOR H MARTINIQUE CE SE,Consumidor Especial,SUDESTE,2.52,1.886499
202403.0,2024-03-13,56501.0,WINDSOR H MARTINIQUE CE SE,Consumidor Especial,SUDESTE,2.52,1.886499
,2024-03-13,,WINDSOR H MARTINIQUE CE SE,,,2.52,1.886499
202403.0,2024-03-14,56501.0,WINDSOR H MARTINIQUE CE SE,Consumidor Especial,SUDESTE,2.52,1.934194
202403.0,2024-03-14,56501.0,WINDSOR H MARTINIQUE CE SE,Consumidor Especial,SUDESTE,2.52,1.934194
,2024-03-14,,WINDSOR H MARTINIQUE CE SE,,,2.52,1.934194
202403.0,2024-03-15,56501.0,WINDSOR H MARTINIQUE CE SE,Consumidor Especial,SUDESTE,2.52,1.958502
202403.0,2024-03-15,56501.0,WINDSOR H MARTINIQUE CE SE,Consumidor Especial,SUDESTE,2.52,1.958502
,2024-03-15,,WINDSOR H MARTINIQUE CE SE,,,2.52,1.958502
202403.0,2024-03-16,56501.0,WINDSOR H MARTINIQUE CE SE,Consumidor Especial,SUDESTE,2.52,2.086117
202403.0,2024-03-16,56501.0,WINDSOR H MARTINIQUE CE SE,Consumidor Especial,SUDESTE,2.52,2.086117
,2024-03-16,,WINDSOR H MARTINIQUE CE SE,,,2.52,2.086117
202403.0,2024-03-17,56501.0,WINDSOR H MARTINIQUE CE SE,Consumidor Especial,SUDESTE,2.52,2.263907
202403.0,2024-03-17,56501.0,WINDSOR H MARTINIQUE CE SE,Consumidor Especial,SUDESTE,2.52,2.263907
,2024-03-17,,WINDSOR H MARTINIQUE CE SE,,,2.52,2.263907
202403.0,2024-03-18,56501.0,WINDSOR H MARTINIQUE CE SE,Consumidor Especial,SUDESTE,2.52,2.251471
202403.0,2024-03-18,56501.0,WINDSOR H MARTINIQUE CE SE,Consumidor Especial,SUDESTE,2.52,2.251471
,2024-03-18,,WINDSOR H MARTINIQUE CE SE,,,2.52,2.251471
202403.0,2024-03-19,56501.0,WINDSOR H MARTINIQUE CE SE,Consumidor Especial,SUDESTE,2.52,2.204693
202403.0,2024-03-19,56501.0,WINDSOR H MARTINIQUE CE SE,Consumidor Especial,SUDESTE,2.52,2.204693
,2024-03-19,,WINDSOR H MARTINIQUE CE SE,,,2.52,2.204693
202403.0,2024-03-20,56501.0,WINDSOR H MARTINIQUE CE SE,Consumidor Especial,SUDESTE,2.52,2.250109
202403.0,2024-03-20,56501.0,WINDSOR H MARTINIQUE CE SE,Consumidor Especial,SUDESTE,2.52,2.250109
,2024-03-20,,WINDSOR H MARTINIQUE CE SE,,,2.52,2.250109
202403.0,2024-03-21,56501.0,WINDSOR H MARTINIQUE CE SE,Consumidor Especial,SUDESTE,2.52,2.433924
202403.0,2024-03-21,56501.0,WINDSOR H MARTINIQUE CE SE,Consumidor Especial,SUDESTE,2.52,2.433924
,2024-03-21,,WINDSOR H MARTINIQUE CE SE,,,2.52,2.433924
202403.0,2024-03-22,56501.0,WINDSOR H MARTINIQUE CE SE,Consumidor Especial,SUDESTE,2.52,2.273335
202403.0,2024-03-22,56501.0,WINDSOR H MARTINIQUE CE SE,Consumidor Especial,SUDESTE,2.52,2.273335
,2024-03-22,,WINDSOR H MARTINIQUE CE SE,,,2.52,2.273335
202403.0,2024-03-23,56501.0,WINDSOR H MARTINIQUE CE SE,Consumidor Especial,SUDESTE,2.52,1.910612
202403.0,2024-03-23,56501.0,WINDSOR H MARTINIQUE CE SE,Consumidor Especial,SUDESTE,2.52,1.910612
,2024-03-23,,WINDSOR H MARTINIQUE CE SE,,,2.52,1.910612
202403.0,2024-03-24,56501.0,WINDSOR H MARTINIQUE CE SE,Consumidor Especial,SUDESTE,2.52,1.826537
202403.0,2024-03-24,56501.0,WINDSOR H MARTINIQUE CE SE,Consumidor Especial,SUDESTE,2.52,1.826537
,2024-03-24,,WINDSOR H MARTINIQUE CE SE,,,2.52,1.826537
202403.0,2024-03-25,56501.0,WINDSOR H MARTINIQUE CE SE,Consumidor Especial,SUDESTE,2.52,1.83864
202403.0,2024-03-25,56501.0,WINDSOR H MARTINIQUE CE SE,Consumidor Especial,SUDESTE,2.52,1.83864
,2024-03-25,,WINDSOR H MARTINIQUE CE SE,,,2.52,1.83864
202403.0,2024-03-26,56501.0,WINDSOR H MARTINIQUE CE SE,Consumidor Especial,SUDESTE,2.52,1.829848
202403.0,2024-03-26,56501.0,WINDSOR H MARTINIQUE CE SE,Consumidor Especial,SUDESTE,2.52,1.829848
,2024-03-26,,WINDSOR H MARTINIQUE CE SE,,,2.52,1.829848
202403.0,2024-03-27,56501.0,WINDSOR H MARTINIQUE CE SE,Consumidor Especial,SUDESTE,2.52,1.755037
202403.0,2024-03-27,56501.0,WINDSOR H MARTINIQUE CE SE,Consumidor Especial,SUDESTE,2.52,1.755037
,2024-03-27,,WINDSOR H MARTINIQUE CE SE,,,2.52,1.755037
202403.0,2024-03-28,56501.0,WINDSOR H MARTINIQUE CE SE,Consumidor Especial,SUDESTE,2.52,1.834451
202403.0,2024-03-28,56501.0,WINDSOR H MARTINIQUE CE SE,Consumidor Especial,SUDESTE,2.52,1.834451
,2024-03-28,,WINDSOR H MARTINIQUE CE SE,,,2.52,1.834451
202403.0,2024-03-29,56501.0,WINDSOR H MARTINIQUE CE SE,Consumidor Especial,SUDESTE,2.52,1.790836
202403.0,2024-03-29,56501.0,WINDSOR H MARTINIQUE CE SE,Consumidor Especial,SUDESTE,2.52,1.790836
,2024-03-29,,WINDSOR H MARTINIQUE CE SE,,,2.52,1.790836
202403.0,2024-03-30,56501.0,WINDSOR H MARTINIQUE CE SE,Consumidor Especial,SUDESTE,2.52,1.923696
202403.0,2024-03-30,56501.0,WINDSOR H MARTINIQUE CE SE,Consumidor Especial,SUDESTE,2.52,1.923696
,2024-03-30,,WINDSOR H MARTINIQUE CE SE,,,2.52,1.923696
202403.0,2024-03-31,56501.0,WINDSOR H MARTINIQUE CE SE,Consumidor Especial,SUDESTE,2.52,2.038284
202403.0,2024-03-31,56501.0,WINDSOR H MARTINIQUE CE SE,Consumidor Especial,SUDESTE,2.52,2.038284
,2024-03-31,,WINDSOR H MARTINIQUE CE SE,,,2.52,2.038284
202404.0,2024-04-01,56501.0,WINDSOR H MARTINIQUE CE SE,Consumidor Especial,SUDESTE,2.52,1.956784
202404.0,2024-04-01,56501.0,WINDSOR H MARTINIQUE CE SE,Consumidor Especial,SUDESTE,2.52,1.956784
,2024-04-01,,WINDSOR H MARTINIQUE CE SE,,,2.52,1.956784
202404.0,2024-04-02,56501.0,WINDSOR H MARTINIQUE CE SE,Consumidor Especial,SUDESTE,2.52,1.994523
202404.0,2024-04-02,56501.0,WINDSOR H MARTINIQUE CE SE,Consumidor Especial,SUDESTE,2.52,1.994523
,2024-04-02,,WINDSOR H MARTINIQUE CE SE,,,2.52,1.994523
202404.0,2024-04-03,56501.0,WINDSOR H MARTINIQUE CE SE,Consumidor Especial,SUDESTE,2.52,1.984148
202404.0,2024-04-03,56501.0,WINDSOR H MARTINIQUE CE SE,Consumidor Especial,SUDESTE,2.52,1.984148
,2024-04-03,,WINDSOR H MARTINIQUE CE SE,,,2.52,1.984148
202404.0,2024-04-04,56501.0,WINDSOR H MARTINIQUE CE SE,Consumidor Especial,SUDESTE,2.52,1.882493
202404.0,2024-04-04,56501.0,WINDSOR H MARTINIQUE CE SE,Consumidor Especial,SUDESTE,2.52,1.882493
,2024-04-04,,WINDSOR H MARTINIQUE CE SE,,,2.52,1.882493
202404.0,2024-04-05,56501.0,WINDSOR H MARTINIQUE CE SE,Consumidor Especial,SUDESTE,2.52,1.856743
202404.0,2024-04-05,56501.0,WINDSOR H MARTINIQUE CE SE,Consumidor Especial,SUDESTE,2.52,1.856743
,2024-04-05,,WINDSOR H MARTINIQUE CE SE,,,2.52,1.856743
202404.0,2024-04-06,56501.0,WINDSOR H MARTINIQUE CE SE,Consumidor Especial,SUDESTE,2.52,1.889503
202404.0,2024-04-06,56501.0,WINDSOR H MARTINIQUE CE SE,Consumidor Especial,SUDESTE,2.52,1.889503
,2024-04-06,,WINDSOR H MARTINIQUE CE SE,,,2.52,1.889503
202404.0,2024-04-07,56501.0,WINDSOR H MARTINIQUE CE SE,Consumidor Especial,SUDESTE,2.52,1.943725
202404.0,2024-04-07,56501.0,WINDSOR H MARTINIQUE CE SE,Consumidor Especial,SUDESTE,2.52,1.943725
,2024-04-07,,WINDSOR H MARTINIQUE CE SE,,,2.52,1.943725
202404.0,2024-04-08,56501.0,WINDSOR H MARTINIQUE CE SE,Consumidor Especial,SUDESTE,2.52,1.851254
202404.0,2024-04-08,56501.0,WINDSOR H MARTINIQUE CE SE,Consumidor Especial,SUDESTE,2.52,1.851254
,2024-04-08,,WINDSOR H MARTINIQUE CE SE,,,2.52,1.851254
202404.0,2024-04-09,56501.0,WINDSOR H MARTINIQUE CE SE,Consumidor Especial,SUDESTE,2.52,1.797363
202404.0,2024-04-09,56501.0,WINDSOR H MARTINIQUE CE SE,Consumidor Especial,SUDESTE,2.52,1.797363
,2024-04-09,,WINDSOR H MARTINIQUE CE SE,,,2.52,1.797363
202404.0,2024-04-10,56501.0,WINDSOR H MARTINIQUE CE SE,Consumidor Especial,SUDESTE,2.52,1.77609
202404.0,2024-04-10,56501.0,WINDSOR H MARTINIQUE CE SE,Consumidor Especial,SUDESTE,2.52,1.77609
,2024-04-10,,WINDSOR H MARTINIQUE CE SE,,,2.52,1.77609
202404.0,2024-04-11,56501.0,WINDSOR H MARTINIQUE CE SE,Consumidor Especial,SUDESTE,2.52,1.894739
202404.0,2024-04-11,56501.0,WINDSOR H MARTINIQUE CE SE,Consumidor Especial,SUDESTE,2.52,1.894739
,2024-04-11,,WINDSOR H MARTINIQUE CE SE,,,2.52,1.894739
202404.0,2024-04-12,56501.0,WINDSOR H MARTINIQUE CE SE,Consumidor Especial,SUDESTE,2.52,1.892531
202404.0,2024-04-12,56501.0,WINDSOR H MARTINIQUE CE SE,Consumidor Especial,SUDESTE,2.52,1.892531
,2024-04-12,,WINDSOR H MARTINIQUE CE SE,,,2.52,1.892531
202404.0,2024-04-13,56501.0,WINDSOR H MARTINIQUE CE SE,Consumidor Especial,SUDESTE,2.52,1.881642
202404.0,2024-04-13,56501.0,WINDSOR H MARTINIQUE CE SE,Consumidor Especial,SUDESTE,2.52,1.881642
,2024-04-13,,WINDSOR H MARTINIQUE CE SE,,,2.52,1.881642
202404.0,2024-04-14,56501.0,WINDSOR H MARTINIQUE CE SE,Consumidor Especial,SUDESTE,2.52,1.742728
202404.0,2024-04-14,56501.0,WINDSOR H MARTINIQUE CE SE,Consumidor Especial,SUDESTE,2.52,1.742728
,2024-04-14,,WINDSOR H MARTINIQUE CE SE,,,2.52,1.742728
202404.0,2024-04-15,56501.0,WINDSOR H MARTINIQUE CE SE,Consumidor Especial,SUDESTE,2.52,1.554212
202404.0,2024-04-15,56501.0,WINDSOR H MARTINIQUE CE SE,Consumidor Especial,SUDESTE,2.52,1.554212
,2024-04-15,,WINDSOR H MARTINIQUE CE SE,,,2.52,1.554212
202404.0,2024-04-16,56501.0,WINDSOR H MARTINIQUE CE SE,Consumidor Especial,SUDESTE,2.52,1.66153
202404.0,2024-04-16,56501.0,WINDSOR H MARTINIQUE CE SE,Consumidor Especial,SUDESTE,2.52,1.66153
,2024-04-16,,WINDSOR H MARTINIQUE CE SE,,,2.52,1.66153
202404.0,2024-04-17,56501.0,WINDSOR H MARTINIQUE CE SE,Consumidor Especial,SUDESTE,2.52,1.722973
202404.0,2024-04-17,56501.0,WINDSOR H MARTINIQUE CE SE,Consumidor Especial,SUDESTE,2.52,1.722973
,2024-04-17,,WINDSOR H MARTINIQUE CE SE,,,2.52,1.722973
202404.0,2024-04-18,56501.0,WINDSOR H MARTINIQUE CE SE,Consumidor Especial,SUDESTE,2.52,1.67318
202404.0,2024-04-18,56501.0,WINDSOR H MARTINIQUE CE SE,Consumidor Especial,SUDESTE,2.52,1.67318
,2024-04-18,,WINDSOR H MARTINIQUE CE SE,,,2.52,1.67318
202404.0,2024-04-19,56501.0,WINDSOR H MARTINIQUE CE SE,Consumidor Especial,SUDESTE,2.52,1.54573
202404.0,2024-04-19,56501.0,WINDSOR H MARTINIQUE CE SE,Consumidor Especial,SUDESTE,2.52,1.54573
,2024-04-19,,WINDSOR H MARTINIQUE CE SE,,,2.52,1.54573
202404.0,2024-04-20,56501.0,WINDSOR H MARTINIQUE CE SE,Consumidor Especial,SUDESTE,2.52,1.55767
202404.0,2024-04-20,56501.0,WINDSOR H MARTINIQUE CE SE,Consumidor Especial,SUDESTE,2.52,1.55767
,2024-04-20,,WINDSOR H MARTINIQUE CE SE,,,2.52,1.55767
202404.0,2024-04-21,56501.0,WINDSOR H MARTINIQUE CE SE,Consumidor Especial,SUDESTE,2.52,1.569207
202404.0,2024-04-21,56501.0,WINDSOR H MARTINIQUE CE SE,Consumidor Especial,SUDESTE,2.52,1.569207
,2024-04-21,,WINDSOR H MARTINIQUE CE SE,,,2.52,1.569207
202404.0,2024-04-22,56501.0,WINDSOR H MARTINIQUE CE SE,Consumidor Especial,SUDESTE,2.52,1.521624
202404.0,2024-04-22,56501.0,WINDSOR H MARTINIQUE CE SE,Consumidor Especial,SUDESTE,2.52,1.521624
,2024-04-22,,WINDSOR H MARTINIQUE CE SE,,,2.52,1.521624
202404.0,2024-04-23,56501.0,WINDSOR H MARTINIQUE CE SE,Consumidor Especial,SUDESTE,2.52,1.52429
202404.0,2024-04-23,56501.0,WINDSOR H MARTINIQUE CE SE,Consumidor Especial,SUDESTE,2.52,1.52429
,2024-04-23,,WINDSOR H MARTINIQUE CE SE,,,2.52,1.52429
202404.0,2024-04-24,56501.0,WINDSOR H MARTINIQUE CE SE,Consumidor Especial,SUDESTE,2.52,1.602448
202404.0,2024-04-24,56501.0,WINDSOR H MARTINIQUE CE SE,Consumidor Especial,SUDESTE,2.52,1.602448
,2024-04-24,,WINDSOR H MARTINIQUE CE SE,,,2.52,1.602448
202404.0,2024-04-25,56501.0,WINDSOR H MARTINIQUE CE SE,Consumidor Especial,SUDESTE,2.52,1.650304
202404.0,2024-04-25,56501.0,WINDSOR H MARTINIQUE CE SE,Consumidor Especial,SUDESTE,2.52,1.650304
,2024-04-25,,WINDSOR H MARTINIQUE CE SE,,,2.52,1.650304
202404.0,2024-04-26,56501.0,WINDSOR H MARTINIQUE CE SE,Consumidor Especial,SUDESTE,2.52,1.689381
202404.0,2024-04-26,56501.0,WINDSOR H MARTINIQUE CE SE,Consumidor Especial,SUDESTE,2.52,1.689381
,2024-04-26,,WINDSOR H MARTINIQUE CE SE,,,2.52,1.689381
202404.0,2024-04-27,56501.0,WINDSOR H MARTINIQUE CE SE,Consumidor Especial,SUDESTE,2.52,1.763743
202404.0,2024-04-27,56501.0,WINDSOR H MARTINIQUE CE SE,Consumidor Especial,SUDESTE,2.52,1.763743
,2024-04-27,,WINDSOR H MARTINIQUE CE SE,,,2.52,1.763743
202404.0,2024-04-28,56501.0,WINDSOR H MARTINIQUE CE SE,Consumidor Especial,SUDESTE,2.52,1.895581
202404.0,2024-04-28,56501.0,WINDSOR H MARTINIQUE CE SE,Consumidor Especial,SUDESTE,2.52,1.895581
,2024-04-28,,WINDSOR H MARTINIQUE CE SE,,,2.52,1.895581
202404.0,2024-04-29,56501.0,WINDSOR H MARTINIQUE CE SE,Consumidor Especial,SUDESTE,2.52,1.699662
202404.0,2024-04-29,56501.0,WINDSOR H MARTINIQUE CE SE,Consumidor Especial,SUDESTE,2.52,1.699662
,2024-04-29,,WINDSOR H MARTINIQUE CE SE,,,2.52,1.699662
202404.0,2024-04-30,56501.0,WINDSOR H MARTINIQUE CE SE,Consumidor Especial,SUDESTE,2.52,1.633867
202404.0,2024-04-30,56501.0,WINDSOR H MARTINIQUE CE SE,Consumidor Especial,SUDESTE,2.52,1.633867
,2024-04-30,,WINDSOR H MARTINIQUE CE SE,,,2.52,1.633867
202405.0,2024-05-01,56501.0,WINDSOR H MARTINIQUE CE SE,Consumidor Especial,SUDESTE,2.52,1.694015
202405.0,2024-05-01,56501.0,WINDSOR H MARTINIQUE CE SE,Consumidor Especial,SUDESTE,2.52,1.694015
,2024-05-01,,WINDSOR H MARTINIQUE CE SE,,,2.52,1.694015
202405.0,2024-05-02,56501.0,WINDSOR H MARTINIQUE CE SE,Consumidor Especial,SUDESTE,2.52,1.884262
202405.0,2024-05-02,56501.0,WINDSOR H MARTINIQUE CE SE,Consumidor Especial,SUDESTE,2.52,1.884262
,2024-05-02,,WINDSOR H MARTINIQUE CE SE,,,2.52,1.884262
202405.0,2024-05-03,56501.0,WINDSOR H MARTINIQUE CE SE,Consumidor Especial,SUDESTE,2.52,1.871769
202405.0,2024-05-03,56501.0,WINDSOR H MARTINIQUE CE SE,Consumidor Especial,SUDESTE,2.52,1.871769
,2024-05-03,,WINDSOR H MARTINIQUE CE SE,,,2.52,1.871769
202405.0,2024-05-04,56501.0,WINDSOR H MARTINIQUE CE SE,Consumidor Especial,SUDESTE,2.52,1.888829
202405.0,2024-05-04,56501.0,WINDSOR H MARTINIQUE CE SE,Consumidor Especial,SUDESTE,2.52,1.888829
,2024-05-04,,WINDSOR H MARTINIQUE CE SE,,,2.52,1.888829
202405.0,2024-05-05,56501.0,WINDSOR H MARTINIQUE CE SE,Consumidor Especial,SUDESTE,2.52,1.954722
202405.0,2024-05-05,56501.0,WINDSOR H MARTINIQUE CE SE,Consumidor Especial,SUDESTE,2.52,1.954722
,2024-05-05,,WINDSOR H MARTINIQUE CE SE,,,2.52,1.954722
202405.0,2024-05-06,56501.0,WINDSOR H MARTINIQUE CE SE,Consumidor Especial,SUDESTE,2.52,1.774514
202405.0,2024-05-06,56501.0,WINDSOR H MARTINIQUE CE SE,Consumidor Especial,SUDESTE,2.52,1.774514
,2024-05-06,,WINDSOR H MARTINIQUE CE SE,,,2.52,1.774514
202405.0,2024-05-07,56501.0,WINDSOR H MARTINIQUE CE SE,Consumidor Especial,SUDESTE,2.52,1.743625
202405.0,2024-05-07,56501.0,WINDSOR H MARTINIQUE CE SE,Consumidor Especial,SUDESTE,2.52,1.743625
,2024-05-07,,WINDSOR H MARTINIQUE CE SE,,,2.52,1.743625
202405.0,2024-05-08,56501.0,WINDSOR H MARTINIQUE CE SE,Consumidor Especial,SUDESTE,2.52,1.750208
202405.0,2024-05-08,56501.0,WINDSOR H MARTINIQUE CE SE,Consumidor Especial,SUDESTE,2.52,1.750208
,2024-05-08,,WINDSOR H MARTINIQUE CE SE,,,2.52,1.750208
202405.0,2024-05-09,56501.0,WINDSOR H MARTINIQUE CE SE,Consumidor Especial,SUDESTE,2.52,1.733033
202405.0,2024-05-09,56501.0,WINDSOR H MARTINIQUE CE SE,Consumidor Especial,SUDESTE,2.52,1.733033
,2024-05-09,,WINDSOR H MARTINIQUE CE SE,,,2.52,1.733033
202405.0,2024-05-10,56501.0,WINDSOR H MARTINIQUE CE SE,Consumidor Especial,SUDESTE,2.52,1.742952
202405.0,2024-05-10,56501.0,WINDSOR H MARTINIQUE CE SE,Consumidor Especial,SUDESTE,2.52,1.742952
,2024-05-10,,WINDSOR H MARTINIQUE CE SE,,,2.52,1.742952
202405.0,2024-05-11,56501.0,WINDSOR H MARTINIQUE CE SE,Consumidor Especial,SUDESTE,2.52,1.733306
202405.0,2024-05-11,56501.0,WINDSOR H MARTINIQUE CE SE,Consumidor Especial,SUDESTE,2.52,1.733306
,2024-05-11,,WINDSOR H MARTINIQUE CE SE,,,2.52,1.733306
202405.0,2024-05-12,56501.0,WINDSOR H MARTINIQUE CE SE,Consumidor Especial,SUDESTE,2.52,1.754866
202405.0,2024-05-12,56501.0,WINDSOR H MARTINIQUE CE SE,Consumidor Especial,SUDESTE,2.52,1.754866
,2024-05-12,,WINDSOR H MARTINIQUE CE SE,,,2.52,1.754866
202405.0,2024-05-13,56501.0,WINDSOR H MARTINIQUE CE SE,Consumidor Especial,SUDESTE,2.52,1.760812
202405.0,2024-05-13,56501.0,WINDSOR H MARTINIQUE CE SE,Consumidor Especial,SUDESTE,2.52,1.760812
,2024-05-13,,WINDSOR H MARTINIQUE CE SE,,,2.52,1.760812
202405.0,2024-05-14,56501.0,WINDSOR H MARTINIQUE CE SE,Consumidor Especial,SUDESTE,2.52,1.684764
202405.0,2024-05-14,56501.0,WINDSOR H MARTINIQUE CE SE,Consumidor Especial,SUDESTE,2.52,1.684764
,2024-05-14,,WINDSOR H MARTINIQUE CE SE,,,2.52,1.684764
202405.0,2024-05-15,56501.0,WINDSOR H MARTINIQUE CE SE,Consumidor Especial,SUDESTE,2.52,1.585962
202405.0,2024-05-15,56501.0,WINDSOR H MARTINIQUE CE SE,Consumidor Especial,SUDESTE,2.52,1.585962
,2024-05-15,,WINDSOR H MARTINIQUE CE SE,,,2.52,1.585962
202405.0,2024-05-16,56501.0,WINDSOR H MARTINIQUE CE SE,Consumidor Especial,SUDESTE,2.52,1.561653
202405.0,2024-05-16,56501.0,WINDSOR H MARTINIQUE CE SE,Consumidor Especial,SUDESTE,2.52,1.561653
,2024-05-16,,WINDSOR H MARTINIQUE CE SE,,,2.52,1.561653
202405.0,2024-05-17,56501.0,WINDSOR H MARTINIQUE CE SE,Consumidor Especial,SUDESTE,2.52,1.843392
202405.0,2024-05-17,56501.0,WINDSOR H MARTINIQUE CE SE,Consumidor Especial,SUDESTE,2.52,1.843392
,2024-05-17,,WINDSOR H MARTINIQUE CE SE,,,2.52,1.843392
202405.0,2024-05-18,56501.0,WINDSOR H MARTINIQUE CE SE,Consumidor Especial,SUDESTE,2.52,1.721064
202405.0,2024-05-18,56501.0,WINDSOR H MARTINIQUE CE SE,Consumidor Especial,SUDESTE,2.52,1.721064
,2024-05-18,,WINDSOR H MARTINIQUE CE SE,,,2.52,1.721064
202405.0,2024-05-19,56501.0,WINDSOR H MARTINIQUE CE SE,Consumidor Especial,SUDESTE,2.52,1.728035
202405.0,2024-05-19,56501.0,WINDSOR H MARTINIQUE CE SE,Consumidor Especial,SUDESTE,2.52,1.728035
,2024-05-19,,WINDSOR H MARTINIQUE CE SE,,,2.52,1.728035
202405.0,2024-05-20,56501.0,WINDSOR H MARTINIQUE CE SE,Consumidor Especial,SUDESTE,2.52,1.733812
202405.0,2024-05-20,56501.0,WINDSOR H MARTINIQUE CE SE,Consumidor Especial,SUDESTE,2.52,1.733812
,2024-05-20,,WINDSOR H MARTINIQUE CE SE,,,2.52,1.733812
202405.0,2024-05-21,56501.0,WINDSOR H MARTINIQUE CE SE,Consumidor Especial,SUDESTE,2.52,1.802085
202405.0,2024-05-21,56501.0,WINDSOR H MARTINIQUE CE SE,Consumidor Especial,SUDESTE,2.52,1.802085
,2024-05-21,,WINDSOR H MARTINIQUE CE SE,,,2.52,1.802085
202405.0,2024-05-22,56501.0,WINDSOR H MARTINIQUE CE SE,Consumidor Especial,SUDESTE,2.52,1.732316
202405.0,2024-05-22,56501.0,WINDSOR H MARTINIQUE CE SE,Consumidor Especial,SUDESTE,2.52,1.732316
,2024-05-22,,WINDSOR H MARTINIQUE CE SE,,,2.52,1.732316
202405.0,2024-05-23,56501.0,WINDSOR H MARTINIQUE CE SE,Consumidor Especial,SUDESTE,2.52,1.705135
202405.0,2024-05-23,56501.0,WINDSOR H MARTINIQUE CE SE,Consumidor Especial,SUDESTE,2.52,1.705135
,2024-05-23,,WINDSOR H MARTINIQUE CE SE,,,2.52,1.705135
202405.0,2024-05-24,56501.0,WINDSOR H MARTINIQUE CE SE,Consumidor Especial,SUDESTE,2.52,1.680718
202405.0,2024-05-24,56501.0,WINDSOR H MARTINIQUE CE SE,Consumidor Especial,SUDESTE,2.52,1.680718
,2024-05-24,,WINDSOR H MARTINIQUE CE SE,,,2.52,1.680718
202405.0,2024-05-25,56501.0,WINDSOR H MARTINIQUE CE SE,Consumidor Especial,SUDESTE,2.52,1.57103
202405.0,2024-05-25,56501.0,WINDSOR H MARTINIQUE CE SE,Consumidor Especial,SUDESTE,2.52,1.57103
,2024-05-25,,WINDSOR H MARTINIQUE CE SE,,,2.52,1.57103
202405.0,2024-05-26,56501.0,WINDSOR H MARTINIQUE CE SE,Consumidor Especial,SUDESTE,2.52,1.359223
202405.0,2024-05-26,56501.0,WINDSOR H MARTINIQUE CE SE,Consumidor Especial,SUDESTE,2.52,1.359223
,2024-05-26,,WINDSOR H MARTINIQUE CE SE,,,2.52,1.359223
202405.0,2024-05-27,56501.0,WINDSOR H MARTINIQUE CE SE,Consumidor Especial,SUDESTE,2.52,1.265612
202405.0,2024-05-27,56501.0,WINDSOR H MARTINIQUE CE SE,Consumidor Especial,SUDESTE,2.52,1.265612
,2024-05-27,,WINDSOR H MARTINIQUE CE SE,,,2.52,1.265612
202405.0,2024-05-28,56501.0,WINDSOR H MARTINIQUE CE SE,Consumidor Especial,SUDESTE,2.52,1.338567
202405.0,2024-05-28,56501.0,WINDSOR H MARTINIQUE CE SE,Consumidor Especial,SUDESTE,2.52,1.338567
,2024-05-28,,WINDSOR H MARTINIQUE CE SE,,,2.52,1.338567
202405.0,2024-05-29,56501.0,WINDSOR H MARTINIQUE CE SE,Consumidor Especial,SUDESTE,2.52,1.229945
202405.0,2024-05-29,56501.0,WINDSOR H MARTINIQUE CE SE,Consumidor Especial,SUDESTE,2.52,1.229945
,2024-05-29,,WINDSOR H MARTINIQUE CE SE,,,2.52,1.229945
202405.0,2024-05-30,56501.0,WINDSOR H MARTINIQUE CE SE,Consumidor Especial,SUDESTE,2.52,1.233813
202405.0,2024-05-30,56501.0,WINDSOR H MARTINIQUE CE SE,Consumidor Especial,SUDESTE,2.52,1.233813
,2024-05-30,,WINDSOR H MARTINIQUE CE SE,,,2.52,1.233813
202405.0,2024-05-31,56501.0,WINDSOR H MARTINIQUE CE SE,Consumidor Especial,SUDESTE,2.52,1.419923
202405.0,2024-05-31,56501.0,WINDSOR H MARTINIQUE CE SE,Consumidor Especial,SUDESTE,2.52,1.419923
,2024-05-31,,WINDSOR H MARTINIQUE CE SE,,,2.52,1.419923
202406.0,2024-06-01,56501.0,WINDSOR H MARTINIQUE CE SE,Consumidor Especial,SUDESTE,2.52,1.474695
202406.0,2024-06-01,56501.0,WINDSOR H MARTINIQUE CE SE,Consumidor Especial,SUDESTE,2.52,1.474695
,2024-06-01,,WINDSOR H MARTINIQUE CE SE,,,2.52,1.474695
202406.0,2024-06-02,56501.0,WINDSOR H MARTINIQUE CE SE,Consumidor Especial,SUDESTE,2.52,1.459237
202406.0,2024-06-02,56501.0,WINDSOR H MARTINIQUE CE SE,Consumidor Especial,SUDESTE,2.52,1.459237
,2024-06-02,,WINDSOR H MARTINIQUE CE SE,,,2.52,1.459237
202406.0,2024-06-03,56501.0,WINDSOR H MARTINIQUE CE SE,Consumidor Especial,SUDESTE,2.52,1.472392
202406.0,2024-06-03,56501.0,WINDSOR H MARTINIQUE CE SE,Consumidor Especial,SUDESTE,2.52,1.472392
,2024-06-03,,WINDSOR H MARTINIQUE CE SE,,,2.52,1.472392
202406.0,2024-06-04,56501.0,WINDSOR H MARTINIQUE CE SE,Consumidor Especial,SUDESTE,2.52,1.363745
202406.0,2024-06-04,56501.0,WINDSOR H MARTINIQUE CE SE,Consumidor Especial,SUDESTE,2.52,1.363745
,2024-06-04,,WINDSOR H MARTINIQUE CE SE,,,2.52,1.363745
202406.0,2024-06-05,56501.0,WINDSOR H MARTINIQUE CE SE,Consumidor Especial,SUDESTE,2.52,1.26399
202406.0,2024-06-05,56501.0,WINDSOR H MARTINIQUE CE SE,Consumidor Especial,SUDESTE,2.52,1.26399
,2024-06-05,,WINDSOR H MARTINIQUE CE SE,,,2.52,1.26399
202406.0,2024-06-06,56501.0,WINDSOR H MARTINIQUE CE SE,Consumidor Especial,SUDESTE,2.52,1.29053
202406.0,2024-06-06,56501.0,WINDSOR H MARTINIQUE CE SE,Consumidor Especial,SUDESTE,2.52,1.29053
,2024-06-06,,WINDSOR H MARTINIQUE CE SE,,,2.52,1.29053
202406.0,2024-06-07,56501.0,WINDSOR H MARTINIQUE CE SE,Consumidor Especial,SUDESTE,2.52,1.368381
202406.0,2024-06-07,56501.0,WINDSOR H MARTINIQUE CE SE,Consumidor Especial,SUDESTE,2.52,1.368381
,2024-06-07,,WINDSOR H MARTINIQUE CE SE,,,2.52,1.368381
202406.0,2024-06-08,56501.0,WINDSOR H MARTINIQUE CE SE,Consumidor Especial,SUDESTE,2.52,1.418421
202406.0,2024-06-08,56501.0,WINDSOR H MARTINIQUE CE SE,Consumidor Especial,SUDESTE,2.52,1.418421
,2024-06-08,,WINDSOR H MARTINIQUE CE SE,,,2.52,1.418421
202406.0,2024-06-09,56501.0,WINDSOR H MARTINIQUE CE SE,Consumidor Especial,SUDESTE,2.52,1.364491
202406.0,2024-06-09,56501.0,WINDSOR H MARTINIQUE CE SE,Consumidor Especial,SUDESTE,2.52,1.364491
,2024-06-09,,WINDSOR H MARTINIQUE CE SE,,,2.52,1.364491
202406.0,2024-06-10,56501.0,WINDSOR H MARTINIQUE CE SE,Consumidor Especial,SUDESTE,2.52,1.320683
202406.0,2024-06-10,56501.0,WINDSOR H MARTINIQUE CE SE,Consumidor Especial,SUDESTE,2.52,1.320683
,2024-06-10,,WINDSOR H MARTINIQUE CE SE,,,2.52,1.320683
202406.0,2024-06-11,56501.0,WINDSOR H MARTINIQUE CE SE,Consumidor Especial,SUDESTE,2.52,1.415645
202406.0,2024-06-11,56501.0,WINDSOR H MARTINIQUE CE SE,Consumidor Especial,SUDESTE,2.52,1.415645
,2024-06-11,,WINDSOR H MARTINIQUE CE SE,,,2.52,1.415645
202406.0,2024-06-12,56501.0,WINDSOR H MARTINIQUE CE SE,Consumidor Especial,SUDESTE,2.52,1.504721
202406.0,2024-06-12,56501.0,WINDSOR H MARTINIQUE CE SE,Consumidor Especial,SUDESTE,2.52,1.504721
,2024-06-12,,WINDSOR H MARTINIQUE CE SE,,,2.52,1.504721
202406.0,2024-06-13,56501.0,WINDSOR H MARTINIQUE CE SE,Consumidor Especial,SUDESTE,2.52,1.542628
202406.0,2024-06-13,56501.0,WINDSOR H MARTINIQUE CE SE,Consumidor Especial,SUDESTE,2.52,1.542628
,2024-06-13,,WINDSOR H MARTINIQUE CE SE,,,2.52,1.542628
202406.0,2024-06-14,56501.0,WINDSOR H MARTINIQUE CE SE,Consumidor Especial,SUDESTE,2.52,1.653804
202406.0,2024-06-14,56501.0,WINDSOR H MARTINIQUE CE SE,Consumidor Especial,SUDESTE,2.52,1.653804
,2024-06-14,,WINDSOR H MARTINIQUE CE SE,,,2.52,1.653804
202406.0,2024-06-15,56501.0,WINDSOR H MARTINIQUE CE SE,Consumidor Especial,SUDESTE,2.52,1.623752
202406.0,2024-06-15,56501.0,WINDSOR H MARTINIQUE CE SE,Consumidor Especial,SUDESTE,2.52,1.623752
,2024-06-15,,WINDSOR H MARTINIQUE CE SE,,,2.52,1.623752
202406.0,2024-06-16,56501.0,WINDSOR H MARTINIQUE CE SE,Consumidor Especial,SUDESTE,2.52,1.655813
202406.0,2024-06-16,56501.0,WINDSOR H MARTINIQUE CE SE,Consumidor Especial,SUDESTE,2.52,1.655813
,2024-06-16,,WINDSOR H MARTINIQUE CE SE,,,2.52,1.655813
202406.0,2024-06-17,56501.0,WINDSOR H MARTINIQUE CE SE,Consumidor Especial,SUDESTE,2.52,1.445506
202406.0,2024-06-17,56501.0,WINDSOR H MARTINIQUE CE SE,Consumidor Especial,SUDESTE,2.52,1.445506
,2024-06-17,,WINDSOR H MARTINIQUE CE SE,,,2.52,1.445506
202406.0,2024-06-18,56501.0,WINDSOR H MARTINIQUE CE SE,Consumidor Especial,SUDESTE,2.52,1.354962
202406.0,2024-06-18,56501.0,WINDSOR H MARTINIQUE CE SE,Consumidor Especial,SUDESTE,2.52,1.354962
,2024-06-18,,WINDSOR H MARTINIQUE CE SE,,,2.52,1.354962
202406.0,2024-06-19,56501.0,WINDSOR H MARTINIQUE CE SE,Consumidor Especial,SUDESTE,2.52,1.518416
202406.0,2024-06-19,56501.0,WINDSOR H MARTINIQUE CE SE,Consumidor Especial,SUDESTE,2.52,1.518416
,2024-06-19,,WINDSOR H MARTINIQUE CE SE,,,2.52,1.518416
202406.0,2024-06-20,56501.0,WINDSOR H MARTINIQUE CE SE,Consumidor Especial,SUDESTE,2.52,1.657946
202406.0,2024-06-20,56501.0,WINDSOR H MARTINIQUE CE SE,Consumidor Especial,SUDESTE,2.52,1.657946
,2024-06-20,,WINDSOR H MARTINIQUE CE SE,,,2.52,1.657946
202406.0,2024-06-21,56501.0,WINDSOR H MARTINIQUE CE SE,Consumidor Especial,SUDESTE,2.52,1.621443
202406.0,2024-06-21,56501.0,WINDSOR H MARTINIQUE CE SE,Consumidor Especial,SUDESTE,2.52,1.621443
,2024-06-21,,WINDSOR H MARTINIQUE CE SE,,,2.52,1.621443
202406.0,2024-06-22,56501.0,WINDSOR H MARTINIQUE CE SE,Consumidor Especial,SUDESTE,2.52,1.693225
202406.0,2024-06-22,56501.0,WINDSOR H MARTINIQUE CE SE,Consumidor Especial,SUDESTE,2.52,1.693225
,2024-06-22,,WINDSOR H MARTINIQUE CE SE,,,2.52,1.693225
202406.0,2024-06-23,56501.0,WINDSOR H MARTINIQUE CE SE,Consumidor Especial,SUDESTE,2.52,1.73314
202406.0,2024-06-23,56501.0,WINDSOR H MARTINIQUE CE SE,Consumidor Especial,SUDESTE,2.52,1.73314
,2024-06-23,,WINDSOR H MARTINIQUE CE SE,,,2.52,1.73314
202406.0,2024-06-24,56501.0,WINDSOR H MARTINIQUE CE SE,Consumidor Especial,SUDESTE,2.52,1.638647
202406.0,2024-06-24,56501.0,WINDSOR H MARTINIQUE CE SE,Consumidor Especial,SUDESTE,2.52,1.638647
,2024-06-24,,WINDSOR H MARTINIQUE CE SE,,,2.52,1.638647
202406.0,2024-06-25,56501.0,WINDSOR H MARTINIQUE CE SE,Consumidor Especial,SUDESTE,2.52,1.689318
202406.0,2024-06-25,56501.0,WINDSOR H MARTINIQUE CE SE,Consumidor Especial,SUDESTE,2.52,1.689318
,2024-06-25,,WINDSOR H MARTINIQUE CE SE,,,2.52,1.689318
202406.0,2024-06-26,56501.0,WINDSOR H MARTINIQUE CE SE,Consumidor Especial,SUDESTE,2.52,1.594874
202406.0,2024-06-26,56501.0,WINDSOR H MARTINIQUE CE SE,Consumidor Especial,SUDESTE,2.52,1.594874
,2024-06-26,,WINDSOR H MARTINIQUE CE SE,,,2.52,1.594874
202406.0,2024-06-27,56501.0,WINDSOR H MARTINIQUE CE SE,Consumidor Especial,SUDESTE,2.52,1.557774
202406.0,2024-06-27,56501.0,WINDSOR H MARTINIQUE CE SE,Consumidor Especial,SUDESTE,2.52,1.557774
,2024-06-27,,WINDSOR H MARTINIQUE CE SE,,,2.52,1.557774
202406.0,2024-06-28,56501.0,WINDSOR H MARTINIQUE CE SE,Consumidor Especial,SUDESTE,2.52,1.708997
202406.0,2024-06-28,56501.0,WINDSOR H MARTINIQUE CE SE,Consumidor Especial,SUDESTE,2.52,1.708997
,2024-06-28,,WINDSOR H MARTINIQUE CE SE,,,2.52,1.708997
202406.0,2024-06-29,56501.0,WINDSOR H MARTINIQUE CE SE,Consumidor Especial,SUDESTE,2.52,1.80686
202406.0,2024-06-29,56501.0,WINDSOR H MARTINIQUE CE SE,Consumidor Especial,SUDESTE,2.52,1.80686
,2024-06-29,,WINDSOR H MARTINIQUE CE SE,,,2.52,1.80686
202406.0,2024-06-30,56501.0,WINDSOR H MARTINIQUE CE SE,Consumidor Especial,SUDESTE,2.52,1.387527
202406.0,2024-06-30,56501.0,WINDSOR H MARTINIQUE CE SE,Consumidor Especial,SUDESTE,2.52,1.387527
,2024-06-30,,WINDSOR H MARTINIQUE CE SE,,,2.52,1.387527
202407.0,2024-07-01,56501.0,WINDSOR H MARTINIQUE CE SE,Consumidor Especial,SUDESTE,2.52,1.212103
202407.0,2024-07-01,56501.0,WINDSOR H MARTINIQUE CE SE,Consumidor Especial,SUDESTE,2.52,1.212103
,2024-07-01,,WINDSOR H MARTINIQUE CE SE,,,2.52,1.212103
202407.0,2024-07-02,56501.0,WINDSOR H MARTINIQUE CE SE,Consumidor Especial,SUDESTE,2.52,1.178049
202407.0,2024-07-02,56501.0,WINDSOR H MARTINIQUE CE SE,Consumidor Especial,SUDESTE,2.52,1.178049
,2024-07-02,,WINDSOR H MARTINIQUE CE SE,,,2.52,1.178049
202407.0,2024-07-03,56501.0,WINDSOR H MARTINIQUE CE SE,Consumidor Especial,SUDESTE,2.52,1.222272
202407.0,2024-07-03,56501.0,WINDSOR H MARTINIQUE CE SE,Consumidor Especial,SUDESTE,2.52,1.222272
,2024-07-03,,WINDSOR H MARTINIQUE CE SE,,,2.52,1.222272
202407.0,2024-07-04,56501.0,WINDSOR H MARTINIQUE CE SE,Consumidor Especial,SUDESTE,2.52,1.349188
202407.0,2024-07-04,56501.0,WINDSOR H MARTINIQUE CE SE,Consumidor Especial,SUDESTE,2.52,1.349188
,2024-07-04,,WINDSOR H MARTINIQUE CE SE,,,2.52,1.349188
202407.0,2024-07-05,56501.0,WINDSOR H MARTINIQUE CE SE,Consumidor Especial,SUDESTE,2.52,1.395358
202407.0,2024-07-05,56501.0,WINDSOR H MARTINIQUE CE SE,Consumidor Especial,SUDESTE,2.52,1.395358
,2024-07-05,,WINDSOR H MARTINIQUE CE SE,,,2.52,1.395358
202407.0,2024-07-06,56501.0,WINDSOR H MARTINIQUE CE SE,Consumidor Especial,SUDESTE,2.52,1.486699
202407.0,2024-07-06,56501.0,WINDSOR H MARTINIQUE CE SE,Consumidor Especial,SUDESTE,2.52,1.486699
,2024-07-06,,WINDSOR H MARTINIQUE CE SE,,,2.52,1.486699
202407.0,2024-07-07,56501.0,WINDSOR H MARTINIQUE CE SE,Consumidor Especial,SUDESTE,2.52,1.49068
202407.0,2024-07-07,56501.0,WINDSOR H MARTINIQUE CE SE,Consumidor Especial,SUDESTE,2.52,1.49068
,2024-07-07,,WINDSOR H MARTINIQUE CE SE,,,2.52,1.49068
202407.0,2024-07-08,56501.0,WINDSOR H MARTINIQUE CE SE,Consumidor Especial,SUDESTE,2.52,1.450209
202407.0,2024-07-08,56501.0,WINDSOR H MARTINIQUE CE SE,Consumidor Especial,SUDESTE,2.52,1.450209
,2024-07-08,,WINDSOR H MARTINIQUE CE SE,,,2.52,1.450209
202407.0,2024-07-09,56501.0,WINDSOR H MARTINIQUE CE SE,Consumidor Especial,SUDESTE,2.52,1.327035
202407.0,2024-07-09,56501.0,WINDSOR H MARTINIQUE CE SE,Consumidor Especial,SUDESTE,2.52,1.327035
,2024-07-09,,WINDSOR H MARTINIQUE CE SE,,,2.52,1.327035
202407.0,2024-07-10,56501.0,WINDSOR H MARTINIQUE CE SE,Consumidor Especial,SUDESTE,2.52,1.33294
202407.0,2024-07-10,56501.0,WINDSOR H MARTINIQUE CE SE,Consumidor Especial,SUDESTE,2.52,1.33294
,2024-07-10,,WINDSOR H MARTINIQUE CE SE,,,2.52,1.33294
202407.0,2024-07-11,56501.0,WINDSOR H MARTINIQUE CE SE,Consumidor Especial,SUDESTE,2.52,1.326975
202407.0,2024-07-11,56501.0,WINDSOR H MARTINIQUE CE SE,Consumidor Especial,SUDESTE,2.52,1.326975
,2024-07-11,,WINDSOR H MARTINIQUE CE SE,,,2.52,1.326975
202407.0,2024-07-12,56501.0,WINDSOR H MARTINIQUE CE SE,Consumidor Especial,SUDESTE,2.52,1.375878
202407.0,2024-07-12,56501.0,WINDSOR H MARTINIQUE CE SE,Consumidor Especial,SUDESTE,2.52,1.375878
,2024-07-12,,WINDSOR H MARTINIQUE CE SE,,,2.52,1.375878
202407.0,2024-07-13,56501.0,WINDSOR H MARTINIQUE CE SE,Consumidor Especial,SUDESTE,2.52,1.385147
202407.0,2024-07-13,56501.0,WINDSOR H MARTINIQUE CE SE,Consumidor Especial,SUDESTE,2.52,1.385147
,2024-07-13,,WINDSOR H MARTINIQUE CE SE,,,2.52,1.385147
202407.0,2024-07-14,56501.0,WINDSOR H MARTINIQUE CE SE,Consumidor Especial,SUDESTE,2.52,1.380742
202407.0,2024-07-14,56501.0,WINDSOR H MARTINIQUE CE SE,Consumidor Especial,SUDESTE,2.52,1.380742
,2024-07-14,,WINDSOR H MARTINIQUE CE SE,,,2.52,1.380742
202407.0,2024-07-15,56501.0,WINDSOR H MARTINIQUE CE SE,Consumidor Especial,SUDESTE,2.52,1.386939
202407.0,2024-07-15,56501.0,WINDSOR H MARTINIQUE CE SE,Consumidor Especial,SUDESTE,2.52,1.386939
,2024-07-15,,WINDSOR H MARTINIQUE CE SE,,,2.52,1.386939
202407.0,2024-07-16,56501.0,WINDSOR H MARTINIQUE CE SE,Consumidor Especial,SUDESTE,2.52,1.325239
202407.0,2024-07-16,56501.0,WINDSOR H MARTINIQUE CE SE,Consumidor Especial,SUDESTE,2.52,1.325239
,2024-07-16,,WINDSOR H MARTINIQUE CE SE,,,2.52,1.325239
202407.0,2024-07-17,56501.0,WINDSOR H MARTINIQUE CE SE,Consumidor Especial,SUDESTE,2.52,1.356918
202407.0,2024-07-17,56501.0,WINDSOR H MARTINIQUE CE SE,Consumidor Especial,SUDESTE,2.52,1.356918
,2024-07-17,,WINDSOR H MARTINIQUE CE SE,,,2.52,1.356918
202407.0,2024-07-18,56501.0,WINDSOR H MARTINIQUE CE SE,Consumidor Especial,SUDESTE,2.52,1.367621
202407.0,2024-07-18,56501.0,WINDSOR H MARTINIQUE CE SE,Consumidor Especial,SUDESTE,2.52,1.367621
,2024-07-18,,WINDSOR H MARTINIQUE CE SE,,,2.52,1.367621
202407.0,2024-07-19,56501.0,WINDSOR H MARTINIQUE CE SE,Consumidor Especial,SUDESTE,2.52,1.397338
202407.0,2024-07-19,56501.0,WINDSOR H MARTINIQUE CE SE,Consumidor Especial,SUDESTE,2.52,1.397338
,2024-07-19,,WINDSOR H MARTINIQUE CE SE,,,2.52,1.397338
202407.0,2024-07-20,56501.0,WINDSOR H MARTINIQUE CE SE,Consumidor Especial,SUDESTE,2.52,1.447196
202407.0,2024-07-20,56501.0,WINDSOR H MARTINIQUE CE SE,Consumidor Especial,SUDESTE,2.52,1.447196
,2024-07-20,,WINDSOR H MARTINIQUE CE SE,,,2.52,1.447196
202407.0,2024-07-21,56501.0,WINDSOR H MARTINIQUE CE SE,Consumidor Especial,SUDESTE,2.52,1.438452
202407.0,2024-07-21,56501.0,WINDSOR H MARTINIQUE CE SE,Consumidor Especial,SUDESTE,2.52,1.438452
,2024-07-21,,WINDSOR H MARTINIQUE CE SE,,,2.52,1.438452
202407.0,2024-07-22,56501.0,WINDSOR H MARTINIQUE CE SE,Consumidor Especial,SUDESTE,2.52,1.392833
202407.0,2024-07-22,56501.0,WINDSOR H MARTINIQUE CE SE,Consumidor Especial,SUDESTE,2.52,1.392833
,2024-07-22,,WINDSOR H MARTINIQUE CE SE,,,2.52,1.392833
202407.0,2024-07-23,56501.0,WINDSOR H MARTINIQUE CE SE,Consumidor Especial,SUDESTE,2.52,1.348274
202407.0,2024-07-23,56501.0,WINDSOR H MARTINIQUE CE SE,Consumidor Especial,SUDESTE,2.52,1.348274
,2024-07-23,,WINDSOR H MARTINIQUE CE SE,,,2.52,1.348274
202407.0,2024-07-24,56501.0,WINDSOR H MARTINIQUE CE SE,Consumidor Especial,SUDESTE,2.52,1.33389
202407.0,2024-07-24,56501.0,WINDSOR H MARTINIQUE CE SE,Consumidor Especial,SUDESTE,2.52,1.33389
,2024-07-24,,WINDSOR H MARTINIQUE CE SE,,,2.52,1.33389
202407.0,2024-07-25,56501.0,WINDSOR H MARTINIQUE CE SE,Consumidor Especial,SUDESTE,2.52,1.325981
202407.0,2024-07-25,56501.0,WINDSOR H MARTINIQUE CE SE,Consumidor Especial,SUDESTE,2.52,1.325981
,2024-07-25,,WINDSOR H MARTINIQUE CE SE,,,2.52,1.325981
202407.0,2024-07-26,56501.0,WINDSOR H MARTINIQUE CE SE,Consumidor Especial,SUDESTE,2.52,1.504913
202407.0,2024-07-26,56501.0,WINDSOR H MARTINIQUE CE SE,Consumidor Especial,SUDESTE,2.52,1.504913
,2024-07-26,,WINDSOR H MARTINIQUE CE SE,,,2.52,1.504913
202407.0,2024-07-27,56501.0,WINDSOR H MARTINIQUE CE SE,Consumidor Especial,SUDESTE,2.52,1.507821
202407.0,2024-07-27,56501.0,WINDSOR H MARTINIQUE CE SE,Consumidor Especial,SUDESTE,2.52,1.507821
,2024-07-27,,WINDSOR H MARTINIQUE CE SE,,,2.52,1.507821
202407.0,2024-07-28,56501.0,WINDSOR H MARTINIQUE CE SE,Consumidor Especial,SUDESTE,2.52,1.551646
202407.0,2024-07-28,56501.0,WINDSOR H MARTINIQUE CE SE,Consumidor Especial,SUDESTE,2.52,1.551646
,2024-07-28,,WINDSOR H MARTINIQUE CE SE,,,2.52,1.551646
202407.0,2024-07-29,56501.0,WINDSOR H MARTINIQUE CE SE,Consumidor Especial,SUDESTE,2.52,1.363774
202407.0,2024-07-29,56501.0,WINDSOR H MARTINIQUE CE SE,Consumidor Especial,SUDESTE,2.52,1.363774
,2024-07-29,,WINDSOR H MARTINIQUE CE SE,,,2.52,1.363774
202407.0,2024-07-30,56501.0,WINDSOR H MARTINIQUE CE SE,Consumidor Especial,SUDESTE,2.52,1.276439
202407.0,2024-07-30,56501.0,WINDSOR H MARTINIQUE CE SE,Consumidor Especial,SUDESTE,2.52,1.276439
,2024-07-30,,WINDSOR H MARTINIQUE CE SE,,,2.52,1.276439
202407.0,2024-07-31,56501.0,WINDSOR H MARTINIQUE CE SE,Consumidor Especial,SUDESTE,2.52,1.198004
202407.0,2024-07-31,56501.0,WINDSOR H MARTINIQUE CE SE,Consumidor Especial,SUDESTE,2.52,1.198004
,2024-07-31,,WINDSOR H MARTINIQUE CE SE,,,2.52,1.198004
202408.0,2024-08-01,56501.0,WINDSOR H MARTINIQUE CE SE,Consumidor Especial,SUDESTE,2.52,1.217235
202408.0,2024-08-01,56501.0,WINDSOR H MARTINIQUE CE SE,Consumidor Especial,SUDESTE,2.52,1.217235
,2024-08-01,,WINDSOR H MARTINIQUE CE SE,,,2.52,1.217235
202408.0,2024-08-02,56501.0,WINDSOR H MARTINIQUE CE SE,Consumidor Especial,SUDESTE,2.52,1.276866
202408.0,2024-08-02,56501.0,WINDSOR H MARTINIQUE CE SE,Consumidor Especial,SUDESTE,2.52,1.276866
,2024-08-02,,WINDSOR H MARTINIQUE CE SE,,,2.52,1.276866
202408.0,2024-08-03,56501.0,WINDSOR H MARTINIQUE CE SE,Consumidor Especial,SUDESTE,2.52,1.35673
202408.0,2024-08-03,56501.0,WINDSOR H MARTINIQUE CE SE,Consumidor Especial,SUDESTE,2.52,1.35673
,2024-08-03,,WINDSOR H MARTINIQUE CE SE,,,2.52,1.35673
202408.0,2024-08-04,56501.0,WINDSOR H MARTINIQUE CE SE,Consumidor Especial,SUDESTE,2.52,1.464279
202408.0,2024-08-04,56501.0,WINDSOR H MARTINIQUE CE SE,Consumidor Especial,SUDESTE,2.52,1.464279
,2024-08-04,,WINDSOR H MARTINIQUE CE SE,,,2.52,1.464279
202408.0,2024-08-05,56501.0,WINDSOR H MARTINIQUE CE SE,Consumidor Especial,SUDESTE,2.52,1.421819
202408.0,2024-08-05,56501.0,WINDSOR H MARTINIQUE CE SE,Consumidor Especial,SUDESTE,2.52,1.421819
,2024-08-05,,WINDSOR H MARTINIQUE CE SE,,,2.52,1.421819
202408.0,2024-08-06,56501.0,WINDSOR H MARTINIQUE CE SE,Consumidor Especial,SUDESTE,2.52,1.502819
202408.0,2024-08-06,56501.0,WINDSOR H MARTINIQUE CE SE,Consumidor Especial,SUDESTE,2.52,1.502819
,2024-08-06,,WINDSOR H MARTINIQUE CE SE,,,2.52,1.502819
202408.0,2024-08-07,56501.0,WINDSOR H MARTINIQUE CE SE,Consumidor Especial,SUDESTE,2.52,1.624698
202408.0,2024-08-07,56501.0,WINDSOR H MARTINIQUE CE SE,Consumidor Especial,SUDESTE,2.52,1.624698
,2024-08-07,,WINDSOR H MARTINIQUE CE SE,,,2.52,1.624698
202408.0,2024-08-08,56501.0,WINDSOR H MARTINIQUE CE SE,Consumidor Especial,SUDESTE,2.52,1.686429
202408.0,2024-08-08,56501.0,WINDSOR H MARTINIQUE CE SE,Consumidor Especial,SUDESTE,2.52,1.686429
,2024-08-08,,WINDSOR H MARTINIQUE CE SE,,,2.52,1.686429
202408.0,2024-08-09,56501.0,WINDSOR H MARTINIQUE CE SE,Consumidor Especial,SUDESTE,2.52,1.726318
202408.0,2024-08-09,56501.0,WINDSOR H MARTINIQUE CE SE,Consumidor Especial,SUDESTE,2.52,1.726318
,2024-08-09,,WINDSOR H MARTINIQUE CE SE,,,2.52,1.726318
202408.0,2024-08-10,56501.0,WINDSOR H MARTINIQUE CE SE,Consumidor Especial,SUDESTE,2.52,1.367306
202408.0,2024-08-10,56501.0,WINDSOR H MARTINIQUE CE SE,Consumidor Especial,SUDESTE,2.52,1.367306
,2024-08-10,,WINDSOR H MARTINIQUE CE SE,,,2.52,1.367306
202408.0,2024-08-11,56501.0,WINDSOR H MARTINIQUE CE SE,Consumidor Especial,SUDESTE,2.52,1.109054
202408.0,2024-08-11,56501.0,WINDSOR H MARTINIQUE CE SE,Consumidor Especial,SUDESTE,2.52,1.109054
,2024-08-11,,WINDSOR H MARTINIQUE CE SE,,,2.52,1.109054
202408.0,2024-08-12,56501.0,WINDSOR H MARTINIQUE CE SE,Consumidor Especial,SUDESTE,2.52,1.122307
202408.0,2024-08-12,56501.0,WINDSOR H MARTINIQUE CE SE,Consumidor Especial,SUDESTE,2.52,1.122307
,2024-08-12,,WINDSOR H MARTINIQUE CE SE,,,2.52,1.122307
202408.0,2024-08-13,56501.0,WINDSOR H MARTINIQUE CE SE,Consumidor Especial,SUDESTE,2.52,1.019342
202408.0,2024-08-13,56501.0,WINDSOR H MARTINIQUE CE SE,Consumidor Especial,SUDESTE,2.52,1.019342
,2024-08-13,,WINDSOR H MARTINIQUE CE SE,,,2.52,1.019342
202408.0,2024-08-14,56501.0,WINDSOR H MARTINIQUE CE SE,Consumidor Especial,SUDESTE,2.52,1.113136
202408.0,2024-08-14,56501.0,WINDSOR H MARTINIQUE CE SE,Consumidor Especial,SUDESTE,2.52,1.113136
,2024-08-14,,WINDSOR H MARTINIQUE CE SE,,,2.52,1.113136
202408.0,2024-08-15,56501.0,WINDSOR H MARTINIQUE CE SE,Consumidor Especial,SUDESTE,2.52,1.245711
202408.0,2024-08-15,56501.0,WINDSOR H MARTINIQUE CE SE,Consumidor Especial,SUDESTE,2.52,1.245711
,2024-08-15,,WINDSOR H MARTINIQUE CE SE,,,2.52,1.245711
202408.0,2024-08-16,56501.0,WINDSOR H MARTINIQUE CE SE,Consumidor Especial,SUDESTE,2.52,1.359814
202408.0,2024-08-16,56501.0,WINDSOR H MARTINIQUE CE SE,Consumidor Especial,SUDESTE,2.52,1.359814
,2024-08-16,,WINDSOR H MARTINIQUE CE SE,,,2.52,1.359814
202408.0,2024-08-17,56501.0,WINDSOR H MARTINIQUE CE SE,Consumidor Especial,SUDESTE,2.52,1.434739
202408.0,2024-08-17,56501.0,WINDSOR H MARTINIQUE CE SE,Consumidor Especial,SUDESTE,2.52,1.434739
,2024-08-17,,WINDSOR H MARTINIQUE CE SE,,,2.52,1.434739
202408.0,2024-08-18,56501.0,WINDSOR H MARTINIQUE CE SE,Consumidor Especial,SUDESTE,2.52,1.487325
202408.0,2024-08-18,56501.0,WINDSOR H MARTINIQUE CE SE,Consumidor Especial,SUDESTE,2.52,1.487325
,2024-08-18,,WINDSOR H MARTINIQUE CE SE,,,2.52,1.487325
202408.0,2024-08-19,56501.0,WINDSOR H MARTINIQUE CE SE,Consumidor Especial,SUDESTE,2.52,1.545928
202408.0,2024-08-19,56501.0,WINDSOR H MARTINIQUE CE SE,Consumidor Especial,SUDESTE,2.52,1.545928
,2024-08-19,,WINDSOR H MARTINIQUE CE SE,,,2.52,1.545928
202408.0,2024-08-20,56501.0,WINDSOR H MARTINIQUE CE SE,Consumidor Especial,SUDESTE,2.52,1.49763
202408.0,2024-08-20,56501.0,WINDSOR H MARTINIQUE CE SE,Consumidor Especial,SUDESTE,2.52,1.49763
,2024-08-20,,WINDSOR H MARTINIQUE CE SE,,,2.52,1.49763
202408.0,2024-08-21,56501.0,WINDSOR H MARTINIQUE CE SE,Consumidor Especial,SUDESTE,2.52,1.449806
202408.0,2024-08-21,56501.0,WINDSOR H MARTINIQUE CE SE,Consumidor Especial,SUDESTE,2.52,1.449806
,2024-08-21,,WINDSOR H MARTINIQUE CE SE,,,2.52,1.449806
202408.0,2024-08-22,56501.0,WINDSOR H MARTINIQUE CE SE,Consumidor Especial,SUDESTE,2.52,1.494656
202408.0,2024-08-22,56501.0,WINDSOR H MARTINIQUE CE SE,Consumidor Especial,SUDESTE,2.52,1.494656
,2024-08-22,,WINDSOR H MARTINIQUE CE SE,,,2.52,1.494656
202408.0,2024-08-23,56501.0,WINDSOR H MARTINIQUE CE SE,Consumidor Especial,SUDESTE,2.52,1.726367
202408.0,2024-08-23,56501.0,WINDSOR H MARTINIQUE CE SE,Consumidor Especial,SUDESTE,2.52,1.726367
,2024-08-23,,WINDSOR H MARTINIQUE CE SE,,,2.52,1.726367
202408.0,2024-08-24,56501.0,WINDSOR H MARTINIQUE CE SE,Consumidor Especial,SUDESTE,2.52,1.745376
202408.0,2024-08-24,56501.0,WINDSOR H MARTINIQUE CE SE,Consumidor Especial,SUDESTE,2.52,1.745376
,2024-08-24,,WINDSOR H MARTINIQUE CE SE,,,2.52,1.745376
202408.0,2024-08-25,56501.0,WINDSOR H MARTINIQUE CE SE,Consumidor Especial,SUDESTE,2.52,1.424506
202408.0,2024-08-25,56501.0,WINDSOR H MARTINIQUE CE SE,Consumidor Especial,SUDESTE,2.52,1.424506
,2024-08-25,,WINDSOR H MARTINIQUE CE SE,,,2.52,1.424506
202408.0,2024-08-26,56501.0,WINDSOR H MARTINIQUE CE SE,Consumidor Especial,SUDESTE,2.52,1.10998
202408.0,2024-08-26,56501.0,WINDSOR H MARTINIQUE CE SE,Consumidor Especial,SUDESTE,2.52,1.10998
,2024-08-26,,WINDSOR H MARTINIQUE CE SE,,,2.52,1.10998
202408.0,2024-08-27,56501.0,WINDSOR H MARTINIQUE CE SE,Consumidor Especial,SUDESTE,2.52,1.068843
202408.0,2024-08-27,56501.0,WINDSOR H MARTINIQUE CE SE,Consumidor Especial,SUDESTE,2.52,1.068843
,2024-08-27,,WINDSOR H MARTINIQUE CE SE,,,2.52,1.068843
202408.0,2024-08-28,56501.0,WINDSOR H MARTINIQUE CE SE,Consumidor Especial,SUDESTE,2.52,1.114
202408.0,2024-08-28,56501.0,WINDSOR H MARTINIQUE CE SE,Consumidor Especial,SUDESTE,2.52,1.114
,2024-08-28,,WINDSOR H MARTINIQUE CE SE,,,2.52,1.114
202408.0,2024-08-29,56501.0,WINDSOR H MARTINIQUE CE SE,Consumidor Especial,SUDESTE,2.52,1.1724
202408.0,2024-08-29,56501.0,WINDSOR H MARTINIQUE CE SE,Consumidor Especial,SUDESTE,2.52,1.1724
,2024-08-29,,WINDSOR H MARTINIQUE CE SE,,,2.52,1.1724
202408.0,2024-08-30,56501.0,WINDSOR H MARTINIQUE CE SE,Consumidor Especial,SUDESTE,2.52,1.238822
202408.0,2024-08-30,56501.0,WINDSOR H MARTINIQUE CE SE,Consumidor Especial,SUDESTE,2.52,1.238822
,2024-08-30,,WINDSOR H MARTINIQUE CE SE,,,2.52,1.238822
202408.0,2024-08-31,56501.0,WINDSOR H MARTINIQUE CE SE,Consumidor Especial,SUDESTE,2.52,1.319203
202408.0,2024-08-31,56501.0,WINDSOR H MARTINIQUE CE SE,Consumidor Especial,SUDESTE,2.52,1.319203
,2024-08-31,,WINDSOR H MARTINIQUE CE SE,,,2.52,1.319203
202409.0,2024-09-01,56501.0,WINDSOR H MARTINIQUE CE SE,Consumidor Especial,SUDESTE,2.52,1.412151
202409.0,2024-09-01,56501.0,WINDSOR H MARTINIQUE CE SE,Consumidor Especial,SUDESTE,2.52,1.412151
,2024-09-01,,WINDSOR H MARTINIQUE CE SE,,,2.52,1.412151
202409.0,2024-09-02,56501.0,WINDSOR H MARTINIQUE CE SE,Consumidor Especial,SUDESTE,2.52,1.397872
202409.0,2024-09-02,56501.0,WINDSOR H MARTINIQUE CE SE,Consumidor Especial,SUDESTE,2.52,1.397872
,2024-09-02,,WINDSOR H MARTINIQUE CE SE,,,2.52,1.397872
202409.0,2024-09-03,56501.0,WINDSOR H MARTINIQUE CE SE,Consumidor Especial,SUDESTE,2.52,1.246869
202409.0,2024-09-03,56501.0,WINDSOR H MARTINIQUE CE SE,Consumidor Especial,SUDESTE,2.52,1.246869
,2024-09-03,,WINDSOR H MARTINIQUE CE SE,,,2.52,1.246869
202409.0,2024-09-04,56501.0,WINDSOR H MARTINIQUE CE SE,Consumidor Especial,SUDESTE,2.52,1.338484
202409.0,2024-09-04,56501.0,WINDSOR H MARTINIQUE CE SE,Consumidor Especial,SUDESTE,2.52,1.338484
,2024-09-04,,WINDSOR H MARTINIQUE CE SE,,,2.52,1.338484
202409.0,2024-09-05,56501.0,WINDSOR H MARTINIQUE CE SE,Consumidor Especial,SUDESTE,2.52,1.410628
202409.0,2024-09-05,56501.0,WINDSOR H MARTINIQUE CE SE,Consumidor Especial,SUDESTE,2.52,1.410628
,2024-09-05,,WINDSOR H MARTINIQUE CE SE,,,2.52,1.410628
202409.0,2024-09-06,56501.0,WINDSOR H MARTINIQUE CE SE,Consumidor Especial,SUDESTE,2.52,1.430171
202409.0,2024-09-06,56501.0,WINDSOR H MARTINIQUE CE SE,Consumidor Especial,SUDESTE,2.52,1.430171
,2024-09-06,,WINDSOR H MARTINIQUE CE SE,,,2.52,1.430171
202409.0,2024-09-07,56501.0,WINDSOR H MARTINIQUE CE SE,Consumidor Especial,SUDESTE,2.52,1.534225
202409.0,2024-09-07,56501.0,WINDSOR H MARTINIQUE CE SE,Consumidor Especial,SUDESTE,2.52,1.534225
,2024-09-07,,WINDSOR H MARTINIQUE CE SE,,,2.52,1.534225
202409.0,2024-09-08,56501.0,WINDSOR H MARTINIQUE CE SE,Consumidor Especial,SUDESTE,2.52,1.492688
202409.0,2024-09-08,56501.0,WINDSOR H MARTINIQUE CE SE,Consumidor Especial,SUDESTE,2.52,1.492688
,2024-09-08,,WINDSOR H MARTINIQUE CE SE,,,2.52,1.492688
202409.0,2024-09-09,56501.0,WINDSOR H MARTINIQUE CE SE,Consumidor Especial,SUDESTE,2.52,1.501988
202409.0,2024-09-09,56501.0,WINDSOR H MARTINIQUE CE SE,Consumidor Especial,SUDESTE,2.52,1.501988
,2024-09-09,,WINDSOR H MARTINIQUE CE SE,,,2.52,1.501988
202409.0,2024-09-10,56501.0,WINDSOR H MARTINIQUE CE SE,Consumidor Especial,SUDESTE,2.52,1.452381
202409.0,2024-09-10,56501.0,WINDSOR H MARTINIQUE CE SE,Consumidor Especial,SUDESTE,2.52,1.452381
,2024-09-10,,WINDSOR H MARTINIQUE CE SE,,,2.52,1.452381
202409.0,2024-09-11,56501.0,WINDSOR H MARTINIQUE CE SE,Consumidor Especial,SUDESTE,2.52,1.63474
202409.0,2024-09-11,56501.0,WINDSOR H MARTINIQUE CE SE,Consumidor Especial,SUDESTE,2.52,1.63474
,2024-09-11,,WINDSOR H MARTINIQUE CE SE,,,2.52,1.63474
202409.0,2024-09-12,56501.0,WINDSOR H MARTINIQUE CE SE,Consumidor Especial,SUDESTE,2.52,1.792815
202409.0,2024-09-12,56501.0,WINDSOR H MARTINIQUE CE SE,Consumidor Especial,SUDESTE,2.52,1.792815
,2024-09-12,,WINDSOR H MARTINIQUE CE SE,,,2.52,1.792815
202409.0,2024-09-13,56501.0,WINDSOR H MARTINIQUE CE SE,Consumidor Especial,SUDESTE,2.52,1.795926
202409.0,2024-09-13,56501.0,WINDSOR H MARTINIQUE CE SE,Consumidor Especial,SUDESTE,2.52,1.795926
,2024-09-13,,WINDSOR H MARTINIQUE CE SE,,,2.52,1.795926
202409.0,2024-09-14,56501.0,WINDSOR H MARTINIQUE CE SE,Consumidor Especial,SUDESTE,2.52,1.834933
202409.0,2024-09-14,56501.0,WINDSOR H MARTINIQUE CE SE,Consumidor Especial,SUDESTE,2.52,1.834933
,2024-09-14,,WINDSOR H MARTINIQUE CE SE,,,2.52,1.834933
202409.0,2024-09-15,56501.0,WINDSOR H MARTINIQUE CE SE,Consumidor Especial,SUDESTE,2.52,1.716899
202409.0,2024-09-15,56501.0,WINDSOR H MARTINIQUE CE SE,Consumidor Especial,SUDESTE,2.52,1.716899
,2024-09-15,,WINDSOR H MARTINIQUE CE SE,,,2.52,1.716899
202409.0,2024-09-16,56501.0,WINDSOR H MARTINIQUE CE SE,Consumidor Especial,SUDESTE,2.52,1.575551
202409.0,2024-09-16,56501.0,WINDSOR H MARTINIQUE CE SE,Consumidor Especial,SUDESTE,2.52,1.575551
,2024-09-16,,WINDSOR H MARTINIQUE CE SE,,,2.52,1.575551
202409.0,2024-09-17,56501.0,WINDSOR H MARTINIQUE CE SE,Consumidor Especial,SUDESTE,2.52,1.323599
202409.0,2024-09-17,56501.0,WINDSOR H MARTINIQUE CE SE,Consumidor Especial,SUDESTE,2.52,1.323599
,2024-09-17,,WINDSOR H MARTINIQUE CE SE,,,2.52,1.323599
202409.0,2024-09-18,56501.0,WINDSOR H MARTINIQUE CE SE,Consumidor Especial,SUDESTE,2.52,1.386273
202409.0,2024-09-18,56501.0,WINDSOR H MARTINIQUE CE SE,Consumidor Especial,SUDESTE,2.52,1.386273
,2024-09-18,,WINDSOR H MARTINIQUE CE SE,,,2.52,1.386273
202409.0,2024-09-19,56501.0,WINDSOR H MARTINIQUE CE SE,Consumidor Especial,SUDESTE,2.52,1.477656
202409.0,2024-09-19,56501.0,WINDSOR H MARTINIQUE CE SE,Consumidor Especial,SUDESTE,2.52,1.477656
,2024-09-19,,WINDSOR H MARTINIQUE CE SE,,,2.52,1.477656
202409.0,2024-09-20,56501.0,WINDSOR H MARTINIQUE CE SE,Consumidor Especial,SUDESTE,2.52,1.606313
202409.0,2024-09-20,56501.0,WINDSOR H MARTINIQUE CE SE,Consumidor Especial,SUDESTE,2.52,1.606313
,2024-09-20,,WINDSOR H MARTINIQUE CE SE,,,2.52,1.606313
202409.0,2024-09-21,56501.0,WINDSOR H MARTINIQUE CE SE,Consumidor Especial,SUDESTE,2.52,1.678554
202409.0,2024-09-21,56501.0,WINDSOR H MARTINIQUE CE SE,Consumidor Especial,SUDESTE,2.52,1.678554
,2024-09-21,,WINDSOR H MARTINIQUE CE SE,,,2.52,1.678554
202409.0,2024-09-22,56501.0,WINDSOR H MARTINIQUE CE SE,Consumidor Especial,SUDESTE,2.52,1.687208
202409.0,2024-09-22,56501.0,WINDSOR H MARTINIQUE CE SE,Consumidor Especial,SUDESTE,2.52,1.687208
,2024-09-22,,WINDSOR H MARTINIQUE CE SE,,,2.52,1.687208
202409.0,2024-09-23,56501.0,WINDSOR H MARTINIQUE CE SE,Consumidor Especial,SUDESTE,2.52,1.656937
202409.0,2024-09-23,56501.0,WINDSOR H MARTINIQUE CE SE,Consumidor Especial,SUDESTE,2.52,1.656937
,2024-09-23,,WINDSOR H MARTINIQUE CE SE,,,2.52,1.656937
202409.0,2024-09-24,56501.0,WINDSOR H MARTINIQUE CE SE,Consumidor Especial,SUDESTE,2.52,1.644315
202409.0,2024-09-24,56501.0,WINDSOR H MARTINIQUE CE SE,Consumidor Especial,SUDESTE,2.52,1.644315
,2024-09-24,,WINDSOR H MARTINIQUE CE SE,,,2.52,1.644315
202409.0,2024-09-25,56501.0,WINDSOR H MARTINIQUE CE SE,Consumidor Especial,SUDESTE,2.52,1.711984
202409.0,2024-09-25,56501.0,WINDSOR H MARTINIQUE CE SE,Consumidor Especial,SUDESTE,2.52,1.711984
,2024-09-25,,WINDSOR H MARTINIQUE CE SE,,,2.52,1.711984
202409.0,2024-09-26,56501.0,WINDSOR H MARTINIQUE CE SE,Consumidor Especial,SUDESTE,2.52,1.727149
202409.0,2024-09-26,56501.0,WINDSOR H MARTINIQUE CE SE,Consumidor Especial,SUDESTE,2.52,1.727149
,2024-09-26,,WINDSOR H MARTINIQUE CE SE,,,2.52,1.727149
202409.0,2024-09-27,56501.0,WINDSOR H MARTINIQUE CE SE,Consumidor Especial,SUDESTE,2.52,1.72563
202409.0,2024-09-27,56501.0,WINDSOR H MARTINIQUE CE SE,Consumidor Especial,SUDESTE,2.52,1.72563
,2024-09-27,,WINDSOR H MARTINIQUE CE SE,,,2.52,1.72563
202409.0,2024-09-28,56501.0,WINDSOR H MARTINIQUE CE SE,Consumidor Especial,SUDESTE,2.52,1.583468
202409.0,2024-09-28,56501.0,WINDSOR H MARTINIQUE CE SE,Consumidor Especial,SUDESTE,2.52,1.583468
,2024-09-28,,WINDSOR H MARTINIQUE CE SE,,,2.52,1.583468
202409.0,2024-09-29,56501.0,WINDSOR H MARTINIQUE CE SE,Consumidor Especial,SUDESTE,2.52,1.523642
202409.0,2024-09-29,56501.0,WINDSOR H MARTINIQUE CE SE,Consumidor Especial,SUDESTE,2.52,1.523642
,2024-09-29,,WINDSOR H MARTINIQUE CE SE,,,2.52,1.523642
202409.0,2024-09-30,56501.0,WINDSOR H MARTINIQUE CE SE,Consumidor Especial,SUDESTE,2.52,1.467697
202409.0,2024-09-30,56501.0,WINDSOR H MARTINIQUE CE SE,Consumidor Especial,SUDESTE,2.52,1.467697
,2024-09-30,,WINDSOR H MARTINIQUE CE SE,,,2.52,1.467697
202410.0,2024-10-01,56501.0,WINDSOR H MARTINIQUE CE SE,Consumidor Especial,SUDESTE,2.52,1.634409
202410.0,2024-10-01,56501.0,WINDSOR H MARTINIQUE CE SE,Consumidor Especial,SUDESTE,2.52,1.634409
,2024-10-01,,WINDSOR H MARTINIQUE CE SE,,,2.52,1.634409
202410.0,2024-10-02,56501.0,WINDSOR H MARTINIQUE CE SE,Consumidor Especial,SUDESTE,2.52,1.680293
202410.0,2024-10-02,56501.0,WINDSOR H MARTINIQUE CE SE,Consumidor Especial,SUDESTE,2.52,1.680293
,2024-10-02,,WINDSOR H MARTINIQUE CE SE,,,2.52,1.680293
202410.0,2024-10-03,56501.0,WINDSOR H MARTINIQUE CE SE,Consumidor Especial,SUDESTE,2.52,1.644529
202410.0,2024-10-03,56501.0,WINDSOR H MARTINIQUE CE SE,Consumidor Especial,SUDESTE,2.52,1.644529
,2024-10-03,,WINDSOR H MARTINIQUE CE SE,,,2.52,1.644529
202410.0,2024-10-04,56501.0,WINDSOR H MARTINIQUE CE SE,Consumidor Especial,SUDESTE,2.52,1.496112
202410.0,2024-10-04,56501.0,WINDSOR H MARTINIQUE CE SE,Consumidor Especial,SUDESTE,2.52,1.496112
,2024-10-04,,WINDSOR H MARTINIQUE CE SE,,,2.52,1.496112
202410.0,2024-10-05,56501.0,WINDSOR H MARTINIQUE CE SE,Consumidor Especial,SUDESTE,2.52,1.368534
202410.0,2024-10-05,56501.0,WINDSOR H MARTINIQUE CE SE,Consumidor Especial,SUDESTE,2.52,1.368534
,2024-10-05,,WINDSOR H MARTINIQUE CE SE,,,2.52,1.368534
202410.0,2024-10-06,56501.0,WINDSOR H MARTINIQUE CE SE,Consumidor Especial,SUDESTE,2.52,1.274457
202410.0,2024-10-06,56501.0,WINDSOR H MARTINIQUE CE SE,Consumidor Especial,SUDESTE,2.52,1.274457
,2024-10-06,,WINDSOR H MARTINIQUE CE SE,,,2.52,1.274457
202410.0,2024-10-07,56501.0,WINDSOR H MARTINIQUE CE SE,Consumidor Especial,SUDESTE,2.52,1.323285
202410.0,2024-10-07,56501.0,WINDSOR H MARTINIQUE CE SE,Consumidor Especial,SUDESTE,2.52,1.323285
,2024-10-07,,WINDSOR H MARTINIQUE CE SE,,,2.52,1.323285
202410.0,2024-10-08,56501.0,WINDSOR H MARTINIQUE CE SE,Consumidor Especial,SUDESTE,2.52,1.342095
202410.0,2024-10-08,56501.0,WINDSOR H MARTINIQUE CE SE,Consumidor Especial,SUDESTE,2.52,1.342095
,2024-10-08,,WINDSOR H MARTINIQUE CE SE,,,2.52,1.342095
202410.0,2024-10-09,56501.0,WINDSOR H MARTINIQUE CE SE,Consumidor Especial,SUDESTE,2.52,1.437144
202410.0,2024-10-09,56501.0,WINDSOR H MARTINIQUE CE SE,Consumidor Especial,SUDESTE,2.52,1.437144
,2024-10-09,,WINDSOR H MARTINIQUE CE SE,,,2.52,1.437144
202410.0,2024-10-10,56501.0,WINDSOR H MARTINIQUE CE SE,Consumidor Especial,SUDESTE,2.52,1.389175
202410.0,2024-10-10,56501.0,WINDSOR H MARTINIQUE CE SE,Consumidor Especial,SUDESTE,2.52,1.389175
,2024-10-10,,WINDSOR H MARTINIQUE CE SE,,,2.52,1.389175
202410.0,2024-10-11,56501.0,WINDSOR H MARTINIQUE CE SE,Consumidor Especial,SUDESTE,2.52,1.521337
202410.0,2024-10-11,56501.0,WINDSOR H MARTINIQUE CE SE,Consumidor Especial,SUDESTE,2.52,1.521337
,2024-10-11,,WINDSOR H MARTINIQUE CE SE,,,2.52,1.521337
202410.0,2024-10-12,56501.0,WINDSOR H MARTINIQUE CE SE,Consumidor Especial,SUDESTE,2.52,1.664725
202410.0,2024-10-12,56501.0,WINDSOR H MARTINIQUE CE SE,Consumidor Especial,SUDESTE,2.52,1.664725
,2024-10-12,,WINDSOR H MARTINIQUE CE SE,,,2.52,1.664725
202410.0,2024-10-13,56501.0,WINDSOR H MARTINIQUE CE SE,Consumidor Especial,SUDESTE,2.52,1.501345
202410.0,2024-10-13,56501.0,WINDSOR H MARTINIQUE CE SE,Consumidor Especial,SUDESTE,2.52,1.501345
,2024-10-13,,WINDSOR H MARTINIQUE CE SE,,,2.52,1.501345
202410.0,2024-10-14,56501.0,WINDSOR H MARTINIQUE CE SE,Consumidor Especial,SUDESTE,2.52,1.416665
202410.0,2024-10-14,56501.0,WINDSOR H MARTINIQUE CE SE,Consumidor Especial,SUDESTE,2.52,1.416665
,2024-10-14,,WINDSOR H MARTINIQUE CE SE,,,2.52,1.416665
202410.0,2024-10-15,56501.0,WINDSOR H MARTINIQUE CE SE,Consumidor Especial,SUDESTE,2.52,1.350867
202410.0,2024-10-15,56501.0,WINDSOR H MARTINIQUE CE SE,Consumidor Especial,SUDESTE,2.52,1.350867
,2024-10-15,,WINDSOR H MARTINIQUE CE SE,,,2.52,1.350867
202410.0,2024-10-16,56501.0,WINDSOR H MARTINIQUE CE SE,Consumidor Especial,SUDESTE,2.52,1.350679
202410.0,2024-10-16,56501.0,WINDSOR H MARTINIQUE CE SE,Consumidor Especial,SUDESTE,2.52,1.350679
,2024-10-16,,WINDSOR H MARTINIQUE CE SE,,,2.52,1.350679
202410.0,2024-10-17,56501.0,WINDSOR H MARTINIQUE CE SE,Consumidor Especial,SUDESTE,2.52,1.415554
202410.0,2024-10-17,56501.0,WINDSOR H MARTINIQUE CE SE,Consumidor Especial,SUDESTE,2.52,1.415554
,2024-10-17,,WINDSOR H MARTINIQUE CE SE,,,2.52,1.415554
202410.0,2024-10-18,56501.0,WINDSOR H MARTINIQUE CE SE,Consumidor Especial,SUDESTE,2.52,1.469148
202410.0,2024-10-18,56501.0,WINDSOR H MARTINIQUE CE SE,Consumidor Especial,SUDESTE,2.52,1.469148
,2024-10-18,,WINDSOR H MARTINIQUE CE SE,,,2.52,1.469148
202410.0,2024-10-19,56501.0,WINDSOR H MARTINIQUE CE SE,Consumidor Especial,SUDESTE,2.52,1.427779
202410.0,2024-10-19,56501.0,WINDSOR H MARTINIQUE CE SE,Consumidor Especial,SUDESTE,2.52,1.427779
,2024-10-19,,WINDSOR H MARTINIQUE CE SE,,,2.52,1.427779
202410.0,2024-10-20,56501.0,WINDSOR H MARTINIQUE CE SE,Consumidor Especial,SUDESTE,2.52,1.37987
202410.0,2024-10-20,56501.0,WINDSOR H MARTINIQUE CE SE,Consumidor Especial,SUDESTE,2.52,1.37987
,2024-10-20,,WINDSOR H MARTINIQUE CE SE,,,2.52,1.37987
202410.0,2024-10-21,56501.0,WINDSOR H MARTINIQUE CE SE,Consumidor Especial,SUDESTE,2.52,1.358139
202410.0,2024-10-21,56501.0,WINDSOR H MARTINIQUE CE SE,Consumidor Especial,SUDESTE,2.52,1.358139
,2024-10-21,,WINDSOR H MARTINIQUE CE SE,,,2.52,1.358139
202410.0,2024-10-22,56501.0,WINDSOR H MARTINIQUE CE SE,Consumidor Especial,SUDESTE,2.52,1.343081
202410.0,2024-10-22,56501.0,WINDSOR H MARTINIQUE CE SE,Consumidor Especial,SUDESTE,2.52,1.343081
,2024-10-22,,WINDSOR H MARTINIQUE CE SE,,,2.52,1.343081
202410.0,2024-10-23,56501.0,WINDSOR H MARTINIQUE CE SE,Consumidor Especial,SUDESTE,2.52,1.492313
202410.0,2024-10-23,56501.0,WINDSOR H MARTINIQUE CE SE,Consumidor Especial,SUDESTE,2.52,1.492313
,2024-10-23,,WINDSOR H MARTINIQUE CE SE,,,2.52,1.492313
202410.0,2024-10-24,56501.0,WINDSOR H MARTINIQUE CE SE,Consumidor Especial,SUDESTE,2.52,1.635179
202410.0,2024-10-24,56501.0,WINDSOR H MARTINIQUE CE SE,Consumidor Especial,SUDESTE,2.52,1.635179
,2024-10-24,,WINDSOR H MARTINIQUE CE SE,,,2.52,1.635179
202410.0,2024-10-25,56501.0,WINDSOR H MARTINIQUE CE SE,Consumidor Especial,SUDESTE,2.52,1.828853
202410.0,2024-10-25,56501.0,WINDSOR H MARTINIQUE CE SE,Consumidor Especial,SUDESTE,2.52,1.828853
,2024-10-25,,WINDSOR H MARTINIQUE CE SE,,,2.52,1.828853
202410.0,2024-10-26,56501.0,WINDSOR H MARTINIQUE CE SE,Consumidor Especial,SUDESTE,2.52,1.886954
202410.0,2024-10-26,56501.0,WINDSOR H MARTINIQUE CE SE,Consumidor Especial,SUDESTE,2.52,1.886954
,2024-10-26,,WINDSOR H MARTINIQUE CE SE,,,2.52,1.886954
202410.0,2024-10-27,56501.0,WINDSOR H MARTINIQUE CE SE,Consumidor Especial,SUDESTE,2.52,1.59444
202410.0,2024-10-27,56501.0,WINDSOR H MARTINIQUE CE SE,Consumidor Especial,SUDESTE,2.52,1.59444
,2024-10-27,,WINDSOR H MARTINIQUE CE SE,,,2.52,1.59444
202410.0,2024-10-28,56501.0,WINDSOR H MARTINIQUE CE SE,Consumidor Especial,SUDESTE,2.52,1.437516
202410.0,2024-10-28,56501.0,WINDSOR H MARTINIQUE CE SE,Consumidor Especial,SUDESTE,2.52,1.437516
,2024-10-28,,WINDSOR H MARTINIQUE CE SE,,,2.52,1.437516
202410.0,2024-10-29,56501.0,WINDSOR H MARTINIQUE CE SE,Consumidor Especial,SUDESTE,2.52,1.39161
202410.0,2024-10-29,56501.0,WINDSOR H MARTINIQUE CE SE,Consumidor Especial,SUDESTE,2.52,1.39161
,2024-10-29,,WINDSOR H MARTINIQUE CE SE,,,2.52,1.39161
202410.0,2024-10-30,56501.0,WINDSOR H MARTINIQUE CE SE,Consumidor Especial,SUDESTE,2.52,1.440742
202410.0,2024-10-30,56501.0,WINDSOR H MARTINIQUE CE SE,Consumidor Especial,SUDESTE,2.52,1.440742
,2024-10-30,,WINDSOR H MARTINIQUE CE SE,,,2.52,1.440742
202410.0,2024-10-31,56501.0,WINDSOR H MARTINIQUE CE SE,Consumidor Especial,SUDESTE,2.52,1.518466
202410.0,2024-10-31,56501.0,WINDSOR H MARTINIQUE CE SE,Consumidor Especial,SUDESTE,2.52,1.518466
,2024-10-31,,WINDSOR H MARTINIQUE CE SE,,,2.52,1.518466
202411.0,2024-11-01,56501.0,WINDSOR H MARTINIQUE CE SE,Consumidor Especial,SUDESTE,2.52,1.562993
202411.0,2024-11-01,56501.0,WINDSOR H MARTINIQUE CE SE,Consumidor Especial,SUDESTE,2.52,1.562993
,2024-11-01,,WINDSOR H MARTINIQUE CE SE,,,2.52,1.562993
202411.0,2024-11-02,56501.0,WINDSOR H MARTINIQUE CE SE,Consumidor Especial,SUDESTE,2.52,1.581868
202411.0,2024-11-02,56501.0,WINDSOR H MARTINIQUE CE SE,Consumidor Especial,SUDESTE,2.52,1.581868
,2024-11-02,,WINDSOR H MARTINIQUE CE SE,,,2.52,1.581868
202411.0,2024-11-03,56501.0,WINDSOR H MARTINIQUE CE SE,Consumidor Especial,SUDESTE,2.52,1.536962
202411.0,2024-11-03,56501.0,WINDSOR H MARTINIQUE CE SE,Consumidor Especial,SUDESTE,2.52,1.536962
,2024-11-03,,WINDSOR H MARTINIQUE CE SE,,,2.52,1.536962
202411.0,2024-11-04,56501.0,WINDSOR H MARTINIQUE CE SE,Consumidor Especial,SUDESTE,2.52,1.45409
202411.0,2024-11-04,56501.0,WINDSOR H MARTINIQUE CE SE,Consumidor Especial,SUDESTE,2.52,1.45409
,2024-11-04,,WINDSOR H MARTINIQUE CE SE,,,2.52,1.45409
202411.0,2024-11-05,56501.0,WINDSOR H MARTINIQUE CE SE,Consumidor Especial,SUDESTE,2.52,1.475522
202411.0,2024-11-05,56501.0,WINDSOR H MARTINIQUE CE SE,Consumidor Especial,SUDESTE,2.52,1.475522
,2024-11-05,,WINDSOR H MARTINIQUE CE SE,,,2.52,1.475522
202411.0,2024-11-06,56501.0,WINDSOR H MARTINIQUE CE SE,Consumidor Especial,SUDESTE,2.52,1.536141
202411.0,2024-11-06,56501.0,WINDSOR H MARTINIQUE CE SE,Consumidor Especial,SUDESTE,2.52,1.536141
,2024-11-06,,WINDSOR H MARTINIQUE CE SE,,,2.52,1.536141
202411.0,2024-11-07,56501.0,WINDSOR H MARTINIQUE CE SE,Consumidor Especial,SUDESTE,2.52,1.595595
202411.0,2024-11-07,56501.0,WINDSOR H MARTINIQUE CE SE,Consumidor Especial,SUDESTE,2.52,1.595595
,2024-11-07,,WINDSOR H MARTINIQUE CE SE,,,2.52,1.595595
202411.0,2024-11-08,56501.0,WINDSOR H MARTINIQUE CE SE,Consumidor Especial,SUDESTE,2.52,1.699963
202411.0,2024-11-08,56501.0,WINDSOR H MARTINIQUE CE SE,Consumidor Especial,SUDESTE,2.52,1.699963
,2024-11-08,,WINDSOR H MARTINIQUE CE SE,,,2.52,1.699963
202411.0,2024-11-09,56501.0,WINDSOR H MARTINIQUE CE SE,Consumidor Especial,SUDESTE,2.52,1.5525250000000002
202411.0,2024-11-09,56501.0,WINDSOR H MARTINIQUE CE SE,Consumidor Especial,SUDESTE,2.52,1.5525250000000002
,2024-11-09,,WINDSOR H MARTINIQUE CE SE,,,2.52,1.5525250000000002
202411.0,2024-11-10,56501.0,WINDSOR H MARTINIQUE CE SE,Consumidor Especial,SUDESTE,2.52,1.421612
202411.0,2024-11-10,56501.0,WINDSOR H MARTINIQUE CE SE,Consumidor Especial,SUDESTE,2.52,1.421612
,2024-11-10,,WINDSOR H MARTINIQUE CE SE,,,2.52,1.421612
202411.0,2024-11-11,56501.0,WINDSOR H MARTINIQUE CE SE,Consumidor Especial,SUDESTE,2.52,1.333539
202411.0,2024-11-11,56501.0,WINDSOR H MARTINIQUE CE SE,Consumidor Especial,SUDESTE,2.52,1.333539
,2024-11-11,,WINDSOR H MARTINIQUE CE SE,,,2.52,1.333539
202411.0,2024-11-12,56501.0,WINDSOR H MARTINIQUE CE SE,Consumidor Especial,SUDESTE,2.52,1.428225
202411.0,2024-11-12,56501.0,WINDSOR H MARTINIQUE CE SE,Consumidor Especial,SUDESTE,2.52,1.428225
,2024-11-12,,WINDSOR H MARTINIQUE CE SE,,,2.52,1.428225
202411.0,2024-11-13,56501.0,WINDSOR H MARTINIQUE CE SE,Consumidor Especial,SUDESTE,2.52,1.390331
202411.0,2024-11-13,56501.0,WINDSOR H MARTINIQUE CE SE,Consumidor Especial,SUDESTE,2.52,1.390331
,2024-11-13,,WINDSOR H MARTINIQUE CE SE,,,2.52,1.390331
202411.0,2024-11-14,56501.0,WINDSOR H MARTINIQUE CE SE,Consumidor Especial,SUDESTE,2.52,1.378205
202411.0,2024-11-14,56501.0,WINDSOR H MARTINIQUE CE SE,Consumidor Especial,SUDESTE,2.52,1.378205
,2024-11-14,,WINDSOR H MARTINIQUE CE SE,,,2.52,1.378205
202411.0,2024-11-15,56501.0,WINDSOR H MARTINIQUE CE SE,Consumidor Especial,SUDESTE,2.52,1.43285
202411.0,2024-11-15,56501.0,WINDSOR H MARTINIQUE CE SE,Consumidor Especial,SUDESTE,2.52,1.43285
,2024-11-15,,WINDSOR H MARTINIQUE CE SE,,,2.52,1.43285
202411.0,2024-11-16,56501.0,WINDSOR H MARTINIQUE CE SE,Consumidor Especial,SUDESTE,2.52,1.493461
202411.0,2024-11-16,56501.0,WINDSOR H MARTINIQUE CE SE,Consumidor Especial,SUDESTE,2.52,1.493461
,2024-11-16,,WINDSOR H MARTINIQUE CE SE,,,2.52,1.493461
202411.0,2024-11-17,56501.0,WINDSOR H MARTINIQUE CE SE,Consumidor Especial,SUDESTE,2.52,1.448227
202411.0,2024-11-17,56501.0,WINDSOR H MARTINIQUE CE SE,Consumidor Especial,SUDESTE,2.52,1.448227
,2024-11-17,,WINDSOR H MARTINIQUE CE SE,,,2.52,1.448227
202411.0,2024-11-18,56501.0,WINDSOR H MARTINIQUE CE SE,Consumidor Especial,SUDESTE,2.52,1.402235
202411.0,2024-11-18,56501.0,WINDSOR H MARTINIQUE CE SE,Consumidor Especial,SUDESTE,2.52,1.402235
,2024-11-18,,WINDSOR H MARTINIQUE CE SE,,,2.52,1.402235
202411.0,2024-11-19,56501.0,WINDSOR H MARTINIQUE CE SE,Consumidor Especial,SUDESTE,2.52,1.397908
202411.0,2024-11-19,56501.0,WINDSOR H MARTINIQUE CE SE,Consumidor Especial,SUDESTE,2.52,1.397908
,2024-11-19,,WINDSOR H MARTINIQUE CE SE,,,2.52,1.397908
202411.0,2024-11-20,56501.0,WINDSOR H MARTINIQUE CE SE,Consumidor Especial,SUDESTE,2.52,1.398957
202411.0,2024-11-20,56501.0,WINDSOR H MARTINIQUE CE SE,Consumidor Especial,SUDESTE,2.52,1.398957
,2024-11-20,,WINDSOR H MARTINIQUE CE SE,,,2.52,1.398957
202411.0,2024-11-21,56501.0,WINDSOR H MARTINIQUE CE SE,Consumidor Especial,SUDESTE,2.52,1.478663
202411.0,2024-11-21,56501.0,WINDSOR H MARTINIQUE CE SE,Consumidor Especial,SUDESTE,2.52,1.478663
,2024-11-21,,WINDSOR H MARTINIQUE CE SE,,,2.52,1.478663
202411.0,2024-11-22,56501.0,WINDSOR H MARTINIQUE CE SE,Consumidor Especial,SUDESTE,2.52,1.440264
202411.0,2024-11-22,56501.0,WINDSOR H MARTINIQUE CE SE,Consumidor Especial,SUDESTE,2.52,1.440264
,2024-11-22,,WINDSOR H MARTINIQUE CE SE,,,2.52,1.440264
202411.0,2024-11-23,56501.0,WINDSOR H MARTINIQUE CE SE,Consumidor Especial,SUDESTE,2.52,1.388633
202411.0,2024-11-23,56501.0,WINDSOR H MARTINIQUE CE SE,Consumidor Especial,SUDESTE,2.52,1.388633
,2024-11-23,,WINDSOR H MARTINIQUE CE SE,,,2.52,1.388633
202411.0,2024-11-24,56501.0,WINDSOR H MARTINIQUE CE SE,Consumidor Especial,SUDESTE,2.52,1.276464
202411.0,2024-11-24,56501.0,WINDSOR H MARTINIQUE CE SE,Consumidor Especial,SUDESTE,2.52,1.276464
,2024-11-24,,WINDSOR H MARTINIQUE CE SE,,,2.52,1.276464
202411.0,2024-11-25,56501.0,WINDSOR H MARTINIQUE CE SE,Consumidor Especial,SUDESTE,2.52,1.305318
202411.0,2024-11-25,56501.0,WINDSOR H MARTINIQUE CE SE,Consumidor Especial,SUDESTE,2.52,1.305318
,2024-11-25,,WINDSOR H MARTINIQUE CE SE,,,2.52,1.305318
202411.0,2024-11-26,56501.0,WINDSOR H MARTINIQUE CE SE,Consumidor Especial,SUDESTE,2.52,1.516667
202411.0,2024-11-26,56501.0,WINDSOR H MARTINIQUE CE SE,Consumidor Especial,SUDESTE,2.52,1.516667
,2024-11-26,,WINDSOR H MARTINIQUE CE SE,,,2.52,1.516667
202411.0,2024-11-27,56501.0,WINDSOR H MARTINIQUE CE SE,Consumidor Especial,SUDESTE,2.52,1.670205
202411.0,2024-11-27,56501.0,WINDSOR H MARTINIQUE CE SE,Consumidor Especial,SUDESTE,2.52,1.670205
,2024-11-27,,WINDSOR H MARTINIQUE CE SE,,,2.52,1.670205
202411.0,2024-11-28,56501.0,WINDSOR H MARTINIQUE CE SE,Consumidor Especial,SUDESTE,2.52,1.904606
202411.0,2024-11-28,56501.0,WINDSOR H MARTINIQUE CE SE,Consumidor Especial,SUDESTE,2.52,1.904606
,2024-11-28,,WINDSOR H MARTINIQUE CE SE,,,2.52,1.904606
202411.0,2024-11-29,56501.0,WINDSOR H MARTINIQUE CE SE,Consumidor Especial,SUDESTE,2.52,1.863774
202411.0,2024-11-29,56501.0,WINDSOR H MARTINIQUE CE SE,Consumidor Especial,SUDESTE,2.52,1.863774
,2024-11-29,,WINDSOR H MARTINIQUE CE SE,,,2.52,1.863774
202411.0,2024-11-30,56501.0,WINDSOR H MARTINIQUE CE SE,Consumidor Especial,SUDESTE,2.52,1.829579
202411.0,2024-11-30,56501.0,WINDSOR H MARTINIQUE CE SE,Consumidor Especial,SUDESTE,2.52,1.829579
,2024-11-30,,WINDSOR H MARTINIQUE CE SE,,,2.52,1.829579
202412.0,2024-12-01,56501.0,WINDSOR H MARTINIQUE CE SE,Consumidor Especial,SUDESTE,2.52,1.868704
202412.0,2024-12-01,56501.0,WINDSOR H MARTINIQUE CE SE,Consumidor Especial,SUDESTE,2.52,1.868704
,2024-12-01,,WINDSOR H MARTINIQUE CE SE,,,2.52,1.868704
202412.0,2024-12-02,56501.0,WINDSOR H MARTINIQUE CE SE,Consumidor Especial,SUDESTE,2.52,1.951427
202412.0,2024-12-02,56501.0,WINDSOR H MARTINIQUE CE SE,Consumidor Especial,SUDESTE,2.52,1.951427
,2024-12-02,,WINDSOR H MARTINIQUE CE SE,,,2.52,1.951427
202412.0,2024-12-03,56501.0,WINDSOR H MARTINIQUE CE SE,Consumidor Especial,SUDESTE,2.52,1.80477
202412.0,2024-12-03,56501.0,WINDSOR H MARTINIQUE CE SE,Consumidor Especial,SUDESTE,2.52,1.80477
,2024-12-03,,WINDSOR H MARTINIQUE CE SE,,,2.52,1.80477
202412.0,2024-12-04,56501.0,WINDSOR H MARTINIQUE CE SE,Consumidor Especial,SUDESTE,2.52,1.596953
202412.0,2024-12-04,56501.0,WINDSOR H MARTINIQUE CE SE,Consumidor Especial,SUDESTE,2.52,1.596953
,2024-12-04,,WINDSOR H MARTINIQUE CE SE,,,2.52,1.596953
202412.0,2024-12-05,56501.0,WINDSOR H MARTINIQUE CE SE,Consumidor Especial,SUDESTE,2.52,1.54888
202412.0,2024-12-05,56501.0,WINDSOR H MARTINIQUE CE SE,Consumidor Especial,SUDESTE,2.52,1.54888
,2024-12-05,,WINDSOR H MARTINIQUE CE SE,,,2.52,1.54888
202412.0,2024-12-06,56501.0,WINDSOR H MARTINIQUE CE SE,Consumidor Especial,SUDESTE,2.52,1.84782
202412.0,2024-12-06,56501.0,WINDSOR H MARTINIQUE CE SE,Consumidor Especial,SUDESTE,2.52,1.84782
,2024-12-06,,WINDSOR H MARTINIQUE CE SE,,,2.52,1.84782
202412.0,2024-12-07,56501.0,WINDSOR H MARTINIQUE CE SE,Consumidor Especial,SUDESTE,2.52,1.903429
202412.0,2024-12-07,56501.0,WINDSOR H MARTINIQUE CE SE,Consumidor Especial,SUDESTE,2.52,1.903429
,2024-12-07,,WINDSOR H MARTINIQUE CE SE,,,2.52,1.903429
202412.0,2024-12-08,56501.0,WINDSOR H MARTINIQUE CE SE,Consumidor Especial,SUDESTE,2.52,1.990879
202412.0,2024-12-08,56501.0,WINDSOR H MARTINIQUE CE SE,Consumidor Especial,SUDESTE,2.52,1.990879
,2024-12-08,,WINDSOR H MARTINIQUE CE SE,,,2.52,1.990879
202412.0,2024-12-09,56501.0,WINDSOR H MARTINIQUE CE SE,Consumidor Especial,SUDESTE,2.52,1.863031
202412.0,2024-12-09,56501.0,WINDSOR H MARTINIQUE CE SE,Consumidor Especial,SUDESTE,2.52,1.863031
,2024-12-09,,WINDSOR H MARTINIQUE CE SE,,,2.52,1.863031
202412.0,2024-12-10,56501.0,WINDSOR H MARTINIQUE CE SE,Consumidor Especial,SUDESTE,2.52,1.861226
202412.0,2024-12-10,56501.0,WINDSOR H MARTINIQUE CE SE,Consumidor Especial,SUDESTE,2.52,1.861226
,2024-12-10,,WINDSOR H MARTINIQUE CE SE,,,2.52,1.861226
202412.0,2024-12-11,56501.0,WINDSOR H MARTINIQUE CE SE,Consumidor Especial,SUDESTE,2.52,1.766128
202412.0,2024-12-11,56501.0,WINDSOR H MARTINIQUE CE SE,Consumidor Especial,SUDESTE,2.52,1.766128
,2024-12-11,,WINDSOR H MARTINIQUE CE SE,,,2.52,1.766128
202412.0,2024-12-12,56501.0,WINDSOR H MARTINIQUE CE SE,Consumidor Especial,SUDESTE,2.52,1.7763790000000002
202412.0,2024-12-12,56501.0,WINDSOR H MARTINIQUE CE SE,Consumidor Especial,SUDESTE,2.52,1.7763790000000002
,2024-12-12,,WINDSOR H MARTINIQUE CE SE,,,2.52,1.7763790000000002
202412.0,2024-12-13,56501.0,WINDSOR H MARTINIQUE CE SE,Consumidor Especial,SUDESTE,2.52,1.645046
202412.0,2024-12-13,56501.0,WINDSOR H MARTINIQUE CE SE,Consumidor Especial,SUDESTE,2.52,1.645046
,2024-12-13,,WINDSOR H MARTINIQUE CE SE,,,2.52,1.645046
202412.0,2024-12-14,56501.0,WINDSOR H MARTINIQUE CE SE,Consumidor Especial,SUDESTE,2.52,1.660369
202412.0,2024-12-14,56501.0,WINDSOR H MARTINIQUE CE SE,Consumidor Especial,SUDESTE,2.52,1.660369
,2024-12-14,,WINDSOR H MARTINIQUE CE SE,,,2.52,1.660369
202412.0,2024-12-15,56501.0,WINDSOR H MARTINIQUE CE SE,Consumidor Especial,SUDESTE,2.52,1.779309
202412.0,2024-12-15,56501.0,WINDSOR H MARTINIQUE CE SE,Consumidor Especial,SUDESTE,2.52,1.779309
,2024-12-15,,WINDSOR H MARTINIQUE CE SE,,,2.52,1.779309
202412.0,2024-12-16,56501.0,WINDSOR H MARTINIQUE CE SE,Consumidor Especial,SUDESTE,2.52,1.851115
202412.0,2024-12-16,56501.0,WINDSOR H MARTINIQUE CE SE,Consumidor Especial,SUDESTE,2.52,1.851115
,2024-12-16,,WINDSOR H MARTINIQUE CE SE,,,2.52,1.851115
202412.0,2024-12-17,56501.0,WINDSOR H MARTINIQUE CE SE,Consumidor Especial,SUDESTE,2.52,1.675464
202412.0,2024-12-17,56501.0,WINDSOR H MARTINIQUE CE SE,Consumidor Especial,SUDESTE,2.52,1.675464
,2024-12-17,,WINDSOR H MARTINIQUE CE SE,,,2.52,1.675464
202412.0,2024-12-18,56501.0,WINDSOR H MARTINIQUE CE SE,Consumidor Especial,SUDESTE,2.52,1.688059
202412.0,2024-12-18,56501.0,WINDSOR H MARTINIQUE CE SE,Consumidor Especial,SUDESTE,2.52,1.688059
,2024-12-18,,WINDSOR H MARTINIQUE CE SE,,,2.52,1.688059
202412.0,2024-12-19,56501.0,WINDSOR H MARTINIQUE CE SE,Consumidor Especial,SUDESTE,2.52,1.615405
202412.0,2024-12-19,56501.0,WINDSOR H MARTINIQUE CE SE,Consumidor Especial,SUDESTE,2.52,1.615405
,2024-12-19,,WINDSOR H MARTINIQUE CE SE,,,2.52,1.615405
202412.0,2024-12-20,56501.0,WINDSOR H MARTINIQUE CE SE,Consumidor Especial,SUDESTE,2.52,1.731561
202412.0,2024-12-20,56501.0,WINDSOR H MARTINIQUE CE SE,Consumidor Especial,SUDESTE,2.52,1.731561
,2024-12-20,,WINDSOR H MARTINIQUE CE SE,,,2.52,1.731561
202412.0,2024-12-21,56501.0,WINDSOR H MARTINIQUE CE SE,Consumidor Especial,SUDESTE,2.52,1.709177
202412.0,2024-12-21,56501.0,WINDSOR H MARTINIQUE CE SE,Consumidor Especial,SUDESTE,2.52,1.709177
,2024-12-21,,WINDSOR H MARTINIQUE CE SE,,,2.52,1.709177
202412.0,2024-12-22,56501.0,WINDSOR H MARTINIQUE CE SE,Consumidor Especial,SUDESTE,2.52,1.814728
202412.0,2024-12-22,56501.0,WINDSOR H MARTINIQUE CE SE,Consumidor Especial,SUDESTE,2.52,1.814728
,2024-12-22,,WINDSOR H MARTINIQUE CE SE,,,2.52,1.814728
202412.0,2024-12-23,56501.0,WINDSOR H MARTINIQUE CE SE,Consumidor Especial,SUDESTE,2.52,1.696618
202412.0,2024-12-23,56501.0,WINDSOR H MARTINIQUE CE SE,Consumidor Especial,SUDESTE,2.52,1.696618
,2024-12-23,,WINDSOR H MARTINIQUE CE SE,,,2.52,1.696618
202412.0,2024-12-24,56501.0,WINDSOR H MARTINIQUE CE SE,Consumidor Especial,SUDESTE,2.52,1.648321
202412.0,2024-12-24,56501.0,WINDSOR H MARTINIQUE CE SE,Consumidor Especial,SUDESTE,2.52,1.648321
,2024-12-24,,WINDSOR H MARTINIQUE CE SE,,,2.52,1.648321
202412.0,2024-12-25,56501.0,WINDSOR H MARTINIQUE CE SE,Consumidor Especial,SUDESTE,2.52,1.666411
202412.0,2024-12-25,56501.0,WINDSOR H MARTINIQUE CE SE,Consumidor Especial,SUDESTE,2.52,1.666411
,2024-12-25,,WINDSOR H MARTINIQUE CE SE,,,2.52,1.666411
202412.0,2024-12-26,56501.0,WINDSOR H MARTINIQUE CE SE,Consumidor Especial,SUDESTE,2.52,1.800127
202412.0,2024-12-26,56501.0,WINDSOR H MARTINIQUE CE SE,Consumidor Especial,SUDESTE,2.52,1.800127
,2024-12-26,,WINDSOR H MARTINIQUE CE SE,,,2.52,1.800127
202412.0,2024-12-27,56501.0,WINDSOR H MARTINIQUE CE SE,Consumidor Especial,SUDESTE,2.52,1.798013
202412.0,2024-12-27,56501.0,WINDSOR H MARTINIQUE CE SE,Consumidor Especial,SUDESTE,2.52,1.798013
,2024-12-27,,WINDSOR H MARTINIQUE CE SE,,,2.52,1.798013
202412.0,2024-12-28,56501.0,WINDSOR H MARTINIQUE CE SE,Consumidor Especial,SUDESTE,2.52,1.881445
202412.0,2024-12-28,56501.0,WINDSOR H MARTINIQUE CE SE,Consumidor Especial,SUDESTE,2.52,1.881445
,2024-12-28,,WINDSOR H MARTINIQUE CE SE,,,2.52,1.881445
202412.0,2024-12-29,56501.0,WINDSOR H MARTINIQUE CE SE,Consumidor Especial,SUDESTE,2.52,1.953969
202412.0,2024-12-29,56501.0,WINDSOR H MARTINIQUE CE SE,Consumidor Especial,SUDESTE,2.52,1.953969
,2024-12-29,,WINDSOR H MARTINIQUE CE SE,,,2.52,1.953969
202412.0,2024-12-30,56501.0,WINDSOR H MARTINIQUE CE SE,Consumidor Especial,SUDESTE,2.52,1.90714
202412.0,2024-12-30,56501.0,WINDSOR H MARTINIQUE CE SE,Consumidor Especial,SUDESTE,2.52,1.90714
,2024-12-30,,WINDSOR H MARTINIQUE CE SE,,,2.52,1.90714
202412.0,2024-12-31,56501.0,WINDSOR H MARTINIQUE CE SE,Consumidor Especial,SUDESTE,2.52,2.025894
202412.0,2024-12-31,56501.0,WINDSOR H MARTINIQUE CE SE,Consumidor Especial,SUDESTE,2.52,2.025894
,2024-12-31,,WINDSOR H MARTINIQUE CE SE,,,2.52,2.025894
202501.0,2025-01-01,56501.0,WINDSOR H MARTINIQUE CE SE,Consumidor Especial,SUDESTE,2.52,2.001414
202501.0,2025-01-01,56501.0,WINDSOR H MARTINIQUE CE SE,Consumidor Especial,SUDESTE,2.52,2.001414
,2025-01-01,,WINDSOR H MARTINIQUE CE SE,,,2.52,2.001414
202501.0,2025-01-02,56501.0,WINDSOR H MARTINIQUE CE SE,Consumidor Especial,SUDESTE,2.52,1.841657
202501.0,2025-01-02,56501.0,WINDSOR H MARTINIQUE CE SE,Consumidor Especial,SUDESTE,2.52,1.841657
,2025-01-02,,WINDSOR H MARTINIQUE CE SE,,,2.52,1.841657
202501.0,2025-01-03,56501.0,WINDSOR H MARTINIQUE CE SE,Consumidor Especial,SUDESTE,2.52,1.90537
202501.0,2025-01-03,56501.0,WINDSOR H MARTINIQUE CE SE,Consumidor Especial,SUDESTE,2.52,1.90537
,2025-01-03,,WINDSOR H MARTINIQUE CE SE,,,2.52,1.90537
202501.0,2025-01-04,56501.0,WINDSOR H MARTINIQUE CE SE,Consumidor Especial,SUDESTE,2.52,2.010569
202501.0,2025-01-04,56501.0,WINDSOR H MARTINIQUE CE SE,Consumidor Especial,SUDESTE,2.52,2.010569
,2025-01-04,,WINDSOR H MARTINIQUE CE SE,,,2.52,2.010569
202501.0,2025-01-05,56501.0,WINDSOR H MARTINIQUE CE SE,Consumidor Especial,SUDESTE,2.52,2.093046
202501.0,2025-01-05,56501.0,WINDSOR H MARTINIQUE CE SE,Consumidor Especial,SUDESTE,2.52,2.093046
,2025-01-05,,WINDSOR H MARTINIQUE CE SE,,,2.52,2.093046
202501.0,2025-01-06,56501.0,WINDSOR H MARTINIQUE CE SE,Consumidor Especial,SUDESTE,2.52,1.987979
202501.0,2025-01-06,56501.0,WINDSOR H MARTINIQUE CE SE,Consumidor Especial,SUDESTE,2.52,1.987979
,2025-01-06,,WINDSOR H MARTINIQUE CE SE,,,2.52,1.987979
202501.0,2025-01-07,56501.0,WINDSOR H MARTINIQUE CE SE,Consumidor Especial,SUDESTE,2.52,1.882757
202501.0,2025-01-07,56501.0,WINDSOR H MARTINIQUE CE SE,Consumidor Especial,SUDESTE,2.52,1.882757
,2025-01-07,,WINDSOR H MARTINIQUE CE SE,,,2.52,1.882757
202501.0,2025-01-08,56501.0,WINDSOR H MARTINIQUE CE SE,Consumidor Especial,SUDESTE,2.52,1.893449
202501.0,2025-01-08,56501.0,WINDSOR H MARTINIQUE CE SE,Consumidor Especial,SUDESTE,2.52,1.893449
,2025-01-08,,WINDSOR H MARTINIQUE CE SE,,,2.52,1.893449
202501.0,2025-01-09,56501.0,WINDSOR H MARTINIQUE CE SE,Consumidor Especial,SUDESTE,2.52,1.752004
202501.0,2025-01-09,56501.0,WINDSOR H MARTINIQUE CE SE,Consumidor Especial,SUDESTE,2.52,1.752004
,2025-01-09,,WINDSOR H MARTINIQUE CE SE,,,2.52,1.752004
202501.0,2025-01-10,56501.0,WINDSOR H MARTINIQUE CE SE,Consumidor Especial,SUDESTE,2.52,1.694718
202501.0,2025-01-10,56501.0,WINDSOR H MARTINIQUE CE SE,Consumidor Especial,SUDESTE,2.52,1.694718
,2025-01-10,,WINDSOR H MARTINIQUE CE SE,,,2.52,1.694718
202501.0,2025-01-11,56501.0,WINDSOR H MARTINIQUE CE SE,Consumidor Especial,SUDESTE,2.52,1.784923
202501.0,2025-01-11,56501.0,WINDSOR H MARTINIQUE CE SE,Consumidor Especial,SUDESTE,2.52,1.784923
,2025-01-11,,WINDSOR H MARTINIQUE CE SE,,,2.52,1.784923
202501.0,2025-01-12,56501.0,WINDSOR H MARTINIQUE CE SE,Consumidor Especial,SUDESTE,2.52,1.746068
202501.0,2025-01-12,56501.0,WINDSOR H MARTINIQUE CE SE,Consumidor Especial,SUDESTE,2.52,1.746068
,2025-01-12,,WINDSOR H MARTINIQUE CE SE,,,2.52,1.746068
202501.0,2025-01-13,56501.0,WINDSOR H MARTINIQUE CE SE,Consumidor Especial,SUDESTE,2.52,1.678473
202501.0,2025-01-13,56501.0,WINDSOR H MARTINIQUE CE SE,Consumidor Especial,SUDESTE,2.52,1.678473
,2025-01-13,,WINDSOR H MARTINIQUE CE SE,,,2.52,1.678473
202501.0,2025-01-14,56501.0,WINDSOR H MARTINIQUE CE SE,Consumidor Especial,SUDESTE,2.52,1.664423
202501.0,2025-01-14,56501.0,WINDSOR H MARTINIQUE CE SE,Consumidor Especial,SUDESTE,2.52,1.664423
,2025-01-14,,WINDSOR H MARTINIQUE CE SE,,,2.52,1.664423
202501.0,2025-01-15,56501.0,WINDSOR H MARTINIQUE CE SE,Consumidor Especial,SUDESTE,2.52,1.635594
202501.0,2025-01-15,56501.0,WINDSOR H MARTINIQUE CE SE,Consumidor Especial,SUDESTE,2.52,1.635594
,2025-01-15,,WINDSOR H MARTINIQUE CE SE,,,2.52,1.635594
202501.0,2025-01-16,56501.0,WINDSOR H MARTINIQUE CE SE,Consumidor Especial,SUDESTE,2.52,1.687338
202501.0,2025-01-16,56501.0,WINDSOR H MARTINIQUE CE SE,Consumidor Especial,SUDESTE,2.52,1.687338
,2025-01-16,,WINDSOR H MARTINIQUE CE SE,,,2.52,1.687338
202501.0,2025-01-17,56501.0,WINDSOR H MARTINIQUE CE SE,Consumidor Especial,SUDESTE,2.52,1.759435
202501.0,2025-01-17,56501.0,WINDSOR H MARTINIQUE CE SE,Consumidor Especial,SUDESTE,2.52,1.759435
,2025-01-17,,WINDSOR H MARTINIQUE CE SE,,,2.52,1.759435
202501.0,2025-01-18,56501.0,WINDSOR H MARTINIQUE CE SE,Consumidor Especial,SUDESTE,2.52,1.873724
202501.0,2025-01-18,56501.0,WINDSOR H MARTINIQUE CE SE,Consumidor Especial,SUDESTE,2.52,1.873724
,2025-01-18,,WINDSOR H MARTINIQUE CE SE,,,2.52,1.873724
202501.0,2025-01-19,56501.0,WINDSOR H MARTINIQUE CE SE,Consumidor Especial,SUDESTE,2.52,1.980315
202501.0,2025-01-19,56501.0,WINDSOR H MARTINIQUE CE SE,Consumidor Especial,SUDESTE,2.52,1.980315
,2025-01-19,,WINDSOR H MARTINIQUE CE SE,,,2.52,1.980315
202501.0,2025-01-20,56501.0,WINDSOR H MARTINIQUE CE SE,Consumidor Especial,SUDESTE,2.52,2.07743
202501.0,2025-01-20,56501.0,WINDSOR H MARTINIQUE CE SE,Consumidor Especial,SUDESTE,2.52,2.07743
,2025-01-20,,WINDSOR H MARTINIQUE CE SE,,,2.52,2.07743
202501.0,2025-01-21,56501.0,WINDSOR H MARTINIQUE CE SE,Consumidor Especial,SUDESTE,2.52,2.267731
202501.0,2025-01-21,56501.0,WINDSOR H MARTINIQUE CE SE,Consumidor Especial,SUDESTE,2.52,2.267731
,2025-01-21,,WINDSOR H MARTINIQUE CE SE,,,2.52,2.267731
202501.0,2025-01-22,56501.0,WINDSOR H MARTINIQUE CE SE,Consumidor Especial,SUDESTE,2.52,2.212184
202501.0,2025-01-22,56501.0,WINDSOR H MARTINIQUE CE SE,Consumidor Especial,SUDESTE,2.52,2.212184
,2025-01-22,,WINDSOR H MARTINIQUE CE SE,,,2.52,2.212184
202501.0,2025-01-23,56501.0,WINDSOR H MARTINIQUE CE SE,Consumidor Especial,SUDESTE,2.52,2.116384
202501.0,2025-01-23,56501.0,WINDSOR H MARTINIQUE CE SE,Consumidor Especial,SUDESTE,2.52,2.116384
,2025-01-23,,WINDSOR H MARTINIQUE CE SE,,,2.52,2.116384
202501.0,2025-01-24,56501.0,WINDSOR H MARTINIQUE CE SE,Consumidor Especial,SUDESTE,2.52,2.103771
202501.0,2025-01-24,56501.0,WINDSOR H MARTINIQUE CE SE,Consumidor Especial,SUDESTE,2.52,2.103771
,2025-01-24,,WINDSOR H MARTINIQUE CE SE,,,2.52,2.103771
202501.0,2025-01-25,56501.0,WINDSOR H MARTINIQUE CE SE,Consumidor Especial,SUDESTE,2.52,2.045445
202501.0,2025-01-25,56501.0,WINDSOR H MARTINIQUE CE SE,Consumidor Especial,SUDESTE,2.52,2.045445
,2025-01-25,,WINDSOR H MARTINIQUE CE SE,,,2.52,2.045445
202501.0,2025-01-26,56501.0,WINDSOR H MARTINIQUE CE SE,Consumidor Especial,SUDESTE,2.52,2.070073
202501.0,2025-01-26,56501.0,WINDSOR H MARTINIQUE CE SE,Consumidor Especial,SUDESTE,2.52,2.070073
,2025-01-26,,WINDSOR H MARTINIQUE CE SE,,,2.52,2.070073
202501.0,2025-01-27,56501.0,WINDSOR H MARTINIQUE CE SE,Consumidor Especial,SUDESTE,2.52,2.026788
202501.0,2025-01-27,56501.0,WINDSOR H MARTINIQUE CE SE,Consumidor Especial,SUDESTE,2.52,2.026788
,2025-01-27,,WINDSOR H MARTINIQUE CE SE,,,2.52,2.026788
202501.0,2025-01-28,56501.0,WINDSOR H MARTINIQUE CE SE,Consumidor Especial,SUDESTE,2.52,1.941602
202501.0,2025-01-28,56501.0,WINDSOR H MARTINIQUE CE SE,Consumidor Especial,SUDESTE,2.52,1.941602
,2025-01-28,,WINDSOR H MARTINIQUE CE SE,,,2.52,1.941602
202501.0,2025-01-29,56501.0,WINDSOR H MARTINIQUE CE SE,Consumidor Especial,SUDESTE,2.52,1.938558
202501.0,2025-01-29,56501.0,WINDSOR H MARTINIQUE CE SE,Consumidor Especial,SUDESTE,2.52,1.938558
,2025-01-29,,WINDSOR H MARTINIQUE CE SE,,,2.52,1.938558
202501.0,2025-01-30,56501.0,WINDSOR H MARTINIQUE CE SE,Consumidor Especial,SUDESTE,2.52,1.880034
202501.0,2025-01-30,56501.0,WINDSOR H MARTINIQUE CE SE,Consumidor Especial,SUDESTE,2.52,1.880034
,2025-01-30,,WINDSOR H MARTINIQUE CE SE,,,2.52,1.880034
202501.0,2025-01-31,56501.0,WINDSOR H MARTINIQUE CE SE,Consumidor Especial,SUDESTE,2.52,1.852499
202501.0,2025-01-31,56501.0,WINDSOR H MARTINIQUE CE SE,Consumidor Especial,SUDESTE,2.52,1.852499
,2025-01-31,,WINDSOR H MARTINIQUE CE SE,,,2.52,1.852499
202502.0,2025-02-01,56501.0,WINDSOR H MARTINIQUE CE SE,Consumidor Especial,SUDESTE,2.52,1.859074
202502.0,2025-02-01,56501.0,WINDSOR H MARTINIQUE CE SE,Consumidor Especial,SUDESTE,2.52,1.859074
,2025-02-01,,WINDSOR H MARTINIQUE CE SE,,,2.52,1.859074
202502.0,2025-02-02,56501.0,WINDSOR H MARTINIQUE CE SE,Consumidor Especial,SUDESTE,2.52,1.917835
202502.0,2025-02-02,56501.0,WINDSOR H MARTINIQUE CE SE,Consumidor Especial,SUDESTE,2.52,1.917835
,2025-02-02,,WINDSOR H MARTINIQUE CE SE,,,2.52,1.917835
202502.0,2025-02-03,56501.0,WINDSOR H MARTINIQUE CE SE,Consumidor Especial,SUDESTE,2.52,1.947225
202502.0,2025-02-03,56501.0,WINDSOR H MARTINIQUE CE SE,Consumidor Especial,SUDESTE,2.52,1.947225
,2025-02-03,,WINDSOR H MARTINIQUE CE SE,,,2.52,1.947225
202502.0,2025-02-04,56501.0,WINDSOR H MARTINIQUE CE SE,Consumidor Especial,SUDESTE,2.52,2.051591
202502.0,2025-02-04,56501.0,WINDSOR H MARTINIQUE CE SE,Consumidor Especial,SUDESTE,2.52,2.051591
,2025-02-04,,WINDSOR H MARTINIQUE CE SE,,,2.52,2.051591
202502.0,2025-02-05,56501.0,WINDSOR H MARTINIQUE CE SE,Consumidor Especial,SUDESTE,2.52,2.096418
202502.0,2025-02-05,56501.0,WINDSOR H MARTINIQUE CE SE,Consumidor Especial,SUDESTE,2.52,2.096418
,2025-02-05,,WINDSOR H MARTINIQUE CE SE,,,2.52,2.096418
202502.0,2025-02-06,56501.0,WINDSOR H MARTINIQUE CE SE,Consumidor Especial,SUDESTE,2.52,2.173503
202502.0,2025-02-06,56501.0,WINDSOR H MARTINIQUE CE SE,Consumidor Especial,SUDESTE,2.52,2.173503
,2025-02-06,,WINDSOR H MARTINIQUE CE SE,,,2.52,2.173503
202502.0,2025-02-07,56501.0,WINDSOR H MARTINIQUE CE SE,Consumidor Especial,SUDESTE,2.52,2.176625
202502.0,2025-02-07,56501.0,WINDSOR H MARTINIQUE CE SE,Consumidor Especial,SUDESTE,2.52,2.176625
,2025-02-07,,WINDSOR H MARTINIQUE CE SE,,,2.52,2.176625
202502.0,2025-02-08,56501.0,WINDSOR H MARTINIQUE CE SE,Consumidor Especial,SUDESTE,2.52,2.145346
202502.0,2025-02-08,56501.0,WINDSOR H MARTINIQUE CE SE,Consumidor Especial,SUDESTE,2.52,2.145346
,2025-02-08,,WINDSOR H MARTINIQUE CE SE,,,2.52,2.145346
202502.0,2025-02-09,56501.0,WINDSOR H MARTINIQUE CE SE,Consumidor Especial,SUDESTE,2.52,2.061875
202502.0,2025-02-09,56501.0,WINDSOR H MARTINIQUE CE SE,Consumidor Especial,SUDESTE,2.52,2.061875
,2025-02-09,,WINDSOR H MARTINIQUE CE SE,,,2.52,2.061875
202502.0,2025-02-10,56501.0,WINDSOR H MARTINIQUE CE SE,Consumidor Especial,SUDESTE,2.52,2.033212
202502.0,2025-02-10,56501.0,WINDSOR H MARTINIQUE CE SE,Consumidor Especial,SUDESTE,2.52,2.033212
,2025-02-10,,WINDSOR H MARTINIQUE CE SE,,,2.52,2.033212
202502.0,2025-02-11,56501.0,WINDSOR H MARTINIQUE CE SE,Consumidor Especial,SUDESTE,2.52,1.967825
202502.0,2025-02-11,56501.0,WINDSOR H MARTINIQUE CE SE,Consumidor Especial,SUDESTE,2.52,1.967825
,2025-02-11,,WINDSOR H MARTINIQUE CE SE,,,2.52,1.967825
202502.0,2025-02-12,56501.0,WINDSOR H MARTINIQUE CE SE,Consumidor Especial,SUDESTE,2.52,2.042515
202502.0,2025-02-12,56501.0,WINDSOR H MARTINIQUE CE SE,Consumidor Especial,SUDESTE,2.52,2.042515
,2025-02-12,,WINDSOR H MARTINIQUE CE SE,,,2.52,2.042515
202502.0,2025-02-13,56501.0,WINDSOR H MARTINIQUE CE SE,Consumidor Especial,SUDESTE,2.52,2.044098
202502.0,2025-02-13,56501.0,WINDSOR H MARTINIQUE CE SE,Consumidor Especial,SUDESTE,2.52,2.044098
,2025-02-13,,WINDSOR H MARTINIQUE CE SE,,,2.52,2.044098
202502.0,2025-02-14,56501.0,WINDSOR H MARTINIQUE CE SE,Consumidor Especial,SUDESTE,2.52,2.099492
202502.0,2025-02-14,56501.0,WINDSOR H MARTINIQUE CE SE,Consumidor Especial,SUDESTE,2.52,2.099492
,2025-02-14,,WINDSOR H MARTINIQUE CE SE,,,2.52,2.099492
202502.0,2025-02-15,56501.0,WINDSOR H MARTINIQUE CE SE,Consumidor Especial,SUDESTE,2.52,1.928418
202502.0,2025-02-15,56501.0,WINDSOR H MARTINIQUE CE SE,Consumidor Especial,SUDESTE,2.52,1.928418
,2025-02-15,,WINDSOR H MARTINIQUE CE SE,,,2.52,1.928418
202502.0,2025-02-16,56501.0,WINDSOR H MARTINIQUE CE SE,Consumidor Especial,SUDESTE,2.52,1.951779
202502.0,2025-02-16,56501.0,WINDSOR H MARTINIQUE CE SE,Consumidor Especial,SUDESTE,2.52,1.951779
,2025-02-16,,WINDSOR H MARTINIQUE CE SE,,,2.52,1.951779
202502.0,2025-02-17,56501.0,WINDSOR H MARTINIQUE CE SE,Consumidor Especial,SUDESTE,2.52,1.935521
202502.0,2025-02-17,56501.0,WINDSOR H MARTINIQUE CE SE,Consumidor Especial,SUDESTE,2.52,1.935521
,2025-02-17,,WINDSOR H MARTINIQUE CE SE,,,2.52,1.935521
202502.0,2025-02-18,56501.0,WINDSOR H MARTINIQUE CE SE,Consumidor Especial,SUDESTE,2.52,1.957905
202502.0,2025-02-18,56501.0,WINDSOR H MARTINIQUE CE SE,Consumidor Especial,SUDESTE,2.52,1.957905
,2025-02-18,,WINDSOR H MARTINIQUE CE SE,,,2.52,1.957905
202502.0,2025-02-19,56501.0,WINDSOR H MARTINIQUE CE SE,Consumidor Especial,SUDESTE,2.52,1.901703
202502.0,2025-02-19,56501.0,WINDSOR H MARTINIQUE CE SE,Consumidor Especial,SUDESTE,2.52,1.901703
,2025-02-19,,WINDSOR H MARTINIQUE CE SE,,,2.52,1.901703
202502.0,2025-02-20,56501.0,WINDSOR H MARTINIQUE CE SE,Consumidor Especial,SUDESTE,2.52,1.874691
202502.0,2025-02-20,56501.0,WINDSOR H MARTINIQUE CE SE,Consumidor Especial,SUDESTE,2.52,1.874691
,2025-02-20,,WINDSOR H MARTINIQUE CE SE,,,2.52,1.874691
202502.0,2025-02-21,56501.0,WINDSOR H MARTINIQUE CE SE,Consumidor Especial,SUDESTE,2.52,2.040734
202502.0,2025-02-21,56501.0,WINDSOR H MARTINIQUE CE SE,Consumidor Especial,SUDESTE,2.52,2.040734
,2025-02-21,,WINDSOR H MARTINIQUE CE SE,,,2.52,2.040734
202502.0,2025-02-22,56501.0,WINDSOR H MARTINIQUE CE SE,Consumidor Especial,SUDESTE,2.52,1.985608
202502.0,2025-02-22,56501.0,WINDSOR H MARTINIQUE CE SE,Consumidor Especial,SUDESTE,2.52,1.985608
,2025-02-22,,WINDSOR H MARTINIQUE CE SE,,,2.52,1.985608
202502.0,2025-02-23,56501.0,WINDSOR H MARTINIQUE CE SE,Consumidor Especial,SUDESTE,2.52,2.0089
202502.0,2025-02-23,56501.0,WINDSOR H MARTINIQUE CE SE,Consumidor Especial,SUDESTE,2.52,2.0089
,2025-02-23,,WINDSOR H MARTINIQUE CE SE,,,2.52,2.0089
202502.0,2025-02-24,56501.0,WINDSOR H MARTINIQUE CE SE,Consumidor Especial,SUDESTE,2.52,1.80159
202502.0,2025-02-24,56501.0,WINDSOR H MARTINIQUE CE SE,Consumidor Especial,SUDESTE,2.52,1.80159
,2025-02-24,,WINDSOR H MARTINIQUE CE SE,,,2.52,1.80159
202502.0,2025-02-25,56501.0,WINDSOR H MARTINIQUE CE SE,Consumidor Especial,SUDESTE,2.52,1.768965
202502.0,2025-02-25,56501.0,WINDSOR H MARTINIQUE CE SE,Consumidor Especial,SUDESTE,2.52,1.768965
,2025-02-25,,WINDSOR H MARTINIQUE CE SE,,,2.52,1.768965
202502.0,2025-02-26,56501.0,WINDSOR H MARTINIQUE CE SE,Consumidor Especial,SUDESTE,2.52,1.730806
202502.0,2025-02-26,56501.0,WINDSOR H MARTINIQUE CE SE,Consumidor Especial,SUDESTE,2.52,1.730806
,2025-02-26,,WINDSOR H MARTINIQUE CE SE,,,2.52,1.730806
202502.0,2025-02-27,56501.0,WINDSOR H MARTINIQUE CE SE,Consumidor Especial,SUDESTE,2.52,1.75729
202502.0,2025-02-27,56501.0,WINDSOR H MARTINIQUE CE SE,Consumidor Especial,SUDESTE,2.52,1.75729
,2025-02-27,,WINDSOR H MARTINIQUE CE SE,,,2.52,1.75729
202502.0,2025-02-28,56501.0,WINDSOR H MARTINIQUE CE SE,Consumidor Especial,SUDESTE,2.52,1.718005
202502.0,2025-02-28,56501.0,WINDSOR H MARTINIQUE CE SE,Consumidor Especial,SUDESTE,2.52,1.718005
,2025-02-28,,WINDSOR H MARTINIQUE CE SE,,,2.52,1.718005
202503.0,2025-03-01,56501.0,WINDSOR H MARTINIQUE CE SE,Consumidor Especial,SUDESTE,2.52,1.750366
202503.0,2025-03-01,56501.0,WINDSOR H MARTINIQUE CE SE,Consumidor Especial,SUDESTE,2.52,1.750366
,2025-03-01,,WINDSOR H MARTINIQUE CE SE,,,2.52,1.750366
202503.0,2025-03-02,56501.0,WINDSOR H MARTINIQUE CE SE,Consumidor Especial,SUDESTE,2.52,1.72521
202503.0,2025-03-02,56501.0,WINDSOR H MARTINIQUE CE SE,Consumidor Especial,SUDESTE,2.52,1.72521
,2025-03-02,,WINDSOR H MARTINIQUE CE SE,,,2.52,1.72521
202503.0,2025-03-03,56501.0,WINDSOR H MARTINIQUE CE SE,Consumidor Especial,SUDESTE,2.52,1.698392
202503.0,2025-03-03,56501.0,WINDSOR H MARTINIQUE CE SE,Consumidor Especial,SUDESTE,2.52,1.698392
,2025-03-03,,WINDSOR H MARTINIQUE CE SE,,,2.52,1.698392
202503.0,2025-03-04,56501.0,WINDSOR H MARTINIQUE CE SE,Consumidor Especial,SUDESTE,2.52,1.730176
202503.0,2025-03-04,56501.0,WINDSOR H MARTINIQUE CE SE,Consumidor Especial,SUDESTE,2.52,1.730176
,2025-03-04,,WINDSOR H MARTINIQUE CE SE,,,2.52,1.730176
202503.0,2025-03-05,56501.0,WINDSOR H MARTINIQUE CE SE,Consumidor Especial,SUDESTE,2.52,1.732447
202503.0,2025-03-05,56501.0,WINDSOR H MARTINIQUE CE SE,Consumidor Especial,SUDESTE,2.52,1.732447
,2025-03-05,,WINDSOR H MARTINIQUE CE SE,,,2.52,1.732447
202503.0,2025-03-06,56501.0,WINDSOR H MARTINIQUE CE SE,Consumidor Especial,SUDESTE,2.52,1.942748
202503.0,2025-03-06,56501.0,WINDSOR H MARTINIQUE CE SE,Consumidor Especial,SUDESTE,2.52,1.942748
,2025-03-06,,WINDSOR H MARTINIQUE CE SE,,,2.52,1.942748
202503.0,2025-03-07,56501.0,WINDSOR H MARTINIQUE CE SE,Consumidor Especial,SUDESTE,2.52,1.795145
202503.0,2025-03-07,56501.0,WINDSOR H MARTINIQUE CE SE,Consumidor Especial,SUDESTE,2.52,1.795145
,2025-03-07,,WINDSOR H MARTINIQUE CE SE,,,2.52,1.795145
202503.0,2025-03-08,56501.0,WINDSOR H MARTINIQUE CE SE,Consumidor Especial,SUDESTE,2.52,1.771045
202503.0,2025-03-08,56501.0,WINDSOR H MARTINIQUE CE SE,Consumidor Especial,SUDESTE,2.52,1.771045
,2025-03-08,,WINDSOR H MARTINIQUE CE SE,,,2.52,1.771045
202503.0,2025-03-09,56501.0,WINDSOR H MARTINIQUE CE SE,Consumidor Especial,SUDESTE,2.52,1.735311
202503.0,2025-03-09,56501.0,WINDSOR H MARTINIQUE CE SE,Consumidor Especial,SUDESTE,2.52,1.735311
,2025-03-09,,WINDSOR H MARTINIQUE CE SE,,,2.52,1.735311
202503.0,2025-03-10,56501.0,WINDSOR H MARTINIQUE CE SE,Consumidor Especial,SUDESTE,2.52,1.725996
202503.0,2025-03-10,56501.0,WINDSOR H MARTINIQUE CE SE,Consumidor Especial,SUDESTE,2.52,1.725996
,2025-03-10,,WINDSOR H MARTINIQUE CE SE,,,2.52,1.725996
202503.0,2025-03-11,56501.0,WINDSOR H MARTINIQUE CE SE,Consumidor Especial,SUDESTE,2.52,1.685347
202503.0,2025-03-11,56501.0,WINDSOR H MARTINIQUE CE SE,Consumidor Especial,SUDESTE,2.52,1.685347
,2025-03-11,,WINDSOR H MARTINIQUE CE SE,,,2.52,1.685347
202503.0,2025-03-12,56501.0,WINDSOR H MARTINIQUE CE SE,Consumidor Especial,SUDESTE,2.52,1.71292
202503.0,2025-03-12,56501.0,WINDSOR H MARTINIQUE CE SE,Consumidor Especial,SUDESTE,2.52,1.71292
,2025-03-12,,WINDSOR H MARTINIQUE CE SE,,,2.52,1.71292
202503.0,2025-03-13,56501.0,WINDSOR H MARTINIQUE CE SE,Consumidor Especial,SUDESTE,2.52,1.793171
202503.0,2025-03-13,56501.0,WINDSOR H MARTINIQUE CE SE,Consumidor Especial,SUDESTE,2.52,1.793171
,2025-03-13,,WINDSOR H MARTINIQUE CE SE,,,2.52,1.793171
202503.0,2025-03-14,56501.0,WINDSOR H MARTINIQUE CE SE,Consumidor Especial,SUDESTE,2.52,1.921886
202503.0,2025-03-14,56501.0,WINDSOR H MARTINIQUE CE SE,Consumidor Especial,SUDESTE,2.52,1.921886
,2025-03-14,,WINDSOR H MARTINIQUE CE SE,,,2.52,1.921886
202503.0,2025-03-15,56501.0,WINDSOR H MARTINIQUE CE SE,Consumidor Especial,SUDESTE,2.52,1.98489
202503.0,2025-03-15,56501.0,WINDSOR H MARTINIQUE CE SE,Consumidor Especial,SUDESTE,2.52,1.98489
,2025-03-15,,WINDSOR H MARTINIQUE CE SE,,,2.52,1.98489
202503.0,2025-03-16,56501.0,WINDSOR H MARTINIQUE CE SE,Consumidor Especial,SUDESTE,2.52,1.888415
202503.0,2025-03-16,56501.0,WINDSOR H MARTINIQUE CE SE,Consumidor Especial,SUDESTE,2.52,1.888415
,2025-03-16,,WINDSOR H MARTINIQUE CE SE,,,2.52,1.888415
202503.0,2025-03-17,56501.0,WINDSOR H MARTINIQUE CE SE,Consumidor Especial,SUDESTE,2.52,1.792408
202503.0,2025-03-17,56501.0,WINDSOR H MARTINIQUE CE SE,Consumidor Especial,SUDESTE,2.52,1.792408
,2025-03-17,,WINDSOR H MARTINIQUE CE SE,,,2.52,1.792408
202503.0,2025-03-18,56501.0,WINDSOR H MARTINIQUE CE SE,Consumidor Especial,SUDESTE,2.52,1.852264
202503.0,2025-03-18,56501.0,WINDSOR H MARTINIQUE CE SE,Consumidor Especial,SUDESTE,2.52,1.852264
,2025-03-18,,WINDSOR H MARTINIQUE CE SE,,,2.52,1.852264
202503.0,2025-03-19,56501.0,WINDSOR H MARTINIQUE CE SE,Consumidor Especial,SUDESTE,2.52,1.857449
202503.0,2025-03-19,56501.0,WINDSOR H MARTINIQUE CE SE,Consumidor Especial,SUDESTE,2.52,1.857449
,2025-03-19,,WINDSOR H MARTINIQUE CE SE,,,2.52,1.857449
202503.0,2025-03-20,56501.0,WINDSOR H MARTINIQUE CE SE,Consumidor Especial,SUDESTE,2.52,1.686901
202503.0,2025-03-20,56501.0,WINDSOR H MARTINIQUE CE SE,Consumidor Especial,SUDESTE,2.52,1.686901
,2025-03-20,,WINDSOR H MARTINIQUE CE SE,,,2.52,1.686901
202503.0,2025-03-21,56501.0,WINDSOR H MARTINIQUE CE SE,Consumidor Especial,SUDESTE,2.52,1.726911
202503.0,2025-03-21,56501.0,WINDSOR H MARTINIQUE CE SE,Consumidor Especial,SUDESTE,2.52,1.726911
,2025-03-21,,WINDSOR H MARTINIQUE CE SE,,,2.52,1.726911
202503.0,2025-03-22,56501.0,WINDSOR H MARTINIQUE CE SE,Consumidor Especial,SUDESTE,2.52,1.729971
202503.0,2025-03-22,56501.0,WINDSOR H MARTINIQUE CE SE,Consumidor Especial,SUDESTE,2.52,1.729971
,2025-03-22,,WINDSOR H MARTINIQUE CE SE,,,2.52,1.729971
202503.0,2025-03-23,56501.0,WINDSOR H MARTINIQUE CE SE,Consumidor Especial,SUDESTE,2.52,1.851858
202503.0,2025-03-23,56501.0,WINDSOR H MARTINIQUE CE SE,Consumidor Especial,SUDESTE,2.52,1.851858
,2025-03-23,,WINDSOR H MARTINIQUE CE SE,,,2.52,1.851858
202503.0,2025-03-24,56501.0,WINDSOR H MARTINIQUE CE SE,Consumidor Especial,SUDESTE,2.52,1.837897
202503.0,2025-03-24,56501.0,WINDSOR H MARTINIQUE CE SE,Consumidor Especial,SUDESTE,2.52,1.837897
,2025-03-24,,WINDSOR H MARTINIQUE CE SE,,,2.52,1.837897
202503.0,2025-03-25,56501.0,WINDSOR H MARTINIQUE CE SE,Consumidor Especial,SUDESTE,2.52,1.725997
202503.0,2025-03-25,56501.0,WINDSOR H MARTINIQUE CE SE,Consumidor Especial,SUDESTE,2.52,1.725997
,2025-03-25,,WINDSOR H MARTINIQUE CE SE,,,2.52,1.725997
202503.0,2025-03-26,56501.0,WINDSOR H MARTINIQUE CE SE,Consumidor Especial,SUDESTE,2.52,1.862229
202503.0,2025-03-26,56501.0,WINDSOR H MARTINIQUE CE SE,Consumidor Especial,SUDESTE,2.52,1.862229
,2025-03-26,,WINDSOR H MARTINIQUE CE SE,,,2.52,1.862229
202503.0,2025-03-27,56501.0,WINDSOR H MARTINIQUE CE SE,Consumidor Especial,SUDESTE,2.52,1.84662
202503.0,2025-03-27,56501.0,WINDSOR H MARTINIQUE CE SE,Consumidor Especial,SUDESTE,2.52,1.84662
,2025-03-27,,WINDSOR H MARTINIQUE CE SE,,,2.52,1.84662
202503.0,2025-03-28,56501.0,WINDSOR H MARTINIQUE CE SE,Consumidor Especial,SUDESTE,2.52,1.847053
202503.0,2025-03-28,56501.0,WINDSOR H MARTINIQUE CE SE,Consumidor Especial,SUDESTE,2.52,1.847053
,2025-03-28,,WINDSOR H MARTINIQUE CE SE,,,2.52,1.847053
202503.0,2025-03-29,56501.0,WINDSOR H MARTINIQUE CE SE,Consumidor Especial,SUDESTE,2.52,1.779166
202503.0,2025-03-29,56501.0,WINDSOR H MARTINIQUE CE SE,Consumidor Especial,SUDESTE,2.52,1.779166
,2025-03-29,,WINDSOR H MARTINIQUE CE SE,,,2.52,1.779166
202503.0,2025-03-30,56501.0,WINDSOR H MARTINIQUE CE SE,Consumidor Especial,SUDESTE,2.52,1.797872
202503.0,2025-03-30,56501.0,WINDSOR H MARTINIQUE CE SE,Consumidor Especial,SUDESTE,2.52,1.797872
,2025-03-30,,WINDSOR H MARTINIQUE CE SE,,,2.52,1.797872
202503.0,2025-03-31,56501.0,WINDSOR H MARTINIQUE CE SE,Consumidor Especial,SUDESTE,2.52,1.770449
202503.0,2025-03-31,56501.0,WINDSOR H MARTINIQUE CE SE,Consumidor Especial,SUDESTE,2.52,1.770449
,2025-03-31,,WINDSOR H MARTINIQUE CE SE,,,2.52,1.770449
202504.0,2025-04-01,56501.0,WINDSOR H MARTINIQUE CE SE,Consumidor Especial,SUDESTE,2.52,1.770047
202504.0,2025-04-01,56501.0,WINDSOR H MARTINIQUE CE SE,Consumidor Especial,SUDESTE,2.52,1.770047
,2025-04-01,,WINDSOR H MARTINIQUE CE SE,,,2.52,1.770047
202504.0,2025-04-02,56501.0,WINDSOR H MARTINIQUE CE SE,Consumidor Especial,SUDESTE,2.52,1.742068
202504.0,2025-04-02,56501.0,WINDSOR H MARTINIQUE CE SE,Consumidor Especial,SUDESTE,2.52,1.742068
,2025-04-02,,WINDSOR H MARTINIQUE CE SE,,,2.52,1.742068
202504.0,2025-04-03,56501.0,WINDSOR H MARTINIQUE CE SE,Consumidor Especial,SUDESTE,2.52,1.8159
202504.0,2025-04-03,56501.0,WINDSOR H MARTINIQUE CE SE,Consumidor Especial,SUDESTE,2.52,1.8159
,2025-04-03,,WINDSOR H MARTINIQUE CE SE,,,2.52,1.8159
202504.0,2025-04-04,56501.0,WINDSOR H MARTINIQUE CE SE,Consumidor Especial,SUDESTE,2.52,1.857694
202504.0,2025-04-04,56501.0,WINDSOR H MARTINIQUE CE SE,Consumidor Especial,SUDESTE,2.52,1.857694
,2025-04-04,,WINDSOR H MARTINIQUE CE SE,,,2.52,1.857694
202504.0,2025-04-05,56501.0,WINDSOR H MARTINIQUE CE SE,Consumidor Especial,SUDESTE,2.52,1.674917
202504.0,2025-04-05,56501.0,WINDSOR H MARTINIQUE CE SE,Consumidor Especial,SUDESTE,2.52,1.674917
,2025-04-05,,WINDSOR H MARTINIQUE CE SE,,,2.52,1.674917
202504.0,2025-04-06,56501.0,WINDSOR H MARTINIQUE CE SE,Consumidor Especial,SUDESTE,2.52,1.504915
202504.0,2025-04-06,56501.0,WINDSOR H MARTINIQUE CE SE,Consumidor Especial,SUDESTE,2.52,1.504915
,2025-04-06,,WINDSOR H MARTINIQUE CE SE,,,2.52,1.504915
202504.0,2025-04-07,56501.0,WINDSOR H MARTINIQUE CE SE,Consumidor Especial,SUDESTE,2.52,1.480969
202504.0,2025-04-07,56501.0,WINDSOR H MARTINIQUE CE SE,Consumidor Especial,SUDESTE,2.52,1.480969
,2025-04-07,,WINDSOR H MARTINIQUE CE SE,,,2.52,1.480969
202504.0,2025-04-08,56501.0,WINDSOR H MARTINIQUE CE SE,Consumidor Especial,SUDESTE,2.52,1.516986
202504.0,2025-04-08,56501.0,WINDSOR H MARTINIQUE CE SE,Consumidor Especial,SUDESTE,2.52,1.516986
,2025-04-08,,WINDSOR H MARTINIQUE CE SE,,,2.52,1.516986
202504.0,2025-04-09,56501.0,WINDSOR H MARTINIQUE CE SE,Consumidor Especial,SUDESTE,2.52,1.586403
202504.0,2025-04-09,56501.0,WINDSOR H MARTINIQUE CE SE,Consumidor Especial,SUDESTE,2.52,1.586403
,2025-04-09,,WINDSOR H MARTINIQUE CE SE,,,2.52,1.586403
202504.0,2025-04-10,56501.0,WINDSOR H MARTINIQUE CE SE,Consumidor Especial,SUDESTE,2.52,1.699573
202504.0,2025-04-10,56501.0,WINDSOR H MARTINIQUE CE SE,Consumidor Especial,SUDESTE,2.52,1.699573
,2025-04-10,,WINDSOR H MARTINIQUE CE SE,,,2.52,1.699573
202504.0,2025-04-11,56501.0,WINDSOR H MARTINIQUE CE SE,Consumidor Especial,SUDESTE,2.52,1.617912
202504.0,2025-04-11,56501.0,WINDSOR H MARTINIQUE CE SE,Consumidor Especial,SUDESTE,2.52,1.617912
,2025-04-11,,WINDSOR H MARTINIQUE CE SE,,,2.52,1.617912
202504.0,2025-04-12,56501.0,WINDSOR H MARTINIQUE CE SE,Consumidor Especial,SUDESTE,2.52,1.64306
202504.0,2025-04-12,56501.0,WINDSOR H MARTINIQUE CE SE,Consumidor Especial,SUDESTE,2.52,1.64306
,2025-04-12,,WINDSOR H MARTINIQUE CE SE,,,2.52,1.64306
202504.0,2025-04-13,56501.0,WINDSOR H MARTINIQUE CE SE,Consumidor Especial,SUDESTE,2.52,1.607469
202504.0,2025-04-13,56501.0,WINDSOR H MARTINIQUE CE SE,Consumidor Especial,SUDESTE,2.52,1.607469
,2025-04-13,,WINDSOR H MARTINIQUE CE SE,,,2.52,1.607469
202504.0,2025-04-14,56501.0,WINDSOR H MARTINIQUE CE SE,Consumidor Especial,SUDESTE,2.52,1.580677
202504.0,2025-04-14,56501.0,WINDSOR H MARTINIQUE CE SE,Consumidor Especial,SUDESTE,2.52,1.580677
,2025-04-14,,WINDSOR H MARTINIQUE CE SE,,,2.52,1.580677
202504.0,2025-04-15,56501.0,WINDSOR H MARTINIQUE CE SE,Consumidor Especial,SUDESTE,2.52,1.19601
202504.0,2025-04-15,56501.0,WINDSOR H MARTINIQUE CE SE,Consumidor Especial,SUDESTE,2.52,1.19601
,2025-04-15,,WINDSOR H MARTINIQUE CE SE,,,2.52,1.19601
202504.0,2025-04-16,56501.0,WINDSOR H MARTINIQUE CE SE,Consumidor Especial,SUDESTE,2.52,1.2958
202504.0,2025-04-16,56501.0,WINDSOR H MARTINIQUE CE SE,Consumidor Especial,SUDESTE,2.52,1.2958
,2025-04-16,,WINDSOR H MARTINIQUE CE SE,,,2.52,1.2958
202504.0,2025-04-17,56501.0,WINDSOR H MARTINIQUE CE SE,Consumidor Especial,SUDESTE,2.52,1.434268
202504.0,2025-04-17,56501.0,WINDSOR H MARTINIQUE CE SE,Consumidor Especial,SUDESTE,2.52,1.434268
,2025-04-17,,WINDSOR H MARTINIQUE CE SE,,,2.52,1.434268
202504.0,2025-04-18,56501.0,WINDSOR H MARTINIQUE CE SE,Consumidor Especial,SUDESTE,2.52,1.520042
202504.0,2025-04-18,56501.0,WINDSOR H MARTINIQUE CE SE,Consumidor Especial,SUDESTE,2.52,1.520042
,2025-04-18,,WINDSOR H MARTINIQUE CE SE,,,2.52,1.520042
202504.0,2025-04-19,56501.0,WINDSOR H MARTINIQUE CE SE,Consumidor Especial,SUDESTE,2.52,1.664292
202504.0,2025-04-19,56501.0,WINDSOR H MARTINIQUE CE SE,Consumidor Especial,SUDESTE,2.52,1.664292
,2025-04-19,,WINDSOR H MARTINIQUE CE SE,,,2.52,1.664292
202504.0,2025-04-20,56501.0,WINDSOR H MARTINIQUE CE SE,Consumidor Especial,SUDESTE,2.52,1.561565
202504.0,2025-04-20,56501.0,WINDSOR H MARTINIQUE CE SE,Consumidor Especial,SUDESTE,2.52,1.561565
,2025-04-20,,WINDSOR H MARTINIQUE CE SE,,,2.52,1.561565
202504.0,2025-04-21,56501.0,WINDSOR H MARTINIQUE CE SE,Consumidor Especial,SUDESTE,2.52,1.283117
202504.0,2025-04-21,56501.0,WINDSOR H MARTINIQUE CE SE,Consumidor Especial,SUDESTE,2.52,1.283117
,2025-04-21,,WINDSOR H MARTINIQUE CE SE,,,2.52,1.283117
202504.0,2025-04-22,56501.0,WINDSOR H MARTINIQUE CE SE,Consumidor Especial,SUDESTE,2.52,1.243612
202504.0,2025-04-22,56501.0,WINDSOR H MARTINIQUE CE SE,Consumidor Especial,SUDESTE,2.52,1.243612
,2025-04-22,,WINDSOR H MARTINIQUE CE SE,,,2.52,1.243612
202504.0,2025-04-23,56501.0,WINDSOR H MARTINIQUE CE SE,Consumidor Especial,SUDESTE,2.52,1.270988
202504.0,2025-04-23,56501.0,WINDSOR H MARTINIQUE CE SE,Consumidor Especial,SUDESTE,2.52,1.270988
,2025-04-23,,WINDSOR H MARTINIQUE CE SE,,,2.52,1.270988
202504.0,2025-04-24,56501.0,WINDSOR H MARTINIQUE CE SE,Consumidor Especial,SUDESTE,2.52,1.357629
202504.0,2025-04-24,56501.0,WINDSOR H MARTINIQUE CE SE,Consumidor Especial,SUDESTE,2.52,1.357629
,2025-04-24,,WINDSOR H MARTINIQUE CE SE,,,2.52,1.357629
202504.0,2025-04-25,56501.0,WINDSOR H MARTINIQUE CE SE,Consumidor Especial,SUDESTE,2.52,1.445128
202504.0,2025-04-25,56501.0,WINDSOR H MARTINIQUE CE SE,Consumidor Especial,SUDESTE,2.52,1.445128
,2025-04-25,,WINDSOR H MARTINIQUE CE SE,,,2.52,1.445128
202504.0,2025-04-26,56501.0,WINDSOR H MARTINIQUE CE SE,Consumidor Especial,SUDESTE,2.52,1.449688
202504.0,2025-04-26,56501.0,WINDSOR H MARTINIQUE CE SE,Consumidor Especial,SUDESTE,2.52,1.449688
,2025-04-26,,WINDSOR H MARTINIQUE CE SE,,,2.52,1.449688
202504.0,2025-04-27,56501.0,WINDSOR H MARTINIQUE CE SE,Consumidor Especial,SUDESTE,2.52,1.51237
202504.0,2025-04-27,56501.0,WINDSOR H MARTINIQUE CE SE,Consumidor Especial,SUDESTE,2.52,1.51237
,2025-04-27,,WINDSOR H MARTINIQUE CE SE,,,2.52,1.51237
202504.0,2025-04-28,56501.0,WINDSOR H MARTINIQUE CE SE,Consumidor Especial,SUDESTE,2.52,1.501429
202504.0,2025-04-28,56501.0,WINDSOR H MARTINIQUE CE SE,Consumidor Especial,SUDESTE,2.52,1.501429
,2025-04-28,,WINDSOR H MARTINIQUE CE SE,,,2.52,1.501429
202504.0,2025-04-29,56501.0,WINDSOR H MARTINIQUE CE SE,Consumidor Especial,SUDESTE,2.52,1.458573
202504.0,2025-04-29,56501.0,WINDSOR H MARTINIQUE CE SE,Consumidor Especial,SUDESTE,2.52,1.458573
,2025-04-29,,WINDSOR H MARTINIQUE CE SE,,,2.52,1.458573
202504.0,2025-04-30,56501.0,WINDSOR H MARTINIQUE CE SE,Consumidor Especial,SUDESTE,2.52,1.377107
202504.0,2025-04-30,56501.0,WINDSOR H MARTINIQUE CE SE,Consumidor Especial,SUDESTE,2.52,1.377107
,2025-04-30,,WINDSOR H MARTINIQUE CE SE,,,2.52,1.377107
202505.0,2025-05-01,56501.0,WINDSOR H MARTINIQUE CE SE,Consumidor Especial,SUDESTE,2.52,1.443797
202505.0,2025-05-01,56501.0,WINDSOR H MARTINIQUE CE SE,Consumidor Especial,SUDESTE,2.52,1.443797
,2025-05-01,,WINDSOR H MARTINIQUE CE SE,,,2.52,1.443797
202505.0,2025-05-02,56501.0,WINDSOR H MARTINIQUE CE SE,Consumidor Especial,SUDESTE,2.52,1.478916
202505.0,2025-05-02,56501.0,WINDSOR H MARTINIQUE CE SE,Consumidor Especial,SUDESTE,2.52,1.478916
,2025-05-02,,WINDSOR H MARTINIQUE CE SE,,,2.52,1.478916
202505.0,2025-05-03,56501.0,WINDSOR H MARTINIQUE CE SE,Consumidor Especial,SUDESTE,2.52,1.520608
202505.0,2025-05-03,56501.0,WINDSOR H MARTINIQUE CE SE,Consumidor Especial,SUDESTE,2.52,1.520608
,2025-05-03,,WINDSOR H MARTINIQUE CE SE,,,2.52,1.520608
202505.0,2025-05-04,56501.0,WINDSOR H MARTINIQUE CE SE,Consumidor Especial,SUDESTE,2.52,1.599742
202505.0,2025-05-04,56501.0,WINDSOR H MARTINIQUE CE SE,Consumidor Especial,SUDESTE,2.52,1.599742
,2025-05-04,,WINDSOR H MARTINIQUE CE SE,,,2.52,1.599742
202505.0,2025-05-05,56501.0,WINDSOR H MARTINIQUE CE SE,Consumidor Especial,SUDESTE,2.52,1.574612
202505.0,2025-05-05,56501.0,WINDSOR H MARTINIQUE CE SE,Consumidor Especial,SUDESTE,2.52,1.574612
,2025-05-05,,WINDSOR H MARTINIQUE CE SE,,,2.52,1.574612
202505.0,2025-05-06,56501.0,WINDSOR H MARTINIQUE CE SE,Consumidor Especial,SUDESTE,2.52,1.576049
202505.0,2025-05-06,56501.0,WINDSOR H MARTINIQUE CE SE,Consumidor Especial,SUDESTE,2.52,1.576049
,2025-05-06,,WINDSOR H MARTINIQUE CE SE,,,2.52,1.576049
202505.0,2025-05-07,56501.0,WINDSOR H MARTINIQUE CE SE,Consumidor Especial,SUDESTE,2.52,1.675156
202505.0,2025-05-07,56501.0,WINDSOR H MARTINIQUE CE SE,Consumidor Especial,SUDESTE,2.52,1.675156
,2025-05-07,,WINDSOR H MARTINIQUE CE SE,,,2.52,1.675156
202505.0,2025-05-08,56501.0,WINDSOR H MARTINIQUE CE SE,Consumidor Especial,SUDESTE,2.52,1.741618
202505.0,2025-05-08,56501.0,WINDSOR H MARTINIQUE CE SE,Consumidor Especial,SUDESTE,2.52,1.741618
,2025-05-08,,WINDSOR H MARTINIQUE CE SE,,,2.52,1.741618
202505.0,2025-05-09,56501.0,WINDSOR H MARTINIQUE CE SE,Consumidor Especial,SUDESTE,2.52,1.679597
202505.0,2025-05-09,56501.0,WINDSOR H MARTINIQUE CE SE,Consumidor Especial,SUDESTE,2.52,1.679597
,2025-05-09,,WINDSOR H MARTINIQUE CE SE,,,2.52,1.679597
202505.0,2025-05-10,56501.0,WINDSOR H MARTINIQUE CE SE,Consumidor Especial,SUDESTE,2.52,1.686462
202505.0,2025-05-10,56501.0,WINDSOR H MARTINIQUE CE SE,Consumidor Especial,SUDESTE,2.52,1.686462
,2025-05-10,,WINDSOR H MARTINIQUE CE SE,,,2.52,1.686462
202505.0,2025-05-11,56501.0,WINDSOR H MARTINIQUE CE SE,Consumidor Especial,SUDESTE,2.52,1.439877
202505.0,2025-05-11,56501.0,WINDSOR H MARTINIQUE CE SE,Consumidor Especial,SUDESTE,2.52,1.439877
,2025-05-11,,WINDSOR H MARTINIQUE CE SE,,,2.52,1.439877
202505.0,2025-05-12,56501.0,WINDSOR H MARTINIQUE CE SE,Consumidor Especial,SUDESTE,2.52,1.355766
202505.0,2025-05-12,56501.0,WINDSOR H MARTINIQUE CE SE,Consumidor Especial,SUDESTE,2.52,1.355766
,2025-05-12,,WINDSOR H MARTINIQUE CE SE,,,2.52,1.355766
202505.0,2025-05-13,56501.0,WINDSOR H MARTINIQUE CE SE,Consumidor Especial,SUDESTE,2.52,1.380063
202505.0,2025-05-13,56501.0,WINDSOR H MARTINIQUE CE SE,Consumidor Especial,SUDESTE,2.52,1.380063
,2025-05-13,,WINDSOR H MARTINIQUE CE SE,,,2.52,1.380063
202505.0,2025-05-14,56501.0,WINDSOR H MARTINIQUE CE SE,Consumidor Especial,SUDESTE,2.52,1.461112
202505.0,2025-05-14,56501.0,WINDSOR H MARTINIQUE CE SE,Consumidor Especial,SUDESTE,2.52,1.461112
,2025-05-14,,WINDSOR H MARTINIQUE CE SE,,,2.52,1.461112
202505.0,2025-05-15,56501.0,WINDSOR H MARTINIQUE CE SE,Consumidor Especial,SUDESTE,2.52,1.457212
202505.0,2025-05-15,56501.0,WINDSOR H MARTINIQUE CE SE,Consumidor Especial,SUDESTE,2.52,1.457212
,2025-05-15,,WINDSOR H MARTINIQUE CE SE,,,2.52,1.457212
202505.0,2025-05-16,56501.0,WINDSOR H MARTINIQUE CE SE,Consumidor Especial,SUDESTE,2.52,1.490218
202505.0,2025-05-16,56501.0,WINDSOR H MARTINIQUE CE SE,Consumidor Especial,SUDESTE,2.52,1.490218
,2025-05-16,,WINDSOR H MARTINIQUE CE SE,,,2.52,1.490218
202505.0,2025-05-17,56501.0,WINDSOR H MARTINIQUE CE SE,Consumidor Especial,SUDESTE,2.52,1.472262
202505.0,2025-05-17,56501.0,WINDSOR H MARTINIQUE CE SE,Consumidor Especial,SUDESTE,2.52,1.472262
,2025-05-17,,WINDSOR H MARTINIQUE CE SE,,,2.52,1.472262
202505.0,2025-05-18,56501.0,WINDSOR H MARTINIQUE CE SE,Consumidor Especial,SUDESTE,2.52,1.446027
202505.0,2025-05-18,56501.0,WINDSOR H MARTINIQUE CE SE,Consumidor Especial,SUDESTE,2.52,1.446027
,2025-05-18,,WINDSOR H MARTINIQUE CE SE,,,2.52,1.446027
202505.0,2025-05-19,56501.0,WINDSOR H MARTINIQUE CE SE,Consumidor Especial,SUDESTE,2.52,1.433509
202505.0,2025-05-19,56501.0,WINDSOR H MARTINIQUE CE SE,Consumidor Especial,SUDESTE,2.52,1.433509
,2025-05-19,,WINDSOR H MARTINIQUE CE SE,,,2.52,1.433509
202505.0,2025-05-20,56501.0,WINDSOR H MARTINIQUE CE SE,Consumidor Especial,SUDESTE,2.52,1.451925
202505.0,2025-05-20,56501.0,WINDSOR H MARTINIQUE CE SE,Consumidor Especial,SUDESTE,2.52,1.451925
,2025-05-20,,WINDSOR H MARTINIQUE CE SE,,,2.52,1.451925
202505.0,2025-05-21,56501.0,WINDSOR H MARTINIQUE CE SE,Consumidor Especial,SUDESTE,2.52,1.441573
202505.0,2025-05-21,56501.0,WINDSOR H MARTINIQUE CE SE,Consumidor Especial,SUDESTE,2.52,1.441573
,2025-05-21,,WINDSOR H MARTINIQUE CE SE,,,2.52,1.441573
202505.0,2025-05-22,56501.0,WINDSOR H MARTINIQUE CE SE,Consumidor Especial,SUDESTE,2.52,1.486302
202505.0,2025-05-22,56501.0,WINDSOR H MARTINIQUE CE SE,Consumidor Especial,SUDESTE,2.52,1.486302
,2025-05-22,,WINDSOR H MARTINIQUE CE SE,,,2.52,1.486302
202505.0,2025-05-23,56501.0,WINDSOR H MARTINIQUE CE SE,Consumidor Especial,SUDESTE,2.52,1.521104
202505.0,2025-05-23,56501.0,WINDSOR H MARTINIQUE CE SE,Consumidor Especial,SUDESTE,2.52,1.521104
,2025-05-23,,WINDSOR H MARTINIQUE CE SE,,,2.52,1.521104
202505.0,2025-05-24,56501.0,WINDSOR H MARTINIQUE CE SE,Consumidor Especial,SUDESTE,2.52,1.374579
202505.0,2025-05-24,56501.0,WINDSOR H MARTINIQUE CE SE,Consumidor Especial,SUDESTE,2.52,1.374579
,2025-05-24,,WINDSOR H MARTINIQUE CE SE,,,2.52,1.374579
202505.0,2025-05-25,56501.0,WINDSOR H MARTINIQUE CE SE,Consumidor Especial,SUDESTE,2.52,1.352123
202505.0,2025-05-25,56501.0,WINDSOR H MARTINIQUE CE SE,Consumidor Especial,SUDESTE,2.52,1.352123
,2025-05-25,,WINDSOR H MARTINIQUE CE SE,,,2.52,1.352123
202505.0,2025-05-26,56501.0,WINDSOR H MARTINIQUE CE SE,Consumidor Especial,SUDESTE,2.52,1.335941
202505.0,2025-05-26,56501.0,WINDSOR H MARTINIQUE CE SE,Consumidor Especial,SUDESTE,2.52,1.335941
,2025-05-26,,WINDSOR H MARTINIQUE CE SE,,,2.52,1.335941
202505.0,2025-05-27,56501.0,WINDSOR H MARTINIQUE CE SE,Consumidor Especial,SUDESTE,2.52,1.316145
202505.0,2025-05-27,56501.0,WINDSOR H MARTINIQUE CE SE,Consumidor Especial,SUDESTE,2.52,1.316145
,2025-05-27,,WINDSOR H MARTINIQUE CE SE,,,2.52,1.316145
202505.0,2025-05-28,56501.0,WINDSOR H MARTINIQUE CE SE,Consumidor Especial,SUDESTE,2.52,1.411699
202505.0,2025-05-28,56501.0,WINDSOR H MARTINIQUE CE SE,Consumidor Especial,SUDESTE,2.52,1.411699
,2025-05-28,,WINDSOR H MARTINIQUE CE SE,,,2.52,1.411699
202505.0,2025-05-29,56501.0,WINDSOR H MARTINIQUE CE SE,Consumidor Especial,SUDESTE,2.52,1.418533
202505.0,2025-05-29,56501.0,WINDSOR H MARTINIQUE CE SE,Consumidor Especial,SUDESTE,2.52,1.418533
,2025-05-29,,WINDSOR H MARTINIQUE CE SE,,,2.52,1.418533
202505.0,2025-05-30,56501.0,WINDSOR H MARTINIQUE CE SE,Consumidor Especial,SUDESTE,2.52,1.33733
202505.0,2025-05-30,56501.0,WINDSOR H MARTINIQUE CE SE,Consumidor Especial,SUDESTE,2.52,1.33733
,2025-05-30,,WINDSOR H MARTINIQUE CE SE,,,2.52,1.33733
202505.0,2025-05-31,56501.0,WINDSOR H MARTINIQUE CE SE,Consumidor Especial,SUDESTE,2.52,1.284446
202505.0,2025-05-31,56501.0,WINDSOR H MARTINIQUE CE SE,Consumidor Especial,SUDESTE,2.52,1.284446
,2025-05-31,,WINDSOR H MARTINIQUE CE SE,,,2.52,1.284446
202506.0,2025-06-01,56501.0,WINDSOR H MARTINIQUE CE SE,Consumidor Especial,SUDESTE,2.52,1.277677
202506.0,2025-06-01,56501.0,WINDSOR H MARTINIQUE CE SE,Consumidor Especial,SUDESTE,2.52,1.277677
,2025-06-01,,WINDSOR H MARTINIQUE CE SE,,,2.52,1.277677
202506.0,2025-06-02,56501.0,WINDSOR H MARTINIQUE CE SE,Consumidor Especial,SUDESTE,2.52,1.231365
202506.0,2025-06-02,56501.0,WINDSOR H MARTINIQUE CE SE,Consumidor Especial,SUDESTE,2.52,1.231365
,2025-06-02,,WINDSOR H MARTINIQUE CE SE,,,2.52,1.231365
202506.0,2025-06-03,56501.0,WINDSOR H MARTINIQUE CE SE,Consumidor Especial,SUDESTE,2.52,1.257782
202506.0,2025-06-03,56501.0,WINDSOR H MARTINIQUE CE SE,Consumidor Especial,SUDESTE,2.52,1.257782
,2025-06-03,,WINDSOR H MARTINIQUE CE SE,,,2.52,1.257782
202506.0,2025-06-04,56501.0,WINDSOR H MARTINIQUE CE SE,Consumidor Especial,SUDESTE,2.52,1.309542
202506.0,2025-06-04,56501.0,WINDSOR H MARTINIQUE CE SE,Consumidor Especial,SUDESTE,2.52,1.309542
,2025-06-04,,WINDSOR H MARTINIQUE CE SE,,,2.52,1.309542
202506.0,2025-06-05,56501.0,WINDSOR H MARTINIQUE CE SE,Consumidor Especial,SUDESTE,2.52,1.420253
202506.0,2025-06-05,56501.0,WINDSOR H MARTINIQUE CE SE,Consumidor Especial,SUDESTE,2.52,1.420253
,2025-06-05,,WINDSOR H MARTINIQUE CE SE,,,2.52,1.420253
202506.0,2025-06-06,56501.0,WINDSOR H MARTINIQUE CE SE,Consumidor Especial,SUDESTE,2.52,1.409419
202506.0,2025-06-06,56501.0,WINDSOR H MARTINIQUE CE SE,Consumidor Especial,SUDESTE,2.52,1.409419
,2025-06-06,,WINDSOR H MARTINIQUE CE SE,,,2.52,1.409419
202506.0,2025-06-07,56501.0,WINDSOR H MARTINIQUE CE SE,Consumidor Especial,SUDESTE,2.52,1.326031
202506.0,2025-06-07,56501.0,WINDSOR H MARTINIQUE CE SE,Consumidor Especial,SUDESTE,2.52,1.326031
,2025-06-07,,WINDSOR H MARTINIQUE CE SE,,,2.52,1.326031
202506.0,2025-06-08,56501.0,WINDSOR H MARTINIQUE CE SE,Consumidor Especial,SUDESTE,2.52,1.28181
202506.0,2025-06-08,56501.0,WINDSOR H MARTINIQUE CE SE,Consumidor Especial,SUDESTE,2.52,1.28181
,2025-06-08,,WINDSOR H MARTINIQUE CE SE,,,2.52,1.28181
202506.0,2025-06-09,56501.0,WINDSOR H MARTINIQUE CE SE,Consumidor Especial,SUDESTE,2.52,1.190836
202506.0,2025-06-09,56501.0,WINDSOR H MARTINIQUE CE SE,Consumidor Especial,SUDESTE,2.52,1.190836
,2025-06-09,,WINDSOR H MARTINIQUE CE SE,,,2.52,1.190836
202506.0,2025-06-10,56501.0,WINDSOR H MARTINIQUE CE SE,Consumidor Especial,SUDESTE,2.52,1.18635
202506.0,2025-06-10,56501.0,WINDSOR H MARTINIQUE CE SE,Consumidor Especial,SUDESTE,2.52,1.18635
,2025-06-10,,WINDSOR H MARTINIQUE CE SE,,,2.52,1.18635
202506.0,2025-06-11,56501.0,WINDSOR H MARTINIQUE CE SE,Consumidor Especial,SUDESTE,2.52,1.116404
202506.0,2025-06-11,56501.0,WINDSOR H MARTINIQUE CE SE,Consumidor Especial,SUDESTE,2.52,1.116404
,2025-06-11,,WINDSOR H MARTINIQUE CE SE,,,2.52,1.116404
202506.0,2025-06-12,56501.0,WINDSOR H MARTINIQUE CE SE,Consumidor Especial,SUDESTE,2.52,1.138323
202506.0,2025-06-12,56501.0,WINDSOR H MARTINIQUE CE SE,Consumidor Especial,SUDESTE,2.52,1.138323
,2025-06-12,,WINDSOR H MARTINIQUE CE SE,,,2.52,1.138323
202506.0,2025-06-13,56501.0,WINDSOR H MARTINIQUE CE SE,Consumidor Especial,SUDESTE,2.52,1.161892
202506.0,2025-06-13,56501.0,WINDSOR H MARTINIQUE CE SE,Consumidor Especial,SUDESTE,2.52,1.161892
,2025-06-13,,WINDSOR H MARTINIQUE CE SE,,,2.52,1.161892
202506.0,2025-06-14,56501.0,WINDSOR H MARTINIQUE CE SE,Consumidor Especial,SUDESTE,2.52,1.157076
202506.0,2025-06-14,56501.0,WINDSOR H MARTINIQUE CE SE,Consumidor Especial,SUDESTE,2.52,1.157076
,2025-06-14,,WINDSOR H MARTINIQUE CE SE,,,2.52,1.157076
202506.0,2025-06-15,56501.0,WINDSOR H MARTINIQUE CE SE,Consumidor Especial,SUDESTE,2.52,1.172188
202506.0,2025-06-15,56501.0,WINDSOR H MARTINIQUE CE SE,Consumidor Especial,SUDESTE,2.52,1.172188
,2025-06-15,,WINDSOR H MARTINIQUE CE SE,,,2.52,1.172188
202506.0,2025-06-16,56501.0,WINDSOR H MARTINIQUE CE SE,Consumidor Especial,SUDESTE,2.52,1.134886
202506.0,2025-06-16,56501.0,WINDSOR H MARTINIQUE CE SE,Consumidor Especial,SUDESTE,2.52,1.134886
,2025-06-16,,WINDSOR H MARTINIQUE CE SE,,,2.52,1.134886
202506.0,2025-06-17,56501.0,WINDSOR H MARTINIQUE CE SE,Consumidor Especial,SUDESTE,2.52,1.175396
202506.0,2025-06-17,56501.0,WINDSOR H MARTINIQUE CE SE,Consumidor Especial,SUDESTE,2.52,1.175396
,2025-06-17,,WINDSOR H MARTINIQUE CE SE,,,2.52,1.175396
202506.0,2025-06-18,56501.0,WINDSOR H MARTINIQUE CE SE,Consumidor Especial,SUDESTE,2.52,1.22111
202506.0,2025-06-18,56501.0,WINDSOR H MARTINIQUE CE SE,Consumidor Especial,SUDESTE,2.52,1.22111
,2025-06-18,,WINDSOR H MARTINIQUE CE SE,,,2.52,1.22111
202506.0,2025-06-19,56501.0,WINDSOR H MARTINIQUE CE SE,Consumidor Especial,SUDESTE,2.52,1.335716
202506.0,2025-06-19,56501.0,WINDSOR H MARTINIQUE CE SE,Consumidor Especial,SUDESTE,2.52,1.335716
,2025-06-19,,WINDSOR H MARTINIQUE CE SE,,,2.52,1.335716
202506.0,2025-06-20,56501.0,WINDSOR H MARTINIQUE CE SE,Consumidor Especial,SUDESTE,2.52,1.525214
202506.0,2025-06-20,56501.0,WINDSOR H MARTINIQUE CE SE,Consumidor Especial,SUDESTE,2.52,1.525214
,2025-06-20,,WINDSOR H MARTINIQUE CE SE,,,2.52,1.525214
202506.0,2025-06-21,56501.0,WINDSOR H MARTINIQUE CE SE,Consumidor Especial,SUDESTE,2.52,1.489877
202506.0,2025-06-21,56501.0,WINDSOR H MARTINIQUE CE SE,Consumidor Especial,SUDESTE,2.52,1.489877
,2025-06-21,,WINDSOR H MARTINIQUE CE SE,,,2.52,1.489877
202506.0,2025-06-22,56501.0,WINDSOR H MARTINIQUE CE SE,Consumidor Especial,SUDESTE,2.52,1.425561
202506.0,2025-06-22,56501.0,WINDSOR H MARTINIQUE CE SE,Consumidor Especial,SUDESTE,2.52,1.425561
,2025-06-22,,WINDSOR H MARTINIQUE CE SE,,,2.52,1.425561
202506.0,2025-06-23,56501.0,WINDSOR H MARTINIQUE CE SE,Consumidor Especial,SUDESTE,2.52,1.454219
202506.0,2025-06-23,56501.0,WINDSOR H MARTINIQUE CE SE,Consumidor Especial,SUDESTE,2.52,1.454219
,2025-06-23,,WINDSOR H MARTINIQUE CE SE,,,2.52,1.454219
202506.0,2025-06-24,56501.0,WINDSOR H MARTINIQUE CE SE,Consumidor Especial,SUDESTE,2.52,1.308161
202506.0,2025-06-24,56501.0,WINDSOR H MARTINIQUE CE SE,Consumidor Especial,SUDESTE,2.52,1.308161
,2025-06-24,,WINDSOR H MARTINIQUE CE SE,,,2.52,1.308161
202506.0,2025-06-25,56501.0,WINDSOR H MARTINIQUE CE SE,Consumidor Especial,SUDESTE,2.52,1.216327
202506.0,2025-06-25,56501.0,WINDSOR H MARTINIQUE CE SE,Consumidor Especial,SUDESTE,2.52,1.216327
,2025-06-25,,WINDSOR H MARTINIQUE CE SE,,,2.52,1.216327
202506.0,2025-06-26,56501.0,WINDSOR H MARTINIQUE CE SE,Consumidor Especial,SUDESTE,2.52,1.249153
202506.0,2025-06-26,56501.0,WINDSOR H MARTINIQUE CE SE,Consumidor Especial,SUDESTE,2.52,1.249153
,2025-06-26,,WINDSOR H MARTINIQUE CE SE,,,2.52,1.249153
202506.0,2025-06-27,56501.0,WINDSOR H MARTINIQUE CE SE,Consumidor Especial,SUDESTE,2.52,1.377462
202506.0,2025-06-27,56501.0,WINDSOR H MARTINIQUE CE SE,Consumidor Especial,SUDESTE,2.52,1.377462
,2025-06-27,,WINDSOR H MARTINIQUE CE SE,,,2.52,1.377462
202506.0,2025-06-28,56501.0,WINDSOR H MARTINIQUE CE SE,Consumidor Especial,SUDESTE,2.52,1.362803
202506.0,2025-06-28,56501.0,WINDSOR H MARTINIQUE CE SE,Consumidor Especial,SUDESTE,2.52,1.362803
,2025-06-28,,WINDSOR H MARTINIQUE CE SE,,,2.52,1.362803
202506.0,2025-06-29,56501.0,WINDSOR H MARTINIQUE CE SE,Consumidor Especial,SUDESTE,2.52,1.338145
202506.0,2025-06-29,56501.0,WINDSOR H MARTINIQUE CE SE,Consumidor Especial,SUDESTE,2.52,1.338145
,2025-06-29,,WINDSOR H MARTINIQUE CE SE,,,2.52,1.338145
202506.0,2025-06-30,56501.0,WINDSOR H MARTINIQUE CE SE,Consumidor Especial,SUDESTE,2.52,1.3646
202506.0,2025-06-30,56501.0,WINDSOR H MARTINIQUE CE SE,Consumidor Especial,SUDESTE,2.52,1.3646
,2025-06-30,,WINDSOR H MARTINIQUE CE SE,,,2.52,1.3646
202507.0,2025-07-01,56501.0,WINDSOR H MARTINIQUE CE SE,Consumidor Especial,SUDESTE,2.52,1.333072
202507.0,2025-07-01,56501.0,WINDSOR H MARTINIQUE CE SE,Consumidor Especial,SUDESTE,2.52,1.333072
,2025-07-01,,WINDSOR H MARTINIQUE CE SE,,,2.52,1.333072
202507.0,2025-07-02,56501.0,WINDSOR H MARTINIQUE CE SE,Consumidor Especial,SUDESTE,2.52,1.309061
202507.0,2025-07-02,56501.0,WINDSOR H MARTINIQUE CE SE,Consumidor Especial,SUDESTE,2.52,1.309061
,2025-07-02,,WINDSOR H MARTINIQUE CE SE,,,2.52,1.309061
202507.0,2025-07-03,56501.0,WINDSOR H MARTINIQUE CE SE,Consumidor Especial,SUDESTE,2.52,1.187243
202507.0,2025-07-03,56501.0,WINDSOR H MARTINIQUE CE SE,Consumidor Especial,SUDESTE,2.52,1.187243
,2025-07-03,,WINDSOR H MARTINIQUE CE SE,,,2.52,1.187243
202507.0,2025-07-04,56501.0,WINDSOR H MARTINIQUE CE SE,Consumidor Especial,SUDESTE,2.52,1.153674
202507.0,2025-07-04,56501.0,WINDSOR H MARTINIQUE CE SE,Consumidor Especial,SUDESTE,2.52,1.153674
,2025-07-04,,WINDSOR H MARTINIQUE CE SE,,,2.52,1.153674
202507.0,2025-07-05,56501.0,WINDSOR H MARTINIQUE CE SE,Consumidor Especial,SUDESTE,2.52,1.110156
202507.0,2025-07-05,56501.0,WINDSOR H MARTINIQUE CE SE,Consumidor Especial,SUDESTE,2.52,1.110156
,2025-07-05,,WINDSOR H MARTINIQUE CE SE,,,2.52,1.110156
202507.0,2025-07-06,56501.0,WINDSOR H MARTINIQUE CE SE,Consumidor Especial,SUDESTE,2.52,1.14179
202507.0,2025-07-06,56501.0,WINDSOR H MARTINIQUE CE SE,Consumidor Especial,SUDESTE,2.52,1.14179
,2025-07-06,,WINDSOR H MARTINIQUE CE SE,,,2.52,1.14179
202507.0,2025-07-07,56501.0,WINDSOR H MARTINIQUE CE SE,Consumidor Especial,SUDESTE,2.52,1.189701
202507.0,2025-07-07,56501.0,WINDSOR H MARTINIQUE CE SE,Consumidor Especial,SUDESTE,2.52,1.189701
,2025-07-07,,WINDSOR H MARTINIQUE CE SE,,,2.52,1.189701
202507.0,2025-07-08,56501.0,WINDSOR H MARTINIQUE CE SE,Consumidor Especial,SUDESTE,2.52,1.15852
202507.0,2025-07-08,56501.0,WINDSOR H MARTINIQUE CE SE,Consumidor Especial,SUDESTE,2.52,1.15852
,2025-07-08,,WINDSOR H MARTINIQUE CE SE,,,2.52,1.15852
202507.0,2025-07-09,56501.0,WINDSOR H MARTINIQUE CE SE,Consumidor Especial,SUDESTE,2.52,1.137801
202507.0,2025-07-09,56501.0,WINDSOR H MARTINIQUE CE SE,Consumidor Especial,SUDESTE,2.52,1.137801
,2025-07-09,,WINDSOR H MARTINIQUE CE SE,,,2.52,1.137801
202507.0,2025-07-10,56501.0,WINDSOR H MARTINIQUE CE SE,Consumidor Especial,SUDESTE,2.52,1.1917
202507.0,2025-07-10,56501.0,WINDSOR H MARTINIQUE CE SE,Consumidor Especial,SUDESTE,2.52,1.1917
,2025-07-10,,WINDSOR H MARTINIQUE CE SE,,,2.52,1.1917
202507.0,2025-07-11,56501.0,WINDSOR H MARTINIQUE CE SE,Consumidor Especial,SUDESTE,2.52,1.23901
202507.0,2025-07-11,56501.0,WINDSOR H MARTINIQUE CE SE,Consumidor Especial,SUDESTE,2.52,1.23901
,2025-07-11,,WINDSOR H MARTINIQUE CE SE,,,2.52,1.23901
202507.0,2025-07-12,56501.0,WINDSOR H MARTINIQUE CE SE,Consumidor Especial,SUDESTE,2.52,1.269674
202507.0,2025-07-12,56501.0,WINDSOR H MARTINIQUE CE SE,Consumidor Especial,SUDESTE,2.52,1.269674
,2025-07-12,,WINDSOR H MARTINIQUE CE SE,,,2.52,1.269674
202507.0,2025-07-13,56501.0,WINDSOR H MARTINIQUE CE SE,Consumidor Especial,SUDESTE,2.52,1.277156
202507.0,2025-07-13,56501.0,WINDSOR H MARTINIQUE CE SE,Consumidor Especial,SUDESTE,2.52,1.277156
,2025-07-13,,WINDSOR H MARTINIQUE CE SE,,,2.52,1.277156
202507.0,2025-07-14,56501.0,WINDSOR H MARTINIQUE CE SE,Consumidor Especial,SUDESTE,2.52,1.306463
202507.0,2025-07-14,56501.0,WINDSOR H MARTINIQUE CE SE,Consumidor Especial,SUDESTE,2.52,1.306463
,2025-07-14,,WINDSOR H MARTINIQUE CE SE,,,2.52,1.306463
202507.0,2025-07-15,56501.0,WINDSOR H MARTINIQUE CE SE,Consumidor Especial,SUDESTE,2.52,1.265859
202507.0,2025-07-15,56501.0,WINDSOR H MARTINIQUE CE SE,Consumidor Especial,SUDESTE,2.52,1.265859
,2025-07-15,,WINDSOR H MARTINIQUE CE SE,,,2.52,1.265859
202507.0,2025-07-16,56501.0,WINDSOR H MARTINIQUE CE SE,Consumidor Especial,SUDESTE,2.52,1.253037
202507.0,2025-07-16,56501.0,WINDSOR H MARTINIQUE CE SE,Consumidor Especial,SUDESTE,2.52,1.253037
,2025-07-16,,WINDSOR H MARTINIQUE CE SE,,,2.52,1.253037
202507.0,2025-07-17,56501.0,WINDSOR H MARTINIQUE CE SE,Consumidor Especial,SUDESTE,2.52,1.326408
202507.0,2025-07-17,56501.0,WINDSOR H MARTINIQUE CE SE,Consumidor Especial,SUDESTE,2.52,1.326408
,2025-07-17,,WINDSOR H MARTINIQUE CE SE,,,2.52,1.326408
202507.0,2025-07-18,56501.0,WINDSOR H MARTINIQUE CE SE,Consumidor Especial,SUDESTE,2.52,1.397044
202507.0,2025-07-18,56501.0,WINDSOR H MARTINIQUE CE SE,Consumidor Especial,SUDESTE,2.52,1.397044
,2025-07-18,,WINDSOR H MARTINIQUE CE SE,,,2.52,1.397044
202507.0,2025-07-19,56501.0,WINDSOR H MARTINIQUE CE SE,Consumidor Especial,SUDESTE,2.52,1.351412
202507.0,2025-07-19,56501.0,WINDSOR H MARTINIQUE CE SE,Consumidor Especial,SUDESTE,2.52,1.351412
,2025-07-19,,WINDSOR H MARTINIQUE CE SE,,,2.52,1.351412
202507.0,2025-07-20,56501.0,WINDSOR H MARTINIQUE CE SE,Consumidor Especial,SUDESTE,2.52,1.294334
202507.0,2025-07-20,56501.0,WINDSOR H MARTINIQUE CE SE,Consumidor Especial,SUDESTE,2.52,1.294334
,2025-07-20,,WINDSOR H MARTINIQUE CE SE,,,2.52,1.294334
202507.0,2025-07-21,56501.0,WINDSOR H MARTINIQUE CE SE,Consumidor Especial,SUDESTE,2.52,1.28784
202507.0,2025-07-21,56501.0,WINDSOR H MARTINIQUE CE SE,Consumidor Especial,SUDESTE,2.52,1.28784
,2025-07-21,,WINDSOR H MARTINIQUE CE SE,,,2.52,1.28784
202507.0,2025-07-22,56501.0,WINDSOR H MARTINIQUE CE SE,Consumidor Especial,SUDESTE,2.52,1.334602
202507.0,2025-07-22,56501.0,WINDSOR H MARTINIQUE CE SE,Consumidor Especial,SUDESTE,2.52,1.334602
,2025-07-22,,WINDSOR H MARTINIQUE CE SE,,,2.52,1.334602
202507.0,2025-07-23,56501.0,WINDSOR H MARTINIQUE CE SE,Consumidor Especial,SUDESTE,2.52,1.309779
202507.0,2025-07-23,56501.0,WINDSOR H MARTINIQUE CE SE,Consumidor Especial,SUDESTE,2.52,1.309779
,2025-07-23,,WINDSOR H MARTINIQUE CE SE,,,2.52,1.309779
202507.0,2025-07-24,56501.0,WINDSOR H MARTINIQUE CE SE,Consumidor Especial,SUDESTE,2.52,1.334482
202507.0,2025-07-24,56501.0,WINDSOR H MARTINIQUE CE SE,Consumidor Especial,SUDESTE,2.52,1.334482
,2025-07-24,,WINDSOR H MARTINIQUE CE SE,,,2.52,1.334482
202507.0,2025-07-25,56501.0,WINDSOR H MARTINIQUE CE SE,Consumidor Especial,SUDESTE,2.52,1.401707
202507.0,2025-07-25,56501.0,WINDSOR H MARTINIQUE CE SE,Consumidor Especial,SUDESTE,2.52,1.401707
,2025-07-25,,WINDSOR H MARTINIQUE CE SE,,,2.52,1.401707
202507.0,2025-07-26,56501.0,WINDSOR H MARTINIQUE CE SE,Consumidor Especial,SUDESTE,2.52,1.373356
202507.0,2025-07-26,56501.0,WINDSOR H MARTINIQUE CE SE,Consumidor Especial,SUDESTE,2.52,1.373356
,2025-07-26,,WINDSOR H MARTINIQUE CE SE,,,2.52,1.373356
202507.0,2025-07-27,56501.0,WINDSOR H MARTINIQUE CE SE,Consumidor Especial,SUDESTE,2.52,1.250851
202507.0,2025-07-27,56501.0,WINDSOR H MARTINIQUE CE SE,Consumidor Especial,SUDESTE,2.52,1.250851
,2025-07-27,,WINDSOR H MARTINIQUE CE SE,,,2.52,1.250851
202507.0,2025-07-28,56501.0,WINDSOR H MARTINIQUE CE SE,Consumidor Especial,SUDESTE,2.52,1.374469
202507.0,2025-07-28,56501.0,WINDSOR H MARTINIQUE CE SE,Consumidor Especial,SUDESTE,2.52,1.374469
,2025-07-28,,WINDSOR H MARTINIQUE CE SE,,,2.52,1.374469
202507.0,2025-07-29,56501.0,WINDSOR H MARTINIQUE CE SE,Consumidor Especial,SUDESTE,2.52,1.28303
202507.0,2025-07-29,56501.0,WINDSOR H MARTINIQUE CE SE,Consumidor Especial,SUDESTE,2.52,1.28303
,2025-07-29,,WINDSOR H MARTINIQUE CE SE,,,2.52,1.28303
202507.0,2025-07-30,56501.0,WINDSOR H MARTINIQUE CE SE,Consumidor Especial,SUDESTE,2.52,1.154525
202507.0,2025-07-30,56501.0,WINDSOR H MARTINIQUE CE SE,Consumidor Especial,SUDESTE,2.52,1.154525
,2025-07-30,,WINDSOR H MARTINIQUE CE SE,,,2.52,1.154525
202507.0,2025-07-31,56501.0,WINDSOR H MARTINIQUE CE SE,Consumidor Especial,SUDESTE,2.52,1.137919
202507.0,2025-07-31,56501.0,WINDSOR H MARTINIQUE CE SE,Consumidor Especial,SUDESTE,2.52,1.137919
,2025-07-31,,WINDSOR H MARTINIQUE CE SE,,,2.52,1.137919
202508.0,2025-08-01,56501.0,WINDSOR H MARTINIQUE CE SE,Consumidor Especial,SUDESTE,2.52,1.22303
202508.0,2025-08-01,56501.0,WINDSOR H MARTINIQUE CE SE,Consumidor Especial,SUDESTE,2.52,1.22303
,2025-08-01,,WINDSOR H MARTINIQUE CE SE,,,2.52,1.22303
202508.0,2025-08-02,56501.0,WINDSOR H MARTINIQUE CE SE,Consumidor Especial,SUDESTE,2.52,1.257089
202508.0,2025-08-02,56501.0,WINDSOR H MARTINIQUE CE SE,Consumidor Especial,SUDESTE,2.52,1.257089
,2025-08-02,,WINDSOR H MARTINIQUE CE SE,,,2.52,1.257089
202508.0,2025-08-03,56501.0,WINDSOR H MARTINIQUE CE SE,Consumidor Especial,SUDESTE,2.52,1.266707
202508.0,2025-08-03,56501.0,WINDSOR H MARTINIQUE CE SE,Consumidor Especial,SUDESTE,2.52,1.266707
,2025-08-03,,WINDSOR H MARTINIQUE CE SE,,,2.52,1.266707
202508.0,2025-08-04,56501.0,WINDSOR H MARTINIQUE CE SE,Consumidor Especial,SUDESTE,2.52,1.325608
202508.0,2025-08-04,56501.0,WINDSOR H MARTINIQUE CE SE,Consumidor Especial,SUDESTE,2.52,1.325608
,2025-08-04,,WINDSOR H MARTINIQUE CE SE,,,2.52,1.325608
202508.0,2025-08-05,56501.0,WINDSOR H MARTINIQUE CE SE,Consumidor Especial,SUDESTE,2.52,1.359534
202508.0,2025-08-05,56501.0,WINDSOR H MARTINIQUE CE SE,Consumidor Especial,SUDESTE,2.52,1.359534
,2025-08-05,,WINDSOR H MARTINIQUE CE SE,,,2.52,1.359534
202508.0,2025-08-06,56501.0,WINDSOR H MARTINIQUE CE SE,Consumidor Especial,SUDESTE,2.52,1.359454
202508.0,2025-08-06,56501.0,WINDSOR H MARTINIQUE CE SE,Consumidor Especial,SUDESTE,2.52,1.359454
,2025-08-06,,WINDSOR H MARTINIQUE CE SE,,,2.52,1.359454
202508.0,2025-08-07,56501.0,WINDSOR H MARTINIQUE CE SE,Consumidor Especial,SUDESTE,2.52,1.392209
202508.0,2025-08-07,56501.0,WINDSOR H MARTINIQUE CE SE,Consumidor Especial,SUDESTE,2.52,1.392209
,2025-08-07,,WINDSOR H MARTINIQUE CE SE,,,2.52,1.392209
202508.0,2025-08-08,56501.0,WINDSOR H MARTINIQUE CE SE,Consumidor Especial,SUDESTE,2.52,1.494226
202508.0,2025-08-08,56501.0,WINDSOR H MARTINIQUE CE SE,Consumidor Especial,SUDESTE,2.52,1.494226
,2025-08-08,,WINDSOR H MARTINIQUE CE SE,,,2.52,1.494226
202508.0,2025-08-09,56501.0,WINDSOR H MARTINIQUE CE SE,Consumidor Especial,SUDESTE,2.52,1.375347
202508.0,2025-08-09,56501.0,WINDSOR H MARTINIQUE CE SE,Consumidor Especial,SUDESTE,2.52,1.375347
,2025-08-09,,WINDSOR H MARTINIQUE CE SE,,,2.52,1.375347
202508.0,2025-08-10,56501.0,WINDSOR H MARTINIQUE CE SE,Consumidor Especial,SUDESTE,2.52,1.260439
202508.0,2025-08-10,56501.0,WINDSOR H MARTINIQUE CE SE,Consumidor Especial,SUDESTE,2.52,1.260439
,2025-08-10,,WINDSOR H MARTINIQUE CE SE,,,2.52,1.260439
202508.0,2025-08-11,56501.0,WINDSOR H MARTINIQUE CE SE,Consumidor Especial,SUDESTE,2.52,1.223652
202508.0,2025-08-11,56501.0,WINDSOR H MARTINIQUE CE SE,Consumidor Especial,SUDESTE,2.52,1.223652
,2025-08-11,,WINDSOR H MARTINIQUE CE SE,,,2.52,1.223652
202508.0,2025-08-12,56501.0,WINDSOR H MARTINIQUE CE SE,Consumidor Especial,SUDESTE,2.52,1.148858
202508.0,2025-08-12,56501.0,WINDSOR H MARTINIQUE CE SE,Consumidor Especial,SUDESTE,2.52,1.148858
,2025-08-12,,WINDSOR H MARTINIQUE CE SE,,,2.52,1.148858
202508.0,2025-08-13,56501.0,WINDSOR H MARTINIQUE CE SE,Consumidor Especial,SUDESTE,2.52,1.230882
202508.0,2025-08-13,56501.0,WINDSOR H MARTINIQUE CE SE,Consumidor Especial,SUDESTE,2.52,1.230882
,2025-08-13,,WINDSOR H MARTINIQUE CE SE,,,2.52,1.230882
202508.0,2025-08-14,56501.0,WINDSOR H MARTINIQUE CE SE,Consumidor Especial,SUDESTE,2.52,1.280417
202508.0,2025-08-14,56501.0,WINDSOR H MARTINIQUE CE SE,Consumidor Especial,SUDESTE,2.52,1.280417
,2025-08-14,,WINDSOR H MARTINIQUE CE SE,,,2.52,1.280417
202508.0,2025-08-15,56501.0,WINDSOR H MARTINIQUE CE SE,Consumidor Especial,SUDESTE,2.52,1.269212
202508.0,2025-08-15,56501.0,WINDSOR H MARTINIQUE CE SE,Consumidor Especial,SUDESTE,2.52,1.269212
,2025-08-15,,WINDSOR H MARTINIQUE CE SE,,,2.52,1.269212
202508.0,2025-08-16,56501.0,WINDSOR H MARTINIQUE CE SE,Consumidor Especial,SUDESTE,2.52,1.251731
202508.0,2025-08-16,56501.0,WINDSOR H MARTINIQUE CE SE,Consumidor Especial,SUDESTE,2.52,1.251731
,2025-08-16,,WINDSOR H MARTINIQUE CE SE,,,2.52,1.251731
202508.0,2025-08-17,56501.0,WINDSOR H MARTINIQUE CE SE,Consumidor Especial,SUDESTE,2.52,1.25971
202508.0,2025-08-17,56501.0,WINDSOR H MARTINIQUE CE SE,Consumidor Especial,SUDESTE,2.52,1.25971
,2025-08-17,,WINDSOR H MARTINIQUE CE SE,,,2.52,1.25971
202508.0,2025-08-18,56501.0,WINDSOR H MARTINIQUE CE SE,Consumidor Especial,SUDESTE,2.52,1.286732
202508.0,2025-08-18,56501.0,WINDSOR H MARTINIQUE CE SE,Consumidor Especial,SUDESTE,2.52,1.286732
,2025-08-18,,WINDSOR H MARTINIQUE CE SE,,,2.52,1.286732
202508.0,2025-08-19,56501.0,WINDSOR H MARTINIQUE CE SE,Consumidor Especial,SUDESTE,2.52,1.224242
202508.0,2025-08-19,56501.0,WINDSOR H MARTINIQUE CE SE,Consumidor Especial,SUDESTE,2.52,1.224242
,2025-08-19,,WINDSOR H MARTINIQUE CE SE,,,2.52,1.224242
202508.0,2025-08-20,56501.0,WINDSOR H MARTINIQUE CE SE,Consumidor Especial,SUDESTE,2.52,1.324352
202508.0,2025-08-20,56501.0,WINDSOR H MARTINIQUE CE SE,Consumidor Especial,SUDESTE,2.52,1.324352
,2025-08-20,,WINDSOR H MARTINIQUE CE SE,,,2.52,1.324352
202508.0,2025-08-21,56501.0,WINDSOR H MARTINIQUE CE SE,Consumidor Especial,SUDESTE,2.52,1.420453
202508.0,2025-08-21,56501.0,WINDSOR H MARTINIQUE CE SE,Consumidor Especial,SUDESTE,2.52,1.420453
,2025-08-21,,WINDSOR H MARTINIQUE CE SE,,,2.52,1.420453
202508.0,2025-08-22,56501.0,WINDSOR H MARTINIQUE CE SE,Consumidor Especial,SUDESTE,2.52,1.515436
202508.0,2025-08-22,56501.0,WINDSOR H MARTINIQUE CE SE,Consumidor Especial,SUDESTE,2.52,1.515436
,2025-08-22,,WINDSOR H MARTINIQUE CE SE,,,2.52,1.515436
202508.0,2025-08-23,56501.0,WINDSOR H MARTINIQUE CE SE,Consumidor Especial,SUDESTE,2.52,1.605194
202508.0,2025-08-23,56501.0,WINDSOR H MARTINIQUE CE SE,Consumidor Especial,SUDESTE,2.52,1.605194
,2025-08-23,,WINDSOR H MARTINIQUE CE SE,,,2.52,1.605194
202508.0,2025-08-24,56501.0,WINDSOR H MARTINIQUE CE SE,Consumidor Especial,SUDESTE,2.52,1.46496
202508.0,2025-08-24,56501.0,WINDSOR H MARTINIQUE CE SE,Consumidor Especial,SUDESTE,2.52,1.46496
,2025-08-24,,WINDSOR H MARTINIQUE CE SE,,,2.52,1.46496
202508.0,2025-08-25,56501.0,WINDSOR H MARTINIQUE CE SE,Consumidor Especial,SUDESTE,2.52,1.288609
202508.0,2025-08-25,56501.0,WINDSOR H MARTINIQUE CE SE,Consumidor Especial,SUDESTE,2.52,1.288609
,2025-08-25,,WINDSOR H MARTINIQUE CE SE,,,2.52,1.288609
202508.0,2025-08-26,56501.0,WINDSOR H MARTINIQUE CE SE,Consumidor Especial,SUDESTE,2.52,1.429114
202508.0,2025-08-26,56501.0,WINDSOR H MARTINIQUE CE SE,Consumidor Especial,SUDESTE,2.52,1.429114
,2025-08-26,,WINDSOR H MARTINIQUE CE SE,,,2.52,1.429114
202508.0,2025-08-27,56501.0,WINDSOR H MARTINIQUE CE SE,Consumidor Especial,SUDESTE,2.52,1.38466
202508.0,2025-08-27,56501.0,WINDSOR H MARTINIQUE CE SE,Consumidor Especial,SUDESTE,2.52,1.38466
,2025-08-27,,WINDSOR H MARTINIQUE CE SE,,,2.52,1.38466
202508.0,2025-08-28,56501.0,WINDSOR H MARTINIQUE CE SE,Consumidor Especial,SUDESTE,2.52,1.476396
202508.0,2025-08-28,56501.0,WINDSOR H MARTINIQUE CE SE,Consumidor Especial,SUDESTE,2.52,1.476396
,2025-08-28,,WINDSOR H MARTINIQUE CE SE,,,2.52,1.476396
202508.0,2025-08-29,56501.0,WINDSOR H MARTINIQUE CE SE,Consumidor Especial,SUDESTE,2.52,1.437914
202508.0,2025-08-29,56501.0,WINDSOR H MARTINIQUE CE SE,Consumidor Especial,SUDESTE,2.52,1.437914
,2025-08-29,,WINDSOR H MARTINIQUE CE SE,,,2.52,1.437914
202508.0,2025-08-30,56501.0,WINDSOR H MARTINIQUE CE SE,Consumidor Especial,SUDESTE,2.52,1.382628
202508.0,2025-08-30,56501.0,WINDSOR H MARTINIQUE CE SE,Consumidor Especial,SUDESTE,2.52,1.382628
,2025-08-30,,WINDSOR H MARTINIQUE CE SE,,,2.52,1.382628
202508.0,2025-08-31,56501.0,WINDSOR H MARTINIQUE CE SE,Consumidor Especial,SUDESTE,2.52,1.307532
202508.0,2025-08-31,56501.0,WINDSOR H MARTINIQUE CE SE,Consumidor Especial,SUDESTE,2.52,1.307532
,2025-08-31,,WINDSOR H MARTINIQUE CE SE,,,2.52,1.307532
