MES_REFERENCIA,DATA,CODIGO_PERFIL_AGENTE,SIGLA_PERFIL_AGENTE,CLASSE_PERFIL_AGENTE,SUBMERCADO,CAPACIDADE_CARGA,CONSUMO_CARGA_ACL
,2022-01-01,92151.0,ADESTE PAV,Consumidor Especial,SUDESTE,20.4,4.205678
,2022-01-02,92151.0,ADESTE PAV,Consumidor Especial,SUDESTE,20.4,4.379734
,2022-01-03,92151.0,ADESTE PAV,Consumidor Especial,SUDESTE,20.4,7.223375
,2022-01-04,92151.0,ADESTE PAV,Consumidor Especial,SUDESTE,20.4,8.590241
,2022-01-05,92151.0,ADESTE PAV,Consumidor Especial,SUDESTE,20.4,10.810388
,2022-01-06,92151.0,ADESTE PAV,Consumidor Especial,SUDESTE,20.4,12.140511
,2022-01-07,92151.0,ADESTE PAV,Consumidor Especial,SUDESTE,20.4,11.200972
,2022-01-08,92151.0,ADESTE PAV,Consumidor Especial,SUDESTE,20.4,9.642639
,2022-01-09,92151.0,ADESTE PAV,Consumidor Especial,SUDESTE,20.4,8.435142
,2022-01-10,92151.0,ADESTE PAV,Consumidor Especial,SUDESTE,20.4,9.926428
,2022-01-11,92151.0,ADESTE PAV,Consumidor Especial,SUDESTE,20.4,12.066536
,2022-01-12,92151.0,ADESTE PAV,Consumidor Especial,SUDESTE,20.4,10.492625
,2022-01-13,92151.0,ADESTE PAV,Consumidor Especial,SUDESTE,20.4,13.467571
,2022-01-14,92151.0,ADESTE PAV,Consumidor Especial,SUDESTE,20.4,11.951406
,2022-01-15,92151.0,ADESTE PAV,Consumidor Especial,SUDESTE,20.4,11.2956
,2022-01-16,92151.0,ADESTE PAV,Consumidor Especial,SUDESTE,20.4,10.061334
,2022-01-17,92151.0,ADESTE PAV,Consumidor Especial,SUDESTE,20.4,10.987411
,2022-01-18,92151.0,ADESTE PAV,Consumidor Especial,SUDESTE,20.4,11.024774
,2022-01-19,92151.0,ADESTE PAV,Consumidor Especial,SUDESTE,20.4,10.577346
,2022-01-20,92151.0,ADESTE PAV,Consumidor Especial,SUDESTE,20.4,11.113631
,2022-01-21,92151.0,ADESTE PAV,Consumidor Especial,SUDESTE,20.4,10.586139
,2022-01-22,92151.0,ADESTE PAV,Consumidor Especial,SUDESTE,20.4,12.582509
,2022-01-23,92151.0,ADESTE PAV,Consumidor Especial,SUDESTE,20.4,11.440558
,2022-01-24,92151.0,ADESTE PAV,Consumidor Especial,SUDESTE,20.4,12.701495
,2022-01-25,92151.0,ADESTE PAV,Consumidor Especial,SUDESTE,20.4,9.876046
,2022-01-26,92151.0,ADESTE PAV,Consumidor Especial,SUDESTE,20.4,12.966268
,2022-01-27,92151.0,ADESTE PAV,Consumidor Especial,SUDESTE,20.4,12.541083
,2022-01-28,92151.0,ADESTE PAV,Consumidor Especial,SUDESTE,20.4,11.698463
,2022-01-29,92151.0,ADESTE PAV,Consumidor Especial,SUDESTE,20.4,9.003136
,2022-01-30,92151.0,ADESTE PAV,Consumidor Especial,SUDESTE,20.4,7.57834
,2022-01-31,92151.0,ADESTE PAV,Consumidor Especial,SUDESTE,20.4,6.138648
,2022-02-01,92151.0,ADESTE PAV,Consumidor Especial,SUDESTE,20.4,6.293956
,2022-02-02,92151.0,ADESTE PAV,Consumidor Especial,SUDESTE,20.4,11.070601
,2022-02-03,92151.0,ADESTE PAV,Consumidor Especial,SUDESTE,20.4,10.822794
,2022-02-04,92151.0,ADESTE PAV,Consumidor Especial,SUDESTE,20.4,10.055122
,2022-02-05,92151.0,ADESTE PAV,Consumidor Especial,SUDESTE,20.4,9.419952
,2022-02-06,92151.0,ADESTE PAV,Consumidor Especial,SUDESTE,20.4,8.800485
,2022-02-07,92151.0,ADESTE PAV,Consumidor Especial,SUDESTE,20.4,10.936478
,2022-02-08,92151.0,ADESTE PAV,Consumidor Especial,SUDESTE,20.4,13.044131
,2022-02-09,92151.0,ADESTE PAV,Consumidor Especial,SUDESTE,20.4,11.777607
,2022-02-10,92151.0,ADESTE PAV,Consumidor Especial,SUDESTE,20.4,10.888398
,2022-02-11,92151.0,ADESTE PAV,Consumidor Especial,SUDESTE,20.4,11.548246
,2022-02-12,92151.0,ADESTE PAV,Consumidor Especial,SUDESTE,20.4,9.559011
,2022-02-13,92151.0,ADESTE PAV,Consumidor Especial,SUDESTE,20.4,7.355653
,2022-02-14,92151.0,ADESTE PAV,Consumidor Especial,SUDESTE,20.4,10.43509
,2022-02-15,92151.0,ADESTE PAV,Consumidor Especial,SUDESTE,20.4,12.253698
,2022-02-16,92151.0,ADESTE PAV,Consumidor Especial,SUDESTE,20.4,13.310687
,2022-02-17,92151.0,ADESTE PAV,Consumidor Especial,SUDESTE,20.4,12.905908
,2022-02-18,92151.0,ADESTE PAV,Consumidor Especial,SUDESTE,20.4,12.335517
,2022-02-19,92151.0,ADESTE PAV,Consumidor Especial,SUDESTE,20.4,10.06765
,2022-02-20,92151.0,ADESTE PAV,Consumidor Especial,SUDESTE,20.4,8.01982
,2022-02-21,92151.0,ADESTE PAV,Consumidor Especial,SUDESTE,20.4,10.983306
,2022-02-22,92151.0,ADESTE PAV,Consumidor Especial,SUDESTE,20.4,12.902846
,2022-02-23,92151.0,ADESTE PAV,Consumidor Especial,SUDESTE,20.4,12.836375
,2022-02-24,92151.0,ADESTE PAV,Consumidor Especial,SUDESTE,20.4,13.442105
,2022-02-25,92151.0,ADESTE PAV,Consumidor Especial,SUDESTE,20.4,10.046313
,2022-02-26,92151.0,ADESTE PAV,Consumidor Especial,SUDESTE,20.4,10.696394
,2022-02-27,92151.0,ADESTE PAV,Consumidor Especial,SUDESTE,20.4,8.311914999999999
,2022-02-28,92151.0,ADESTE PAV,Consumidor Especial,SUDESTE,20.4,9.002166
,2022-03-01,92151.0,ADESTE PAV,Consumidor Especial,SUDESTE,20.4,10.496189
,2022-03-02,92151.0,ADESTE PAV,Consumidor Especial,SUDESTE,20.4,12.069119
,2022-03-03,92151.0,ADESTE PAV,Consumidor Especial,SUDESTE,20.4,14.107103
,2022-03-04,92151.0,ADESTE PAV,Consumidor Especial,SUDESTE,20.4,13.841141
,2022-03-05,92151.0,ADESTE PAV,Consumidor Especial,SUDESTE,20.4,13.739298
,2022-03-06,92151.0,ADESTE PAV,Consumidor Especial,SUDESTE,20.4,10.81268
,2022-03-07,92151.0,ADESTE PAV,Consumidor Especial,SUDESTE,20.4,11.785593
,2022-03-08,92151.0,ADESTE PAV,Consumidor Especial,SUDESTE,20.4,10.933129
,2022-03-09,92151.0,ADESTE PAV,Consumidor Especial,SUDESTE,20.4,12.641524
,2022-03-10,92151.0,ADESTE PAV,Consumidor Especial,SUDESTE,20.4,13.508761
,2022-03-11,92151.0,ADESTE PAV,Consumidor Especial,SUDESTE,20.4,9.166277
,2022-03-12,92151.0,ADESTE PAV,Consumidor Especial,SUDESTE,20.4,7.892513
,2022-03-13,92151.0,ADESTE PAV,Consumidor Especial,SUDESTE,20.4,7.71144
,2022-03-14,92151.0,ADESTE PAV,Consumidor Especial,SUDESTE,20.4,9.457001
,2022-03-15,92151.0,ADESTE PAV,Consumidor Especial,SUDESTE,20.4,11.498445
,2022-03-16,92151.0,ADESTE PAV,Consumidor Especial,SUDESTE,20.4,12.083155
,2022-03-17,92151.0,ADESTE PAV,Consumidor Especial,SUDESTE,20.4,12.555597
,2022-03-18,92151.0,ADESTE PAV,Consumidor Especial,SUDESTE,20.4,12.726123
,2022-03-19,92151.0,ADESTE PAV,Consumidor Especial,SUDESTE,20.4,11.020626
,2022-03-20,92151.0,ADESTE PAV,Consumidor Especial,SUDESTE,20.4,8.170155
,2022-03-21,92151.0,ADESTE PAV,Consumidor Especial,SUDESTE,20.4,9.692658
,2022-03-22,92151.0,ADESTE PAV,Consumidor Especial,SUDESTE,20.4,11.487634
,2022-03-23,92151.0,ADESTE PAV,Consumidor Especial,SUDESTE,20.4,11.306497
,2022-03-24,92151.0,ADESTE PAV,Consumidor Especial,SUDESTE,20.4,12.479408
,2022-03-25,92151.0,ADESTE PAV,Consumidor Especial,SUDESTE,20.4,10.929449
,2022-03-26,92151.0,ADESTE PAV,Consumidor Especial,SUDESTE,20.4,10.518837
,2022-03-27,92151.0,ADESTE PAV,Consumidor Especial,SUDESTE,20.4,11.150312
,2022-03-28,92151.0,ADESTE PAV,Consumidor Especial,SUDESTE,20.4,12.264196
,2022-03-29,92151.0,ADESTE PAV,Consumidor Especial,SUDESTE,20.4,13.706721
,2022-03-30,92151.0,ADESTE PAV,Consumidor Especial,SUDESTE,20.4,12.24393
,2022-03-31,92151.0,ADESTE PAV,Consumidor Especial,SUDESTE,20.4,11.538644
,2022-04-01,92151.0,ADESTE PAV,Consumidor Especial,SUDESTE,20.4,11.70096
,2022-04-02,92151.0,ADESTE PAV,Consumidor Especial,SUDESTE,20.4,10.267413
,2022-04-03,92151.0,ADESTE PAV,Consumidor Especial,SUDESTE,20.4,9.310898
,2022-04-04,92151.0,ADESTE PAV,Consumidor Especial,SUDESTE,20.4,11.548962
,2022-04-05,92151.0,ADESTE PAV,Consumidor Especial,SUDESTE,20.4,10.488348
,2022-04-06,92151.0,ADESTE PAV,Consumidor Especial,SUDESTE,20.4,11.077821
,2022-04-07,92151.0,ADESTE PAV,Consumidor Especial,SUDESTE,20.4,11.887676
,2022-04-08,92151.0,ADESTE PAV,Consumidor Especial,SUDESTE,20.4,12.887152
,2022-04-09,92151.0,ADESTE PAV,Consumidor Especial,SUDESTE,20.4,10.833985
,2022-04-10,92151.0,ADESTE PAV,Consumidor Especial,SUDESTE,20.4,7.180259
,2022-04-11,92151.0,ADESTE PAV,Consumidor Especial,SUDESTE,20.4,8.388649000000001
,2022-04-12,92151.0,ADESTE PAV,Consumidor Especial,SUDESTE,20.4,9.910498
,2022-04-13,92151.0,ADESTE PAV,Consumidor Especial,SUDESTE,20.4,11.453145
,2022-04-14,92151.0,ADESTE PAV,Consumidor Especial,SUDESTE,20.4,10.456625
,2022-04-15,92151.0,ADESTE PAV,Consumidor Especial,SUDESTE,20.4,8.117477
,2022-04-16,92151.0,ADESTE PAV,Consumidor Especial,SUDESTE,20.4,6.788925
,2022-04-17,92151.0,ADESTE PAV,Consumidor Especial,SUDESTE,20.4,6.488201
,2022-04-18,92151.0,ADESTE PAV,Consumidor Especial,SUDESTE,20.4,8.231016
,2022-04-19,92151.0,ADESTE PAV,Consumidor Especial,SUDESTE,20.4,9.253031
,2022-04-20,92151.0,ADESTE PAV,Consumidor Especial,SUDESTE,20.4,10.538023
,2022-04-21,92151.0,ADESTE PAV,Consumidor Especial,SUDESTE,20.4,10.099447
,2022-04-22,92151.0,ADESTE PAV,Consumidor Especial,SUDESTE,20.4,8.494041
,2022-04-23,92151.0,ADESTE PAV,Consumidor Especial,SUDESTE,20.4,7.208339
,2022-04-24,92151.0,ADESTE PAV,Consumidor Especial,SUDESTE,20.4,7.050737
,2022-04-25,92151.0,ADESTE PAV,Consumidor Especial,SUDESTE,20.4,9.636986
,2022-04-26,92151.0,ADESTE PAV,Consumidor Especial,SUDESTE,20.4,10.176876
,2022-04-27,92151.0,ADESTE PAV,Consumidor Especial,SUDESTE,20.4,11.065212
,2022-04-28,92151.0,ADESTE PAV,Consumidor Especial,SUDESTE,20.4,11.142686
,2022-04-29,92151.0,ADESTE PAV,Consumidor Especial,SUDESTE,20.4,11.312453
,2022-04-30,92151.0,ADESTE PAV,Consumidor Especial,SUDESTE,20.4,10.681318
,2022-05-01,92151.0,ADESTE PAV,Consumidor Especial,SUDESTE,20.4,9.70864
,2022-05-02,92151.0,ADESTE PAV,Consumidor Especial,SUDESTE,20.4,12.016281
,2022-05-03,92151.0,ADESTE PAV,Consumidor Especial,SUDESTE,20.4,12.33755
,2022-05-04,92151.0,ADESTE PAV,Consumidor Especial,SUDESTE,20.4,10.509919
,2022-05-05,92151.0,ADESTE PAV,Consumidor Especial,SUDESTE,20.4,10.351566
,2022-05-06,92151.0,ADESTE PAV,Consumidor Especial,SUDESTE,20.4,11.293257
,2022-05-07,92151.0,ADESTE PAV,Consumidor Especial,SUDESTE,20.4,8.939418
,2022-05-08,92151.0,ADESTE PAV,Consumidor Especial,SUDESTE,20.4,6.762822
,2022-05-09,92151.0,ADESTE PAV,Consumidor Especial,SUDESTE,20.4,8.597845
,2022-05-10,92151.0,ADESTE PAV,Consumidor Especial,SUDESTE,20.4,7.548499
,2022-05-11,92151.0,ADESTE PAV,Consumidor Especial,SUDESTE,20.4,9.844563
,2022-05-12,92151.0,ADESTE PAV,Consumidor Especial,SUDESTE,20.4,12.438884
,2022-05-13,92151.0,ADESTE PAV,Consumidor Especial,SUDESTE,20.4,10.227601
,2022-05-14,92151.0,ADESTE PAV,Consumidor Especial,SUDESTE,20.4,10.495903
,2022-05-15,92151.0,ADESTE PAV,Consumidor Especial,SUDESTE,20.4,9.108358
,2022-05-16,92151.0,ADESTE PAV,Consumidor Especial,SUDESTE,20.4,10.75774
,2022-05-17,92151.0,ADESTE PAV,Consumidor Especial,SUDESTE,20.4,11.652742
,2022-05-18,92151.0,ADESTE PAV,Consumidor Especial,SUDESTE,20.4,10.12328
,2022-05-19,92151.0,ADESTE PAV,Consumidor Especial,SUDESTE,20.4,9.169428
,2022-05-20,92151.0,ADESTE PAV,Consumidor Especial,SUDESTE,20.4,9.839738
,2022-05-21,92151.0,ADESTE PAV,Consumidor Especial,SUDESTE,20.4,8.731474
,2022-05-22,92151.0,ADESTE PAV,Consumidor Especial,SUDESTE,20.4,7.262413
,2022-05-23,92151.0,ADESTE PAV,Consumidor Especial,SUDESTE,20.4,9.075143
,2022-05-24,92151.0,ADESTE PAV,Consumidor Especial,SUDESTE,20.4,12.099047
,2022-05-25,92151.0,ADESTE PAV,Consumidor Especial,SUDESTE,20.4,12.297446
,2022-05-26,92151.0,ADESTE PAV,Consumidor Especial,SUDESTE,20.4,11.444892
,2022-05-27,92151.0,ADESTE PAV,Consumidor Especial,SUDESTE,20.4,12.352071
,2022-05-28,92151.0,ADESTE PAV,Consumidor Especial,SUDESTE,20.4,10.882397
,2022-05-29,92151.0,ADESTE PAV,Consumidor Especial,SUDESTE,20.4,9.129097
,2022-05-30,92151.0,ADESTE PAV,Consumidor Especial,SUDESTE,20.4,8.828616
,2022-05-31,92151.0,ADESTE PAV,Consumidor Especial,SUDESTE,20.4,10.443284
,2022-06-01,92151.0,ADESTE PAV,Consumidor Especial,SUDESTE,20.4,9.410721
,2022-06-02,92151.0,ADESTE PAV,Consumidor Especial,SUDESTE,20.4,10.897503
,2022-06-03,92151.0,ADESTE PAV,Consumidor Especial,SUDESTE,20.4,11.560096
,2022-06-04,92151.0,ADESTE PAV,Consumidor Especial,SUDESTE,20.4,10.769549
,2022-06-05,92151.0,ADESTE PAV,Consumidor Especial,SUDESTE,20.4,8.589907
,2022-06-06,92151.0,ADESTE PAV,Consumidor Especial,SUDESTE,20.4,9.029744
,2022-06-07,92151.0,ADESTE PAV,Consumidor Especial,SUDESTE,20.4,10.946715
,2022-06-08,92151.0,ADESTE PAV,Consumidor Especial,SUDESTE,20.4,12.229775
,2022-06-09,92151.0,ADESTE PAV,Consumidor Especial,SUDESTE,20.4,12.030386
,2022-06-10,92151.0,ADESTE PAV,Consumidor Especial,SUDESTE,20.4,12.310445
,2022-06-11,92151.0,ADESTE PAV,Consumidor Especial,SUDESTE,20.4,11.91381
,2022-06-12,92151.0,ADESTE PAV,Consumidor Especial,SUDESTE,20.4,10.319819
,2022-06-13,92151.0,ADESTE PAV,Consumidor Especial,SUDESTE,20.4,9.450861
,2022-06-14,92151.0,ADESTE PAV,Consumidor Especial,SUDESTE,20.4,11.167542
,2022-06-15,92151.0,ADESTE PAV,Consumidor Especial,SUDESTE,20.4,11.220092
,2022-06-16,92151.0,ADESTE PAV,Consumidor Especial,SUDESTE,20.4,11.632166
,2022-06-17,92151.0,ADESTE PAV,Consumidor Especial,SUDESTE,20.4,10.007583
,2022-06-18,92151.0,ADESTE PAV,Consumidor Especial,SUDESTE,20.4,10.691667
,2022-06-19,92151.0,ADESTE PAV,Consumidor Especial,SUDESTE,20.4,9.85062
,2022-06-20,92151.0,ADESTE PAV,Consumidor Especial,SUDESTE,20.4,9.471243
,2022-06-21,92151.0,ADESTE PAV,Consumidor Especial,SUDESTE,20.4,11.600162
,2022-06-22,92151.0,ADESTE PAV,Consumidor Especial,SUDESTE,20.4,13.549046
,2022-06-23,92151.0,ADESTE PAV,Consumidor Especial,SUDESTE,20.4,12.817586
,2022-06-24,92151.0,ADESTE PAV,Consumidor Especial,SUDESTE,20.4,11.735905
,2022-06-25,92151.0,ADESTE PAV,Consumidor Especial,SUDESTE,20.4,9.522845
,2022-06-26,92151.0,ADESTE PAV,Consumidor Especial,SUDESTE,20.4,10.369365
,2022-06-27,92151.0,ADESTE PAV,Consumidor Especial,SUDESTE,20.4,11.032278
,2022-06-28,92151.0,ADESTE PAV,Consumidor Especial,SUDESTE,20.4,12.071035
,2022-06-29,92151.0,ADESTE PAV,Consumidor Especial,SUDESTE,20.4,12.510365
,2022-06-30,92151.0,ADESTE PAV,Consumidor Especial,SUDESTE,20.4,11.86313
,2022-07-01,92151.0,ADESTE PAV,Consumidor Especial,SUDESTE,20.4,12.149499
,2022-07-02,92151.0,ADESTE PAV,Consumidor Especial,SUDESTE,20.4,12.552639
,2022-07-03,92151.0,ADESTE PAV,Consumidor Especial,SUDESTE,20.4,9.784748
,2022-07-04,92151.0,ADESTE PAV,Consumidor Especial,SUDESTE,20.4,10.76367
,2022-07-05,92151.0,ADESTE PAV,Consumidor Especial,SUDESTE,20.4,13.872172
,2022-07-06,92151.0,ADESTE PAV,Consumidor Especial,SUDESTE,20.4,12.831437
,2022-07-07,92151.0,ADESTE PAV,Consumidor Especial,SUDESTE,20.4,12.95523
,2022-07-08,92151.0,ADESTE PAV,Consumidor Especial,SUDESTE,20.4,12.222918
,2022-07-09,92151.0,ADESTE PAV,Consumidor Especial,SUDESTE,20.4,11.567425
,2022-07-10,92151.0,ADESTE PAV,Consumidor Especial,SUDESTE,20.4,9.329349
,2022-07-11,92151.0,ADESTE PAV,Consumidor Especial,SUDESTE,20.4,9.95979
,2022-07-12,92151.0,ADESTE PAV,Consumidor Especial,SUDESTE,20.4,12.509665
,2022-07-13,92151.0,ADESTE PAV,Consumidor Especial,SUDESTE,20.4,13.492547
,2022-07-14,92151.0,ADESTE PAV,Consumidor Especial,SUDESTE,20.4,12.629397
,2022-07-15,92151.0,ADESTE PAV,Consumidor Especial,SUDESTE,20.4,12.434761
,2022-07-16,92151.0,ADESTE PAV,Consumidor Especial,SUDESTE,20.4,12.58668
,2022-07-17,92151.0,ADESTE PAV,Consumidor Especial,SUDESTE,20.4,8.66391
,2022-07-18,92151.0,ADESTE PAV,Consumidor Especial,SUDESTE,20.4,9.113166
,2022-07-19,92151.0,ADESTE PAV,Consumidor Especial,SUDESTE,20.4,10.097696
,2022-07-20,92151.0,ADESTE PAV,Consumidor Especial,SUDESTE,20.4,10.660743
,2022-07-21,92151.0,ADESTE PAV,Consumidor Especial,SUDESTE,20.4,11.600572
,2022-07-22,92151.0,ADESTE PAV,Consumidor Especial,SUDESTE,20.4,13.769409
,2022-07-23,92151.0,ADESTE PAV,Consumidor Especial,SUDESTE,20.4,10.812892
,2022-07-24,92151.0,ADESTE PAV,Consumidor Especial,SUDESTE,20.4,10.381897
,2022-07-25,92151.0,ADESTE PAV,Consumidor Especial,SUDESTE,20.4,10.694221
,2022-07-26,92151.0,ADESTE PAV,Consumidor Especial,SUDESTE,20.4,12.059242
,2022-07-27,92151.0,ADESTE PAV,Consumidor Especial,SUDESTE,20.4,13.672241
,2022-07-28,92151.0,ADESTE PAV,Consumidor Especial,SUDESTE,20.4,13.56479
,2022-07-29,92151.0,ADESTE PAV,Consumidor Especial,SUDESTE,20.4,13.865012
,2022-07-30,92151.0,ADESTE PAV,Consumidor Especial,SUDESTE,20.4,13.134451
,2022-07-31,92151.0,ADESTE PAV,Consumidor Especial,SUDESTE,20.4,11.073952
,2022-08-01,92151.0,ADESTE PAV,Consumidor Especial,SUDESTE,20.4,12.170023
,2022-08-02,92151.0,ADESTE PAV,Consumidor Especial,SUDESTE,20.4,12.491138
,2022-08-03,92151.0,ADESTE PAV,Consumidor Especial,SUDESTE,20.4,13.12949
,2022-08-04,92151.0,ADESTE PAV,Consumidor Especial,SUDESTE,20.4,12.447817
,2022-08-05,92151.0,ADESTE PAV,Consumidor Especial,SUDESTE,20.4,13.21673
,2022-08-06,92151.0,ADESTE PAV,Consumidor Especial,SUDESTE,20.4,11.165774
,2022-08-07,92151.0,ADESTE PAV,Consumidor Especial,SUDESTE,20.4,7.335442
,2022-08-08,92151.0,ADESTE PAV,Consumidor Especial,SUDESTE,20.4,9.007476
,2022-08-09,92151.0,ADESTE PAV,Consumidor Especial,SUDESTE,20.4,13.25055
,2022-08-10,92151.0,ADESTE PAV,Consumidor Especial,SUDESTE,20.4,12.537957
,2022-08-11,92151.0,ADESTE PAV,Consumidor Especial,SUDESTE,20.4,12.754752
,2022-08-12,92151.0,ADESTE PAV,Consumidor Especial,SUDESTE,20.4,13.304554
,2022-08-13,92151.0,ADESTE PAV,Consumidor Especial,SUDESTE,20.4,10.385309
,2022-08-14,92151.0,ADESTE PAV,Consumidor Especial,SUDESTE,20.4,7.605237
,2022-08-15,92151.0,ADESTE PAV,Consumidor Especial,SUDESTE,20.4,10.555875
,2022-08-16,92151.0,ADESTE PAV,Consumidor Especial,SUDESTE,20.4,12.709493
,2022-08-17,92151.0,ADESTE PAV,Consumidor Especial,SUDESTE,20.4,12.690676
,2022-08-18,92151.0,ADESTE PAV,Consumidor Especial,SUDESTE,20.4,13.076479
,2022-08-19,92151.0,ADESTE PAV,Consumidor Especial,SUDESTE,20.4,12.997345
,2022-08-20,92151.0,ADESTE PAV,Consumidor Especial,SUDESTE,20.4,11.930785
,2022-08-21,92151.0,ADESTE PAV,Consumidor Especial,SUDESTE,20.4,9.520147
,2022-08-22,92151.0,ADESTE PAV,Consumidor Especial,SUDESTE,20.4,10.680479
,2022-08-23,92151.0,ADESTE PAV,Consumidor Especial,SUDESTE,20.4,12.165156
,2022-08-24,92151.0,ADESTE PAV,Consumidor Especial,SUDESTE,20.4,12.380012
,2022-08-25,92151.0,ADESTE PAV,Consumidor Especial,SUDESTE,20.4,13.668591
,2022-08-26,92151.0,ADESTE PAV,Consumidor Especial,SUDESTE,20.4,13.564742
,2022-08-27,92151.0,ADESTE PAV,Consumidor Especial,SUDESTE,20.4,10.006114
,2022-08-28,92151.0,ADESTE PAV,Consumidor Especial,SUDESTE,20.4,7.732052
,2022-08-29,92151.0,ADESTE PAV,Consumidor Especial,SUDESTE,20.4,7.729445
,2022-08-30,92151.0,ADESTE PAV,Consumidor Especial,SUDESTE,20.4,12.598375
,2022-08-31,92151.0,ADESTE PAV,Consumidor Especial,SUDESTE,20.4,13.382474
,2022-09-01,92151.0,ADESTE PAV,Consumidor Especial,SUDESTE,20.4,12.245683
,2022-09-02,92151.0,ADESTE PAV,Consumidor Especial,SUDESTE,20.4,10.444203
,2022-09-03,92151.0,ADESTE PAV,Consumidor Especial,SUDESTE,20.4,10.358901
,2022-09-04,92151.0,ADESTE PAV,Consumidor Especial,SUDESTE,20.4,8.830815
,2022-09-05,92151.0,ADESTE PAV,Consumidor Especial,SUDESTE,20.4,10.168915
,2022-09-06,92151.0,ADESTE PAV,Consumidor Especial,SUDESTE,20.4,12.084072
,2022-09-07,92151.0,ADESTE PAV,Consumidor Especial,SUDESTE,20.4,11.423621
,2022-09-08,92151.0,ADESTE PAV,Consumidor Especial,SUDESTE,20.4,12.619029
,2022-09-09,92151.0,ADESTE PAV,Consumidor Especial,SUDESTE,20.4,12.121079
,2022-09-10,92151.0,ADESTE PAV,Consumidor Especial,SUDESTE,20.4,10.453441
,2022-09-11,92151.0,ADESTE PAV,Consumidor Especial,SUDESTE,20.4,9.687747
,2022-09-12,92151.0,ADESTE PAV,Consumidor Especial,SUDESTE,20.4,9.695932
,2022-09-13,92151.0,ADESTE PAV,Consumidor Especial,SUDESTE,20.4,11.223345
,2022-09-14,92151.0,ADESTE PAV,Consumidor Especial,SUDESTE,20.4,11.566507
,2022-09-15,92151.0,ADESTE PAV,Consumidor Especial,SUDESTE,20.4,11.883565
,2022-09-16,92151.0,ADESTE PAV,Consumidor Especial,SUDESTE,20.4,11.424793
,2022-09-17,92151.0,ADESTE PAV,Consumidor Especial,SUDESTE,20.4,9.722763
,2022-09-18,92151.0,ADESTE PAV,Consumidor Especial,SUDESTE,20.4,7.12221
,2022-09-19,92151.0,ADESTE PAV,Consumidor Especial,SUDESTE,20.4,8.851052
,2022-09-20,92151.0,ADESTE PAV,Consumidor Especial,SUDESTE,20.4,12.16607
,2022-09-21,92151.0,ADESTE PAV,Consumidor Especial,SUDESTE,20.4,12.350614
,2022-09-22,92151.0,ADESTE PAV,Consumidor Especial,SUDESTE,20.4,12.136533
,2022-09-23,92151.0,ADESTE PAV,Consumidor Especial,SUDESTE,20.4,10.705287
,2022-09-24,92151.0,ADESTE PAV,Consumidor Especial,SUDESTE,20.4,10.341506
,2022-09-25,92151.0,ADESTE PAV,Consumidor Especial,SUDESTE,20.4,8.079261
,2022-09-26,92151.0,ADESTE PAV,Consumidor Especial,SUDESTE,20.4,10.398954
,2022-09-27,92151.0,ADESTE PAV,Consumidor Especial,SUDESTE,20.4,10.444369
,2022-09-28,92151.0,ADESTE PAV,Consumidor Especial,SUDESTE,20.4,8.036196
,2022-09-29,92151.0,ADESTE PAV,Consumidor Especial,SUDESTE,20.4,11.806922
,2022-09-30,92151.0,ADESTE PAV,Consumidor Especial,SUDESTE,20.4,11.085488
,2022-10-01,92151.0,ADESTE PAV,Consumidor Especial,SUDESTE,20.4,8.943829000000001
,2022-10-02,92151.0,ADESTE PAV,Consumidor Especial,SUDESTE,20.4,7.486871
,2022-10-03,92151.0,ADESTE PAV,Consumidor Especial,SUDESTE,20.4,9.625699
,2022-10-04,92151.0,ADESTE PAV,Consumidor Especial,SUDESTE,20.4,12.519179
,2022-10-05,92151.0,ADESTE PAV,Consumidor Especial,SUDESTE,20.4,13.074844
,2022-10-06,92151.0,ADESTE PAV,Consumidor Especial,SUDESTE,20.4,13.587625
,2022-10-07,92151.0,ADESTE PAV,Consumidor Especial,SUDESTE,20.4,11.451521
,2022-10-08,92151.0,ADESTE PAV,Consumidor Especial,SUDESTE,20.4,8.772423999999999
,2022-10-09,92151.0,ADESTE PAV,Consumidor Especial,SUDESTE,20.4,7.593393
,2022-10-10,92151.0,ADESTE PAV,Consumidor Especial,SUDESTE,20.4,9.38765
,2022-10-11,92151.0,ADESTE PAV,Consumidor Especial,SUDESTE,20.4,12.944201
,2022-10-12,92151.0,ADESTE PAV,Consumidor Especial,SUDESTE,20.4,8.927258
,2022-10-13,92151.0,ADESTE PAV,Consumidor Especial,SUDESTE,20.4,11.766862
,2022-10-14,92151.0,ADESTE PAV,Consumidor Especial,SUDESTE,20.4,10.317251
,2022-10-15,92151.0,ADESTE PAV,Consumidor Especial,SUDESTE,20.4,8.384955
,2022-10-16,92151.0,ADESTE PAV,Consumidor Especial,SUDESTE,20.4,9.162896
,2022-10-17,92151.0,ADESTE PAV,Consumidor Especial,SUDESTE,20.4,8.885802
,2022-10-18,92151.0,ADESTE PAV,Consumidor Especial,SUDESTE,20.4,12.060457
,2022-10-19,92151.0,ADESTE PAV,Consumidor Especial,SUDESTE,20.4,11.601207
,2022-10-20,92151.0,ADESTE PAV,Consumidor Especial,SUDESTE,20.4,13.965113
,2022-10-21,92151.0,ADESTE PAV,Consumidor Especial,SUDESTE,20.4,12.493203
,2022-10-22,92151.0,ADESTE PAV,Consumidor Especial,SUDESTE,20.4,11.376835
,2022-10-23,92151.0,ADESTE PAV,Consumidor Especial,SUDESTE,20.4,9.155598
,2022-10-24,92151.0,ADESTE PAV,Consumidor Especial,SUDESTE,20.4,9.750314
,2022-10-25,92151.0,ADESTE PAV,Consumidor Especial,SUDESTE,20.4,11.122473
,2022-10-26,92151.0,ADESTE PAV,Consumidor Especial,SUDESTE,20.4,14.632244
,2022-10-27,92151.0,ADESTE PAV,Consumidor Especial,SUDESTE,20.4,12.095794
,2022-10-28,92151.0,ADESTE PAV,Consumidor Especial,SUDESTE,20.4,13.254199
,2022-10-29,92151.0,ADESTE PAV,Consumidor Especial,SUDESTE,20.4,9.682337
,2022-10-30,92151.0,ADESTE PAV,Consumidor Especial,SUDESTE,20.4,7.841821
,2022-10-31,92151.0,ADESTE PAV,Consumidor Especial,SUDESTE,20.4,12.373446
,2022-11-01,92151.0,ADESTE PAV,Consumidor Especial,SUDESTE,20.4,12.393134
,2022-11-02,92151.0,ADESTE PAV,Consumidor Especial,SUDESTE,20.4,12.918923
,2022-11-03,92151.0,ADESTE PAV,Consumidor Especial,SUDESTE,20.4,13.270807
,2022-11-04,92151.0,ADESTE PAV,Consumidor Especial,SUDESTE,20.4,12.44798
,2022-11-05,92151.0,ADESTE PAV,Consumidor Especial,SUDESTE,20.4,9.822346
,2022-11-06,92151.0,ADESTE PAV,Consumidor Especial,SUDESTE,20.4,8.595851
,2022-11-07,92151.0,ADESTE PAV,Consumidor Especial,SUDESTE,20.4,9.895335
,2022-11-08,92151.0,ADESTE PAV,Consumidor Especial,SUDESTE,20.4,6.765319
,2022-11-09,92151.0,ADESTE PAV,Consumidor Especial,SUDESTE,20.4,6.491191
,2022-11-10,92151.0,ADESTE PAV,Consumidor Especial,SUDESTE,20.4,12.349995
,2022-11-11,92151.0,ADESTE PAV,Consumidor Especial,SUDESTE,20.4,14.24112
,2022-11-12,92151.0,ADESTE PAV,Consumidor Especial,SUDESTE,20.4,10.974202
,2022-11-13,92151.0,ADESTE PAV,Consumidor Especial,SUDESTE,20.4,8.332808
,2022-11-14,92151.0,ADESTE PAV,Consumidor Especial,SUDESTE,20.4,7.360985
,2022-11-15,92151.0,ADESTE PAV,Consumidor Especial,SUDESTE,20.4,9.025729
,2022-11-16,92151.0,ADESTE PAV,Consumidor Especial,SUDESTE,20.4,11.277698
,2022-11-17,92151.0,ADESTE PAV,Consumidor Especial,SUDESTE,20.4,13.669096
,2022-11-18,92151.0,ADESTE PAV,Consumidor Especial,SUDESTE,20.4,14.598672
,2022-11-19,92151.0,ADESTE PAV,Consumidor Especial,SUDESTE,20.4,13.061622
,2022-11-20,92151.0,ADESTE PAV,Consumidor Especial,SUDESTE,20.4,13.097375
,2022-11-21,92151.0,ADESTE PAV,Consumidor Especial,SUDESTE,20.4,13.088075
,2022-11-22,92151.0,ADESTE PAV,Consumidor Especial,SUDESTE,20.4,11.045812
,2022-11-23,92151.0,ADESTE PAV,Consumidor Especial,SUDESTE,20.4,13.726363
,2022-11-24,92151.0,ADESTE PAV,Consumidor Especial,SUDESTE,20.4,14.33771
,2022-11-25,92151.0,ADESTE PAV,Consumidor Especial,SUDESTE,20.4,12.701343
,2022-11-26,92151.0,ADESTE PAV,Consumidor Especial,SUDESTE,20.4,11.797491
,2022-11-27,92151.0,ADESTE PAV,Consumidor Especial,SUDESTE,20.4,11.271727
,2022-11-28,92151.0,ADESTE PAV,Consumidor Especial,SUDESTE,20.4,11.229748
,2022-11-29,92151.0,ADESTE PAV,Consumidor Especial,SUDESTE,20.4,11.727218
,2022-11-30,92151.0,ADESTE PAV,Consumidor Especial,SUDESTE,20.4,13.387661
,2022-12-01,92151.0,ADESTE PAV,Consumidor Especial,SUDESTE,20.4,12.796814
,2022-12-02,92151.0,ADESTE PAV,Consumidor Especial,SUDESTE,20.4,10.562462
,2022-12-03,92151.0,ADESTE PAV,Consumidor Especial,SUDESTE,20.4,12.425273
,2022-12-04,92151.0,ADESTE PAV,Consumidor Especial,SUDESTE,20.4,8.538783
,2022-12-05,92151.0,ADESTE PAV,Consumidor Especial,SUDESTE,20.4,11.150819
,2022-12-06,92151.0,ADESTE PAV,Consumidor Especial,SUDESTE,20.4,13.830529
,2022-12-07,92151.0,ADESTE PAV,Consumidor Especial,SUDESTE,20.4,12.941182
,2022-12-08,92151.0,ADESTE PAV,Consumidor Especial,SUDESTE,20.4,14.053602
,2022-12-09,92151.0,ADESTE PAV,Consumidor Especial,SUDESTE,20.4,9.796245
,2022-12-10,92151.0,ADESTE PAV,Consumidor Especial,SUDESTE,20.4,11.816337
,2022-12-11,92151.0,ADESTE PAV,Consumidor Especial,SUDESTE,20.4,9.875847
,2022-12-12,92151.0,ADESTE PAV,Consumidor Especial,SUDESTE,20.4,10.07619
,2022-12-13,92151.0,ADESTE PAV,Consumidor Especial,SUDESTE,20.4,12.806424
,2022-12-14,92151.0,ADESTE PAV,Consumidor Especial,SUDESTE,20.4,10.458409
,2022-12-15,92151.0,ADESTE PAV,Consumidor Especial,SUDESTE,20.4,13.689811
,2022-12-16,92151.0,ADESTE PAV,Consumidor Especial,SUDESTE,20.4,13.131198
,2022-12-17,92151.0,ADESTE PAV,Consumidor Especial,SUDESTE,20.4,9.566546
,2022-12-18,92151.0,ADESTE PAV,Consumidor Especial,SUDESTE,20.4,11.477247
,2022-12-19,92151.0,ADESTE PAV,Consumidor Especial,SUDESTE,20.4,10.466477
,2022-12-20,92151.0,ADESTE PAV,Consumidor Especial,SUDESTE,20.4,10.823654
,2022-12-21,92151.0,ADESTE PAV,Consumidor Especial,SUDESTE,20.4,12.453462
,2022-12-22,92151.0,ADESTE PAV,Consumidor Especial,SUDESTE,20.4,12.460704
,2022-12-23,92151.0,ADESTE PAV,Consumidor Especial,SUDESTE,20.4,11.385915
,2022-12-24,92151.0,ADESTE PAV,Consumidor Especial,SUDESTE,20.4,11.636698
,2022-12-25,92151.0,ADESTE PAV,Consumidor Especial,SUDESTE,20.4,10.031059
,2022-12-26,92151.0,ADESTE PAV,Consumidor Especial,SUDESTE,20.4,7.239203
,2022-12-27,92151.0,ADESTE PAV,Consumidor Especial,SUDESTE,20.4,7.0722830000000005
,2022-12-28,92151.0,ADESTE PAV,Consumidor Especial,SUDESTE,20.4,6.87626
,2022-12-29,92151.0,ADESTE PAV,Consumidor Especial,SUDESTE,20.4,5.32146
,2022-12-30,92151.0,ADESTE PAV,Consumidor Especial,SUDESTE,20.4,5.634714
,2022-12-31,92151.0,ADESTE PAV,Consumidor Especial,SUDESTE,20.4,5.180378
,2023-01-01,92151.0,ADESTE PAV,Consumidor Especial,SUDESTE,20.4,4.382089
,2023-01-02,92151.0,ADESTE PAV,Consumidor Especial,SUDESTE,20.4,6.997826
,2023-01-03,92151.0,ADESTE PAV,Consumidor Especial,SUDESTE,20.4,9.320284
,2023-01-04,92151.0,ADESTE PAV,Consumidor Especial,SUDESTE,20.4,11.102876
,2023-01-05,92151.0,ADESTE PAV,Consumidor Especial,SUDESTE,20.4,11.726957
,2023-01-06,92151.0,ADESTE PAV,Consumidor Especial,SUDESTE,20.4,11.737617
,2023-01-07,92151.0,ADESTE PAV,Consumidor Especial,SUDESTE,20.4,9.868725
,2023-01-08,92151.0,ADESTE PAV,Consumidor Especial,SUDESTE,20.4,7.798706
,2023-01-09,92151.0,ADESTE PAV,Consumidor Especial,SUDESTE,20.4,10.741268
,2023-01-10,92151.0,ADESTE PAV,Consumidor Especial,SUDESTE,20.4,10.54085
,2023-01-11,92151.0,ADESTE PAV,Consumidor Especial,SUDESTE,20.4,10.81714
,2023-01-12,92151.0,ADESTE PAV,Consumidor Especial,SUDESTE,20.4,11.06272
,2023-01-13,92151.0,ADESTE PAV,Consumidor Especial,SUDESTE,20.4,12.282137
,2023-01-14,92151.0,ADESTE PAV,Consumidor Especial,SUDESTE,20.4,10.514946
,2023-01-15,92151.0,ADESTE PAV,Consumidor Especial,SUDESTE,20.4,9.082163
,2023-01-16,92151.0,ADESTE PAV,Consumidor Especial,SUDESTE,20.4,9.966185
,2023-01-17,92151.0,ADESTE PAV,Consumidor Especial,SUDESTE,20.4,11.685541
,2023-01-18,92151.0,ADESTE PAV,Consumidor Especial,SUDESTE,20.4,10.854273
,2023-01-19,92151.0,ADESTE PAV,Consumidor Especial,SUDESTE,20.4,7.185405
,2023-01-20,92151.0,ADESTE PAV,Consumidor Especial,SUDESTE,20.4,11.818192
,2023-01-21,92151.0,ADESTE PAV,Consumidor Especial,SUDESTE,20.4,10.123338
,2023-01-22,92151.0,ADESTE PAV,Consumidor Especial,SUDESTE,20.4,8.457563
,2023-01-23,92151.0,ADESTE PAV,Consumidor Especial,SUDESTE,20.4,10.268569
,2023-01-24,92151.0,ADESTE PAV,Consumidor Especial,SUDESTE,20.4,13.420806
,2023-01-25,92151.0,ADESTE PAV,Consumidor Especial,SUDESTE,20.4,13.557971
,2023-01-26,92151.0,ADESTE PAV,Consumidor Especial,SUDESTE,20.4,11.845492
,2023-01-27,92151.0,ADESTE PAV,Consumidor Especial,SUDESTE,20.4,11.434102
,2023-01-28,92151.0,ADESTE PAV,Consumidor Especial,SUDESTE,20.4,10.037741
,2023-01-29,92151.0,ADESTE PAV,Consumidor Especial,SUDESTE,20.4,6.626765
,2023-01-30,92151.0,ADESTE PAV,Consumidor Especial,SUDESTE,20.4,9.341133
,2023-01-31,92151.0,ADESTE PAV,Consumidor Especial,SUDESTE,20.4,12.233832
,2023-02-01,92151.0,ADESTE PAV,Consumidor Especial,SUDESTE,20.4,11.955381
,2023-02-02,92151.0,ADESTE PAV,Consumidor Especial,SUDESTE,20.4,12.904007
,2023-02-03,92151.0,ADESTE PAV,Consumidor Especial,SUDESTE,20.4,12.212297
,2023-02-04,92151.0,ADESTE PAV,Consumidor Especial,SUDESTE,20.4,7.559892
,2023-02-05,92151.0,ADESTE PAV,Consumidor Especial,SUDESTE,20.4,7.304572999999999
,2023-02-06,92151.0,ADESTE PAV,Consumidor Especial,SUDESTE,20.4,10.252558
,2023-02-07,92151.0,ADESTE PAV,Consumidor Especial,SUDESTE,20.4,12.634303
,2023-02-08,92151.0,ADESTE PAV,Consumidor Especial,SUDESTE,20.4,12.225269
,2023-02-09,92151.0,ADESTE PAV,Consumidor Especial,SUDESTE,20.4,13.059471
,2023-02-10,92151.0,ADESTE PAV,Consumidor Especial,SUDESTE,20.4,11.39749
,2023-02-11,92151.0,ADESTE PAV,Consumidor Especial,SUDESTE,20.4,11.029253
,2023-02-12,92151.0,ADESTE PAV,Consumidor Especial,SUDESTE,20.4,7.790694
,2023-02-13,92151.0,ADESTE PAV,Consumidor Especial,SUDESTE,20.4,9.103464
,2023-02-14,92151.0,ADESTE PAV,Consumidor Especial,SUDESTE,20.4,9.819009
,2023-02-15,92151.0,ADESTE PAV,Consumidor Especial,SUDESTE,20.4,10.647765
,2023-02-16,92151.0,ADESTE PAV,Consumidor Especial,SUDESTE,20.4,12.449635
,2023-02-17,92151.0,ADESTE PAV,Consumidor Especial,SUDESTE,20.4,10.012234
,2023-02-18,92151.0,ADESTE PAV,Consumidor Especial,SUDESTE,20.4,10.085329
,2023-02-19,92151.0,ADESTE PAV,Consumidor Especial,SUDESTE,20.4,8.218874
,2023-02-20,92151.0,ADESTE PAV,Consumidor Especial,SUDESTE,20.4,7.269247
,2023-02-21,92151.0,ADESTE PAV,Consumidor Especial,SUDESTE,20.4,7.022322
,2023-02-22,92151.0,ADESTE PAV,Consumidor Especial,SUDESTE,20.4,10.960075
,2023-02-23,92151.0,ADESTE PAV,Consumidor Especial,SUDESTE,20.4,13.055288
,2023-02-24,92151.0,ADESTE PAV,Consumidor Especial,SUDESTE,20.4,10.932248
,2023-02-25,92151.0,ADESTE PAV,Consumidor Especial,SUDESTE,20.4,7.961664
,2023-02-26,92151.0,ADESTE PAV,Consumidor Especial,SUDESTE,20.4,6.465357
,2023-02-27,92151.0,ADESTE PAV,Consumidor Especial,SUDESTE,20.4,10.216255
,2023-02-28,92151.0,ADESTE PAV,Consumidor Especial,SUDESTE,20.4,11.090617
,2023-03-01,92151.0,ADESTE PAV,Consumidor Especial,SUDESTE,20.4,11.767133
,2023-03-02,92151.0,ADESTE PAV,Consumidor Especial,SUDESTE,20.4,12.429465
,2023-03-03,92151.0,ADESTE PAV,Consumidor Especial,SUDESTE,20.4,12.920647
,2023-03-04,92151.0,ADESTE PAV,Consumidor Especial,SUDESTE,20.4,8.835909000000001
,2023-03-05,92151.0,ADESTE PAV,Consumidor Especial,SUDESTE,20.4,7.768086
,2023-03-06,92151.0,ADESTE PAV,Consumidor Especial,SUDESTE,20.4,10.390851
,2023-03-07,92151.0,ADESTE PAV,Consumidor Especial,SUDESTE,20.4,11.096885
,2023-03-08,92151.0,ADESTE PAV,Consumidor Especial,SUDESTE,20.4,9.835662
,2023-03-09,92151.0,ADESTE PAV,Consumidor Especial,SUDESTE,20.4,12.604391
,2023-03-10,92151.0,ADESTE PAV,Consumidor Especial,SUDESTE,20.4,11.848807
,2023-03-11,92151.0,ADESTE PAV,Consumidor Especial,SUDESTE,20.4,9.267821
,2023-03-12,92151.0,ADESTE PAV,Consumidor Especial,SUDESTE,20.4,7.313525
,2023-03-13,92151.0,ADESTE PAV,Consumidor Especial,SUDESTE,20.4,10.356243
,2023-03-14,92151.0,ADESTE PAV,Consumidor Especial,SUDESTE,20.4,11.459955
,2023-03-15,92151.0,ADESTE PAV,Consumidor Especial,SUDESTE,20.4,10.519213
,2023-03-16,92151.0,ADESTE PAV,Consumidor Especial,SUDESTE,20.4,12.842798
,2023-03-17,92151.0,ADESTE PAV,Consumidor Especial,SUDESTE,20.4,13.056602
,2023-03-18,92151.0,ADESTE PAV,Consumidor Especial,SUDESTE,20.4,11.863113
,2023-03-19,92151.0,ADESTE PAV,Consumidor Especial,SUDESTE,20.4,8.670444
,2023-03-20,92151.0,ADESTE PAV,Consumidor Especial,SUDESTE,20.4,9.03131
,2023-03-21,92151.0,ADESTE PAV,Consumidor Especial,SUDESTE,20.4,10.635103
,2023-03-22,92151.0,ADESTE PAV,Consumidor Especial,SUDESTE,20.4,11.470779
,2023-03-23,92151.0,ADESTE PAV,Consumidor Especial,SUDESTE,20.4,10.86842
,2023-03-24,92151.0,ADESTE PAV,Consumidor Especial,SUDESTE,20.4,12.232989
,2023-03-25,92151.0,ADESTE PAV,Consumidor Especial,SUDESTE,20.4,11.326955
,2023-03-26,92151.0,ADESTE PAV,Consumidor Especial,SUDESTE,20.4,8.428439000000001
,2023-03-27,92151.0,ADESTE PAV,Consumidor Especial,SUDESTE,20.4,9.449978
,2023-03-28,92151.0,ADESTE PAV,Consumidor Especial,SUDESTE,20.4,11.470747
,2023-03-29,92151.0,ADESTE PAV,Consumidor Especial,SUDESTE,20.4,13.772841
,2023-03-30,92151.0,ADESTE PAV,Consumidor Especial,SUDESTE,20.4,12.16927
,2023-03-31,92151.0,ADESTE PAV,Consumidor Especial,SUDESTE,20.4,10.731407
,2023-04-01,92151.0,ADESTE PAV,Consumidor Especial,SUDESTE,20.4,9.728427
,2023-04-02,92151.0,ADESTE PAV,Consumidor Especial,SUDESTE,20.4,7.519425
,2023-04-03,92151.0,ADESTE PAV,Consumidor Especial,SUDESTE,20.4,9.623836
,2023-04-04,92151.0,ADESTE PAV,Consumidor Especial,SUDESTE,20.4,10.494928
,2023-04-05,92151.0,ADESTE PAV,Consumidor Especial,SUDESTE,20.4,11.217527
,2023-04-06,92151.0,ADESTE PAV,Consumidor Especial,SUDESTE,20.4,11.322608
,2023-04-07,92151.0,ADESTE PAV,Consumidor Especial,SUDESTE,20.4,8.78721
,2023-04-08,92151.0,ADESTE PAV,Consumidor Especial,SUDESTE,20.4,7.07643
,2023-04-09,92151.0,ADESTE PAV,Consumidor Especial,SUDESTE,20.4,5.981138
,2023-04-10,92151.0,ADESTE PAV,Consumidor Especial,SUDESTE,20.4,8.713274
,2023-04-11,92151.0,ADESTE PAV,Consumidor Especial,SUDESTE,20.4,12.155764
,2023-04-12,92151.0,ADESTE PAV,Consumidor Especial,SUDESTE,20.4,11.755683
,2023-04-13,92151.0,ADESTE PAV,Consumidor Especial,SUDESTE,20.4,11.230962
,2023-04-14,92151.0,ADESTE PAV,Consumidor Especial,SUDESTE,20.4,10.735719
,2023-04-15,92151.0,ADESTE PAV,Consumidor Especial,SUDESTE,20.4,8.751016
,2023-04-16,92151.0,ADESTE PAV,Consumidor Especial,SUDESTE,20.4,6.39876
,2023-04-17,92151.0,ADESTE PAV,Consumidor Especial,SUDESTE,20.4,8.851836
,2023-04-18,92151.0,ADESTE PAV,Consumidor Especial,SUDESTE,20.4,11.210589
,2023-04-19,92151.0,ADESTE PAV,Consumidor Especial,SUDESTE,20.4,10.777239
,2023-04-20,92151.0,ADESTE PAV,Consumidor Especial,SUDESTE,20.4,11.041856
,2023-04-21,92151.0,ADESTE PAV,Consumidor Especial,SUDESTE,20.4,10.467493
,2023-04-22,92151.0,ADESTE PAV,Consumidor Especial,SUDESTE,20.4,8.148538
,2023-04-23,92151.0,ADESTE PAV,Consumidor Especial,SUDESTE,20.4,6.1707
,2023-04-24,92151.0,ADESTE PAV,Consumidor Especial,SUDESTE,20.4,10.325958
,2023-04-25,92151.0,ADESTE PAV,Consumidor Especial,SUDESTE,20.4,9.864771
,2023-04-26,92151.0,ADESTE PAV,Consumidor Especial,SUDESTE,20.4,10.448632
,2023-04-27,92151.0,ADESTE PAV,Consumidor Especial,SUDESTE,20.4,11.342919
,2023-04-28,92151.0,ADESTE PAV,Consumidor Especial,SUDESTE,20.4,10.827867
,2023-04-29,92151.0,ADESTE PAV,Consumidor Especial,SUDESTE,20.4,7.703447
,2023-04-30,92151.0,ADESTE PAV,Consumidor Especial,SUDESTE,20.4,6.156427
,2023-05-01,92151.0,ADESTE PAV,Consumidor Especial,SUDESTE,20.4,6.284981
,2023-05-02,92151.0,ADESTE PAV,Consumidor Especial,SUDESTE,20.4,8.714057
,2023-05-03,92151.0,ADESTE PAV,Consumidor Especial,SUDESTE,20.4,10.293397
,2023-05-04,92151.0,ADESTE PAV,Consumidor Especial,SUDESTE,20.4,12.277837
,2023-05-05,92151.0,ADESTE PAV,Consumidor Especial,SUDESTE,20.4,11.232117
,2023-05-06,92151.0,ADESTE PAV,Consumidor Especial,SUDESTE,20.4,7.618578
,2023-05-07,92151.0,ADESTE PAV,Consumidor Especial,SUDESTE,20.4,6.858406
,2023-05-08,92151.0,ADESTE PAV,Consumidor Especial,SUDESTE,20.4,8.529144
,2023-05-09,92151.0,ADESTE PAV,Consumidor Especial,SUDESTE,20.4,9.711478
,2023-05-10,92151.0,ADESTE PAV,Consumidor Especial,SUDESTE,20.4,12.562941
,2023-05-11,92151.0,ADESTE PAV,Consumidor Especial,SUDESTE,20.4,12.250184
,2023-05-12,92151.0,ADESTE PAV,Consumidor Especial,SUDESTE,20.4,11.818735
,2023-05-13,92151.0,ADESTE PAV,Consumidor Especial,SUDESTE,20.4,11.047302
,2023-05-14,92151.0,ADESTE PAV,Consumidor Especial,SUDESTE,20.4,8.381985
,2023-05-15,92151.0,ADESTE PAV,Consumidor Especial,SUDESTE,20.4,8.901737
,2023-05-16,92151.0,ADESTE PAV,Consumidor Especial,SUDESTE,20.4,12.35656
,2023-05-17,92151.0,ADESTE PAV,Consumidor Especial,SUDESTE,20.4,12.194291
,2023-05-18,92151.0,ADESTE PAV,Consumidor Especial,SUDESTE,20.4,13.421441
,2023-05-19,92151.0,ADESTE PAV,Consumidor Especial,SUDESTE,20.4,11.593994
,2023-05-20,92151.0,ADESTE PAV,Consumidor Especial,SUDESTE,20.4,11.103247
,2023-05-21,92151.0,ADESTE PAV,Consumidor Especial,SUDESTE,20.4,9.412757
,2023-05-22,92151.0,ADESTE PAV,Consumidor Especial,SUDESTE,20.4,10.505208
,2023-05-23,92151.0,ADESTE PAV,Consumidor Especial,SUDESTE,20.4,12.93707
,2023-05-24,92151.0,ADESTE PAV,Consumidor Especial,SUDESTE,20.4,11.205845
,2023-05-25,92151.0,ADESTE PAV,Consumidor Especial,SUDESTE,20.4,12.035871
,2023-05-26,92151.0,ADESTE PAV,Consumidor Especial,SUDESTE,20.4,11.024862
,2023-05-27,92151.0,ADESTE PAV,Consumidor Especial,SUDESTE,20.4,9.506458
,2023-05-28,92151.0,ADESTE PAV,Consumidor Especial,SUDESTE,20.4,7.883282
,2023-05-29,92151.0,ADESTE PAV,Consumidor Especial,SUDESTE,20.4,9.309525
,2023-05-30,92151.0,ADESTE PAV,Consumidor Especial,SUDESTE,20.4,10.616288
,2023-05-31,92151.0,ADESTE PAV,Consumidor Especial,SUDESTE,20.4,10.09669
,2023-06-01,92151.0,ADESTE PAV,Consumidor Especial,SUDESTE,20.4,11.909105
,2023-06-02,92151.0,ADESTE PAV,Consumidor Especial,SUDESTE,20.4,10.597758
,2023-06-03,92151.0,ADESTE PAV,Consumidor Especial,SUDESTE,20.4,8.833584
,2023-06-04,92151.0,ADESTE PAV,Consumidor Especial,SUDESTE,20.4,7.616715
,2023-06-05,92151.0,ADESTE PAV,Consumidor Especial,SUDESTE,20.4,9.718584
,2023-06-06,92151.0,ADESTE PAV,Consumidor Especial,SUDESTE,20.4,11.122469
,2023-06-07,92151.0,ADESTE PAV,Consumidor Especial,SUDESTE,20.4,10.26115
,2023-06-08,92151.0,ADESTE PAV,Consumidor Especial,SUDESTE,20.4,10.034585
,2023-06-09,92151.0,ADESTE PAV,Consumidor Especial,SUDESTE,20.4,8.889933
,2023-06-10,92151.0,ADESTE PAV,Consumidor Especial,SUDESTE,20.4,7.518085
,2023-06-11,92151.0,ADESTE PAV,Consumidor Especial,SUDESTE,20.4,6.908673
,2023-06-12,92151.0,ADESTE PAV,Consumidor Especial,SUDESTE,20.4,9.197654
,2023-06-13,92151.0,ADESTE PAV,Consumidor Especial,SUDESTE,20.4,11.019483
,2023-06-14,92151.0,ADESTE PAV,Consumidor Especial,SUDESTE,20.4,10.76639
,2023-06-15,92151.0,ADESTE PAV,Consumidor Especial,SUDESTE,20.4,10.784021
,2023-06-16,92151.0,ADESTE PAV,Consumidor Especial,SUDESTE,20.4,9.974912
,2023-06-17,92151.0,ADESTE PAV,Consumidor Especial,SUDESTE,20.4,9.578413
,2023-06-18,92151.0,ADESTE PAV,Consumidor Especial,SUDESTE,20.4,7.820736
,2023-06-19,92151.0,ADESTE PAV,Consumidor Especial,SUDESTE,20.4,9.344215
,2023-06-20,92151.0,ADESTE PAV,Consumidor Especial,SUDESTE,20.4,10.999329
,2023-06-21,92151.0,ADESTE PAV,Consumidor Especial,SUDESTE,20.4,11.493073
,2023-06-22,92151.0,ADESTE PAV,Consumidor Especial,SUDESTE,20.4,11.088998
,2023-06-23,92151.0,ADESTE PAV,Consumidor Especial,SUDESTE,20.4,11.064894
,2023-06-24,92151.0,ADESTE PAV,Consumidor Especial,SUDESTE,20.4,10.858663
,2023-06-25,92151.0,ADESTE PAV,Consumidor Especial,SUDESTE,20.4,9.724439
,2023-06-26,92151.0,ADESTE PAV,Consumidor Especial,SUDESTE,20.4,9.947732
,2023-06-27,92151.0,ADESTE PAV,Consumidor Especial,SUDESTE,20.4,11.952172
,2023-06-28,92151.0,ADESTE PAV,Consumidor Especial,SUDESTE,20.4,11.323604
,2023-06-29,92151.0,ADESTE PAV,Consumidor Especial,SUDESTE,20.4,12.125066
,2023-06-30,92151.0,ADESTE PAV,Consumidor Especial,SUDESTE,20.4,11.616618
,2023-07-01,92151.0,ADESTE PAV,Consumidor Especial,SUDESTE,20.4,9.933508
,2023-07-02,92151.0,ADESTE PAV,Consumidor Especial,SUDESTE,20.4,7.634443
,2023-07-03,92151.0,ADESTE PAV,Consumidor Especial,SUDESTE,20.4,9.001568
,2023-07-04,92151.0,ADESTE PAV,Consumidor Especial,SUDESTE,20.4,9.612713
,2023-07-05,92151.0,ADESTE PAV,Consumidor Especial,SUDESTE,20.4,12.798821
,2023-07-06,92151.0,ADESTE PAV,Consumidor Especial,SUDESTE,20.4,10.780745
,2023-07-07,92151.0,ADESTE PAV,Consumidor Especial,SUDESTE,20.4,9.398156
,2023-07-08,92151.0,ADESTE PAV,Consumidor Especial,SUDESTE,20.4,8.779414
,2023-07-09,92151.0,ADESTE PAV,Consumidor Especial,SUDESTE,20.4,7.626591
,2023-07-10,92151.0,ADESTE PAV,Consumidor Especial,SUDESTE,20.4,9.073766
,2023-07-11,92151.0,ADESTE PAV,Consumidor Especial,SUDESTE,20.4,11.233628
,2023-07-12,92151.0,ADESTE PAV,Consumidor Especial,SUDESTE,20.4,11.736644
,2023-07-13,92151.0,ADESTE PAV,Consumidor Especial,SUDESTE,20.4,12.652089
,2023-07-14,92151.0,ADESTE PAV,Consumidor Especial,SUDESTE,20.4,10.696554
,2023-07-15,92151.0,ADESTE PAV,Consumidor Especial,SUDESTE,20.4,9.450899
,2023-07-16,92151.0,ADESTE PAV,Consumidor Especial,SUDESTE,20.4,7.1879
,2023-07-17,92151.0,ADESTE PAV,Consumidor Especial,SUDESTE,20.4,9.740227
,2023-07-18,92151.0,ADESTE PAV,Consumidor Especial,SUDESTE,20.4,10.189359
,2023-07-19,92151.0,ADESTE PAV,Consumidor Especial,SUDESTE,20.4,11.138612
,2023-07-20,92151.0,ADESTE PAV,Consumidor Especial,SUDESTE,20.4,13.389292
,2023-07-21,92151.0,ADESTE PAV,Consumidor Especial,SUDESTE,20.4,11.977758
,2023-07-22,92151.0,ADESTE PAV,Consumidor Especial,SUDESTE,20.4,11.291354
,2023-07-23,92151.0,ADESTE PAV,Consumidor Especial,SUDESTE,20.4,8.046753
,2023-07-24,92151.0,ADESTE PAV,Consumidor Especial,SUDESTE,20.4,9.616113
,2023-07-25,92151.0,ADESTE PAV,Consumidor Especial,SUDESTE,20.4,12.068677
,2023-07-26,92151.0,ADESTE PAV,Consumidor Especial,SUDESTE,20.4,11.390206
,2023-07-27,92151.0,ADESTE PAV,Consumidor Especial,SUDESTE,20.4,9.907279
,2023-07-28,92151.0,ADESTE PAV,Consumidor Especial,SUDESTE,20.4,9.051027
,2023-07-29,92151.0,ADESTE PAV,Consumidor Especial,SUDESTE,20.4,6.804884
,2023-07-30,92151.0,ADESTE PAV,Consumidor Especial,SUDESTE,20.4,5.634447
,2023-07-31,92151.0,ADESTE PAV,Consumidor Especial,SUDESTE,20.4,8.761657
,2023-08-01,92151.0,ADESTE PAV,Consumidor Especial,SUDESTE,20.4,9.056805
,2023-08-02,92151.0,ADESTE PAV,Consumidor Especial,SUDESTE,20.4,9.946642
,2023-08-03,92151.0,ADESTE PAV,Consumidor Especial,SUDESTE,20.4,11.4411
,2023-08-04,92151.0,ADESTE PAV,Consumidor Especial,SUDESTE,20.4,9.669814
,2023-08-05,92151.0,ADESTE PAV,Consumidor Especial,SUDESTE,20.4,8.543706
,2023-08-06,92151.0,ADESTE PAV,Consumidor Especial,SUDESTE,20.4,6.644395
,2023-08-07,92151.0,ADESTE PAV,Consumidor Especial,SUDESTE,20.4,8.343779
,2023-08-08,92151.0,ADESTE PAV,Consumidor Especial,SUDESTE,20.4,8.759686
,2023-08-09,92151.0,ADESTE PAV,Consumidor Especial,SUDESTE,20.4,9.518459
,2023-08-10,92151.0,ADESTE PAV,Consumidor Especial,SUDESTE,20.4,10.564364
,2023-08-11,92151.0,ADESTE PAV,Consumidor Especial,SUDESTE,20.4,11.584966
,2023-08-12,92151.0,ADESTE PAV,Consumidor Especial,SUDESTE,20.4,9.939337
,2023-08-13,92151.0,ADESTE PAV,Consumidor Especial,SUDESTE,20.4,7.146485
,2023-08-14,92151.0,ADESTE PAV,Consumidor Especial,SUDESTE,20.4,8.877073
,2023-08-15,92151.0,ADESTE PAV,Consumidor Especial,SUDESTE,20.4,8.374309
,2023-08-16,92151.0,ADESTE PAV,Consumidor Especial,SUDESTE,20.4,9.807125
,2023-08-17,92151.0,ADESTE PAV,Consumidor Especial,SUDESTE,20.4,11.586915
,2023-08-18,92151.0,ADESTE PAV,Consumidor Especial,SUDESTE,20.4,10.802867
,2023-08-19,92151.0,ADESTE PAV,Consumidor Especial,SUDESTE,20.4,9.700881
,2023-08-20,92151.0,ADESTE PAV,Consumidor Especial,SUDESTE,20.4,6.889411
,2023-08-21,92151.0,ADESTE PAV,Consumidor Especial,SUDESTE,20.4,9.646634
,2023-08-22,92151.0,ADESTE PAV,Consumidor Especial,SUDESTE,20.4,8.765709
,2023-08-23,92151.0,ADESTE PAV,Consumidor Especial,SUDESTE,20.4,10.993601
,2023-08-24,92151.0,ADESTE PAV,Consumidor Especial,SUDESTE,20.4,11.535002
,2023-08-25,92151.0,ADESTE PAV,Consumidor Especial,SUDESTE,20.4,9.941044
,2023-08-26,92151.0,ADESTE PAV,Consumidor Especial,SUDESTE,20.4,6.514385
,2023-08-27,92151.0,ADESTE PAV,Consumidor Especial,SUDESTE,20.4,5.441285
,2023-08-28,92151.0,ADESTE PAV,Consumidor Especial,SUDESTE,20.4,6.859303
,2023-08-29,92151.0,ADESTE PAV,Consumidor Especial,SUDESTE,20.4,6.309447
,2023-08-30,92151.0,ADESTE PAV,Consumidor Especial,SUDESTE,20.4,6.644691
,2023-08-31,92151.0,ADESTE PAV,Consumidor Especial,SUDESTE,20.4,7.032375
,2023-09-01,92151.0,ADESTE PAV,Consumidor Especial,SUDESTE,20.4,6.728827
,2023-09-02,92151.0,ADESTE PAV,Consumidor Especial,SUDESTE,20.4,6.627728
,2023-09-03,92151.0,ADESTE PAV,Consumidor Especial,SUDESTE,20.4,5.481674
,2023-09-04,92151.0,ADESTE PAV,Consumidor Especial,SUDESTE,20.4,7.402531
,2023-09-05,92151.0,ADESTE PAV,Consumidor Especial,SUDESTE,20.4,7.829421
,2023-09-06,92151.0,ADESTE PAV,Consumidor Especial,SUDESTE,20.4,6.907771
,2023-09-07,92151.0,ADESTE PAV,Consumidor Especial,SUDESTE,20.4,5.522218
,2023-09-08,92151.0,ADESTE PAV,Consumidor Especial,SUDESTE,20.4,5.470019
,2023-09-09,92151.0,ADESTE PAV,Consumidor Especial,SUDESTE,20.4,4.980177
,2023-09-10,92151.0,ADESTE PAV,Consumidor Especial,SUDESTE,20.4,4.989118
,2023-09-11,92151.0,ADESTE PAV,Consumidor Especial,SUDESTE,20.4,7.481993
,2023-09-12,92151.0,ADESTE PAV,Consumidor Especial,SUDESTE,20.4,8.708
,2023-09-13,92151.0,ADESTE PAV,Consumidor Especial,SUDESTE,20.4,8.468814
,2023-09-14,92151.0,ADESTE PAV,Consumidor Especial,SUDESTE,20.4,5.711495
,2023-09-15,92151.0,ADESTE PAV,Consumidor Especial,SUDESTE,20.4,8.055344
,2023-09-16,92151.0,ADESTE PAV,Consumidor Especial,SUDESTE,20.4,8.28941
,2023-09-17,92151.0,ADESTE PAV,Consumidor Especial,SUDESTE,20.4,6.290585
,2023-09-18,92151.0,ADESTE PAV,Consumidor Especial,SUDESTE,20.4,9.579735
,2023-09-19,92151.0,ADESTE PAV,Consumidor Especial,SUDESTE,20.4,11.76007
,2023-09-20,92151.0,ADESTE PAV,Consumidor Especial,SUDESTE,20.4,10.941447
,2023-09-21,92151.0,ADESTE PAV,Consumidor Especial,SUDESTE,20.4,10.676407
,2023-09-22,92151.0,ADESTE PAV,Consumidor Especial,SUDESTE,20.4,11.653494
,2023-09-23,92151.0,ADESTE PAV,Consumidor Especial,SUDESTE,20.4,8.105074
,2023-09-24,92151.0,ADESTE PAV,Consumidor Especial,SUDESTE,20.4,6.412351
,2023-09-25,92151.0,ADESTE PAV,Consumidor Especial,SUDESTE,20.4,9.4646
,2023-09-26,92151.0,ADESTE PAV,Consumidor Especial,SUDESTE,20.4,10.604059
,2023-09-27,92151.0,ADESTE PAV,Consumidor Especial,SUDESTE,20.4,10.941989
,2023-09-28,92151.0,ADESTE PAV,Consumidor Especial,SUDESTE,20.4,11.148865
,2023-09-29,92151.0,ADESTE PAV,Consumidor Especial,SUDESTE,20.4,10.931861
,2023-09-30,92151.0,ADESTE PAV,Consumidor Especial,SUDESTE,20.4,9.509209
,2023-10-01,92151.0,ADESTE PAV,Consumidor Especial,SUDESTE,20.4,7.297744
,2023-10-02,92151.0,ADESTE PAV,Consumidor Especial,SUDESTE,20.4,9.897764
,2023-10-03,92151.0,ADESTE PAV,Consumidor Especial,SUDESTE,20.4,10.112205
,2023-10-04,92151.0,ADESTE PAV,Consumidor Especial,SUDESTE,20.4,10.456938
,2023-10-05,92151.0,ADESTE PAV,Consumidor Especial,SUDESTE,20.4,10.274912
,2023-10-06,92151.0,ADESTE PAV,Consumidor Especial,SUDESTE,20.4,9.816828
,2023-10-07,92151.0,ADESTE PAV,Consumidor Especial,SUDESTE,20.4,9.217337
,2023-10-08,92151.0,ADESTE PAV,Consumidor Especial,SUDESTE,20.4,6.526608
,2023-10-09,92151.0,ADESTE PAV,Consumidor Especial,SUDESTE,20.4,9.421461
,2023-10-10,92151.0,ADESTE PAV,Consumidor Especial,SUDESTE,20.4,11.693158
,2023-10-11,92151.0,ADESTE PAV,Consumidor Especial,SUDESTE,20.4,10.792184
,2023-10-12,92151.0,ADESTE PAV,Consumidor Especial,SUDESTE,20.4,8.953437
,2023-10-13,92151.0,ADESTE PAV,Consumidor Especial,SUDESTE,20.4,6.431342
,2023-10-14,92151.0,ADESTE PAV,Consumidor Especial,SUDESTE,20.4,4.694687
,2023-10-15,92151.0,ADESTE PAV,Consumidor Especial,SUDESTE,20.4,4.983774
,2023-10-16,92151.0,ADESTE PAV,Consumidor Especial,SUDESTE,20.4,9.171824
,2023-10-17,92151.0,ADESTE PAV,Consumidor Especial,SUDESTE,20.4,9.155483
,2023-10-18,92151.0,ADESTE PAV,Consumidor Especial,SUDESTE,20.4,10.264108
,2023-10-19,92151.0,ADESTE PAV,Consumidor Especial,SUDESTE,20.4,10.962201
,2023-10-20,92151.0,ADESTE PAV,Consumidor Especial,SUDESTE,20.4,10.577913
,2023-10-21,92151.0,ADESTE PAV,Consumidor Especial,SUDESTE,20.4,8.295891
,2023-10-22,92151.0,ADESTE PAV,Consumidor Especial,SUDESTE,20.4,6.346054
,2023-10-23,92151.0,ADESTE PAV,Consumidor Especial,SUDESTE,20.4,9.472925
,2023-10-24,92151.0,ADESTE PAV,Consumidor Especial,SUDESTE,20.4,11.000903
,2023-10-25,92151.0,ADESTE PAV,Consumidor Especial,SUDESTE,20.4,10.543324
,2023-10-26,92151.0,ADESTE PAV,Consumidor Especial,SUDESTE,20.4,12.123637
,2023-10-27,92151.0,ADESTE PAV,Consumidor Especial,SUDESTE,20.4,12.629859
,2023-10-28,92151.0,ADESTE PAV,Consumidor Especial,SUDESTE,20.4,10.956152
,2023-10-29,92151.0,ADESTE PAV,Consumidor Especial,SUDESTE,20.4,7.347747
,2023-10-30,92151.0,ADESTE PAV,Consumidor Especial,SUDESTE,20.4,9.427876
,2023-10-31,92151.0,ADESTE PAV,Consumidor Especial,SUDESTE,20.4,7.973707
,2023-11-01,92151.0,ADESTE PAV,Consumidor Especial,SUDESTE,20.4,8.364939
,2023-11-02,92151.0,ADESTE PAV,Consumidor Especial,SUDESTE,20.4,11.820861
,2023-11-03,92151.0,ADESTE PAV,Consumidor Especial,SUDESTE,20.4,9.024338
,2023-11-04,92151.0,ADESTE PAV,Consumidor Especial,SUDESTE,20.4,6.647768
,2023-11-05,92151.0,ADESTE PAV,Consumidor Especial,SUDESTE,20.4,6.262293
,2023-11-06,92151.0,ADESTE PAV,Consumidor Especial,SUDESTE,20.4,9.843124
,2023-11-07,92151.0,ADESTE PAV,Consumidor Especial,SUDESTE,20.4,11.5889
,2023-11-08,92151.0,ADESTE PAV,Consumidor Especial,SUDESTE,20.4,11.679514
,2023-11-09,92151.0,ADESTE PAV,Consumidor Especial,SUDESTE,20.4,8.581479
,2023-11-10,92151.0,ADESTE PAV,Consumidor Especial,SUDESTE,20.4,11.686142
,2023-11-11,92151.0,ADESTE PAV,Consumidor Especial,SUDESTE,20.4,11.263995
,2023-11-12,92151.0,ADESTE PAV,Consumidor Especial,SUDESTE,20.4,6.700006
,2023-11-13,92151.0,ADESTE PAV,Consumidor Especial,SUDESTE,20.4,9.659198
,2023-11-14,92151.0,ADESTE PAV,Consumidor Especial,SUDESTE,20.4,10.075093
,2023-11-15,92151.0,ADESTE PAV,Consumidor Especial,SUDESTE,20.4,11.603212
,2023-11-16,92151.0,ADESTE PAV,Consumidor Especial,SUDESTE,20.4,12.046315
,2023-11-17,92151.0,ADESTE PAV,Consumidor Especial,SUDESTE,20.4,11.36125
,2023-11-18,92151.0,ADESTE PAV,Consumidor Especial,SUDESTE,20.4,9.683096
,2023-11-19,92151.0,ADESTE PAV,Consumidor Especial,SUDESTE,20.4,8.152949
,2023-11-20,92151.0,ADESTE PAV,Consumidor Especial,SUDESTE,20.4,6.979529
,2023-11-21,92151.0,ADESTE PAV,Consumidor Especial,SUDESTE,20.4,10.751496
,2023-11-22,92151.0,ADESTE PAV,Consumidor Especial,SUDESTE,20.4,13.086122
,2023-11-23,92151.0,ADESTE PAV,Consumidor Especial,SUDESTE,20.4,11.046724
,2023-11-24,92151.0,ADESTE PAV,Consumidor Especial,SUDESTE,20.4,11.349058
,2023-11-25,92151.0,ADESTE PAV,Consumidor Especial,SUDESTE,20.4,9.762023
,2023-11-26,92151.0,ADESTE PAV,Consumidor Especial,SUDESTE,20.4,7.248751
,2023-11-27,92151.0,ADESTE PAV,Consumidor Especial,SUDESTE,20.4,9.669392
,2023-11-28,92151.0,ADESTE PAV,Consumidor Especial,SUDESTE,20.4,11.62974
,2023-11-29,92151.0,ADESTE PAV,Consumidor Especial,SUDESTE,20.4,12.434146
,2023-11-30,92151.0,ADESTE PAV,Consumidor Especial,SUDESTE,20.4,12.537461
,2023-12-01,92151.0,ADESTE PAV,Consumidor Especial,SUDESTE,20.4,11.133393
,2023-12-02,92151.0,ADESTE PAV,Consumidor Especial,SUDESTE,20.4,7.882627999999999
,2023-12-03,92151.0,ADESTE PAV,Consumidor Especial,SUDESTE,20.4,6.993073
,2023-12-04,92151.0,ADESTE PAV,Consumidor Especial,SUDESTE,20.4,9.485022
,2023-12-05,92151.0,ADESTE PAV,Consumidor Especial,SUDESTE,20.4,10.385165
,2023-12-06,92151.0,ADESTE PAV,Consumidor Especial,SUDESTE,20.4,11.194922
,2023-12-07,92151.0,ADESTE PAV,Consumidor Especial,SUDESTE,20.4,11.099643
,2023-12-08,92151.0,ADESTE PAV,Consumidor Especial,SUDESTE,20.4,7.815981
,2023-12-09,92151.0,ADESTE PAV,Consumidor Especial,SUDESTE,20.4,10.745341
,2023-12-10,92151.0,ADESTE PAV,Consumidor Especial,SUDESTE,20.4,6.286161
,2023-12-11,92151.0,ADESTE PAV,Consumidor Especial,SUDESTE,20.4,10.749794
,2023-12-12,92151.0,ADESTE PAV,Consumidor Especial,SUDESTE,20.4,12.372868
,2023-12-13,92151.0,ADESTE PAV,Consumidor Especial,SUDESTE,20.4,12.305592
,2023-12-14,92151.0,ADESTE PAV,Consumidor Especial,SUDESTE,20.4,11.99602
,2023-12-15,92151.0,ADESTE PAV,Consumidor Especial,SUDESTE,20.4,12.253593
,2023-12-16,92151.0,ADESTE PAV,Consumidor Especial,SUDESTE,20.4,10.346189
,2023-12-17,92151.0,ADESTE PAV,Consumidor Especial,SUDESTE,20.4,7.328629999999999
,2023-12-18,92151.0,ADESTE PAV,Consumidor Especial,SUDESTE,20.4,9.895891
,2023-12-19,92151.0,ADESTE PAV,Consumidor Especial,SUDESTE,20.4,11.216333
,2023-12-20,92151.0,ADESTE PAV,Consumidor Especial,SUDESTE,20.4,11.09979
,2023-12-21,92151.0,ADESTE PAV,Consumidor Especial,SUDESTE,20.4,10.698615
,2023-12-22,92151.0,ADESTE PAV,Consumidor Especial,SUDESTE,20.4,8.654319
,2023-12-23,92151.0,ADESTE PAV,Consumidor Especial,SUDESTE,20.4,6.369952
,2023-12-24,92151.0,ADESTE PAV,Consumidor Especial,SUDESTE,20.4,5.615742
,2023-12-25,92151.0,ADESTE PAV,Consumidor Especial,SUDESTE,20.4,5.352486
,2023-12-26,92151.0,ADESTE PAV,Consumidor Especial,SUDESTE,20.4,4.779485
,2023-12-27,92151.0,ADESTE PAV,Consumidor Especial,SUDESTE,20.4,5.004221
,2023-12-28,92151.0,ADESTE PAV,Consumidor Especial,SUDESTE,20.4,4.634195
,2023-12-29,92151.0,ADESTE PAV,Consumidor Especial,SUDESTE,20.4,4.918461
,2023-12-30,92151.0,ADESTE PAV,Consumidor Especial,SUDESTE,20.4,4.407871
,2023-12-31,92151.0,ADESTE PAV,Consumidor Especial,SUDESTE,20.4,4.238358
,2024-01-01,92151.0,ADESTE PAV,Consumidor Especial,SUDESTE,20.4,4.647484
,2024-01-02,92151.0,ADESTE PAV,Consumidor Especial,SUDESTE,20.4,8.25442
,2024-01-03,92151.0,ADESTE PAV,Consumidor Especial,SUDESTE,20.4,9.924312
,2024-01-04,92151.0,ADESTE PAV,Consumidor Especial,SUDESTE,20.4,8.038692
,2024-01-05,92151.0,ADESTE PAV,Consumidor Especial,SUDESTE,20.4,10.761654
,2024-01-06,92151.0,ADESTE PAV,Consumidor Especial,SUDESTE,20.4,8.45105
,2024-01-07,92151.0,ADESTE PAV,Consumidor Especial,SUDESTE,20.4,6.657843
,2024-01-08,92151.0,ADESTE PAV,Consumidor Especial,SUDESTE,20.4,10.604196
,2024-01-09,92151.0,ADESTE PAV,Consumidor Especial,SUDESTE,20.4,12.807682
,2024-01-10,92151.0,ADESTE PAV,Consumidor Especial,SUDESTE,20.4,12.039215
,2024-01-11,92151.0,ADESTE PAV,Consumidor Especial,SUDESTE,20.4,11.769293
,2024-01-12,92151.0,ADESTE PAV,Consumidor Especial,SUDESTE,20.4,12.69348
,2024-01-13,92151.0,ADESTE PAV,Consumidor Especial,SUDESTE,20.4,8.786718
,2024-01-14,92151.0,ADESTE PAV,Consumidor Especial,SUDESTE,20.4,7.86061
,2024-01-15,92151.0,ADESTE PAV,Consumidor Especial,SUDESTE,20.4,11.682349
,2024-01-16,92151.0,ADESTE PAV,Consumidor Especial,SUDESTE,20.4,13.236576
,2024-01-17,92151.0,ADESTE PAV,Consumidor Especial,SUDESTE,20.4,12.06358
,2024-01-18,92151.0,ADESTE PAV,Consumidor Especial,SUDESTE,20.4,12.477989
,2024-01-19,92151.0,ADESTE PAV,Consumidor Especial,SUDESTE,20.4,13.084385
,2024-01-20,92151.0,ADESTE PAV,Consumidor Especial,SUDESTE,20.4,9.999541
,2024-01-21,92151.0,ADESTE PAV,Consumidor Especial,SUDESTE,20.4,8.336762
,2024-01-22,92151.0,ADESTE PAV,Consumidor Especial,SUDESTE,20.4,10.751609
,2024-01-23,92151.0,ADESTE PAV,Consumidor Especial,SUDESTE,20.4,12.098359
,2024-01-24,92151.0,ADESTE PAV,Consumidor Especial,SUDESTE,20.4,11.280153
,2024-01-25,92151.0,ADESTE PAV,Consumidor Especial,SUDESTE,20.4,13.016443
,2024-01-26,92151.0,ADESTE PAV,Consumidor Especial,SUDESTE,20.4,13.167113
,2024-01-27,92151.0,ADESTE PAV,Consumidor Especial,SUDESTE,20.4,9.680287
,2024-01-28,92151.0,ADESTE PAV,Consumidor Especial,SUDESTE,20.4,9.229654
,2024-01-29,92151.0,ADESTE PAV,Consumidor Especial,SUDESTE,20.4,11.660409
,2024-01-30,92151.0,ADESTE PAV,Consumidor Especial,SUDESTE,20.4,12.667636
,2024-01-31,92151.0,ADESTE PAV,Consumidor Especial,SUDESTE,20.4,10.705683
,2024-02-01,92151.0,ADESTE PAV,Consumidor Especial,SUDESTE,20.4,11.700472
,2024-02-02,92151.0,ADESTE PAV,Consumidor Especial,SUDESTE,20.4,9.358386
,2024-02-03,92151.0,ADESTE PAV,Consumidor Especial,SUDESTE,20.4,8.716895000000001
,2024-02-04,92151.0,ADESTE PAV,Consumidor Especial,SUDESTE,20.4,6.952993
,2024-02-05,92151.0,ADESTE PAV,Consumidor Especial,SUDESTE,20.4,10.746538
,2024-02-06,92151.0,ADESTE PAV,Consumidor Especial,SUDESTE,20.4,11.419831
,2024-02-07,92151.0,ADESTE PAV,Consumidor Especial,SUDESTE,20.4,13.068494
,2024-02-08,92151.0,ADESTE PAV,Consumidor Especial,SUDESTE,20.4,13.671324
,2024-02-09,92151.0,ADESTE PAV,Consumidor Especial,SUDESTE,20.4,12.916577
,2024-02-10,92151.0,ADESTE PAV,Consumidor Especial,SUDESTE,20.4,11.672781
,2024-02-11,92151.0,ADESTE PAV,Consumidor Especial,SUDESTE,20.4,10.701708
,2024-02-12,92151.0,ADESTE PAV,Consumidor Especial,SUDESTE,20.4,10.29269
,2024-02-13,92151.0,ADESTE PAV,Consumidor Especial,SUDESTE,20.4,10.100768
,2024-02-14,92151.0,ADESTE PAV,Consumidor Especial,SUDESTE,20.4,11.24677
,2024-02-15,92151.0,ADESTE PAV,Consumidor Especial,SUDESTE,20.4,8.871542999999999
,2024-02-16,92151.0,ADESTE PAV,Consumidor Especial,SUDESTE,20.4,10.781708
,2024-02-17,92151.0,ADESTE PAV,Consumidor Especial,SUDESTE,20.4,9.815788
,2024-02-18,92151.0,ADESTE PAV,Consumidor Especial,SUDESTE,20.4,7.266031
,2024-02-19,92151.0,ADESTE PAV,Consumidor Especial,SUDESTE,20.4,10.308708
,2024-02-20,92151.0,ADESTE PAV,Consumidor Especial,SUDESTE,20.4,12.303384
,2024-02-21,92151.0,ADESTE PAV,Consumidor Especial,SUDESTE,20.4,13.766388
,2024-02-22,92151.0,ADESTE PAV,Consumidor Especial,SUDESTE,20.4,13.117361
,2024-02-23,92151.0,ADESTE PAV,Consumidor Especial,SUDESTE,20.4,12.060129
,2024-02-24,92151.0,ADESTE PAV,Consumidor Especial,SUDESTE,20.4,10.57639
,2024-02-25,92151.0,ADESTE PAV,Consumidor Especial,SUDESTE,20.4,8.230304
,2024-02-26,92151.0,ADESTE PAV,Consumidor Especial,SUDESTE,20.4,11.749992
,2024-02-27,92151.0,ADESTE PAV,Consumidor Especial,SUDESTE,20.4,14.11999
,2024-02-28,92151.0,ADESTE PAV,Consumidor Especial,SUDESTE,20.4,14.476259
,2024-02-29,92151.0,ADESTE PAV,Consumidor Especial,SUDESTE,20.4,14.221827
202403.0,2024-03-01,92151.0,ADESTE PAV,Consumidor Especial,SUDESTE,20.4,11.833651
202403.0,2024-03-02,92151.0,ADESTE PAV,Consumidor Especial,SUDESTE,20.4,9.330249
202403.0,2024-03-03,92151.0,ADESTE PAV,Consumidor Especial,SUDESTE,20.4,6.561847
202403.0,2024-03-04,92151.0,ADESTE PAV,Consumidor Especial,SUDESTE,20.4,11.254513
202403.0,2024-03-05,92151.0,ADESTE PAV,Consumidor Especial,SUDESTE,20.4,12.945033
202403.0,2024-03-06,92151.0,ADESTE PAV,Consumidor Especial,SUDESTE,20.4,11.751723
202403.0,2024-03-07,92151.0,ADESTE PAV,Consumidor Especial,SUDESTE,20.4,12.149333
202403.0,2024-03-08,92151.0,ADESTE PAV,Consumidor Especial,SUDESTE,20.4,10.699671
202403.0,2024-03-09,92151.0,ADESTE PAV,Consumidor Especial,SUDESTE,20.4,9.156931
202403.0,2024-03-10,92151.0,ADESTE PAV,Consumidor Especial,SUDESTE,20.4,5.96017
202403.0,2024-03-11,92151.0,ADESTE PAV,Consumidor Especial,SUDESTE,20.4,11.157795
202403.0,2024-03-12,92151.0,ADESTE PAV,Consumidor Especial,SUDESTE,20.4,13.328358
202403.0,2024-03-13,92151.0,ADESTE PAV,Consumidor Especial,SUDESTE,20.4,13.163124
202403.0,2024-03-14,92151.0,ADESTE PAV,Consumidor Especial,SUDESTE,20.4,13.811279
202403.0,2024-03-15,92151.0,ADESTE PAV,Consumidor Especial,SUDESTE,20.4,12.844484
202403.0,2024-03-16,92151.0,ADESTE PAV,Consumidor Especial,SUDESTE,20.4,10.692203
202403.0,2024-03-17,92151.0,ADESTE PAV,Consumidor Especial,SUDESTE,20.4,8.808672
202403.0,2024-03-18,92151.0,ADESTE PAV,Consumidor Especial,SUDESTE,20.4,9.932684
202403.0,2024-03-19,92151.0,ADESTE PAV,Consumidor Especial,SUDESTE,20.4,12.128931
202403.0,2024-03-20,92151.0,ADESTE PAV,Consumidor Especial,SUDESTE,20.4,13.269002
202403.0,2024-03-21,92151.0,ADESTE PAV,Consumidor Especial,SUDESTE,20.4,13.418775
202403.0,2024-03-22,92151.0,ADESTE PAV,Consumidor Especial,SUDESTE,20.4,12.089018
202403.0,2024-03-23,92151.0,ADESTE PAV,Consumidor Especial,SUDESTE,20.4,8.423646
202403.0,2024-03-24,92151.0,ADESTE PAV,Consumidor Especial,SUDESTE,20.4,6.642551
202403.0,2024-03-25,92151.0,ADESTE PAV,Consumidor Especial,SUDESTE,20.4,11.084039
202403.0,2024-03-26,92151.0,ADESTE PAV,Consumidor Especial,SUDESTE,20.4,13.782424
202403.0,2024-03-27,92151.0,ADESTE PAV,Consumidor Especial,SUDESTE,20.4,12.444905
202403.0,2024-03-28,92151.0,ADESTE PAV,Consumidor Especial,SUDESTE,20.4,13.320768
202403.0,2024-03-29,92151.0,ADESTE PAV,Consumidor Especial,SUDESTE,20.4,10.739352
202403.0,2024-03-30,92151.0,ADESTE PAV,Consumidor Especial,SUDESTE,20.4,8.311117
202403.0,2024-03-31,92151.0,ADESTE PAV,Consumidor Especial,SUDESTE,20.4,6.724088
202404.0,2024-04-01,92151.0,ADESTE PAV,Consumidor Especial,SUDESTE,20.4,10.189268
202404.0,2024-04-02,92151.0,ADESTE PAV,Consumidor Especial,SUDESTE,20.4,10.788192
202404.0,2024-04-03,92151.0,ADESTE PAV,Consumidor Especial,SUDESTE,20.4,11.950751
202404.0,2024-04-04,92151.0,ADESTE PAV,Consumidor Especial,SUDESTE,20.4,12.572731
202404.0,2024-04-05,92151.0,ADESTE PAV,Consumidor Especial,SUDESTE,20.4,10.60249
202404.0,2024-04-06,92151.0,ADESTE PAV,Consumidor Especial,SUDESTE,20.4,9.079909
202404.0,2024-04-07,92151.0,ADESTE PAV,Consumidor Especial,SUDESTE,20.4,9.527602
202404.0,2024-04-08,92151.0,ADESTE PAV,Consumidor Especial,SUDESTE,20.4,11.319454
202404.0,2024-04-09,92151.0,ADESTE PAV,Consumidor Especial,SUDESTE,20.4,11.397259
202404.0,2024-04-10,92151.0,ADESTE PAV,Consumidor Especial,SUDESTE,20.4,13.34568
202404.0,2024-04-11,92151.0,ADESTE PAV,Consumidor Especial,SUDESTE,20.4,12.439661
202404.0,2024-04-12,92151.0,ADESTE PAV,Consumidor Especial,SUDESTE,20.4,12.093636
202404.0,2024-04-13,92151.0,ADESTE PAV,Consumidor Especial,SUDESTE,20.4,11.374107
202404.0,2024-04-14,92151.0,ADESTE PAV,Consumidor Especial,SUDESTE,20.4,9.581101
202404.0,2024-04-15,92151.0,ADESTE PAV,Consumidor Especial,SUDESTE,20.4,12.029141
202404.0,2024-04-16,92151.0,ADESTE PAV,Consumidor Especial,SUDESTE,20.4,13.320287
202404.0,2024-04-17,92151.0,ADESTE PAV,Consumidor Especial,SUDESTE,20.4,13.227024
202404.0,2024-04-18,92151.0,ADESTE PAV,Consumidor Especial,SUDESTE,20.4,13.506344
202404.0,2024-04-19,92151.0,ADESTE PAV,Consumidor Especial,SUDESTE,20.4,13.36122
202404.0,2024-04-20,92151.0,ADESTE PAV,Consumidor Especial,SUDESTE,20.4,10.909818
202404.0,2024-04-21,92151.0,ADESTE PAV,Consumidor Especial,SUDESTE,20.4,9.991161
202404.0,2024-04-22,92151.0,ADESTE PAV,Consumidor Especial,SUDESTE,20.4,11.116856
202404.0,2024-04-23,92151.0,ADESTE PAV,Consumidor Especial,SUDESTE,20.4,13.01745
202404.0,2024-04-24,92151.0,ADESTE PAV,Consumidor Especial,SUDESTE,20.4,12.979542
202404.0,2024-04-25,92151.0,ADESTE PAV,Consumidor Especial,SUDESTE,20.4,14.51058
202404.0,2024-04-26,92151.0,ADESTE PAV,Consumidor Especial,SUDESTE,20.4,13.453282
202404.0,2024-04-27,92151.0,ADESTE PAV,Consumidor Especial,SUDESTE,20.4,12.653513
202404.0,2024-04-28,92151.0,ADESTE PAV,Consumidor Especial,SUDESTE,20.4,9.742916
202404.0,2024-04-29,92151.0,ADESTE PAV,Consumidor Especial,SUDESTE,20.4,11.409117
202404.0,2024-04-30,92151.0,ADESTE PAV,Consumidor Especial,SUDESTE,20.4,12.586499
202405.0,2024-05-01,92151.0,ADESTE PAV,Consumidor Especial,SUDESTE,20.4,11.377461
202405.0,2024-05-02,92151.0,ADESTE PAV,Consumidor Especial,SUDESTE,20.4,10.968055
202405.0,2024-05-03,92151.0,ADESTE PAV,Consumidor Especial,SUDESTE,20.4,8.322856
202405.0,2024-05-04,92151.0,ADESTE PAV,Consumidor Especial,SUDESTE,20.4,7.088478
202405.0,2024-05-05,92151.0,ADESTE PAV,Consumidor Especial,SUDESTE,20.4,6.629144
202405.0,2024-05-06,92151.0,ADESTE PAV,Consumidor Especial,SUDESTE,20.4,11.417371
202405.0,2024-05-07,92151.0,ADESTE PAV,Consumidor Especial,SUDESTE,20.4,12.546554
202405.0,2024-05-08,92151.0,ADESTE PAV,Consumidor Especial,SUDESTE,20.4,13.044366
202405.0,2024-05-09,92151.0,ADESTE PAV,Consumidor Especial,SUDESTE,20.4,13.533695
202405.0,2024-05-10,92151.0,ADESTE PAV,Consumidor Especial,SUDESTE,20.4,13.720777
202405.0,2024-05-11,92151.0,ADESTE PAV,Consumidor Especial,SUDESTE,20.4,12.98483
202405.0,2024-05-12,92151.0,ADESTE PAV,Consumidor Especial,SUDESTE,20.4,10.388787
202405.0,2024-05-13,92151.0,ADESTE PAV,Consumidor Especial,SUDESTE,20.4,11.952713
202405.0,2024-05-14,92151.0,ADESTE PAV,Consumidor Especial,SUDESTE,20.4,12.668302
202405.0,2024-05-15,92151.0,ADESTE PAV,Consumidor Especial,SUDESTE,20.4,11.731225
202405.0,2024-05-16,92151.0,ADESTE PAV,Consumidor Especial,SUDESTE,20.4,11.317716
202405.0,2024-05-17,92151.0,ADESTE PAV,Consumidor Especial,SUDESTE,20.4,11.988604
202405.0,2024-05-18,92151.0,ADESTE PAV,Consumidor Especial,SUDESTE,20.4,12.497993
202405.0,2024-05-19,92151.0,ADESTE PAV,Consumidor Especial,SUDESTE,20.4,10.175813
202405.0,2024-05-20,92151.0,ADESTE PAV,Consumidor Especial,SUDESTE,20.4,10.418294
202405.0,2024-05-21,92151.0,ADESTE PAV,Consumidor Especial,SUDESTE,20.4,12.602003
202405.0,2024-05-22,92151.0,ADESTE PAV,Consumidor Especial,SUDESTE,20.4,13.605037
202405.0,2024-05-23,92151.0,ADESTE PAV,Consumidor Especial,SUDESTE,20.4,14.26606
202405.0,2024-05-24,92151.0,ADESTE PAV,Consumidor Especial,SUDESTE,20.4,12.925491
202405.0,2024-05-25,92151.0,ADESTE PAV,Consumidor Especial,SUDESTE,20.4,12.080023
202405.0,2024-05-26,92151.0,ADESTE PAV,Consumidor Especial,SUDESTE,20.4,9.035118
202405.0,2024-05-27,92151.0,ADESTE PAV,Consumidor Especial,SUDESTE,20.4,11.571411
202405.0,2024-05-28,92151.0,ADESTE PAV,Consumidor Especial,SUDESTE,20.4,11.786845
202405.0,2024-05-29,92151.0,ADESTE PAV,Consumidor Especial,SUDESTE,20.4,12.898469
202405.0,2024-05-30,92151.0,ADESTE PAV,Consumidor Especial,SUDESTE,20.4,8.177047
202405.0,2024-05-31,92151.0,ADESTE PAV,Consumidor Especial,SUDESTE,20.4,6.978043
202406.0,2024-06-01,92151.0,ADESTE PAV,Consumidor Especial,SUDESTE,20.4,6.262064
202406.0,2024-06-02,92151.0,ADESTE PAV,Consumidor Especial,SUDESTE,20.4,6.17896
202406.0,2024-06-03,92151.0,ADESTE PAV,Consumidor Especial,SUDESTE,20.4,9.603809
202406.0,2024-06-04,92151.0,ADESTE PAV,Consumidor Especial,SUDESTE,20.4,10.654549
202406.0,2024-06-05,92151.0,ADESTE PAV,Consumidor Especial,SUDESTE,20.4,10.708763
202406.0,2024-06-06,92151.0,ADESTE PAV,Consumidor Especial,SUDESTE,20.4,10.78059
202406.0,2024-06-07,92151.0,ADESTE PAV,Consumidor Especial,SUDESTE,20.4,11.344341
202406.0,2024-06-08,92151.0,ADESTE PAV,Consumidor Especial,SUDESTE,20.4,10.886086
202406.0,2024-06-09,92151.0,ADESTE PAV,Consumidor Especial,SUDESTE,20.4,9.117246
202406.0,2024-06-10,92151.0,ADESTE PAV,Consumidor Especial,SUDESTE,20.4,11.77789
202406.0,2024-06-11,92151.0,ADESTE PAV,Consumidor Especial,SUDESTE,20.4,12.434426
202406.0,2024-06-12,92151.0,ADESTE PAV,Consumidor Especial,SUDESTE,20.4,12.289282
202406.0,2024-06-13,92151.0,ADESTE PAV,Consumidor Especial,SUDESTE,20.4,10.953657
202406.0,2024-06-14,92151.0,ADESTE PAV,Consumidor Especial,SUDESTE,20.4,11.769846
202406.0,2024-06-15,92151.0,ADESTE PAV,Consumidor Especial,SUDESTE,20.4,10.574221
202406.0,2024-06-16,92151.0,ADESTE PAV,Consumidor Especial,SUDESTE,20.4,7.21562
202406.0,2024-06-17,92151.0,ADESTE PAV,Consumidor Especial,SUDESTE,20.4,9.690972
202406.0,2024-06-18,92151.0,ADESTE PAV,Consumidor Especial,SUDESTE,20.4,11.572614
202406.0,2024-06-19,92151.0,ADESTE PAV,Consumidor Especial,SUDESTE,20.4,12.739436
202406.0,2024-06-20,92151.0,ADESTE PAV,Consumidor Especial,SUDESTE,20.4,11.495311
202406.0,2024-06-21,92151.0,ADESTE PAV,Consumidor Especial,SUDESTE,20.4,9.739461
202406.0,2024-06-22,92151.0,ADESTE PAV,Consumidor Especial,SUDESTE,20.4,7.228012
202406.0,2024-06-23,92151.0,ADESTE PAV,Consumidor Especial,SUDESTE,20.4,6.18255
202406.0,2024-06-24,92151.0,ADESTE PAV,Consumidor Especial,SUDESTE,20.4,9.36958
202406.0,2024-06-25,92151.0,ADESTE PAV,Consumidor Especial,SUDESTE,20.4,10.790102
202406.0,2024-06-26,92151.0,ADESTE PAV,Consumidor Especial,SUDESTE,20.4,11.556101
202406.0,2024-06-27,92151.0,ADESTE PAV,Consumidor Especial,SUDESTE,20.4,10.71047
202406.0,2024-06-28,92151.0,ADESTE PAV,Consumidor Especial,SUDESTE,20.4,11.00384
202406.0,2024-06-29,92151.0,ADESTE PAV,Consumidor Especial,SUDESTE,20.4,8.432284
202406.0,2024-06-30,92151.0,ADESTE PAV,Consumidor Especial,SUDESTE,20.4,6.753394
202407.0,2024-07-01,92151.0,ADESTE PAV,Consumidor Especial,SUDESTE,20.4,9.324626
202407.0,2024-07-02,92151.0,ADESTE PAV,Consumidor Especial,SUDESTE,20.4,11.094179
202407.0,2024-07-03,92151.0,ADESTE PAV,Consumidor Especial,SUDESTE,20.4,11.437629
202407.0,2024-07-04,92151.0,ADESTE PAV,Consumidor Especial,SUDESTE,20.4,11.689338
202407.0,2024-07-05,92151.0,ADESTE PAV,Consumidor Especial,SUDESTE,20.4,12.376775
202407.0,2024-07-06,92151.0,ADESTE PAV,Consumidor Especial,SUDESTE,20.4,9.172256
202407.0,2024-07-07,92151.0,ADESTE PAV,Consumidor Especial,SUDESTE,20.4,5.495116
202407.0,2024-07-08,92151.0,ADESTE PAV,Consumidor Especial,SUDESTE,20.4,5.543407
202407.0,2024-07-09,92151.0,ADESTE PAV,Consumidor Especial,SUDESTE,20.4,5.282542
202407.0,2024-07-10,92151.0,ADESTE PAV,Consumidor Especial,SUDESTE,20.4,9.181617
202407.0,2024-07-11,92151.0,ADESTE PAV,Consumidor Especial,SUDESTE,20.4,12.074634
202407.0,2024-07-12,92151.0,ADESTE PAV,Consumidor Especial,SUDESTE,20.4,10.951397
202407.0,2024-07-13,92151.0,ADESTE PAV,Consumidor Especial,SUDESTE,20.4,9.117748
202407.0,2024-07-14,92151.0,ADESTE PAV,Consumidor Especial,SUDESTE,20.4,7.626400999999999
202407.0,2024-07-15,92151.0,ADESTE PAV,Consumidor Especial,SUDESTE,20.4,11.14305
202407.0,2024-07-16,92151.0,ADESTE PAV,Consumidor Especial,SUDESTE,20.4,12.453135
202407.0,2024-07-17,92151.0,ADESTE PAV,Consumidor Especial,SUDESTE,20.4,13.07745
202407.0,2024-07-18,92151.0,ADESTE PAV,Consumidor Especial,SUDESTE,20.4,13.521457
202407.0,2024-07-19,92151.0,ADESTE PAV,Consumidor Especial,SUDESTE,20.4,12.8165
202407.0,2024-07-20,92151.0,ADESTE PAV,Consumidor Especial,SUDESTE,20.4,10.194437
202407.0,2024-07-21,92151.0,ADESTE PAV,Consumidor Especial,SUDESTE,20.4,7.203343
202407.0,2024-07-22,92151.0,ADESTE PAV,Consumidor Especial,SUDESTE,20.4,9.577069
202407.0,2024-07-23,92151.0,ADESTE PAV,Consumidor Especial,SUDESTE,20.4,12.540769
202407.0,2024-07-24,92151.0,ADESTE PAV,Consumidor Especial,SUDESTE,20.4,13.256108
202407.0,2024-07-25,92151.0,ADESTE PAV,Consumidor Especial,SUDESTE,20.4,11.693576
202407.0,2024-07-26,92151.0,ADESTE PAV,Consumidor Especial,SUDESTE,20.4,9.715331
202407.0,2024-07-27,92151.0,ADESTE PAV,Consumidor Especial,SUDESTE,20.4,6.706617
202407.0,2024-07-28,92151.0,ADESTE PAV,Consumidor Especial,SUDESTE,20.4,6.116526
202407.0,2024-07-29,92151.0,ADESTE PAV,Consumidor Especial,SUDESTE,20.4,9.234164
202407.0,2024-07-30,92151.0,ADESTE PAV,Consumidor Especial,SUDESTE,20.4,8.562559
202407.0,2024-07-31,92151.0,ADESTE PAV,Consumidor Especial,SUDESTE,20.4,11.31321
202408.0,2024-08-01,92151.0,ADESTE PAV,Consumidor Especial,SUDESTE,20.4,12.501667
202408.0,2024-08-02,92151.0,ADESTE PAV,Consumidor Especial,SUDESTE,20.4,12.649738
202408.0,2024-08-03,92151.0,ADESTE PAV,Consumidor Especial,SUDESTE,20.4,10.419942
202408.0,2024-08-04,92151.0,ADESTE PAV,Consumidor Especial,SUDESTE,20.4,8.225444
202408.0,2024-08-05,92151.0,ADESTE PAV,Consumidor Especial,SUDESTE,20.4,11.497043
202408.0,2024-08-06,92151.0,ADESTE PAV,Consumidor Especial,SUDESTE,20.4,10.092095
202408.0,2024-08-07,92151.0,ADESTE PAV,Consumidor Especial,SUDESTE,20.4,8.905614
202408.0,2024-08-08,92151.0,ADESTE PAV,Consumidor Especial,SUDESTE,20.4,12.62095
202408.0,2024-08-09,92151.0,ADESTE PAV,Consumidor Especial,SUDESTE,20.4,12.174729
202408.0,2024-08-10,92151.0,ADESTE PAV,Consumidor Especial,SUDESTE,20.4,10.495666
202408.0,2024-08-11,92151.0,ADESTE PAV,Consumidor Especial,SUDESTE,20.4,7.396584
202408.0,2024-08-12,92151.0,ADESTE PAV,Consumidor Especial,SUDESTE,20.4,10.83538
202408.0,2024-08-13,92151.0,ADESTE PAV,Consumidor Especial,SUDESTE,20.4,11.683643
202408.0,2024-08-14,92151.0,ADESTE PAV,Consumidor Especial,SUDESTE,20.4,10.717325
202408.0,2024-08-15,92151.0,ADESTE PAV,Consumidor Especial,SUDESTE,20.4,9.155606
202408.0,2024-08-16,92151.0,ADESTE PAV,Consumidor Especial,SUDESTE,20.4,11.361814
202408.0,2024-08-17,92151.0,ADESTE PAV,Consumidor Especial,SUDESTE,20.4,10.539674
202408.0,2024-08-18,92151.0,ADESTE PAV,Consumidor Especial,SUDESTE,20.4,8.179406
202408.0,2024-08-19,92151.0,ADESTE PAV,Consumidor Especial,SUDESTE,20.4,10.586901
202408.0,2024-08-20,92151.0,ADESTE PAV,Consumidor Especial,SUDESTE,20.4,11.271544
202408.0,2024-08-21,92151.0,ADESTE PAV,Consumidor Especial,SUDESTE,20.4,11.880244
202408.0,2024-08-22,92151.0,ADESTE PAV,Consumidor Especial,SUDESTE,20.4,11.751603
202408.0,2024-08-23,92151.0,ADESTE PAV,Consumidor Especial,SUDESTE,20.4,11.587712
202408.0,2024-08-24,92151.0,ADESTE PAV,Consumidor Especial,SUDESTE,20.4,10.943084
202408.0,2024-08-25,92151.0,ADESTE PAV,Consumidor Especial,SUDESTE,20.4,7.470119
202408.0,2024-08-26,92151.0,ADESTE PAV,Consumidor Especial,SUDESTE,20.4,10.236971
202408.0,2024-08-27,92151.0,ADESTE PAV,Consumidor Especial,SUDESTE,20.4,11.67627
202408.0,2024-08-28,92151.0,ADESTE PAV,Consumidor Especial,SUDESTE,20.4,12.579406
202408.0,2024-08-29,92151.0,ADESTE PAV,Consumidor Especial,SUDESTE,20.4,13.33518
202408.0,2024-08-30,92151.0,ADESTE PAV,Consumidor Especial,SUDESTE,20.4,13.785862
202408.0,2024-08-31,92151.0,ADESTE PAV,Consumidor Especial,SUDESTE,20.4,11.221146
202409.0,2024-09-01,92151.0,ADESTE PAV,Consumidor Especial,SUDESTE,20.4,8.604418
202409.0,2024-09-02,92151.0,ADESTE PAV,Consumidor Especial,SUDESTE,20.4,10.9466
202409.0,2024-09-03,92151.0,ADESTE PAV,Consumidor Especial,SUDESTE,20.4,12.811639
202409.0,2024-09-04,92151.0,ADESTE PAV,Consumidor Especial,SUDESTE,20.4,12.135517
202409.0,2024-09-05,92151.0,ADESTE PAV,Consumidor Especial,SUDESTE,20.4,13.642421
202409.0,2024-09-06,92151.0,ADESTE PAV,Consumidor Especial,SUDESTE,20.4,13.494256
202409.0,2024-09-07,92151.0,ADESTE PAV,Consumidor Especial,SUDESTE,20.4,11.760812
202409.0,2024-09-08,92151.0,ADESTE PAV,Consumidor Especial,SUDESTE,20.4,9.503258
202409.0,2024-09-09,92151.0,ADESTE PAV,Consumidor Especial,SUDESTE,20.4,11.398929
202409.0,2024-09-10,92151.0,ADESTE PAV,Consumidor Especial,SUDESTE,20.4,13.147315
202409.0,2024-09-11,92151.0,ADESTE PAV,Consumidor Especial,SUDESTE,20.4,13.728054
202409.0,2024-09-12,92151.0,ADESTE PAV,Consumidor Especial,SUDESTE,20.4,13.302868
202409.0,2024-09-13,92151.0,ADESTE PAV,Consumidor Especial,SUDESTE,20.4,13.542188
202409.0,2024-09-14,92151.0,ADESTE PAV,Consumidor Especial,SUDESTE,20.4,11.784704
202409.0,2024-09-15,92151.0,ADESTE PAV,Consumidor Especial,SUDESTE,20.4,9.293853
202409.0,2024-09-16,92151.0,ADESTE PAV,Consumidor Especial,SUDESTE,20.4,10.070882
202409.0,2024-09-17,92151.0,ADESTE PAV,Consumidor Especial,SUDESTE,20.4,11.376534
202409.0,2024-09-18,92151.0,ADESTE PAV,Consumidor Especial,SUDESTE,20.4,12.213297
202409.0,2024-09-19,92151.0,ADESTE PAV,Consumidor Especial,SUDESTE,20.4,12.197227
202409.0,2024-09-20,92151.0,ADESTE PAV,Consumidor Especial,SUDESTE,20.4,11.690794
202409.0,2024-09-21,92151.0,ADESTE PAV,Consumidor Especial,SUDESTE,20.4,9.983703
202409.0,2024-09-22,92151.0,ADESTE PAV,Consumidor Especial,SUDESTE,20.4,7.512007
202409.0,2024-09-23,92151.0,ADESTE PAV,Consumidor Especial,SUDESTE,20.4,10.654298
202409.0,2024-09-24,92151.0,ADESTE PAV,Consumidor Especial,SUDESTE,20.4,10.56008
202409.0,2024-09-25,92151.0,ADESTE PAV,Consumidor Especial,SUDESTE,20.4,12.953602
202409.0,2024-09-26,92151.0,ADESTE PAV,Consumidor Especial,SUDESTE,20.4,13.089208
202409.0,2024-09-27,92151.0,ADESTE PAV,Consumidor Especial,SUDESTE,20.4,8.511206
202409.0,2024-09-28,92151.0,ADESTE PAV,Consumidor Especial,SUDESTE,20.4,8.385478
202409.0,2024-09-29,92151.0,ADESTE PAV,Consumidor Especial,SUDESTE,20.4,7.215957
202409.0,2024-09-30,92151.0,ADESTE PAV,Consumidor Especial,SUDESTE,20.4,11.111353
202410.0,2024-10-01,92151.0,ADESTE PAV,Consumidor Especial,SUDESTE,20.4,12.44234
202410.0,2024-10-02,92151.0,ADESTE PAV,Consumidor Especial,SUDESTE,20.4,12.571733
202410.0,2024-10-03,92151.0,ADESTE PAV,Consumidor Especial,SUDESTE,20.4,13.270051
202410.0,2024-10-04,92151.0,ADESTE PAV,Consumidor Especial,SUDESTE,20.4,13.39656
202410.0,2024-10-05,92151.0,ADESTE PAV,Consumidor Especial,SUDESTE,20.4,10.358971
202410.0,2024-10-06,92151.0,ADESTE PAV,Consumidor Especial,SUDESTE,20.4,7.857723
202410.0,2024-10-07,92151.0,ADESTE PAV,Consumidor Especial,SUDESTE,20.4,10.486887
202410.0,2024-10-08,92151.0,ADESTE PAV,Consumidor Especial,SUDESTE,20.4,11.473146
202410.0,2024-10-09,92151.0,ADESTE PAV,Consumidor Especial,SUDESTE,20.4,10.087824
202410.0,2024-10-10,92151.0,ADESTE PAV,Consumidor Especial,SUDESTE,20.4,14.566235
202410.0,2024-10-11,92151.0,ADESTE PAV,Consumidor Especial,SUDESTE,20.4,13.037658
202410.0,2024-10-12,92151.0,ADESTE PAV,Consumidor Especial,SUDESTE,20.4,9.700628
202410.0,2024-10-13,92151.0,ADESTE PAV,Consumidor Especial,SUDESTE,20.4,9.236599
202410.0,2024-10-14,92151.0,ADESTE PAV,Consumidor Especial,SUDESTE,20.4,10.612132
202410.0,2024-10-15,92151.0,ADESTE PAV,Consumidor Especial,SUDESTE,20.4,12.076084
202410.0,2024-10-16,92151.0,ADESTE PAV,Consumidor Especial,SUDESTE,20.4,14.267226
202410.0,2024-10-17,92151.0,ADESTE PAV,Consumidor Especial,SUDESTE,20.4,14.126673
202410.0,2024-10-18,92151.0,ADESTE PAV,Consumidor Especial,SUDESTE,20.4,13.24809
202410.0,2024-10-19,92151.0,ADESTE PAV,Consumidor Especial,SUDESTE,20.4,9.096194
202410.0,2024-10-20,92151.0,ADESTE PAV,Consumidor Especial,SUDESTE,20.4,8.547163
202410.0,2024-10-21,92151.0,ADESTE PAV,Consumidor Especial,SUDESTE,20.4,11.616244
202410.0,2024-10-22,92151.0,ADESTE PAV,Consumidor Especial,SUDESTE,20.4,13.148906
202410.0,2024-10-23,92151.0,ADESTE PAV,Consumidor Especial,SUDESTE,20.4,14.52791
202410.0,2024-10-24,92151.0,ADESTE PAV,Consumidor Especial,SUDESTE,20.4,14.868659
202410.0,2024-10-25,92151.0,ADESTE PAV,Consumidor Especial,SUDESTE,20.4,14.236415
202410.0,2024-10-26,92151.0,ADESTE PAV,Consumidor Especial,SUDESTE,20.4,12.07167
202410.0,2024-10-27,92151.0,ADESTE PAV,Consumidor Especial,SUDESTE,20.4,9.861975
202410.0,2024-10-28,92151.0,ADESTE PAV,Consumidor Especial,SUDESTE,20.4,12.488669
202410.0,2024-10-29,92151.0,ADESTE PAV,Consumidor Especial,SUDESTE,20.4,12.68057
202410.0,2024-10-30,92151.0,ADESTE PAV,Consumidor Especial,SUDESTE,20.4,13.119774
202410.0,2024-10-31,92151.0,ADESTE PAV,Consumidor Especial,SUDESTE,20.4,12.482753
202411.0,2024-11-01,92151.0,ADESTE PAV,Consumidor Especial,SUDESTE,20.4,12.21299
202411.0,2024-11-02,92151.0,ADESTE PAV,Consumidor Especial,SUDESTE,20.4,9.462355
202411.0,2024-11-03,92151.0,ADESTE PAV,Consumidor Especial,SUDESTE,20.4,8.221301
202411.0,2024-11-04,92151.0,ADESTE PAV,Consumidor Especial,SUDESTE,20.4,11.350528
202411.0,2024-11-05,92151.0,ADESTE PAV,Consumidor Especial,SUDESTE,20.4,10.429595
202411.0,2024-11-06,92151.0,ADESTE PAV,Consumidor Especial,SUDESTE,20.4,13.001989
202411.0,2024-11-07,92151.0,ADESTE PAV,Consumidor Especial,SUDESTE,20.4,14.23692
202411.0,2024-11-08,92151.0,ADESTE PAV,Consumidor Especial,SUDESTE,20.4,12.727811
202411.0,2024-11-09,92151.0,ADESTE PAV,Consumidor Especial,SUDESTE,20.4,12.037737
202411.0,2024-11-10,92151.0,ADESTE PAV,Consumidor Especial,SUDESTE,20.4,10.159192
202411.0,2024-11-11,92151.0,ADESTE PAV,Consumidor Especial,SUDESTE,20.4,11.417561
202411.0,2024-11-12,92151.0,ADESTE PAV,Consumidor Especial,SUDESTE,20.4,12.936913
202411.0,2024-11-13,92151.0,ADESTE PAV,Consumidor Especial,SUDESTE,20.4,14.347432
202411.0,2024-11-14,92151.0,ADESTE PAV,Consumidor Especial,SUDESTE,20.4,11.686893
202411.0,2024-11-15,92151.0,ADESTE PAV,Consumidor Especial,SUDESTE,20.4,8.633159000000001
202411.0,2024-11-16,92151.0,ADESTE PAV,Consumidor Especial,SUDESTE,20.4,8.216252
202411.0,2024-11-17,92151.0,ADESTE PAV,Consumidor Especial,SUDESTE,20.4,7.500404
202411.0,2024-11-18,92151.0,ADESTE PAV,Consumidor Especial,SUDESTE,20.4,7.086338
202411.0,2024-11-19,92151.0,ADESTE PAV,Consumidor Especial,SUDESTE,20.4,8.919308
202411.0,2024-11-20,92151.0,ADESTE PAV,Consumidor Especial,SUDESTE,20.4,10.99332
202411.0,2024-11-21,92151.0,ADESTE PAV,Consumidor Especial,SUDESTE,20.4,12.55893
202411.0,2024-11-22,92151.0,ADESTE PAV,Consumidor Especial,SUDESTE,20.4,14.259183
202411.0,2024-11-23,92151.0,ADESTE PAV,Consumidor Especial,SUDESTE,20.4,12.160506
202411.0,2024-11-24,92151.0,ADESTE PAV,Consumidor Especial,SUDESTE,20.4,9.588375
202411.0,2024-11-25,92151.0,ADESTE PAV,Consumidor Especial,SUDESTE,20.4,12.027291
202411.0,2024-11-26,92151.0,ADESTE PAV,Consumidor Especial,SUDESTE,20.4,13.796983
202411.0,2024-11-27,92151.0,ADESTE PAV,Consumidor Especial,SUDESTE,20.4,14.014254
202411.0,2024-11-28,92151.0,ADESTE PAV,Consumidor Especial,SUDESTE,20.4,11.244515
202411.0,2024-11-29,92151.0,ADESTE PAV,Consumidor Especial,SUDESTE,20.4,13.703004
202411.0,2024-11-30,92151.0,ADESTE PAV,Consumidor Especial,SUDESTE,20.4,12.279546
202412.0,2024-12-01,92151.0,ADESTE PAV,Consumidor Especial,SUDESTE,20.4,8.373935
202412.0,2024-12-02,92151.0,ADESTE PAV,Consumidor Especial,SUDESTE,20.4,8.569527
202412.0,2024-12-03,92151.0,ADESTE PAV,Consumidor Especial,SUDESTE,20.4,12.762975
202412.0,2024-12-04,92151.0,ADESTE PAV,Consumidor Especial,SUDESTE,20.4,13.083074
202412.0,2024-12-05,92151.0,ADESTE PAV,Consumidor Especial,SUDESTE,20.4,15.066678
202412.0,2024-12-06,92151.0,ADESTE PAV,Consumidor Especial,SUDESTE,20.4,13.683755
202412.0,2024-12-07,92151.0,ADESTE PAV,Consumidor Especial,SUDESTE,20.4,12.175907
202412.0,2024-12-08,92151.0,ADESTE PAV,Consumidor Especial,SUDESTE,20.4,10.102027
202412.0,2024-12-09,92151.0,ADESTE PAV,Consumidor Especial,SUDESTE,20.4,12.823876
202412.0,2024-12-10,92151.0,ADESTE PAV,Consumidor Especial,SUDESTE,20.4,14.65284
202412.0,2024-12-11,92151.0,ADESTE PAV,Consumidor Especial,SUDESTE,20.4,12.649786
202412.0,2024-12-12,92151.0,ADESTE PAV,Consumidor Especial,SUDESTE,20.4,13.278198
202412.0,2024-12-13,92151.0,ADESTE PAV,Consumidor Especial,SUDESTE,20.4,13.593868
202412.0,2024-12-14,92151.0,ADESTE PAV,Consumidor Especial,SUDESTE,20.4,8.870636
202412.0,2024-12-15,92151.0,ADESTE PAV,Consumidor Especial,SUDESTE,20.4,8.515146
202412.0,2024-12-16,92151.0,ADESTE PAV,Consumidor Especial,SUDESTE,20.4,12.171123
202412.0,2024-12-17,92151.0,ADESTE PAV,Consumidor Especial,SUDESTE,20.4,13.307382
202412.0,2024-12-18,92151.0,ADESTE PAV,Consumidor Especial,SUDESTE,20.4,14.194511
202412.0,2024-12-19,92151.0,ADESTE PAV,Consumidor Especial,SUDESTE,20.4,11.589412
202412.0,2024-12-20,92151.0,ADESTE PAV,Consumidor Especial,SUDESTE,20.4,11.38878
202412.0,2024-12-21,92151.0,ADESTE PAV,Consumidor Especial,SUDESTE,20.4,11.821887
202412.0,2024-12-22,92151.0,ADESTE PAV,Consumidor Especial,SUDESTE,20.4,9.245771
202412.0,2024-12-23,92151.0,ADESTE PAV,Consumidor Especial,SUDESTE,20.4,7.126185
202412.0,2024-12-24,92151.0,ADESTE PAV,Consumidor Especial,SUDESTE,20.4,5.506573
202412.0,2024-12-25,92151.0,ADESTE PAV,Consumidor Especial,SUDESTE,20.4,5.338183
202412.0,2024-12-26,92151.0,ADESTE PAV,Consumidor Especial,SUDESTE,20.4,5.991728
202412.0,2024-12-27,92151.0,ADESTE PAV,Consumidor Especial,SUDESTE,20.4,6.698126
202412.0,2024-12-28,92151.0,ADESTE PAV,Consumidor Especial,SUDESTE,20.4,5.482863
202412.0,2024-12-29,92151.0,ADESTE PAV,Consumidor Especial,SUDESTE,20.4,5.282046
202412.0,2024-12-30,92151.0,ADESTE PAV,Consumidor Especial,SUDESTE,20.4,5.85027
202412.0,2024-12-31,92151.0,ADESTE PAV,Consumidor Especial,SUDESTE,20.4,5.086163
202501.0,2025-01-01,92151.0,ADESTE PAV,Consumidor Especial,SUDESTE,20.4,4.701458
202501.0,2025-01-02,92151.0,ADESTE PAV,Consumidor Especial,SUDESTE,20.4,5.627693
202501.0,2025-01-03,92151.0,ADESTE PAV,Consumidor Especial,SUDESTE,20.4,5.564199
202501.0,2025-01-04,92151.0,ADESTE PAV,Consumidor Especial,SUDESTE,20.4,5.374618
202501.0,2025-01-05,92151.0,ADESTE PAV,Consumidor Especial,SUDESTE,20.4,5.626827
202501.0,2025-01-06,92151.0,ADESTE PAV,Consumidor Especial,SUDESTE,20.4,9.589548
202501.0,2025-01-07,92151.0,ADESTE PAV,Consumidor Especial,SUDESTE,20.4,10.457936
202501.0,2025-01-08,92151.0,ADESTE PAV,Consumidor Especial,SUDESTE,20.4,10.92005
202501.0,2025-01-09,92151.0,ADESTE PAV,Consumidor Especial,SUDESTE,20.4,12.705553
202501.0,2025-01-10,92151.0,ADESTE PAV,Consumidor Especial,SUDESTE,20.4,13.033128
202501.0,2025-01-11,92151.0,ADESTE PAV,Consumidor Especial,SUDESTE,20.4,11.294212
202501.0,2025-01-12,92151.0,ADESTE PAV,Consumidor Especial,SUDESTE,20.4,8.590168
202501.0,2025-01-13,92151.0,ADESTE PAV,Consumidor Especial,SUDESTE,20.4,11.598117
202501.0,2025-01-14,92151.0,ADESTE PAV,Consumidor Especial,SUDESTE,20.4,11.807883
202501.0,2025-01-15,92151.0,ADESTE PAV,Consumidor Especial,SUDESTE,20.4,11.055619
202501.0,2025-01-16,92151.0,ADESTE PAV,Consumidor Especial,SUDESTE,20.4,12.587424
202501.0,2025-01-17,92151.0,ADESTE PAV,Consumidor Especial,SUDESTE,20.4,12.541156
202501.0,2025-01-18,92151.0,ADESTE PAV,Consumidor Especial,SUDESTE,20.4,9.814748
202501.0,2025-01-19,92151.0,ADESTE PAV,Consumidor Especial,SUDESTE,20.4,7.618449
202501.0,2025-01-20,92151.0,ADESTE PAV,Consumidor Especial,SUDESTE,20.4,10.714856
202501.0,2025-01-21,92151.0,ADESTE PAV,Consumidor Especial,SUDESTE,20.4,12.171617
202501.0,2025-01-22,92151.0,ADESTE PAV,Consumidor Especial,SUDESTE,20.4,13.621957
202501.0,2025-01-23,92151.0,ADESTE PAV,Consumidor Especial,SUDESTE,20.4,14.477184
202501.0,2025-01-24,92151.0,ADESTE PAV,Consumidor Especial,SUDESTE,20.4,13.392203
202501.0,2025-01-25,92151.0,ADESTE PAV,Consumidor Especial,SUDESTE,20.4,9.25624
202501.0,2025-01-26,92151.0,ADESTE PAV,Consumidor Especial,SUDESTE,20.4,6.555173
202501.0,2025-01-27,92151.0,ADESTE PAV,Consumidor Especial,SUDESTE,20.4,10.742759
202501.0,2025-01-28,92151.0,ADESTE PAV,Consumidor Especial,SUDESTE,20.4,12.053531
202501.0,2025-01-29,92151.0,ADESTE PAV,Consumidor Especial,SUDESTE,20.4,12.125461
202501.0,2025-01-30,92151.0,ADESTE PAV,Consumidor Especial,SUDESTE,20.4,14.664443
202501.0,2025-01-31,92151.0,ADESTE PAV,Consumidor Especial,SUDESTE,20.4,12.81311
202502.0,2025-02-01,92151.0,ADESTE PAV,Consumidor Especial,SUDESTE,20.4,11.518843
202502.0,2025-02-02,92151.0,ADESTE PAV,Consumidor Especial,SUDESTE,20.4,8.332981
202502.0,2025-02-03,92151.0,ADESTE PAV,Consumidor Especial,SUDESTE,20.4,11.275008
202502.0,2025-02-04,92151.0,ADESTE PAV,Consumidor Especial,SUDESTE,20.4,12.591177
202502.0,2025-02-05,92151.0,ADESTE PAV,Consumidor Especial,SUDESTE,20.4,13.282283
202502.0,2025-02-06,92151.0,ADESTE PAV,Consumidor Especial,SUDESTE,20.4,14.453185
202502.0,2025-02-07,92151.0,ADESTE PAV,Consumidor Especial,SUDESTE,20.4,13.090989
202502.0,2025-02-08,92151.0,ADESTE PAV,Consumidor Especial,SUDESTE,20.4,11.743849
202502.0,2025-02-09,92151.0,ADESTE PAV,Consumidor Especial,SUDESTE,20.4,9.723619
202502.0,2025-02-10,92151.0,ADESTE PAV,Consumidor Especial,SUDESTE,20.4,11.361118
202502.0,2025-02-11,92151.0,ADESTE PAV,Consumidor Especial,SUDESTE,20.4,13.325309
202502.0,2025-02-12,92151.0,ADESTE PAV,Consumidor Especial,SUDESTE,20.4,12.624704
202502.0,2025-02-13,92151.0,ADESTE PAV,Consumidor Especial,SUDESTE,20.4,13.532717
202502.0,2025-02-14,92151.0,ADESTE PAV,Consumidor Especial,SUDESTE,20.4,14.474656
202502.0,2025-02-15,92151.0,ADESTE PAV,Consumidor Especial,SUDESTE,20.4,12.054093
202502.0,2025-02-16,92151.0,ADESTE PAV,Consumidor Especial,SUDESTE,20.4,10.318501
202502.0,2025-02-17,92151.0,ADESTE PAV,Consumidor Especial,SUDESTE,20.4,13.028217
202502.0,2025-02-18,92151.0,ADESTE PAV,Consumidor Especial,SUDESTE,20.4,14.362012
202502.0,2025-02-19,92151.0,ADESTE PAV,Consumidor Especial,SUDESTE,20.4,14.267311
202502.0,2025-02-20,92151.0,ADESTE PAV,Consumidor Especial,SUDESTE,20.4,13.848106
202502.0,2025-02-21,92151.0,ADESTE PAV,Consumidor Especial,SUDESTE,20.4,12.448682
202502.0,2025-02-22,92151.0,ADESTE PAV,Consumidor Especial,SUDESTE,20.4,11.724203
202502.0,2025-02-23,92151.0,ADESTE PAV,Consumidor Especial,SUDESTE,20.4,9.130599
202502.0,2025-02-24,92151.0,ADESTE PAV,Consumidor Especial,SUDESTE,20.4,12.18492
202502.0,2025-02-25,92151.0,ADESTE PAV,Consumidor Especial,SUDESTE,20.4,12.411683
202502.0,2025-02-26,92151.0,ADESTE PAV,Consumidor Especial,SUDESTE,20.4,12.281983
202502.0,2025-02-27,92151.0,ADESTE PAV,Consumidor Especial,SUDESTE,20.4,11.263144
202502.0,2025-02-28,92151.0,ADESTE PAV,Consumidor Especial,SUDESTE,20.4,12.122984
202503.0,2025-03-01,92151.0,ADESTE PAV,Consumidor Especial,SUDESTE,20.4,10.373221
202503.0,2025-03-02,92151.0,ADESTE PAV,Consumidor Especial,SUDESTE,20.4,9.291477
202503.0,2025-03-03,92151.0,ADESTE PAV,Consumidor Especial,SUDESTE,20.4,8.931646
202503.0,2025-03-04,92151.0,ADESTE PAV,Consumidor Especial,SUDESTE,20.4,7.763934
202503.0,2025-03-05,92151.0,ADESTE PAV,Consumidor Especial,SUDESTE,20.4,10.317851
202503.0,2025-03-06,92151.0,ADESTE PAV,Consumidor Especial,SUDESTE,20.4,12.751994
202503.0,2025-03-07,92151.0,ADESTE PAV,Consumidor Especial,SUDESTE,20.4,13.330659
202503.0,2025-03-08,92151.0,ADESTE PAV,Consumidor Especial,SUDESTE,20.4,11.648461
202503.0,2025-03-09,92151.0,ADESTE PAV,Consumidor Especial,SUDESTE,20.4,8.918520000000001
202503.0,2025-03-10,92151.0,ADESTE PAV,Consumidor Especial,SUDESTE,20.4,10.555862
202503.0,2025-03-11,92151.0,ADESTE PAV,Consumidor Especial,SUDESTE,20.4,11.047287
202503.0,2025-03-12,92151.0,ADESTE PAV,Consumidor Especial,SUDESTE,20.4,12.086552
202503.0,2025-03-13,92151.0,ADESTE PAV,Consumidor Especial,SUDESTE,20.4,13.729511
202503.0,2025-03-14,92151.0,ADESTE PAV,Consumidor Especial,SUDESTE,20.4,13.510938
202503.0,2025-03-15,92151.0,ADESTE PAV,Consumidor Especial,SUDESTE,20.4,11.638857
202503.0,2025-03-16,92151.0,ADESTE PAV,Consumidor Especial,SUDESTE,20.4,9.660728
202503.0,2025-03-17,92151.0,ADESTE PAV,Consumidor Especial,SUDESTE,20.4,10.865506
202503.0,2025-03-18,92151.0,ADESTE PAV,Consumidor Especial,SUDESTE,20.4,11.63083
202503.0,2025-03-19,92151.0,ADESTE PAV,Consumidor Especial,SUDESTE,20.4,13.522592
202503.0,2025-03-20,92151.0,ADESTE PAV,Consumidor Especial,SUDESTE,20.4,13.830241
202503.0,2025-03-21,92151.0,ADESTE PAV,Consumidor Especial,SUDESTE,20.4,13.431596
202503.0,2025-03-22,92151.0,ADESTE PAV,Consumidor Especial,SUDESTE,20.4,12.47206
202503.0,2025-03-23,92151.0,ADESTE PAV,Consumidor Especial,SUDESTE,20.4,10.772251
202503.0,2025-03-24,92151.0,ADESTE PAV,Consumidor Especial,SUDESTE,20.4,12.998714
202503.0,2025-03-25,92151.0,ADESTE PAV,Consumidor Especial,SUDESTE,20.4,14.0314
202503.0,2025-03-26,92151.0,ADESTE PAV,Consumidor Especial,SUDESTE,20.4,14.381093
202503.0,2025-03-27,92151.0,ADESTE PAV,Consumidor Especial,SUDESTE,20.4,13.575548
202503.0,2025-03-28,92151.0,ADESTE PAV,Consumidor Especial,SUDESTE,20.4,13.864078
202503.0,2025-03-29,92151.0,ADESTE PAV,Consumidor Especial,SUDESTE,20.4,11.960768
202503.0,2025-03-30,92151.0,ADESTE PAV,Consumidor Especial,SUDESTE,20.4,9.304686
202503.0,2025-03-31,92151.0,ADESTE PAV,Consumidor Especial,SUDESTE,20.4,10.584992
202504.0,2025-04-01,92151.0,ADESTE PAV,Consumidor Especial,SUDESTE,20.4,12.781418
202504.0,2025-04-02,92151.0,ADESTE PAV,Consumidor Especial,SUDESTE,20.4,12.749087
202504.0,2025-04-03,92151.0,ADESTE PAV,Consumidor Especial,SUDESTE,20.4,12.508948
202504.0,2025-04-04,92151.0,ADESTE PAV,Consumidor Especial,SUDESTE,20.4,12.836993
202504.0,2025-04-05,92151.0,ADESTE PAV,Consumidor Especial,SUDESTE,20.4,11.848784
202504.0,2025-04-06,92151.0,ADESTE PAV,Consumidor Especial,SUDESTE,20.4,8.816334
202504.0,2025-04-07,92151.0,ADESTE PAV,Consumidor Especial,SUDESTE,20.4,11.360759
202504.0,2025-04-08,92151.0,ADESTE PAV,Consumidor Especial,SUDESTE,20.4,12.61501
202504.0,2025-04-09,92151.0,ADESTE PAV,Consumidor Especial,SUDESTE,20.4,13.128325
202504.0,2025-04-10,92151.0,ADESTE PAV,Consumidor Especial,SUDESTE,20.4,14.38106
202504.0,2025-04-11,92151.0,ADESTE PAV,Consumidor Especial,SUDESTE,20.4,14.537804
202504.0,2025-04-12,92151.0,ADESTE PAV,Consumidor Especial,SUDESTE,20.4,12.501442
202504.0,2025-04-13,92151.0,ADESTE PAV,Consumidor Especial,SUDESTE,20.4,9.250627
202504.0,2025-04-14,92151.0,ADESTE PAV,Consumidor Especial,SUDESTE,20.4,12.638383
202504.0,2025-04-15,92151.0,ADESTE PAV,Consumidor Especial,SUDESTE,20.4,15.317793
202504.0,2025-04-16,92151.0,ADESTE PAV,Consumidor Especial,SUDESTE,20.4,13.272983
202504.0,2025-04-17,92151.0,ADESTE PAV,Consumidor Especial,SUDESTE,20.4,12.553562
202504.0,2025-04-18,92151.0,ADESTE PAV,Consumidor Especial,SUDESTE,20.4,10.908438
202504.0,2025-04-19,92151.0,ADESTE PAV,Consumidor Especial,SUDESTE,20.4,9.472001
202504.0,2025-04-20,92151.0,ADESTE PAV,Consumidor Especial,SUDESTE,20.4,8.722157
202504.0,2025-04-21,92151.0,ADESTE PAV,Consumidor Especial,SUDESTE,20.4,8.375599
202504.0,2025-04-22,92151.0,ADESTE PAV,Consumidor Especial,SUDESTE,20.4,10.712989
202504.0,2025-04-23,92151.0,ADESTE PAV,Consumidor Especial,SUDESTE,20.4,13.686861
202504.0,2025-04-24,92151.0,ADESTE PAV,Consumidor Especial,SUDESTE,20.4,14.796754
202504.0,2025-04-25,92151.0,ADESTE PAV,Consumidor Especial,SUDESTE,20.4,13.95516
202504.0,2025-04-26,92151.0,ADESTE PAV,Consumidor Especial,SUDESTE,20.4,14.022564
202504.0,2025-04-27,92151.0,ADESTE PAV,Consumidor Especial,SUDESTE,20.4,10.523876
202504.0,2025-04-28,92151.0,ADESTE PAV,Consumidor Especial,SUDESTE,20.4,11.537903
202504.0,2025-04-29,92151.0,ADESTE PAV,Consumidor Especial,SUDESTE,20.4,12.383405
202504.0,2025-04-30,92151.0,ADESTE PAV,Consumidor Especial,SUDESTE,20.4,11.870569
202505.0,2025-05-01,92151.0,ADESTE PAV,Consumidor Especial,SUDESTE,20.4,10.135815
202505.0,2025-05-02,92151.0,ADESTE PAV,Consumidor Especial,SUDESTE,20.4,9.588536
202505.0,2025-05-03,92151.0,ADESTE PAV,Consumidor Especial,SUDESTE,20.4,9.214498
202505.0,2025-05-04,92151.0,ADESTE PAV,Consumidor Especial,SUDESTE,20.4,8.284979
202505.0,2025-05-05,92151.0,ADESTE PAV,Consumidor Especial,SUDESTE,20.4,9.869884
202505.0,2025-05-06,92151.0,ADESTE PAV,Consumidor Especial,SUDESTE,20.4,10.343328
202505.0,2025-05-07,92151.0,ADESTE PAV,Consumidor Especial,SUDESTE,20.4,11.736815
202505.0,2025-05-08,92151.0,ADESTE PAV,Consumidor Especial,SUDESTE,20.4,13.7035
202505.0,2025-05-09,92151.0,ADESTE PAV,Consumidor Especial,SUDESTE,20.4,13.91233
202505.0,2025-05-10,92151.0,ADESTE PAV,Consumidor Especial,SUDESTE,20.4,11.44285
202505.0,2025-05-11,92151.0,ADESTE PAV,Consumidor Especial,SUDESTE,20.4,8.001656
202505.0,2025-05-12,92151.0,ADESTE PAV,Consumidor Especial,SUDESTE,20.4,10.36023
202505.0,2025-05-13,92151.0,ADESTE PAV,Consumidor Especial,SUDESTE,20.4,12.016153
202505.0,2025-05-14,92151.0,ADESTE PAV,Consumidor Especial,SUDESTE,20.4,13.291854
202505.0,2025-05-15,92151.0,ADESTE PAV,Consumidor Especial,SUDESTE,20.4,12.676425
202505.0,2025-05-16,92151.0,ADESTE PAV,Consumidor Especial,SUDESTE,20.4,11.762325
202505.0,2025-05-17,92151.0,ADESTE PAV,Consumidor Especial,SUDESTE,20.4,10.640948
202505.0,2025-05-18,92151.0,ADESTE PAV,Consumidor Especial,SUDESTE,20.4,9.007101
202505.0,2025-05-19,92151.0,ADESTE PAV,Consumidor Especial,SUDESTE,20.4,8.51896
202505.0,2025-05-20,92151.0,ADESTE PAV,Consumidor Especial,SUDESTE,20.4,10.401204
202505.0,2025-05-21,92151.0,ADESTE PAV,Consumidor Especial,SUDESTE,20.4,12.603009
202505.0,2025-05-22,92151.0,ADESTE PAV,Consumidor Especial,SUDESTE,20.4,13.361276
202505.0,2025-05-23,92151.0,ADESTE PAV,Consumidor Especial,SUDESTE,20.4,12.390307
202505.0,2025-05-24,92151.0,ADESTE PAV,Consumidor Especial,SUDESTE,20.4,10.637931
202505.0,2025-05-25,92151.0,ADESTE PAV,Consumidor Especial,SUDESTE,20.4,10.449553
202505.0,2025-05-26,92151.0,ADESTE PAV,Consumidor Especial,SUDESTE,20.4,12.151317
202505.0,2025-05-27,92151.0,ADESTE PAV,Consumidor Especial,SUDESTE,20.4,11.963723
202505.0,2025-05-28,92151.0,ADESTE PAV,Consumidor Especial,SUDESTE,20.4,13.411914
202505.0,2025-05-29,92151.0,ADESTE PAV,Consumidor Especial,SUDESTE,20.4,12.398437
202505.0,2025-05-30,92151.0,ADESTE PAV,Consumidor Especial,SUDESTE,20.4,12.964413
202505.0,2025-05-31,92151.0,ADESTE PAV,Consumidor Especial,SUDESTE,20.4,11.371138
202506.0,2025-06-01,92151.0,ADESTE PAV,Consumidor Especial,SUDESTE,20.4,10.561616
202506.0,2025-06-02,92151.0,ADESTE PAV,Consumidor Especial,SUDESTE,20.4,12.391229
202506.0,2025-06-03,92151.0,ADESTE PAV,Consumidor Especial,SUDESTE,20.4,12.729024
202506.0,2025-06-04,92151.0,ADESTE PAV,Consumidor Especial,SUDESTE,20.4,12.62884
202506.0,2025-06-05,92151.0,ADESTE PAV,Consumidor Especial,SUDESTE,20.4,13.381208
202506.0,2025-06-06,92151.0,ADESTE PAV,Consumidor Especial,SUDESTE,20.4,12.697387
202506.0,2025-06-07,92151.0,ADESTE PAV,Consumidor Especial,SUDESTE,20.4,11.541284
202506.0,2025-06-08,92151.0,ADESTE PAV,Consumidor Especial,SUDESTE,20.4,8.042288
202506.0,2025-06-09,92151.0,ADESTE PAV,Consumidor Especial,SUDESTE,20.4,11.406192
202506.0,2025-06-10,92151.0,ADESTE PAV,Consumidor Especial,SUDESTE,20.4,12.653605
202506.0,2025-06-11,92151.0,ADESTE PAV,Consumidor Especial,SUDESTE,20.4,13.386987
202506.0,2025-06-12,92151.0,ADESTE PAV,Consumidor Especial,SUDESTE,20.4,12.872489
202506.0,2025-06-13,92151.0,ADESTE PAV,Consumidor Especial,SUDESTE,20.4,12.856732
202506.0,2025-06-14,92151.0,ADESTE PAV,Consumidor Especial,SUDESTE,20.4,12.588114
202506.0,2025-06-15,92151.0,ADESTE PAV,Consumidor Especial,SUDESTE,20.4,10.590789
202506.0,2025-06-16,92151.0,ADESTE PAV,Consumidor Especial,SUDESTE,20.4,12.248974
202506.0,2025-06-17,92151.0,ADESTE PAV,Consumidor Especial,SUDESTE,20.4,13.63813
202506.0,2025-06-18,92151.0,ADESTE PAV,Consumidor Especial,SUDESTE,20.4,12.225235
202506.0,2025-06-19,92151.0,ADESTE PAV,Consumidor Especial,SUDESTE,20.4,11.377114
202506.0,2025-06-20,92151.0,ADESTE PAV,Consumidor Especial,SUDESTE,20.4,10.650009
202506.0,2025-06-21,92151.0,ADESTE PAV,Consumidor Especial,SUDESTE,20.4,8.520422
202506.0,2025-06-22,92151.0,ADESTE PAV,Consumidor Especial,SUDESTE,20.4,8.397343
202506.0,2025-06-23,92151.0,ADESTE PAV,Consumidor Especial,SUDESTE,20.4,11.256154
202506.0,2025-06-24,92151.0,ADESTE PAV,Consumidor Especial,SUDESTE,20.4,12.655192
202506.0,2025-06-25,92151.0,ADESTE PAV,Consumidor Especial,SUDESTE,20.4,12.816631
202506.0,2025-06-26,92151.0,ADESTE PAV,Consumidor Especial,SUDESTE,20.4,12.070841
202506.0,2025-06-27,92151.0,ADESTE PAV,Consumidor Especial,SUDESTE,20.4,12.188886
202506.0,2025-06-28,92151.0,ADESTE PAV,Consumidor Especial,SUDESTE,20.4,10.824373
202506.0,2025-06-29,92151.0,ADESTE PAV,Consumidor Especial,SUDESTE,20.4,8.866259
202506.0,2025-06-30,92151.0,ADESTE PAV,Consumidor Especial,SUDESTE,20.4,10.689433
202507.0,2025-07-01,92151.0,ADESTE PAV,Consumidor Especial,SUDESTE,20.4,12.475808
202507.0,2025-07-02,92151.0,ADESTE PAV,Consumidor Especial,SUDESTE,20.4,11.036315
202507.0,2025-07-03,92151.0,ADESTE PAV,Consumidor Especial,SUDESTE,20.4,11.47882
202507.0,2025-07-04,92151.0,ADESTE PAV,Consumidor Especial,SUDESTE,20.4,11.949086
202507.0,2025-07-05,92151.0,ADESTE PAV,Consumidor Especial,SUDESTE,20.4,9.72671
202507.0,2025-07-06,92151.0,ADESTE PAV,Consumidor Especial,SUDESTE,20.4,7.835782
202507.0,2025-07-07,92151.0,ADESTE PAV,Consumidor Especial,SUDESTE,20.4,10.312911
202507.0,2025-07-08,92151.0,ADESTE PAV,Consumidor Especial,SUDESTE,20.4,11.8387
202507.0,2025-07-09,92151.0,ADESTE PAV,Consumidor Especial,SUDESTE,20.4,12.346157
202507.0,2025-07-10,92151.0,ADESTE PAV,Consumidor Especial,SUDESTE,20.4,12.917696
202507.0,2025-07-11,92151.0,ADESTE PAV,Consumidor Especial,SUDESTE,20.4,10.789973
202507.0,2025-07-12,92151.0,ADESTE PAV,Consumidor Especial,SUDESTE,20.4,9.107881
202507.0,2025-07-13,92151.0,ADESTE PAV,Consumidor Especial,SUDESTE,20.4,7.728167
202507.0,2025-07-14,92151.0,ADESTE PAV,Consumidor Especial,SUDESTE,20.4,9.688197
202507.0,2025-07-15,92151.0,ADESTE PAV,Consumidor Especial,SUDESTE,20.4,12.109506
202507.0,2025-07-16,92151.0,ADESTE PAV,Consumidor Especial,SUDESTE,20.4,12.768707
202507.0,2025-07-17,92151.0,ADESTE PAV,Consumidor Especial,SUDESTE,20.4,14.016183
202507.0,2025-07-18,92151.0,ADESTE PAV,Consumidor Especial,SUDESTE,20.4,13.132886
202507.0,2025-07-19,92151.0,ADESTE PAV,Consumidor Especial,SUDESTE,20.4,11.69436
202507.0,2025-07-20,92151.0,ADESTE PAV,Consumidor Especial,SUDESTE,20.4,8.469217
202507.0,2025-07-21,92151.0,ADESTE PAV,Consumidor Especial,SUDESTE,20.4,10.138006
202507.0,2025-07-22,92151.0,ADESTE PAV,Consumidor Especial,SUDESTE,20.4,12.339779
202507.0,2025-07-23,92151.0,ADESTE PAV,Consumidor Especial,SUDESTE,20.4,12.51119
202507.0,2025-07-24,92151.0,ADESTE PAV,Consumidor Especial,SUDESTE,20.4,13.04219
202507.0,2025-07-25,92151.0,ADESTE PAV,Consumidor Especial,SUDESTE,20.4,12.973501
202507.0,2025-07-26,92151.0,ADESTE PAV,Consumidor Especial,SUDESTE,20.4,11.063769
202507.0,2025-07-27,92151.0,ADESTE PAV,Consumidor Especial,SUDESTE,20.4,8.997271
202507.0,2025-07-28,92151.0,ADESTE PAV,Consumidor Especial,SUDESTE,20.4,6.229303
202507.0,2025-07-29,92151.0,ADESTE PAV,Consumidor Especial,SUDESTE,20.4,12.880056
202507.0,2025-07-30,92151.0,ADESTE PAV,Consumidor Especial,SUDESTE,20.4,12.864621
202507.0,2025-07-31,92151.0,ADESTE PAV,Consumidor Especial,SUDESTE,20.4,11.908872
202508.0,2025-08-01,92151.0,ADESTE PAV,Consumidor Especial,SUDESTE,20.4,12.349084
202508.0,2025-08-02,92151.0,ADESTE PAV,Consumidor Especial,SUDESTE,20.4,11.108528
202508.0,2025-08-03,92151.0,ADESTE PAV,Consumidor Especial,SUDESTE,20.4,7.336407
202508.0,2025-08-04,92151.0,ADESTE PAV,Consumidor Especial,SUDESTE,20.4,10.190727
202508.0,2025-08-05,92151.0,ADESTE PAV,Consumidor Especial,SUDESTE,20.4,11.148396
202508.0,2025-08-06,92151.0,ADESTE PAV,Consumidor Especial,SUDESTE,20.4,12.495345
202508.0,2025-08-07,92151.0,ADESTE PAV,Consumidor Especial,SUDESTE,20.4,12.727641
202508.0,2025-08-08,92151.0,ADESTE PAV,Consumidor Especial,SUDESTE,20.4,12.832276
202508.0,2025-08-09,92151.0,ADESTE PAV,Consumidor Especial,SUDESTE,20.4,9.433616
202508.0,2025-08-10,92151.0,ADESTE PAV,Consumidor Especial,SUDESTE,20.4,5.671674
202508.0,2025-08-11,92151.0,ADESTE PAV,Consumidor Especial,SUDESTE,20.4,9.343068
202508.0,2025-08-12,92151.0,ADESTE PAV,Consumidor Especial,SUDESTE,20.4,10.775879
202508.0,2025-08-13,92151.0,ADESTE PAV,Consumidor Especial,SUDESTE,20.4,11.731387
202508.0,2025-08-14,92151.0,ADESTE PAV,Consumidor Especial,SUDESTE,20.4,12.055746
202508.0,2025-08-15,92151.0,ADESTE PAV,Consumidor Especial,SUDESTE,20.4,11.849965
202508.0,2025-08-16,92151.0,ADESTE PAV,Consumidor Especial,SUDESTE,20.4,8.030473
202508.0,2025-08-17,92151.0,ADESTE PAV,Consumidor Especial,SUDESTE,20.4,6.079282
202508.0,2025-08-18,92151.0,ADESTE PAV,Consumidor Especial,SUDESTE,20.4,9.96189
202508.0,2025-08-19,92151.0,ADESTE PAV,Consumidor Especial,SUDESTE,20.4,11.834123
202508.0,2025-08-20,92151.0,ADESTE PAV,Consumidor Especial,SUDESTE,20.4,12.135288
202508.0,2025-08-21,92151.0,ADESTE PAV,Consumidor Especial,SUDESTE,20.4,12.560853
202508.0,2025-08-22,92151.0,ADESTE PAV,Consumidor Especial,SUDESTE,20.4,13.012396
202508.0,2025-08-23,92151.0,ADESTE PAV,Consumidor Especial,SUDESTE,20.4,9.496284
202508.0,2025-08-24,92151.0,ADESTE PAV,Consumidor Especial,SUDESTE,20.4,8.070074
202508.0,2025-08-25,92151.0,ADESTE PAV,Consumidor Especial,SUDESTE,20.4,10.358779
202508.0,2025-08-26,92151.0,ADESTE PAV,Consumidor Especial,SUDESTE,20.4,11.261927
202508.0,2025-08-27,92151.0,ADESTE PAV,Consumidor Especial,SUDESTE,20.4,12.216422
202508.0,2025-08-28,92151.0,ADESTE PAV,Consumidor Especial,SUDESTE,20.4,13.502185
202508.0,2025-08-29,92151.0,ADESTE PAV,Consumidor Especial,SUDESTE,20.4,12.834222
202508.0,2025-08-30,92151.0,ADESTE PAV,Consumidor Especial,SUDESTE,20.4,10.118829
202508.0,2025-08-31,92151.0,ADESTE PAV,Consumidor Especial,SUDESTE,20.4,7.347912
