MES_REFERENCIA,DATA,CODIGO_PERFIL_AGENTE,SIGLA_PERFIL_AGENTE,CLASSE_PERFIL_AGENTE,SUBMERCADO,CAPACIDADE_CARGA,CONSUMO_CARGA_ACL
,2023-12-01,120189.0,ALTHOFF APE,Autoprodutor,SUL,19.68,10.199865
,2023-12-02,120189.0,ALTHOFF APE,Autoprodutor,SUL,19.68,10.983438
,2023-12-03,120189.0,ALTHOFF APE,Autoprodutor,SUL,19.68,9.73434
,2023-12-04,120189.0,ALTHOFF APE,Autoprodutor,SUL,19.68,9.3787
,2023-12-05,120189.0,ALTHOFF APE,Autoprodutor,SUL,19.68,9.09852
,2023-12-06,120189.0,ALTHOFF APE,Autoprodutor,SUL,19.68,10.539762
,2023-12-07,120189.0,ALTHOFF APE,Autoprodutor,SUL,19.68,10.895145
,2023-12-08,120189.0,ALTHOFF APE,Autoprodutor,SUL,19.68,9.46236
,2023-12-09,120189.0,ALTHOFF APE,Autoprodutor,SUL,19.68,8.934951
,2023-12-10,120189.0,ALTHOFF APE,Autoprodutor,SUL,19.68,8.879488
,2023-12-11,120189.0,ALTHOFF APE,Autoprodutor,SUL,19.68,9.591753
,2023-12-12,120189.0,ALTHOFF APE,Autoprodutor,SUL,19.68,10.225469
,2023-12-13,120189.0,ALTHOFF APE,Autoprodutor,SUL,19.68,10.67978
,2023-12-14,120189.0,ALTHOFF APE,Autoprodutor,SUL,19.68,10.950129
,2023-12-15,120189.0,ALTHOFF APE,Autoprodutor,SUL,19.68,11.556984
,2023-12-16,120189.0,ALTHOFF APE,Autoprodutor,SUL,19.68,11.189715
,2023-12-17,120189.0,ALTHOFF APE,Autoprodutor,SUL,19.68,11.013061
,2023-12-18,120189.0,ALTHOFF APE,Autoprodutor,SUL,19.68,12.366272
,2023-12-19,120189.0,ALTHOFF APE,Autoprodutor,SUL,19.68,11.737871
,2023-12-20,120189.0,ALTHOFF APE,Autoprodutor,SUL,19.68,12.056088
,2023-12-21,120189.0,ALTHOFF APE,Autoprodutor,SUL,19.68,11.898134
,2023-12-22,120189.0,ALTHOFF APE,Autoprodutor,SUL,19.68,12.204665
,2023-12-23,120189.0,ALTHOFF APE,Autoprodutor,SUL,19.68,11.913257
,2023-12-24,120189.0,ALTHOFF APE,Autoprodutor,SUL,19.68,10.798288
,2023-12-25,120189.0,ALTHOFF APE,Autoprodutor,SUL,19.68,7.853626
,2023-12-26,120189.0,ALTHOFF APE,Autoprodutor,SUL,19.68,10.661666
,2023-12-27,120189.0,ALTHOFF APE,Autoprodutor,SUL,19.68,10.4281
,2023-12-28,120189.0,ALTHOFF APE,Autoprodutor,SUL,19.68,11.443679
,2023-12-29,120189.0,ALTHOFF APE,Autoprodutor,SUL,19.68,11.427953
,2023-12-30,120189.0,ALTHOFF APE,Autoprodutor,SUL,19.68,10.501749
,2023-12-31,120189.0,ALTHOFF APE,Autoprodutor,SUL,19.68,9.39605
,2024-01-01,120189.0,ALTHOFF APE,Autoprodutor,SUL,19.68,7.960243
,2024-01-02,120189.0,ALTHOFF APE,Autoprodutor,SUL,19.68,10.156883
,2024-01-03,120189.0,ALTHOFF APE,Autoprodutor,SUL,19.68,9.460958
,2024-01-04,120189.0,ALTHOFF APE,Autoprodutor,SUL,19.68,9.648707
,2024-01-05,120189.0,ALTHOFF APE,Autoprodutor,SUL,19.68,9.874421
,2024-01-06,120189.0,ALTHOFF APE,Autoprodutor,SUL,19.68,10.989636
,2024-01-07,120189.0,ALTHOFF APE,Autoprodutor,SUL,19.68,10.785053
,2024-01-08,120189.0,ALTHOFF APE,Autoprodutor,SUL,19.68,11.709255
,2024-01-09,120189.0,ALTHOFF APE,Autoprodutor,SUL,19.68,11.6186
,2024-01-10,120189.0,ALTHOFF APE,Autoprodutor,SUL,19.68,11.539085
,2024-01-11,120189.0,ALTHOFF APE,Autoprodutor,SUL,19.68,11.146687
,2024-01-12,120189.0,ALTHOFF APE,Autoprodutor,SUL,19.68,10.317805
,2024-01-13,120189.0,ALTHOFF APE,Autoprodutor,SUL,19.68,9.60643
,2024-01-14,120189.0,ALTHOFF APE,Autoprodutor,SUL,19.68,10.308775
,2024-01-15,120189.0,ALTHOFF APE,Autoprodutor,SUL,19.68,11.311518
,2024-01-16,120189.0,ALTHOFF APE,Autoprodutor,SUL,19.68,11.204898
,2024-01-17,120189.0,ALTHOFF APE,Autoprodutor,SUL,19.68,10.220691
,2024-01-18,120189.0,ALTHOFF APE,Autoprodutor,SUL,19.68,9.890816
,2024-01-19,120189.0,ALTHOFF APE,Autoprodutor,SUL,19.68,11.155079
,2024-01-20,120189.0,ALTHOFF APE,Autoprodutor,SUL,19.68,11.33297
,2024-01-21,120189.0,ALTHOFF APE,Autoprodutor,SUL,19.68,9.559138
,2024-01-22,120189.0,ALTHOFF APE,Autoprodutor,SUL,19.68,9.229839
,2024-01-23,120189.0,ALTHOFF APE,Autoprodutor,SUL,19.68,9.449521
,2024-01-24,120189.0,ALTHOFF APE,Autoprodutor,SUL,19.68,8.927228
,2024-01-25,120189.0,ALTHOFF APE,Autoprodutor,SUL,19.68,9.240475
,2024-01-26,120189.0,ALTHOFF APE,Autoprodutor,SUL,19.68,9.348643
,2024-01-27,120189.0,ALTHOFF APE,Autoprodutor,SUL,19.68,9.279745
,2024-01-28,120189.0,ALTHOFF APE,Autoprodutor,SUL,19.68,9.374721
,2024-01-29,120189.0,ALTHOFF APE,Autoprodutor,SUL,19.68,9.390934
,2024-01-30,120189.0,ALTHOFF APE,Autoprodutor,SUL,19.68,10.090642
,2024-01-31,120189.0,ALTHOFF APE,Autoprodutor,SUL,19.68,10.654206
,2024-02-01,120189.0,ALTHOFF APE,Autoprodutor,SUL,19.68,10.682372
,2024-02-02,120189.0,ALTHOFF APE,Autoprodutor,SUL,19.68,10.828736
,2024-02-03,120189.0,ALTHOFF APE,Autoprodutor,SUL,19.68,11.208739
,2024-02-04,120189.0,ALTHOFF APE,Autoprodutor,SUL,19.68,10.661321
,2024-02-05,120189.0,ALTHOFF APE,Autoprodutor,SUL,19.68,11.016011
,2024-02-06,120189.0,ALTHOFF APE,Autoprodutor,SUL,19.68,11.065849
,2024-02-07,120189.0,ALTHOFF APE,Autoprodutor,SUL,19.68,10.994969
,2024-02-08,120189.0,ALTHOFF APE,Autoprodutor,SUL,19.68,11.567926
,2024-02-09,120189.0,ALTHOFF APE,Autoprodutor,SUL,19.68,11.996952
,2024-02-10,120189.0,ALTHOFF APE,Autoprodutor,SUL,19.68,11.260086
,2024-02-11,120189.0,ALTHOFF APE,Autoprodutor,SUL,19.68,11.432154
,2024-02-12,120189.0,ALTHOFF APE,Autoprodutor,SUL,19.68,11.721118
,2024-02-13,120189.0,ALTHOFF APE,Autoprodutor,SUL,19.68,10.8209
,2024-02-14,120189.0,ALTHOFF APE,Autoprodutor,SUL,19.68,9.206407
,2024-02-15,120189.0,ALTHOFF APE,Autoprodutor,SUL,19.68,9.251859
,2024-02-16,120189.0,ALTHOFF APE,Autoprodutor,SUL,19.68,9.49413
,2024-02-17,120189.0,ALTHOFF APE,Autoprodutor,SUL,19.68,9.890375
,2024-02-18,120189.0,ALTHOFF APE,Autoprodutor,SUL,19.68,9.555886
,2024-02-19,120189.0,ALTHOFF APE,Autoprodutor,SUL,19.68,10.486944
,2024-02-20,120189.0,ALTHOFF APE,Autoprodutor,SUL,19.68,10.779664
,2024-02-21,120189.0,ALTHOFF APE,Autoprodutor,SUL,19.68,10.730232
,2024-02-22,120189.0,ALTHOFF APE,Autoprodutor,SUL,19.68,10.711253
,2024-02-23,120189.0,ALTHOFF APE,Autoprodutor,SUL,19.68,11.54508
,2024-02-24,120189.0,ALTHOFF APE,Autoprodutor,SUL,19.68,11.730718
,2024-02-25,120189.0,ALTHOFF APE,Autoprodutor,SUL,19.68,10.224432
,2024-02-26,120189.0,ALTHOFF APE,Autoprodutor,SUL,19.68,9.908804
,2024-02-27,120189.0,ALTHOFF APE,Autoprodutor,SUL,19.68,10.742645
,2024-02-28,120189.0,ALTHOFF APE,Autoprodutor,SUL,19.68,10.932137
,2024-02-29,120189.0,ALTHOFF APE,Autoprodutor,SUL,19.68,11.172738
202403.0,2024-03-01,120189.0,ALTHOFF APE,Autoprodutor,SUL,19.68,11.108371
202403.0,2024-03-02,120189.0,ALTHOFF APE,Autoprodutor,SUL,19.68,11.739645
202403.0,2024-03-03,120189.0,ALTHOFF APE,Autoprodutor,SUL,19.68,10.865429
202403.0,2024-03-04,120189.0,ALTHOFF APE,Autoprodutor,SUL,19.68,9.839673
202403.0,2024-03-05,120189.0,ALTHOFF APE,Autoprodutor,SUL,19.68,8.636254
202403.0,2024-03-06,120189.0,ALTHOFF APE,Autoprodutor,SUL,19.68,8.795646
202403.0,2024-03-07,120189.0,ALTHOFF APE,Autoprodutor,SUL,19.68,9.70582
202403.0,2024-03-08,120189.0,ALTHOFF APE,Autoprodutor,SUL,19.68,10.14092
202403.0,2024-03-09,120189.0,ALTHOFF APE,Autoprodutor,SUL,19.68,10.683499
202403.0,2024-03-10,120189.0,ALTHOFF APE,Autoprodutor,SUL,19.68,10.444462
202403.0,2024-03-11,120189.0,ALTHOFF APE,Autoprodutor,SUL,19.68,10.555698
202403.0,2024-03-12,120189.0,ALTHOFF APE,Autoprodutor,SUL,19.68,10.606129
202403.0,2024-03-13,120189.0,ALTHOFF APE,Autoprodutor,SUL,19.68,10.812774
202403.0,2024-03-14,120189.0,ALTHOFF APE,Autoprodutor,SUL,19.68,10.91913
202403.0,2024-03-15,120189.0,ALTHOFF APE,Autoprodutor,SUL,19.68,11.296452
202403.0,2024-03-16,120189.0,ALTHOFF APE,Autoprodutor,SUL,19.68,11.253887
202403.0,2024-03-17,120189.0,ALTHOFF APE,Autoprodutor,SUL,19.68,10.244488
202403.0,2024-03-18,120189.0,ALTHOFF APE,Autoprodutor,SUL,19.68,11.087801
202403.0,2024-03-19,120189.0,ALTHOFF APE,Autoprodutor,SUL,19.68,10.840273
202403.0,2024-03-20,120189.0,ALTHOFF APE,Autoprodutor,SUL,19.68,11.10783
202403.0,2024-03-21,120189.0,ALTHOFF APE,Autoprodutor,SUL,19.68,10.644626
202403.0,2024-03-22,120189.0,ALTHOFF APE,Autoprodutor,SUL,19.68,9.464149
202403.0,2024-03-23,120189.0,ALTHOFF APE,Autoprodutor,SUL,19.68,9.039559
202403.0,2024-03-24,120189.0,ALTHOFF APE,Autoprodutor,SUL,19.68,9.18765
202403.0,2024-03-25,120189.0,ALTHOFF APE,Autoprodutor,SUL,19.68,9.803345
202403.0,2024-03-26,120189.0,ALTHOFF APE,Autoprodutor,SUL,19.68,9.540904
202403.0,2024-03-27,120189.0,ALTHOFF APE,Autoprodutor,SUL,19.68,9.556354
202403.0,2024-03-28,120189.0,ALTHOFF APE,Autoprodutor,SUL,19.68,9.930157
202403.0,2024-03-29,120189.0,ALTHOFF APE,Autoprodutor,SUL,19.68,9.340893
202403.0,2024-03-30,120189.0,ALTHOFF APE,Autoprodutor,SUL,19.68,9.583764
202403.0,2024-03-31,120189.0,ALTHOFF APE,Autoprodutor,SUL,19.68,9.110847
202404.0,2024-04-01,120189.0,ALTHOFF APE,Autoprodutor,SUL,19.68,9.695622
202404.0,2024-04-02,120189.0,ALTHOFF APE,Autoprodutor,SUL,19.68,9.584795
202404.0,2024-04-03,120189.0,ALTHOFF APE,Autoprodutor,SUL,19.68,9.132893
202404.0,2024-04-04,120189.0,ALTHOFF APE,Autoprodutor,SUL,19.68,9.937572
202404.0,2024-04-05,120189.0,ALTHOFF APE,Autoprodutor,SUL,19.68,9.698667
202404.0,2024-04-06,120189.0,ALTHOFF APE,Autoprodutor,SUL,19.68,9.37146
202404.0,2024-04-07,120189.0,ALTHOFF APE,Autoprodutor,SUL,19.68,8.521831
202404.0,2024-04-08,120189.0,ALTHOFF APE,Autoprodutor,SUL,19.68,9.486193
202404.0,2024-04-09,120189.0,ALTHOFF APE,Autoprodutor,SUL,19.68,9.6268
202404.0,2024-04-10,120189.0,ALTHOFF APE,Autoprodutor,SUL,19.68,9.758097
202404.0,2024-04-11,120189.0,ALTHOFF APE,Autoprodutor,SUL,19.68,8.806773
202404.0,2024-04-12,120189.0,ALTHOFF APE,Autoprodutor,SUL,19.68,8.426811
202404.0,2024-04-13,120189.0,ALTHOFF APE,Autoprodutor,SUL,19.68,8.858358
202404.0,2024-04-14,120189.0,ALTHOFF APE,Autoprodutor,SUL,19.68,8.753033
202404.0,2024-04-15,120189.0,ALTHOFF APE,Autoprodutor,SUL,19.68,9.243073
202404.0,2024-04-16,120189.0,ALTHOFF APE,Autoprodutor,SUL,19.68,9.226276
202404.0,2024-04-17,120189.0,ALTHOFF APE,Autoprodutor,SUL,19.68,8.410491
202404.0,2024-04-18,120189.0,ALTHOFF APE,Autoprodutor,SUL,19.68,8.276327
202404.0,2024-04-19,120189.0,ALTHOFF APE,Autoprodutor,SUL,19.68,8.390485
202404.0,2024-04-20,120189.0,ALTHOFF APE,Autoprodutor,SUL,19.68,8.658939
202404.0,2024-04-21,120189.0,ALTHOFF APE,Autoprodutor,SUL,19.68,8.250207
202404.0,2024-04-22,120189.0,ALTHOFF APE,Autoprodutor,SUL,19.68,8.355831
202404.0,2024-04-23,120189.0,ALTHOFF APE,Autoprodutor,SUL,19.68,9.146035
202404.0,2024-04-24,120189.0,ALTHOFF APE,Autoprodutor,SUL,19.68,8.912938
202404.0,2024-04-25,120189.0,ALTHOFF APE,Autoprodutor,SUL,19.68,8.031819
202404.0,2024-04-26,120189.0,ALTHOFF APE,Autoprodutor,SUL,19.68,8.90037
202404.0,2024-04-27,120189.0,ALTHOFF APE,Autoprodutor,SUL,19.68,9.682288
202404.0,2024-04-28,120189.0,ALTHOFF APE,Autoprodutor,SUL,19.68,8.318181
202404.0,2024-04-29,120189.0,ALTHOFF APE,Autoprodutor,SUL,19.68,8.261877
202404.0,2024-04-30,120189.0,ALTHOFF APE,Autoprodutor,SUL,19.68,8.139296
202405.0,2024-05-01,120189.0,ALTHOFF APE,Autoprodutor,SUL,19.68,7.001794
202405.0,2024-05-02,120189.0,ALTHOFF APE,Autoprodutor,SUL,19.68,8.225153
202405.0,2024-05-03,120189.0,ALTHOFF APE,Autoprodutor,SUL,19.68,8.222963
202405.0,2024-05-04,120189.0,ALTHOFF APE,Autoprodutor,SUL,19.68,8.558065
202405.0,2024-05-05,120189.0,ALTHOFF APE,Autoprodutor,SUL,19.68,8.289097
202405.0,2024-05-06,120189.0,ALTHOFF APE,Autoprodutor,SUL,19.68,9.144005
202405.0,2024-05-07,120189.0,ALTHOFF APE,Autoprodutor,SUL,19.68,9.230077
202405.0,2024-05-08,120189.0,ALTHOFF APE,Autoprodutor,SUL,19.68,9.964612
202405.0,2024-05-09,120189.0,ALTHOFF APE,Autoprodutor,SUL,19.68,8.167252
202405.0,2024-05-10,120189.0,ALTHOFF APE,Autoprodutor,SUL,19.68,7.938908
202405.0,2024-05-11,120189.0,ALTHOFF APE,Autoprodutor,SUL,19.68,8.518237
202405.0,2024-05-12,120189.0,ALTHOFF APE,Autoprodutor,SUL,19.68,7.754831
202405.0,2024-05-13,120189.0,ALTHOFF APE,Autoprodutor,SUL,19.68,7.680899
202405.0,2024-05-14,120189.0,ALTHOFF APE,Autoprodutor,SUL,19.68,7.24615
202405.0,2024-05-15,120189.0,ALTHOFF APE,Autoprodutor,SUL,19.68,6.978233
202405.0,2024-05-16,120189.0,ALTHOFF APE,Autoprodutor,SUL,19.68,7.014245
202405.0,2024-05-17,120189.0,ALTHOFF APE,Autoprodutor,SUL,19.68,7.152795
202405.0,2024-05-18,120189.0,ALTHOFF APE,Autoprodutor,SUL,19.68,7.015776
202405.0,2024-05-19,120189.0,ALTHOFF APE,Autoprodutor,SUL,19.68,6.81888
202405.0,2024-05-20,120189.0,ALTHOFF APE,Autoprodutor,SUL,19.68,7.208941
202405.0,2024-05-21,120189.0,ALTHOFF APE,Autoprodutor,SUL,19.68,7.387356
202405.0,2024-05-22,120189.0,ALTHOFF APE,Autoprodutor,SUL,19.68,8.031584
202405.0,2024-05-23,120189.0,ALTHOFF APE,Autoprodutor,SUL,19.68,8.045239
202405.0,2024-05-24,120189.0,ALTHOFF APE,Autoprodutor,SUL,19.68,7.73424
202405.0,2024-05-25,120189.0,ALTHOFF APE,Autoprodutor,SUL,19.68,7.155493
202405.0,2024-05-26,120189.0,ALTHOFF APE,Autoprodutor,SUL,19.68,6.697335
202405.0,2024-05-27,120189.0,ALTHOFF APE,Autoprodutor,SUL,19.68,7.067132
202405.0,2024-05-28,120189.0,ALTHOFF APE,Autoprodutor,SUL,19.68,6.85699
202405.0,2024-05-29,120189.0,ALTHOFF APE,Autoprodutor,SUL,19.68,7.06327
202405.0,2024-05-30,120189.0,ALTHOFF APE,Autoprodutor,SUL,19.68,7.030758
202405.0,2024-05-31,120189.0,ALTHOFF APE,Autoprodutor,SUL,19.68,7.205396
202406.0,2024-06-01,120189.0,ALTHOFF APE,Autoprodutor,SUL,19.68,7.398195999999999
202406.0,2024-06-02,120189.0,ALTHOFF APE,Autoprodutor,SUL,19.68,7.171644
202406.0,2024-06-03,120189.0,ALTHOFF APE,Autoprodutor,SUL,19.68,7.182217
202406.0,2024-06-04,120189.0,ALTHOFF APE,Autoprodutor,SUL,19.68,6.943571
202406.0,2024-06-05,120189.0,ALTHOFF APE,Autoprodutor,SUL,19.68,7.127686
202406.0,2024-06-06,120189.0,ALTHOFF APE,Autoprodutor,SUL,19.68,7.542201
202406.0,2024-06-07,120189.0,ALTHOFF APE,Autoprodutor,SUL,19.68,8.040329
202406.0,2024-06-08,120189.0,ALTHOFF APE,Autoprodutor,SUL,19.68,7.958852999999999
202406.0,2024-06-09,120189.0,ALTHOFF APE,Autoprodutor,SUL,19.68,7.684756
202406.0,2024-06-10,120189.0,ALTHOFF APE,Autoprodutor,SUL,19.68,8.157646
202406.0,2024-06-11,120189.0,ALTHOFF APE,Autoprodutor,SUL,19.68,7.813481
202406.0,2024-06-12,120189.0,ALTHOFF APE,Autoprodutor,SUL,19.68,8.240683
202406.0,2024-06-13,120189.0,ALTHOFF APE,Autoprodutor,SUL,19.68,7.930318
202406.0,2024-06-14,120189.0,ALTHOFF APE,Autoprodutor,SUL,19.68,8.132208
202406.0,2024-06-15,120189.0,ALTHOFF APE,Autoprodutor,SUL,19.68,8.926288
202406.0,2024-06-16,120189.0,ALTHOFF APE,Autoprodutor,SUL,19.68,7.726313
202406.0,2024-06-17,120189.0,ALTHOFF APE,Autoprodutor,SUL,19.68,7.611748
202406.0,2024-06-18,120189.0,ALTHOFF APE,Autoprodutor,SUL,19.68,7.577
202406.0,2024-06-19,120189.0,ALTHOFF APE,Autoprodutor,SUL,19.68,7.311025
202406.0,2024-06-20,120189.0,ALTHOFF APE,Autoprodutor,SUL,19.68,7.42781
202406.0,2024-06-21,120189.0,ALTHOFF APE,Autoprodutor,SUL,19.68,7.712283
202406.0,2024-06-22,120189.0,ALTHOFF APE,Autoprodutor,SUL,19.68,8.171783
202406.0,2024-06-23,120189.0,ALTHOFF APE,Autoprodutor,SUL,19.68,8.002602
202406.0,2024-06-24,120189.0,ALTHOFF APE,Autoprodutor,SUL,19.68,7.253619
202406.0,2024-06-25,120189.0,ALTHOFF APE,Autoprodutor,SUL,19.68,6.781732
202406.0,2024-06-26,120189.0,ALTHOFF APE,Autoprodutor,SUL,19.68,6.770488
202406.0,2024-06-27,120189.0,ALTHOFF APE,Autoprodutor,SUL,19.68,6.731159
202406.0,2024-06-28,120189.0,ALTHOFF APE,Autoprodutor,SUL,19.68,6.970178
202406.0,2024-06-29,120189.0,ALTHOFF APE,Autoprodutor,SUL,19.68,6.756256
202406.0,2024-06-30,120189.0,ALTHOFF APE,Autoprodutor,SUL,19.68,6.220667
202407.0,2024-07-01,120189.0,ALTHOFF APE,Autoprodutor,SUL,19.68,6.422912
202407.0,2024-07-02,120189.0,ALTHOFF APE,Autoprodutor,SUL,19.68,6.547094
202407.0,2024-07-03,120189.0,ALTHOFF APE,Autoprodutor,SUL,19.68,6.70401
202407.0,2024-07-04,120189.0,ALTHOFF APE,Autoprodutor,SUL,19.68,6.900432
202407.0,2024-07-05,120189.0,ALTHOFF APE,Autoprodutor,SUL,19.68,7.088558
202407.0,2024-07-06,120189.0,ALTHOFF APE,Autoprodutor,SUL,19.68,6.712476
202407.0,2024-07-07,120189.0,ALTHOFF APE,Autoprodutor,SUL,19.68,6.287068
202407.0,2024-07-08,120189.0,ALTHOFF APE,Autoprodutor,SUL,19.68,6.494706
202407.0,2024-07-09,120189.0,ALTHOFF APE,Autoprodutor,SUL,19.68,6.385091
202407.0,2024-07-10,120189.0,ALTHOFF APE,Autoprodutor,SUL,19.68,6.538367
202407.0,2024-07-11,120189.0,ALTHOFF APE,Autoprodutor,SUL,19.68,6.521919
202407.0,2024-07-12,120189.0,ALTHOFF APE,Autoprodutor,SUL,19.68,6.701914
202407.0,2024-07-13,120189.0,ALTHOFF APE,Autoprodutor,SUL,19.68,6.830172
202407.0,2024-07-14,120189.0,ALTHOFF APE,Autoprodutor,SUL,19.68,6.429087
202407.0,2024-07-15,120189.0,ALTHOFF APE,Autoprodutor,SUL,19.68,6.669671
202407.0,2024-07-16,120189.0,ALTHOFF APE,Autoprodutor,SUL,19.68,6.80296
202407.0,2024-07-17,120189.0,ALTHOFF APE,Autoprodutor,SUL,19.68,7.151116
202407.0,2024-07-18,120189.0,ALTHOFF APE,Autoprodutor,SUL,19.68,7.072047
202407.0,2024-07-19,120189.0,ALTHOFF APE,Autoprodutor,SUL,19.68,7.152408
202407.0,2024-07-20,120189.0,ALTHOFF APE,Autoprodutor,SUL,19.68,7.076151
202407.0,2024-07-21,120189.0,ALTHOFF APE,Autoprodutor,SUL,19.68,6.734245
202407.0,2024-07-22,120189.0,ALTHOFF APE,Autoprodutor,SUL,19.68,7.188796
202407.0,2024-07-23,120189.0,ALTHOFF APE,Autoprodutor,SUL,19.68,7.518583
202407.0,2024-07-24,120189.0,ALTHOFF APE,Autoprodutor,SUL,19.68,7.547052
202407.0,2024-07-25,120189.0,ALTHOFF APE,Autoprodutor,SUL,19.68,7.399318
202407.0,2024-07-26,120189.0,ALTHOFF APE,Autoprodutor,SUL,19.68,7.470378
202407.0,2024-07-27,120189.0,ALTHOFF APE,Autoprodutor,SUL,19.68,7.782614
202407.0,2024-07-28,120189.0,ALTHOFF APE,Autoprodutor,SUL,19.68,7.070044
202407.0,2024-07-29,120189.0,ALTHOFF APE,Autoprodutor,SUL,19.68,7.076774
202407.0,2024-07-30,120189.0,ALTHOFF APE,Autoprodutor,SUL,19.68,6.838648
202407.0,2024-07-31,120189.0,ALTHOFF APE,Autoprodutor,SUL,19.68,7.021786
202408.0,2024-08-01,120189.0,ALTHOFF APE,Autoprodutor,SUL,19.68,7.340852
202408.0,2024-08-02,120189.0,ALTHOFF APE,Autoprodutor,SUL,19.68,7.695507
202408.0,2024-08-03,120189.0,ALTHOFF APE,Autoprodutor,SUL,19.68,8.154669
202408.0,2024-08-04,120189.0,ALTHOFF APE,Autoprodutor,SUL,19.68,7.357172
202408.0,2024-08-05,120189.0,ALTHOFF APE,Autoprodutor,SUL,19.68,7.913449
202408.0,2024-08-06,120189.0,ALTHOFF APE,Autoprodutor,SUL,19.68,7.681427
202408.0,2024-08-07,120189.0,ALTHOFF APE,Autoprodutor,SUL,19.68,7.821339
202408.0,2024-08-08,120189.0,ALTHOFF APE,Autoprodutor,SUL,19.68,7.426687
202408.0,2024-08-09,120189.0,ALTHOFF APE,Autoprodutor,SUL,19.68,7.052816
202408.0,2024-08-10,120189.0,ALTHOFF APE,Autoprodutor,SUL,19.68,6.936033
202408.0,2024-08-11,120189.0,ALTHOFF APE,Autoprodutor,SUL,19.68,6.627189
202408.0,2024-08-12,120189.0,ALTHOFF APE,Autoprodutor,SUL,19.68,6.64493
202408.0,2024-08-13,120189.0,ALTHOFF APE,Autoprodutor,SUL,19.68,6.485676
202408.0,2024-08-14,120189.0,ALTHOFF APE,Autoprodutor,SUL,19.68,6.693482
202408.0,2024-08-15,120189.0,ALTHOFF APE,Autoprodutor,SUL,19.68,6.880668
202408.0,2024-08-16,120189.0,ALTHOFF APE,Autoprodutor,SUL,19.68,7.342982
202408.0,2024-08-17,120189.0,ALTHOFF APE,Autoprodutor,SUL,19.68,7.440518
202408.0,2024-08-18,120189.0,ALTHOFF APE,Autoprodutor,SUL,19.68,7.170749
202408.0,2024-08-19,120189.0,ALTHOFF APE,Autoprodutor,SUL,19.68,7.909686
202408.0,2024-08-20,120189.0,ALTHOFF APE,Autoprodutor,SUL,19.68,7.555923
202408.0,2024-08-21,120189.0,ALTHOFF APE,Autoprodutor,SUL,19.68,7.956403
202408.0,2024-08-22,120189.0,ALTHOFF APE,Autoprodutor,SUL,19.68,8.329767
202408.0,2024-08-23,120189.0,ALTHOFF APE,Autoprodutor,SUL,19.68,7.439045
202408.0,2024-08-24,120189.0,ALTHOFF APE,Autoprodutor,SUL,19.68,7.037647
202408.0,2024-08-25,120189.0,ALTHOFF APE,Autoprodutor,SUL,19.68,6.45063
202408.0,2024-08-26,120189.0,ALTHOFF APE,Autoprodutor,SUL,19.68,6.6197610000000005
202408.0,2024-08-27,120189.0,ALTHOFF APE,Autoprodutor,SUL,19.68,6.718305
202408.0,2024-08-28,120189.0,ALTHOFF APE,Autoprodutor,SUL,19.68,6.943008
202408.0,2024-08-29,120189.0,ALTHOFF APE,Autoprodutor,SUL,19.68,7.176932
202408.0,2024-08-30,120189.0,ALTHOFF APE,Autoprodutor,SUL,19.68,7.506539
202408.0,2024-08-31,120189.0,ALTHOFF APE,Autoprodutor,SUL,19.68,7.718167
202409.0,2024-09-01,120189.0,ALTHOFF APE,Autoprodutor,SUL,19.68,7.112499
202409.0,2024-09-02,120189.0,ALTHOFF APE,Autoprodutor,SUL,19.68,7.115888
202409.0,2024-09-03,120189.0,ALTHOFF APE,Autoprodutor,SUL,19.68,7.477122
202409.0,2024-09-04,120189.0,ALTHOFF APE,Autoprodutor,SUL,19.68,7.580605
202409.0,2024-09-05,120189.0,ALTHOFF APE,Autoprodutor,SUL,19.68,7.194293
202409.0,2024-09-06,120189.0,ALTHOFF APE,Autoprodutor,SUL,19.68,7.265015
202409.0,2024-09-07,120189.0,ALTHOFF APE,Autoprodutor,SUL,19.68,7.767703
202409.0,2024-09-08,120189.0,ALTHOFF APE,Autoprodutor,SUL,19.68,7.662202
202409.0,2024-09-09,120189.0,ALTHOFF APE,Autoprodutor,SUL,19.68,7.717814
202409.0,2024-09-10,120189.0,ALTHOFF APE,Autoprodutor,SUL,19.68,8.416273
202409.0,2024-09-11,120189.0,ALTHOFF APE,Autoprodutor,SUL,19.68,8.991726
202409.0,2024-09-12,120189.0,ALTHOFF APE,Autoprodutor,SUL,19.68,7.937742
202409.0,2024-09-13,120189.0,ALTHOFF APE,Autoprodutor,SUL,19.68,8.023039
202409.0,2024-09-14,120189.0,ALTHOFF APE,Autoprodutor,SUL,19.68,8.068078
202409.0,2024-09-15,120189.0,ALTHOFF APE,Autoprodutor,SUL,19.68,7.153562
202409.0,2024-09-16,120189.0,ALTHOFF APE,Autoprodutor,SUL,19.68,7.506388
202409.0,2024-09-17,120189.0,ALTHOFF APE,Autoprodutor,SUL,19.68,7.526019
202409.0,2024-09-18,120189.0,ALTHOFF APE,Autoprodutor,SUL,19.68,7.80538
202409.0,2024-09-19,120189.0,ALTHOFF APE,Autoprodutor,SUL,19.68,8.16183
202409.0,2024-09-20,120189.0,ALTHOFF APE,Autoprodutor,SUL,19.68,8.028605
202409.0,2024-09-21,120189.0,ALTHOFF APE,Autoprodutor,SUL,19.68,8.337061
202409.0,2024-09-22,120189.0,ALTHOFF APE,Autoprodutor,SUL,19.68,8.455208
202409.0,2024-09-23,120189.0,ALTHOFF APE,Autoprodutor,SUL,19.68,8.513459
202409.0,2024-09-24,120189.0,ALTHOFF APE,Autoprodutor,SUL,19.68,8.499181
202409.0,2024-09-25,120189.0,ALTHOFF APE,Autoprodutor,SUL,19.68,8.525753
202409.0,2024-09-26,120189.0,ALTHOFF APE,Autoprodutor,SUL,19.68,8.215635
202409.0,2024-09-27,120189.0,ALTHOFF APE,Autoprodutor,SUL,19.68,7.973661
202409.0,2024-09-28,120189.0,ALTHOFF APE,Autoprodutor,SUL,19.68,8.261696
202409.0,2024-09-29,120189.0,ALTHOFF APE,Autoprodutor,SUL,19.68,8.031265
202409.0,2024-09-30,120189.0,ALTHOFF APE,Autoprodutor,SUL,19.68,8.866645
202410.0,2024-10-01,120189.0,ALTHOFF APE,Autoprodutor,SUL,19.68,8.804078
202410.0,2024-10-02,120189.0,ALTHOFF APE,Autoprodutor,SUL,19.68,8.006627
202410.0,2024-10-03,120189.0,ALTHOFF APE,Autoprodutor,SUL,19.68,7.484791
202410.0,2024-10-04,120189.0,ALTHOFF APE,Autoprodutor,SUL,19.68,7.710177
202410.0,2024-10-05,120189.0,ALTHOFF APE,Autoprodutor,SUL,19.68,8.32478
202410.0,2024-10-06,120189.0,ALTHOFF APE,Autoprodutor,SUL,19.68,7.940651
202410.0,2024-10-07,120189.0,ALTHOFF APE,Autoprodutor,SUL,19.68,7.975315
202410.0,2024-10-08,120189.0,ALTHOFF APE,Autoprodutor,SUL,19.68,7.745907
202410.0,2024-10-09,120189.0,ALTHOFF APE,Autoprodutor,SUL,19.68,7.599776
202410.0,2024-10-10,120189.0,ALTHOFF APE,Autoprodutor,SUL,19.68,7.467115
202410.0,2024-10-11,120189.0,ALTHOFF APE,Autoprodutor,SUL,19.68,8.455049
202410.0,2024-10-12,120189.0,ALTHOFF APE,Autoprodutor,SUL,19.68,8.415926
202410.0,2024-10-13,120189.0,ALTHOFF APE,Autoprodutor,SUL,19.68,7.82335
202410.0,2024-10-14,120189.0,ALTHOFF APE,Autoprodutor,SUL,19.68,8.245553
202410.0,2024-10-15,120189.0,ALTHOFF APE,Autoprodutor,SUL,19.68,8.185593
202410.0,2024-10-16,120189.0,ALTHOFF APE,Autoprodutor,SUL,19.68,8.240251
202410.0,2024-10-17,120189.0,ALTHOFF APE,Autoprodutor,SUL,19.68,8.259691
202410.0,2024-10-18,120189.0,ALTHOFF APE,Autoprodutor,SUL,19.68,8.405164
202410.0,2024-10-19,120189.0,ALTHOFF APE,Autoprodutor,SUL,19.68,8.325429
202410.0,2024-10-20,120189.0,ALTHOFF APE,Autoprodutor,SUL,19.68,8.023449
202410.0,2024-10-21,120189.0,ALTHOFF APE,Autoprodutor,SUL,19.68,8.973218
202410.0,2024-10-22,120189.0,ALTHOFF APE,Autoprodutor,SUL,19.68,9.736924
202410.0,2024-10-23,120189.0,ALTHOFF APE,Autoprodutor,SUL,19.68,9.298746
202410.0,2024-10-24,120189.0,ALTHOFF APE,Autoprodutor,SUL,19.68,9.449534
202410.0,2024-10-25,120189.0,ALTHOFF APE,Autoprodutor,SUL,19.68,10.049502
202410.0,2024-10-26,120189.0,ALTHOFF APE,Autoprodutor,SUL,19.68,8.796436
202410.0,2024-10-27,120189.0,ALTHOFF APE,Autoprodutor,SUL,19.68,8.119011
202410.0,2024-10-28,120189.0,ALTHOFF APE,Autoprodutor,SUL,19.68,9.172821
202410.0,2024-10-29,120189.0,ALTHOFF APE,Autoprodutor,SUL,19.68,9.729296
202410.0,2024-10-30,120189.0,ALTHOFF APE,Autoprodutor,SUL,19.68,9.563875
202410.0,2024-10-31,120189.0,ALTHOFF APE,Autoprodutor,SUL,19.68,9.508975
202411.0,2024-11-01,120189.0,ALTHOFF APE,Autoprodutor,SUL,19.68,9.916657
202411.0,2024-11-02,120189.0,ALTHOFF APE,Autoprodutor,SUL,19.68,10.053927
202411.0,2024-11-03,120189.0,ALTHOFF APE,Autoprodutor,SUL,19.68,9.193701
202411.0,2024-11-04,120189.0,ALTHOFF APE,Autoprodutor,SUL,19.68,9.703445
202411.0,2024-11-05,120189.0,ALTHOFF APE,Autoprodutor,SUL,19.68,9.967895
202411.0,2024-11-06,120189.0,ALTHOFF APE,Autoprodutor,SUL,19.68,9.820823
202411.0,2024-11-07,120189.0,ALTHOFF APE,Autoprodutor,SUL,19.68,9.711706
202411.0,2024-11-08,120189.0,ALTHOFF APE,Autoprodutor,SUL,19.68,9.175555
202411.0,2024-11-09,120189.0,ALTHOFF APE,Autoprodutor,SUL,19.68,8.753845
202411.0,2024-11-10,120189.0,ALTHOFF APE,Autoprodutor,SUL,19.68,8.804049
202411.0,2024-11-11,120189.0,ALTHOFF APE,Autoprodutor,SUL,19.68,9.855111
202411.0,2024-11-12,120189.0,ALTHOFF APE,Autoprodutor,SUL,19.68,8.602571
202411.0,2024-11-13,120189.0,ALTHOFF APE,Autoprodutor,SUL,19.68,8.209607
202411.0,2024-11-14,120189.0,ALTHOFF APE,Autoprodutor,SUL,19.68,8.822042
202411.0,2024-11-15,120189.0,ALTHOFF APE,Autoprodutor,SUL,19.68,9.440867
202411.0,2024-11-16,120189.0,ALTHOFF APE,Autoprodutor,SUL,19.68,9.999032
202411.0,2024-11-17,120189.0,ALTHOFF APE,Autoprodutor,SUL,19.68,9.837833
202411.0,2024-11-18,120189.0,ALTHOFF APE,Autoprodutor,SUL,19.68,10.292185
202411.0,2024-11-19,120189.0,ALTHOFF APE,Autoprodutor,SUL,19.68,9.527206
202411.0,2024-11-20,120189.0,ALTHOFF APE,Autoprodutor,SUL,19.68,8.323164
202411.0,2024-11-21,120189.0,ALTHOFF APE,Autoprodutor,SUL,19.68,8.360518
202411.0,2024-11-22,120189.0,ALTHOFF APE,Autoprodutor,SUL,19.68,8.207754
202411.0,2024-11-23,120189.0,ALTHOFF APE,Autoprodutor,SUL,19.68,8.521493
202411.0,2024-11-24,120189.0,ALTHOFF APE,Autoprodutor,SUL,19.68,8.840707
202411.0,2024-11-25,120189.0,ALTHOFF APE,Autoprodutor,SUL,19.68,9.338349
202411.0,2024-11-26,120189.0,ALTHOFF APE,Autoprodutor,SUL,19.68,9.933956
202411.0,2024-11-27,120189.0,ALTHOFF APE,Autoprodutor,SUL,19.68,10.345628
202411.0,2024-11-28,120189.0,ALTHOFF APE,Autoprodutor,SUL,19.68,10.023552
202411.0,2024-11-29,120189.0,ALTHOFF APE,Autoprodutor,SUL,19.68,9.795773
202411.0,2024-11-30,120189.0,ALTHOFF APE,Autoprodutor,SUL,19.68,9.696126
202412.0,2024-12-01,120189.0,ALTHOFF APE,Autoprodutor,SUL,19.68,9.375107
202412.0,2024-12-02,120189.0,ALTHOFF APE,Autoprodutor,SUL,19.68,9.105614
202412.0,2024-12-03,120189.0,ALTHOFF APE,Autoprodutor,SUL,19.68,9.175589
202412.0,2024-12-04,120189.0,ALTHOFF APE,Autoprodutor,SUL,19.68,8.425772
202412.0,2024-12-05,120189.0,ALTHOFF APE,Autoprodutor,SUL,19.68,9.689135
202412.0,2024-12-06,120189.0,ALTHOFF APE,Autoprodutor,SUL,19.68,11.046603
202412.0,2024-12-07,120189.0,ALTHOFF APE,Autoprodutor,SUL,19.68,9.880005
202412.0,2024-12-08,120189.0,ALTHOFF APE,Autoprodutor,SUL,19.68,8.043537
202412.0,2024-12-09,120189.0,ALTHOFF APE,Autoprodutor,SUL,19.68,8.225189
202412.0,2024-12-10,120189.0,ALTHOFF APE,Autoprodutor,SUL,19.68,8.612372
202412.0,2024-12-11,120189.0,ALTHOFF APE,Autoprodutor,SUL,19.68,8.93755
202412.0,2024-12-12,120189.0,ALTHOFF APE,Autoprodutor,SUL,19.68,9.718985
202412.0,2024-12-13,120189.0,ALTHOFF APE,Autoprodutor,SUL,19.68,10.530585
202412.0,2024-12-14,120189.0,ALTHOFF APE,Autoprodutor,SUL,19.68,10.32671
202412.0,2024-12-15,120189.0,ALTHOFF APE,Autoprodutor,SUL,19.68,10.107359
202412.0,2024-12-16,120189.0,ALTHOFF APE,Autoprodutor,SUL,19.68,9.967626
202412.0,2024-12-17,120189.0,ALTHOFF APE,Autoprodutor,SUL,19.68,9.753934
202412.0,2024-12-18,120189.0,ALTHOFF APE,Autoprodutor,SUL,19.68,9.774572
202412.0,2024-12-19,120189.0,ALTHOFF APE,Autoprodutor,SUL,19.68,10.624887
202412.0,2024-12-20,120189.0,ALTHOFF APE,Autoprodutor,SUL,19.68,11.188711
202412.0,2024-12-21,120189.0,ALTHOFF APE,Autoprodutor,SUL,19.68,11.171349
202412.0,2024-12-22,120189.0,ALTHOFF APE,Autoprodutor,SUL,19.68,9.086053
202412.0,2024-12-23,120189.0,ALTHOFF APE,Autoprodutor,SUL,19.68,9.236793
202412.0,2024-12-24,120189.0,ALTHOFF APE,Autoprodutor,SUL,19.68,9.971704
202412.0,2024-12-25,120189.0,ALTHOFF APE,Autoprodutor,SUL,19.68,7.127732
202412.0,2024-12-26,120189.0,ALTHOFF APE,Autoprodutor,SUL,19.68,9.625426
202412.0,2024-12-27,120189.0,ALTHOFF APE,Autoprodutor,SUL,19.68,10.285445
202412.0,2024-12-28,120189.0,ALTHOFF APE,Autoprodutor,SUL,19.68,10.548701
202412.0,2024-12-29,120189.0,ALTHOFF APE,Autoprodutor,SUL,19.68,10.131401
202412.0,2024-12-30,120189.0,ALTHOFF APE,Autoprodutor,SUL,19.68,10.024156
202412.0,2024-12-31,120189.0,ALTHOFF APE,Autoprodutor,SUL,19.68,10.357016
202501.0,2025-01-01,120189.0,ALTHOFF APE,Autoprodutor,SUL,37.44,18.296282
202501.0,2025-01-02,120189.0,ALTHOFF APE,Autoprodutor,SUL,37.44,21.411093
202501.0,2025-01-03,120189.0,ALTHOFF APE,Autoprodutor,SUL,37.44,22.76071
202501.0,2025-01-04,120189.0,ALTHOFF APE,Autoprodutor,SUL,37.44,22.570578
202501.0,2025-01-05,120189.0,ALTHOFF APE,Autoprodutor,SUL,37.44,21.235087
202501.0,2025-01-06,120189.0,ALTHOFF APE,Autoprodutor,SUL,37.44,21.181063
202501.0,2025-01-07,120189.0,ALTHOFF APE,Autoprodutor,SUL,37.44,21.430912
202501.0,2025-01-08,120189.0,ALTHOFF APE,Autoprodutor,SUL,37.44,20.576656
202501.0,2025-01-09,120189.0,ALTHOFF APE,Autoprodutor,SUL,37.44,20.791896
202501.0,2025-01-10,120189.0,ALTHOFF APE,Autoprodutor,SUL,37.44,22.045388
202501.0,2025-01-11,120189.0,ALTHOFF APE,Autoprodutor,SUL,37.44,20.791928
202501.0,2025-01-12,120189.0,ALTHOFF APE,Autoprodutor,SUL,37.44,20.509652
202501.0,2025-01-13,120189.0,ALTHOFF APE,Autoprodutor,SUL,37.44,21.012137
202501.0,2025-01-14,120189.0,ALTHOFF APE,Autoprodutor,SUL,37.44,21.878039
202501.0,2025-01-15,120189.0,ALTHOFF APE,Autoprodutor,SUL,37.44,22.446578
202501.0,2025-01-16,120189.0,ALTHOFF APE,Autoprodutor,SUL,37.44,22.870821
202501.0,2025-01-17,120189.0,ALTHOFF APE,Autoprodutor,SUL,37.44,22.762342
202501.0,2025-01-18,120189.0,ALTHOFF APE,Autoprodutor,SUL,37.44,23.652017
202501.0,2025-01-19,120189.0,ALTHOFF APE,Autoprodutor,SUL,37.44,22.937662
202501.0,2025-01-20,120189.0,ALTHOFF APE,Autoprodutor,SUL,37.44,23.513825
202501.0,2025-01-21,120189.0,ALTHOFF APE,Autoprodutor,SUL,37.44,23.666475
202501.0,2025-01-22,120189.0,ALTHOFF APE,Autoprodutor,SUL,37.44,23.989094
202501.0,2025-01-23,120189.0,ALTHOFF APE,Autoprodutor,SUL,37.44,24.648951
202501.0,2025-01-24,120189.0,ALTHOFF APE,Autoprodutor,SUL,37.44,24.679627
202501.0,2025-01-25,120189.0,ALTHOFF APE,Autoprodutor,SUL,37.44,23.916932
202501.0,2025-01-26,120189.0,ALTHOFF APE,Autoprodutor,SUL,37.44,22.741445
202501.0,2025-01-27,120189.0,ALTHOFF APE,Autoprodutor,SUL,37.44,23.135892
202501.0,2025-01-28,120189.0,ALTHOFF APE,Autoprodutor,SUL,37.44,23.691146
202501.0,2025-01-29,120189.0,ALTHOFF APE,Autoprodutor,SUL,37.44,22.54536
202501.0,2025-01-30,120189.0,ALTHOFF APE,Autoprodutor,SUL,37.44,21.541852
202501.0,2025-01-31,120189.0,ALTHOFF APE,Autoprodutor,SUL,37.44,22.547696
202502.0,2025-02-01,120189.0,ALTHOFF APE,Autoprodutor,SUL,37.44,23.953614
202502.0,2025-02-02,120189.0,ALTHOFF APE,Autoprodutor,SUL,37.44,23.329431
202502.0,2025-02-03,120189.0,ALTHOFF APE,Autoprodutor,SUL,37.44,24.230651
202502.0,2025-02-04,120189.0,ALTHOFF APE,Autoprodutor,SUL,37.44,23.507069
202502.0,2025-02-05,120189.0,ALTHOFF APE,Autoprodutor,SUL,37.44,24.567595
202502.0,2025-02-06,120189.0,ALTHOFF APE,Autoprodutor,SUL,37.44,24.962911
202502.0,2025-02-07,120189.0,ALTHOFF APE,Autoprodutor,SUL,37.44,24.839188
202502.0,2025-02-08,120189.0,ALTHOFF APE,Autoprodutor,SUL,37.44,24.425051
202502.0,2025-02-09,120189.0,ALTHOFF APE,Autoprodutor,SUL,37.44,23.649181
202502.0,2025-02-10,120189.0,ALTHOFF APE,Autoprodutor,SUL,37.44,24.853741
202502.0,2025-02-11,120189.0,ALTHOFF APE,Autoprodutor,SUL,37.44,25.355653
202502.0,2025-02-12,120189.0,ALTHOFF APE,Autoprodutor,SUL,37.44,24.934401
202502.0,2025-02-13,120189.0,ALTHOFF APE,Autoprodutor,SUL,37.44,24.658092
202502.0,2025-02-14,120189.0,ALTHOFF APE,Autoprodutor,SUL,37.44,23.927715
202502.0,2025-02-15,120189.0,ALTHOFF APE,Autoprodutor,SUL,37.44,24.60887
202502.0,2025-02-16,120189.0,ALTHOFF APE,Autoprodutor,SUL,37.44,24.414184
202502.0,2025-02-17,120189.0,ALTHOFF APE,Autoprodutor,SUL,37.44,24.458106
202502.0,2025-02-18,120189.0,ALTHOFF APE,Autoprodutor,SUL,37.44,23.207254
202502.0,2025-02-19,120189.0,ALTHOFF APE,Autoprodutor,SUL,37.44,21.678292
202502.0,2025-02-20,120189.0,ALTHOFF APE,Autoprodutor,SUL,37.44,23.597217
202502.0,2025-02-21,120189.0,ALTHOFF APE,Autoprodutor,SUL,37.44,24.313701
202502.0,2025-02-22,120189.0,ALTHOFF APE,Autoprodutor,SUL,37.44,24.721703
202502.0,2025-02-23,120189.0,ALTHOFF APE,Autoprodutor,SUL,37.44,23.686463
202502.0,2025-02-24,120189.0,ALTHOFF APE,Autoprodutor,SUL,37.44,24.563891
202502.0,2025-02-25,120189.0,ALTHOFF APE,Autoprodutor,SUL,37.44,25.870737
202502.0,2025-02-26,120189.0,ALTHOFF APE,Autoprodutor,SUL,37.44,25.44816
202502.0,2025-02-27,120189.0,ALTHOFF APE,Autoprodutor,SUL,37.44,25.107879
202502.0,2025-02-28,120189.0,ALTHOFF APE,Autoprodutor,SUL,37.44,24.984378
202503.0,2025-03-01,120189.0,ALTHOFF APE,Autoprodutor,SUL,42.96,29.548095
202503.0,2025-03-02,120189.0,ALTHOFF APE,Autoprodutor,SUL,42.96,28.488751
202503.0,2025-03-03,120189.0,ALTHOFF APE,Autoprodutor,SUL,42.96,29.099232
202503.0,2025-03-04,120189.0,ALTHOFF APE,Autoprodutor,SUL,42.96,28.583115
202503.0,2025-03-05,120189.0,ALTHOFF APE,Autoprodutor,SUL,42.96,28.147923
202503.0,2025-03-06,120189.0,ALTHOFF APE,Autoprodutor,SUL,42.96,28.585567
202503.0,2025-03-07,120189.0,ALTHOFF APE,Autoprodutor,SUL,42.96,28.839688
202503.0,2025-03-08,120189.0,ALTHOFF APE,Autoprodutor,SUL,42.96,29.150543
202503.0,2025-03-09,120189.0,ALTHOFF APE,Autoprodutor,SUL,42.96,26.390829
202503.0,2025-03-10,120189.0,ALTHOFF APE,Autoprodutor,SUL,42.96,24.861635
202503.0,2025-03-11,120189.0,ALTHOFF APE,Autoprodutor,SUL,42.96,25.087366
202503.0,2025-03-12,120189.0,ALTHOFF APE,Autoprodutor,SUL,42.96,24.258153
202503.0,2025-03-13,120189.0,ALTHOFF APE,Autoprodutor,SUL,42.96,24.471358
202503.0,2025-03-14,120189.0,ALTHOFF APE,Autoprodutor,SUL,42.96,24.589663
202503.0,2025-03-15,120189.0,ALTHOFF APE,Autoprodutor,SUL,42.96,23.623311
202503.0,2025-03-16,120189.0,ALTHOFF APE,Autoprodutor,SUL,42.96,23.777544
202503.0,2025-03-17,120189.0,ALTHOFF APE,Autoprodutor,SUL,42.96,25.61823
202503.0,2025-03-18,120189.0,ALTHOFF APE,Autoprodutor,SUL,42.96,25.375555
202503.0,2025-03-19,120189.0,ALTHOFF APE,Autoprodutor,SUL,42.96,25.060866
202503.0,2025-03-20,120189.0,ALTHOFF APE,Autoprodutor,SUL,42.96,24.68316
202503.0,2025-03-21,120189.0,ALTHOFF APE,Autoprodutor,SUL,42.96,25.063655
202503.0,2025-03-22,120189.0,ALTHOFF APE,Autoprodutor,SUL,42.96,25.980869
202503.0,2025-03-23,120189.0,ALTHOFF APE,Autoprodutor,SUL,42.96,24.504183
202503.0,2025-03-24,120189.0,ALTHOFF APE,Autoprodutor,SUL,42.96,25.866769
202503.0,2025-03-25,120189.0,ALTHOFF APE,Autoprodutor,SUL,42.96,25.839404
202503.0,2025-03-26,120189.0,ALTHOFF APE,Autoprodutor,SUL,42.96,24.790849
202503.0,2025-03-27,120189.0,ALTHOFF APE,Autoprodutor,SUL,42.96,25.975509
202503.0,2025-03-28,120189.0,ALTHOFF APE,Autoprodutor,SUL,42.96,26.830982
202503.0,2025-03-29,120189.0,ALTHOFF APE,Autoprodutor,SUL,42.96,26.428953
202503.0,2025-03-30,120189.0,ALTHOFF APE,Autoprodutor,SUL,42.96,25.402063
202503.0,2025-03-31,120189.0,ALTHOFF APE,Autoprodutor,SUL,42.96,26.410556
202504.0,2025-04-01,120189.0,ALTHOFF APE,Autoprodutor,SUL,42.96,25.255223
202504.0,2025-04-02,120189.0,ALTHOFF APE,Autoprodutor,SUL,42.96,25.785355
202504.0,2025-04-03,120189.0,ALTHOFF APE,Autoprodutor,SUL,42.96,24.489616
202504.0,2025-04-04,120189.0,ALTHOFF APE,Autoprodutor,SUL,42.96,21.280713
202504.0,2025-04-05,120189.0,ALTHOFF APE,Autoprodutor,SUL,42.96,21.14167
202504.0,2025-04-06,120189.0,ALTHOFF APE,Autoprodutor,SUL,42.96,19.966268
202504.0,2025-04-07,120189.0,ALTHOFF APE,Autoprodutor,SUL,42.96,20.557532
202504.0,2025-04-08,120189.0,ALTHOFF APE,Autoprodutor,SUL,42.96,20.236329
202504.0,2025-04-09,120189.0,ALTHOFF APE,Autoprodutor,SUL,42.96,21.312803
202504.0,2025-04-10,120189.0,ALTHOFF APE,Autoprodutor,SUL,42.96,20.358188
202504.0,2025-04-11,120189.0,ALTHOFF APE,Autoprodutor,SUL,42.96,21.164726
202504.0,2025-04-12,120189.0,ALTHOFF APE,Autoprodutor,SUL,42.96,22.338698
202504.0,2025-04-13,120189.0,ALTHOFF APE,Autoprodutor,SUL,42.96,20.32964
202504.0,2025-04-14,120189.0,ALTHOFF APE,Autoprodutor,SUL,42.96,20.143283
202504.0,2025-04-15,120189.0,ALTHOFF APE,Autoprodutor,SUL,42.96,20.644431
202504.0,2025-04-16,120189.0,ALTHOFF APE,Autoprodutor,SUL,42.96,21.44648
202504.0,2025-04-17,120189.0,ALTHOFF APE,Autoprodutor,SUL,42.96,21.999092
202504.0,2025-04-18,120189.0,ALTHOFF APE,Autoprodutor,SUL,42.96,23.245907
202504.0,2025-04-19,120189.0,ALTHOFF APE,Autoprodutor,SUL,42.96,21.881905
202504.0,2025-04-20,120189.0,ALTHOFF APE,Autoprodutor,SUL,42.96,18.704893
202504.0,2025-04-21,120189.0,ALTHOFF APE,Autoprodutor,SUL,42.96,19.348055
202504.0,2025-04-22,120189.0,ALTHOFF APE,Autoprodutor,SUL,42.96,19.451033
202504.0,2025-04-23,120189.0,ALTHOFF APE,Autoprodutor,SUL,42.96,20.400877
202504.0,2025-04-24,120189.0,ALTHOFF APE,Autoprodutor,SUL,42.96,20.149854
202504.0,2025-04-25,120189.0,ALTHOFF APE,Autoprodutor,SUL,42.96,21.769729
202504.0,2025-04-26,120189.0,ALTHOFF APE,Autoprodutor,SUL,42.96,21.901628
202504.0,2025-04-27,120189.0,ALTHOFF APE,Autoprodutor,SUL,42.96,20.882771
202504.0,2025-04-28,120189.0,ALTHOFF APE,Autoprodutor,SUL,42.96,19.791915
202504.0,2025-04-29,120189.0,ALTHOFF APE,Autoprodutor,SUL,42.96,18.595047
202504.0,2025-04-30,120189.0,ALTHOFF APE,Autoprodutor,SUL,42.96,18.93097
202505.0,2025-05-01,120189.0,ALTHOFF APE,Autoprodutor,SUL,42.96,17.212066
202505.0,2025-05-02,120189.0,ALTHOFF APE,Autoprodutor,SUL,42.96,19.564532
202505.0,2025-05-03,120189.0,ALTHOFF APE,Autoprodutor,SUL,42.96,20.179721
202505.0,2025-05-04,120189.0,ALTHOFF APE,Autoprodutor,SUL,42.96,19.153144
202505.0,2025-05-05,120189.0,ALTHOFF APE,Autoprodutor,SUL,42.96,20.883761
202505.0,2025-05-06,120189.0,ALTHOFF APE,Autoprodutor,SUL,42.96,20.690216
202505.0,2025-05-07,120189.0,ALTHOFF APE,Autoprodutor,SUL,42.96,20.583112
202505.0,2025-05-08,120189.0,ALTHOFF APE,Autoprodutor,SUL,42.96,21.013709
202505.0,2025-05-09,120189.0,ALTHOFF APE,Autoprodutor,SUL,42.96,21.36591
202505.0,2025-05-10,120189.0,ALTHOFF APE,Autoprodutor,SUL,42.96,20.058377
202505.0,2025-05-11,120189.0,ALTHOFF APE,Autoprodutor,SUL,42.96,17.928786
202505.0,2025-05-12,120189.0,ALTHOFF APE,Autoprodutor,SUL,42.96,18.663388
202505.0,2025-05-13,120189.0,ALTHOFF APE,Autoprodutor,SUL,42.96,18.789881
202505.0,2025-05-14,120189.0,ALTHOFF APE,Autoprodutor,SUL,42.96,19.676422
202505.0,2025-05-15,120189.0,ALTHOFF APE,Autoprodutor,SUL,42.96,19.547461
202505.0,2025-05-16,120189.0,ALTHOFF APE,Autoprodutor,SUL,42.96,20.156277
202505.0,2025-05-17,120189.0,ALTHOFF APE,Autoprodutor,SUL,42.96,20.153667
202505.0,2025-05-18,120189.0,ALTHOFF APE,Autoprodutor,SUL,42.96,19.752802
202505.0,2025-05-19,120189.0,ALTHOFF APE,Autoprodutor,SUL,42.96,17.59882
202505.0,2025-05-20,120189.0,ALTHOFF APE,Autoprodutor,SUL,42.96,19.28398
202505.0,2025-05-21,120189.0,ALTHOFF APE,Autoprodutor,SUL,42.96,18.208658
202505.0,2025-05-22,120189.0,ALTHOFF APE,Autoprodutor,SUL,42.96,17.273948999999998
202505.0,2025-05-23,120189.0,ALTHOFF APE,Autoprodutor,SUL,42.96,17.66655
202505.0,2025-05-24,120189.0,ALTHOFF APE,Autoprodutor,SUL,42.96,18.068367
202505.0,2025-05-25,120189.0,ALTHOFF APE,Autoprodutor,SUL,42.96,17.303804
202505.0,2025-05-26,120189.0,ALTHOFF APE,Autoprodutor,SUL,42.96,18.448682
202505.0,2025-05-27,120189.0,ALTHOFF APE,Autoprodutor,SUL,42.96,19.512266
202505.0,2025-05-28,120189.0,ALTHOFF APE,Autoprodutor,SUL,42.96,18.781031
202505.0,2025-05-29,120189.0,ALTHOFF APE,Autoprodutor,SUL,42.96,16.738327
202505.0,2025-05-30,120189.0,ALTHOFF APE,Autoprodutor,SUL,42.96,16.602405
202505.0,2025-05-31,120189.0,ALTHOFF APE,Autoprodutor,SUL,42.96,17.200995
202506.0,2025-06-01,120189.0,ALTHOFF APE,Autoprodutor,SUL,42.96,16.224981
202506.0,2025-06-02,120189.0,ALTHOFF APE,Autoprodutor,SUL,42.96,16.890883
202506.0,2025-06-03,120189.0,ALTHOFF APE,Autoprodutor,SUL,42.96,17.294247
202506.0,2025-06-04,120189.0,ALTHOFF APE,Autoprodutor,SUL,42.96,18.033471
202506.0,2025-06-05,120189.0,ALTHOFF APE,Autoprodutor,SUL,42.96,17.799065
202506.0,2025-06-06,120189.0,ALTHOFF APE,Autoprodutor,SUL,42.96,17.374222
202506.0,2025-06-07,120189.0,ALTHOFF APE,Autoprodutor,SUL,42.96,17.072608
202506.0,2025-06-08,120189.0,ALTHOFF APE,Autoprodutor,SUL,42.96,16.130327
202506.0,2025-06-09,120189.0,ALTHOFF APE,Autoprodutor,SUL,42.96,16.303808
202506.0,2025-06-10,120189.0,ALTHOFF APE,Autoprodutor,SUL,42.96,15.773876
202506.0,2025-06-11,120189.0,ALTHOFF APE,Autoprodutor,SUL,42.96,15.566881
202506.0,2025-06-12,120189.0,ALTHOFF APE,Autoprodutor,SUL,42.96,15.743887
202506.0,2025-06-13,120189.0,ALTHOFF APE,Autoprodutor,SUL,42.96,16.219121
202506.0,2025-06-14,120189.0,ALTHOFF APE,Autoprodutor,SUL,42.96,16.820034
202506.0,2025-06-15,120189.0,ALTHOFF APE,Autoprodutor,SUL,42.96,15.840169
202506.0,2025-06-16,120189.0,ALTHOFF APE,Autoprodutor,SUL,42.96,16.548974
202506.0,2025-06-17,120189.0,ALTHOFF APE,Autoprodutor,SUL,42.96,17.083276
202506.0,2025-06-18,120189.0,ALTHOFF APE,Autoprodutor,SUL,42.96,17.342007
202506.0,2025-06-19,120189.0,ALTHOFF APE,Autoprodutor,SUL,42.96,17.066846
202506.0,2025-06-20,120189.0,ALTHOFF APE,Autoprodutor,SUL,42.96,17.456266
202506.0,2025-06-21,120189.0,ALTHOFF APE,Autoprodutor,SUL,42.96,16.741583
202506.0,2025-06-22,120189.0,ALTHOFF APE,Autoprodutor,SUL,42.96,15.957473
202506.0,2025-06-23,120189.0,ALTHOFF APE,Autoprodutor,SUL,42.96,16.239549
202506.0,2025-06-24,120189.0,ALTHOFF APE,Autoprodutor,SUL,42.96,14.75252
202506.0,2025-06-25,120189.0,ALTHOFF APE,Autoprodutor,SUL,42.96,14.839922
202506.0,2025-06-26,120189.0,ALTHOFF APE,Autoprodutor,SUL,42.96,15.216551
202506.0,2025-06-27,120189.0,ALTHOFF APE,Autoprodutor,SUL,42.96,15.30983
202506.0,2025-06-28,120189.0,ALTHOFF APE,Autoprodutor,SUL,42.96,15.651301
202506.0,2025-06-29,120189.0,ALTHOFF APE,Autoprodutor,SUL,42.96,15.207901
202506.0,2025-06-30,120189.0,ALTHOFF APE,Autoprodutor,SUL,42.96,15.053338
202507.0,2025-07-01,120189.0,ALTHOFF APE,Autoprodutor,SUL,42.96,14.405928
202507.0,2025-07-02,120189.0,ALTHOFF APE,Autoprodutor,SUL,42.96,14.368459
202507.0,2025-07-03,120189.0,ALTHOFF APE,Autoprodutor,SUL,42.96,14.82383
202507.0,2025-07-04,120189.0,ALTHOFF APE,Autoprodutor,SUL,42.96,15.443084
202507.0,2025-07-05,120189.0,ALTHOFF APE,Autoprodutor,SUL,42.96,15.671146
202507.0,2025-07-06,120189.0,ALTHOFF APE,Autoprodutor,SUL,42.96,14.69637
202507.0,2025-07-07,120189.0,ALTHOFF APE,Autoprodutor,SUL,42.96,15.317478
202507.0,2025-07-08,120189.0,ALTHOFF APE,Autoprodutor,SUL,42.96,15.431681
202507.0,2025-07-09,120189.0,ALTHOFF APE,Autoprodutor,SUL,42.96,15.345477
202507.0,2025-07-10,120189.0,ALTHOFF APE,Autoprodutor,SUL,42.96,15.47733
202507.0,2025-07-11,120189.0,ALTHOFF APE,Autoprodutor,SUL,42.96,15.870943
202507.0,2025-07-12,120189.0,ALTHOFF APE,Autoprodutor,SUL,42.96,15.638974
202507.0,2025-07-13,120189.0,ALTHOFF APE,Autoprodutor,SUL,42.96,15.082591
202507.0,2025-07-14,120189.0,ALTHOFF APE,Autoprodutor,SUL,42.96,15.635015
202507.0,2025-07-15,120189.0,ALTHOFF APE,Autoprodutor,SUL,42.96,15.669957
202507.0,2025-07-16,120189.0,ALTHOFF APE,Autoprodutor,SUL,42.96,15.820981
202507.0,2025-07-17,120189.0,ALTHOFF APE,Autoprodutor,SUL,42.96,15.779038
202507.0,2025-07-18,120189.0,ALTHOFF APE,Autoprodutor,SUL,42.96,15.310908
202507.0,2025-07-19,120189.0,ALTHOFF APE,Autoprodutor,SUL,42.96,15.081928
202507.0,2025-07-20,120189.0,ALTHOFF APE,Autoprodutor,SUL,42.96,14.232406
202507.0,2025-07-21,120189.0,ALTHOFF APE,Autoprodutor,SUL,42.96,15.079732
202507.0,2025-07-22,120189.0,ALTHOFF APE,Autoprodutor,SUL,42.96,15.128739
202507.0,2025-07-23,120189.0,ALTHOFF APE,Autoprodutor,SUL,42.96,14.544592
202507.0,2025-07-24,120189.0,ALTHOFF APE,Autoprodutor,SUL,42.96,14.177691
202507.0,2025-07-25,120189.0,ALTHOFF APE,Autoprodutor,SUL,42.96,14.664746
202507.0,2025-07-26,120189.0,ALTHOFF APE,Autoprodutor,SUL,42.96,15.140364
202507.0,2025-07-27,120189.0,ALTHOFF APE,Autoprodutor,SUL,42.96,13.941282
202507.0,2025-07-28,120189.0,ALTHOFF APE,Autoprodutor,SUL,42.96,13.768098
202507.0,2025-07-29,120189.0,ALTHOFF APE,Autoprodutor,SUL,42.96,13.325844
202507.0,2025-07-30,120189.0,ALTHOFF APE,Autoprodutor,SUL,42.96,13.130524
202507.0,2025-07-31,120189.0,ALTHOFF APE,Autoprodutor,SUL,42.96,13.388861
202508.0,2025-08-01,120189.0,ALTHOFF APE,Autoprodutor,SUL,42.96,14.012584
202508.0,2025-08-02,120189.0,ALTHOFF APE,Autoprodutor,SUL,42.96,14.205355
202508.0,2025-08-03,120189.0,ALTHOFF APE,Autoprodutor,SUL,42.96,12.731223
202508.0,2025-08-04,120189.0,ALTHOFF APE,Autoprodutor,SUL,42.96,14.062118
202508.0,2025-08-05,120189.0,ALTHOFF APE,Autoprodutor,SUL,42.96,13.877319
202508.0,2025-08-06,120189.0,ALTHOFF APE,Autoprodutor,SUL,42.96,14.197849
202508.0,2025-08-07,120189.0,ALTHOFF APE,Autoprodutor,SUL,42.96,14.342978
202508.0,2025-08-08,120189.0,ALTHOFF APE,Autoprodutor,SUL,42.96,14.101787
202508.0,2025-08-09,120189.0,ALTHOFF APE,Autoprodutor,SUL,42.96,13.52534
202508.0,2025-08-10,120189.0,ALTHOFF APE,Autoprodutor,SUL,42.96,12.163109
202508.0,2025-08-11,120189.0,ALTHOFF APE,Autoprodutor,SUL,42.96,13.581875
202508.0,2025-08-12,120189.0,ALTHOFF APE,Autoprodutor,SUL,42.96,13.592221
202508.0,2025-08-13,120189.0,ALTHOFF APE,Autoprodutor,SUL,42.96,13.749617
202508.0,2025-08-14,120189.0,ALTHOFF APE,Autoprodutor,SUL,42.96,13.756787
202508.0,2025-08-15,120189.0,ALTHOFF APE,Autoprodutor,SUL,42.96,13.742825
202508.0,2025-08-16,120189.0,ALTHOFF APE,Autoprodutor,SUL,42.96,13.831643
202508.0,2025-08-17,120189.0,ALTHOFF APE,Autoprodutor,SUL,42.96,12.55815
202508.0,2025-08-18,120189.0,ALTHOFF APE,Autoprodutor,SUL,42.96,12.467449
202508.0,2025-08-19,120189.0,ALTHOFF APE,Autoprodutor,SUL,42.96,14.766759
202508.0,2025-08-20,120189.0,ALTHOFF APE,Autoprodutor,SUL,42.96,15.644494
202508.0,2025-08-21,120189.0,ALTHOFF APE,Autoprodutor,SUL,42.96,15.3352
202508.0,2025-08-22,120189.0,ALTHOFF APE,Autoprodutor,SUL,42.96,15.928852
202508.0,2025-08-23,120189.0,ALTHOFF APE,Autoprodutor,SUL,42.96,15.327546
202508.0,2025-08-24,120189.0,ALTHOFF APE,Autoprodutor,SUL,42.96,12.37189
202508.0,2025-08-25,120189.0,ALTHOFF APE,Autoprodutor,SUL,42.96,13.685752
202508.0,2025-08-26,120189.0,ALTHOFF APE,Autoprodutor,SUL,42.96,13.542768
202508.0,2025-08-27,120189.0,ALTHOFF APE,Autoprodutor,SUL,42.96,13.602634
202508.0,2025-08-28,120189.0,ALTHOFF APE,Autoprodutor,SUL,42.96,14.128643
202508.0,2025-08-29,120189.0,ALTHOFF APE,Autoprodutor,SUL,42.96,14.623904
202508.0,2025-08-30,120189.0,ALTHOFF APE,Autoprodutor,SUL,42.96,15.177969
202508.0,2025-08-31,120189.0,ALTHOFF APE,Autoprodutor,SUL,42.96,13.710959
