MES_REFERENCIA,DATA,CODIGO_PERFIL_AGENTE,SIGLA_PERFIL_AGENTE,CLASSE_PERFIL_AGENTE,SUBMERCADO,CAPACIDADE_CARGA,CONSUMO_CARGA_ACL
,2023-01-01,48762.0,C CL FUNDICAO PAVANELLI,Consumidor Livre,SUDESTE,15.12,0.084088
,2023-01-02,48762.0,C CL FUNDICAO PAVANELLI,Consumidor Livre,SUDESTE,15.12,0.081586
,2023-01-03,48762.0,C CL FUNDICAO PAVANELLI,Consumidor Livre,SUDESTE,15.12,0.077268
,2023-01-04,48762.0,C CL FUNDICAO PAVANELLI,Consumidor Livre,SUDESTE,15.12,0.071494
,2023-01-05,48762.0,C CL FUNDICAO PAVANELLI,Consumidor Livre,SUDESTE,15.12,0.076593
,2023-01-06,48762.0,C CL FUNDICAO PAVANELLI,Consumidor Livre,SUDESTE,15.12,0.076809
,2023-01-07,48762.0,C CL FUNDICAO PAVANELLI,Consumidor Livre,SUDESTE,15.12,0.077
,2023-01-08,48762.0,C CL FUNDICAO PAVANELLI,Consumidor Livre,SUDESTE,15.12,0.0745
,2023-01-09,48762.0,C CL FUNDICAO PAVANELLI,Consumidor Livre,SUDESTE,15.12,0.244708
,2023-01-10,48762.0,C CL FUNDICAO PAVANELLI,Consumidor Livre,SUDESTE,15.12,3.891467
,2023-01-11,48762.0,C CL FUNDICAO PAVANELLI,Consumidor Livre,SUDESTE,15.12,4.153418
,2023-01-12,48762.0,C CL FUNDICAO PAVANELLI,Consumidor Livre,SUDESTE,15.12,4.224768
,2023-01-13,48762.0,C CL FUNDICAO PAVANELLI,Consumidor Livre,SUDESTE,15.12,0.460355
,2023-01-14,48762.0,C CL FUNDICAO PAVANELLI,Consumidor Livre,SUDESTE,15.12,0.111633
,2023-01-15,48762.0,C CL FUNDICAO PAVANELLI,Consumidor Livre,SUDESTE,15.12,0.082767
,2023-01-16,48762.0,C CL FUNDICAO PAVANELLI,Consumidor Livre,SUDESTE,15.12,4.704987
,2023-01-17,48762.0,C CL FUNDICAO PAVANELLI,Consumidor Livre,SUDESTE,15.12,4.797095
,2023-01-18,48762.0,C CL FUNDICAO PAVANELLI,Consumidor Livre,SUDESTE,15.12,3.589797
,2023-01-19,48762.0,C CL FUNDICAO PAVANELLI,Consumidor Livre,SUDESTE,15.12,3.556762
,2023-01-20,48762.0,C CL FUNDICAO PAVANELLI,Consumidor Livre,SUDESTE,15.12,2.844147
,2023-01-21,48762.0,C CL FUNDICAO PAVANELLI,Consumidor Livre,SUDESTE,15.12,0.129187
,2023-01-22,48762.0,C CL FUNDICAO PAVANELLI,Consumidor Livre,SUDESTE,15.12,0.074581
,2023-01-23,48762.0,C CL FUNDICAO PAVANELLI,Consumidor Livre,SUDESTE,15.12,3.953388
,2023-01-24,48762.0,C CL FUNDICAO PAVANELLI,Consumidor Livre,SUDESTE,15.12,3.418442
,2023-01-25,48762.0,C CL FUNDICAO PAVANELLI,Consumidor Livre,SUDESTE,15.12,3.463213
,2023-01-26,48762.0,C CL FUNDICAO PAVANELLI,Consumidor Livre,SUDESTE,15.12,3.307101
,2023-01-27,48762.0,C CL FUNDICAO PAVANELLI,Consumidor Livre,SUDESTE,15.12,0.396268
,2023-01-28,48762.0,C CL FUNDICAO PAVANELLI,Consumidor Livre,SUDESTE,15.12,0.086377
,2023-01-29,48762.0,C CL FUNDICAO PAVANELLI,Consumidor Livre,SUDESTE,15.12,0.074888
,2023-01-30,48762.0,C CL FUNDICAO PAVANELLI,Consumidor Livre,SUDESTE,15.12,3.891713
,2023-01-31,48762.0,C CL FUNDICAO PAVANELLI,Consumidor Livre,SUDESTE,15.12,4.069739
,2023-02-01,48762.0,C CL FUNDICAO PAVANELLI,Consumidor Livre,SUDESTE,15.12,4.127407
,2023-02-02,48762.0,C CL FUNDICAO PAVANELLI,Consumidor Livre,SUDESTE,15.12,3.499038
,2023-02-03,48762.0,C CL FUNDICAO PAVANELLI,Consumidor Livre,SUDESTE,15.12,0.427667
,2023-02-04,48762.0,C CL FUNDICAO PAVANELLI,Consumidor Livre,SUDESTE,15.12,0.074033
,2023-02-05,48762.0,C CL FUNDICAO PAVANELLI,Consumidor Livre,SUDESTE,15.12,0.070094
,2023-02-06,48762.0,C CL FUNDICAO PAVANELLI,Consumidor Livre,SUDESTE,15.12,3.953222
,2023-02-07,48762.0,C CL FUNDICAO PAVANELLI,Consumidor Livre,SUDESTE,15.12,4.179232
,2023-02-08,48762.0,C CL FUNDICAO PAVANELLI,Consumidor Livre,SUDESTE,15.12,4.13272
,2023-02-09,48762.0,C CL FUNDICAO PAVANELLI,Consumidor Livre,SUDESTE,15.12,3.895636
,2023-02-10,48762.0,C CL FUNDICAO PAVANELLI,Consumidor Livre,SUDESTE,15.12,0.4439
,2023-02-11,48762.0,C CL FUNDICAO PAVANELLI,Consumidor Livre,SUDESTE,15.12,0.077279
,2023-02-12,48762.0,C CL FUNDICAO PAVANELLI,Consumidor Livre,SUDESTE,15.12,0.072506
,2023-02-13,48762.0,C CL FUNDICAO PAVANELLI,Consumidor Livre,SUDESTE,15.12,4.734714
,2023-02-14,48762.0,C CL FUNDICAO PAVANELLI,Consumidor Livre,SUDESTE,15.12,4.165052
,2023-02-15,48762.0,C CL FUNDICAO PAVANELLI,Consumidor Livre,SUDESTE,15.12,0.446911
,2023-02-16,48762.0,C CL FUNDICAO PAVANELLI,Consumidor Livre,SUDESTE,15.12,4.238286
,2023-02-17,48762.0,C CL FUNDICAO PAVANELLI,Consumidor Livre,SUDESTE,15.12,4.322178
,2023-02-18,48762.0,C CL FUNDICAO PAVANELLI,Consumidor Livre,SUDESTE,15.12,0.11275
,2023-02-19,48762.0,C CL FUNDICAO PAVANELLI,Consumidor Livre,SUDESTE,15.12,0.072198
,2023-02-20,48762.0,C CL FUNDICAO PAVANELLI,Consumidor Livre,SUDESTE,15.12,0.067879
,2023-02-21,48762.0,C CL FUNDICAO PAVANELLI,Consumidor Livre,SUDESTE,15.12,0.069564
,2023-02-22,48762.0,C CL FUNDICAO PAVANELLI,Consumidor Livre,SUDESTE,15.12,0.420456
,2023-02-23,48762.0,C CL FUNDICAO PAVANELLI,Consumidor Livre,SUDESTE,15.12,4.863909
,2023-02-24,48762.0,C CL FUNDICAO PAVANELLI,Consumidor Livre,SUDESTE,15.12,0.472955
,2023-02-25,48762.0,C CL FUNDICAO PAVANELLI,Consumidor Livre,SUDESTE,15.12,0.07958
,2023-02-26,48762.0,C CL FUNDICAO PAVANELLI,Consumidor Livre,SUDESTE,15.12,0.072717
,2023-02-27,48762.0,C CL FUNDICAO PAVANELLI,Consumidor Livre,SUDESTE,15.12,4.176133
,2023-02-28,48762.0,C CL FUNDICAO PAVANELLI,Consumidor Livre,SUDESTE,15.12,0.440679
,2023-03-01,48762.0,C CL FUNDICAO PAVANELLI,Consumidor Livre,SUDESTE,15.12,4.177248
,2023-03-02,48762.0,C CL FUNDICAO PAVANELLI,Consumidor Livre,SUDESTE,15.12,4.882408
,2023-03-03,48762.0,C CL FUNDICAO PAVANELLI,Consumidor Livre,SUDESTE,15.12,0.432904
,2023-03-04,48762.0,C CL FUNDICAO PAVANELLI,Consumidor Livre,SUDESTE,15.12,0.077979
,2023-03-05,48762.0,C CL FUNDICAO PAVANELLI,Consumidor Livre,SUDESTE,15.12,0.069022
,2023-03-06,48762.0,C CL FUNDICAO PAVANELLI,Consumidor Livre,SUDESTE,15.12,4.010676
,2023-03-07,48762.0,C CL FUNDICAO PAVANELLI,Consumidor Livre,SUDESTE,15.12,0.424576
,2023-03-08,48762.0,C CL FUNDICAO PAVANELLI,Consumidor Livre,SUDESTE,15.12,4.171389
,2023-03-09,48762.0,C CL FUNDICAO PAVANELLI,Consumidor Livre,SUDESTE,15.12,4.833788
,2023-03-10,48762.0,C CL FUNDICAO PAVANELLI,Consumidor Livre,SUDESTE,15.12,0.446911
,2023-03-11,48762.0,C CL FUNDICAO PAVANELLI,Consumidor Livre,SUDESTE,15.12,0.079857
,2023-03-12,48762.0,C CL FUNDICAO PAVANELLI,Consumidor Livre,SUDESTE,15.12,0.064587
,2023-03-13,48762.0,C CL FUNDICAO PAVANELLI,Consumidor Livre,SUDESTE,15.12,4.760441
,2023-03-14,48762.0,C CL FUNDICAO PAVANELLI,Consumidor Livre,SUDESTE,15.12,0.474912
,2023-03-15,48762.0,C CL FUNDICAO PAVANELLI,Consumidor Livre,SUDESTE,15.12,4.145714
,2023-03-16,48762.0,C CL FUNDICAO PAVANELLI,Consumidor Livre,SUDESTE,15.12,4.984739
,2023-03-17,48762.0,C CL FUNDICAO PAVANELLI,Consumidor Livre,SUDESTE,15.12,0.39785
,2023-03-18,48762.0,C CL FUNDICAO PAVANELLI,Consumidor Livre,SUDESTE,15.12,0.069583
,2023-03-19,48762.0,C CL FUNDICAO PAVANELLI,Consumidor Livre,SUDESTE,15.12,0.069306
,2023-03-20,48762.0,C CL FUNDICAO PAVANELLI,Consumidor Livre,SUDESTE,15.12,4.000851
,2023-03-21,48762.0,C CL FUNDICAO PAVANELLI,Consumidor Livre,SUDESTE,15.12,0.43332
,2023-03-22,48762.0,C CL FUNDICAO PAVANELLI,Consumidor Livre,SUDESTE,15.12,4.131454
,2023-03-23,48762.0,C CL FUNDICAO PAVANELLI,Consumidor Livre,SUDESTE,15.12,3.423534
,2023-03-24,48762.0,C CL FUNDICAO PAVANELLI,Consumidor Livre,SUDESTE,15.12,0.386995
,2023-03-25,48762.0,C CL FUNDICAO PAVANELLI,Consumidor Livre,SUDESTE,15.12,0.083788
,2023-03-26,48762.0,C CL FUNDICAO PAVANELLI,Consumidor Livre,SUDESTE,15.12,0.076028
,2023-03-27,48762.0,C CL FUNDICAO PAVANELLI,Consumidor Livre,SUDESTE,15.12,4.011786
,2023-03-28,48762.0,C CL FUNDICAO PAVANELLI,Consumidor Livre,SUDESTE,15.12,0.422949
,2023-03-29,48762.0,C CL FUNDICAO PAVANELLI,Consumidor Livre,SUDESTE,15.12,0.266451
,2023-03-30,48762.0,C CL FUNDICAO PAVANELLI,Consumidor Livre,SUDESTE,15.12,5.767196
,2023-03-31,48762.0,C CL FUNDICAO PAVANELLI,Consumidor Livre,SUDESTE,15.12,0.44013
,2023-04-01,48762.0,C CL FUNDICAO PAVANELLI,Consumidor Livre,SUDESTE,15.12,0.07156
,2023-04-02,48762.0,C CL FUNDICAO PAVANELLI,Consumidor Livre,SUDESTE,15.12,0.07355
,2023-04-03,48762.0,C CL FUNDICAO PAVANELLI,Consumidor Livre,SUDESTE,15.12,4.004458
,2023-04-04,48762.0,C CL FUNDICAO PAVANELLI,Consumidor Livre,SUDESTE,15.12,0.431279
,2023-04-05,48762.0,C CL FUNDICAO PAVANELLI,Consumidor Livre,SUDESTE,15.12,4.863864
,2023-04-06,48762.0,C CL FUNDICAO PAVANELLI,Consumidor Livre,SUDESTE,15.12,0.134244
,2023-04-07,48762.0,C CL FUNDICAO PAVANELLI,Consumidor Livre,SUDESTE,15.12,0.074119
,2023-04-08,48762.0,C CL FUNDICAO PAVANELLI,Consumidor Livre,SUDESTE,15.12,0.073431
,2023-04-09,48762.0,C CL FUNDICAO PAVANELLI,Consumidor Livre,SUDESTE,15.12,0.074043
,2023-04-10,48762.0,C CL FUNDICAO PAVANELLI,Consumidor Livre,SUDESTE,15.12,0.3876779999999999
,2023-04-11,48762.0,C CL FUNDICAO PAVANELLI,Consumidor Livre,SUDESTE,15.12,3.327137
,2023-04-12,48762.0,C CL FUNDICAO PAVANELLI,Consumidor Livre,SUDESTE,15.12,1.325598
,2023-04-13,48762.0,C CL FUNDICAO PAVANELLI,Consumidor Livre,SUDESTE,15.12,4.061317
,2023-04-14,48762.0,C CL FUNDICAO PAVANELLI,Consumidor Livre,SUDESTE,15.12,0.415285
,2023-04-15,48762.0,C CL FUNDICAO PAVANELLI,Consumidor Livre,SUDESTE,15.12,0.09202
,2023-04-16,48762.0,C CL FUNDICAO PAVANELLI,Consumidor Livre,SUDESTE,15.12,0.090222
,2023-04-17,48762.0,C CL FUNDICAO PAVANELLI,Consumidor Livre,SUDESTE,15.12,4.474245
,2023-04-18,48762.0,C CL FUNDICAO PAVANELLI,Consumidor Livre,SUDESTE,15.12,3.973194
,2023-04-19,48762.0,C CL FUNDICAO PAVANELLI,Consumidor Livre,SUDESTE,15.12,0.431342
,2023-04-20,48762.0,C CL FUNDICAO PAVANELLI,Consumidor Livre,SUDESTE,15.12,5.283902
,2023-04-21,48762.0,C CL FUNDICAO PAVANELLI,Consumidor Livre,SUDESTE,15.12,0.106207
,2023-04-22,48762.0,C CL FUNDICAO PAVANELLI,Consumidor Livre,SUDESTE,15.12,0.07585
,2023-04-23,48762.0,C CL FUNDICAO PAVANELLI,Consumidor Livre,SUDESTE,15.12,0.07568
,2023-04-24,48762.0,C CL FUNDICAO PAVANELLI,Consumidor Livre,SUDESTE,15.12,0.366176
,2023-04-25,48762.0,C CL FUNDICAO PAVANELLI,Consumidor Livre,SUDESTE,15.12,3.952752
,2023-04-26,48762.0,C CL FUNDICAO PAVANELLI,Consumidor Livre,SUDESTE,15.12,3.831302
,2023-04-27,48762.0,C CL FUNDICAO PAVANELLI,Consumidor Livre,SUDESTE,15.12,0.403173
,2023-04-28,48762.0,C CL FUNDICAO PAVANELLI,Consumidor Livre,SUDESTE,15.12,4.10571
,2023-04-29,48762.0,C CL FUNDICAO PAVANELLI,Consumidor Livre,SUDESTE,15.12,0.118532
,2023-04-30,48762.0,C CL FUNDICAO PAVANELLI,Consumidor Livre,SUDESTE,15.12,0.074217
,2023-05-01,48762.0,C CL FUNDICAO PAVANELLI,Consumidor Livre,SUDESTE,15.12,0.071562
,2023-05-02,48762.0,C CL FUNDICAO PAVANELLI,Consumidor Livre,SUDESTE,15.12,0.329534
,2023-05-03,48762.0,C CL FUNDICAO PAVANELLI,Consumidor Livre,SUDESTE,15.12,3.820058
,2023-05-04,48762.0,C CL FUNDICAO PAVANELLI,Consumidor Livre,SUDESTE,15.12,3.949107
,2023-05-05,48762.0,C CL FUNDICAO PAVANELLI,Consumidor Livre,SUDESTE,15.12,0.383014
,2023-05-06,48762.0,C CL FUNDICAO PAVANELLI,Consumidor Livre,SUDESTE,15.12,0.080962
,2023-05-07,48762.0,C CL FUNDICAO PAVANELLI,Consumidor Livre,SUDESTE,15.12,0.071907
,2023-05-08,48762.0,C CL FUNDICAO PAVANELLI,Consumidor Livre,SUDESTE,15.12,3.926815
,2023-05-09,48762.0,C CL FUNDICAO PAVANELLI,Consumidor Livre,SUDESTE,15.12,0.375645
,2023-05-10,48762.0,C CL FUNDICAO PAVANELLI,Consumidor Livre,SUDESTE,15.12,4.766784
,2023-05-11,48762.0,C CL FUNDICAO PAVANELLI,Consumidor Livre,SUDESTE,15.12,3.481526
,2023-05-12,48762.0,C CL FUNDICAO PAVANELLI,Consumidor Livre,SUDESTE,15.12,3.296093
,2023-05-13,48762.0,C CL FUNDICAO PAVANELLI,Consumidor Livre,SUDESTE,15.12,0.115917
,2023-05-14,48762.0,C CL FUNDICAO PAVANELLI,Consumidor Livre,SUDESTE,15.12,0.071719
,2023-05-15,48762.0,C CL FUNDICAO PAVANELLI,Consumidor Livre,SUDESTE,15.12,0.074967
,2023-05-16,48762.0,C CL FUNDICAO PAVANELLI,Consumidor Livre,SUDESTE,15.12,0.404521
,2023-05-17,48762.0,C CL FUNDICAO PAVANELLI,Consumidor Livre,SUDESTE,15.12,4.534678
,2023-05-18,48762.0,C CL FUNDICAO PAVANELLI,Consumidor Livre,SUDESTE,15.12,3.503117
,2023-05-19,48762.0,C CL FUNDICAO PAVANELLI,Consumidor Livre,SUDESTE,15.12,0.5133019999999999
,2023-05-20,48762.0,C CL FUNDICAO PAVANELLI,Consumidor Livre,SUDESTE,15.12,0.090921
,2023-05-21,48762.0,C CL FUNDICAO PAVANELLI,Consumidor Livre,SUDESTE,15.12,0.069029
,2023-05-22,48762.0,C CL FUNDICAO PAVANELLI,Consumidor Livre,SUDESTE,15.12,4.623951
,2023-05-23,48762.0,C CL FUNDICAO PAVANELLI,Consumidor Livre,SUDESTE,15.12,4.1779660000000005
,2023-05-24,48762.0,C CL FUNDICAO PAVANELLI,Consumidor Livre,SUDESTE,15.12,4.030204
,2023-05-25,48762.0,C CL FUNDICAO PAVANELLI,Consumidor Livre,SUDESTE,15.12,3.329356
,2023-05-26,48762.0,C CL FUNDICAO PAVANELLI,Consumidor Livre,SUDESTE,15.12,0.5141249999999999
,2023-05-27,48762.0,C CL FUNDICAO PAVANELLI,Consumidor Livre,SUDESTE,15.12,0.13504
,2023-05-28,48762.0,C CL FUNDICAO PAVANELLI,Consumidor Livre,SUDESTE,15.12,0.074681
,2023-05-29,48762.0,C CL FUNDICAO PAVANELLI,Consumidor Livre,SUDESTE,15.12,4.748186
,2023-05-30,48762.0,C CL FUNDICAO PAVANELLI,Consumidor Livre,SUDESTE,15.12,0.451793
,2023-05-31,48762.0,C CL FUNDICAO PAVANELLI,Consumidor Livre,SUDESTE,15.12,4.709888
,2023-06-01,48762.0,C CL FUNDICAO PAVANELLI,Consumidor Livre,SUDESTE,15.12,4.14612
,2023-06-02,48762.0,C CL FUNDICAO PAVANELLI,Consumidor Livre,SUDESTE,15.12,0.406515
,2023-06-03,48762.0,C CL FUNDICAO PAVANELLI,Consumidor Livre,SUDESTE,15.12,0.080475
,2023-06-04,48762.0,C CL FUNDICAO PAVANELLI,Consumidor Livre,SUDESTE,15.12,0.102144
,2023-06-05,48762.0,C CL FUNDICAO PAVANELLI,Consumidor Livre,SUDESTE,15.12,4.406317
,2023-06-06,48762.0,C CL FUNDICAO PAVANELLI,Consumidor Livre,SUDESTE,15.12,3.368789
,2023-06-07,48762.0,C CL FUNDICAO PAVANELLI,Consumidor Livre,SUDESTE,15.12,3.3608390000000004
,2023-06-08,48762.0,C CL FUNDICAO PAVANELLI,Consumidor Livre,SUDESTE,15.12,0.135176
,2023-06-09,48762.0,C CL FUNDICAO PAVANELLI,Consumidor Livre,SUDESTE,15.12,0.067078
,2023-06-10,48762.0,C CL FUNDICAO PAVANELLI,Consumidor Livre,SUDESTE,15.12,0.071547
,2023-06-11,48762.0,C CL FUNDICAO PAVANELLI,Consumidor Livre,SUDESTE,15.12,0.072393
,2023-06-12,48762.0,C CL FUNDICAO PAVANELLI,Consumidor Livre,SUDESTE,15.12,0.39541
,2023-06-13,48762.0,C CL FUNDICAO PAVANELLI,Consumidor Livre,SUDESTE,15.12,4.613643
,2023-06-14,48762.0,C CL FUNDICAO PAVANELLI,Consumidor Livre,SUDESTE,15.12,2.557591
,2023-06-15,48762.0,C CL FUNDICAO PAVANELLI,Consumidor Livre,SUDESTE,15.12,4.766741000000001
,2023-06-16,48762.0,C CL FUNDICAO PAVANELLI,Consumidor Livre,SUDESTE,15.12,0.46894
,2023-06-17,48762.0,C CL FUNDICAO PAVANELLI,Consumidor Livre,SUDESTE,15.12,0.099028
,2023-06-18,48762.0,C CL FUNDICAO PAVANELLI,Consumidor Livre,SUDESTE,15.12,0.073578
,2023-06-19,48762.0,C CL FUNDICAO PAVANELLI,Consumidor Livre,SUDESTE,15.12,4.541155
,2023-06-20,48762.0,C CL FUNDICAO PAVANELLI,Consumidor Livre,SUDESTE,15.12,4.020415
,2023-06-21,48762.0,C CL FUNDICAO PAVANELLI,Consumidor Livre,SUDESTE,15.12,3.3919
,2023-06-22,48762.0,C CL FUNDICAO PAVANELLI,Consumidor Livre,SUDESTE,15.12,3.335428
,2023-06-23,48762.0,C CL FUNDICAO PAVANELLI,Consumidor Livre,SUDESTE,15.12,0.435224
,2023-06-24,48762.0,C CL FUNDICAO PAVANELLI,Consumidor Livre,SUDESTE,15.12,0.0912309999999999
,2023-06-25,48762.0,C CL FUNDICAO PAVANELLI,Consumidor Livre,SUDESTE,15.12,0.071962
,2023-06-26,48762.0,C CL FUNDICAO PAVANELLI,Consumidor Livre,SUDESTE,15.12,4.524365
,2023-06-27,48762.0,C CL FUNDICAO PAVANELLI,Consumidor Livre,SUDESTE,15.12,3.504607
,2023-06-28,48762.0,C CL FUNDICAO PAVANELLI,Consumidor Livre,SUDESTE,15.12,0.4691269999999999
,2023-06-29,48762.0,C CL FUNDICAO PAVANELLI,Consumidor Livre,SUDESTE,15.12,4.881573
,2023-06-30,48762.0,C CL FUNDICAO PAVANELLI,Consumidor Livre,SUDESTE,15.12,0.493703
,2023-07-01,48762.0,C CL FUNDICAO PAVANELLI,Consumidor Livre,SUDESTE,15.12,0.096773
,2023-07-02,48762.0,C CL FUNDICAO PAVANELLI,Consumidor Livre,SUDESTE,15.12,0.072481
,2023-07-03,48762.0,C CL FUNDICAO PAVANELLI,Consumidor Livre,SUDESTE,15.12,4.677337
,2023-07-04,48762.0,C CL FUNDICAO PAVANELLI,Consumidor Livre,SUDESTE,15.12,4.030526
,2023-07-05,48762.0,C CL FUNDICAO PAVANELLI,Consumidor Livre,SUDESTE,15.12,3.387482
,2023-07-06,48762.0,C CL FUNDICAO PAVANELLI,Consumidor Livre,SUDESTE,15.12,3.537497
,2023-07-07,48762.0,C CL FUNDICAO PAVANELLI,Consumidor Livre,SUDESTE,15.12,0.422186
,2023-07-08,48762.0,C CL FUNDICAO PAVANELLI,Consumidor Livre,SUDESTE,15.12,0.086951
,2023-07-09,48762.0,C CL FUNDICAO PAVANELLI,Consumidor Livre,SUDESTE,15.12,0.073319
,2023-07-10,48762.0,C CL FUNDICAO PAVANELLI,Consumidor Livre,SUDESTE,15.12,4.544434
,2023-07-11,48762.0,C CL FUNDICAO PAVANELLI,Consumidor Livre,SUDESTE,15.12,4.002933
,2023-07-12,48762.0,C CL FUNDICAO PAVANELLI,Consumidor Livre,SUDESTE,15.12,4.051582
,2023-07-13,48762.0,C CL FUNDICAO PAVANELLI,Consumidor Livre,SUDESTE,15.12,4.043393
,2023-07-14,48762.0,C CL FUNDICAO PAVANELLI,Consumidor Livre,SUDESTE,15.12,0.42159
,2023-07-15,48762.0,C CL FUNDICAO PAVANELLI,Consumidor Livre,SUDESTE,15.12,0.08298
,2023-07-16,48762.0,C CL FUNDICAO PAVANELLI,Consumidor Livre,SUDESTE,15.12,0.072397
,2023-07-17,48762.0,C CL FUNDICAO PAVANELLI,Consumidor Livre,SUDESTE,15.12,4.474702
,2023-07-18,48762.0,C CL FUNDICAO PAVANELLI,Consumidor Livre,SUDESTE,15.12,4.047021
,2023-07-19,48762.0,C CL FUNDICAO PAVANELLI,Consumidor Livre,SUDESTE,15.12,3.387211
,2023-07-20,48762.0,C CL FUNDICAO PAVANELLI,Consumidor Livre,SUDESTE,15.12,3.360307
,2023-07-21,48762.0,C CL FUNDICAO PAVANELLI,Consumidor Livre,SUDESTE,15.12,0.409221
,2023-07-22,48762.0,C CL FUNDICAO PAVANELLI,Consumidor Livre,SUDESTE,15.12,0.150098
,2023-07-23,48762.0,C CL FUNDICAO PAVANELLI,Consumidor Livre,SUDESTE,15.12,0.072859
,2023-07-24,48762.0,C CL FUNDICAO PAVANELLI,Consumidor Livre,SUDESTE,15.12,4.549903
,2023-07-25,48762.0,C CL FUNDICAO PAVANELLI,Consumidor Livre,SUDESTE,15.12,4.0433520000000005
,2023-07-26,48762.0,C CL FUNDICAO PAVANELLI,Consumidor Livre,SUDESTE,15.12,3.980678
,2023-07-27,48762.0,C CL FUNDICAO PAVANELLI,Consumidor Livre,SUDESTE,15.12,3.890723
,2023-07-28,48762.0,C CL FUNDICAO PAVANELLI,Consumidor Livre,SUDESTE,15.12,0.460488
,2023-07-29,48762.0,C CL FUNDICAO PAVANELLI,Consumidor Livre,SUDESTE,15.12,0.081303
,2023-07-30,48762.0,C CL FUNDICAO PAVANELLI,Consumidor Livre,SUDESTE,15.12,0.073263
,2023-07-31,48762.0,C CL FUNDICAO PAVANELLI,Consumidor Livre,SUDESTE,15.12,4.40715
,2023-08-01,48762.0,C CL FUNDICAO PAVANELLI,Consumidor Livre,SUDESTE,15.12,3.328341
,2023-08-02,48762.0,C CL FUNDICAO PAVANELLI,Consumidor Livre,SUDESTE,15.12,2.660405
,2023-08-03,48762.0,C CL FUNDICAO PAVANELLI,Consumidor Livre,SUDESTE,15.12,3.823543
,2023-08-04,48762.0,C CL FUNDICAO PAVANELLI,Consumidor Livre,SUDESTE,15.12,0.432431
,2023-08-05,48762.0,C CL FUNDICAO PAVANELLI,Consumidor Livre,SUDESTE,15.12,0.080264
,2023-08-06,48762.0,C CL FUNDICAO PAVANELLI,Consumidor Livre,SUDESTE,15.12,0.074083
,2023-08-07,48762.0,C CL FUNDICAO PAVANELLI,Consumidor Livre,SUDESTE,15.12,4.336454
,2023-08-08,48762.0,C CL FUNDICAO PAVANELLI,Consumidor Livre,SUDESTE,15.12,0.48807
,2023-08-09,48762.0,C CL FUNDICAO PAVANELLI,Consumidor Livre,SUDESTE,15.12,4.475233
,2023-08-10,48762.0,C CL FUNDICAO PAVANELLI,Consumidor Livre,SUDESTE,15.12,4.619116
,2023-08-11,48762.0,C CL FUNDICAO PAVANELLI,Consumidor Livre,SUDESTE,15.12,0.506603
,2023-08-12,48762.0,C CL FUNDICAO PAVANELLI,Consumidor Livre,SUDESTE,15.12,0.081936
,2023-08-13,48762.0,C CL FUNDICAO PAVANELLI,Consumidor Livre,SUDESTE,15.12,0.072985
,2023-08-14,48762.0,C CL FUNDICAO PAVANELLI,Consumidor Livre,SUDESTE,15.12,4.429214
,2023-08-15,48762.0,C CL FUNDICAO PAVANELLI,Consumidor Livre,SUDESTE,15.12,0.572416
,2023-08-16,48762.0,C CL FUNDICAO PAVANELLI,Consumidor Livre,SUDESTE,15.12,4.476837
,2023-08-17,48762.0,C CL FUNDICAO PAVANELLI,Consumidor Livre,SUDESTE,15.12,5.25469
,2023-08-18,48762.0,C CL FUNDICAO PAVANELLI,Consumidor Livre,SUDESTE,15.12,0.470059
,2023-08-19,48762.0,C CL FUNDICAO PAVANELLI,Consumidor Livre,SUDESTE,15.12,0.079807
,2023-08-20,48762.0,C CL FUNDICAO PAVANELLI,Consumidor Livre,SUDESTE,15.12,0.075692
,2023-08-21,48762.0,C CL FUNDICAO PAVANELLI,Consumidor Livre,SUDESTE,15.12,4.502103
,2023-08-22,48762.0,C CL FUNDICAO PAVANELLI,Consumidor Livre,SUDESTE,15.12,3.953895
,2023-08-23,48762.0,C CL FUNDICAO PAVANELLI,Consumidor Livre,SUDESTE,15.12,3.185047
,2023-08-24,48762.0,C CL FUNDICAO PAVANELLI,Consumidor Livre,SUDESTE,15.12,3.845235
,2023-08-25,48762.0,C CL FUNDICAO PAVANELLI,Consumidor Livre,SUDESTE,15.12,0.423467
,2023-08-26,48762.0,C CL FUNDICAO PAVANELLI,Consumidor Livre,SUDESTE,15.12,0.083132
,2023-08-27,48762.0,C CL FUNDICAO PAVANELLI,Consumidor Livre,SUDESTE,15.12,0.071096
,2023-08-28,48762.0,C CL FUNDICAO PAVANELLI,Consumidor Livre,SUDESTE,15.12,4.416727
,2023-08-29,48762.0,C CL FUNDICAO PAVANELLI,Consumidor Livre,SUDESTE,15.12,2.690957
,2023-08-30,48762.0,C CL FUNDICAO PAVANELLI,Consumidor Livre,SUDESTE,15.12,3.298432
,2023-08-31,48762.0,C CL FUNDICAO PAVANELLI,Consumidor Livre,SUDESTE,15.12,3.902024
,2023-09-01,48762.0,C CL FUNDICAO PAVANELLI,Consumidor Livre,SUDESTE,15.12,0.421014
,2023-09-02,48762.0,C CL FUNDICAO PAVANELLI,Consumidor Livre,SUDESTE,15.12,0.082111
,2023-09-03,48762.0,C CL FUNDICAO PAVANELLI,Consumidor Livre,SUDESTE,15.12,0.074222
,2023-09-04,48762.0,C CL FUNDICAO PAVANELLI,Consumidor Livre,SUDESTE,15.12,4.503646
,2023-09-05,48762.0,C CL FUNDICAO PAVANELLI,Consumidor Livre,SUDESTE,15.12,3.997169
,2023-09-06,48762.0,C CL FUNDICAO PAVANELLI,Consumidor Livre,SUDESTE,15.12,4.277769
,2023-09-07,48762.0,C CL FUNDICAO PAVANELLI,Consumidor Livre,SUDESTE,15.12,0.10967
,2023-09-08,48762.0,C CL FUNDICAO PAVANELLI,Consumidor Livre,SUDESTE,15.12,0.068316
,2023-09-09,48762.0,C CL FUNDICAO PAVANELLI,Consumidor Livre,SUDESTE,15.12,0.071677
,2023-09-10,48762.0,C CL FUNDICAO PAVANELLI,Consumidor Livre,SUDESTE,15.12,0.070878
,2023-09-11,48762.0,C CL FUNDICAO PAVANELLI,Consumidor Livre,SUDESTE,15.12,0.409523
,2023-09-12,48762.0,C CL FUNDICAO PAVANELLI,Consumidor Livre,SUDESTE,15.12,4.545963
,2023-09-13,48762.0,C CL FUNDICAO PAVANELLI,Consumidor Livre,SUDESTE,15.12,3.870781
,2023-09-14,48762.0,C CL FUNDICAO PAVANELLI,Consumidor Livre,SUDESTE,15.12,3.946712
,2023-09-15,48762.0,C CL FUNDICAO PAVANELLI,Consumidor Livre,SUDESTE,15.12,0.429448
,2023-09-16,48762.0,C CL FUNDICAO PAVANELLI,Consumidor Livre,SUDESTE,15.12,0.079024
,2023-09-17,48762.0,C CL FUNDICAO PAVANELLI,Consumidor Livre,SUDESTE,15.12,0.069381
,2023-09-18,48762.0,C CL FUNDICAO PAVANELLI,Consumidor Livre,SUDESTE,15.12,4.562201
,2023-09-19,48762.0,C CL FUNDICAO PAVANELLI,Consumidor Livre,SUDESTE,15.12,3.962131
,2023-09-20,48762.0,C CL FUNDICAO PAVANELLI,Consumidor Livre,SUDESTE,15.12,3.371548
,2023-09-21,48762.0,C CL FUNDICAO PAVANELLI,Consumidor Livre,SUDESTE,15.12,3.978679
,2023-09-22,48762.0,C CL FUNDICAO PAVANELLI,Consumidor Livre,SUDESTE,15.12,0.441271
,2023-09-23,48762.0,C CL FUNDICAO PAVANELLI,Consumidor Livre,SUDESTE,15.12,0.082844
,2023-09-24,48762.0,C CL FUNDICAO PAVANELLI,Consumidor Livre,SUDESTE,15.12,0.071147
,2023-09-25,48762.0,C CL FUNDICAO PAVANELLI,Consumidor Livre,SUDESTE,15.12,4.561647
,2023-09-26,48762.0,C CL FUNDICAO PAVANELLI,Consumidor Livre,SUDESTE,15.12,3.988672
,2023-09-27,48762.0,C CL FUNDICAO PAVANELLI,Consumidor Livre,SUDESTE,15.12,3.320197
,2023-09-28,48762.0,C CL FUNDICAO PAVANELLI,Consumidor Livre,SUDESTE,15.12,3.891834
,2023-09-29,48762.0,C CL FUNDICAO PAVANELLI,Consumidor Livre,SUDESTE,15.12,0.411303
,2023-09-30,48762.0,C CL FUNDICAO PAVANELLI,Consumidor Livre,SUDESTE,15.12,0.078787
,2023-10-01,48762.0,C CL FUNDICAO PAVANELLI,Consumidor Livre,SUDESTE,15.12,0.068965
,2023-10-02,48762.0,C CL FUNDICAO PAVANELLI,Consumidor Livre,SUDESTE,15.12,4.453705
,2023-10-03,48762.0,C CL FUNDICAO PAVANELLI,Consumidor Livre,SUDESTE,15.12,3.24054
,2023-10-04,48762.0,C CL FUNDICAO PAVANELLI,Consumidor Livre,SUDESTE,15.12,3.329056
,2023-10-05,48762.0,C CL FUNDICAO PAVANELLI,Consumidor Livre,SUDESTE,15.12,3.462902
,2023-10-06,48762.0,C CL FUNDICAO PAVANELLI,Consumidor Livre,SUDESTE,15.12,0.433672
,2023-10-07,48762.0,C CL FUNDICAO PAVANELLI,Consumidor Livre,SUDESTE,15.12,0.076681
,2023-10-08,48762.0,C CL FUNDICAO PAVANELLI,Consumidor Livre,SUDESTE,15.12,0.090806
,2023-10-09,48762.0,C CL FUNDICAO PAVANELLI,Consumidor Livre,SUDESTE,15.12,4.751754
,2023-10-10,48762.0,C CL FUNDICAO PAVANELLI,Consumidor Livre,SUDESTE,15.12,3.292398
,2023-10-11,48762.0,C CL FUNDICAO PAVANELLI,Consumidor Livre,SUDESTE,15.12,3.764323
,2023-10-12,48762.0,C CL FUNDICAO PAVANELLI,Consumidor Livre,SUDESTE,15.12,0.121341
,2023-10-13,48762.0,C CL FUNDICAO PAVANELLI,Consumidor Livre,SUDESTE,15.12,0.067526
,2023-10-14,48762.0,C CL FUNDICAO PAVANELLI,Consumidor Livre,SUDESTE,15.12,0.068898
,2023-10-15,48762.0,C CL FUNDICAO PAVANELLI,Consumidor Livre,SUDESTE,15.12,0.0688469999999999
,2023-10-16,48762.0,C CL FUNDICAO PAVANELLI,Consumidor Livre,SUDESTE,15.12,0.391797
,2023-10-17,48762.0,C CL FUNDICAO PAVANELLI,Consumidor Livre,SUDESTE,15.12,4.555969999999999
,2023-10-18,48762.0,C CL FUNDICAO PAVANELLI,Consumidor Livre,SUDESTE,15.12,3.299029
,2023-10-19,48762.0,C CL FUNDICAO PAVANELLI,Consumidor Livre,SUDESTE,15.12,3.924161
,2023-10-20,48762.0,C CL FUNDICAO PAVANELLI,Consumidor Livre,SUDESTE,15.12,0.434163
,2023-10-21,48762.0,C CL FUNDICAO PAVANELLI,Consumidor Livre,SUDESTE,15.12,0.078359
,2023-10-22,48762.0,C CL FUNDICAO PAVANELLI,Consumidor Livre,SUDESTE,15.12,0.070593
,2023-10-23,48762.0,C CL FUNDICAO PAVANELLI,Consumidor Livre,SUDESTE,15.12,4.495225
,2023-10-24,48762.0,C CL FUNDICAO PAVANELLI,Consumidor Livre,SUDESTE,15.12,2.754869
,2023-10-25,48762.0,C CL FUNDICAO PAVANELLI,Consumidor Livre,SUDESTE,15.12,2.807594
,2023-10-26,48762.0,C CL FUNDICAO PAVANELLI,Consumidor Livre,SUDESTE,15.12,3.837171
,2023-10-27,48762.0,C CL FUNDICAO PAVANELLI,Consumidor Livre,SUDESTE,15.12,3.575011
,2023-10-28,48762.0,C CL FUNDICAO PAVANELLI,Consumidor Livre,SUDESTE,15.12,0.350571
,2023-10-29,48762.0,C CL FUNDICAO PAVANELLI,Consumidor Livre,SUDESTE,15.12,0.069733
,2023-10-30,48762.0,C CL FUNDICAO PAVANELLI,Consumidor Livre,SUDESTE,15.12,4.546348
,2023-10-31,48762.0,C CL FUNDICAO PAVANELLI,Consumidor Livre,SUDESTE,15.12,3.90659
,2023-11-01,48762.0,C CL FUNDICAO PAVANELLI,Consumidor Livre,SUDESTE,15.12,3.797689
,2023-11-02,48762.0,C CL FUNDICAO PAVANELLI,Consumidor Livre,SUDESTE,15.12,0.11886
,2023-11-03,48762.0,C CL FUNDICAO PAVANELLI,Consumidor Livre,SUDESTE,15.12,0.070328
,2023-11-04,48762.0,C CL FUNDICAO PAVANELLI,Consumidor Livre,SUDESTE,15.12,0.069603
,2023-11-05,48762.0,C CL FUNDICAO PAVANELLI,Consumidor Livre,SUDESTE,15.12,0.068304
,2023-11-06,48762.0,C CL FUNDICAO PAVANELLI,Consumidor Livre,SUDESTE,15.12,0.415633
,2023-11-07,48762.0,C CL FUNDICAO PAVANELLI,Consumidor Livre,SUDESTE,15.12,4.405351
,2023-11-08,48762.0,C CL FUNDICAO PAVANELLI,Consumidor Livre,SUDESTE,15.12,3.421941
,2023-11-09,48762.0,C CL FUNDICAO PAVANELLI,Consumidor Livre,SUDESTE,15.12,2.649753
,2023-11-10,48762.0,C CL FUNDICAO PAVANELLI,Consumidor Livre,SUDESTE,15.12,2.574815
,2023-11-11,48762.0,C CL FUNDICAO PAVANELLI,Consumidor Livre,SUDESTE,15.12,0.254375
,2023-11-12,48762.0,C CL FUNDICAO PAVANELLI,Consumidor Livre,SUDESTE,15.12,0.106672
,2023-11-13,48762.0,C CL FUNDICAO PAVANELLI,Consumidor Livre,SUDESTE,15.12,4.710691
,2023-11-14,48762.0,C CL FUNDICAO PAVANELLI,Consumidor Livre,SUDESTE,15.12,3.906746
,2023-11-15,48762.0,C CL FUNDICAO PAVANELLI,Consumidor Livre,SUDESTE,15.12,3.265752
,2023-11-16,48762.0,C CL FUNDICAO PAVANELLI,Consumidor Livre,SUDESTE,15.12,3.291189
,2023-11-17,48762.0,C CL FUNDICAO PAVANELLI,Consumidor Livre,SUDESTE,15.12,3.357198
,2023-11-18,48762.0,C CL FUNDICAO PAVANELLI,Consumidor Livre,SUDESTE,15.12,0.322495
,2023-11-19,48762.0,C CL FUNDICAO PAVANELLI,Consumidor Livre,SUDESTE,15.12,0.069227
,2023-11-20,48762.0,C CL FUNDICAO PAVANELLI,Consumidor Livre,SUDESTE,15.12,4.554912000000001
,2023-11-21,48762.0,C CL FUNDICAO PAVANELLI,Consumidor Livre,SUDESTE,15.12,3.980857
,2023-11-22,48762.0,C CL FUNDICAO PAVANELLI,Consumidor Livre,SUDESTE,15.12,4.016776
,2023-11-23,48762.0,C CL FUNDICAO PAVANELLI,Consumidor Livre,SUDESTE,15.12,4.010175
,2023-11-24,48762.0,C CL FUNDICAO PAVANELLI,Consumidor Livre,SUDESTE,15.12,2.777805
,2023-11-25,48762.0,C CL FUNDICAO PAVANELLI,Consumidor Livre,SUDESTE,15.12,0.307174
,2023-11-26,48762.0,C CL FUNDICAO PAVANELLI,Consumidor Livre,SUDESTE,15.12,0.068204
,2023-11-27,48762.0,C CL FUNDICAO PAVANELLI,Consumidor Livre,SUDESTE,15.12,4.382054
,2023-11-28,48762.0,C CL FUNDICAO PAVANELLI,Consumidor Livre,SUDESTE,15.12,3.363503
,2023-11-29,48762.0,C CL FUNDICAO PAVANELLI,Consumidor Livre,SUDESTE,15.12,3.926414
,2023-11-30,48762.0,C CL FUNDICAO PAVANELLI,Consumidor Livre,SUDESTE,15.12,3.895966
,2023-12-01,48762.0,C CL FUNDICAO PAVANELLI,Consumidor Livre,SUDESTE,15.12,3.315909
,2023-12-02,48762.0,C CL FUNDICAO PAVANELLI,Consumidor Livre,SUDESTE,15.12,0.288869
,2023-12-03,48762.0,C CL FUNDICAO PAVANELLI,Consumidor Livre,SUDESTE,15.12,0.070251
,2023-12-04,48762.0,C CL FUNDICAO PAVANELLI,Consumidor Livre,SUDESTE,15.12,3.72482
,2023-12-05,48762.0,C CL FUNDICAO PAVANELLI,Consumidor Livre,SUDESTE,15.12,3.958333
,2023-12-06,48762.0,C CL FUNDICAO PAVANELLI,Consumidor Livre,SUDESTE,15.12,3.920132
,2023-12-07,48762.0,C CL FUNDICAO PAVANELLI,Consumidor Livre,SUDESTE,15.12,3.818505
,2023-12-08,48762.0,C CL FUNDICAO PAVANELLI,Consumidor Livre,SUDESTE,15.12,2.683361
,2023-12-09,48762.0,C CL FUNDICAO PAVANELLI,Consumidor Livre,SUDESTE,15.12,0.306627
,2023-12-10,48762.0,C CL FUNDICAO PAVANELLI,Consumidor Livre,SUDESTE,15.12,0.068802
,2023-12-11,48762.0,C CL FUNDICAO PAVANELLI,Consumidor Livre,SUDESTE,15.12,1.84563
,2023-12-12,48762.0,C CL FUNDICAO PAVANELLI,Consumidor Livre,SUDESTE,15.12,4.557582
,2023-12-13,48762.0,C CL FUNDICAO PAVANELLI,Consumidor Livre,SUDESTE,15.12,3.394549
,2023-12-14,48762.0,C CL FUNDICAO PAVANELLI,Consumidor Livre,SUDESTE,15.12,4.766452
,2023-12-15,48762.0,C CL FUNDICAO PAVANELLI,Consumidor Livre,SUDESTE,15.12,0.393869
,2023-12-16,48762.0,C CL FUNDICAO PAVANELLI,Consumidor Livre,SUDESTE,15.12,0.080153
,2023-12-17,48762.0,C CL FUNDICAO PAVANELLI,Consumidor Livre,SUDESTE,15.12,0.070066
,2023-12-18,48762.0,C CL FUNDICAO PAVANELLI,Consumidor Livre,SUDESTE,15.12,0.065316
,2023-12-19,48762.0,C CL FUNDICAO PAVANELLI,Consumidor Livre,SUDESTE,15.12,0.06865
,2023-12-20,48762.0,C CL FUNDICAO PAVANELLI,Consumidor Livre,SUDESTE,15.12,0.068154
,2023-12-21,48762.0,C CL FUNDICAO PAVANELLI,Consumidor Livre,SUDESTE,15.12,0.068227
,2023-12-22,48762.0,C CL FUNDICAO PAVANELLI,Consumidor Livre,SUDESTE,15.12,0.067926
,2023-12-23,48762.0,C CL FUNDICAO PAVANELLI,Consumidor Livre,SUDESTE,15.12,0.069631
,2023-12-24,48762.0,C CL FUNDICAO PAVANELLI,Consumidor Livre,SUDESTE,15.12,0.070803
,2023-12-25,48762.0,C CL FUNDICAO PAVANELLI,Consumidor Livre,SUDESTE,15.12,0.070642
,2023-12-26,48762.0,C CL FUNDICAO PAVANELLI,Consumidor Livre,SUDESTE,15.12,0.072342
,2023-12-27,48762.0,C CL FUNDICAO PAVANELLI,Consumidor Livre,SUDESTE,15.12,0.070888
,2023-12-28,48762.0,C CL FUNDICAO PAVANELLI,Consumidor Livre,SUDESTE,15.12,0.069854
,2023-12-29,48762.0,C CL FUNDICAO PAVANELLI,Consumidor Livre,SUDESTE,15.12,0.07158
,2023-12-30,48762.0,C CL FUNDICAO PAVANELLI,Consumidor Livre,SUDESTE,15.12,0.071278
,2023-12-31,48762.0,C CL FUNDICAO PAVANELLI,Consumidor Livre,SUDESTE,15.12,0.070461
,2024-01-01,48762.0,C CL FUNDICAO PAVANELLI,Consumidor Livre,SUDESTE,15.12,0.070863
,2024-01-02,48762.0,C CL FUNDICAO PAVANELLI,Consumidor Livre,SUDESTE,15.12,0.068889
,2024-01-03,48762.0,C CL FUNDICAO PAVANELLI,Consumidor Livre,SUDESTE,15.12,0.069225
,2024-01-04,48762.0,C CL FUNDICAO PAVANELLI,Consumidor Livre,SUDESTE,15.12,0.067034
,2024-01-05,48762.0,C CL FUNDICAO PAVANELLI,Consumidor Livre,SUDESTE,15.12,0.067632
,2024-01-06,48762.0,C CL FUNDICAO PAVANELLI,Consumidor Livre,SUDESTE,15.12,0.069053
,2024-01-07,48762.0,C CL FUNDICAO PAVANELLI,Consumidor Livre,SUDESTE,15.12,0.071128
,2024-01-08,48762.0,C CL FUNDICAO PAVANELLI,Consumidor Livre,SUDESTE,15.12,0.302549
,2024-01-09,48762.0,C CL FUNDICAO PAVANELLI,Consumidor Livre,SUDESTE,15.12,4.341028
,2024-01-10,48762.0,C CL FUNDICAO PAVANELLI,Consumidor Livre,SUDESTE,15.12,3.739483
,2024-01-11,48762.0,C CL FUNDICAO PAVANELLI,Consumidor Livre,SUDESTE,15.12,3.969999
,2024-01-12,48762.0,C CL FUNDICAO PAVANELLI,Consumidor Livre,SUDESTE,15.12,0.463501
,2024-01-13,48762.0,C CL FUNDICAO PAVANELLI,Consumidor Livre,SUDESTE,15.12,0.097239
,2024-01-14,48762.0,C CL FUNDICAO PAVANELLI,Consumidor Livre,SUDESTE,15.12,0.069766
,2024-01-15,48762.0,C CL FUNDICAO PAVANELLI,Consumidor Livre,SUDESTE,15.12,4.3932020000000005
,2024-01-16,48762.0,C CL FUNDICAO PAVANELLI,Consumidor Livre,SUDESTE,15.12,4.361591
,2024-01-17,48762.0,C CL FUNDICAO PAVANELLI,Consumidor Livre,SUDESTE,15.12,3.230924
,2024-01-18,48762.0,C CL FUNDICAO PAVANELLI,Consumidor Livre,SUDESTE,15.12,3.328536
,2024-01-19,48762.0,C CL FUNDICAO PAVANELLI,Consumidor Livre,SUDESTE,15.12,2.686394
,2024-01-20,48762.0,C CL FUNDICAO PAVANELLI,Consumidor Livre,SUDESTE,15.12,0.347357
,2024-01-21,48762.0,C CL FUNDICAO PAVANELLI,Consumidor Livre,SUDESTE,15.12,0.068463
,2024-01-22,48762.0,C CL FUNDICAO PAVANELLI,Consumidor Livre,SUDESTE,15.12,4.415464
,2024-01-23,48762.0,C CL FUNDICAO PAVANELLI,Consumidor Livre,SUDESTE,15.12,4.506235
,2024-01-24,48762.0,C CL FUNDICAO PAVANELLI,Consumidor Livre,SUDESTE,15.12,3.369578
,2024-01-25,48762.0,C CL FUNDICAO PAVANELLI,Consumidor Livre,SUDESTE,15.12,3.652507
,2024-01-26,48762.0,C CL FUNDICAO PAVANELLI,Consumidor Livre,SUDESTE,15.12,3.292355
,2024-01-27,48762.0,C CL FUNDICAO PAVANELLI,Consumidor Livre,SUDESTE,15.12,0.309677
,2024-01-28,48762.0,C CL FUNDICAO PAVANELLI,Consumidor Livre,SUDESTE,15.12,0.073148
,2024-01-29,48762.0,C CL FUNDICAO PAVANELLI,Consumidor Livre,SUDESTE,15.12,4.384346
,2024-01-30,48762.0,C CL FUNDICAO PAVANELLI,Consumidor Livre,SUDESTE,15.12,3.820469
,2024-01-31,48762.0,C CL FUNDICAO PAVANELLI,Consumidor Livre,SUDESTE,15.12,3.837548
,2024-02-01,48762.0,C CL FUNDICAO PAVANELLI,Consumidor Livre,SUDESTE,15.12,3.848889
,2024-02-02,48762.0,C CL FUNDICAO PAVANELLI,Consumidor Livre,SUDESTE,15.12,0.462245
,2024-02-03,48762.0,C CL FUNDICAO PAVANELLI,Consumidor Livre,SUDESTE,15.12,0.088797
,2024-02-04,48762.0,C CL FUNDICAO PAVANELLI,Consumidor Livre,SUDESTE,15.12,0.082982
,2024-02-05,48762.0,C CL FUNDICAO PAVANELLI,Consumidor Livre,SUDESTE,15.12,4.379421
,2024-02-06,48762.0,C CL FUNDICAO PAVANELLI,Consumidor Livre,SUDESTE,15.12,4.019264
,2024-02-07,48762.0,C CL FUNDICAO PAVANELLI,Consumidor Livre,SUDESTE,15.12,3.912393
,2024-02-08,48762.0,C CL FUNDICAO PAVANELLI,Consumidor Livre,SUDESTE,15.12,4.699379
,2024-02-09,48762.0,C CL FUNDICAO PAVANELLI,Consumidor Livre,SUDESTE,15.12,0.478828
,2024-02-10,48762.0,C CL FUNDICAO PAVANELLI,Consumidor Livre,SUDESTE,15.12,0.094563
,2024-02-11,48762.0,C CL FUNDICAO PAVANELLI,Consumidor Livre,SUDESTE,15.12,0.076676
,2024-02-12,48762.0,C CL FUNDICAO PAVANELLI,Consumidor Livre,SUDESTE,15.12,4.442553
,2024-02-13,48762.0,C CL FUNDICAO PAVANELLI,Consumidor Livre,SUDESTE,15.12,4.096491
,2024-02-14,48762.0,C CL FUNDICAO PAVANELLI,Consumidor Livre,SUDESTE,15.12,4.448709
,2024-02-15,48762.0,C CL FUNDICAO PAVANELLI,Consumidor Livre,SUDESTE,15.12,3.400052
,2024-02-16,48762.0,C CL FUNDICAO PAVANELLI,Consumidor Livre,SUDESTE,15.12,0.423779
,2024-02-17,48762.0,C CL FUNDICAO PAVANELLI,Consumidor Livre,SUDESTE,15.12,0.087502
,2024-02-18,48762.0,C CL FUNDICAO PAVANELLI,Consumidor Livre,SUDESTE,15.12,0.082358
,2024-02-19,48762.0,C CL FUNDICAO PAVANELLI,Consumidor Livre,SUDESTE,15.12,4.598083
,2024-02-20,48762.0,C CL FUNDICAO PAVANELLI,Consumidor Livre,SUDESTE,15.12,3.999087
,2024-02-21,48762.0,C CL FUNDICAO PAVANELLI,Consumidor Livre,SUDESTE,15.12,4.060478
,2024-02-22,48762.0,C CL FUNDICAO PAVANELLI,Consumidor Livre,SUDESTE,15.12,3.992318
,2024-02-23,48762.0,C CL FUNDICAO PAVANELLI,Consumidor Livre,SUDESTE,15.12,0.462995
,2024-02-24,48762.0,C CL FUNDICAO PAVANELLI,Consumidor Livre,SUDESTE,15.12,0.089181
,2024-02-25,48762.0,C CL FUNDICAO PAVANELLI,Consumidor Livre,SUDESTE,15.12,0.079167
,2024-02-26,48762.0,C CL FUNDICAO PAVANELLI,Consumidor Livre,SUDESTE,15.12,4.559934
,2024-02-27,48762.0,C CL FUNDICAO PAVANELLI,Consumidor Livre,SUDESTE,15.12,3.133696
,2024-02-28,48762.0,C CL FUNDICAO PAVANELLI,Consumidor Livre,SUDESTE,15.12,2.596594
,2024-02-29,48762.0,C CL FUNDICAO PAVANELLI,Consumidor Livre,SUDESTE,15.12,3.369206
202403.0,2024-03-01,48762.0,C CL FUNDICAO PAVANELLI,Consumidor Livre,SUDESTE,15.12,0.434194
202403.0,2024-03-02,48762.0,C CL FUNDICAO PAVANELLI,Consumidor Livre,SUDESTE,15.12,0.089404
202403.0,2024-03-03,48762.0,C CL FUNDICAO PAVANELLI,Consumidor Livre,SUDESTE,15.12,0.077856
202403.0,2024-03-04,48762.0,C CL FUNDICAO PAVANELLI,Consumidor Livre,SUDESTE,15.12,4.408627
202403.0,2024-03-05,48762.0,C CL FUNDICAO PAVANELLI,Consumidor Livre,SUDESTE,15.12,3.965811
202403.0,2024-03-06,48762.0,C CL FUNDICAO PAVANELLI,Consumidor Livre,SUDESTE,15.12,4.051129
202403.0,2024-03-07,48762.0,C CL FUNDICAO PAVANELLI,Consumidor Livre,SUDESTE,15.12,3.969057
202403.0,2024-03-08,48762.0,C CL FUNDICAO PAVANELLI,Consumidor Livre,SUDESTE,15.12,0.513808
202403.0,2024-03-09,48762.0,C CL FUNDICAO PAVANELLI,Consumidor Livre,SUDESTE,15.12,0.088407
202403.0,2024-03-10,48762.0,C CL FUNDICAO PAVANELLI,Consumidor Livre,SUDESTE,15.12,0.079431
202403.0,2024-03-11,48762.0,C CL FUNDICAO PAVANELLI,Consumidor Livre,SUDESTE,15.12,4.51883
202403.0,2024-03-12,48762.0,C CL FUNDICAO PAVANELLI,Consumidor Livre,SUDESTE,15.12,3.96015
202403.0,2024-03-13,48762.0,C CL FUNDICAO PAVANELLI,Consumidor Livre,SUDESTE,15.12,3.866329
202403.0,2024-03-14,48762.0,C CL FUNDICAO PAVANELLI,Consumidor Livre,SUDESTE,15.12,3.434512
202403.0,2024-03-15,48762.0,C CL FUNDICAO PAVANELLI,Consumidor Livre,SUDESTE,15.12,0.453605
202403.0,2024-03-16,48762.0,C CL FUNDICAO PAVANELLI,Consumidor Livre,SUDESTE,15.12,0.091096
202403.0,2024-03-17,48762.0,C CL FUNDICAO PAVANELLI,Consumidor Livre,SUDESTE,15.12,0.076443
202403.0,2024-03-18,48762.0,C CL FUNDICAO PAVANELLI,Consumidor Livre,SUDESTE,15.12,4.54732
202403.0,2024-03-19,48762.0,C CL FUNDICAO PAVANELLI,Consumidor Livre,SUDESTE,15.12,4.115158
202403.0,2024-03-20,48762.0,C CL FUNDICAO PAVANELLI,Consumidor Livre,SUDESTE,15.12,3.918232
202403.0,2024-03-21,48762.0,C CL FUNDICAO PAVANELLI,Consumidor Livre,SUDESTE,15.12,3.477959
202403.0,2024-03-22,48762.0,C CL FUNDICAO PAVANELLI,Consumidor Livre,SUDESTE,15.12,0.483664
202403.0,2024-03-23,48762.0,C CL FUNDICAO PAVANELLI,Consumidor Livre,SUDESTE,15.12,0.088726
202403.0,2024-03-24,48762.0,C CL FUNDICAO PAVANELLI,Consumidor Livre,SUDESTE,15.12,0.085711
202403.0,2024-03-25,48762.0,C CL FUNDICAO PAVANELLI,Consumidor Livre,SUDESTE,15.12,4.412123
202403.0,2024-03-26,48762.0,C CL FUNDICAO PAVANELLI,Consumidor Livre,SUDESTE,15.12,2.002969
202403.0,2024-03-27,48762.0,C CL FUNDICAO PAVANELLI,Consumidor Livre,SUDESTE,15.12,4.009147
202403.0,2024-03-28,48762.0,C CL FUNDICAO PAVANELLI,Consumidor Livre,SUDESTE,15.12,4.630179
202403.0,2024-03-29,48762.0,C CL FUNDICAO PAVANELLI,Consumidor Livre,SUDESTE,15.12,0.134062
202403.0,2024-03-30,48762.0,C CL FUNDICAO PAVANELLI,Consumidor Livre,SUDESTE,15.12,0.077461
202403.0,2024-03-31,48762.0,C CL FUNDICAO PAVANELLI,Consumidor Livre,SUDESTE,15.12,0.080165
202404.0,2024-04-01,48762.0,C CL FUNDICAO PAVANELLI,Consumidor Livre,SUDESTE,15.12,0.397445
202404.0,2024-04-02,48762.0,C CL FUNDICAO PAVANELLI,Consumidor Livre,SUDESTE,15.12,4.480091
202404.0,2024-04-03,48762.0,C CL FUNDICAO PAVANELLI,Consumidor Livre,SUDESTE,15.12,0.533801
202404.0,2024-04-04,48762.0,C CL FUNDICAO PAVANELLI,Consumidor Livre,SUDESTE,15.12,5.09547
202404.0,2024-04-05,48762.0,C CL FUNDICAO PAVANELLI,Consumidor Livre,SUDESTE,15.12,0.495011
202404.0,2024-04-06,48762.0,C CL FUNDICAO PAVANELLI,Consumidor Livre,SUDESTE,15.12,0.085732
202404.0,2024-04-07,48762.0,C CL FUNDICAO PAVANELLI,Consumidor Livre,SUDESTE,15.12,0.184829
202404.0,2024-04-08,48762.0,C CL FUNDICAO PAVANELLI,Consumidor Livre,SUDESTE,15.12,4.72231
202404.0,2024-04-09,48762.0,C CL FUNDICAO PAVANELLI,Consumidor Livre,SUDESTE,15.12,3.853931
202404.0,2024-04-10,48762.0,C CL FUNDICAO PAVANELLI,Consumidor Livre,SUDESTE,15.12,3.813708
202404.0,2024-04-11,48762.0,C CL FUNDICAO PAVANELLI,Consumidor Livre,SUDESTE,15.12,4.468725
202404.0,2024-04-12,48762.0,C CL FUNDICAO PAVANELLI,Consumidor Livre,SUDESTE,15.12,0.47719
202404.0,2024-04-13,48762.0,C CL FUNDICAO PAVANELLI,Consumidor Livre,SUDESTE,15.12,0.086498
202404.0,2024-04-14,48762.0,C CL FUNDICAO PAVANELLI,Consumidor Livre,SUDESTE,15.12,0.078389
202404.0,2024-04-15,48762.0,C CL FUNDICAO PAVANELLI,Consumidor Livre,SUDESTE,15.12,4.420629
202404.0,2024-04-16,48762.0,C CL FUNDICAO PAVANELLI,Consumidor Livre,SUDESTE,15.12,4.56532
202404.0,2024-04-17,48762.0,C CL FUNDICAO PAVANELLI,Consumidor Livre,SUDESTE,15.12,4.63354
202404.0,2024-04-18,48762.0,C CL FUNDICAO PAVANELLI,Consumidor Livre,SUDESTE,15.12,4.587284
202404.0,2024-04-19,48762.0,C CL FUNDICAO PAVANELLI,Consumidor Livre,SUDESTE,15.12,0.486791
202404.0,2024-04-20,48762.0,C CL FUNDICAO PAVANELLI,Consumidor Livre,SUDESTE,15.12,0.085995
202404.0,2024-04-21,48762.0,C CL FUNDICAO PAVANELLI,Consumidor Livre,SUDESTE,15.12,0.076767
202404.0,2024-04-22,48762.0,C CL FUNDICAO PAVANELLI,Consumidor Livre,SUDESTE,15.12,4.399435
202404.0,2024-04-23,48762.0,C CL FUNDICAO PAVANELLI,Consumidor Livre,SUDESTE,15.12,4.588628
202404.0,2024-04-24,48762.0,C CL FUNDICAO PAVANELLI,Consumidor Livre,SUDESTE,15.12,3.962394
202404.0,2024-04-25,48762.0,C CL FUNDICAO PAVANELLI,Consumidor Livre,SUDESTE,15.12,4.069547
202404.0,2024-04-26,48762.0,C CL FUNDICAO PAVANELLI,Consumidor Livre,SUDESTE,15.12,0.481033
202404.0,2024-04-27,48762.0,C CL FUNDICAO PAVANELLI,Consumidor Livre,SUDESTE,15.12,0.09079
202404.0,2024-04-28,48762.0,C CL FUNDICAO PAVANELLI,Consumidor Livre,SUDESTE,15.12,0.079706
202404.0,2024-04-29,48762.0,C CL FUNDICAO PAVANELLI,Consumidor Livre,SUDESTE,15.12,4.541186
202404.0,2024-04-30,48762.0,C CL FUNDICAO PAVANELLI,Consumidor Livre,SUDESTE,15.12,4.721458
202405.0,2024-05-01,48762.0,C CL FUNDICAO PAVANELLI,Consumidor Livre,SUDESTE,15.12,0.1486859999999999
202405.0,2024-05-02,48762.0,C CL FUNDICAO PAVANELLI,Consumidor Livre,SUDESTE,15.12,3.311162
202405.0,2024-05-03,48762.0,C CL FUNDICAO PAVANELLI,Consumidor Livre,SUDESTE,15.12,0.4147119999999999
202405.0,2024-05-04,48762.0,C CL FUNDICAO PAVANELLI,Consumidor Livre,SUDESTE,15.12,0.089453
202405.0,2024-05-05,48762.0,C CL FUNDICAO PAVANELLI,Consumidor Livre,SUDESTE,15.12,0.079003
202405.0,2024-05-06,48762.0,C CL FUNDICAO PAVANELLI,Consumidor Livre,SUDESTE,15.12,3.780373
202405.0,2024-05-07,48762.0,C CL FUNDICAO PAVANELLI,Consumidor Livre,SUDESTE,15.12,3.875893
202405.0,2024-05-08,48762.0,C CL FUNDICAO PAVANELLI,Consumidor Livre,SUDESTE,15.12,0.4273139999999999
202405.0,2024-05-09,48762.0,C CL FUNDICAO PAVANELLI,Consumidor Livre,SUDESTE,15.12,3.8866
202405.0,2024-05-10,48762.0,C CL FUNDICAO PAVANELLI,Consumidor Livre,SUDESTE,15.12,0.387835
202405.0,2024-05-11,48762.0,C CL FUNDICAO PAVANELLI,Consumidor Livre,SUDESTE,15.12,0.089908
202405.0,2024-05-12,48762.0,C CL FUNDICAO PAVANELLI,Consumidor Livre,SUDESTE,15.12,0.083993
202405.0,2024-05-13,48762.0,C CL FUNDICAO PAVANELLI,Consumidor Livre,SUDESTE,15.12,3.035147
202405.0,2024-05-14,48762.0,C CL FUNDICAO PAVANELLI,Consumidor Livre,SUDESTE,15.12,3.610636
202405.0,2024-05-15,48762.0,C CL FUNDICAO PAVANELLI,Consumidor Livre,SUDESTE,15.12,0.135373
202405.0,2024-05-16,48762.0,C CL FUNDICAO PAVANELLI,Consumidor Livre,SUDESTE,15.12,0.092037
202405.0,2024-05-17,48762.0,C CL FUNDICAO PAVANELLI,Consumidor Livre,SUDESTE,15.12,0.091258
202405.0,2024-05-18,48762.0,C CL FUNDICAO PAVANELLI,Consumidor Livre,SUDESTE,15.12,0.081741
202405.0,2024-05-19,48762.0,C CL FUNDICAO PAVANELLI,Consumidor Livre,SUDESTE,15.12,0.081287
202405.0,2024-05-20,48762.0,C CL FUNDICAO PAVANELLI,Consumidor Livre,SUDESTE,15.12,0.378763
202405.0,2024-05-21,48762.0,C CL FUNDICAO PAVANELLI,Consumidor Livre,SUDESTE,15.12,3.792607
202405.0,2024-05-22,48762.0,C CL FUNDICAO PAVANELLI,Consumidor Livre,SUDESTE,15.12,3.127069
202405.0,2024-05-23,48762.0,C CL FUNDICAO PAVANELLI,Consumidor Livre,SUDESTE,15.12,0.437146
202405.0,2024-05-24,48762.0,C CL FUNDICAO PAVANELLI,Consumidor Livre,SUDESTE,15.12,3.746835
202405.0,2024-05-25,48762.0,C CL FUNDICAO PAVANELLI,Consumidor Livre,SUDESTE,15.12,0.122709
202405.0,2024-05-26,48762.0,C CL FUNDICAO PAVANELLI,Consumidor Livre,SUDESTE,15.12,0.078332
202405.0,2024-05-27,48762.0,C CL FUNDICAO PAVANELLI,Consumidor Livre,SUDESTE,15.12,0.3342279999999999
202405.0,2024-05-28,48762.0,C CL FUNDICAO PAVANELLI,Consumidor Livre,SUDESTE,15.12,3.738098
202405.0,2024-05-29,48762.0,C CL FUNDICAO PAVANELLI,Consumidor Livre,SUDESTE,15.12,3.270037
202405.0,2024-05-30,48762.0,C CL FUNDICAO PAVANELLI,Consumidor Livre,SUDESTE,15.12,0.134266
202405.0,2024-05-31,48762.0,C CL FUNDICAO PAVANELLI,Consumidor Livre,SUDESTE,15.12,0.081203
202406.0,2024-06-01,48762.0,C CL FUNDICAO PAVANELLI,Consumidor Livre,SUDESTE,15.12,0.07642
202406.0,2024-06-02,48762.0,C CL FUNDICAO PAVANELLI,Consumidor Livre,SUDESTE,15.12,0.080184
202406.0,2024-06-03,48762.0,C CL FUNDICAO PAVANELLI,Consumidor Livre,SUDESTE,15.12,0.330034
202406.0,2024-06-04,48762.0,C CL FUNDICAO PAVANELLI,Consumidor Livre,SUDESTE,15.12,3.844753
202406.0,2024-06-05,48762.0,C CL FUNDICAO PAVANELLI,Consumidor Livre,SUDESTE,15.12,0.402825
202406.0,2024-06-06,48762.0,C CL FUNDICAO PAVANELLI,Consumidor Livre,SUDESTE,15.12,4.460977
202406.0,2024-06-07,48762.0,C CL FUNDICAO PAVANELLI,Consumidor Livre,SUDESTE,15.12,0.405994
202406.0,2024-06-08,48762.0,C CL FUNDICAO PAVANELLI,Consumidor Livre,SUDESTE,15.12,0.091711
202406.0,2024-06-09,48762.0,C CL FUNDICAO PAVANELLI,Consumidor Livre,SUDESTE,15.12,0.079447
202406.0,2024-06-10,48762.0,C CL FUNDICAO PAVANELLI,Consumidor Livre,SUDESTE,15.12,3.738504
202406.0,2024-06-11,48762.0,C CL FUNDICAO PAVANELLI,Consumidor Livre,SUDESTE,15.12,3.130934
202406.0,2024-06-12,48762.0,C CL FUNDICAO PAVANELLI,Consumidor Livre,SUDESTE,15.12,0.384386
202406.0,2024-06-13,48762.0,C CL FUNDICAO PAVANELLI,Consumidor Livre,SUDESTE,15.12,4.335417
202406.0,2024-06-14,48762.0,C CL FUNDICAO PAVANELLI,Consumidor Livre,SUDESTE,15.12,0.430431
202406.0,2024-06-15,48762.0,C CL FUNDICAO PAVANELLI,Consumidor Livre,SUDESTE,15.12,0.083137
202406.0,2024-06-16,48762.0,C CL FUNDICAO PAVANELLI,Consumidor Livre,SUDESTE,15.12,0.078868
202406.0,2024-06-17,48762.0,C CL FUNDICAO PAVANELLI,Consumidor Livre,SUDESTE,15.12,3.736632
202406.0,2024-06-18,48762.0,C CL FUNDICAO PAVANELLI,Consumidor Livre,SUDESTE,15.12,3.195365
202406.0,2024-06-19,48762.0,C CL FUNDICAO PAVANELLI,Consumidor Livre,SUDESTE,15.12,0.403264
202406.0,2024-06-20,48762.0,C CL FUNDICAO PAVANELLI,Consumidor Livre,SUDESTE,15.12,4.534395
202406.0,2024-06-21,48762.0,C CL FUNDICAO PAVANELLI,Consumidor Livre,SUDESTE,15.12,0.448953
202406.0,2024-06-22,48762.0,C CL FUNDICAO PAVANELLI,Consumidor Livre,SUDESTE,15.12,0.090337
202406.0,2024-06-23,48762.0,C CL FUNDICAO PAVANELLI,Consumidor Livre,SUDESTE,15.12,0.080186
202406.0,2024-06-24,48762.0,C CL FUNDICAO PAVANELLI,Consumidor Livre,SUDESTE,15.12,3.535373
202406.0,2024-06-25,48762.0,C CL FUNDICAO PAVANELLI,Consumidor Livre,SUDESTE,15.12,3.181875
202406.0,2024-06-26,48762.0,C CL FUNDICAO PAVANELLI,Consumidor Livre,SUDESTE,15.12,0.392506
202406.0,2024-06-27,48762.0,C CL FUNDICAO PAVANELLI,Consumidor Livre,SUDESTE,15.12,4.066068
202406.0,2024-06-28,48762.0,C CL FUNDICAO PAVANELLI,Consumidor Livre,SUDESTE,15.12,0.435817
202406.0,2024-06-29,48762.0,C CL FUNDICAO PAVANELLI,Consumidor Livre,SUDESTE,15.12,0.085992
202406.0,2024-06-30,48762.0,C CL FUNDICAO PAVANELLI,Consumidor Livre,SUDESTE,15.12,0.169806
202407.0,2024-07-01,48762.0,C CL FUNDICAO PAVANELLI,Consumidor Livre,SUDESTE,15.12,4.145856
202407.0,2024-07-02,48762.0,C CL FUNDICAO PAVANELLI,Consumidor Livre,SUDESTE,15.12,3.025604
202407.0,2024-07-03,48762.0,C CL FUNDICAO PAVANELLI,Consumidor Livre,SUDESTE,15.12,0.39602
202407.0,2024-07-04,48762.0,C CL FUNDICAO PAVANELLI,Consumidor Livre,SUDESTE,15.12,3.689097
202407.0,2024-07-05,48762.0,C CL FUNDICAO PAVANELLI,Consumidor Livre,SUDESTE,15.12,3.077609
202407.0,2024-07-06,48762.0,C CL FUNDICAO PAVANELLI,Consumidor Livre,SUDESTE,15.12,0.143217
202407.0,2024-07-07,48762.0,C CL FUNDICAO PAVANELLI,Consumidor Livre,SUDESTE,15.12,0.082524
202407.0,2024-07-08,48762.0,C CL FUNDICAO PAVANELLI,Consumidor Livre,SUDESTE,15.12,0.077806
202407.0,2024-07-09,48762.0,C CL FUNDICAO PAVANELLI,Consumidor Livre,SUDESTE,15.12,0.076746
202407.0,2024-07-10,48762.0,C CL FUNDICAO PAVANELLI,Consumidor Livre,SUDESTE,15.12,0.352603
202407.0,2024-07-11,48762.0,C CL FUNDICAO PAVANELLI,Consumidor Livre,SUDESTE,15.12,4.601172
202407.0,2024-07-12,48762.0,C CL FUNDICAO PAVANELLI,Consumidor Livre,SUDESTE,15.12,0.499484
202407.0,2024-07-13,48762.0,C CL FUNDICAO PAVANELLI,Consumidor Livre,SUDESTE,15.12,0.084682
202407.0,2024-07-14,48762.0,C CL FUNDICAO PAVANELLI,Consumidor Livre,SUDESTE,15.12,0.076129
202407.0,2024-07-15,48762.0,C CL FUNDICAO PAVANELLI,Consumidor Livre,SUDESTE,15.12,4.263688
202407.0,2024-07-16,48762.0,C CL FUNDICAO PAVANELLI,Consumidor Livre,SUDESTE,15.12,3.432975
202407.0,2024-07-17,48762.0,C CL FUNDICAO PAVANELLI,Consumidor Livre,SUDESTE,15.12,0.413692
202407.0,2024-07-18,48762.0,C CL FUNDICAO PAVANELLI,Consumidor Livre,SUDESTE,15.12,5.129982
202407.0,2024-07-19,48762.0,C CL FUNDICAO PAVANELLI,Consumidor Livre,SUDESTE,15.12,0.451408
202407.0,2024-07-20,48762.0,C CL FUNDICAO PAVANELLI,Consumidor Livre,SUDESTE,15.12,0.080149
202407.0,2024-07-21,48762.0,C CL FUNDICAO PAVANELLI,Consumidor Livre,SUDESTE,15.12,0.0911199999999999
202407.0,2024-07-22,48762.0,C CL FUNDICAO PAVANELLI,Consumidor Livre,SUDESTE,15.12,4.456851
202407.0,2024-07-23,48762.0,C CL FUNDICAO PAVANELLI,Consumidor Livre,SUDESTE,15.12,3.846858
202407.0,2024-07-24,48762.0,C CL FUNDICAO PAVANELLI,Consumidor Livre,SUDESTE,15.12,0.444264
202407.0,2024-07-25,48762.0,C CL FUNDICAO PAVANELLI,Consumidor Livre,SUDESTE,15.12,5.913161
202407.0,2024-07-26,48762.0,C CL FUNDICAO PAVANELLI,Consumidor Livre,SUDESTE,15.12,0.499584
202407.0,2024-07-27,48762.0,C CL FUNDICAO PAVANELLI,Consumidor Livre,SUDESTE,15.12,0.08888
202407.0,2024-07-28,48762.0,C CL FUNDICAO PAVANELLI,Consumidor Livre,SUDESTE,15.12,0.083378
202407.0,2024-07-29,48762.0,C CL FUNDICAO PAVANELLI,Consumidor Livre,SUDESTE,15.12,4.601144
202407.0,2024-07-30,48762.0,C CL FUNDICAO PAVANELLI,Consumidor Livre,SUDESTE,15.12,4.071824
202407.0,2024-07-31,48762.0,C CL FUNDICAO PAVANELLI,Consumidor Livre,SUDESTE,15.12,0.476261
202408.0,2024-08-01,48762.0,C CL FUNDICAO PAVANELLI,Consumidor Livre,SUDESTE,15.12,5.740815
202408.0,2024-08-02,48762.0,C CL FUNDICAO PAVANELLI,Consumidor Livre,SUDESTE,15.12,3.622179
202408.0,2024-08-03,48762.0,C CL FUNDICAO PAVANELLI,Consumidor Livre,SUDESTE,15.12,0.164457
202408.0,2024-08-04,48762.0,C CL FUNDICAO PAVANELLI,Consumidor Livre,SUDESTE,15.12,0.075423
202408.0,2024-08-05,48762.0,C CL FUNDICAO PAVANELLI,Consumidor Livre,SUDESTE,15.12,0.070495
202408.0,2024-08-06,48762.0,C CL FUNDICAO PAVANELLI,Consumidor Livre,SUDESTE,15.12,0.399617
202408.0,2024-08-07,48762.0,C CL FUNDICAO PAVANELLI,Consumidor Livre,SUDESTE,15.12,4.550332
202408.0,2024-08-08,48762.0,C CL FUNDICAO PAVANELLI,Consumidor Livre,SUDESTE,15.12,4.465036
202408.0,2024-08-09,48762.0,C CL FUNDICAO PAVANELLI,Consumidor Livre,SUDESTE,15.12,0.473325
202408.0,2024-08-10,48762.0,C CL FUNDICAO PAVANELLI,Consumidor Livre,SUDESTE,15.12,0.093306
202408.0,2024-08-11,48762.0,C CL FUNDICAO PAVANELLI,Consumidor Livre,SUDESTE,15.12,0.07652
202408.0,2024-08-12,48762.0,C CL FUNDICAO PAVANELLI,Consumidor Livre,SUDESTE,15.12,4.502944
202408.0,2024-08-13,48762.0,C CL FUNDICAO PAVANELLI,Consumidor Livre,SUDESTE,15.12,3.796609
202408.0,2024-08-14,48762.0,C CL FUNDICAO PAVANELLI,Consumidor Livre,SUDESTE,15.12,0.451929
202408.0,2024-08-15,48762.0,C CL FUNDICAO PAVANELLI,Consumidor Livre,SUDESTE,15.12,5.581373
202408.0,2024-08-16,48762.0,C CL FUNDICAO PAVANELLI,Consumidor Livre,SUDESTE,15.12,0.458819
202408.0,2024-08-17,48762.0,C CL FUNDICAO PAVANELLI,Consumidor Livre,SUDESTE,15.12,0.091893
202408.0,2024-08-18,48762.0,C CL FUNDICAO PAVANELLI,Consumidor Livre,SUDESTE,15.12,0.0844179999999999
202408.0,2024-08-19,48762.0,C CL FUNDICAO PAVANELLI,Consumidor Livre,SUDESTE,15.12,4.454032
202408.0,2024-08-20,48762.0,C CL FUNDICAO PAVANELLI,Consumidor Livre,SUDESTE,15.12,3.69486
202408.0,2024-08-21,48762.0,C CL FUNDICAO PAVANELLI,Consumidor Livre,SUDESTE,15.12,0.46608
202408.0,2024-08-22,48762.0,C CL FUNDICAO PAVANELLI,Consumidor Livre,SUDESTE,15.12,5.876654
202408.0,2024-08-23,48762.0,C CL FUNDICAO PAVANELLI,Consumidor Livre,SUDESTE,15.12,0.429451
202408.0,2024-08-24,48762.0,C CL FUNDICAO PAVANELLI,Consumidor Livre,SUDESTE,15.12,0.178984
202408.0,2024-08-25,48762.0,C CL FUNDICAO PAVANELLI,Consumidor Livre,SUDESTE,15.12,0.08119
202408.0,2024-08-26,48762.0,C CL FUNDICAO PAVANELLI,Consumidor Livre,SUDESTE,15.12,5.427213
202408.0,2024-08-27,48762.0,C CL FUNDICAO PAVANELLI,Consumidor Livre,SUDESTE,15.12,0.444131
202408.0,2024-08-28,48762.0,C CL FUNDICAO PAVANELLI,Consumidor Livre,SUDESTE,15.12,4.468316
202408.0,2024-08-29,48762.0,C CL FUNDICAO PAVANELLI,Consumidor Livre,SUDESTE,15.12,4.696888
202408.0,2024-08-30,48762.0,C CL FUNDICAO PAVANELLI,Consumidor Livre,SUDESTE,15.12,0.419207
202408.0,2024-08-31,48762.0,C CL FUNDICAO PAVANELLI,Consumidor Livre,SUDESTE,15.12,0.101697
202409.0,2024-09-01,48762.0,C CL FUNDICAO PAVANELLI,Consumidor Livre,SUDESTE,15.12,0.084978
202409.0,2024-09-02,48762.0,C CL FUNDICAO PAVANELLI,Consumidor Livre,SUDESTE,15.12,5.536403
202409.0,2024-09-03,48762.0,C CL FUNDICAO PAVANELLI,Consumidor Livre,SUDESTE,15.12,0.47724
202409.0,2024-09-04,48762.0,C CL FUNDICAO PAVANELLI,Consumidor Livre,SUDESTE,15.12,5.661137
202409.0,2024-09-05,48762.0,C CL FUNDICAO PAVANELLI,Consumidor Livre,SUDESTE,15.12,4.999379
202409.0,2024-09-06,48762.0,C CL FUNDICAO PAVANELLI,Consumidor Livre,SUDESTE,15.12,0.56496
202409.0,2024-09-07,48762.0,C CL FUNDICAO PAVANELLI,Consumidor Livre,SUDESTE,15.12,0.090949
202409.0,2024-09-08,48762.0,C CL FUNDICAO PAVANELLI,Consumidor Livre,SUDESTE,15.12,0.075679
202409.0,2024-09-09,48762.0,C CL FUNDICAO PAVANELLI,Consumidor Livre,SUDESTE,15.12,5.54494
202409.0,2024-09-10,48762.0,C CL FUNDICAO PAVANELLI,Consumidor Livre,SUDESTE,15.12,0.510522
202409.0,2024-09-11,48762.0,C CL FUNDICAO PAVANELLI,Consumidor Livre,SUDESTE,15.12,5.657914
202409.0,2024-09-12,48762.0,C CL FUNDICAO PAVANELLI,Consumidor Livre,SUDESTE,15.12,4.499053
202409.0,2024-09-13,48762.0,C CL FUNDICAO PAVANELLI,Consumidor Livre,SUDESTE,15.12,0.5233140000000001
202409.0,2024-09-14,48762.0,C CL FUNDICAO PAVANELLI,Consumidor Livre,SUDESTE,15.12,0.108649
202409.0,2024-09-15,48762.0,C CL FUNDICAO PAVANELLI,Consumidor Livre,SUDESTE,15.12,0.078099
202409.0,2024-09-16,48762.0,C CL FUNDICAO PAVANELLI,Consumidor Livre,SUDESTE,15.12,6.33681
202409.0,2024-09-17,48762.0,C CL FUNDICAO PAVANELLI,Consumidor Livre,SUDESTE,15.12,0.509998
202409.0,2024-09-18,48762.0,C CL FUNDICAO PAVANELLI,Consumidor Livre,SUDESTE,15.12,5.109403
202409.0,2024-09-19,48762.0,C CL FUNDICAO PAVANELLI,Consumidor Livre,SUDESTE,15.12,4.688549
202409.0,2024-09-20,48762.0,C CL FUNDICAO PAVANELLI,Consumidor Livre,SUDESTE,15.12,0.535846
202409.0,2024-09-21,48762.0,C CL FUNDICAO PAVANELLI,Consumidor Livre,SUDESTE,15.12,0.097291
202409.0,2024-09-22,48762.0,C CL FUNDICAO PAVANELLI,Consumidor Livre,SUDESTE,15.12,0.072823
202409.0,2024-09-23,48762.0,C CL FUNDICAO PAVANELLI,Consumidor Livre,SUDESTE,15.12,5.707408
202409.0,2024-09-24,48762.0,C CL FUNDICAO PAVANELLI,Consumidor Livre,SUDESTE,15.12,3.914069
202409.0,2024-09-25,48762.0,C CL FUNDICAO PAVANELLI,Consumidor Livre,SUDESTE,15.12,2.830169
202409.0,2024-09-26,48762.0,C CL FUNDICAO PAVANELLI,Consumidor Livre,SUDESTE,15.12,4.020641
202409.0,2024-09-27,48762.0,C CL FUNDICAO PAVANELLI,Consumidor Livre,SUDESTE,15.12,0.469465
202409.0,2024-09-28,48762.0,C CL FUNDICAO PAVANELLI,Consumidor Livre,SUDESTE,15.12,0.079123
202409.0,2024-09-29,48762.0,C CL FUNDICAO PAVANELLI,Consumidor Livre,SUDESTE,15.12,0.071102
202409.0,2024-09-30,48762.0,C CL FUNDICAO PAVANELLI,Consumidor Livre,SUDESTE,15.12,5.559726
202410.0,2024-10-01,48762.0,C CL FUNDICAO PAVANELLI,Consumidor Livre,SUDESTE,15.12,0.531339
202410.0,2024-10-02,48762.0,C CL FUNDICAO PAVANELLI,Consumidor Livre,SUDESTE,15.12,5.63171
202410.0,2024-10-03,48762.0,C CL FUNDICAO PAVANELLI,Consumidor Livre,SUDESTE,15.12,3.289152
202410.0,2024-10-04,48762.0,C CL FUNDICAO PAVANELLI,Consumidor Livre,SUDESTE,15.12,1.361374
202410.0,2024-10-05,48762.0,C CL FUNDICAO PAVANELLI,Consumidor Livre,SUDESTE,15.12,0.159847
202410.0,2024-10-06,48762.0,C CL FUNDICAO PAVANELLI,Consumidor Livre,SUDESTE,15.12,0.078638
202410.0,2024-10-07,48762.0,C CL FUNDICAO PAVANELLI,Consumidor Livre,SUDESTE,15.12,3.913189
202410.0,2024-10-08,48762.0,C CL FUNDICAO PAVANELLI,Consumidor Livre,SUDESTE,15.12,0.513025
202410.0,2024-10-09,48762.0,C CL FUNDICAO PAVANELLI,Consumidor Livre,SUDESTE,15.12,4.472156
202410.0,2024-10-10,48762.0,C CL FUNDICAO PAVANELLI,Consumidor Livre,SUDESTE,15.12,4.120164
202410.0,2024-10-11,48762.0,C CL FUNDICAO PAVANELLI,Consumidor Livre,SUDESTE,15.12,0.453177
202410.0,2024-10-12,48762.0,C CL FUNDICAO PAVANELLI,Consumidor Livre,SUDESTE,15.12,0.08088
202410.0,2024-10-13,48762.0,C CL FUNDICAO PAVANELLI,Consumidor Livre,SUDESTE,15.12,0.0756749999999999
202410.0,2024-10-14,48762.0,C CL FUNDICAO PAVANELLI,Consumidor Livre,SUDESTE,15.12,5.121748
202410.0,2024-10-15,48762.0,C CL FUNDICAO PAVANELLI,Consumidor Livre,SUDESTE,15.12,0.498863
202410.0,2024-10-16,48762.0,C CL FUNDICAO PAVANELLI,Consumidor Livre,SUDESTE,15.12,5.01751
202410.0,2024-10-17,48762.0,C CL FUNDICAO PAVANELLI,Consumidor Livre,SUDESTE,15.12,4.07716
202410.0,2024-10-18,48762.0,C CL FUNDICAO PAVANELLI,Consumidor Livre,SUDESTE,15.12,0.476504
202410.0,2024-10-19,48762.0,C CL FUNDICAO PAVANELLI,Consumidor Livre,SUDESTE,15.12,0.18591
202410.0,2024-10-20,48762.0,C CL FUNDICAO PAVANELLI,Consumidor Livre,SUDESTE,15.12,0.152753
202410.0,2024-10-21,48762.0,C CL FUNDICAO PAVANELLI,Consumidor Livre,SUDESTE,15.12,4.843147
202410.0,2024-10-22,48762.0,C CL FUNDICAO PAVANELLI,Consumidor Livre,SUDESTE,15.12,3.965525
202410.0,2024-10-23,48762.0,C CL FUNDICAO PAVANELLI,Consumidor Livre,SUDESTE,15.12,3.428134
202410.0,2024-10-24,48762.0,C CL FUNDICAO PAVANELLI,Consumidor Livre,SUDESTE,15.12,3.955723
202410.0,2024-10-25,48762.0,C CL FUNDICAO PAVANELLI,Consumidor Livre,SUDESTE,15.12,0.420348
202410.0,2024-10-26,48762.0,C CL FUNDICAO PAVANELLI,Consumidor Livre,SUDESTE,15.12,0.183481
202410.0,2024-10-27,48762.0,C CL FUNDICAO PAVANELLI,Consumidor Livre,SUDESTE,15.12,0.179636
202410.0,2024-10-28,48762.0,C CL FUNDICAO PAVANELLI,Consumidor Livre,SUDESTE,15.12,5.169723
202410.0,2024-10-29,48762.0,C CL FUNDICAO PAVANELLI,Consumidor Livre,SUDESTE,15.12,3.420632
202410.0,2024-10-30,48762.0,C CL FUNDICAO PAVANELLI,Consumidor Livre,SUDESTE,15.12,3.407067
202410.0,2024-10-31,48762.0,C CL FUNDICAO PAVANELLI,Consumidor Livre,SUDESTE,15.12,4.704436
202411.0,2024-11-01,48762.0,C CL FUNDICAO PAVANELLI,Consumidor Livre,SUDESTE,15.12,0.477385
202411.0,2024-11-02,48762.0,C CL FUNDICAO PAVANELLI,Consumidor Livre,SUDESTE,15.12,0.08876
202411.0,2024-11-03,48762.0,C CL FUNDICAO PAVANELLI,Consumidor Livre,SUDESTE,15.12,0.07732
202411.0,2024-11-04,48762.0,C CL FUNDICAO PAVANELLI,Consumidor Livre,SUDESTE,15.12,3.043889
202411.0,2024-11-05,48762.0,C CL FUNDICAO PAVANELLI,Consumidor Livre,SUDESTE,15.12,4.668311
202411.0,2024-11-06,48762.0,C CL FUNDICAO PAVANELLI,Consumidor Livre,SUDESTE,15.12,3.460185
202411.0,2024-11-07,48762.0,C CL FUNDICAO PAVANELLI,Consumidor Livre,SUDESTE,15.12,4.085064
202411.0,2024-11-08,48762.0,C CL FUNDICAO PAVANELLI,Consumidor Livre,SUDESTE,15.12,3.23987
202411.0,2024-11-09,48762.0,C CL FUNDICAO PAVANELLI,Consumidor Livre,SUDESTE,15.12,0.331948
202411.0,2024-11-10,48762.0,C CL FUNDICAO PAVANELLI,Consumidor Livre,SUDESTE,15.12,0.076646
202411.0,2024-11-11,48762.0,C CL FUNDICAO PAVANELLI,Consumidor Livre,SUDESTE,15.12,3.866121
202411.0,2024-11-12,48762.0,C CL FUNDICAO PAVANELLI,Consumidor Livre,SUDESTE,15.12,3.284122
202411.0,2024-11-13,48762.0,C CL FUNDICAO PAVANELLI,Consumidor Livre,SUDESTE,15.12,3.89923
202411.0,2024-11-14,48762.0,C CL FUNDICAO PAVANELLI,Consumidor Livre,SUDESTE,15.12,3.652873
202411.0,2024-11-15,48762.0,C CL FUNDICAO PAVANELLI,Consumidor Livre,SUDESTE,15.12,0.13432
202411.0,2024-11-16,48762.0,C CL FUNDICAO PAVANELLI,Consumidor Livre,SUDESTE,15.12,0.081669
202411.0,2024-11-17,48762.0,C CL FUNDICAO PAVANELLI,Consumidor Livre,SUDESTE,15.12,0.07763
202411.0,2024-11-18,48762.0,C CL FUNDICAO PAVANELLI,Consumidor Livre,SUDESTE,15.12,0.077087
202411.0,2024-11-19,48762.0,C CL FUNDICAO PAVANELLI,Consumidor Livre,SUDESTE,15.12,0.439283
202411.0,2024-11-20,48762.0,C CL FUNDICAO PAVANELLI,Consumidor Livre,SUDESTE,15.12,4.364364
202411.0,2024-11-21,48762.0,C CL FUNDICAO PAVANELLI,Consumidor Livre,SUDESTE,15.12,3.75343
202411.0,2024-11-22,48762.0,C CL FUNDICAO PAVANELLI,Consumidor Livre,SUDESTE,15.12,0.500316
202411.0,2024-11-23,48762.0,C CL FUNDICAO PAVANELLI,Consumidor Livre,SUDESTE,15.12,0.241418
202411.0,2024-11-24,48762.0,C CL FUNDICAO PAVANELLI,Consumidor Livre,SUDESTE,15.12,0.202621
202411.0,2024-11-25,48762.0,C CL FUNDICAO PAVANELLI,Consumidor Livre,SUDESTE,15.12,4.910904
202411.0,2024-11-26,48762.0,C CL FUNDICAO PAVANELLI,Consumidor Livre,SUDESTE,15.12,4.622664
202411.0,2024-11-27,48762.0,C CL FUNDICAO PAVANELLI,Consumidor Livre,SUDESTE,15.12,4.035877
202411.0,2024-11-28,48762.0,C CL FUNDICAO PAVANELLI,Consumidor Livre,SUDESTE,15.12,3.442138
202411.0,2024-11-29,48762.0,C CL FUNDICAO PAVANELLI,Consumidor Livre,SUDESTE,15.12,3.289465
202411.0,2024-11-30,48762.0,C CL FUNDICAO PAVANELLI,Consumidor Livre,SUDESTE,15.12,0.27272
202412.0,2024-12-01,48762.0,C CL FUNDICAO PAVANELLI,Consumidor Livre,SUDESTE,15.12,0.077879
202412.0,2024-12-02,48762.0,C CL FUNDICAO PAVANELLI,Consumidor Livre,SUDESTE,15.12,3.622905
202412.0,2024-12-03,48762.0,C CL FUNDICAO PAVANELLI,Consumidor Livre,SUDESTE,15.12,3.167599
202412.0,2024-12-04,48762.0,C CL FUNDICAO PAVANELLI,Consumidor Livre,SUDESTE,15.12,3.269925
202412.0,2024-12-05,48762.0,C CL FUNDICAO PAVANELLI,Consumidor Livre,SUDESTE,15.12,3.408758
202412.0,2024-12-06,48762.0,C CL FUNDICAO PAVANELLI,Consumidor Livre,SUDESTE,15.12,3.428619
202412.0,2024-12-07,48762.0,C CL FUNDICAO PAVANELLI,Consumidor Livre,SUDESTE,15.12,0.36459
202412.0,2024-12-08,48762.0,C CL FUNDICAO PAVANELLI,Consumidor Livre,SUDESTE,15.12,0.079377
202412.0,2024-12-09,48762.0,C CL FUNDICAO PAVANELLI,Consumidor Livre,SUDESTE,15.12,3.833335
202412.0,2024-12-10,48762.0,C CL FUNDICAO PAVANELLI,Consumidor Livre,SUDESTE,15.12,3.956832
202412.0,2024-12-11,48762.0,C CL FUNDICAO PAVANELLI,Consumidor Livre,SUDESTE,15.12,3.302244
202412.0,2024-12-12,48762.0,C CL FUNDICAO PAVANELLI,Consumidor Livre,SUDESTE,15.12,3.261259
202412.0,2024-12-13,48762.0,C CL FUNDICAO PAVANELLI,Consumidor Livre,SUDESTE,15.12,2.833974
202412.0,2024-12-14,48762.0,C CL FUNDICAO PAVANELLI,Consumidor Livre,SUDESTE,15.12,0.278084
202412.0,2024-12-15,48762.0,C CL FUNDICAO PAVANELLI,Consumidor Livre,SUDESTE,15.12,0.076035
202412.0,2024-12-16,48762.0,C CL FUNDICAO PAVANELLI,Consumidor Livre,SUDESTE,15.12,3.122102
202412.0,2024-12-17,48762.0,C CL FUNDICAO PAVANELLI,Consumidor Livre,SUDESTE,15.12,3.881157
202412.0,2024-12-18,48762.0,C CL FUNDICAO PAVANELLI,Consumidor Livre,SUDESTE,15.12,3.856738
202412.0,2024-12-19,48762.0,C CL FUNDICAO PAVANELLI,Consumidor Livre,SUDESTE,15.12,0.256515
202412.0,2024-12-20,48762.0,C CL FUNDICAO PAVANELLI,Consumidor Livre,SUDESTE,15.12,0.075326
202412.0,2024-12-21,48762.0,C CL FUNDICAO PAVANELLI,Consumidor Livre,SUDESTE,15.12,0.078425
202412.0,2024-12-22,48762.0,C CL FUNDICAO PAVANELLI,Consumidor Livre,SUDESTE,15.12,0.075112
202412.0,2024-12-23,48762.0,C CL FUNDICAO PAVANELLI,Consumidor Livre,SUDESTE,15.12,0.075167
202412.0,2024-12-24,48762.0,C CL FUNDICAO PAVANELLI,Consumidor Livre,SUDESTE,15.12,0.07463
202412.0,2024-12-25,48762.0,C CL FUNDICAO PAVANELLI,Consumidor Livre,SUDESTE,15.12,0.0789489999999999
202412.0,2024-12-26,48762.0,C CL FUNDICAO PAVANELLI,Consumidor Livre,SUDESTE,15.12,0.077632
202412.0,2024-12-27,48762.0,C CL FUNDICAO PAVANELLI,Consumidor Livre,SUDESTE,15.12,0.076442
202412.0,2024-12-28,48762.0,C CL FUNDICAO PAVANELLI,Consumidor Livre,SUDESTE,15.12,0.075179
202412.0,2024-12-29,48762.0,C CL FUNDICAO PAVANELLI,Consumidor Livre,SUDESTE,15.12,0.078302
202412.0,2024-12-30,48762.0,C CL FUNDICAO PAVANELLI,Consumidor Livre,SUDESTE,15.12,0.08283
202412.0,2024-12-31,48762.0,C CL FUNDICAO PAVANELLI,Consumidor Livre,SUDESTE,15.12,0.076275
202501.0,2025-01-01,48762.0,C CL FUNDICAO PAVANELLI,Consumidor Livre,SUDESTE,15.12,0.074808
202501.0,2025-01-02,48762.0,C CL FUNDICAO PAVANELLI,Consumidor Livre,SUDESTE,15.12,0.077062
202501.0,2025-01-03,48762.0,C CL FUNDICAO PAVANELLI,Consumidor Livre,SUDESTE,15.12,0.074391
202501.0,2025-01-04,48762.0,C CL FUNDICAO PAVANELLI,Consumidor Livre,SUDESTE,15.12,0.075637
202501.0,2025-01-05,48762.0,C CL FUNDICAO PAVANELLI,Consumidor Livre,SUDESTE,15.12,0.073898
202501.0,2025-01-06,48762.0,C CL FUNDICAO PAVANELLI,Consumidor Livre,SUDESTE,15.12,0.407584
202501.0,2025-01-07,48762.0,C CL FUNDICAO PAVANELLI,Consumidor Livre,SUDESTE,15.12,3.818458
202501.0,2025-01-08,48762.0,C CL FUNDICAO PAVANELLI,Consumidor Livre,SUDESTE,15.12,3.874474
202501.0,2025-01-09,48762.0,C CL FUNDICAO PAVANELLI,Consumidor Livre,SUDESTE,15.12,3.949547
202501.0,2025-01-10,48762.0,C CL FUNDICAO PAVANELLI,Consumidor Livre,SUDESTE,15.12,3.396075
202501.0,2025-01-11,48762.0,C CL FUNDICAO PAVANELLI,Consumidor Livre,SUDESTE,15.12,0.323845
202501.0,2025-01-12,48762.0,C CL FUNDICAO PAVANELLI,Consumidor Livre,SUDESTE,15.12,0.07619
202501.0,2025-01-13,48762.0,C CL FUNDICAO PAVANELLI,Consumidor Livre,SUDESTE,15.12,3.800285
202501.0,2025-01-14,48762.0,C CL FUNDICAO PAVANELLI,Consumidor Livre,SUDESTE,15.12,3.232347
202501.0,2025-01-15,48762.0,C CL FUNDICAO PAVANELLI,Consumidor Livre,SUDESTE,15.12,2.513591
202501.0,2025-01-16,48762.0,C CL FUNDICAO PAVANELLI,Consumidor Livre,SUDESTE,15.12,4.773054
202501.0,2025-01-17,48762.0,C CL FUNDICAO PAVANELLI,Consumidor Livre,SUDESTE,15.12,3.530527
202501.0,2025-01-18,48762.0,C CL FUNDICAO PAVANELLI,Consumidor Livre,SUDESTE,15.12,0.382381
202501.0,2025-01-19,48762.0,C CL FUNDICAO PAVANELLI,Consumidor Livre,SUDESTE,15.12,0.079889
202501.0,2025-01-20,48762.0,C CL FUNDICAO PAVANELLI,Consumidor Livre,SUDESTE,15.12,3.889787
202501.0,2025-01-21,48762.0,C CL FUNDICAO PAVANELLI,Consumidor Livre,SUDESTE,15.12,4.047372
202501.0,2025-01-22,48762.0,C CL FUNDICAO PAVANELLI,Consumidor Livre,SUDESTE,15.12,3.333765
202501.0,2025-01-23,48762.0,C CL FUNDICAO PAVANELLI,Consumidor Livre,SUDESTE,15.12,3.410244
202501.0,2025-01-24,48762.0,C CL FUNDICAO PAVANELLI,Consumidor Livre,SUDESTE,15.12,4.120027
202501.0,2025-01-25,48762.0,C CL FUNDICAO PAVANELLI,Consumidor Livre,SUDESTE,15.12,0.375696
202501.0,2025-01-26,48762.0,C CL FUNDICAO PAVANELLI,Consumidor Livre,SUDESTE,15.12,0.078882
202501.0,2025-01-27,48762.0,C CL FUNDICAO PAVANELLI,Consumidor Livre,SUDESTE,15.12,3.86181
202501.0,2025-01-28,48762.0,C CL FUNDICAO PAVANELLI,Consumidor Livre,SUDESTE,15.12,4.096912
202501.0,2025-01-29,48762.0,C CL FUNDICAO PAVANELLI,Consumidor Livre,SUDESTE,15.12,4.128439999999999
202501.0,2025-01-30,48762.0,C CL FUNDICAO PAVANELLI,Consumidor Livre,SUDESTE,15.12,4.507664999999999
202501.0,2025-01-31,48762.0,C CL FUNDICAO PAVANELLI,Consumidor Livre,SUDESTE,15.12,0.473695
202502.0,2025-02-01,48762.0,C CL FUNDICAO PAVANELLI,Consumidor Livre,SUDESTE,15.12,0.086244
202502.0,2025-02-02,48762.0,C CL FUNDICAO PAVANELLI,Consumidor Livre,SUDESTE,15.12,0.07629
202502.0,2025-02-03,48762.0,C CL FUNDICAO PAVANELLI,Consumidor Livre,SUDESTE,15.12,4.503059
202502.0,2025-02-04,48762.0,C CL FUNDICAO PAVANELLI,Consumidor Livre,SUDESTE,15.12,4.10442
202502.0,2025-02-05,48762.0,C CL FUNDICAO PAVANELLI,Consumidor Livre,SUDESTE,15.12,4.616749
202502.0,2025-02-06,48762.0,C CL FUNDICAO PAVANELLI,Consumidor Livre,SUDESTE,15.12,4.023245
202502.0,2025-02-07,48762.0,C CL FUNDICAO PAVANELLI,Consumidor Livre,SUDESTE,15.12,0.513934
202502.0,2025-02-08,48762.0,C CL FUNDICAO PAVANELLI,Consumidor Livre,SUDESTE,15.12,0.08639
202502.0,2025-02-09,48762.0,C CL FUNDICAO PAVANELLI,Consumidor Livre,SUDESTE,15.12,0.073418
202502.0,2025-02-10,48762.0,C CL FUNDICAO PAVANELLI,Consumidor Livre,SUDESTE,15.12,5.283023
202502.0,2025-02-11,48762.0,C CL FUNDICAO PAVANELLI,Consumidor Livre,SUDESTE,15.12,4.880159
202502.0,2025-02-12,48762.0,C CL FUNDICAO PAVANELLI,Consumidor Livre,SUDESTE,15.12,4.809564
202502.0,2025-02-13,48762.0,C CL FUNDICAO PAVANELLI,Consumidor Livre,SUDESTE,15.12,4.722059
202502.0,2025-02-14,48762.0,C CL FUNDICAO PAVANELLI,Consumidor Livre,SUDESTE,15.12,0.537801
202502.0,2025-02-15,48762.0,C CL FUNDICAO PAVANELLI,Consumidor Livre,SUDESTE,15.12,0.096749
202502.0,2025-02-16,48762.0,C CL FUNDICAO PAVANELLI,Consumidor Livre,SUDESTE,15.12,0.08624
202502.0,2025-02-17,48762.0,C CL FUNDICAO PAVANELLI,Consumidor Livre,SUDESTE,15.12,4.595713
202502.0,2025-02-18,48762.0,C CL FUNDICAO PAVANELLI,Consumidor Livre,SUDESTE,15.12,4.82379
202502.0,2025-02-19,48762.0,C CL FUNDICAO PAVANELLI,Consumidor Livre,SUDESTE,15.12,4.727699
202502.0,2025-02-20,48762.0,C CL FUNDICAO PAVANELLI,Consumidor Livre,SUDESTE,15.12,4.033241
202502.0,2025-02-21,48762.0,C CL FUNDICAO PAVANELLI,Consumidor Livre,SUDESTE,15.12,0.534373
202502.0,2025-02-22,48762.0,C CL FUNDICAO PAVANELLI,Consumidor Livre,SUDESTE,15.12,0.087585
202502.0,2025-02-23,48762.0,C CL FUNDICAO PAVANELLI,Consumidor Livre,SUDESTE,15.12,0.083123
202502.0,2025-02-24,48762.0,C CL FUNDICAO PAVANELLI,Consumidor Livre,SUDESTE,15.12,4.671035
202502.0,2025-02-25,48762.0,C CL FUNDICAO PAVANELLI,Consumidor Livre,SUDESTE,15.12,4.849177
202502.0,2025-02-26,48762.0,C CL FUNDICAO PAVANELLI,Consumidor Livre,SUDESTE,15.12,4.202063
202502.0,2025-02-27,48762.0,C CL FUNDICAO PAVANELLI,Consumidor Livre,SUDESTE,15.12,4.057324
202502.0,2025-02-28,48762.0,C CL FUNDICAO PAVANELLI,Consumidor Livre,SUDESTE,15.12,0.496548
202503.0,2025-03-01,48762.0,C CL FUNDICAO PAVANELLI,Consumidor Livre,SUDESTE,15.12,0.092471
202503.0,2025-03-02,48762.0,C CL FUNDICAO PAVANELLI,Consumidor Livre,SUDESTE,15.12,0.0882729999999999
202503.0,2025-03-03,48762.0,C CL FUNDICAO PAVANELLI,Consumidor Livre,SUDESTE,15.12,4.529184
202503.0,2025-03-04,48762.0,C CL FUNDICAO PAVANELLI,Consumidor Livre,SUDESTE,15.12,4.204608
202503.0,2025-03-05,48762.0,C CL FUNDICAO PAVANELLI,Consumidor Livre,SUDESTE,15.12,3.25901
202503.0,2025-03-06,48762.0,C CL FUNDICAO PAVANELLI,Consumidor Livre,SUDESTE,15.12,3.593627
202503.0,2025-03-07,48762.0,C CL FUNDICAO PAVANELLI,Consumidor Livre,SUDESTE,15.12,0.509226
202503.0,2025-03-08,48762.0,C CL FUNDICAO PAVANELLI,Consumidor Livre,SUDESTE,15.12,0.092889
202503.0,2025-03-09,48762.0,C CL FUNDICAO PAVANELLI,Consumidor Livre,SUDESTE,15.12,0.087986
202503.0,2025-03-10,48762.0,C CL FUNDICAO PAVANELLI,Consumidor Livre,SUDESTE,15.12,4.61323
202503.0,2025-03-11,48762.0,C CL FUNDICAO PAVANELLI,Consumidor Livre,SUDESTE,15.12,4.113063
202503.0,2025-03-12,48762.0,C CL FUNDICAO PAVANELLI,Consumidor Livre,SUDESTE,15.12,4.228409
202503.0,2025-03-13,48762.0,C CL FUNDICAO PAVANELLI,Consumidor Livre,SUDESTE,15.12,3.513863
202503.0,2025-03-14,48762.0,C CL FUNDICAO PAVANELLI,Consumidor Livre,SUDESTE,15.12,2.817924
202503.0,2025-03-15,48762.0,C CL FUNDICAO PAVANELLI,Consumidor Livre,SUDESTE,15.12,0.344311
202503.0,2025-03-16,48762.0,C CL FUNDICAO PAVANELLI,Consumidor Livre,SUDESTE,15.12,0.078825
202503.0,2025-03-17,48762.0,C CL FUNDICAO PAVANELLI,Consumidor Livre,SUDESTE,15.12,3.922468
202503.0,2025-03-18,48762.0,C CL FUNDICAO PAVANELLI,Consumidor Livre,SUDESTE,15.12,4.240787
202503.0,2025-03-19,48762.0,C CL FUNDICAO PAVANELLI,Consumidor Livre,SUDESTE,15.12,4.174378
202503.0,2025-03-20,48762.0,C CL FUNDICAO PAVANELLI,Consumidor Livre,SUDESTE,15.12,3.3654930000000003
202503.0,2025-03-21,48762.0,C CL FUNDICAO PAVANELLI,Consumidor Livre,SUDESTE,15.12,3.555619
202503.0,2025-03-22,48762.0,C CL FUNDICAO PAVANELLI,Consumidor Livre,SUDESTE,15.12,0.347298
202503.0,2025-03-23,48762.0,C CL FUNDICAO PAVANELLI,Consumidor Livre,SUDESTE,15.12,0.080252
202503.0,2025-03-24,48762.0,C CL FUNDICAO PAVANELLI,Consumidor Livre,SUDESTE,15.12,3.917942
202503.0,2025-03-25,48762.0,C CL FUNDICAO PAVANELLI,Consumidor Livre,SUDESTE,15.12,4.049886
202503.0,2025-03-26,48762.0,C CL FUNDICAO PAVANELLI,Consumidor Livre,SUDESTE,15.12,3.568408
202503.0,2025-03-27,48762.0,C CL FUNDICAO PAVANELLI,Consumidor Livre,SUDESTE,15.12,4.055191
202503.0,2025-03-28,48762.0,C CL FUNDICAO PAVANELLI,Consumidor Livre,SUDESTE,15.12,2.145188
202503.0,2025-03-29,48762.0,C CL FUNDICAO PAVANELLI,Consumidor Livre,SUDESTE,15.12,0.245508
202503.0,2025-03-30,48762.0,C CL FUNDICAO PAVANELLI,Consumidor Livre,SUDESTE,15.12,0.084095
202503.0,2025-03-31,48762.0,C CL FUNDICAO PAVANELLI,Consumidor Livre,SUDESTE,15.12,3.399536
202504.0,2025-04-01,48762.0,C CL FUNDICAO PAVANELLI,Consumidor Livre,SUDESTE,15.12,4.7856440000000005
202504.0,2025-04-02,48762.0,C CL FUNDICAO PAVANELLI,Consumidor Livre,SUDESTE,15.12,4.119495
202504.0,2025-04-03,48762.0,C CL FUNDICAO PAVANELLI,Consumidor Livre,SUDESTE,15.12,4.818904
202504.0,2025-04-04,48762.0,C CL FUNDICAO PAVANELLI,Consumidor Livre,SUDESTE,15.12,3.629477
202504.0,2025-04-05,48762.0,C CL FUNDICAO PAVANELLI,Consumidor Livre,SUDESTE,15.12,0.289138
202504.0,2025-04-06,48762.0,C CL FUNDICAO PAVANELLI,Consumidor Livre,SUDESTE,15.12,0.0760779999999999
202504.0,2025-04-07,48762.0,C CL FUNDICAO PAVANELLI,Consumidor Livre,SUDESTE,15.12,4.131046
202504.0,2025-04-08,48762.0,C CL FUNDICAO PAVANELLI,Consumidor Livre,SUDESTE,15.12,4.102245
202504.0,2025-04-09,48762.0,C CL FUNDICAO PAVANELLI,Consumidor Livre,SUDESTE,15.12,3.975517
202504.0,2025-04-10,48762.0,C CL FUNDICAO PAVANELLI,Consumidor Livre,SUDESTE,15.12,3.615067
202504.0,2025-04-11,48762.0,C CL FUNDICAO PAVANELLI,Consumidor Livre,SUDESTE,15.12,0.473274
202504.0,2025-04-12,48762.0,C CL FUNDICAO PAVANELLI,Consumidor Livre,SUDESTE,15.12,0.090496
202504.0,2025-04-13,48762.0,C CL FUNDICAO PAVANELLI,Consumidor Livre,SUDESTE,15.12,0.1804049999999999
202504.0,2025-04-14,48762.0,C CL FUNDICAO PAVANELLI,Consumidor Livre,SUDESTE,15.12,4.777053
202504.0,2025-04-15,48762.0,C CL FUNDICAO PAVANELLI,Consumidor Livre,SUDESTE,15.12,4.081316
202504.0,2025-04-16,48762.0,C CL FUNDICAO PAVANELLI,Consumidor Livre,SUDESTE,15.12,4.05822
202504.0,2025-04-17,48762.0,C CL FUNDICAO PAVANELLI,Consumidor Livre,SUDESTE,15.12,4.571174
202504.0,2025-04-18,48762.0,C CL FUNDICAO PAVANELLI,Consumidor Livre,SUDESTE,15.12,0.161803
202504.0,2025-04-19,48762.0,C CL FUNDICAO PAVANELLI,Consumidor Livre,SUDESTE,15.12,0.099442
202504.0,2025-04-20,48762.0,C CL FUNDICAO PAVANELLI,Consumidor Livre,SUDESTE,15.12,0.100045
202504.0,2025-04-21,48762.0,C CL FUNDICAO PAVANELLI,Consumidor Livre,SUDESTE,15.12,0.089336
202504.0,2025-04-22,48762.0,C CL FUNDICAO PAVANELLI,Consumidor Livre,SUDESTE,15.12,0.436405
202504.0,2025-04-23,48762.0,C CL FUNDICAO PAVANELLI,Consumidor Livre,SUDESTE,15.12,4.635716
202504.0,2025-04-24,48762.0,C CL FUNDICAO PAVANELLI,Consumidor Livre,SUDESTE,15.12,4.839174
202504.0,2025-04-25,48762.0,C CL FUNDICAO PAVANELLI,Consumidor Livre,SUDESTE,15.12,4.201885
202504.0,2025-04-26,48762.0,C CL FUNDICAO PAVANELLI,Consumidor Livre,SUDESTE,15.12,0.150744
202504.0,2025-04-27,48762.0,C CL FUNDICAO PAVANELLI,Consumidor Livre,SUDESTE,15.12,0.099883
202504.0,2025-04-28,48762.0,C CL FUNDICAO PAVANELLI,Consumidor Livre,SUDESTE,15.12,3.908797
202504.0,2025-04-29,48762.0,C CL FUNDICAO PAVANELLI,Consumidor Livre,SUDESTE,15.12,3.858155
202504.0,2025-04-30,48762.0,C CL FUNDICAO PAVANELLI,Consumidor Livre,SUDESTE,15.12,4.628191
202505.0,2025-05-01,48762.0,C CL FUNDICAO PAVANELLI,Consumidor Livre,SUDESTE,15.12,0.152972
202505.0,2025-05-02,48762.0,C CL FUNDICAO PAVANELLI,Consumidor Livre,SUDESTE,15.12,0.086228
202505.0,2025-05-03,48762.0,C CL FUNDICAO PAVANELLI,Consumidor Livre,SUDESTE,15.12,0.081361
202505.0,2025-05-04,48762.0,C CL FUNDICAO PAVANELLI,Consumidor Livre,SUDESTE,15.12,0.085674
202505.0,2025-05-05,48762.0,C CL FUNDICAO PAVANELLI,Consumidor Livre,SUDESTE,15.12,0.429302
202505.0,2025-05-06,48762.0,C CL FUNDICAO PAVANELLI,Consumidor Livre,SUDESTE,15.12,4.546431
202505.0,2025-05-07,48762.0,C CL FUNDICAO PAVANELLI,Consumidor Livre,SUDESTE,15.12,4.558835
202505.0,2025-05-08,48762.0,C CL FUNDICAO PAVANELLI,Consumidor Livre,SUDESTE,15.12,4.837624
202505.0,2025-05-09,48762.0,C CL FUNDICAO PAVANELLI,Consumidor Livre,SUDESTE,15.12,0.495514
202505.0,2025-05-10,48762.0,C CL FUNDICAO PAVANELLI,Consumidor Livre,SUDESTE,15.12,0.097779
202505.0,2025-05-11,48762.0,C CL FUNDICAO PAVANELLI,Consumidor Livre,SUDESTE,15.12,0.081377
202505.0,2025-05-12,48762.0,C CL FUNDICAO PAVANELLI,Consumidor Livre,SUDESTE,15.12,4.752834
202505.0,2025-05-13,48762.0,C CL FUNDICAO PAVANELLI,Consumidor Livre,SUDESTE,15.12,4.781672
202505.0,2025-05-14,48762.0,C CL FUNDICAO PAVANELLI,Consumidor Livre,SUDESTE,15.12,4.692184
202505.0,2025-05-15,48762.0,C CL FUNDICAO PAVANELLI,Consumidor Livre,SUDESTE,15.12,3.906054
202505.0,2025-05-16,48762.0,C CL FUNDICAO PAVANELLI,Consumidor Livre,SUDESTE,15.12,0.313949
202505.0,2025-05-17,48762.0,C CL FUNDICAO PAVANELLI,Consumidor Livre,SUDESTE,15.12,0.095941
202505.0,2025-05-18,48762.0,C CL FUNDICAO PAVANELLI,Consumidor Livre,SUDESTE,15.12,0.086622
202505.0,2025-05-19,48762.0,C CL FUNDICAO PAVANELLI,Consumidor Livre,SUDESTE,15.12,0.421889
202505.0,2025-05-20,48762.0,C CL FUNDICAO PAVANELLI,Consumidor Livre,SUDESTE,15.12,4.644783
202505.0,2025-05-21,48762.0,C CL FUNDICAO PAVANELLI,Consumidor Livre,SUDESTE,15.12,4.763363
202505.0,2025-05-22,48762.0,C CL FUNDICAO PAVANELLI,Consumidor Livre,SUDESTE,15.12,4.779026
202505.0,2025-05-23,48762.0,C CL FUNDICAO PAVANELLI,Consumidor Livre,SUDESTE,15.12,4.638554
202505.0,2025-05-24,48762.0,C CL FUNDICAO PAVANELLI,Consumidor Livre,SUDESTE,15.12,0.259304
202505.0,2025-05-25,48762.0,C CL FUNDICAO PAVANELLI,Consumidor Livre,SUDESTE,15.12,0.085156
202505.0,2025-05-26,48762.0,C CL FUNDICAO PAVANELLI,Consumidor Livre,SUDESTE,15.12,0.409395
202505.0,2025-05-27,48762.0,C CL FUNDICAO PAVANELLI,Consumidor Livre,SUDESTE,15.12,4.5726830000000005
202505.0,2025-05-28,48762.0,C CL FUNDICAO PAVANELLI,Consumidor Livre,SUDESTE,15.12,4.646453
202505.0,2025-05-29,48762.0,C CL FUNDICAO PAVANELLI,Consumidor Livre,SUDESTE,15.12,4.594484
202505.0,2025-05-30,48762.0,C CL FUNDICAO PAVANELLI,Consumidor Livre,SUDESTE,15.12,0.503525
202505.0,2025-05-31,48762.0,C CL FUNDICAO PAVANELLI,Consumidor Livre,SUDESTE,15.12,0.098173
202506.0,2025-06-01,48762.0,C CL FUNDICAO PAVANELLI,Consumidor Livre,SUDESTE,15.12,0.180866
202506.0,2025-06-02,48762.0,C CL FUNDICAO PAVANELLI,Consumidor Livre,SUDESTE,15.12,4.768805
202506.0,2025-06-03,48762.0,C CL FUNDICAO PAVANELLI,Consumidor Livre,SUDESTE,15.12,4.660889
202506.0,2025-06-04,48762.0,C CL FUNDICAO PAVANELLI,Consumidor Livre,SUDESTE,15.12,4.60254
202506.0,2025-06-05,48762.0,C CL FUNDICAO PAVANELLI,Consumidor Livre,SUDESTE,15.12,5.244097
202506.0,2025-06-06,48762.0,C CL FUNDICAO PAVANELLI,Consumidor Livre,SUDESTE,15.12,0.4868949999999999
202506.0,2025-06-07,48762.0,C CL FUNDICAO PAVANELLI,Consumidor Livre,SUDESTE,15.12,0.142793
202506.0,2025-06-08,48762.0,C CL FUNDICAO PAVANELLI,Consumidor Livre,SUDESTE,15.12,0.086042
202506.0,2025-06-09,48762.0,C CL FUNDICAO PAVANELLI,Consumidor Livre,SUDESTE,15.12,4.568612
202506.0,2025-06-10,48762.0,C CL FUNDICAO PAVANELLI,Consumidor Livre,SUDESTE,15.12,4.768824
202506.0,2025-06-11,48762.0,C CL FUNDICAO PAVANELLI,Consumidor Livre,SUDESTE,15.12,4.542933
202506.0,2025-06-12,48762.0,C CL FUNDICAO PAVANELLI,Consumidor Livre,SUDESTE,15.12,5.141016
202506.0,2025-06-13,48762.0,C CL FUNDICAO PAVANELLI,Consumidor Livre,SUDESTE,15.12,0.460361
202506.0,2025-06-14,48762.0,C CL FUNDICAO PAVANELLI,Consumidor Livre,SUDESTE,15.12,0.209165
202506.0,2025-06-15,48762.0,C CL FUNDICAO PAVANELLI,Consumidor Livre,SUDESTE,15.12,0.087828
202506.0,2025-06-16,48762.0,C CL FUNDICAO PAVANELLI,Consumidor Livre,SUDESTE,15.12,4.595134
202506.0,2025-06-17,48762.0,C CL FUNDICAO PAVANELLI,Consumidor Livre,SUDESTE,15.12,4.758871
202506.0,2025-06-18,48762.0,C CL FUNDICAO PAVANELLI,Consumidor Livre,SUDESTE,15.12,4.982734
202506.0,2025-06-19,48762.0,C CL FUNDICAO PAVANELLI,Consumidor Livre,SUDESTE,15.12,0.123209
202506.0,2025-06-20,48762.0,C CL FUNDICAO PAVANELLI,Consumidor Livre,SUDESTE,15.12,0.076277
202506.0,2025-06-21,48762.0,C CL FUNDICAO PAVANELLI,Consumidor Livre,SUDESTE,15.12,0.087032
202506.0,2025-06-22,48762.0,C CL FUNDICAO PAVANELLI,Consumidor Livre,SUDESTE,15.12,0.080884
202506.0,2025-06-23,48762.0,C CL FUNDICAO PAVANELLI,Consumidor Livre,SUDESTE,15.12,0.447571
202506.0,2025-06-24,48762.0,C CL FUNDICAO PAVANELLI,Consumidor Livre,SUDESTE,15.12,4.318466
202506.0,2025-06-25,48762.0,C CL FUNDICAO PAVANELLI,Consumidor Livre,SUDESTE,15.12,3.906953
202506.0,2025-06-26,48762.0,C CL FUNDICAO PAVANELLI,Consumidor Livre,SUDESTE,15.12,4.053649
202506.0,2025-06-27,48762.0,C CL FUNDICAO PAVANELLI,Consumidor Livre,SUDESTE,15.12,0.486841
202506.0,2025-06-28,48762.0,C CL FUNDICAO PAVANELLI,Consumidor Livre,SUDESTE,15.12,0.096958
202506.0,2025-06-29,48762.0,C CL FUNDICAO PAVANELLI,Consumidor Livre,SUDESTE,15.12,0.083003
202506.0,2025-06-30,48762.0,C CL FUNDICAO PAVANELLI,Consumidor Livre,SUDESTE,15.12,4.605192
202507.0,2025-07-01,48762.0,C CL FUNDICAO PAVANELLI,Consumidor Livre,SUDESTE,15.12,0.518449
202507.0,2025-07-02,48762.0,C CL FUNDICAO PAVANELLI,Consumidor Livre,SUDESTE,15.12,5.20137
202507.0,2025-07-03,48762.0,C CL FUNDICAO PAVANELLI,Consumidor Livre,SUDESTE,15.12,5.955522
202507.0,2025-07-04,48762.0,C CL FUNDICAO PAVANELLI,Consumidor Livre,SUDESTE,15.12,0.511635
202507.0,2025-07-05,48762.0,C CL FUNDICAO PAVANELLI,Consumidor Livre,SUDESTE,15.12,0.088565
202507.0,2025-07-06,48762.0,C CL FUNDICAO PAVANELLI,Consumidor Livre,SUDESTE,15.12,0.0755
202507.0,2025-07-07,48762.0,C CL FUNDICAO PAVANELLI,Consumidor Livre,SUDESTE,15.12,6.009966
202507.0,2025-07-08,48762.0,C CL FUNDICAO PAVANELLI,Consumidor Livre,SUDESTE,15.12,0.53278
202507.0,2025-07-09,48762.0,C CL FUNDICAO PAVANELLI,Consumidor Livre,SUDESTE,15.12,0.077262
202507.0,2025-07-10,48762.0,C CL FUNDICAO PAVANELLI,Consumidor Livre,SUDESTE,15.12,7.112188
202507.0,2025-07-11,48762.0,C CL FUNDICAO PAVANELLI,Consumidor Livre,SUDESTE,15.12,1.332418
202507.0,2025-07-12,48762.0,C CL FUNDICAO PAVANELLI,Consumidor Livre,SUDESTE,15.12,0.190134
202507.0,2025-07-13,48762.0,C CL FUNDICAO PAVANELLI,Consumidor Livre,SUDESTE,15.12,0.078717
202507.0,2025-07-14,48762.0,C CL FUNDICAO PAVANELLI,Consumidor Livre,SUDESTE,15.12,4.536509
202507.0,2025-07-15,48762.0,C CL FUNDICAO PAVANELLI,Consumidor Livre,SUDESTE,15.12,0.507457
202507.0,2025-07-16,48762.0,C CL FUNDICAO PAVANELLI,Consumidor Livre,SUDESTE,15.12,5.206842
202507.0,2025-07-17,48762.0,C CL FUNDICAO PAVANELLI,Consumidor Livre,SUDESTE,15.12,5.4512920000000005
202507.0,2025-07-18,48762.0,C CL FUNDICAO PAVANELLI,Consumidor Livre,SUDESTE,15.12,0.520853
202507.0,2025-07-19,48762.0,C CL FUNDICAO PAVANELLI,Consumidor Livre,SUDESTE,15.12,0.082659
202507.0,2025-07-20,48762.0,C CL FUNDICAO PAVANELLI,Consumidor Livre,SUDESTE,15.12,0.088894
202507.0,2025-07-21,48762.0,C CL FUNDICAO PAVANELLI,Consumidor Livre,SUDESTE,15.12,4.939974
202507.0,2025-07-22,48762.0,C CL FUNDICAO PAVANELLI,Consumidor Livre,SUDESTE,15.12,0.533488
202507.0,2025-07-23,48762.0,C CL FUNDICAO PAVANELLI,Consumidor Livre,SUDESTE,15.12,5.160131
202507.0,2025-07-24,48762.0,C CL FUNDICAO PAVANELLI,Consumidor Livre,SUDESTE,15.12,5.344592
202507.0,2025-07-25,48762.0,C CL FUNDICAO PAVANELLI,Consumidor Livre,SUDESTE,15.12,0.4810999999999999
202507.0,2025-07-26,48762.0,C CL FUNDICAO PAVANELLI,Consumidor Livre,SUDESTE,15.12,0.094956
202507.0,2025-07-27,48762.0,C CL FUNDICAO PAVANELLI,Consumidor Livre,SUDESTE,15.12,0.076863
202507.0,2025-07-28,48762.0,C CL FUNDICAO PAVANELLI,Consumidor Livre,SUDESTE,15.12,4.443678
202507.0,2025-07-29,48762.0,C CL FUNDICAO PAVANELLI,Consumidor Livre,SUDESTE,15.12,0.461636
202507.0,2025-07-30,48762.0,C CL FUNDICAO PAVANELLI,Consumidor Livre,SUDESTE,15.12,4.50174
202507.0,2025-07-31,48762.0,C CL FUNDICAO PAVANELLI,Consumidor Livre,SUDESTE,15.12,4.245979
202508.0,2025-08-01,48762.0,C CL FUNDICAO PAVANELLI,Consumidor Livre,SUDESTE,15.12,0.414184
202508.0,2025-08-02,48762.0,C CL FUNDICAO PAVANELLI,Consumidor Livre,SUDESTE,15.12,0.093931
202508.0,2025-08-03,48762.0,C CL FUNDICAO PAVANELLI,Consumidor Livre,SUDESTE,15.12,0.080719
202508.0,2025-08-04,48762.0,C CL FUNDICAO PAVANELLI,Consumidor Livre,SUDESTE,15.12,5.184728
202508.0,2025-08-05,48762.0,C CL FUNDICAO PAVANELLI,Consumidor Livre,SUDESTE,15.12,0.49552
202508.0,2025-08-06,48762.0,C CL FUNDICAO PAVANELLI,Consumidor Livre,SUDESTE,15.12,0.086049
202508.0,2025-08-07,48762.0,C CL FUNDICAO PAVANELLI,Consumidor Livre,SUDESTE,15.12,5.771615
202508.0,2025-08-08,48762.0,C CL FUNDICAO PAVANELLI,Consumidor Livre,SUDESTE,15.12,0.464467
202508.0,2025-08-09,48762.0,C CL FUNDICAO PAVANELLI,Consumidor Livre,SUDESTE,15.12,0.093857
202508.0,2025-08-10,48762.0,C CL FUNDICAO PAVANELLI,Consumidor Livre,SUDESTE,15.12,0.079826
202508.0,2025-08-11,48762.0,C CL FUNDICAO PAVANELLI,Consumidor Livre,SUDESTE,15.12,5.340017
202508.0,2025-08-12,48762.0,C CL FUNDICAO PAVANELLI,Consumidor Livre,SUDESTE,15.12,0.498687
202508.0,2025-08-13,48762.0,C CL FUNDICAO PAVANELLI,Consumidor Livre,SUDESTE,15.12,5.13009
202508.0,2025-08-14,48762.0,C CL FUNDICAO PAVANELLI,Consumidor Livre,SUDESTE,15.12,4.810261000000001
202508.0,2025-08-15,48762.0,C CL FUNDICAO PAVANELLI,Consumidor Livre,SUDESTE,15.12,0.4864799999999999
202508.0,2025-08-16,48762.0,C CL FUNDICAO PAVANELLI,Consumidor Livre,SUDESTE,15.12,0.070248
202508.0,2025-08-17,48762.0,C CL FUNDICAO PAVANELLI,Consumidor Livre,SUDESTE,15.12,0.07923
202508.0,2025-08-18,48762.0,C CL FUNDICAO PAVANELLI,Consumidor Livre,SUDESTE,15.12,5.098083
202508.0,2025-08-19,48762.0,C CL FUNDICAO PAVANELLI,Consumidor Livre,SUDESTE,15.12,0.529661
202508.0,2025-08-20,48762.0,C CL FUNDICAO PAVANELLI,Consumidor Livre,SUDESTE,15.12,4.646305
202508.0,2025-08-21,48762.0,C CL FUNDICAO PAVANELLI,Consumidor Livre,SUDESTE,15.12,4.574948
202508.0,2025-08-22,48762.0,C CL FUNDICAO PAVANELLI,Consumidor Livre,SUDESTE,15.12,0.508764
202508.0,2025-08-23,48762.0,C CL FUNDICAO PAVANELLI,Consumidor Livre,SUDESTE,15.12,0.088674
202508.0,2025-08-24,48762.0,C CL FUNDICAO PAVANELLI,Consumidor Livre,SUDESTE,15.12,0.0810449999999999
202508.0,2025-08-25,48762.0,C CL FUNDICAO PAVANELLI,Consumidor Livre,SUDESTE,15.12,4.883278
202508.0,2025-08-26,48762.0,C CL FUNDICAO PAVANELLI,Consumidor Livre,SUDESTE,15.12,0.497103
202508.0,2025-08-27,48762.0,C CL FUNDICAO PAVANELLI,Consumidor Livre,SUDESTE,15.12,4.859971
202508.0,2025-08-28,48762.0,C CL FUNDICAO PAVANELLI,Consumidor Livre,SUDESTE,15.12,4.55319
202508.0,2025-08-29,48762.0,C CL FUNDICAO PAVANELLI,Consumidor Livre,SUDESTE,15.12,0.469374
202508.0,2025-08-30,48762.0,C CL FUNDICAO PAVANELLI,Consumidor Livre,SUDESTE,15.12,0.092392
202508.0,2025-08-31,48762.0,C CL FUNDICAO PAVANELLI,Consumidor Livre,SUDESTE,15.12,0.078253
