MES_REFERENCIA,DATA,CODIGO_PERFIL_AGENTE,SIGLA_PERFIL_AGENTE,CLASSE_PERFIL_AGENTE,SUBMERCADO,CAPACIDADE_CARGA,CONSUMO_CARGA_ACL
,2022-01-01,90511.0,TAKASAGO FRAGRANCIAS,Consumidor Especial,SUDESTE,12.0,1.141423
,2022-01-02,90511.0,TAKASAGO FRAGRANCIAS,Consumidor Especial,SUDESTE,12.0,1.174933
,2022-01-03,90511.0,TAKASAGO FRAGRANCIAS,Consumidor Especial,SUDESTE,12.0,3.550526
,2022-01-04,90511.0,TAKASAGO FRAGRANCIAS,Consumidor Especial,SUDESTE,12.0,3.630884
,2022-01-05,90511.0,TAKASAGO FRAGRANCIAS,Consumidor Especial,SUDESTE,12.0,3.506722
,2022-01-06,90511.0,TAKASAGO FRAGRANCIAS,Consumidor Especial,SUDESTE,12.0,3.537244
,2022-01-07,90511.0,TAKASAGO FRAGRANCIAS,Consumidor Especial,SUDESTE,12.0,3.258538
,2022-01-08,90511.0,TAKASAGO FRAGRANCIAS,Consumidor Especial,SUDESTE,12.0,1.715617
,2022-01-09,90511.0,TAKASAGO FRAGRANCIAS,Consumidor Especial,SUDESTE,12.0,1.51883
,2022-01-10,90511.0,TAKASAGO FRAGRANCIAS,Consumidor Especial,SUDESTE,12.0,3.418943
,2022-01-11,90511.0,TAKASAGO FRAGRANCIAS,Consumidor Especial,SUDESTE,12.0,3.38493
,2022-01-12,90511.0,TAKASAGO FRAGRANCIAS,Consumidor Especial,SUDESTE,12.0,3.55743
,2022-01-13,90511.0,TAKASAGO FRAGRANCIAS,Consumidor Especial,SUDESTE,12.0,3.88146
,2022-01-14,90511.0,TAKASAGO FRAGRANCIAS,Consumidor Especial,SUDESTE,12.0,4.041101
,2022-01-15,90511.0,TAKASAGO FRAGRANCIAS,Consumidor Especial,SUDESTE,12.0,1.776258
,2022-01-16,90511.0,TAKASAGO FRAGRANCIAS,Consumidor Especial,SUDESTE,12.0,1.637249
,2022-01-17,90511.0,TAKASAGO FRAGRANCIAS,Consumidor Especial,SUDESTE,12.0,4.204854
,2022-01-18,90511.0,TAKASAGO FRAGRANCIAS,Consumidor Especial,SUDESTE,12.0,4.495518
,2022-01-19,90511.0,TAKASAGO FRAGRANCIAS,Consumidor Especial,SUDESTE,12.0,4.104042
,2022-01-20,90511.0,TAKASAGO FRAGRANCIAS,Consumidor Especial,SUDESTE,12.0,4.353896
,2022-01-21,90511.0,TAKASAGO FRAGRANCIAS,Consumidor Especial,SUDESTE,12.0,4.43059
,2022-01-22,90511.0,TAKASAGO FRAGRANCIAS,Consumidor Especial,SUDESTE,12.0,2.095512
,2022-01-23,90511.0,TAKASAGO FRAGRANCIAS,Consumidor Especial,SUDESTE,12.0,1.881399
,2022-01-24,90511.0,TAKASAGO FRAGRANCIAS,Consumidor Especial,SUDESTE,12.0,4.685096
,2022-01-25,90511.0,TAKASAGO FRAGRANCIAS,Consumidor Especial,SUDESTE,12.0,4.674049
,2022-01-26,90511.0,TAKASAGO FRAGRANCIAS,Consumidor Especial,SUDESTE,12.0,4.5872910000000005
,2022-01-27,90511.0,TAKASAGO FRAGRANCIAS,Consumidor Especial,SUDESTE,12.0,4.249956
,2022-01-28,90511.0,TAKASAGO FRAGRANCIAS,Consumidor Especial,SUDESTE,12.0,4.084854
,2022-01-29,90511.0,TAKASAGO FRAGRANCIAS,Consumidor Especial,SUDESTE,12.0,1.777109
,2022-01-30,90511.0,TAKASAGO FRAGRANCIAS,Consumidor Especial,SUDESTE,12.0,1.458748
,2022-01-31,90511.0,TAKASAGO FRAGRANCIAS,Consumidor Especial,SUDESTE,12.0,3.434062
,2022-02-01,90511.0,TAKASAGO FRAGRANCIAS,Consumidor Especial,SUDESTE,12.0,3.564935
,2022-02-02,90511.0,TAKASAGO FRAGRANCIAS,Consumidor Especial,SUDESTE,12.0,3.142317
,2022-02-03,90511.0,TAKASAGO FRAGRANCIAS,Consumidor Especial,SUDESTE,12.0,3.423477
,2022-02-04,90511.0,TAKASAGO FRAGRANCIAS,Consumidor Especial,SUDESTE,12.0,3.633383
,2022-02-05,90511.0,TAKASAGO FRAGRANCIAS,Consumidor Especial,SUDESTE,12.0,1.655471
,2022-02-06,90511.0,TAKASAGO FRAGRANCIAS,Consumidor Especial,SUDESTE,12.0,1.507965
,2022-02-07,90511.0,TAKASAGO FRAGRANCIAS,Consumidor Especial,SUDESTE,12.0,3.717242
,2022-02-08,90511.0,TAKASAGO FRAGRANCIAS,Consumidor Especial,SUDESTE,12.0,3.492942
,2022-02-09,90511.0,TAKASAGO FRAGRANCIAS,Consumidor Especial,SUDESTE,12.0,3.276645
,2022-02-10,90511.0,TAKASAGO FRAGRANCIAS,Consumidor Especial,SUDESTE,12.0,3.610242
,2022-02-11,90511.0,TAKASAGO FRAGRANCIAS,Consumidor Especial,SUDESTE,12.0,3.497387
,2022-02-12,90511.0,TAKASAGO FRAGRANCIAS,Consumidor Especial,SUDESTE,12.0,1.692099
,2022-02-13,90511.0,TAKASAGO FRAGRANCIAS,Consumidor Especial,SUDESTE,12.0,1.579337
,2022-02-14,90511.0,TAKASAGO FRAGRANCIAS,Consumidor Especial,SUDESTE,12.0,4.314766
,2022-02-15,90511.0,TAKASAGO FRAGRANCIAS,Consumidor Especial,SUDESTE,12.0,4.355298
,2022-02-16,90511.0,TAKASAGO FRAGRANCIAS,Consumidor Especial,SUDESTE,12.0,4.230048
,2022-02-17,90511.0,TAKASAGO FRAGRANCIAS,Consumidor Especial,SUDESTE,12.0,3.724174
,2022-02-18,90511.0,TAKASAGO FRAGRANCIAS,Consumidor Especial,SUDESTE,12.0,3.544962
,2022-02-19,90511.0,TAKASAGO FRAGRANCIAS,Consumidor Especial,SUDESTE,12.0,1.616106
,2022-02-20,90511.0,TAKASAGO FRAGRANCIAS,Consumidor Especial,SUDESTE,12.0,1.550986
,2022-02-21,90511.0,TAKASAGO FRAGRANCIAS,Consumidor Especial,SUDESTE,12.0,4.183228
,2022-02-22,90511.0,TAKASAGO FRAGRANCIAS,Consumidor Especial,SUDESTE,12.0,4.255034
,2022-02-23,90511.0,TAKASAGO FRAGRANCIAS,Consumidor Especial,SUDESTE,12.0,4.370543
,2022-02-24,90511.0,TAKASAGO FRAGRANCIAS,Consumidor Especial,SUDESTE,12.0,4.272828
,2022-02-25,90511.0,TAKASAGO FRAGRANCIAS,Consumidor Especial,SUDESTE,12.0,4.103142
,2022-02-26,90511.0,TAKASAGO FRAGRANCIAS,Consumidor Especial,SUDESTE,12.0,1.732011
,2022-02-27,90511.0,TAKASAGO FRAGRANCIAS,Consumidor Especial,SUDESTE,12.0,1.621759
,2022-02-28,90511.0,TAKASAGO FRAGRANCIAS,Consumidor Especial,SUDESTE,12.0,1.775096
,2022-03-01,90511.0,TAKASAGO FRAGRANCIAS,Consumidor Especial,SUDESTE,12.0,1.444266
,2022-03-02,90511.0,TAKASAGO FRAGRANCIAS,Consumidor Especial,SUDESTE,12.0,1.46944
,2022-03-03,90511.0,TAKASAGO FRAGRANCIAS,Consumidor Especial,SUDESTE,12.0,4.488504
,2022-03-04,90511.0,TAKASAGO FRAGRANCIAS,Consumidor Especial,SUDESTE,12.0,4.366655
,2022-03-05,90511.0,TAKASAGO FRAGRANCIAS,Consumidor Especial,SUDESTE,12.0,1.680081
,2022-03-06,90511.0,TAKASAGO FRAGRANCIAS,Consumidor Especial,SUDESTE,12.0,1.503863
,2022-03-07,90511.0,TAKASAGO FRAGRANCIAS,Consumidor Especial,SUDESTE,12.0,4.417153
,2022-03-08,90511.0,TAKASAGO FRAGRANCIAS,Consumidor Especial,SUDESTE,12.0,4.410074
,2022-03-09,90511.0,TAKASAGO FRAGRANCIAS,Consumidor Especial,SUDESTE,12.0,4.544297
,2022-03-10,90511.0,TAKASAGO FRAGRANCIAS,Consumidor Especial,SUDESTE,12.0,4.421701
,2022-03-11,90511.0,TAKASAGO FRAGRANCIAS,Consumidor Especial,SUDESTE,12.0,3.734291
,2022-03-12,90511.0,TAKASAGO FRAGRANCIAS,Consumidor Especial,SUDESTE,12.0,1.520247
,2022-03-13,90511.0,TAKASAGO FRAGRANCIAS,Consumidor Especial,SUDESTE,12.0,1.423124
,2022-03-14,90511.0,TAKASAGO FRAGRANCIAS,Consumidor Especial,SUDESTE,12.0,3.994541
,2022-03-15,90511.0,TAKASAGO FRAGRANCIAS,Consumidor Especial,SUDESTE,12.0,4.055986
,2022-03-16,90511.0,TAKASAGO FRAGRANCIAS,Consumidor Especial,SUDESTE,12.0,4.035527
,2022-03-17,90511.0,TAKASAGO FRAGRANCIAS,Consumidor Especial,SUDESTE,12.0,4.095628
,2022-03-18,90511.0,TAKASAGO FRAGRANCIAS,Consumidor Especial,SUDESTE,12.0,4.127235
,2022-03-19,90511.0,TAKASAGO FRAGRANCIAS,Consumidor Especial,SUDESTE,12.0,1.727069
,2022-03-20,90511.0,TAKASAGO FRAGRANCIAS,Consumidor Especial,SUDESTE,12.0,1.315764
,2022-03-21,90511.0,TAKASAGO FRAGRANCIAS,Consumidor Especial,SUDESTE,12.0,3.445403
,2022-03-22,90511.0,TAKASAGO FRAGRANCIAS,Consumidor Especial,SUDESTE,12.0,3.627614
,2022-03-23,90511.0,TAKASAGO FRAGRANCIAS,Consumidor Especial,SUDESTE,12.0,3.781344
,2022-03-24,90511.0,TAKASAGO FRAGRANCIAS,Consumidor Especial,SUDESTE,12.0,4.095955
,2022-03-25,90511.0,TAKASAGO FRAGRANCIAS,Consumidor Especial,SUDESTE,12.0,4.126048
,2022-03-26,90511.0,TAKASAGO FRAGRANCIAS,Consumidor Especial,SUDESTE,12.0,2.032684
,2022-03-27,90511.0,TAKASAGO FRAGRANCIAS,Consumidor Especial,SUDESTE,12.0,1.63612
,2022-03-28,90511.0,TAKASAGO FRAGRANCIAS,Consumidor Especial,SUDESTE,12.0,4.022075
,2022-03-29,90511.0,TAKASAGO FRAGRANCIAS,Consumidor Especial,SUDESTE,12.0,4.1630650000000005
,2022-03-30,90511.0,TAKASAGO FRAGRANCIAS,Consumidor Especial,SUDESTE,12.0,4.05543
,2022-03-31,90511.0,TAKASAGO FRAGRANCIAS,Consumidor Especial,SUDESTE,12.0,3.697667
,2022-04-01,90511.0,TAKASAGO FRAGRANCIAS,Consumidor Especial,SUDESTE,12.0,3.252742
,2022-04-02,90511.0,TAKASAGO FRAGRANCIAS,Consumidor Especial,SUDESTE,12.0,1.742384
,2022-04-03,90511.0,TAKASAGO FRAGRANCIAS,Consumidor Especial,SUDESTE,12.0,1.695687
,2022-04-04,90511.0,TAKASAGO FRAGRANCIAS,Consumidor Especial,SUDESTE,12.0,4.198633
,2022-04-05,90511.0,TAKASAGO FRAGRANCIAS,Consumidor Especial,SUDESTE,12.0,4.151485
,2022-04-06,90511.0,TAKASAGO FRAGRANCIAS,Consumidor Especial,SUDESTE,12.0,3.967975
,2022-04-07,90511.0,TAKASAGO FRAGRANCIAS,Consumidor Especial,SUDESTE,12.0,3.870869
,2022-04-08,90511.0,TAKASAGO FRAGRANCIAS,Consumidor Especial,SUDESTE,12.0,3.896186
,2022-04-09,90511.0,TAKASAGO FRAGRANCIAS,Consumidor Especial,SUDESTE,12.0,2.00187
,2022-04-10,90511.0,TAKASAGO FRAGRANCIAS,Consumidor Especial,SUDESTE,12.0,1.866199
,2022-04-11,90511.0,TAKASAGO FRAGRANCIAS,Consumidor Especial,SUDESTE,12.0,4.145662
,2022-04-12,90511.0,TAKASAGO FRAGRANCIAS,Consumidor Especial,SUDESTE,12.0,3.798586
,2022-04-13,90511.0,TAKASAGO FRAGRANCIAS,Consumidor Especial,SUDESTE,12.0,3.719706
,2022-04-14,90511.0,TAKASAGO FRAGRANCIAS,Consumidor Especial,SUDESTE,12.0,3.861826
,2022-04-15,90511.0,TAKASAGO FRAGRANCIAS,Consumidor Especial,SUDESTE,12.0,2.003727
,2022-04-16,90511.0,TAKASAGO FRAGRANCIAS,Consumidor Especial,SUDESTE,12.0,1.496924
,2022-04-17,90511.0,TAKASAGO FRAGRANCIAS,Consumidor Especial,SUDESTE,12.0,1.466782
,2022-04-18,90511.0,TAKASAGO FRAGRANCIAS,Consumidor Especial,SUDESTE,12.0,3.25722
,2022-04-19,90511.0,TAKASAGO FRAGRANCIAS,Consumidor Especial,SUDESTE,12.0,3.388445
,2022-04-20,90511.0,TAKASAGO FRAGRANCIAS,Consumidor Especial,SUDESTE,12.0,3.592418
,2022-04-21,90511.0,TAKASAGO FRAGRANCIAS,Consumidor Especial,SUDESTE,12.0,2.299527
,2022-04-22,90511.0,TAKASAGO FRAGRANCIAS,Consumidor Especial,SUDESTE,12.0,1.72014
,2022-04-23,90511.0,TAKASAGO FRAGRANCIAS,Consumidor Especial,SUDESTE,12.0,1.537979
,2022-04-24,90511.0,TAKASAGO FRAGRANCIAS,Consumidor Especial,SUDESTE,12.0,1.452319
,2022-04-25,90511.0,TAKASAGO FRAGRANCIAS,Consumidor Especial,SUDESTE,12.0,3.844634
,2022-04-26,90511.0,TAKASAGO FRAGRANCIAS,Consumidor Especial,SUDESTE,12.0,3.876061
,2022-04-27,90511.0,TAKASAGO FRAGRANCIAS,Consumidor Especial,SUDESTE,12.0,3.940067
,2022-04-28,90511.0,TAKASAGO FRAGRANCIAS,Consumidor Especial,SUDESTE,12.0,3.900398
,2022-04-29,90511.0,TAKASAGO FRAGRANCIAS,Consumidor Especial,SUDESTE,12.0,3.349253
,2022-04-30,90511.0,TAKASAGO FRAGRANCIAS,Consumidor Especial,SUDESTE,12.0,1.585667
,2022-05-01,90511.0,TAKASAGO FRAGRANCIAS,Consumidor Especial,SUDESTE,12.0,1.479273
,2022-05-02,90511.0,TAKASAGO FRAGRANCIAS,Consumidor Especial,SUDESTE,12.0,3.376376
,2022-05-03,90511.0,TAKASAGO FRAGRANCIAS,Consumidor Especial,SUDESTE,12.0,3.69295
,2022-05-04,90511.0,TAKASAGO FRAGRANCIAS,Consumidor Especial,SUDESTE,12.0,2.873449
,2022-05-05,90511.0,TAKASAGO FRAGRANCIAS,Consumidor Especial,SUDESTE,12.0,2.557018
,2022-05-06,90511.0,TAKASAGO FRAGRANCIAS,Consumidor Especial,SUDESTE,12.0,2.656584
,2022-05-07,90511.0,TAKASAGO FRAGRANCIAS,Consumidor Especial,SUDESTE,12.0,1.468142
,2022-05-08,90511.0,TAKASAGO FRAGRANCIAS,Consumidor Especial,SUDESTE,12.0,1.349665
,2022-05-09,90511.0,TAKASAGO FRAGRANCIAS,Consumidor Especial,SUDESTE,12.0,2.929423
,2022-05-10,90511.0,TAKASAGO FRAGRANCIAS,Consumidor Especial,SUDESTE,12.0,2.945473
,2022-05-11,90511.0,TAKASAGO FRAGRANCIAS,Consumidor Especial,SUDESTE,12.0,3.262895
,2022-05-12,90511.0,TAKASAGO FRAGRANCIAS,Consumidor Especial,SUDESTE,12.0,3.401469
,2022-05-13,90511.0,TAKASAGO FRAGRANCIAS,Consumidor Especial,SUDESTE,12.0,3.317493
,2022-05-14,90511.0,TAKASAGO FRAGRANCIAS,Consumidor Especial,SUDESTE,12.0,1.700549
,2022-05-15,90511.0,TAKASAGO FRAGRANCIAS,Consumidor Especial,SUDESTE,12.0,1.448874
,2022-05-16,90511.0,TAKASAGO FRAGRANCIAS,Consumidor Especial,SUDESTE,12.0,3.221757
,2022-05-17,90511.0,TAKASAGO FRAGRANCIAS,Consumidor Especial,SUDESTE,12.0,3.036527
,2022-05-18,90511.0,TAKASAGO FRAGRANCIAS,Consumidor Especial,SUDESTE,12.0,2.78183
,2022-05-19,90511.0,TAKASAGO FRAGRANCIAS,Consumidor Especial,SUDESTE,12.0,2.773424
,2022-05-20,90511.0,TAKASAGO FRAGRANCIAS,Consumidor Especial,SUDESTE,12.0,2.505723
,2022-05-21,90511.0,TAKASAGO FRAGRANCIAS,Consumidor Especial,SUDESTE,12.0,1.359286
,2022-05-22,90511.0,TAKASAGO FRAGRANCIAS,Consumidor Especial,SUDESTE,12.0,1.265339
,2022-05-23,90511.0,TAKASAGO FRAGRANCIAS,Consumidor Especial,SUDESTE,12.0,2.817129
,2022-05-24,90511.0,TAKASAGO FRAGRANCIAS,Consumidor Especial,SUDESTE,12.0,2.980075
,2022-05-25,90511.0,TAKASAGO FRAGRANCIAS,Consumidor Especial,SUDESTE,12.0,2.912437
,2022-05-26,90511.0,TAKASAGO FRAGRANCIAS,Consumidor Especial,SUDESTE,12.0,2.945124
,2022-05-27,90511.0,TAKASAGO FRAGRANCIAS,Consumidor Especial,SUDESTE,12.0,3.065592
,2022-05-28,90511.0,TAKASAGO FRAGRANCIAS,Consumidor Especial,SUDESTE,12.0,1.485534
,2022-05-29,90511.0,TAKASAGO FRAGRANCIAS,Consumidor Especial,SUDESTE,12.0,1.394944
,2022-05-30,90511.0,TAKASAGO FRAGRANCIAS,Consumidor Especial,SUDESTE,12.0,3.16273
,2022-05-31,90511.0,TAKASAGO FRAGRANCIAS,Consumidor Especial,SUDESTE,12.0,2.923875
,2022-06-01,90511.0,TAKASAGO FRAGRANCIAS,Consumidor Especial,SUDESTE,12.0,2.888749
,2022-06-02,90511.0,TAKASAGO FRAGRANCIAS,Consumidor Especial,SUDESTE,12.0,2.980362
,2022-06-03,90511.0,TAKASAGO FRAGRANCIAS,Consumidor Especial,SUDESTE,12.0,2.8323
,2022-06-04,90511.0,TAKASAGO FRAGRANCIAS,Consumidor Especial,SUDESTE,12.0,1.696397
,2022-06-05,90511.0,TAKASAGO FRAGRANCIAS,Consumidor Especial,SUDESTE,12.0,1.401601
,2022-06-06,90511.0,TAKASAGO FRAGRANCIAS,Consumidor Especial,SUDESTE,12.0,2.970604
,2022-06-07,90511.0,TAKASAGO FRAGRANCIAS,Consumidor Especial,SUDESTE,12.0,3.004084
,2022-06-08,90511.0,TAKASAGO FRAGRANCIAS,Consumidor Especial,SUDESTE,12.0,3.119869
,2022-06-09,90511.0,TAKASAGO FRAGRANCIAS,Consumidor Especial,SUDESTE,12.0,3.093205
,2022-06-10,90511.0,TAKASAGO FRAGRANCIAS,Consumidor Especial,SUDESTE,12.0,3.06401
,2022-06-11,90511.0,TAKASAGO FRAGRANCIAS,Consumidor Especial,SUDESTE,12.0,2.136365
,2022-06-12,90511.0,TAKASAGO FRAGRANCIAS,Consumidor Especial,SUDESTE,12.0,1.350689
,2022-06-13,90511.0,TAKASAGO FRAGRANCIAS,Consumidor Especial,SUDESTE,12.0,2.811676
,2022-06-14,90511.0,TAKASAGO FRAGRANCIAS,Consumidor Especial,SUDESTE,12.0,2.935854
,2022-06-15,90511.0,TAKASAGO FRAGRANCIAS,Consumidor Especial,SUDESTE,12.0,2.536331
,2022-06-16,90511.0,TAKASAGO FRAGRANCIAS,Consumidor Especial,SUDESTE,12.0,1.086614
,2022-06-17,90511.0,TAKASAGO FRAGRANCIAS,Consumidor Especial,SUDESTE,12.0,1.17449
,2022-06-18,90511.0,TAKASAGO FRAGRANCIAS,Consumidor Especial,SUDESTE,12.0,1.117056
,2022-06-19,90511.0,TAKASAGO FRAGRANCIAS,Consumidor Especial,SUDESTE,12.0,1.031185
,2022-06-20,90511.0,TAKASAGO FRAGRANCIAS,Consumidor Especial,SUDESTE,12.0,2.609732
,2022-06-21,90511.0,TAKASAGO FRAGRANCIAS,Consumidor Especial,SUDESTE,12.0,2.991877
,2022-06-22,90511.0,TAKASAGO FRAGRANCIAS,Consumidor Especial,SUDESTE,12.0,3.19959
,2022-06-23,90511.0,TAKASAGO FRAGRANCIAS,Consumidor Especial,SUDESTE,12.0,3.191113
,2022-06-24,90511.0,TAKASAGO FRAGRANCIAS,Consumidor Especial,SUDESTE,12.0,3.039045
,2022-06-25,90511.0,TAKASAGO FRAGRANCIAS,Consumidor Especial,SUDESTE,12.0,2.450858
,2022-06-26,90511.0,TAKASAGO FRAGRANCIAS,Consumidor Especial,SUDESTE,12.0,1.322394
,2022-06-27,90511.0,TAKASAGO FRAGRANCIAS,Consumidor Especial,SUDESTE,12.0,2.936523
,2022-06-28,90511.0,TAKASAGO FRAGRANCIAS,Consumidor Especial,SUDESTE,12.0,3.13338
,2022-06-29,90511.0,TAKASAGO FRAGRANCIAS,Consumidor Especial,SUDESTE,12.0,3.0494190000000003
,2022-06-30,90511.0,TAKASAGO FRAGRANCIAS,Consumidor Especial,SUDESTE,12.0,2.914421
,2022-07-01,90511.0,TAKASAGO FRAGRANCIAS,Consumidor Especial,SUDESTE,12.0,2.704014
,2022-07-02,90511.0,TAKASAGO FRAGRANCIAS,Consumidor Especial,SUDESTE,12.0,1.49171
,2022-07-03,90511.0,TAKASAGO FRAGRANCIAS,Consumidor Especial,SUDESTE,12.0,1.353517
,2022-07-04,90511.0,TAKASAGO FRAGRANCIAS,Consumidor Especial,SUDESTE,12.0,3.144403
,2022-07-05,90511.0,TAKASAGO FRAGRANCIAS,Consumidor Especial,SUDESTE,12.0,3.119458
,2022-07-06,90511.0,TAKASAGO FRAGRANCIAS,Consumidor Especial,SUDESTE,12.0,2.810613
,2022-07-07,90511.0,TAKASAGO FRAGRANCIAS,Consumidor Especial,SUDESTE,12.0,2.791175
,2022-07-08,90511.0,TAKASAGO FRAGRANCIAS,Consumidor Especial,SUDESTE,12.0,2.940052
,2022-07-09,90511.0,TAKASAGO FRAGRANCIAS,Consumidor Especial,SUDESTE,12.0,1.394098
,2022-07-10,90511.0,TAKASAGO FRAGRANCIAS,Consumidor Especial,SUDESTE,12.0,1.309302
,2022-07-11,90511.0,TAKASAGO FRAGRANCIAS,Consumidor Especial,SUDESTE,12.0,3.024835
,2022-07-12,90511.0,TAKASAGO FRAGRANCIAS,Consumidor Especial,SUDESTE,12.0,3.16349
,2022-07-13,90511.0,TAKASAGO FRAGRANCIAS,Consumidor Especial,SUDESTE,12.0,3.197466
,2022-07-14,90511.0,TAKASAGO FRAGRANCIAS,Consumidor Especial,SUDESTE,12.0,3.306866
,2022-07-15,90511.0,TAKASAGO FRAGRANCIAS,Consumidor Especial,SUDESTE,12.0,2.893226
,2022-07-16,90511.0,TAKASAGO FRAGRANCIAS,Consumidor Especial,SUDESTE,12.0,1.547743
,2022-07-17,90511.0,TAKASAGO FRAGRANCIAS,Consumidor Especial,SUDESTE,12.0,1.466324
,2022-07-18,90511.0,TAKASAGO FRAGRANCIAS,Consumidor Especial,SUDESTE,12.0,3.339296
,2022-07-19,90511.0,TAKASAGO FRAGRANCIAS,Consumidor Especial,SUDESTE,12.0,3.075623
,2022-07-20,90511.0,TAKASAGO FRAGRANCIAS,Consumidor Especial,SUDESTE,12.0,3.124834
,2022-07-21,90511.0,TAKASAGO FRAGRANCIAS,Consumidor Especial,SUDESTE,12.0,3.108996
,2022-07-22,90511.0,TAKASAGO FRAGRANCIAS,Consumidor Especial,SUDESTE,12.0,2.887543
,2022-07-23,90511.0,TAKASAGO FRAGRANCIAS,Consumidor Especial,SUDESTE,12.0,1.551427
,2022-07-24,90511.0,TAKASAGO FRAGRANCIAS,Consumidor Especial,SUDESTE,12.0,1.269619
,2022-07-25,90511.0,TAKASAGO FRAGRANCIAS,Consumidor Especial,SUDESTE,12.0,2.987856
,2022-07-26,90511.0,TAKASAGO FRAGRANCIAS,Consumidor Especial,SUDESTE,12.0,2.152422
,2022-07-27,90511.0,TAKASAGO FRAGRANCIAS,Consumidor Especial,SUDESTE,12.0,2.907312
,2022-07-28,90511.0,TAKASAGO FRAGRANCIAS,Consumidor Especial,SUDESTE,12.0,2.889058
,2022-07-29,90511.0,TAKASAGO FRAGRANCIAS,Consumidor Especial,SUDESTE,12.0,2.690022
,2022-07-30,90511.0,TAKASAGO FRAGRANCIAS,Consumidor Especial,SUDESTE,12.0,1.193187
,2022-07-31,90511.0,TAKASAGO FRAGRANCIAS,Consumidor Especial,SUDESTE,12.0,1.354914
,2022-08-01,90511.0,TAKASAGO FRAGRANCIAS,Consumidor Especial,SUDESTE,12.0,3.01399
,2022-08-02,90511.0,TAKASAGO FRAGRANCIAS,Consumidor Especial,SUDESTE,12.0,3.217597
,2022-08-03,90511.0,TAKASAGO FRAGRANCIAS,Consumidor Especial,SUDESTE,12.0,3.215909
,2022-08-04,90511.0,TAKASAGO FRAGRANCIAS,Consumidor Especial,SUDESTE,12.0,3.144285
,2022-08-05,90511.0,TAKASAGO FRAGRANCIAS,Consumidor Especial,SUDESTE,12.0,3.224395
,2022-08-06,90511.0,TAKASAGO FRAGRANCIAS,Consumidor Especial,SUDESTE,12.0,1.794351
,2022-08-07,90511.0,TAKASAGO FRAGRANCIAS,Consumidor Especial,SUDESTE,12.0,1.466034
,2022-08-08,90511.0,TAKASAGO FRAGRANCIAS,Consumidor Especial,SUDESTE,12.0,3.013784
,2022-08-09,90511.0,TAKASAGO FRAGRANCIAS,Consumidor Especial,SUDESTE,12.0,3.154339
,2022-08-10,90511.0,TAKASAGO FRAGRANCIAS,Consumidor Especial,SUDESTE,12.0,2.913982
,2022-08-11,90511.0,TAKASAGO FRAGRANCIAS,Consumidor Especial,SUDESTE,12.0,2.973161
,2022-08-12,90511.0,TAKASAGO FRAGRANCIAS,Consumidor Especial,SUDESTE,12.0,2.754702
,2022-08-13,90511.0,TAKASAGO FRAGRANCIAS,Consumidor Especial,SUDESTE,12.0,2.147558
,2022-08-14,90511.0,TAKASAGO FRAGRANCIAS,Consumidor Especial,SUDESTE,12.0,1.437162
,2022-08-15,90511.0,TAKASAGO FRAGRANCIAS,Consumidor Especial,SUDESTE,12.0,3.246526
,2022-08-16,90511.0,TAKASAGO FRAGRANCIAS,Consumidor Especial,SUDESTE,12.0,3.427963
,2022-08-17,90511.0,TAKASAGO FRAGRANCIAS,Consumidor Especial,SUDESTE,12.0,3.139614
,2022-08-18,90511.0,TAKASAGO FRAGRANCIAS,Consumidor Especial,SUDESTE,12.0,2.50694
,2022-08-19,90511.0,TAKASAGO FRAGRANCIAS,Consumidor Especial,SUDESTE,12.0,2.15761
,2022-08-20,90511.0,TAKASAGO FRAGRANCIAS,Consumidor Especial,SUDESTE,12.0,1.445249
,2022-08-21,90511.0,TAKASAGO FRAGRANCIAS,Consumidor Especial,SUDESTE,12.0,1.309569
,2022-08-22,90511.0,TAKASAGO FRAGRANCIAS,Consumidor Especial,SUDESTE,12.0,2.962542
,2022-08-23,90511.0,TAKASAGO FRAGRANCIAS,Consumidor Especial,SUDESTE,12.0,3.140934
,2022-08-24,90511.0,TAKASAGO FRAGRANCIAS,Consumidor Especial,SUDESTE,12.0,3.308601
,2022-08-25,90511.0,TAKASAGO FRAGRANCIAS,Consumidor Especial,SUDESTE,12.0,3.256064
,2022-08-26,90511.0,TAKASAGO FRAGRANCIAS,Consumidor Especial,SUDESTE,12.0,3.067123
,2022-08-27,90511.0,TAKASAGO FRAGRANCIAS,Consumidor Especial,SUDESTE,12.0,1.541318
,2022-08-28,90511.0,TAKASAGO FRAGRANCIAS,Consumidor Especial,SUDESTE,12.0,1.378094
,2022-08-29,90511.0,TAKASAGO FRAGRANCIAS,Consumidor Especial,SUDESTE,12.0,2.927717
,2022-08-30,90511.0,TAKASAGO FRAGRANCIAS,Consumidor Especial,SUDESTE,12.0,2.863565
,2022-08-31,90511.0,TAKASAGO FRAGRANCIAS,Consumidor Especial,SUDESTE,12.0,2.795212
,2022-09-01,90511.0,TAKASAGO FRAGRANCIAS,Consumidor Especial,SUDESTE,12.0,3.073214
,2022-09-02,90511.0,TAKASAGO FRAGRANCIAS,Consumidor Especial,SUDESTE,12.0,2.8081
,2022-09-03,90511.0,TAKASAGO FRAGRANCIAS,Consumidor Especial,SUDESTE,12.0,1.518721
,2022-09-04,90511.0,TAKASAGO FRAGRANCIAS,Consumidor Especial,SUDESTE,12.0,1.358141
,2022-09-05,90511.0,TAKASAGO FRAGRANCIAS,Consumidor Especial,SUDESTE,12.0,2.859526
,2022-09-06,90511.0,TAKASAGO FRAGRANCIAS,Consumidor Especial,SUDESTE,12.0,2.986235
,2022-09-07,90511.0,TAKASAGO FRAGRANCIAS,Consumidor Especial,SUDESTE,12.0,1.410941
,2022-09-08,90511.0,TAKASAGO FRAGRANCIAS,Consumidor Especial,SUDESTE,12.0,2.280995
,2022-09-09,90511.0,TAKASAGO FRAGRANCIAS,Consumidor Especial,SUDESTE,12.0,3.379591
,2022-09-10,90511.0,TAKASAGO FRAGRANCIAS,Consumidor Especial,SUDESTE,12.0,1.586136
,2022-09-11,90511.0,TAKASAGO FRAGRANCIAS,Consumidor Especial,SUDESTE,12.0,1.318
,2022-09-12,90511.0,TAKASAGO FRAGRANCIAS,Consumidor Especial,SUDESTE,12.0,2.909868
,2022-09-13,90511.0,TAKASAGO FRAGRANCIAS,Consumidor Especial,SUDESTE,12.0,2.840677
,2022-09-14,90511.0,TAKASAGO FRAGRANCIAS,Consumidor Especial,SUDESTE,12.0,2.895555
,2022-09-15,90511.0,TAKASAGO FRAGRANCIAS,Consumidor Especial,SUDESTE,12.0,2.781363
,2022-09-16,90511.0,TAKASAGO FRAGRANCIAS,Consumidor Especial,SUDESTE,12.0,2.734202
,2022-09-17,90511.0,TAKASAGO FRAGRANCIAS,Consumidor Especial,SUDESTE,12.0,1.364698
,2022-09-18,90511.0,TAKASAGO FRAGRANCIAS,Consumidor Especial,SUDESTE,12.0,1.226673
,2022-09-19,90511.0,TAKASAGO FRAGRANCIAS,Consumidor Especial,SUDESTE,12.0,3.280231
,2022-09-20,90511.0,TAKASAGO FRAGRANCIAS,Consumidor Especial,SUDESTE,12.0,3.309432
,2022-09-21,90511.0,TAKASAGO FRAGRANCIAS,Consumidor Especial,SUDESTE,12.0,3.144639
,2022-09-22,90511.0,TAKASAGO FRAGRANCIAS,Consumidor Especial,SUDESTE,12.0,3.151024
,2022-09-23,90511.0,TAKASAGO FRAGRANCIAS,Consumidor Especial,SUDESTE,12.0,2.935738
,2022-09-24,90511.0,TAKASAGO FRAGRANCIAS,Consumidor Especial,SUDESTE,12.0,1.383009
,2022-09-25,90511.0,TAKASAGO FRAGRANCIAS,Consumidor Especial,SUDESTE,12.0,1.274145
,2022-09-26,90511.0,TAKASAGO FRAGRANCIAS,Consumidor Especial,SUDESTE,12.0,2.839859
,2022-09-27,90511.0,TAKASAGO FRAGRANCIAS,Consumidor Especial,SUDESTE,12.0,2.750089
,2022-09-28,90511.0,TAKASAGO FRAGRANCIAS,Consumidor Especial,SUDESTE,12.0,2.724829
,2022-09-29,90511.0,TAKASAGO FRAGRANCIAS,Consumidor Especial,SUDESTE,12.0,2.815175
,2022-09-30,90511.0,TAKASAGO FRAGRANCIAS,Consumidor Especial,SUDESTE,12.0,2.634097
,2022-10-01,90511.0,TAKASAGO FRAGRANCIAS,Consumidor Especial,SUDESTE,12.0,1.292272
,2022-10-02,90511.0,TAKASAGO FRAGRANCIAS,Consumidor Especial,SUDESTE,12.0,1.205488
,2022-10-03,90511.0,TAKASAGO FRAGRANCIAS,Consumidor Especial,SUDESTE,12.0,2.807474
,2022-10-04,90511.0,TAKASAGO FRAGRANCIAS,Consumidor Especial,SUDESTE,12.0,3.096994
,2022-10-05,90511.0,TAKASAGO FRAGRANCIAS,Consumidor Especial,SUDESTE,12.0,3.311256
,2022-10-06,90511.0,TAKASAGO FRAGRANCIAS,Consumidor Especial,SUDESTE,12.0,3.589134
,2022-10-07,90511.0,TAKASAGO FRAGRANCIAS,Consumidor Especial,SUDESTE,12.0,2.977263
,2022-10-08,90511.0,TAKASAGO FRAGRANCIAS,Consumidor Especial,SUDESTE,12.0,1.298786
,2022-10-09,90511.0,TAKASAGO FRAGRANCIAS,Consumidor Especial,SUDESTE,12.0,1.227437
,2022-10-10,90511.0,TAKASAGO FRAGRANCIAS,Consumidor Especial,SUDESTE,12.0,2.911378
,2022-10-11,90511.0,TAKASAGO FRAGRANCIAS,Consumidor Especial,SUDESTE,12.0,3.075086
,2022-10-12,90511.0,TAKASAGO FRAGRANCIAS,Consumidor Especial,SUDESTE,12.0,1.750706
,2022-10-13,90511.0,TAKASAGO FRAGRANCIAS,Consumidor Especial,SUDESTE,12.0,3.766279
,2022-10-14,90511.0,TAKASAGO FRAGRANCIAS,Consumidor Especial,SUDESTE,12.0,3.684116
,2022-10-15,90511.0,TAKASAGO FRAGRANCIAS,Consumidor Especial,SUDESTE,12.0,1.414328
,2022-10-16,90511.0,TAKASAGO FRAGRANCIAS,Consumidor Especial,SUDESTE,12.0,1.354742
,2022-10-17,90511.0,TAKASAGO FRAGRANCIAS,Consumidor Especial,SUDESTE,12.0,3.751172
,2022-10-18,90511.0,TAKASAGO FRAGRANCIAS,Consumidor Especial,SUDESTE,12.0,3.369034
,2022-10-19,90511.0,TAKASAGO FRAGRANCIAS,Consumidor Especial,SUDESTE,12.0,3.326149
,2022-10-20,90511.0,TAKASAGO FRAGRANCIAS,Consumidor Especial,SUDESTE,12.0,3.462597
,2022-10-21,90511.0,TAKASAGO FRAGRANCIAS,Consumidor Especial,SUDESTE,12.0,3.093922
,2022-10-22,90511.0,TAKASAGO FRAGRANCIAS,Consumidor Especial,SUDESTE,12.0,1.607493
,2022-10-23,90511.0,TAKASAGO FRAGRANCIAS,Consumidor Especial,SUDESTE,12.0,1.358146
,2022-10-24,90511.0,TAKASAGO FRAGRANCIAS,Consumidor Especial,SUDESTE,12.0,3.874088
,2022-10-25,90511.0,TAKASAGO FRAGRANCIAS,Consumidor Especial,SUDESTE,12.0,3.777562
,2022-10-26,90511.0,TAKASAGO FRAGRANCIAS,Consumidor Especial,SUDESTE,12.0,3.970896
,2022-10-27,90511.0,TAKASAGO FRAGRANCIAS,Consumidor Especial,SUDESTE,12.0,4.347479
,2022-10-28,90511.0,TAKASAGO FRAGRANCIAS,Consumidor Especial,SUDESTE,12.0,3.647694
,2022-10-29,90511.0,TAKASAGO FRAGRANCIAS,Consumidor Especial,SUDESTE,12.0,1.568114
,2022-10-30,90511.0,TAKASAGO FRAGRANCIAS,Consumidor Especial,SUDESTE,12.0,1.158474
,2022-10-31,90511.0,TAKASAGO FRAGRANCIAS,Consumidor Especial,SUDESTE,12.0,3.527021
,2022-11-01,90511.0,TAKASAGO FRAGRANCIAS,Consumidor Especial,SUDESTE,12.0,2.52701
,2022-11-02,90511.0,TAKASAGO FRAGRANCIAS,Consumidor Especial,SUDESTE,12.0,1.446917
,2022-11-03,90511.0,TAKASAGO FRAGRANCIAS,Consumidor Especial,SUDESTE,12.0,1.99071
,2022-11-04,90511.0,TAKASAGO FRAGRANCIAS,Consumidor Especial,SUDESTE,12.0,2.443464
,2022-11-05,90511.0,TAKASAGO FRAGRANCIAS,Consumidor Especial,SUDESTE,12.0,1.453327
,2022-11-06,90511.0,TAKASAGO FRAGRANCIAS,Consumidor Especial,SUDESTE,12.0,1.366985
,2022-11-07,90511.0,TAKASAGO FRAGRANCIAS,Consumidor Especial,SUDESTE,12.0,3.026331
,2022-11-08,90511.0,TAKASAGO FRAGRANCIAS,Consumidor Especial,SUDESTE,12.0,3.412933
,2022-11-09,90511.0,TAKASAGO FRAGRANCIAS,Consumidor Especial,SUDESTE,12.0,3.631317
,2022-11-10,90511.0,TAKASAGO FRAGRANCIAS,Consumidor Especial,SUDESTE,12.0,3.835135
,2022-11-11,90511.0,TAKASAGO FRAGRANCIAS,Consumidor Especial,SUDESTE,12.0,3.792732
,2022-11-12,90511.0,TAKASAGO FRAGRANCIAS,Consumidor Especial,SUDESTE,12.0,2.170647
,2022-11-13,90511.0,TAKASAGO FRAGRANCIAS,Consumidor Especial,SUDESTE,12.0,1.565055
,2022-11-14,90511.0,TAKASAGO FRAGRANCIAS,Consumidor Especial,SUDESTE,12.0,2.324337
,2022-11-15,90511.0,TAKASAGO FRAGRANCIAS,Consumidor Especial,SUDESTE,12.0,2.623881
,2022-11-16,90511.0,TAKASAGO FRAGRANCIAS,Consumidor Especial,SUDESTE,12.0,3.841066
,2022-11-17,90511.0,TAKASAGO FRAGRANCIAS,Consumidor Especial,SUDESTE,12.0,3.80362
,2022-11-18,90511.0,TAKASAGO FRAGRANCIAS,Consumidor Especial,SUDESTE,12.0,3.484996
,2022-11-19,90511.0,TAKASAGO FRAGRANCIAS,Consumidor Especial,SUDESTE,12.0,2.190505
,2022-11-20,90511.0,TAKASAGO FRAGRANCIAS,Consumidor Especial,SUDESTE,12.0,1.419049
,2022-11-21,90511.0,TAKASAGO FRAGRANCIAS,Consumidor Especial,SUDESTE,12.0,4.063657
,2022-11-22,90511.0,TAKASAGO FRAGRANCIAS,Consumidor Especial,SUDESTE,12.0,4.059027
,2022-11-23,90511.0,TAKASAGO FRAGRANCIAS,Consumidor Especial,SUDESTE,12.0,3.891123
,2022-11-24,90511.0,TAKASAGO FRAGRANCIAS,Consumidor Especial,SUDESTE,12.0,3.392847
,2022-11-25,90511.0,TAKASAGO FRAGRANCIAS,Consumidor Especial,SUDESTE,12.0,3.322277
,2022-11-26,90511.0,TAKASAGO FRAGRANCIAS,Consumidor Especial,SUDESTE,12.0,1.988935
,2022-11-27,90511.0,TAKASAGO FRAGRANCIAS,Consumidor Especial,SUDESTE,12.0,1.244492
,2022-11-28,90511.0,TAKASAGO FRAGRANCIAS,Consumidor Especial,SUDESTE,12.0,3.113767
,2022-11-29,90511.0,TAKASAGO FRAGRANCIAS,Consumidor Especial,SUDESTE,12.0,3.394673
,2022-11-30,90511.0,TAKASAGO FRAGRANCIAS,Consumidor Especial,SUDESTE,12.0,3.3506
,2022-12-01,90511.0,TAKASAGO FRAGRANCIAS,Consumidor Especial,SUDESTE,12.0,3.551218
,2022-12-02,90511.0,TAKASAGO FRAGRANCIAS,Consumidor Especial,SUDESTE,12.0,3.803596
,2022-12-03,90511.0,TAKASAGO FRAGRANCIAS,Consumidor Especial,SUDESTE,12.0,2.192833
,2022-12-04,90511.0,TAKASAGO FRAGRANCIAS,Consumidor Especial,SUDESTE,12.0,1.325448
,2022-12-05,90511.0,TAKASAGO FRAGRANCIAS,Consumidor Especial,SUDESTE,12.0,3.342263
,2022-12-06,90511.0,TAKASAGO FRAGRANCIAS,Consumidor Especial,SUDESTE,12.0,3.544848
,2022-12-07,90511.0,TAKASAGO FRAGRANCIAS,Consumidor Especial,SUDESTE,12.0,3.748261
,2022-12-08,90511.0,TAKASAGO FRAGRANCIAS,Consumidor Especial,SUDESTE,12.0,3.556616
,2022-12-09,90511.0,TAKASAGO FRAGRANCIAS,Consumidor Especial,SUDESTE,12.0,3.524405
,2022-12-10,90511.0,TAKASAGO FRAGRANCIAS,Consumidor Especial,SUDESTE,12.0,1.927761
,2022-12-11,90511.0,TAKASAGO FRAGRANCIAS,Consumidor Especial,SUDESTE,12.0,1.717463
,2022-12-12,90511.0,TAKASAGO FRAGRANCIAS,Consumidor Especial,SUDESTE,12.0,4.075463
,2022-12-13,90511.0,TAKASAGO FRAGRANCIAS,Consumidor Especial,SUDESTE,12.0,3.525907
,2022-12-14,90511.0,TAKASAGO FRAGRANCIAS,Consumidor Especial,SUDESTE,12.0,2.461905
,2022-12-15,90511.0,TAKASAGO FRAGRANCIAS,Consumidor Especial,SUDESTE,12.0,3.675156
,2022-12-16,90511.0,TAKASAGO FRAGRANCIAS,Consumidor Especial,SUDESTE,12.0,3.804716
,2022-12-17,90511.0,TAKASAGO FRAGRANCIAS,Consumidor Especial,SUDESTE,12.0,2.32157
,2022-12-18,90511.0,TAKASAGO FRAGRANCIAS,Consumidor Especial,SUDESTE,12.0,1.595515
,2022-12-19,90511.0,TAKASAGO FRAGRANCIAS,Consumidor Especial,SUDESTE,12.0,3.707059
,2022-12-20,90511.0,TAKASAGO FRAGRANCIAS,Consumidor Especial,SUDESTE,12.0,3.771264
,2022-12-21,90511.0,TAKASAGO FRAGRANCIAS,Consumidor Especial,SUDESTE,12.0,3.57782
,2022-12-22,90511.0,TAKASAGO FRAGRANCIAS,Consumidor Especial,SUDESTE,12.0,2.995699
,2022-12-23,90511.0,TAKASAGO FRAGRANCIAS,Consumidor Especial,SUDESTE,12.0,2.639725
,2022-12-24,90511.0,TAKASAGO FRAGRANCIAS,Consumidor Especial,SUDESTE,12.0,1.409734
,2022-12-25,90511.0,TAKASAGO FRAGRANCIAS,Consumidor Especial,SUDESTE,12.0,1.191978
,2022-12-26,90511.0,TAKASAGO FRAGRANCIAS,Consumidor Especial,SUDESTE,12.0,1.451749
,2022-12-27,90511.0,TAKASAGO FRAGRANCIAS,Consumidor Especial,SUDESTE,12.0,1.413089
,2022-12-28,90511.0,TAKASAGO FRAGRANCIAS,Consumidor Especial,SUDESTE,12.0,1.621191
,2022-12-29,90511.0,TAKASAGO FRAGRANCIAS,Consumidor Especial,SUDESTE,12.0,1.616529
,2022-12-30,90511.0,TAKASAGO FRAGRANCIAS,Consumidor Especial,SUDESTE,12.0,1.32905
,2022-12-31,90511.0,TAKASAGO FRAGRANCIAS,Consumidor Especial,SUDESTE,12.0,1.176621
